/*--------------------------------*- C++ -*----------------------------------*\
  =========                 |
  \\      /  F ield         | OpenFOAM: The Open Source CFD Toolbox
   \\    /   O peration     | Website:  https://openfoam.org
    \\  /    A nd           | Version:  7
     \\/     M anipulation  |
\*---------------------------------------------------------------------------*/
FoamFile
{
    version     2.0;
    format      ascii;
    class       volScalarField;
    location    "0.35";
    object      p;
}
// * * * * * * * * * * * * * * * * * * * * * * * * * * * * * * * * * * * * * //

dimensions      [0 2 -2 0 0 0 0];

internalField   nonuniform List<scalar> 
6400
(
-4.65028e-09
-9.81775e-06
-3.57116e-05
-7.24796e-05
-0.000114444
-0.000156944
-0.000196978
-0.0002322
-0.000260957
-0.000282123
-0.000294951
-0.00029898
-0.000293949
-0.000279743
-0.000256347
-0.000223806
-0.000182206
-0.000131662
-7.23033e-05
-4.25407e-06
7.23703e-05
0.00015746
0.000250903
0.000352592
0.000462424
0.000580295
0.000706098
0.000839709
0.000980978
0.00112973
0.00128576
0.00144883
0.00161866
0.0017949
0.00197715
0.00216498
0.00235784
0.00255514
0.00275622
0.00296033
0.00316668
0.00337437
0.00358245
0.00378992
0.00399571
0.00419871
0.00439777
0.00459173
0.00477942
0.00495966
0.00513133
0.00529333
0.00544464
0.00558431
0.00571151
0.0058255
0.0059257
0.00601168
0.00608316
0.00614003
0.00618236
0.00621042
0.00622464
0.00622564
0.00621422
0.00619134
0.00615813
0.00611588
0.006066
0.00601009
0.00594984
0.00588712
0.00582394
0.00576248
0.00570513
0.00565449
0.00561327
0.00558434
0.00557053
0.00557175
9.3343e-06
-4.90932e-07
-2.16583e-05
-5.06111e-05
-8.33815e-05
-0.000116709
-0.000148057
-0.000175426
-0.000197312
-0.000212612
-0.000220545
-0.000220578
-0.000212367
-0.000195711
-0.000170516
-0.000136754
-9.44404e-05
-4.36311e-05
1.55924e-05
8.3143e-05
0.000158936
0.000242883
0.00033489
0.000434857
0.000542683
0.000658264
0.000781488
0.000912221
0.0010503
0.00119555
0.00134775
0.00150665
0.00167195
0.00184331
0.00202033
0.00220255
0.00238945
0.00258045
0.0027749
0.00297207
0.00317118
0.00337139
0.00357179
0.00377141
0.00396924
0.00416424
0.00435532
0.00454139
0.00472136
0.00489414
0.00505868
0.00521396
0.00535906
0.00549309
0.00561531
0.00572506
0.00582181
0.00590519
0.00597498
0.00603109
0.00607365
0.00610291
0.00611933
0.00612352
0.00611624
0.00609843
0.00607118
0.0060357
0.00599335
0.00594562
0.00589409
0.00584049
0.00578664
0.00573446
0.00568601
0.00564338
0.0056087
0.00558394
0.00557161
0.00557289
3.46686e-05
2.00548e-05
-1.17292e-06
-2.70898e-05
-5.53452e-05
-8.35094e-05
-0.000109536
-0.000131779
-0.000148943
-0.000160038
-0.000164327
-0.000161284
-0.000150548
-0.000131885
-0.000105165
-7.03213e-05
-2.73301e-05
2.37889e-05
8.29872e-05
0.000150204
0.000225376
0.000308433
0.000399295
0.000497872
0.00060407
0.000717787
0.000838909
0.000967302
0.00110281
0.00124523
0.00139436
0.00154993
0.00171166
0.00187919
0.00205213
0.00223003
0.00241236
0.00259856
0.00278798
0.00297993
0.00317365
0.0033683
0.00356301
0.00375686
0.00394887
0.00413803
0.00432331
0.00450367
0.00467806
0.00484545
0.00500483
0.00515527
0.00529586
0.0054258
0.00554438
0.00565098
0.00574515
0.00582652
0.00589492
0.0059503
0.00599279
0.00602266
0.00604037
0.00604653
0.0060419
0.00602738
0.00600403
0.00597303
0.00593567
0.00589335
0.00584758
0.00579995
0.00575212
0.00570582
0.00566283
0.00562493
0.00559383
0.00557113
0.00555906
0.00555926
7.12138e-05
4.85041e-05
2.39386e-05
-2.15059e-06
-2.89844e-05
-5.47206e-05
-7.77458e-05
-9.67656e-05
-0.000110725
-0.000118791
-0.000120328
-0.00011487
-0.000102079
-8.17297e-05
-5.36848e-05
-1.7865e-05
2.57695e-05
7.72192e-05
0.000136455
0.000203434
0.00027811
0.00036043
0.000450323
0.000547711
0.000652507
0.000764616
0.000883929
0.00101031
0.00114361
0.00128364
0.00143019
0.00158299
0.00174176
0.00190615
0.00207577
0.00225018
0.00242887
0.00261127
0.00279677
0.00298466
0.00317421
0.00336462
0.00355502
0.00374452
0.00393217
0.00411699
0.00429797
0.00447411
0.00464439
0.00480781
0.00496341
0.00511027
0.00524753
0.00537442
0.00549026
0.00559446
0.0056866
0.00576634
0.00583352
0.00588812
0.00593028
0.00596029
0.00597861
0.00598585
0.00598276
0.00597023
0.0059493
0.00592111
0.00588691
0.00584804
0.00580591
0.00576202
0.0057179
0.0056751
0.00563518
0.0055997
0.00557008
0.0055477
0.00553427
0.00553108
0.000113504
8.09413e-05
5.13573e-05
2.34234e-05
-3.61729e-06
-2.84114e-05
-4.97205e-05
-6.65908e-05
-7.8218e-05
-8.3943e-05
-8.32553e-05
-7.57724e-05
-6.12103e-05
-3.93706e-05
-1.01288e-05
2.65925e-05
7.08368e-05
0.000122613
0.000181901
0.000248675
0.000322902
0.00040454
0.000493533
0.000589811
0.000693296
0.000803902
0.000921527
0.00104605
0.00117732
0.00131515
0.00145934
0.00160963
0.00176575
0.00192735
0.00209406
0.00226543
0.00244098
0.00262013
0.00280229
0.00298678
0.00317287
0.00335977
0.00354665
0.00373262
0.00391675
0.00409808
0.00427563
0.00444841
0.00461543
0.00477571
0.00492831
0.00507233
0.00520693
0.00533136
0.00544495
0.00554716
0.00563756
0.00571584
0.00578186
0.00583561
0.00587723
0.00590705
0.00592551
0.00593323
0.00593097
0.00591961
0.00590016
0.00587375
0.00584158
0.00580494
0.00576519
0.00572371
0.00568191
0.0056412
0.00560297
0.00556854
0.00553913
0.00551589
0.00549982
0.00549145
0.000156812
0.000114026
7.85502e-05
4.76704e-05
1.92569e-05
-5.72674e-06
-2.63549e-05
-4.1981e-05
-5.20436e-05
-5.60637e-05
-5.36635e-05
-4.45574e-05
-2.85292e-05
-5.42532e-06
2.48515e-05
6.23642e-05
0.00010715
0.000159217
0.000218552
0.000285134
0.000358944
0.000439951
0.000528108
0.000623356
0.000725626
0.000834844
0.00095092
0.00107374
0.00120316
0.00133902
0.00148111
0.00162919
0.00178299
0.00194218
0.00210639
0.0022752
0.00244811
0.00262459
0.00280404
0.00298579
0.00316913
0.00335328
0.00353742
0.00372067
0.00390213
0.00408083
0.00425582
0.0044261
0.00459071
0.00474866
0.00489904
0.00504093
0.00517353
0.00529608
0.00540794
0.00550856
0.00559751
0.00567452
0.00573943
0.00579227
0.00583318
0.00586248
0.00588065
0.00588831
0.0058862
0.00587523
0.00585638
0.00583077
0.00579958
0.00576406
0.00572549
0.0056852
0.0056445
0.00560466
0.00556691
0.00553238
0.00550215
0.00547713
0.00545757
0.00544312
0.000197969
0.00014502
0.000103247
6.87244e-05
3.81168e-05
1.20919e-05
-8.67785e-06
-2.38137e-05
-3.29778e-05
-3.58662e-05
-3.22348e-05
-2.18987e-05
-4.71674e-06
1.94094e-05
5.05382e-05
8.87077e-05
0.000133942
0.000186243
0.000245596
0.000311987
0.000385402
0.000465819
0.000553201
0.0006475
0.000748658
0.000856613
0.000971287
0.00109258
0.00122037
0.00135449
0.00149475
0.00164093
0.00179276
0.00194994
0.0021121
0.00227883
0.00244966
0.00262405
0.00280142
0.00298111
0.00316243
0.00334459
0.00352679
0.00370816
0.00388779
0.00406473
0.00423802
0.00440667
0.0045697
0.00472615
0.00487507
0.00501558
0.00514684
0.0052681
0.00537872
0.00547814
0.00556596
0.00564188
0.00570578
0.00575765
0.00579768
0.00582619
0.00584366
0.00585073
0.00584815
0.00583682
0.00581774
0.00579202
0.00576082
0.00572537
0.0056869
0.00564669
0.00560596
0.00556589
0.00552758
0.00549202
0.00546013
0.00543268
0.00540915
0.00538846
0.000234306
0.000171598
0.000123456
8.492e-05
5.16068e-05
2.39593e-05
2.44769e-06
-1.27793e-05
-2.15817e-05
-2.38168e-05
-1.93697e-05
-8.15633e-06
9.88663e-06
3.47979e-05
6.65911e-05
0.000105273
0.000150849
0.000203312
0.000262642
0.000328826
0.000401853
0.000481711
0.00056837
0.000661792
0.000761934
0.000868747
0.000982167
0.00110211
0.00122846
0.00136108
0.00149979
0.00164438
0.0017946
0.00195016
0.0021107
0.00227584
0.00244511
0.00261799
0.0027939
0.0029722
0.00315219
0.00333311
0.00351414
0.00369443
0.00387305
0.00404905
0.00422148
0.00438932
0.0045516
0.00470732
0.00485554
0.00499535
0.00512591
0.00524645
0.00535631
0.00545495
0.00554192
0.00561695
0.0056799
0.00573079
0.00576979
0.00579725
0.00581365
0.00581965
0.00581601
0.00580366
0.0057836
0.00575693
0.00572483
0.0056885
0.00564917
0.00560806
0.00556634
0.00552513
0.00548541
0.00544806
0.00541391
0.00538361
0.00535601
0.00532933
0.000263711
0.000191802
0.000137428
9.4734e-05
5.84286e-05
2.87851e-05
6.11054e-06
-9.64198e-06
-1.85039e-05
-2.0476e-05
-1.5564e-05
-3.78189e-06
1.4856e-05
4.03276e-05
7.26004e-05
0.000111648
0.000157454
0.000209996
0.000269249
0.000335198
0.000407835
0.000487153
0.000573131
0.000665744
0.00076496
0.000870747
0.000983056
0.00110182
0.00122694
0.0013583
0.00149572
0.00163903
0.00178798
0.00194231
0.00210167
0.00226569
0.00243391
0.00260584
0.0027809
0.00295845
0.0031378
0.0033182
0.00349882
0.00367879
0.0038572
0.00403309
0.00420546
0.0043733
0.00453561
0.00469137
0.00483961
0.0049794
0.00510987
0.00523024
0.00533983
0.00543806
0.00552449
0.00559882
0.00566092
0.0057108
0.00574866
0.00577482
0.00578982
0.0057943
0.00578908
0.00577508
0.00575333
0.00572496
0.00569115
0.0056531
0.00561205
0.00556918
0.00552565
0.0054825
0.00544068
0.00540098
0.00536414
0.00533076
0.00529916
0.00526698
0.000284492
0.000203989
0.000143635
9.67853e-05
5.73542e-05
2.5489e-05
1.36666e-06
-1.52266e-05
-2.44709e-05
-2.64937e-05
-2.141e-05
-9.32606e-06
9.66876e-06
3.5493e-05
6.80691e-05
0.000107337
0.000153257
0.000205791
0.000264907
0.000330584
0.000402819
0.000481607
0.000566941
0.000658804
0.000757181
0.000862052
0.00097339
0.00109114
0.00121523
0.00134555
0.00148197
0.00162429
0.00177232
0.0019258
0.0020844
0.00224777
0.00241547
0.002587
0.00276179
0.00293924
0.00311862
0.0032992
0.00348014
0.00366057
0.00383955
0.0040161
0.00418921
0.00435784
0.00452096
0.00467751
0.00482648
0.00496693
0.00509793
0.00521868
0.00532846
0.00542668
0.00551286
0.0055867
0.00564805
0.00569692
0.00573351
0.00575818
0.00577145
0.00577402
0.0057667
0.00575047
0.00572639
0.00569562
0.00565935
0.00561881
0.00557526
0.00552987
0.00548379
0.00543805
0.00539355
0.00535104
0.00531123
0.00527468
0.00523931
0.00520235
0.000295255
0.000206762
0.000140736
8.98269e-05
4.72426e-05
1.30363e-05
-1.27162e-05
-3.03707e-05
-4.02384e-05
-4.25589e-05
-3.75452e-05
-2.53877e-05
-6.24596e-06
1.97429e-05
5.24576e-05
9.18063e-05
0.000137725
0.000190162
0.000249074
0.000314437
0.000386248
0.000464513
0.00054923
0.000640396
0.000738012
0.000842075
0.000952575
0.00106948
0.00119273
0.00132225
0.00145791
0.00159955
0.001747
0.0019
0.00205826
0.00222144
0.00238911
0.00256078
0.00273591
0.00291386
0.00309395
0.0032754
0.00345739
0.00363903
0.00381934
0.00399735
0.00417198
0.00434219
0.00450688
0.00466496
0.00481539
0.00495716
0.00508932
0.005211
0.00532145
0.00542005
0.0055063
0.00557986
0.00564057
0.00568844
0.00572368
0.00574665
0.00575791
0.00575816
0.00574829
0.00572928
0.00570226
0.00566842
0.00562899
0.00558526
0.00553848
0.00548988
0.0054406
0.00539169
0.00534403
0.00529835
0.00525537
0.00521564
0.0051768
0.00513577
0.000294826
0.00019892
0.000127549
7.27309e-05
2.70369e-05
-9.55184e-06
-3.70395e-05
-5.5904e-05
-6.65709e-05
-6.93805e-05
-6.46335e-05
-5.25958e-05
-3.34902e-05
-7.50566e-06
2.51964e-05
6.44935e-05
0.0001103
0.000162547
0.000221184
0.000286185
0.000357548
0.000435285
0.000519406
0.000609922
0.000706847
0.000810199
0.000919987
0.0010362
0.0011588
0.00128773
0.00142289
0.00156414
0.00171133
0.00186422
0.00202256
0.00218599
0.00235412
0.00252647
0.00270249
0.00288157
0.00306301
0.00324603
0.00342978
0.00361337
0.00379579
0.00397602
0.00415297
0.00432554
0.00449257
0.00465295
0.00480556
0.00494933
0.00508326
0.00520644
0.00531807
0.00541746
0.00550409
0.0055776
0.0056378
0.00568471
0.00571851
0.00573961
0.00574857
0.00574615
0.00573327
0.00571097
0.00568043
0.00564288
0.00559965
0.00555204
0.00550138
0.00544892
0.00539585
0.00534323
0.00529198
0.00524283
0.00519653
0.00515366
0.00511167
0.00506728
0.000282199
0.000179411
0.000103022
4.44733e-05
-4.24087e-06
-4.31984e-05
-7.24707e-05
-9.26403e-05
-0.000104233
-0.000107679
-0.000103357
-9.16008e-05
-7.26904e-05
-4.68607e-05
-1.43102e-05
2.48105e-05
7.03946e-05
0.000122361
0.000180651
0.000245236
0.000316118
0.000393318
0.000476855
0.000566757
0.000663053
0.000765781
0.000874971
0.000990635
0.00111276
0.00124131
0.0013762
0.00151735
0.00166459
0.00181773
0.00197652
0.00214064
0.00230971
0.00248326
0.00266074
0.00284154
0.00302497
0.00321023
0.00339646
0.00358273
0.00376802
0.00395126
0.00413132
0.00430703
0.0044772
0.00464063
0.00479615
0.00494262
0.00507898
0.00520425
0.00531756
0.00541819
0.00550555
0.00557926
0.0056391
0.00568508
0.0057174
0.00573646
0.00574287
0.00573743
0.00572111
0.00569502
0.00566039
0.00561854
0.00557086
0.00551874
0.00546355
0.00540662
0.00534919
0.00529238
0.00523714
0.00518425
0.0051345
0.00508853
0.0050437
0.0049966
0.000256488
0.000147309
6.62168e-05
4.12695e-06
-4.74926e-05
-8.87706e-05
-0.000119837
-0.000141368
-0.000153976
-0.00015817
-0.000154401
-0.000143063
-0.000124486
-9.89461e-05
-6.66752e-05
-2.78495e-05
1.74065e-05
6.89999e-05
0.000126866
0.000190976
0.000261338
0.000337981
0.000420937
0.000510249
0.000605965
0.000708143
0.000816836
0.000932079
0.00105389
0.00118224
0.0013171
0.00145839
0.00160598
0.0017597
0.00191933
0.00208456
0.00225502
0.00243026
0.00260974
0.00279286
0.00297889
0.00316706
0.00335647
0.00354616
0.00373508
0.00392211
0.00410607
0.00428573
0.00445983
0.0046271
0.0047863
0.0049362
0.00507566
0.00520364
0.00531918
0.00542151
0.00550998
0.00558417
0.00564383
0.00568895
0.00571975
0.00573664
0.00574027
0.00573148
0.0057113
0.00568092
0.00564166
0.00559492
0.00554218
0.0054849
0.00542456
0.00536257
0.00530023
0.00523873
0.00517911
0.0051222
0.00506887
0.00501982
0.00497241
0.00492319
0.000216905
0.000101783
1.62896e-05
-4.91491e-05
-0.000103547
-0.000147078
-0.000179924
-0.000202843
-0.000216529
-0.00022156
-0.000218449
-0.000207644
-0.000189521
-0.000164394
-0.000132522
-9.41055e-05
-4.92833e-05
1.84216e-06
5.92029e-05
0.000122773
0.000192566
0.000268621
0.000350985
0.000439715
0.000534883
0.000636567
0.000744842
0.000859772
0.000981397
0.00110973
0.00124475
0.00138641
0.00153462
0.00168924
0.00185004
0.00201676
0.00218905
0.00236646
0.00254847
0.00273446
0.00292372
0.00311544
0.00330872
0.00350256
0.00369587
0.00388748
0.00407615
0.00426058
0.00443943
0.00461136
0.00477502
0.00492911
0.0050724
0.00520374
0.00532211
0.00542664
0.00551665
0.00559164
0.00565134
0.00569572
0.00572499
0.0057396
0.00574022
0.00572777
0.00570334
0.00566821
0.00562378
0.00557156
0.00551313
0.00545007
0.00538395
0.00531628
0.00524846
0.0051818
0.00511738
0.00505616
0.00499908
0.00494693
0.00489714
0.00484625
0.000162743
4.20861e-05
-4.75279e-05
-0.000116127
-0.000173175
-0.000218882
-0.000253477
-0.000277796
-0.000292601
-0.000298537
-0.000296171
-0.000286001
-0.000268442
-0.000243841
-0.000212484
-0.000174589
-0.000130307
-7.9748e-05
-2.29802e-05
3.99739e-05
0.000109137
0.000184557
0.0002663
0.000354441
0.000449071
0.000550292
0.000658206
0.000772904
0.000894454
0.0010229
0.00115825
0.00130049
0.00144956
0.00160533
0.00176763
0.0019362
0.00211071
0.00229074
0.00247576
0.00266516
0.00285823
0.00305414
0.00325197
0.00345068
0.00364914
0.00384612
0.00404032
0.00423035
0.00441481
0.00459223
0.00476119
0.00492028
0.00506816
0.00520358
0.00532543
0.00543274
0.00552475
0.00560092
0.00566093
0.00570472
0.00573251
0.00574477
0.00574221
0.00572581
0.00569674
0.00565639
0.00560625
0.00554797
0.00548323
0.00541374
0.0053412
0.00526723
0.00519336
0.00512099
0.00505134
0.00498545
0.0049244
0.00486908
0.00481701
0.00476482
9.33598e-05
-3.2466e-05
-0.000125942
-0.000197524
-0.000257093
-0.000304897
-0.000341204
-0.000366921
-0.000382877
-0.000389774
-0.000388229
-0.000378785
-0.000361892
-0.000337928
-0.000307199
-0.000269938
-0.000226308
-0.000176421
-0.000120344
-5.80939e-05
1.03614e-05
8.50849e-05
0.000166158
0.000253675
0.000347752
0.000448514
0.000556092
0.000670605
0.000792152
0.000920809
0.00105662
0.0011996
0.00134971
0.00150688
0.00167094
0.00184167
0.00201876
0.0022018
0.00239029
0.0025836
0.00278104
0.00298175
0.00318478
0.00338906
0.00359342
0.00379657
0.00399712
0.00419362
0.00438455
0.00456836
0.0047435
0.00490845
0.00506175
0.00520203
0.00532807
0.0054388
0.00553338
0.00561117
0.00567183
0.00571526
0.00574167
0.00575155
0.00574567
0.00572506
0.00569101
0.00564498
0.00558862
0.00552368
0.005452
0.00537542
0.00529578
0.00521485
0.00513429
0.00505565
0.00498027
0.00490932
0.004844
0.00478533
0.00473099
0.00467769
8.16812e-06
-0.000122496
-0.000219599
-0.000293998
-0.000355968
-0.000405789
-0.00044377
-0.00047088
-0.000488011
-0.000495918
-0.000495265
-0.000486634
-0.000470508
-0.000447289
-0.000417303
-0.000380796
-0.000337936
-0.000288836
-0.000233562
-0.000172121
-0.000104471
-3.05316e-05
4.97948e-05
0.000136626
0.000230101
0.000330372
0.000437599
0.000551933
0.000673506
0.000802426
0.000938775
0.0010826
0.0012339
0.00139263
0.00155867
0.00173181
0.00191178
0.00209819
0.00229053
0.00248822
0.00269052
0.00289659
0.00310545
0.003316
0.003527
0.0037371
0.00394485
0.00414869
0.004347
0.00453813
0.00472038
0.00489211
0.00505173
0.00519774
0.00532878
0.00544367
0.00554145
0.00562142
0.00568315
0.00572652
0.00575173
0.00575929
0.00575
0.00572499
0.00568563
0.0056335
0.00557039
0.0054982
0.00541892
0.00533457
0.00524713
0.00515853
0.00507061
0.00498506
0.00490337
0.00482687
0.0047569
0.00469462
0.00463788
0.00458354
-9.33719e-05
-0.000228575
-0.000329093
-0.000406158
-0.000470416
-0.000522179
-0.000561795
-0.000590293
-0.000608623
-0.000617588
-0.000617898
-0.000610167
-0.000594911
-0.000572551
-0.00054343
-0.000507803
-0.000465843
-0.000417663
-0.000363321
-0.000302817
-0.000236093
-0.000163056
-8.35848e-05
2.46072e-06
9.52442e-05
0.000194948
0.000301763
0.000415871
0.00053744
0.000666617
0.000803518
0.000948229
0.00110079
0.00126119
0.00142935
0.00160509
0.00178816
0.00197821
0.00217475
0.00237719
0.00258482
0.00279676
0.00301203
0.00322948
0.00344783
0.00366566
0.00388144
0.00409351
0.00430015
0.00449956
0.00468992
0.00486944
0.00503637
0.00518906
0.00532602
0.00544592
0.00554768
0.00563049
0.00569384
0.00573758
0.00576188
0.00576725
0.00575457
0.00572501
0.00568006
0.00562145
0.00555109
0.00547105
0.0053835
0.00529065
0.00519465
0.00509764
0.00500161
0.00490843
0.00481979
0.00473716
0.00466204
0.00459576
0.00453636
0.00448083
-0.000211765
-0.000351235
-0.000454973
-0.000534567
-0.00060101
-0.000654648
-0.000695866
-0.000725751
-0.000745306
-0.000755382
-0.000756727
-0.000749989
-0.000735709
-0.00071433
-0.000686206
-0.0006516
-0.000610687
-0.000563577
-0.000510321
-0.000450907
-0.000385265
-0.00031328
-0.000234813
-0.000149696
-5.7741e-05
4.12665e-05
0.000147548
0.000261322
0.000382794
0.000512147
0.000649541
0.000795102
0.000948914
0.001111
0.00128133
0.00145976
0.00164608
0.00183995
0.00204092
0.00224843
0.00246174
0.00268
0.00290219
0.00312713
0.0033535
0.00357981
0.00380445
0.00402565
0.00424157
0.00445027
0.0046498
0.00483818
0.00501352
0.00517398
0.0053179
0.00544381
0.00555046
0.00563693
0.00570262
0.0057473
0.00577111
0.00577457
0.0057586
0.00572445
0.00567372
0.00560827
0.00553018
0.00544171
0.00534522
0.00524311
0.00513776
0.0050315
0.00492655
0.00482495
0.00472859
0.00463914
0.00455824
0.00448743
0.00442494
0.0043679
-0.000347482
-0.00049097
-0.000597751
-0.000679749
-0.000748286
-0.000803741
-0.000846535
-0.000877813
-0.000898626
-0.00090987
-0.00091233
-0.000906686
-0.000893501
-0.000873235
-0.000846254
-0.000812825
-0.000773126
-0.000727261
-0.000675272
-0.000617135
-0.000552763
-0.000482024
-0.000404755
-0.000320763
-0.000229829
-0.000131709
-2.61471e-05
8.71119e-05
0.000208312
0.000337679
0.000475417
0.000621696
0.000776645
0.000940337
0.00111278
0.00129388
0.00148346
0.00168123
0.00188677
0.00209952
0.00231879
0.00254369
0.00277322
0.00300617
0.00324116
0.00347664
0.00371092
0.00394214
0.00416831
0.00438736
0.00459716
0.00479558
0.00498052
0.00514997
0.00530206
0.00543514
0.00554779
0.00563894
0.00570787
0.00575425
0.00577819
0.00578019
0.0057612
0.00572255
0.00566594
0.00559339
0.00550715
0.00540967
0.00530355
0.00519141
0.00507586
0.00495947
0.00484468
0.00473377
0.00462883
0.0045317
0.00444427
0.00436824
0.00430203
0.00424292
-0.000500959
-0.000648237
-0.000757898
-0.000842187
-0.000912739
-0.000969965
-0.00101432
-0.001047
-0.00106912
-0.0010816
-0.00108526
-0.00108082
-0.00106886
-0.00104986
-0.00102418
-0.000992111
-0.000953817
-0.0009094
-0.000858892
-0.000802256
-0.000739388
-0.000670136
-0.000594312
-0.000511697
-0.000422043
-0.000325074
-0.000220498
-0.000108021
1.26424e-05
0.000141762
0.000279588
0.000426339
0.000582194
0.000747278
0.000921644
0.00110526
0.00129799
0.00149959
0.00170967
0.00192772
0.00215305
0.0023848
0.00262196
0.0028633
0.00310741
0.00335268
0.00359733
0.0038394
0.00407678
0.00430724
0.00452849
0.0047382
0.00493407
0.00511387
0.00527551
0.00541713
0.00553712
0.0056342
0.00570753
0.00575664
0.00578157
0.00578279
0.00576125
0.00571836
0.00565594
0.00557613
0.0054814
0.0053744
0.00525798
0.00513501
0.00500838
0.0048809
0.00475528
0.00463404
0.00451949
0.00441372
0.00431881
0.00423667
0.00416592
0.00410393
-0.000672595
-0.000823454
-0.000935847
-0.00102233
-0.00109483
-0.00115379
-0.0011997
-0.00123381
-0.00125728
-0.00127107
-0.00127604
-0.00127293
-0.00126235
-0.00124477
-0.00122059
-0.00119008
-0.00115341
-0.00111068
-0.0010619
-0.00100704
-0.000945953
-0.000878482
-0.000804413
-0.000723498
-0.000635459
-0.000539986
-0.000436752
-0.000325422
-0.000205669
-7.71746e-05
6.03583e-05
0.000207202
0.000363589
0.0005297
0.000705645
0.00089145
0.00108704
0.00129221
0.00150663
0.00172983
0.00196116
0.00219979
0.0024447
0.00269466
0.00294823
0.00320377
0.00345942
0.00371311
0.00396261
0.00420556
0.00443946
0.00466179
0.00487003
0.0050617
0.0052345
0.00538628
0.0055152
0.00561979
0.00569898
0.00575216
0.00577926
0.00578068
0.00575736
0.00571075
0.00564277
0.00555574
0.00545229
0.00533534
0.00520799
0.0050734
0.00493475
0.00479516
0.00465761
0.0045249
0.00439959
0.00428401
0.00418048
0.00409117
0.00401481
0.00394882
-0.000862757
-0.001017
-0.00113199
-0.00122058
-0.00129497
-0.00135564
-0.00140311
-0.00143869
-0.00146357
-0.00147877
-0.00148517
-0.00148353
-0.00147448
-0.00145852
-0.00143605
-0.00140733
-0.00137254
-0.00133177
-0.00128502
-0.00123224
-0.00117328
-0.00110795
-0.00103601
-0.000957197
-0.000871191
-0.000777654
-0.000676222
-0.000566518
-0.000448171
-0.000320816
-0.000184102
-3.77026e-05
0.000118673
0.000285267
0.000462253
0.00064972
0.000847655
0.00105593
0.00127427
0.00150225
0.00173927
0.00198455
0.0022371
0.00249569
0.00275888
0.00302498
0.00329209
0.00355805
0.00382051
0.00407696
0.00432472
0.00456107
0.00478324
0.0049885
0.00517426
0.0053381
0.00547791
0.00559192
0.00567883
0.00573784
0.00576868
0.00577167
0.0057477
0.00569823
0.00562527
0.00553127
0.00541909
0.00529189
0.00515305
0.00500608
0.00485447
0.00470168
0.00455099
0.00440552
0.00426812
0.00414138
0.00402789
0.00393009
0.00384679
0.00377538
-0.00107178
-0.00122923
-0.0013467
-0.00143731
-0.00151354
-0.00157591
-0.00162496
-0.00166205
-0.00168843
-0.00170514
-0.00171309
-0.00171309
-0.00170577
-0.00169164
-0.00167111
-0.00164445
-0.00161183
-0.00157334
-0.00152897
-0.00147864
-0.0014222
-0.00135943
-0.00129008
-0.00121385
-0.00113039
-0.00103933
-0.000940278
-0.000832807
-0.000716503
-0.000590951
-0.000455749
-0.000310512
-0.000154886
1.14351e-05
0.000188695
0.000377057
0.00057658
0.000787208
0.00100875
0.00124084
0.00148297
0.00173439
0.00199415
0.00226109
0.00253376
0.00281047
0.00308927
0.00336794
0.00364405
0.00391492
0.00417772
0.00442951
0.00466726
0.00488799
0.00508879
0.00526691
0.00541991
0.0055457
0.00564268
0.00570976
0.00574646
0.00575292
0.00572991
0.00567889
0.0056019
0.00550155
0.00538088
0.00524334
0.00509262
0.00493256
0.00476705
0.00459991
0.00443478
0.00427513
0.00412412
0.00398464
0.0038596
0.00375175
0.00365987
0.00358126
-0.00129999
-0.00146046
-0.0015803
-0.00167287
-0.0017509
-0.00181496
-0.00186562
-0.00190429
-0.00193225
-0.00195059
-0.00196026
-0.00196207
-0.00195668
-0.00194463
-0.00192631
-0.00190201
-0.00187189
-0.00183604
-0.00179443
-0.00174699
-0.00169353
-0.00163383
-0.0015676
-0.00149453
-0.00141423
-0.00132632
-0.00123034
-0.00112585
-0.00101238
-0.000889467
-0.000756658
-0.000613506
-0.000459594
-0.000294545
-0.00011804
7.01621e-05
0.000270207
0.000482125
0.000705809
0.000940997
0.00118725
0.0014439
0.0017101
0.00198471
0.00226635
0.00255335
0.00284375
0.0031353
0.00342548
0.00371151
0.00399042
0.00425904
0.00451411
0.00475234
0.00497049
0.00516545
0.00533439
0.00547484
0.0055848
0.00566284
0.00570814
0.0057206
0.00570082
0.00565015
0.00557066
0.00546503
0.00533653
0.00518885
0.00502605
0.00485235
0.00467205
0.00448937
0.0043084
0.00413298
0.00396664
0.00381263
0.00367419
0.00355443
0.00345204
0.00336405
-0.00154764
-0.00171099
-0.00183308
-0.00192754
-0.00200736
-0.00207311
-0.00212542
-0.00216574
-0.00219539
-0.0022155
-0.00222705
-0.00223088
-0.00222766
-0.00221795
-0.00220214
-0.00218053
-0.00215329
-0.00212049
-0.0020821
-0.00203802
-0.00198808
-0.00193202
-0.00186954
-0.0018003
-0.0017239
-0.00163991
-0.00154785
-0.00144724
-0.00133757
-0.00121833
-0.001089
-0.000949094
-0.000798115
-0.000635618
-0.000461204
-0.000274545
-7.54045e-05
0.000136348
0.000360713
0.000597533
0.000846475
0.001107
0.00137834
0.00165947
0.00194908
0.00224557
0.00254702
0.00285119
0.00315553
0.00345719
0.00375305
0.00403979
0.00431389
0.00457177
0.00480983
0.00502455
0.00521267
0.00537123
0.00549777
0.00559038
0.00564784
0.00566966
0.00565618
0.00560857
0.0055288
0.00541964
0.0052845
0.00512735
0.0049526
0.00476491
0.00456901
0.00436964
0.00417134
0.00397841
0.00379482
0.00362421
0.00347024
0.00333643
0.00322123
0.00312126
-0.001815
-0.00198105
-0.0021053
-0.00220161
-0.00228319
-0.00235066
-0.00240467
-0.00244672
-0.00247818
-0.00250021
-0.00251383
-0.0025199
-0.00251911
-0.00251203
-0.00249907
-0.00248053
-0.00245658
-0.00242728
-0.00239261
-0.00235246
-0.00230663
-0.00225488
-0.00219687
-0.00213224
-0.00206058
-0.00198143
-0.00189428
-0.00179862
-0.0016939
-0.00157956
-0.00145505
-0.00131979
-0.00117325
-0.00101491
-0.000844267
-0.000660921
-0.000464528
-0.000254846
-3.1758e-05
0.000204712
0.000454364
0.000716801
0.000991394
0.00127725
0.00157321
0.00187778
0.00218913
0.0025051
0.00282317
0.00314046
0.0034538
0.00375971
0.00405446
0.00433418
0.00459488
0.00483265
0.00504367
0.00522446
0.00537195
0.00548367
0.00555781
0.0055934
0.00559033
0.00554946
0.00547262
0.00536252
0.00522269
0.00505734
0.00487126
0.00466955
0.00445747
0.0042403
0.00402313
0.00381082
0.00360784
0.0034183
0.00324636
0.00309602
0.00296534
0.00285036
-0.00210227
-0.00227087
-0.00239718
-0.00249529
-0.00257863
-0.00264783
-0.00270361
-0.00274749
-0.00278089
-0.00280502
-0.00282091
-0.00282946
-0.00283138
-0.00282726
-0.00281752
-0.00280245
-0.00278224
-0.00275696
-0.00272657
-0.00269096
-0.00264993
-0.00260322
-0.00255049
-0.00249137
-0.00242541
-0.00235216
-0.00227107
-0.00218161
-0.00208319
-0.00197523
-0.0018571
-0.00172821
-0.00158793
-0.00143568
-0.0012709
-0.00109307
-0.000901743
-0.000696566
-0.00047728
-0.000243762
3.95178e-06
0.000265637
0.000540849
0.000828893
0.00112878
0.00143921
0.00175854
0.00208474
0.0024154
0.00274773
0.00307853
0.00340426
0.00372102
0.00402469
0.00431091
0.00457529
0.00481347
0.00502131
0.00519503
0.00533141
0.00542794
0.00548292
0.00549566
0.00546653
0.00539704
0.00528973
0.00514816
0.00497675
0.00478062
0.00456536
0.00433682
0.00410089
0.00386335
0.00362967
0.00340496
0.00319389
0.00300122
0.0028315
0.00268227
0.00254875
-0.0024096
-0.00258061
-0.0027089
-0.00280878
-0.00289387
-0.00296485
-0.00302245
-0.00306828
-0.00310377
-0.00313017
-0.00314856
-0.00315985
-0.00316479
-0.00316397
-0.00315783
-0.00314669
-0.00313072
-0.00311
-0.00308451
-0.00305412
-0.00301864
-0.0029778
-0.00293126
-0.00287865
-0.0028195
-0.00275335
-0.00267964
-0.00259781
-0.00250726
-0.00240737
-0.00229749
-0.00217696
-0.00204512
-0.00190131
-0.0017449
-0.00157528
-0.00139189
-0.00119425
-0.00098195
-0.000754706
-0.000512361
-0.000254929
1.73754e-05
0.000304104
0.000604531
0.000917625
0.001242
0.00157588
0.00191708
0.00226298
0.00261048
0.00295607
0.00329578
0.00362526
0.00393985
0.00423465
0.0045047
0.00474512
0.0049513
0.0051191
0.00524505
0.00532656
0.00536209
0.0053513
0.00529514
0.00519583
0.0050568
0.00488259
0.00467864
0.00445102
0.00420622
0.00395087
0.00369151
0.00343443
0.00318547
0.00294999
0.00273349
0.0025412
0.00236991
0.00221385
-0.00273715
-0.00291041
-0.0030406
-0.00314221
-0.00322906
-0.00330186
-0.00336138
-0.00340926
-0.003447
-0.00347587
-0.00349699
-0.00351131
-0.00351958
-0.00352244
-0.00352033
-0.00351358
-0.00350238
-0.00348683
-0.0034669
-0.00344247
-0.00341336
-0.00337931
-0.00333997
-0.00329497
-0.00324386
-0.00318615
-0.0031213
-0.00304874
-0.00296785
-0.00287799
-0.00277849
-0.00266867
-0.00254781
-0.00241521
-0.00227016
-0.00211198
-0.00193999
-0.00175359
-0.00155222
-0.00133539
-0.00110274
-0.000854044
-0.000589226
-0.000308424
-1.20211e-05
0.000299313
0.000624568
0.00096235
0.00131083
0.00166769
0.00203011
0.00239472
0.0027576
0.00311429
0.00345986
0.00378895
0.00409597
0.00437522
0.00462108
0.00482833
0.00499231
0.00510922
0.0051764
0.00519248
0.00515759
0.00507335
0.00494286
0.00477063
0.00456233
0.00432453
0.0040644
0.00378942
0.00350706
0.00322457
0.0029487
0.00268569
0.00244192
0.00222345
0.00202618
0.00184304
-0.00308499
-0.00326037
-0.00339238
-0.0034957
-0.00358432
-0.00365899
-0.00372052
-0.00377058
-0.00381073
-0.00384228
-0.00386638
-0.003884
-0.00389595
-0.00390287
-0.00390523
-0.00390338
-0.00389753
-0.00388777
-0.00387411
-0.00385645
-0.0038346
-0.00380831
-0.00377728
-0.00374111
-0.00369938
-0.00365161
-0.00359728
-0.0035358
-0.00346658
-0.00338897
-0.0033023
-0.00320585
-0.00309892
-0.00298074
-0.00285056
-0.00270763
-0.00255117
-0.00238045
-0.00219476
-0.00199341
-0.00177582
-0.00154145
-0.00128991
-0.00102095
-0.000734525
-0.000430828
-0.000110355
0.000226025
0.000577008
0.000940787
0.00131497
0.00169655
0.0020818
0.00246631
0.00284499
0.00321209
0.00356138
0.00388627
0.00418002
0.0044361
0.00464838
0.00481155
0.00492143
0.00497527
0.00497196
0.00491217
0.0047984
0.00463489
0.0044274
0.00418295
0.00390945
0.00361533
0.00330919
0.00299942
0.00269393
0.00240004
0.00212524
0.00187663
0.00164898
0.00143368
-0.00345317
-0.00363054
-0.00376431
-0.00386932
-0.00395973
-0.00403633
-0.00409995
-0.00415233
-0.00419505
-0.00422949
-0.00425682
-0.00427805
-0.00429402
-0.0043054
-0.0043127
-0.00431626
-0.00431635
-0.00431306
-0.00430643
-0.00429637
-0.00428272
-0.00426526
-0.0042437
-0.00421769
-0.00418681
-0.00415061
-0.0041086
-0.00406023
-0.00400491
-0.00394202
-0.00387091
-0.00379088
-0.0037012
-0.00360112
-0.00348986
-0.00336659
-0.00323049
-0.00308069
-0.00291634
-0.00273656
-0.00254049
-0.00232729
-0.00209619
-0.00184648
-0.00157758
-0.00128909
-0.000980829
-0.00065297
-0.000306079
5.87591e-05
0.000439837
0.000834717
0.00124014
0.00165193
0.00206501
0.00247336
0.00287016
0.00324789
0.0035986
0.0039142
0.00418683
0.00440927
0.0045754
0.00468056
0.00472195
0.00469883
0.00461266
0.00446707
0.00426773
0.00402199
0.0037385
0.00342677
0.00309671
0.00275813
0.00242038
0.00209211
0.00178223
0.0014991
0.00123622
0.000983138
-0.00384169
-0.00402094
-0.0041564
-0.00426309
-0.00435532
-0.0044339
-0.00449972
-0.00455454
-0.00460002
-0.00463755
-0.00466837
-0.00469351
-0.00471386
-0.0047301
-0.00474279
-0.00475231
-0.00475894
-0.00476282
-0.00476399
-0.00476241
-0.00475796
-0.00475045
-0.00473962
-0.00472515
-0.00470669
-0.00468382
-0.00465609
-0.00462301
-0.00458404
-0.0045386
-0.00448608
-0.00442583
-0.00435716
-0.00427933
-0.00419156
-0.00409301
-0.00398281
-0.00386001
-0.00372361
-0.00357254
-0.00340568
-0.00322186
-0.00301987
-0.00279845
-0.00255641
-0.00229259
-0.002006
-0.00169589
-0.00136185
-0.00100396
-0.000622985
-0.00022046
0.000201089
0.00063803
0.00108552
0.00153748
0.00198658
0.00242443
0.00284176
0.00322877
0.00357553
0.0038725
0.00411108
0.00428418
0.00438665
0.00441575
0.00437132
0.00425597
0.00407488
0.00383556
0.00354736
0.00322099
0.00286786
0.00249952
0.00212707
0.00176088
0.00141162
0.00108924
0.000785831
0.000488777
-0.00425052
-0.00443152
-0.00456863
-0.00467699
-0.00477107
-0.00485171
-0.00491981
-0.00497722
-0.00502562
-0.00506645
-0.005101
-0.00513035
-0.00515541
-0.00517693
-0.00519548
-0.00521149
-0.00522527
-0.00523701
-0.00524679
-0.0052546
-0.00526037
-0.00526396
-0.00526516
-0.00526372
-0.00525933
-0.00525165
-0.0052403
-0.00522486
-0.00520487
-0.00517983
-0.00514921
-0.00511244
-0.0050689
-0.00501792
-0.00495877
-0.00489062
-0.0048126
-0.00472371
-0.00462284
-0.00450875
-0.00438006
-0.00423524
-0.00407259
-0.00389028
-0.00368635
-0.00345878
-0.00320556
-0.00292477
-0.00261477
-0.00227436
-0.00190296
-0.00150087
-0.00106952
-0.000611637
-0.000131492
0.000365017
0.000870305
0.00137518
0.00186904
0.00234022
0.00277642
0.00316535
0.00349538
0.00375628
0.00393983
0.00404051
0.00405585
0.00398675
0.00383744
0.00361525
0.00333014
0.00299402
0.00262007
0.00222188
0.00181274
0.00140518
0.00101209
0.000645443
0.000295733
-5.20571e-05
-0.00467956
-0.00486222
-0.00500093
-0.00511098
-0.00520694
-0.00528969
-0.00536019
-0.00542031
-0.00547178
-0.00551612
-0.00555463
-0.00558847
-0.00561858
-0.00564576
-0.00567062
-0.00569365
-0.00571519
-0.00573548
-0.00575466
-0.00577277
-0.0057898
-0.00580567
-0.00582025
-0.00583335
-0.00584476
-0.00585422
-0.00586144
-0.00586612
-0.00586791
-0.00586643
-0.00586126
-0.00585196
-0.00583804
-0.00581894
-0.00579402
-0.00576255
-0.00572369
-0.00567645
-0.00561964
-0.0055519
-0.00547159
-0.00537682
-0.00526539
-0.0051348
-0.00498226
-0.0048047
-0.0045989
-0.00436156
-0.00408947
-0.0037798
-0.00343027
-0.00303951
-0.0026074
-0.00213535
-0.00162662
-0.00108656
-0.000522714
5.51253e-05
0.000635097
0.00120358
0.00174568
0.00224592
0.00268905
0.00306092
0.00334941
0.00354526
0.00364276
0.00364028
0.00354041
0.0033498
0.00307872
0.00274031
0.00234966
0.00192283
0.00147577
0.0010237
0.000582299
0.000166076
-0.000236122
-0.000642004
-0.00512867
-0.00531291
-0.00545319
-0.00556494
-0.00566283
-0.00574776
-0.00582074
-0.00588369
-0.00593839
-0.0059864
-0.0060291
-0.00606768
-0.00610314
-0.00613634
-0.00616795
-0.00619848
-0.00622836
-0.00625789
-0.00628725
-0.00631655
-0.00634588
-0.00637522
-0.00640452
-0.00643371
-0.00646267
-0.00649126
-0.00651933
-0.00654671
-0.0065732
-0.00659858
-0.00662261
-0.00664503
-0.00666551
-0.00668368
-0.00669906
-0.00671108
-0.00671901
-0.0067219
-0.00671858
-0.00670759
-0.00668708
-0.0066548
-0.00660803
-0.00654356
-0.00645765
-0.00634606
-0.00620414
-0.00602695
-0.00580943
-0.0055467
-0.00523436
-0.00486891
-0.00444817
-0.00397172
-0.00344132
-0.00286126
-0.00223867
-0.0015836
-0.000908989
-0.000230373
0.000434594
0.00106688
0.00164701
0.00215614
0.00257726
0.00289629
0.00310316
0.00319262
0.00316465
0.00302451
0.00278234
0.00245232
0.00205163
0.00159913
0.00111401
0.000614833
0.000120786
-0.000350458
-0.000811727
-0.00128366
-0.00559765
-0.00578342
-0.00592527
-0.00603873
-0.00613859
-0.00622578
-0.00630132
-0.0063672
-0.00642525
-0.0064771
-0.00652416
-0.0065677
-0.00660879
-0.00664833
-0.00668706
-0.00672556
-0.00676432
-0.00680371
-0.00684399
-0.00688536
-0.00692797
-0.00697193
-0.0070173
-0.00706411
-0.00711237
-0.00716211
-0.00721333
-0.00726603
-0.00732022
-0.00737588
-0.007433
-0.00749154
-0.00755144
-0.00761256
-0.00767468
-0.00773744
-0.0078003
-0.00786246
-0.00792283
-0.00797989
-0.00803165
-0.00807554
-0.00810831
-0.00812598
-0.00812377
-0.00809616
-0.00803687
-0.00793904
-0.00779544
-0.00759875
-0.00734201
-0.00701908
-0.00662517
-0.00615744
-0.00561555
-0.0050022
-0.00432354
-0.00358944
-0.00281357
-0.00201322
-0.00120882
-0.000423228
0.000319348
0.000994598
0.00157956
0.00205414
0.00240257
0.00261462
0.00268644
0.00262085
0.00242715
0.00212021
0.0017193
0.00124646
0.000724721
0.000176735
-0.000373948
-0.00090569
-0.00143295
-0.00197948
-0.00608627
-0.00627355
-0.00641699
-0.0065322
-0.00663408
-0.00672358
-0.00680176
-0.00687065
-0.00693215
-0.00698794
-0.00703951
-0.00708819
-0.00713511
-0.00718126
-0.00722743
-0.00727429
-0.00732241
-0.00737222
-0.0074241
-0.00747833
-0.00753518
-0.00759486
-0.00765757
-0.00772347
-0.00779276
-0.00786563
-0.00794227
-0.00802292
-0.00810782
-0.00819721
-0.00829136
-0.00839054
-0.00849501
-0.00860495
-0.00872046
-0.00884151
-0.00896783
-0.00909888
-0.0092337
-0.00937083
-0.00950819
-0.00964291
-0.00977123
-0.00988839
-0.00998852
-0.0100647
-0.0101087
-0.0101117
-0.0100638
-0.00995494
-0.00977514
-0.00951507
-0.00916678
-0.00872438
-0.00818481
-0.00754848
-0.00681993
-0.00600828
-0.00512742
-0.00419605
-0.00323722
-0.00227769
-0.00134679
-0.000474979
0.000307818
0.000974197
0.00150118
0.00187195
0.00207725
0.00211611
0.00199586
0.00173148
0.00134412
0.000859291
0.000304463
-0.000292738
-0.000903414
-0.001501
-0.00210142
-0.0027317
-0.00659427
-0.00678307
-0.00692812
-0.00704514
-0.00714909
-0.00724095
-0.00732183
-0.00739379
-0.0074588
-0.0075186
-0.00757477
-0.00762869
-0.0076816
-0.00773454
-0.00778839
-0.00784392
-0.00790178
-0.00796251
-0.00802657
-0.00809437
-0.00816629
-0.0082427
-0.00832394
-0.00841034
-0.00850228
-0.00860017
-0.00870444
-0.00881559
-0.00893414
-0.00906066
-0.00919576
-0.00934009
-0.00949427
-0.00965894
-0.00983459
-0.0100216
-0.0102201
-0.0104299
-0.0106503
-0.0108799
-0.0111167
-0.0113576
-0.0115982
-0.0118332
-0.0120553
-0.0122562
-0.0124258
-0.0125527
-0.0126243
-0.0126273
-0.0125483
-0.0123742
-0.0120935
-0.0116964
-0.0111766
-0.0105315
-0.00976327
-0.00887955
-0.00789385
-0.00682569
-0.00570037
-0.00454839
-0.00340433
-0.00230536
-0.00128921
-0.000391893
0.000354783
0.00092561
0.00130399
0.00148335
0.00146762
0.00127079
0.000915491
0.000430747
-0.000150913
-0.000795979
-0.00146905
-0.00213747
-0.00281837
-0.00354212
-0.00712132
-0.00731172
-0.00745845
-0.00757734
-0.00768343
-0.0077777
-0.0078613
-0.00793634
-0.00800488
-0.00806871
-0.00812948
-0.00818869
-0.00824764
-0.00830746
-0.00836915
-0.00843355
-0.00850143
-0.00857343
-0.00865013
-0.00873208
-0.0088198
-0.00891381
-0.00901463
-0.00912279
-0.00923887
-0.00936354
-0.0094975
-0.00964156
-0.00979657
-0.00996347
-0.0101433
-0.0103371
-0.0105461
-0.0107713
-0.0110137
-0.0112743
-0.0115537
-0.011852
-0.012169
-0.0125037
-0.0128538
-0.0132163
-0.0135864
-0.0139577
-0.0143222
-0.0146695
-0.0149876
-0.0152624
-0.0154784
-0.0156188
-0.0156662
-0.0156034
-0.0154146
-0.015086
-0.0146068
-0.013971
-0.0131776
-0.0122319
-0.0111462
-0.00994013
-0.00864065
-0.0072815
-0.00590239
-0.00454735
-0.0032626
-0.0020939
-0.00108346
-0.000266891
0.00032967
0.000691813
0.000818083
0.000719981
0.000420693
-4.73938e-05
-0.000646257
-0.00133555
-0.00207206
-0.00281572
-0.00358442
-0.00441186
-0.00766712
-0.00785922
-0.00800775
-0.00812859
-0.00823687
-0.00833359
-0.00841992
-0.00849803
-0.00857004
-0.00863784
-0.00870316
-0.00876759
-0.00883253
-0.00889922
-0.00896875
-0.00904209
-0.00912012
-0.00920361
-0.00929328
-0.0093898
-0.00949388
-0.00960619
-0.00972746
-0.00985844
-0.00999997
-0.010153
-0.0103185
-0.0104976
-0.0106917
-0.010902
-0.01113
-0.0113775
-0.0116459
-0.0119371
-0.0122527
-0.0125941
-0.0129627
-0.0133591
-0.0137836
-0.0142353
-0.0147124
-0.0152116
-0.0157278
-0.0162539
-0.0167805
-0.0172956
-0.0177851
-0.018232
-0.0186176
-0.0189213
-0.0191214
-0.0191965
-0.0191258
-0.0188907
-0.018476
-0.0178711
-0.0170711
-0.0160783
-0.0149028
-0.0135635
-0.012088
-0.0105126
-0.00888147
-0.00724541
-0.00565938
-0.00417968
-0.0028604
-0.00174954
-0.000885195
-0.000292239
1.99495e-05
5.82688e-05
-0.000154968
-0.000584635
-0.00118701
-0.00191401
-0.00271324
-0.00353563
-0.00439928
-0.00534106
-0.0082313
-0.00842531
-0.00857578
-0.00869868
-0.00880923
-0.00890842
-0.00899745
-0.00907856
-0.00915393
-0.00922555
-0.00929525
-0.00936472
-0.00943547
-0.00950887
-0.00958612
-0.00966831
-0.00975646
-0.00985148
-0.00995424
-0.0100656
-0.0101863
-0.0103174
-0.0104598
-0.0106145
-0.0107825
-0.0109651
-0.0111637
-0.0113798
-0.0116151
-0.0118715
-0.0121509
-0.0124556
-0.0127879
-0.0131501
-0.0135446
-0.0139736
-0.014439
-0.0149423
-0.0154842
-0.0160643
-0.0166811
-0.0173312
-0.0180092
-0.0187072
-0.0194147
-0.0201179
-0.0208004
-0.0214425
-0.0220219
-0.022514
-0.022893
-0.0231323
-0.0232063
-0.0230911
-0.0227665
-0.0222168
-0.0214326
-0.0204122
-0.0191628
-0.0177013
-0.0160548
-0.0142611
-0.0123681
-0.0104325
-0.0085177
-0.00669098
-0.00501932
-0.00356495
-0.00238043
-0.00150402
-0.00095609
-0.000737124
-0.000827814
-0.00119151
-0.00177898
-0.0025337
-0.00339265
-0.00429603
-0.00526138
-0.00632844
-0.00881353
-0.00900972
-0.00916233
-0.00928743
-0.00940032
-0.00950198
-0.00959365
-0.00967762
-0.00975616
-0.00983135
-0.00990515
-0.00997934
-0.0100556
-0.0101354
-0.01022
-0.0103108
-0.0104088
-0.0105152
-0.010631
-0.0107571
-0.0108947
-0.0110448
-0.0112087
-0.0113875
-0.0115827
-0.0117959
-0.0120288
-0.0122834
-0.0125618
-0.0128664
-0.0131999
-0.013565
-0.0139648
-0.0144023
-0.0148808
-0.0154031
-0.0159722
-0.01659
-0.0172581
-0.0179767
-0.0187443
-0.0195579
-0.0204115
-0.0212968
-0.0222018
-0.0231113
-0.0240063
-0.0248643
-0.0256594
-0.0263631
-0.0269449
-0.0273735
-0.0276178
-0.0276487
-0.0274404
-0.0269718
-0.0262285
-0.0252042
-0.0239019
-0.0223357
-0.020531
-0.0185256
-0.0163697
-0.0141246
-0.0118616
-0.00965845
-0.00759552
-0.00575068
-0.00419327
-0.00297802
-0.0021398
-0.00168996
-0.00161513
-0.00187912
-0.00242799
-0.00319639
-0.00410928
-0.00509429
-0.00616746
-0.00737086
-0.00941348
-0.00961223
-0.00976725
-0.00989471
-0.01001
-0.0101141
-0.0102083
-0.010295
-0.0103764
-0.0104548
-0.0105322
-0.0106107
-0.0106919
-0.0107775
-0.0108691
-0.010968
-0.0110754
-0.0111928
-0.0113212
-0.0114619
-0.0116161
-0.0117851
-0.0119705
-0.0121738
-0.0123966
-0.0126409
-0.0129088
-0.0132029
-0.0135257
-0.0138802
-0.0142696
-0.0146976
-0.0151677
-0.0156841
-0.0162505
-0.016871
-0.0175491
-0.0182879
-0.0190894
-0.0199545
-0.0208822
-0.0218695
-0.0229102
-0.0239953
-0.0251116
-0.0262422
-0.0273659
-0.028457
-0.0294864
-0.0304214
-0.0312269
-0.0318668
-0.0323046
-0.0325059
-0.0324391
-0.0320778
-0.0314019
-0.0304
-0.0290704
-0.027423
-0.0254805
-0.0232792
-0.0208695
-0.0183159
-0.0156958
-0.0130965
-0.0106114
-0.00833481
-0.00635464
-0.00474507
-0.00355924
-0.00282348
-0.00253416
-0.00265846
-0.00313935
-0.00390279
-0.0048606
-0.00592587
-0.007112
-0.00846273
-0.0100309
-0.0102326
-0.0103904
-0.0105204
-0.0106383
-0.0107448
-0.0108413
-0.0109303
-0.0110142
-0.0110953
-0.0111758
-0.0112579
-0.0113434
-0.0114342
-0.0115319
-0.0116381
-0.0117543
-0.0118819
-0.0120223
-0.012177
-0.0123473
-0.0125349
-0.0127415
-0.012969
-0.0132193
-0.0134948
-0.0137981
-0.0141321
-0.0145
-0.0149054
-0.0153521
-0.0158444
-0.0163869
-0.0169843
-0.0176416
-0.0183636
-0.0191547
-0.0200189
-0.020959
-0.0219766
-0.0230711
-0.0242395
-0.0254756
-0.0267696
-0.0281073
-0.0294699
-0.030834
-0.0321712
-0.0334486
-0.0346298
-0.0356753
-0.0365441
-0.0371946
-0.0375872
-0.0376847
-0.0374551
-0.0368729
-0.0359211
-0.0345928
-0.032893
-0.0308401
-0.0284673
-0.0258236
-0.0229745
-0.020001
-0.0169983
-0.0140716
-0.0113313
-0.008885
-0.00682886
-0.00523804
-0.00415837
-0.00360066
-0.00353942
-0.00391713
-0.00465202
-0.00564198
-0.00678373
-0.00808672
-0.00959538
-0.0106654
-0.0108709
-0.0110318
-0.0111646
-0.0112851
-0.0113939
-0.0114926
-0.0115835
-0.0116693
-0.0117525
-0.0118353
-0.0119201
-0.0120089
-0.0121039
-0.0122068
-0.0123193
-0.0124432
-0.0125801
-0.0127316
-0.0128993
-0.0130849
-0.0132903
-0.0135174
-0.0137685
-0.0140458
-0.0143521
-0.0146905
-0.0150643
-0.0154773
-0.0159337
-0.016438
-0.0169954
-0.0176111
-0.0182908
-0.0190404
-0.0198656
-0.0207718
-0.0217639
-0.0228456
-0.024019
-0.025284
-0.0266378
-0.0280739
-0.0295819
-0.0311465
-0.0327473
-0.0343585
-0.035949
-0.0374828
-0.0389195
-0.0402155
-0.0413251
-0.0422023
-0.0428022
-0.0430826
-0.0430062
-0.042542
-0.0416675
-0.0403704
-0.03865
-0.0365196
-0.0340078
-0.0311602
-0.0280405
-0.0247312
-0.0213322
-0.0179586
-0.0147354
-0.01179
-0.00924206
-0.00719212
-0.00571027
-0.0048271
-0.00452949
-0.00476325
-0.00544082
-0.00644608
-0.00765771
-0.00907986
-0.0107564
-0.0113169
-0.0115269
-0.0116915
-0.0118274
-0.0119505
-0.0120617
-0.0121621
-0.0122545
-0.0123415
-0.0124258
-0.0125099
-0.0125963
-0.0126874
-0.0127852
-0.012892
-0.0130096
-0.0131399
-0.0132847
-0.013446
-0.0136254
-0.0138251
-0.0140471
-0.0142936
-0.0145671
-0.0148704
-0.0152066
-0.0155791
-0.0159919
-0.0164493
-0.0169561
-0.0175176
-0.0181395
-0.0188282
-0.01959
-0.0204318
-0.0213603
-0.0223818
-0.0235022
-0.0247257
-0.0260554
-0.0274914
-0.0290311
-0.0306679
-0.0323906
-0.0341828
-0.0360226
-0.037882
-0.0397274
-0.0415196
-0.0432146
-0.0447651
-0.0461214
-0.0472329
-0.0480501
-0.0485266
-0.0486199
-0.0482943
-0.047522
-0.0462851
-0.0445773
-0.0424058
-0.0397934
-0.0367804
-0.0334264
-0.0298122
-0.0260395
-0.0222298
-0.0185202
-0.0150565
-0.0119824
-0.00942632
-0.00748697
-0.00622047
-0.00563216
-0.00567628
-0.00626269
-0.00726207
-0.00853387
-0.0100755
-0.0119289
-0.0119854
-0.0122008
-0.0123698
-0.0125091
-0.012635
-0.0127482
-0.0128501
-0.0129432
-0.0130306
-0.013115
-0.0131992
-0.0132858
-0.0133775
-0.0134768
-0.0135857
-0.0137067
-0.0138417
-0.0139929
-0.0141622
-0.0143518
-0.0145639
-0.0148007
-0.015065
-0.0153595
-0.0156872
-0.0160517
-0.0164569
-0.0169072
-0.0174075
-0.0179633
-0.0185804
-0.0192654
-0.0200255
-0.0208678
-0.0218002
-0.0228302
-0.0239652
-0.0252117
-0.0265749
-0.0280582
-0.0296624
-0.0313849
-0.0332187
-0.0351521
-0.0371677
-0.039242
-0.041345
-0.0434405
-0.0454867
-0.0474363
-0.0492386
-0.0508401
-0.0521866
-0.0532248
-0.0539041
-0.0541781
-0.0540067
-0.0533572
-0.0522068
-0.0505435
-0.0483681
-0.0456968
-0.042563
-0.0390201
-0.0351441
-0.0310348
-0.0268162
-0.022634
-0.0186495
-0.0150294
-0.011931
-0.00948536
-0.00777991
-0.00684512
-0.00665013
-0.00710686
-0.00807479
-0.00939365
-0.0110529
-0.0130908
-0.012671
-0.012893
-0.013067
-0.0132102
-0.013339
-0.0134541
-0.0135568
-0.0136499
-0.0137365
-0.0138197
-0.0139024
-0.0139876
-0.0140782
-0.0141769
-0.0142862
-0.0144085
-0.0145462
-0.0147015
-0.0148769
-0.0150745
-0.0152969
-0.0155466
-0.0158266
-0.0161399
-0.0164899
-0.0168806
-0.0173164
-0.017802
-0.0183429
-0.0189453
-0.0196156
-0.0203611
-0.0211898
-0.0221097
-0.0231294
-0.0242574
-0.0255018
-0.02687
-0.0283679
-0.0299995
-0.0317657
-0.0336639
-0.0356871
-0.0378229
-0.0400527
-0.0423515
-0.0446877
-0.0470228
-0.0493123
-0.0515063
-0.0535508
-0.0553896
-0.056965
-0.0582206
-0.0591031
-0.0595621
-0.0595541
-0.0590427
-0.0580005
-0.0564101
-0.0542664
-0.0515782
-0.0483712
-0.0446907
-0.0406052
-0.0362089
-0.0316241
-0.0270005
-0.0225107
-0.0183416
-0.0146791
-0.0116887
-0.00949413
-0.00815825
-0.00767251
-0.0079571
-0.00886382
-0.0102131
-0.0119856
-0.014214
-0.0133738
-0.0136039
-0.0137839
-0.0139314
-0.0140632
-0.0141799
-0.0142827
-0.0143748
-0.0144594
-0.0145397
-0.0146191
-0.0147009
-0.0147882
-0.0148841
-0.0149913
-0.0151125
-0.0152504
-0.0154075
-0.0155864
-0.0157896
-0.0160197
-0.0162798
-0.0165729
-0.0169024
-0.0172722
-0.0176864
-0.0181498
-0.0186678
-0.0192464
-0.0198921
-0.0206122
-0.0214146
-0.0223079
-0.023301
-0.0244032
-0.0256239
-0.0269718
-0.0284552
-0.0300803
-0.0318517
-0.0337705
-0.0358342
-0.0380352
-0.0403606
-0.0427909
-0.0452997
-0.0478535
-0.050412
-0.0529284
-0.0553505
-0.0576218
-0.0596834
-0.0614755
-0.0629393
-0.0640177
-0.0646593
-0.0648176
-0.0644531
-0.0635347
-0.0620404
-0.0599596
-0.0572939
-0.0540607
-0.0502961
-0.0460587
-0.0414342
-0.0365386
-0.0315204
-0.0265588
-0.0218562
-0.0176243
-0.014064
-0.0113392
-0.00955157
-0.00872331
-0.00879055
-0.00960248
-0.010962
-0.0128407
-0.0152637
-0.0140944
-0.0143343
-0.0145215
-0.0146739
-0.0148087
-0.0149266
-0.0150288
-0.0151186
-0.0151994
-0.015275
-0.0153489
-0.0154249
-0.0155064
-0.0155967
-0.0156991
-0.0158164
-0.0159517
-0.0161077
-0.0162871
-0.0164929
-0.0167279
-0.0169953
-0.0172985
-0.0176411
-0.0180274
-0.0184618
-0.0189496
-0.0194964
-0.0201089
-0.0207939
-0.0215595
-0.0224141
-0.0233669
-0.0244275
-0.0256061
-0.0269125
-0.0283563
-0.029946
-0.0316887
-0.033589
-0.0356482
-0.0378638
-0.0402278
-0.0427265
-0.0453396
-0.0480393
-0.0507908
-0.0535519
-0.0562741
-0.0589029
-0.0613802
-0.0636449
-0.0656353
-0.0672909
-0.0685535
-0.0693693
-0.0696903
-0.0694749
-0.0686891
-0.0673076
-0.0653145
-0.0627052
-0.0594889
-0.0556917
-0.0513612
-0.0465717
-0.0414293
-0.0360762
-0.0306919
-0.0254889
-0.0207006
-0.0165611
-0.0132765
-0.0109934
-0.00977306
-0.00957638
-0.0102568
-0.0116031
-0.0135781
-0.0161977
-0.0148338
-0.0150856
-0.0152812
-0.015439
-0.015577
-0.0156956
-0.0157962
-0.0158821
-0.0159573
-0.0160258
-0.0160916
-0.0161589
-0.0162315
-0.0163133
-0.0164076
-0.0165178
-0.0166471
-0.0167986
-0.0169753
-0.0171803
-0.0174168
-0.0176881
-0.0179978
-0.0183501
-0.0187491
-0.0192
-0.0197081
-0.0202796
-0.0209214
-0.0216411
-0.022447
-0.0233482
-0.0243545
-0.025476
-0.0267234
-0.0281072
-0.0296375
-0.0313232
-0.0331718
-0.0351879
-0.0373732
-0.0397245
-0.0422338
-0.0448865
-0.0476615
-0.0505299
-0.0534556
-0.0563949
-0.0592977
-0.0621082
-0.0647665
-0.0672102
-0.0693766
-0.0712037
-0.0726326
-0.0736087
-0.0740827
-0.074012
-0.0733608
-0.0721011
-0.0702132
-0.0676868
-0.0645235
-0.0607398
-0.0563715
-0.0514799
-0.0461581
-0.0405374
-0.0347919
-0.0291373
-0.0238227
-0.0191115
-0.0152518
-0.012439
-0.0107815
-0.0102746
-0.0107847
-0.0120912
-0.0141497
-0.0169657
-0.015593
-0.0158592
-0.0160648
-0.0162288
-0.01637
-0.0164887
-0.0165863
-0.0166666
-0.0167338
-0.0167924
-0.0168471
-0.0169024
-0.0169627
-0.0170322
-0.0171147
-0.0172141
-0.0173337
-0.0174769
-0.0176471
-0.0178476
-0.0180817
-0.018353
-0.0186655
-0.0190232
-0.019431
-0.019894
-0.020418
-0.0210094
-0.0216757
-0.0224246
-0.0232651
-0.0242066
-0.0252593
-0.0264341
-0.0277419
-0.0291937
-0.0307999
-0.0325699
-0.0345111
-0.0366285
-0.0389234
-0.0413925
-0.0440273
-0.0468126
-0.0497264
-0.0527389
-0.0558127
-0.0589033
-0.0619591
-0.0649233
-0.067735
-0.0703309
-0.0726474
-0.0746222
-0.076196
-0.0773138
-0.0779263
-0.0779902
-0.0774689
-0.0763327
-0.0745589
-0.072133
-0.0690497
-0.0653168
-0.0609587
-0.0560228
-0.0505872
-0.0447687
-0.0387305
-0.0326847
-0.0268887
-0.0216296
-0.0171944
-0.0138293
-0.0116962
-0.0108351
-0.0111348
-0.0123724
-0.0144991
-0.0175088
-0.0163738
-0.0166575
-0.0168749
-0.0170459
-0.0171903
-0.0173082
-0.0174013
-0.0174736
-0.01753
-0.0175755
-0.0176155
-0.0176549
-0.0176988
-0.0177519
-0.0178186
-0.0179028
-0.0180085
-0.0181394
-0.0182989
-0.0184905
-0.0187181
-0.0189852
-0.019296
-0.019655
-0.0200669
-0.0205374
-0.0210723
-0.0216786
-0.0223638
-0.0231361
-0.0240048
-0.0249798
-0.0260715
-0.0272912
-0.0286502
-0.0301598
-0.0318305
-0.033672
-0.0356917
-0.0378945
-0.0402816
-0.0428494
-0.0455887
-0.0484838
-0.0515119
-0.0546424
-0.0578372
-0.0610506
-0.0642305
-0.0673191
-0.070255
-0.0729745
-0.0754136
-0.0775101
-0.0792047
-0.0804427
-0.0811751
-0.0813587
-0.0809566
-0.0799384
-0.0782796
-0.0759621
-0.0729756
-0.0693201
-0.0650094
-0.0600776
-0.0545867
-0.0486368
-0.0423755
-0.0360053
-0.0297842
-0.0240149
-0.0190184
-0.0150907
-0.0124522
-0.0111964
-0.0112456
-0.0123832
-0.0145603
-0.0177588
-0.0171785
-0.0174833
-0.0177146
-0.0178935
-0.018041
-0.0181571
-0.0182437
-0.0183053
-0.0183475
-0.0183761
-0.018397
-0.0184161
-0.018439
-0.0184711
-0.0185171
-0.0185816
-0.0186687
-0.0187825
-0.0189267
-0.0191051
-0.0193215
-0.0195798
-0.0198844
-0.0202399
-0.0206512
-0.0211241
-0.0216649
-0.0222805
-0.0229788
-0.0237684
-0.0246586
-0.0256598
-0.0267826
-0.0280385
-0.029439
-0.0309956
-0.032719
-0.0346188
-0.0367023
-0.0389743
-0.0414357
-0.0440823
-0.0469046
-0.0498863
-0.0530039
-0.0562262
-0.0595144
-0.0628222
-0.0660969
-0.0692804
-0.0723111
-0.0751251
-0.0776588
-0.0798499
-0.0816399
-0.0829746
-0.0838055
-0.08409
-0.0837918
-0.0828799
-0.081329
-0.0791188
-0.076235
-0.0726713
-0.0684325
-0.0635403
-0.0580413
-0.0520174
-0.0455981
-0.0389706
-0.0323861
-0.0261548
-0.0206239
-0.0161358
-0.0129713
-0.0112855
-0.0110451
-0.0120502
-0.0142576
-0.0176379
-0.0180101
-0.0183404
-0.0185882
-0.018776
-0.0189264
-0.0190393
-0.0191169
-0.0191644
-0.0191883
-0.0191953
-0.0191923
-0.0191859
-0.0191825
-0.0191882
-0.0192083
-0.0192478
-0.0193113
-0.019403
-0.0195269
-0.0196871
-0.0198876
-0.0201323
-0.0204258
-0.0207728
-0.0211785
-0.0216487
-0.0221899
-0.0228092
-0.0235147
-0.0243152
-0.0252201
-0.02624
-0.0273859
-0.0286691
-0.0301014
-0.0316943
-0.0334584
-0.0354032
-0.0375359
-0.0398608
-0.0423785
-0.0450846
-0.0479688
-0.0510143
-0.0541971
-0.0574854
-0.0608401
-0.0642144
-0.0675556
-0.0708054
-0.0739022
-0.0767826
-0.079383
-0.0816421
-0.0835017
-0.0849086
-0.0858151
-0.0861794
-0.0859655
-0.0851431
-0.0836863
-0.0815734
-0.0787877
-0.0753179
-0.0711616
-0.0663299
-0.060855
-0.0548015
-0.0482787
-0.0414552
-0.0345687
-0.0279285
-0.0218994
-0.0168638
-0.0131621
-0.0110167
-0.0104498
-0.011289
-0.0135049
-0.0170581
-0.0188726
-0.0192336
-0.019501
-0.0196987
-0.0198514
-0.0199593
-0.0200248
-0.0200542
-0.0200549
-0.0200349
-0.0200021
-0.0199642
-0.0199286
-0.019902
-0.0198903
-0.0198991
-0.0199334
-0.0199976
-0.0200961
-0.020233
-0.0204123
-0.0206385
-0.0209158
-0.0212493
-0.0216442
-0.0221064
-0.0226426
-0.0232599
-0.0239666
-0.0247716
-0.0256845
-0.0267158
-0.0278766
-0.0291785
-0.0306331
-0.0322516
-0.0340448
-0.0360217
-0.0381893
-0.0405516
-0.0431086
-0.0458554
-0.0487812
-0.0518689
-0.0550937
-0.0584239
-0.0618196
-0.0652345
-0.0686154
-0.0719045
-0.0750406
-0.0779604
-0.0806014
-0.0829026
-0.0848069
-0.0862616
-0.0872201
-0.0876412
-0.0874898
-0.0867358
-0.0853535
-0.0833206
-0.0806186
-0.0772329
-0.0731557
-0.0683894
-0.0629542
-0.0568983
-0.0503117
-0.0433417
-0.0362082
-0.0292116
-0.0227251
-0.0171629
-0.0129211
-0.0102926
-0.00936431
-0.0100039
-0.0122047
-0.0159204
-0.019771
-0.0201691
-0.0204595
-0.0206683
-0.0208228
-0.0209231
-0.0209726
-0.0209787
-0.0209504
-0.0208968
-0.0208275
-0.0207513
-0.0206766
-0.020611
-0.0205612
-0.0205331
-0.0205322
-0.0205632
-0.0206307
-0.0207389
-0.020892
-0.0210944
-0.0213505
-0.0216654
-0.0220443
-0.0224933
-0.0230191
-0.0236288
-0.0243309
-0.0251341
-0.0260484
-0.0270841
-0.0282523
-0.0295645
-0.0310321
-0.0326664
-0.0344776
-0.0364746
-0.0386638
-0.0410489
-0.0436292
-0.0463994
-0.0493483
-0.0524581
-0.0557039
-0.0590535
-0.0624673
-0.0658987
-0.0692951
-0.072599
-0.0757496
-0.0786845
-0.0813417
-0.0836611
-0.0855861
-0.0870652
-0.088052
-0.0885063
-0.0883936
-0.087684
-0.0863521
-0.0843753
-0.0817341
-0.078412
-0.0743971
-0.0696855
-0.0642877
-0.058238
-0.0516083
-0.044525
-0.0371869
-0.0298795
-0.0229756
-0.0169116
-0.0121328
-0.00900282
-0.00768105
-0.00808715
-0.010248
-0.0141147
-0.020712
-0.0211549
-0.0214725
-0.0216935
-0.0218485
-0.021938
-0.0219665
-0.021943
-0.0218783
-0.0217836
-0.0216699
-0.0215475
-0.0214261
-0.0213141
-0.021219
-0.0211474
-0.0211049
-0.0210968
-0.0211275
-0.0212015
-0.0213231
-0.0214966
-0.0217265
-0.0220177
-0.0223757
-0.0228064
-0.0233165
-0.0239134
-0.0246052
-0.0254009
-0.0263103
-0.0273437
-0.0285122
-0.029827
-0.0312994
-0.0329402
-0.0347595
-0.0367655
-0.0389643
-0.041359
-0.0439483
-0.0467265
-0.0496817
-0.0527958
-0.0560438
-0.0593932
-0.0628046
-0.0662315
-0.0696219
-0.0729187
-0.076062
-0.0789901
-0.0816416
-0.0839572
-0.0858811
-0.0873621
-0.0883545
-0.0888184
-0.0887194
-0.088028
-0.0867188
-0.0847691
-0.0821588
-0.07887
-0.0748884
-0.0702059
-0.0648255
-0.0587708
-0.0520981
-0.0449143
-0.0373965
-0.0298113
-0.0225231
-0.015981
-0.0106714
-0.00702519
-0.0052797
-0.00541819
-0.0075131
-0.0115187
-0.0217038
-0.022201
-0.0225508
-0.0227851
-0.0229386
-0.023013
-0.023014
-0.0229531
-0.0228433
-0.0226982
-0.0225308
-0.0223532
-0.0221763
-0.0220098
-0.0218618
-0.0217395
-0.0216489
-0.0215953
-0.0215835
-0.0216179
-0.0217026
-0.0218421
-0.0220409
-0.0223037
-0.022636
-0.0230436
-0.0235333
-0.0241122
-0.0247887
-0.0255716
-0.0264705
-0.0274957
-0.028658
-0.0299685
-0.0314382
-0.0330775
-0.0348959
-0.0369013
-0.0390993
-0.0414921
-0.044078
-0.0468507
-0.049798
-0.0529012
-0.0561352
-0.0594676
-0.0628589
-0.0662633
-0.0696292
-0.0729004
-0.0760174
-0.0789195
-0.0815461
-0.0838384
-0.0857411
-0.0872032
-0.0881794
-0.0886294
-0.088519
-0.0878183
-0.0865015
-0.0845457
-0.0819302
-0.0786364
-0.0746487
-0.0699559
-0.0645564
-0.0584657
-0.0517283
-0.0444341
-0.0367399
-0.0288914
-0.0212395
-0.0142368
-0.00840101
-0.00422512
-0.00202659
-0.0018627
-0.00386456
-0.00799683
-0.0227573
-0.0233206
-0.0237083
-0.0239566
-0.0241059
-0.0241591
-0.0241243
-0.024016
-0.0238505
-0.023644
-0.0234121
-0.0231689
-0.0229268
-0.0226967
-0.0224875
-0.0223069
-0.0221612
-0.0220559
-0.0219957
-0.021985
-0.0220279
-0.0221286
-0.0222916
-0.0225215
-0.0228236
-0.0232039
-0.0236687
-0.0242254
-0.0248819
-0.0256472
-0.0265307
-0.0275426
-0.0286933
-0.0299936
-0.0314542
-0.0330851
-0.0348953
-0.036892
-0.0390802
-0.0414616
-0.0440339
-0.04679
-0.0497174
-0.0527971
-0.0560038
-0.0593052
-0.0626621
-0.0660291
-0.0693552
-0.0725851
-0.07566
-0.0785199
-0.0811049
-0.0833567
-0.0852201
-0.0866443
-0.0875834
-0.0879969
-0.0878497
-0.0871111
-0.0857545
-0.0837562
-0.0810949
-0.0777512
-0.0737084
-0.0689541
-0.0634836
-0.0573076
-0.050462
-0.0430237
-0.0351319
-0.0270122
-0.0189986
-0.0115403
-0.00517683
-0.000455647
0.00222617
0.00272873
0.000848455
-0.00339866
-0.0238866
-0.0245305
-0.0249629
-0.0252254
-0.025366
-0.0253898
-0.0253084
-0.0251402
-0.0249058
-0.0246247
-0.0243156
-0.0239948
-0.0236767
-0.0233731
-0.0230939
-0.022847
-0.0226391
-0.0224756
-0.0223613
-0.0223002
-0.0222964
-0.0223539
-0.0224769
-0.0226699
-0.0229381
-0.0232871
-0.0237233
-0.024254
-0.0248868
-0.0256306
-0.0264947
-0.0274889
-0.0286235
-0.0299089
-0.0313553
-0.0329722
-0.0347681
-0.0367497
-0.0389212
-0.0412836
-0.043834
-0.0465648
-0.0494629
-0.0525092
-0.0556781
-0.0589375
-0.0622485
-0.0655662
-0.0688403
-0.0720162
-0.0750359
-0.0778401
-0.0803694
-0.0825656
-0.0843737
-0.0857423
-0.0866249
-0.0869798
-0.0867706
-0.0859651
-0.0845352
-0.0824557
-0.0797041
-0.0762601
-0.072106
-0.0672285
-0.0616219
-0.055294
-0.0482759
-0.0406356
-0.0324988
-0.0240737
-0.015677
-0.00774988
-0.000845314
0.00444316
0.00764212
0.00852267
0.00679444
0.00244322
-0.0251098
-0.0258526
-0.0263376
-0.0266136
-0.0267387
-0.0267219
-0.0265794
-0.0263356
-0.0260158
-0.0256442
-0.025243
-0.0248311
-0.0244247
-0.0240368
-0.023678
-0.0233567
-0.0230794
-0.0228515
-0.0226774
-0.0225611
-0.0225063
-0.0225166
-0.0225959
-0.0227486
-0.0229796
-0.0232943
-0.0236989
-0.0242005
-0.0248067
-0.0255259
-0.0263674
-0.0273407
-0.0284558
-0.0297227
-0.031151
-0.0327499
-0.0345272
-0.0364888
-0.0386382
-0.040976
-0.0434985
-0.0461974
-0.0490593
-0.0520647
-0.055188
-0.0583971
-0.0616535
-0.0649129
-0.0681255
-0.0712374
-0.0741914
-0.0769288
-0.0793903
-0.081518
-0.0832564
-0.0845532
-0.0853607
-0.0856357
-0.0853395
-0.0844379
-0.0829003
-0.0806992
-0.0778102
-0.0742111
-0.0698834
-0.0648128
-0.0589932
-0.0524318
-0.0451574
-0.0372338
-0.0287777
-0.0199842
-0.011155
-0.0027215
0.00475575
0.0106453
0.0144025
0.0157057
0.0141629
0.00971651
-0.026451
-0.0273158
-0.0278624
-0.0281492
-0.0282486
-0.0281756
-0.0279531
-0.0276131
-0.0271877
-0.0267066
-0.0261957
-0.0256771
-0.0251687
-0.0246849
-0.0242365
-0.0238322
-0.0234784
-0.02318
-0.0229411
-0.0227652
-0.0226555
-0.0226152
-0.0226479
-0.0227577
-0.022949
-0.0232271
-0.023598
-0.0240684
-0.0246459
-0.0253386
-0.0261554
-0.0271057
-0.028199
-0.029445
-0.0308527
-0.0324308
-0.0341864
-0.0361248
-0.0382488
-0.0405581
-0.0430484
-0.045711
-0.0485319
-0.0514913
-0.0545634
-0.0577164
-0.060912
-0.0641063
-0.0672503
-0.0702906
-0.0731707
-0.075832
-0.0782157
-0.0802635
-0.081919
-0.0831291
-0.083844
-0.0840183
-0.0836106
-0.0825835
-0.0809032
-0.0785391
-0.0754634
-0.0716517
-0.0670832
-0.0617427
-0.0556238
-0.048734
-0.0411025
-0.0327919
-0.0239152
-0.0146599
-0.00531688
0.00369078
0.0117976
0.0183404
0.0227093
0.0244885
0.023169
0.0186337
-0.0279422
-0.0289587
-0.0295768
-0.0298687
-0.0299269
-0.0297755
-0.0294476
-0.0289854
-0.0284292
-0.0278151
-0.027174
-0.0265309
-0.0259056
-0.0253131
-0.0247649
-0.0242691
-0.0238317
-0.0234572
-0.0231488
-0.0229095
-0.0227418
-0.0226485
-0.0226325
-0.0226975
-0.0228476
-0.0230878
-0.0234238
-0.023862
-0.0244097
-0.0250749
-0.0258662
-0.0267924
-0.0278629
-0.0290868
-0.0304727
-0.0320286
-0.0337609
-0.0356743
-0.0377708
-0.0400495
-0.0425053
-0.0451289
-0.0479058
-0.0508159
-0.0538334
-0.0569264
-0.0600569
-0.0631816
-0.0662517
-0.0692146
-0.072014
-0.0745918
-0.0768889
-0.0788466
-0.0804074
-0.0815164
-0.0821218
-0.0821752
-0.0816317
-0.08045
-0.078592
-0.0760227
-0.0727103
-0.0686262
-0.0637468
-0.0580547
-0.0515426
-0.0442187
-0.0361139
-0.0272923
-0.0178678
-0.00802567
0.00194789
0.0116339
0.0204608
0.0277361
0.0327897
0.0351119
0.0340605
0.0294386
-0.0296269
-0.0308333
-0.0315333
-0.0318191
-0.0318124
-0.0315516
-0.0310842
-0.0304657
-0.0297472
-0.0289723
-0.0281769
-0.0273891
-0.0266301
-0.0259157
-0.0252567
-0.024661
-0.0241334
-0.0236776
-0.023296
-0.0229903
-0.0227625
-0.0226145
-0.0225488
-0.0225683
-0.0226768
-0.0228789
-0.0231799
-0.023586
-0.0241042
-0.024742
-0.0255079
-0.0264103
-0.0274581
-0.02866
-0.030024
-0.0315575
-0.0332662
-0.0351542
-0.0372227
-0.0394698
-0.0418901
-0.0444735
-0.047205
-0.0500642
-0.053025
-0.0560557
-0.0591184
-0.0621701
-0.0651626
-0.0680434
-0.0707568
-0.0732446
-0.0754473
-0.0773054
-0.0787602
-0.0797547
-0.0802343
-0.080147
-0.0794438
-0.0780785
-0.076008
-0.0731917
-0.0695921
-0.0651755
-0.0599134
-0.053785
-0.0467809
-0.0389091
-0.0302021
-0.0207277
-0.0106034
-1.74721e-05
0.0107419
0.0212533
0.0309339
0.0390596
0.0449009
0.0478547
0.0471281
0.0424166
-0.0315654
-0.0330113
-0.0338026
-0.0340619
-0.0339538
-0.0335395
-0.0328864
-0.0320677
-0.0311475
-0.030178
-0.0292001
-0.0282447
-0.027334
-0.0264834
-0.0257029
-0.0249991
-0.0243755
-0.0238342
-0.0233763
-0.0230025
-0.0227136
-0.0225106
-0.0223952
-0.0223698
-0.0224375
-0.0226026
-0.0228698
-0.0232451
-0.023735
-0.024347
-0.0250888
-0.0259688
-0.0269952
-0.0281763
-0.0295196
-0.0310317
-0.0327177
-0.0345809
-0.0366218
-0.0388378
-0.0412227
-0.0437657
-0.0464514
-0.049259
-0.0521623
-0.0551293
-0.0581225
-0.0610989
-0.0640108
-0.0668059
-0.0694285
-0.0718203
-0.0739214
-0.0756711
-0.077009
-0.0778758
-0.0782135
-0.0779662
-0.07708
-0.0755032
-0.0731863
-0.070082
-0.0661459
-0.0613374
-0.0556213
-0.0489713
-0.0413741
-0.0328354
-0.0233886
-0.0131043
-0.00210564
0.00941234
0.0211542
0.032688
0.0434111
0.0525592
0.0593371
0.0630458
0.0627203
0.0579102
-0.0338433
-0.0355935
-0.0364812
-0.0366774
-0.0364121
-0.0357809
-0.0348795
-0.0338036
-0.0326326
-0.0314277
-0.0302347
-0.0290862
-0.0280042
-0.0270028
-0.0260902
-0.0252708
-0.0245461
-0.0239162
-0.0233805
-0.0229382
-0.0225885
-0.0223317
-0.0221682
-0.0220999
-0.0221291
-0.0222596
-0.0224957
-0.0228429
-0.0233074
-0.0238962
-0.0246167
-0.0254768
-0.0264844
-0.0276471
-0.0289718
-0.0304645
-0.0321297
-0.0339697
-0.0359844
-0.0381704
-0.0405207
-0.0430241
-0.0456643
-0.0484204
-0.0512658
-0.0541685
-0.0570908
-0.0599902
-0.0628189
-0.0655248
-0.0680522
-0.0703425
-0.0723349
-0.0739675
-0.0751779
-0.075904
-0.0760843
-0.0756584
-0.0745669
-0.0727517
-0.0701562
-0.0667252
-0.0624059
-0.0571489
-0.0509105
-0.0436563
-0.0353661
-0.0260409
-0.0157114
-0.00444958
0.00761708
0.0202856
0.0332495
0.0460603
0.0580847
0.0685027
0.076437
0.0810804
0.081267
0.0763441
-0.0365858
-0.0387242
-0.0397022
-0.0397711
-0.039262
-0.0383229
-0.037088
-0.035681
-0.034198
-0.0327092
-0.0312637
-0.0298939
-0.02862
-0.0274533
-0.0263988
-0.0254575
-0.0246283
-0.0239085
-0.0232952
-0.0227856
-0.0223776
-0.0220697
-0.0218616
-0.0217541
-0.0217488
-0.0218488
-0.022058
-0.0223813
-0.0228246
-0.0233944
-0.0240977
-0.0249419
-0.0259343
-0.027082
-0.0283914
-0.0298677
-0.0315147
-0.0333339
-0.0353245
-0.0374823
-0.0397995
-0.0422642
-0.0448599
-0.0475648
-0.0503522
-0.05319
-0.0560405
-0.0588611
-0.0616041
-0.0642175
-0.0666453
-0.0688284
-0.0707051
-0.0722121
-0.0732846
-0.0738577
-0.0738659
-0.0732438
-0.0719263
-0.0698481
-0.0669447
-0.0631519
-0.0584072
-0.0526507
-0.0458278
-0.0378932
-0.0288164
-0.0185892
-0.00723568
0.00517604
0.0185181
0.0325824
0.0470517
0.0614587
0.0751309
0.087171
0.0965902
0.102442
0.103315
0.0982694
-0.0399831
-0.0426154
-0.0436512
-0.0434802
-0.0425928
-0.0412147
-0.0395309
-0.0376973
-0.0358273
-0.0339975
-0.0322572
-0.030636
-0.0291495
-0.0278039
-0.0265992
-0.0255321
-0.0245972
-0.0237885
-0.0231003
-0.0225273
-0.0220656
-0.021712
-0.0214649
-0.021324
-0.0212903
-0.0213659
-0.0215542
-0.0218597
-0.0222876
-0.022844
-0.0235355
-0.0243689
-0.0253511
-0.0264884
-0.0277867
-0.0292504
-0.0308826
-0.0326841
-0.0346531
-0.0367849
-0.0390708
-0.0414983
-0.0440502
-0.0467045
-0.049434
-0.0522064
-0.0549839
-0.057724
-0.0603788
-0.0628963
-0.0652201
-0.0672905
-0.0690448
-0.0704179
-0.0713429
-0.0717515
-0.0715742
-0.0707405
-0.0691788
-0.0668166
-0.0635806
-0.0593969
-0.0541919
-0.0478936
-0.0404343
-0.0317547
-0.0218098
-0.0105772
0.00193244
0.0156623
0.0304924
0.0462179
0.0625179
0.0789085
0.0946831
0.10884
0.120238
0.127732
0.12958
0.124438
-0.0443359
-0.0475858
-0.0485884
-0.0479805
-0.0465052
-0.0444999
-0.0422113
-0.0398297
-0.0374817
-0.0352451
-0.0331644
-0.0312612
-0.029543
-0.0280077
-0.0266482
-0.0254549
-0.024417
-0.0235243
-0.0227674
-0.0221384
-0.0216308
-0.0212397
-0.0209621
-0.0207964
-0.0207426
-0.0208022
-0.0209778
-0.0212733
-0.0216935
-0.0222438
-0.0229304
-0.0237596
-0.0247375
-0.0258701
-0.0271623
-0.0286181
-0.0302396
-0.0320269
-0.0339775
-0.0360857
-0.0383424
-0.0407342
-0.0432435
-0.0458477
-0.0485194
-0.0512259
-0.0539295
-0.0565873
-0.0591515
-0.0615699
-0.0637857
-0.0657385
-0.0673643
-0.0685964
-0.0693655
-0.0696001
-0.0692264
-0.0681688
-0.0663491
-0.0636873
-0.060101
-0.0555059
-0.0498165
-0.0429473
-0.0348152
-0.0253439
-0.0144696
-0.00214945
0.0116278
0.0268273
0.0433504
0.0610106
0.0795003
0.0983378
0.116782
0.133746
0.147865
0.157696
0.16103
0.155939
-0.0501448
-0.0541259
-0.0548775
-0.0534883
-0.0510997
-0.0481985
-0.0450979
-0.0420164
-0.0390839
-0.0363687
-0.0339014
-0.0316892
-0.0297253
-0.0279957
-0.0264832
-0.0251696
-0.0240376
-0.0230716
-0.0222577
-0.0215848
-0.0210436
-0.0206274
-0.0203313
-0.0201526
-0.0200902
-0.0201448
-0.0203182
-0.0206137
-0.0210356
-0.0215889
-0.022279
-0.0231117
-0.0240926
-0.025227
-0.0265191
-0.0279722
-0.0295876
-0.0313648
-0.0333004
-0.035388
-0.0376177
-0.0399756
-0.0424435
-0.0449985
-0.0476126
-0.0502532
-0.0528821
-0.0554565
-0.0579285
-0.0602454
-0.0623502
-0.0641817
-0.0656747
-0.0667608
-0.0673684
-0.0674227
-0.066846
-0.0655574
-0.0634725
-0.0605036
-0.0565592
-0.0515446
-0.0453617
-0.0379106
-0.0290912
-0.0188075
-0.00697225
0.0064846
0.0216059
0.0383928
0.0567862
0.076642
0.0976948
0.119499
0.141323
0.162006
0.179961
0.193264
0.199007
0.194444
-0.0582928
-0.063006
-0.0630151
-0.0602455
-0.0564434
-0.0522698
-0.0480888
-0.0441254
-0.0404909
-0.0372263
-0.034334
-0.0317962
-0.0295849
-0.0276689
-0.0260169
-0.0246001
-0.0233928
-0.0223727
-0.0215213
-0.0208234
-0.0202671
-0.0198432
-0.0195453
-0.0193694
-0.0193133
-0.0193767
-0.0195611
-0.0198689
-0.0203039
-0.0208706
-0.0215739
-0.0224191
-0.0234111
-0.0245546
-0.0258532
-0.0273094
-0.0289239
-0.0306954
-0.0326197
-0.0346899
-0.0368953
-0.0392216
-0.0416499
-0.044157
-0.0467147
-0.04929
-0.0518448
-0.0543359
-0.0567154
-0.0589305
-0.0609235
-0.0626327
-0.0639918
-0.0649308
-0.0653759
-0.0652493
-0.0644695
-0.0629508
-0.0606029
-0.0573307
-0.0530344
-0.0476086
-0.0409432
-0.0329234
-0.0234312
-0.0123487
0.000438447
0.0150341
0.031523
0.0499583
0.070344
0.0926108
0.11658
0.1419
0.167922
0.1935
0.216909
0.235526
0.245412
0.242665
-0.0704362
-0.0754488
-0.0736278
-0.0684481
-0.0624849
-0.0565305
-0.05094
-0.0458949
-0.0414479
-0.0375824
-0.0342516
-0.031398
-0.0289629
-0.0268911
-0.0251336
-0.0236483
-0.0223994
-0.0213576
-0.020499
-0.0198043
-0.0192589
-0.0188514
-0.0185738
-0.0184209
-0.0183896
-0.018479
-0.0186899
-0.0190243
-0.0194855
-0.0200774
-0.0208047
-0.021672
-0.0226838
-0.0238442
-0.0251562
-0.0266216
-0.0282406
-0.030011
-0.0319282
-0.0339846
-0.0361691
-0.0384666
-0.0408581
-0.0433199
-0.0458237
-0.0483363
-0.0508194
-0.05323
-0.0555198
-0.0576359
-0.0595205
-0.0611111
-0.0623406
-0.0631376
-0.0634263
-0.0631265
-0.0621533
-0.0604164
-0.0578207
-0.0542646
-0.0496403
-0.0438332
-0.0367215
-0.0281764
-0.0180621
-0.00623776
0.00744029
0.0231148
0.0409221
0.0609831
0.0833908
0.108191
0.13535
0.164695
0.19579
0.227695
0.258656
0.28554
0.30283
0.304966
-0.0898167
-0.0933757
-0.0873697
-0.0780628
-0.0688745
-0.0605002
-0.0531421
-0.0468422
-0.0415243
-0.0370674
-0.0333441
-0.0302387
-0.0276499
-0.0254922
-0.0236955
-0.0222026
-0.0209674
-0.0199533
-0.0191314
-0.0184792
-0.0179795
-0.0176194
-0.0173897
-0.0172843
-0.0172998
-0.0174348
-0.0176897
-0.0180663
-0.0185676
-0.0191972
-0.0199595
-0.0208586
-0.0218989
-0.0230838
-0.0244159
-0.0258965
-0.0275252
-0.0292995
-0.0312141
-0.0332609
-0.0354284
-0.0377014
-0.0400603
-0.0424815
-0.0449363
-0.0473916
-0.0498091
-0.0521457
-0.0543534
-0.056379
-0.0581646
-0.0596473
-0.0607595
-0.0614285
-0.0615772
-0.0611233
-0.059979
-0.0580506
-0.055239
-0.0514372
-0.0465309
-0.0403976
-0.0329056
-0.0239135
-0.0132692
-0.000809939
0.0136375
0.0302568
0.0492419
0.0707944
0.0951204
0.122423
0.152885
0.186626
0.223592
0.263336
0.304556
0.343931
0.374311
0.387765
-0.122973
-0.119649
-0.104711
-0.0886107
-0.0747711
-0.0632518
-0.0538327
-0.0462319
-0.0401249
-0.0352144
-0.0312543
-0.0280492
-0.0254459
-0.0233253
-0.0215957
-0.0201863
-0.0190424
-0.0181222
-0.0173936
-0.016832
-0.0164193
-0.016142
-0.0159908
-0.0159596
-0.0160448
-0.0162453
-0.0165614
-0.0169952
-0.0175495
-0.0182281
-0.0190351
-0.0199747
-0.0210507
-0.0222665
-0.0236244
-0.0251254
-0.0267687
-0.0285514
-0.0304679
-0.03251
-0.0346658
-0.0369199
-0.0392527
-0.0416405
-0.0440547
-0.0464622
-0.048825
-0.0511
-0.0532393
-0.05519
-0.0568941
-0.0582887
-0.0593057
-0.059872
-0.0599093
-0.0593339
-0.0580556
-0.0559796
-0.0530026
-0.049014
-0.043895
-0.037517
-0.0297408
-0.0204148
-0.00937376
0.00356379
0.0185976
0.0359502
0.0558722
0.0786508
0.10462
0.134175
0.167789
0.206009
0.249411
0.298467
0.353058
0.410431
0.463102
0.500905
-0.185292
-0.157487
-0.124623
-0.098214
-0.0781832
-0.0630169
-0.051623
-0.0430532
-0.0365468
-0.0315514
-0.0276751
-0.0246379
-0.0222383
-0.0203309
-0.0188102
-0.0175984
-0.0166382
-0.0158868
-0.0153126
-0.014892
-0.0146079
-0.0144479
-0.0144039
-0.0144707
-0.0146457
-0.0149283
-0.0153197
-0.0158223
-0.0164393
-0.0171748
-0.0180332
-0.0190187
-0.0201352
-0.0213861
-0.0227736
-0.0242987
-0.0259603
-0.0277556
-0.029679
-0.031722
-0.0338729
-0.0361162
-0.0384326
-0.0407983
-0.0431852
-0.0455603
-0.0478858
-0.0501191
-0.0522127
-0.0541138
-0.0557648
-0.0571029
-0.05806
-0.0585627
-0.058532
-0.0578837
-0.0565277
-0.0543664
-0.0512952
-0.0472013
-0.0419632
-0.0354487
-0.0275138
-0.0180006
-0.00673476
0.00647833
0.0218581
0.0396571
0.0601728
0.0837659
0.110889
0.142133
0.178291
0.220461
0.270146
0.329353
0.400274
0.482838
0.57365
0.667812
-0.321086
-0.20574
-0.135719
-0.0969122
-0.0717706
-0.0546104
-0.0429621
-0.0349208
-0.029184
-0.0249768
-0.02183
-0.0194389
-0.0175997
-0.0161741
-0.0150667
-0.0142105
-0.0135574
-0.0130726
-0.0127309
-0.0125143
-0.0124099
-0.0124092
-0.0125066
-0.0126996
-0.0129874
-0.013371
-0.013853
-0.0144368
-0.0151266
-0.0159272
-0.0168434
-0.0178801
-0.0190417
-0.0203318
-0.021753
-0.0233064
-0.0249915
-0.0268055
-0.0287432
-0.0307963
-0.0329536
-0.0351999
-0.0375164
-0.0398797
-0.0422622
-0.0446313
-0.04695
-0.0491761
-0.0512626
-0.0531575
-0.0548035
-0.0561384
-0.0570945
-0.0575986
-0.0575709
-0.0569289
-0.0555815
-0.053431
-0.0503727
-0.0462933
-0.0410706
-0.0345714
-0.0266504
-0.0171478
-0.00588562
0.00733594
0.0227452
0.0406089
0.0612485
0.0850648
0.112579
0.144504
0.181864
0.226211
0.280009
0.347293
0.434416
0.549661
0.710248
0.93893
-0.595917
-0.250859
-0.111981
-0.0671473
-0.0451927
-0.0318177
-0.0240124
-0.0194035
-0.0164434
-0.0144003
-0.0129342
-0.0118581
-0.0110584
-0.010465
-0.0100328
-0.00973155
-0.00954021
-0.00944388
-0.00943221
-0.00949824
-0.00963775
-0.00984867
-0.0101308
-0.0104855
-0.0109153
-0.0114241
-0.0120163
-0.0126974
-0.013473
-0.0143491
-0.0153319
-0.016427
-0.0176399
-0.0189749
-0.0204355
-0.0220234
-0.023739
-0.0255802
-0.0275425
-0.0296185
-0.0317976
-0.0340657
-0.0364045
-0.0387917
-0.0412004
-0.0435991
-0.0459513
-0.0482159
-0.0503467
-0.0522925
-0.0539967
-0.0553979
-0.0564288
-0.0570171
-0.0570865
-0.0565503
-0.0553202
-0.0532999
-0.0503855
-0.0464648
-0.0414167
-0.0351098
-0.0274006
-0.0181312
-0.00712645
0.00581096
0.020906
0.0384218
0.0586754
0.0820629
0.109101
0.140498
0.177286
0.22107
0.274575
0.342971
0.437398
0.582491
0.842008
1.3092
)
;

boundaryField
{
    movingWall
    {
        type            zeroGradient;
    }
    fixedWalls
    {
        type            zeroGradient;
    }
    frontAndBack
    {
        type            empty;
    }
}


// ************************************************************************* //
