/*--------------------------------*- C++ -*----------------------------------*\
  =========                 |
  \\      /  F ield         | OpenFOAM: The Open Source CFD Toolbox
   \\    /   O peration     | Website:  https://openfoam.org
    \\  /    A nd           | Version:  7
     \\/     M anipulation  |
\*---------------------------------------------------------------------------*/
FoamFile
{
    version     2.0;
    format      ascii;
    class       volScalarField;
    location    "1.1";
    object      p;
}
// * * * * * * * * * * * * * * * * * * * * * * * * * * * * * * * * * * * * * //

dimensions      [0 2 -2 0 0 0 0];

internalField   nonuniform List<scalar> 
6400
(
2.27613e-08
-1.3721e-06
-3.3126e-05
-9.29948e-05
-0.000173642
-0.000268699
-0.000372766
-0.000481492
-0.000591514
-0.000700393
-0.000806392
-0.000908314
-0.00100536
-0.00109697
-0.00118277
-0.00126245
-0.0013357
-0.00140216
-0.00146141
-0.00151293
-0.00155611
-0.00159025
-0.00161455
-0.00162817
-0.00163021
-0.00161978
-0.00159598
-0.00155799
-0.00150507
-0.00143659
-0.00135211
-0.00125135
-0.00113428
-0.00100113
-0.000852417
-0.000688956
-0.000511914
-0.000322794
-0.00012345
8.39203e-05
0.000296796
0.000512347
0.000727484
0.000938895
0.00114311
0.00133658
0.00151571
0.00167702
0.00181715
0.00193302
0.00202185
0.00208131
0.00210957
0.00210534
0.00206795
0.0019974
0.00189432
0.00176004
0.0015965
0.00140626
0.00119243
0.000958597
0.000708755
0.000447211
0.0001785
-9.27036e-05
-0.000361663
-0.000623663
-0.000874067
-0.00110839
-0.00132232
-0.00151182
-0.00167316
-0.00180308
-0.00189893
-0.00195915
-0.00198402
-0.00197705
-0.00194655
-0.00190762
6.05461e-07
-8.41731e-07
-2.90093e-05
-8.01288e-05
-0.000148278
-0.000229015
-0.000318233
-0.000412485
-0.000508933
-0.000605383
-0.000700192
-0.000792145
-0.000880358
-0.000964184
-0.00104312
-0.00111676
-0.00118469
-0.00124653
-0.00130181
-0.00134999
-0.00139051
-0.0014227
-0.00144583
-0.00145914
-0.00146182
-0.00145309
-0.00143215
-0.00139828
-0.00135084
-0.00128928
-0.00121322
-0.00112245
-0.00101697
-0.000896993
-0.000763021
-0.000615823
-0.000456476
-0.000286364
-0.000107189
7.90359e-05
0.00027001
0.00046315
0.00065564
0.000844467
0.00102648
0.00119845
0.00135713
0.00149936
0.00162211
0.00172259
0.00179833
0.00184725
0.0018677
0.00185859
0.00181935
0.00175003
0.00165129
0.00152436
0.00137109
0.00119387
0.000995561
0.000779485
0.000549306
0.000308968
6.26136e-05
-0.000185508
-0.000431111
-0.000669951
-0.00089789
-0.00111096
-0.00130543
-0.00147787
-0.00162522
-0.00174494
-0.00183516
-0.00189499
-0.00192515
-0.00192844
-0.0019078
-0.00186877
3.16396e-05
2.62399e-05
-2.32172e-06
-5.00181e-05
-0.000111944
-0.000184566
-0.000264691
-0.000349487
-0.00043659
-0.000524114
-0.000610598
-0.00069492
-0.000776235
-0.000853891
-0.000927369
-0.000996224
-0.00106004
-0.00111839
-0.00117081
-0.00121677
-0.00125572
-0.00128703
-0.00131001
-0.00132395
-0.00132811
-0.00132174
-0.00130413
-0.0012746
-0.00123255
-0.00117749
-0.00110905
-0.00102704
-0.000931443
-0.000822467
-0.000700558
-0.000566425
-0.000421058
-0.000265738
-0.000102038
6.81795e-05
0.000242766
0.000419327
0.000595238
0.000767688
0.000933736
0.00109036
0.00123454
0.00136331
0.00147384
0.00156353
0.00163008
0.00167154
0.00168642
0.00167369
0.00163286
0.00156403
0.00146783
0.00134549
0.00119877
0.00102996
0.000841794
0.000637415
0.000420286
0.000194119
-3.72089e-05
-0.000269734
-0.000499484
-0.000722554
-0.00093517
-0.00113375
-0.00131497
-0.00147581
-0.00161366
-0.00172637
-0.00181238
-0.00187088
-0.00190237
-0.00190847
-0.00188743
-0.00183796
9.21879e-05
7.68945e-05
4.35303e-05
-4.98941e-06
-6.51555e-05
-0.000134035
-0.000209014
-0.000287805
-0.000368491
-0.000449521
-0.000529674
-0.000608002
-0.00068377
-0.000756403
-0.000825426
-0.000890423
-0.000950995
-0.00100672
-0.00105716
-0.0011018
-0.00114009
-0.00117144
-0.00119519
-0.00121065
-0.00121712
-0.00121387
-0.00120021
-0.0011755
-0.00113914
-0.00109065
-0.00102965
-0.000955929
-0.000869435
-0.000770329
-0.000658998
-0.000536074
-0.000402459
-0.000259331
-0.000108152
4.93366e-05
0.000211119
0.00037493
0.000538282
0.000698505
0.000852789
0.000998249
0.00113198
0.00125114
0.00135302
0.0014351
0.00149517
0.00153136
0.00154223
0.0015268
0.00148463
0.0014158
0.00132097
0.00120133
0.00105863
0.000895084
0.000713361
0.000516503
0.000307857
9.09926e-05
-0.000130382
-0.000352495
-0.000571593
-0.000784013
-0.000986246
-0.001175
-0.00134723
-0.00150024
-0.00163166
-0.00173956
-0.00182243
-0.00187931
-0.00191024
-0.00191575
-0.00189076
-0.00182987
0.000175882
0.000145715
0.000104023
5.17653e-05
-9.40813e-06
-7.71042e-05
-0.000149212
-0.000223972
-0.000299914
-0.000375845
-0.000450824
-0.000524116
-0.000595148
-0.000663464
-0.000728678
-0.000790435
-0.000848376
-0.00090212
-0.000951242
-0.000995266
-0.00103366
-0.00106586
-0.00109121
-0.00110904
-0.00111867
-0.00111937
-0.00111047
-0.00109132
-0.0010613
-0.00101992
-0.000966761
-0.000901565
-0.000824228
-0.000734846
-0.000633724
-0.000521409
-0.000398705
-0.000266686
-0.000126705
1.9607e-05
0.000170346
0.000323356
0.000476257
0.000626475
0.000771297
0.000907916
0.00103351
0.00114529
0.00124059
0.00131697
0.00137222
0.00140452
0.00141243
0.00139499
0.00135176
0.00128282
0.00118883
0.00107097
0.000930955
0.00077098
0.00059367
0.000402015
0.000199289
-1.10292e-05
-0.000225342
-0.000440014
-0.000651455
-0.000856185
-0.0010509
-0.00123254
-0.0013983
-0.00154569
-0.00167254
-0.00177706
-0.00185774
-0.00191345
-0.00194381
-0.00194861
-0.00192074
-0.00185254
0.000276693
0.000228391
0.000175615
0.000117246
5.27959e-05
-1.58446e-05
-8.70233e-05
-0.000159491
-0.00023222
-0.000304384
-0.000375344
-0.00044461
-0.000511803
-0.000576622
-0.000638796
-0.000698057
-0.000754112
-0.000806633
-0.000855234
-0.000899469
-0.000938833
-0.000972759
-0.00100062
-0.00102176
-0.00103546
-0.00104102
-0.00103774
-0.00102493
-0.00100197
-0.000968285
-0.000923424
-0.000867055
-0.000798999
-0.000719263
-0.000628063
-0.000525842
-0.000413303
-0.000291412
-0.000161418
-2.485e-05
0.000116484
0.000260518
0.000404947
0.000547265
0.000684813
0.000814825
0.000934502
0.00104108
0.00113189
0.00120449
0.00125665
0.00128653
0.00129268
0.00127411
0.00123036
0.00116149
0.00106814
0.000951467
0.000813185
0.000655474
0.000480943
0.00029256
9.35672e-05
-0.000112602
-0.000322414
-0.000532317
-0.000738826
-0.000938594
-0.00112847
-0.00130555
-0.00146722
-0.00161116
-0.00173534
-0.00183805
-0.00191779
-0.0019733
-0.00200392
-0.00200896
-0.00198034
-0.00190954
0.000389054
0.000320403
0.00025463
0.000188306
0.00011875
4.74e-05
-2.45062e-05
-9.62092e-05
-0.000167117
-0.000236776
-0.00030486
-0.000371144
-0.000435469
-0.000497707
-0.000557724
-0.000615357
-0.000670402
-0.000722593
-0.000771592
-0.000816987
-0.000858293
-0.000894959
-0.000926362
-0.000951825
-0.000970631
-0.000982045
-0.000985331
-0.00097976
-0.000964645
-0.000939354
-0.000903348
-0.000856208
-0.000797658
-0.000727603
-0.000646148
-0.000553628
-0.00045063
-0.000338014
-0.000216924
-8.87969e-05
4.46456e-05
0.000181406
0.000319233
0.00045566
0.000588044
0.000713628
0.000829597
0.000933155
0.0010216
0.00109243
0.00114336
0.00117249
0.0011783
0.00115975
0.00111631
0.00104802
0.000955466
0.000839798
0.000702705
0.000546364
0.000373388
0.000186746
-1.03188e-05
-0.000214381
-0.000421926
-0.00062944
-0.000833492
-0.00103081
-0.00121835
-0.00139332
-0.00155322
-0.00169586
-0.00181931
-0.00192194
-0.00200225
-0.00205889
-0.00209105
-0.00209778
-0.0020708
-0.00200158
0.000507821
0.000417447
0.000337298
0.000261651
0.000185596
0.000110166
3.62089e-05
-3.59926e-05
-0.000106277
-0.000174559
-0.000240837
-0.000305162
-0.000367605
-0.000428224
-0.000487037
-0.000544003
-0.000599015
-0.000651878
-0.000702309
-0.00074993
-0.00079428
-0.000834812
-0.000870897
-0.000901843
-0.000926904
-0.000945305
-0.000956252
-0.000958955
-0.000952644
-0.000936599
-0.000910179
-0.000872855
-0.000824238
-0.000764107
-0.000692446
-0.000609463
-0.000515626
-0.000411679
-0.000298662
-0.000177921
-5.11023e-05
7.98518e-05
0.00021273
0.000345078
0.000474248
0.000597451
0.000711828
0.000814515
0.000902733
0.00097387
0.00102556
0.00105579
0.00106293
0.00104585
0.00100393
0.000937138
0.000845996
0.000731619
0.000595672
0.000440327
0.000268203
8.22876e-05
-0.000114153
-0.000317672
-0.000524738
-0.000731832
-0.000935536
-0.00113261
-0.00132004
-0.00149513
-0.00165543
-0.00179883
-0.00192349
-0.00202782
-0.00211034
-0.00216969
-0.00220496
-0.00221508
-0.0021921
-0.00212799
0.000628232
0.000515274
0.000419824
0.000333881
0.000250309
0.000169759
9.27089e-05
1.89745e-05
-5.17068e-05
-0.000119622
-0.000185095
-0.000248458
-0.000310016
-0.000370021
-0.000428653
-0.000486003
-0.000542063
-0.000596718
-0.000649739
-0.000700785
-0.000749412
-0.000795076
-0.000837137
-0.000874873
-0.000907499
-0.000934181
-0.000954058
-0.00096625
-0.000969891
-0.000964149
-0.000948262
-0.000921572
-0.000883549
-0.000833837
-0.000772275
-0.000698934
-0.000614148
-0.000518537
-0.000413033
-0.000298888
-0.000177677
-5.1291e-05
7.80824e-05
0.00020799
0.000335755
0.000458538
0.000573399
0.000677378
0.000767576
0.000841247
0.000895886
0.000929319
0.000939784
0.000926002
0.000887233
0.000823321
0.000734709
0.000622443
0.000488147
0.000333976
0.000162551
-2.31173e-05
-0.000219726
-0.000423784
-0.000631715
-0.000839958
-0.00104507
-0.00124378
-0.0014331
-0.00161032
-0.00177305
-0.00191921
-0.002047
-0.00215486
-0.00224134
-0.00230509
-0.00234516
-0.00236046
-0.00234363
-0.00228749
0.000745848
0.000609782
0.000498432
0.000401534
0.000309723
0.00022328
0.000142326
6.62128e-05
-5.74441e-06
-7.42054e-05
-0.00013982
-0.000203198
-0.000264883
-0.000325327
-0.000384875
-0.00044375
-0.00050205
-0.000559738
-0.000616641
-0.000672453
-0.000726745
-0.00077897
-0.000828468
-0.000874482
-0.00091617
-0.000952629
-0.000982907
-0.00100602
-0.001021
-0.00102686
-0.00102271
-0.00100774
-0.000981254
-0.000942744
-0.000891886
-0.000828593
-0.000753051
-0.000665745
-0.000567485
-0.000459425
-0.000343062
-0.000220239
-9.31208e-05
3.58283e-05
0.000163891
0.000288157
0.000405584
0.000513084
0.000607607
0.000686233
0.000746273
0.000785358
0.000801532
0.000793328
0.000759831
0.000700729
0.000616333
0.000507587
0.000376042
0.000223813
5.35131e-05
-0.000131829
-0.000328869
-0.000534058
-0.00074375
-0.000954315
-0.00116224
-0.0013642
-0.00155715
-0.00173837
-0.00190543
-0.00205626
-0.00218908
-0.00230231
-0.00239456
-0.00246448
-0.00251108
-0.00253328
-0.00252456
-0.00247868
0.000856427
0.000696965
0.000569363
0.000461094
0.000360555
0.000267664
0.000182181
0.000102996
2.89977e-05
-4.08428e-05
-0.0001075
-0.00017186
-0.000234704
-0.000296689
-0.000358322
-0.000419959
-0.000481802
-0.000543895
-0.000606117
-0.000668193
-0.000729707
-0.000790104
-0.000848696
-0.000904678
-0.000957144
-0.00100511
-0.00104751
-0.00108325
-0.00111121
-0.00113027
-0.00113937
-0.00113751
-0.00112385
-0.00109767
-0.00105846
-0.00100598
-0.000940226
-0.000861538
-0.000770587
-0.000668414
-0.000556424
-0.000436407
-0.000310505
-0.000181191
-5.1229e-05
7.63854e-05
0.000198492
0.000311847
0.000413216
0.000499472
0.000567695
0.000615275
0.000640009
0.000640186
0.00061466
0.000562906
0.000485053
0.000381891
0.000254859
0.000105997
-6.21149e-05
-0.000246445
-0.000443613
-0.000650004
-0.000861887
-0.00107553
-0.00128732
-0.00149384
-0.00169195
-0.00187883
-0.00205201
-0.00220936
-0.00234907
-0.00246954
-0.00256938
-0.00264724
-0.00270211
-0.00273289
-0.00273399
-0.00270025
0.000955837
0.00077288
0.000628865
0.000508995
0.000399424
0.000299698
0.00020921
0.000126379
4.9665e-05
-2.23273e-05
-9.08932e-05
-0.000157202
-0.00022227
-0.00028695
-0.000351914
-0.00041765
-0.000484461
-0.000552466
-0.000621597
-0.000691606
-0.000762086
-0.000832467
-0.000902027
-0.000969906
-0.00103512
-0.00109658
-0.00115311
-0.00120348
-0.00124641
-0.0012806
-0.00130482
-0.00131787
-0.00131868
-0.00130636
-0.00128017
-0.00123967
-0.00118466
-0.0011153
-0.0010321
-0.000935979
-0.000828211
-0.00071053
-0.000585036
-0.000454209
-0.000320856
-0.000188064
-5.91257e-05
6.25418e-05
0.00017349
0.000270346
0.000349915
0.000409293
0.000445969
0.000457927
0.000443722
0.000402551
0.000334291
0.000239521
0.000119508
-2.38308e-05
-0.000187987
-0.000369952
-0.000566321
-0.000773416
-0.000987411
-0.00120446
-0.00142079
-0.00163286
-0.00183739
-0.00203142
-0.00221238
-0.00237801
-0.00252643
-0.002656
-0.00276525
-0.00285284
-0.0029177
-0.00295867
-0.00297114
-0.00295111
0.00104002
0.000833617
0.000673177
0.000541625
0.000422865
0.000316049
0.000220189
0.000133227
5.31942e-05
-2.16793e-05
-9.30111e-05
-0.000162246
-0.000230637
-0.00029923
-0.000368856
-0.000440133
-0.000513462
-0.000589033
-0.000666828
-0.000746625
-0.000828019
-0.000910421
-0.000993068
-0.00107503
-0.00115525
-0.00123251
-0.00130551
-0.00137287
-0.00143311
-0.00148478
-0.0015264
-0.00155657
-0.00157399
-0.00157751
-0.00156618
-0.0015393
-0.00149647
-0.00143761
-0.00136306
-0.00127354
-0.00117024
-0.00105476
-0.000929142
-0.000795862
-0.000657762
-0.000518014
-0.000380052
-0.000247484
-0.000123996
-1.32456e-05
8.12509e-05
0.000156238
0.000208834
0.000236642
0.000237842
0.00021127
0.000156472
7.37357e-05
-3.59162e-05
-0.000170751
-0.000328387
-0.000505878
-0.000699821
-0.000906486
-0.00112195
-0.00134221
-0.00156336
-0.00178164
-0.00199358
-0.00219605
-0.00238628
-0.00256188
-0.00272079
-0.00286127
-0.00298177
-0.00308088
-0.00315741
-0.00321014
-0.00323544
-0.00323046
0.00110494
0.000875281
0.000698536
0.000555343
0.000427344
0.000313282
0.000211768
0.000120256
3.63416e-05
-4.21211e-05
-0.000117076
-0.000190242
-0.000263102
-0.000336895
-0.000412608
-0.000490981
-0.000572512
-0.000657461
-0.000745854
-0.000837494
-0.000931973
-0.00102868
-0.0011268
-0.00122534
-0.00132313
-0.00141884
-0.00151103
-0.00159812
-0.00167848
-0.0017504
-0.00181219
-0.0018622
-0.00189887
-0.00192076
-0.00192667
-0.00191562
-0.00188693
-0.00184029
-0.00177578
-0.00169394
-0.00159577
-0.00148274
-0.0013568
-0.00122039
-0.00107636
-0.000927963
-0.000778774
-0.000632599
-0.000493386
-0.000365112
-0.000251661
-0.000156703
-8.35621e-05
-3.50996e-05
-1.36014e-05
-2.06874e-05
-5.72404e-05
-0.000123363
-0.000218364
-0.000340782
-0.00048843
-0.000658481
-0.000847575
-0.00105195
-0.00126758
-0.00149033
-0.00171607
-0.00194082
-0.00216087
-0.00237283
-0.00257368
-0.0027608
-0.00293193
-0.00308513
-0.0032187
-0.00333111
-0.00342101
-0.00348702
-0.00352653
-0.00353786
0.00114658
0.000893986
0.000701167
0.000546473
0.000409275
0.000287883
0.000180492
8.4056e-05
-4.27945e-06
-8.70402e-05
-0.000166492
-0.000244632
-0.000323168
-0.000403528
-0.000486851
-0.000573999
-0.000665562
-0.000761867
-0.000862984
-0.000968737
-0.00107872
-0.00119228
-0.00130856
-0.00142649
-0.00154478
-0.00166198
-0.00177647
-0.00188651
-0.00199024
-0.00208571
-0.00217098
-0.00224411
-0.00230325
-0.00234666
-0.00237281
-0.0023804
-0.00236845
-0.00233634
-0.00228389
-0.00221135
-0.0021195
-0.00200964
-0.00188358
-0.00174368
-0.00159278
-0.00143419
-0.0012716
-0.00110904
-0.00095071
-0.000800956
-0.000664077
-0.000544217
-0.000445225
-0.000370515
-0.000322946
-0.000304704
-0.000317218
-0.000361096
-0.000436096
-0.000541126
-0.000674289
-0.000832953
-0.00101386
-0.00121325
-0.00142702
-0.00165085
-0.00188041
-0.00211145
-0.00233994
-0.00256216
-0.00277478
-0.00297486
-0.00315984
-0.00332752
-0.00347597
-0.00360347
-0.00370844
-0.00378927
-0.00384436
-0.00387321
0.00116093
0.000885863
0.000677306
0.00051133
0.000365045
0.000236298
0.000122847
2.11277e-05
-7.21665e-05
-0.000159947
-0.000244806
-0.000329011
-0.0004145
-0.000502884
-0.000595452
-0.000693184
-0.000796761
-0.00090658
-0.00102275
-0.00114512
-0.00127327
-0.00140653
-0.00154398
-0.00168445
-0.00182655
-0.0019687
-0.00210909
-0.00224577
-0.00237665
-0.00249954
-0.00261219
-0.00271235
-0.00279783
-0.00286657
-0.00291664
-0.0029464
-0.00295449
-0.00293994
-0.00290221
-0.00284124
-0.00275752
-0.0026521
-0.00252662
-0.00238329
-0.0022249
-0.00205478
-0.00187674
-0.00169497
-0.00151399
-0.00133852
-0.00117331
-0.00102306
-0.000892211
-0.000784843
-0.000704497
-0.000654057
-0.000635634
-0.000650481
-0.000698939
-0.000780421
-0.000893434
-0.00103564
-0.00120396
-0.0013947
-0.00160368
-0.00182645
-0.00205842
-0.002295
-0.00253182
-0.00276475
-0.00299004
-0.00320435
-0.00340472
-0.00358859
-0.00375373
-0.00389813
-0.00401988
-0.0041171
-0.00418917
-0.0042368
0.00114401
0.000847067
0.000623213
0.000446252
0.000291047
0.000154957
3.52795e-05
-7.20768e-05
-0.000170882
-0.000264434
-0.000355654
-0.000447081
-0.00054088
-0.000638843
-0.000742408
-0.000852673
-0.000970414
-0.00109609
-0.00122986
-0.00137159
-0.00152086
-0.00167696
-0.00183891
-0.00200547
-0.00217512
-0.00234611
-0.00251647
-0.00268402
-0.00284642
-0.00300118
-0.00314575
-0.00327753
-0.00339396
-0.00349256
-0.00357101
-0.00362723
-0.00365944
-0.00366623
-0.00364665
-0.00360025
-0.00352717
-0.00342813
-0.0033045
-0.00315831
-0.00299224
-0.00280958
-0.00261421
-0.00241051
-0.00220328
-0.00199764
-0.00179883
-0.00161217
-0.00144279
-0.00129552
-0.00117474
-0.00108415
-0.00102671
-0.00100448
-0.00101855
-0.001069
-0.00115488
-0.00127428
-0.0014244
-0.00160168
-0.00180195
-0.00202059
-0.00225276
-0.00249351
-0.00273803
-0.0029817
-0.00322027
-0.00344986
-0.00366703
-0.00386875
-0.00405235
-0.00421546
-0.00435576
-0.00447098
-0.00456148
-0.00462921
0.00109188
0.000773813
0.000535203
0.000347619
0.000183707
4.03086e-05
-8.5756e-05
-0.000199116
-0.00030401
-0.000404128
-0.00050272
-0.000602599
-0.000706152
-0.000815355
-0.000931796
-0.00105669
-0.00119092
-0.001335
-0.00148914
-0.00165323
-0.00182684
-0.00200924
-0.0021994
-0.00239597
-0.00259732
-0.00280153
-0.00300645
-0.00320966
-0.00340853
-0.00360029
-0.00378201
-0.00395071
-0.00410342
-0.00423722
-0.0043493
-0.0044371
-0.00449834
-0.00453111
-0.00453395
-0.00450596
-0.00444681
-0.00435681
-0.00423701
-0.00408916
-0.00391574
-0.00371997
-0.00350574
-0.00327757
-0.00304054
-0.00280016
-0.00256223
-0.00233269
-0.00211748
-0.0019223
-0.00175246
-0.00161268
-0.00150691
-0.00143823
-0.00140866
-0.00141912
-0.00146942
-0.00155822
-0.00168314
-0.00184086
-0.00202728
-0.00223766
-0.0024669
-0.00270966
-0.0029606
-0.00321456
-0.00346662
-0.0037123
-0.00394751
-0.00416862
-0.00437243
-0.00455607
-0.00471672
-0.00485162
-0.00496211
-0.00505141
0.00100067
0.000662396
0.000409675
0.000211893
3.95172e-05
-0.00011114
-0.000243758
-0.00036351
-0.000475108
-0.00058264
-0.000689681
-0.00079932
-0.000914168
-0.00103639
-0.00116771
-0.00130949
-0.00146269
-0.00162791
-0.00180542
-0.00199512
-0.0021966
-0.00240909
-0.00263151
-0.00286243
-0.00310007
-0.00334238
-0.00358697
-0.00383119
-0.00407212
-0.00430664
-0.00453144
-0.00474313
-0.00493825
-0.00511338
-0.0052652
-0.00539058
-0.00548665
-0.00555092
-0.00558136
-0.00557648
-0.00553541
-0.00545799
-0.00534479
-0.00519721
-0.00501746
-0.00480857
-0.0045744
-0.00431957
-0.00404939
-0.00376976
-0.00348703
-0.00320786
-0.00293903
-0.00268721
-0.00245882
-0.00225972
-0.00209509
-0.00196919
-0.00188523
-0.0018452
-0.00184985
-0.00189865
-0.0019898
-0.00212037
-0.00228641
-0.00248316
-0.00270524
-0.00294689
-0.00320223
-0.00346537
-0.00373069
-0.00399291
-0.00424717
-0.0044891
-0.00471481
-0.00492082
-0.00510365
-0.00526
-0.00539215
-0.00550464
0.00086664
0.000509236
0.000243148
3.56442e-05
-0.000144918
-0.00030278
-0.00044213
-0.000568694
-0.000687659
-0.000803508
-0.000920147
-0.00104094
-0.00116872
-0.00130584
-0.0014542
-0.00161526
-0.0017901
-0.00197941
-0.0021835
-0.00240232
-0.00263547
-0.00288217
-0.00314127
-0.00341125
-0.00369024
-0.00397598
-0.0042659
-0.00455706
-0.00484624
-0.00512994
-0.00540446
-0.00566592
-0.00591037
-0.00613381
-0.00633232
-0.00650215
-0.00663976
-0.00674199
-0.00680613
-0.00683001
-0.00681213
-0.00675171
-0.00664878
-0.00650425
-0.00631996
-0.00609868
-0.00584414
-0.00556097
-0.00525467
-0.00493151
-0.00459839
-0.00426269
-0.00393211
-0.0036144
-0.00331718
-0.00304767
-0.00281245
-0.00261723
-0.0024666
-0.00236393
-0.00231116
-0.00230879
-0.00235585
-0.00244998
-0.00258754
-0.00276382
-0.00297321
-0.00320955
-0.00346628
-0.00373678
-0.00401453
-0.00429332
-0.00456735
-0.00483135
-0.00508055
-0.00531075
-0.00551768
-0.00569732
-0.00585296
-0.00599048
0.0006862
0.000310912
3.23026e-05
-0.000184391
-0.000372839
-0.000537849
-0.000684131
-0.000817961
-0.000945005
-0.00107014
-0.0011976
-0.00133102
-0.00147347
-0.0016275
-0.00179516
-0.00197805
-0.00217737
-0.00239389
-0.002628
-0.0028797
-0.00314861
-0.00343392
-0.00373446
-0.00404863
-0.00437442
-0.00470941
-0.00505079
-0.00539537
-0.00573958
-0.00607953
-0.00641108
-0.00672984
-0.00703127
-0.00731078
-0.00756378
-0.00778578
-0.00797253
-0.0081201
-0.00822498
-0.00828424
-0.00829561
-0.00825759
-0.00816954
-0.00803179
-0.00784567
-0.00761359
-0.00733903
-0.00702656
-0.00668178
-0.00631128
-0.00592247
-0.00552346
-0.00512291
-0.00472973
-0.00435287
-0.00400106
-0.00368248
-0.00340453
-0.00317349
-0.00299436
-0.00287059
-0.00280403
-0.00279479
-0.00284133
-0.00294052
-0.00308781
-0.00327749
-0.00350295
-0.00375698
-0.00403208
-0.0043207
-0.00461555
-0.00490971
-0.00519677
-0.00547097
-0.00572715
-0.0059601
-0.00616498
-0.00634608
-0.00651069
0.000455967
6.42111e-05
-0.000225972
-0.000451271
-0.000647281
-0.000819385
-0.000972819
-0.00111441
-0.00125029
-0.00138574
-0.00152531
-0.00167293
-0.00183189
-0.00200493
-0.00219429
-0.0024017
-0.00262848
-0.00287552
-0.00314329
-0.00343185
-0.00374084
-0.00406947
-0.00441653
-0.00478034
-0.00515877
-0.00554924
-0.0059487
-0.00635367
-0.00676023
-0.00716408
-0.00756058
-0.00794479
-0.00831157
-0.00865564
-0.00897166
-0.00925439
-0.00949871
-0.00969985
-0.00985341
-0.00995558
-0.0100032
-0.00999399
-0.00992645
-0.00980021
-0.00961598
-0.00937568
-0.00908241
-0.00874059
-0.0083558
-0.00793486
-0.00748565
-0.00701698
-0.00653846
-0.00606021
-0.00559262
-0.00514607
-0.00473054
-0.00435536
-0.00402881
-0.00375781
-0.0035477
-0.00340199
-0.00332223
-0.003308
-0.00335693
-0.00346485
-0.00362605
-0.00383355
-0.00407945
-0.00435528
-0.00465236
-0.0049621
-0.00527624
-0.00558707
-0.00588757
-0.00617146
-0.00643241
-0.00666457
-0.00687327
-0.0070673
0.000172813
-0.000233819
-0.000534528
-0.000767799
-0.000971027
-0.00115017
-0.001311
-0.00146088
-0.00160641
-0.00175326
-0.00190631
-0.00206976
-0.00224715
-0.00244142
-0.00265496
-0.0028897
-0.00314708
-0.0034281
-0.00373333
-0.00406292
-0.00441654
-0.00479344
-0.00519236
-0.00561157
-0.00604882
-0.00650135
-0.00696589
-0.00743864
-0.00791532
-0.00839119
-0.00886108
-0.00931947
-0.00976053
-0.0101783
-0.0105665
-0.0109192
-0.0112302
-0.0114939
-0.0117049
-0.0118584
-0.0119502
-0.0119771
-0.0119367
-0.0118277
-0.0116502
-0.0114053
-0.0110958
-0.0107256
-0.0103004
-0.0098269
-0.00931348
-0.00876956
-0.00820565
-0.00763311
-0.00706382
-0.00650991
-0.00598336
-0.00549565
-0.00505734
-0.00467766
-0.00436416
-0.00412245
-0.0039559
-0.00386559
-0.00385023
-0.00390632
-0.00402833
-0.00420902
-0.00443981
-0.00471122
-0.00501327
-0.0053359
-0.00566931
-0.0060042
-0.00633208
-0.00664532
-0.00693623
-0.0071978
-0.00743641
-0.00766245
-0.000166076
-0.000585823
-0.000895912
-0.00113647
-0.00134656
-0.00153269
-0.00170118
-0.00185991
-0.00201595
-0.00217533
-0.00234328
-0.00252427
-0.00272208
-0.00293985
-0.00318018
-0.00344514
-0.00373634
-0.00405492
-0.00440156
-0.00477649
-0.00517947
-0.00560976
-0.0060661
-0.00654669
-0.00704919
-0.00757064
-0.00810755
-0.00865579
-0.00921071
-0.00976708
-0.0103192
-0.0108609
-0.0113856
-0.0118865
-0.0123567
-0.012789
-0.0131765
-0.0135124
-0.0137902
-0.0140041
-0.0141488
-0.0142199
-0.0142142
-0.0141293
-0.0139643
-0.0137197
-0.0133975
-0.0130013
-0.0125364
-0.0120096
-0.0114294
-0.0108057
-0.0101501
-0.00947482
-0.00879343
-0.00811984
-0.00746817
-0.00685225
-0.00628519
-0.00577887
-0.00534349
-0.00498716
-0.00471555
-0.00453168
-0.00443577
-0.00442534
-0.0044953
-0.00463833
-0.00484527
-0.00510558
-0.00540787
-0.00574042
-0.00609164
-0.00645039
-0.00680642
-0.00715048
-0.0074733
-0.00776648
-0.00803748
-0.00829841
-0.000563149
-0.000994086
-0.00131231
-0.00155944
-0.00177599
-0.00196907
-0.00214549
-0.00231366
-0.00248109
-0.0026542
-0.00283852
-0.0030388
-0.00325906
-0.00350267
-0.00377242
-0.00407058
-0.00439891
-0.00475869
-0.00515077
-0.00557546
-0.00603262
-0.00652154
-0.00704097
-0.00758908
-0.00816338
-0.00876078
-0.00937751
-0.0100091
-0.0106506
-0.0112961
-0.0119395
-0.0125738
-0.0131918
-0.0137858
-0.0143478
-0.0148699
-0.0153439
-0.0157619
-0.0161164
-0.0164002
-0.0166071
-0.0167314
-0.0167685
-0.0167153
-0.0165698
-0.0163314
-0.0160015
-0.015583
-0.0150806
-0.0145012
-0.0138532
-0.0131469
-0.0123945
-0.0116095
-0.0108067
-0.010002
-0.00921163
-0.00845198
-0.00773893
-0.00708735
-0.00651049
-0.00601943
-0.00562267
-0.00532568
-0.00513071
-0.00503672
-0.00503948
-0.00513184
-0.00530419
-0.00554497
-0.00584131
-0.00617965
-0.00654633
-0.00692811
-0.00731266
-0.00768881
-0.00804542
-0.00837246
-0.0086785
-0.00897745
-0.00102043
-0.00146048
-0.00178551
-0.00203842
-0.00226104
-0.00246101
-0.00264566
-0.00282388
-0.00300362
-0.00319164
-0.00339382
-0.00361516
-0.00385995
-0.00413176
-0.00443361
-0.00476794
-0.00513671
-0.00554139
-0.00598295
-0.00646185
-0.00697803
-0.00753086
-0.0081191
-0.00874086
-0.00939358
-0.010074
-0.010778
-0.0115009
-0.0122372
-0.0129806
-0.0137243
-0.0144605
-0.0151814
-0.0158782
-0.0165421
-0.0171639
-0.0177345
-0.0182448
-0.018686
-0.0190497
-0.0193283
-0.019515
-0.019604
-0.0195909
-0.0194725
-0.0192474
-0.0189159
-0.0184801
-0.0179442
-0.0173145
-0.0165995
-0.0158096
-0.0149574
-0.0140574
-0.0131257
-0.0121799
-0.0112385
-0.0103204
-0.00944453
-0.008629
-0.00789048
-0.00724355
-0.00670004
-0.0062685
-0.00595379
-0.0057569
-0.0056749
-0.00570123
-0.00582607
-0.00603695
-0.00631947
-0.0066581
-0.00703686
-0.00744007
-0.00785301
-0.00826223
-0.0086544
-0.00901757
-0.00936143
-0.00970185
-0.00153949
-0.00198642
-0.00231685
-0.00257473
-0.00280297
-0.00300977
-0.00320293
-0.00339182
-0.00358478
-0.00378894
-0.00401046
-0.00425465
-0.004526
-0.00482837
-0.00516495
-0.00553842
-0.00595094
-0.00640415
-0.0068992
-0.0074367
-0.00801669
-0.00863863
-0.0093013
-0.0100028
-0.0107404
-0.0115107
-0.0123093
-0.0131313
-0.0139705
-0.0148203
-0.015673
-0.0165203
-0.0173534
-0.0181626
-0.018938
-0.0196694
-0.0203465
-0.0209589
-0.0214965
-0.0219498
-0.0223098
-0.0225684
-0.0227185
-0.0227543
-0.0226715
-0.0224676
-0.0221417
-0.0216951
-0.0211311
-0.0204555
-0.0196763
-0.0188039
-0.0178512
-0.0168333
-0.0157675
-0.0146728
-0.0135699
-0.0124803
-0.011426
-0.0104285
-0.0095083
-0.00868391
-0.00797108
-0.00738207
-0.00692504
-0.00660368
-0.006417
-0.00635952
-0.00642159
-0.00659004
-0.00684901
-0.00718085
-0.00756706
-0.00798921
-0.00842978
-0.00887268
-0.009302
-0.00970355
-0.0100882
-0.0104737
-0.00212136
-0.00257282
-0.00290715
-0.00316914
-0.00340257
-0.00361612
-0.00381806
-0.00401822
-0.0042253
-0.00444678
-0.00468912
-0.00495788
-0.00525782
-0.00559302
-0.00596693
-0.00638243
-0.00684189
-0.00734716
-0.00789958
-0.00849992
-0.00914836
-0.00984442
-0.0105869
-0.0113739
-0.0122026
-0.0130694
-0.0139697
-0.014898
-0.0158479
-0.0168121
-0.0177822
-0.0187491
-0.0197031
-0.0206336
-0.0215296
-0.0223798
-0.0231726
-0.0238965
-0.02454
-0.0250922
-0.0255429
-0.0258825
-0.0261028
-0.0261966
-0.0261583
-0.0259841
-0.025672
-0.0252222
-0.0246371
-0.0239217
-0.0230833
-0.022132
-0.0210807
-0.0199449
-0.0187425
-0.017494
-0.0162219
-0.0149502
-0.0137038
-0.0125079
-0.011387
-0.0103639
-0.0094589
-0.00868858
-0.00806518
-0.00759586
-0.00728234
-0.00712086
-0.00710247
-0.00721368
-0.00743728
-0.00775351
-0.00814115
-0.00857865
-0.00904534
-0.00952207
-0.00998989
-0.010432
-0.0108603
-0.011295
-0.00276653
-0.00322007
-0.00355675
-0.00382195
-0.00406006
-0.00428026
-0.00449124
-0.00470323
-0.00492531
-0.00516525
-0.00542981
-0.00572481
-0.00605527
-0.0064255
-0.00683919
-0.00729945
-0.00780889
-0.00836958
-0.00898304
-0.00965022
-0.0103714
-0.0111463
-0.0119737
-0.0128517
-0.0137773
-0.0147467
-0.0157551
-0.0167965
-0.0178642
-0.01895
-0.020045
-0.0211393
-0.0222221
-0.023282
-0.0243068
-0.025284
-0.0262008
-0.0270445
-0.0278022
-0.0284619
-0.0290118
-0.0294412
-0.0297404
-0.0299009
-0.0299159
-0.0297803
-0.0294908
-0.0290465
-0.0284487
-0.0277013
-0.0268108
-0.0257868
-0.0246416
-0.0233908
-0.0220529
-0.0206492
-0.0192036
-0.0177423
-0.0162933
-0.0148851
-0.0135464
-0.0123047
-0.0111852
-0.0102096
-0.00939493
-0.00875269
-0.00828819
-0.00800026
-0.00788135
-0.0079181
-0.00809233
-0.00838219
-0.0087636
-0.00921165
-0.00970207
-0.0102122
-0.0107195
-0.0112043
-0.0116794
-0.0121673
-0.00347491
-0.00392798
-0.00426539
-0.00453286
-0.00477515
-0.00500184
-0.00522207
-0.00544642
-0.00568429
-0.00594377
-0.00623186
-0.00655467
-0.00691744
-0.00732473
-0.00778048
-0.00828805
-0.00885027
-0.00946945
-0.0101473
-0.010885
-0.011683
-0.012541
-0.0134578
-0.0144316
-0.0154593
-0.0165368
-0.0176589
-0.0188195
-0.020011
-0.0212248
-0.0224513
-0.0236796
-0.024898
-0.0260941
-0.0272545
-0.0283657
-0.0294136
-0.0303841
-0.0312633
-0.0320377
-0.0326944
-0.0332212
-0.0336072
-0.0338427
-0.0339195
-0.0338312
-0.0335734
-0.0331439
-0.0325427
-0.0317726
-0.0308391
-0.0297509
-0.0285195
-0.0271601
-0.0256912
-0.0241346
-0.0225153
-0.0208612
-0.0192028
-0.017572
-0.0160015
-0.0145237
-0.0131691
-0.011965
-0.010934
-0.0100931
-0.00945206
-0.00901327
-0.00877148
-0.00871422
-0.00882274
-0.00907339
-0.00943918
-0.00989157
-0.0104023
-0.0109446
-0.0114921
-0.0120214
-0.0125464
-0.0130918
-0.00424578
-0.00469578
-0.00503227
-0.00530104
-0.00554693
-0.00577993
-0.00600956
-0.00624672
-0.0065011
-0.00678107
-0.00709389
-0.0074459
-0.0078426
-0.00828878
-0.00878864
-0.00934577
-0.00996327
-0.0106436
-0.0113889
-0.0122003
-0.0130785
-0.0140232
-0.0150335
-0.0161073
-0.0172414
-0.0184316
-0.0196724
-0.020957
-0.0222775
-0.0236245
-0.0249876
-0.0263552
-0.0277146
-0.0290521
-0.0303536
-0.0316041
-0.0327884
-0.0338913
-0.0348976
-0.0357925
-0.0365618
-0.0371924
-0.0376719
-0.0379895
-0.0381358
-0.0381033
-0.0378861
-0.0374809
-0.0368864
-0.0361041
-0.0351384
-0.0339965
-0.0326893
-0.0312309
-0.0296394
-0.0279365
-0.0261477
-0.0243021
-0.0224322
-0.0205729
-0.0187608
-0.0170329
-0.0154253
-0.0139714
-0.0127002
-0.0116349
-0.0107909
-0.0101754
-0.00978638
-0.00961329
-0.00963751
-0.00983394
-0.0101728
-0.0106217
-0.0111481
-0.0117208
-0.0123086
-0.0128839
-0.0134618
-0.0140693
-0.0050778
-0.00552209
-0.00585597
-0.00612502
-0.00637391
-0.00661299
-0.00685209
-0.00710241
-0.00737391
-0.00767518
-0.00801375
-0.00839616
-0.00882818
-0.00931482
-0.00986052
-0.0104691
-0.011144
-0.0118879
-0.0127029
-0.0135907
-0.0145519
-0.0155865
-0.0166934
-0.0178705
-0.0191146
-0.020421
-0.0217841
-0.0231965
-0.0246497
-0.0261337
-0.0276373
-0.0291479
-0.0306518
-0.0321345
-0.0335806
-0.0349739
-0.0362982
-0.037537
-0.0386741
-0.0396934
-0.0405797
-0.0413186
-0.0418969
-0.0423024
-0.0425249
-0.0425554
-0.0423872
-0.0420155
-0.041438
-0.0406547
-0.0396686
-0.0384857
-0.0371154
-0.0355706
-0.0338684
-0.0320299
-0.0300805
-0.0280499
-0.0259718
-0.0238834
-0.0218248
-0.0198374
-0.0179629
-0.016241
-0.0147078
-0.0133935
-0.0123203
-0.0115013
-0.0109393
-0.0106266
-0.0105458
-0.0106708
-0.0109694
-0.0114054
-0.0119416
-0.0125416
-0.0131692
-0.013792
-0.0144256
-0.0150997
-0.00596899
-0.00640493
-0.00673451
-0.0070028
-0.00725404
-0.00749887
-0.00774742
-0.00801114
-0.0083002
-0.00862343
-0.00898855
-0.00940234
-0.00987078
-0.0103991
-0.010992
-0.0116536
-0.0123875
-0.0131966
-0.0140834
-0.0150495
-0.0160959
-0.0172225
-0.0184283
-0.0197111
-0.0210675
-0.0224926
-0.0239804
-0.025523
-0.0271112
-0.0287345
-0.0303806
-0.0320362
-0.0336866
-0.0353162
-0.0369083
-0.0384461
-0.0399118
-0.0412882
-0.0425576
-0.0437032
-0.0447088
-0.0455588
-0.0462391
-0.0467368
-0.0470404
-0.0471402
-0.0470283
-0.0466988
-0.0461482
-0.0453752
-0.0443813
-0.0431711
-0.0417522
-0.0401362
-0.0383386
-0.0363793
-0.0342828
-0.0320786
-0.0298011
-0.0274889
-0.0251847
-0.0229341
-0.0207839
-0.0187802
-0.0169666
-0.0153809
-0.0140533
-0.0130043
-0.0122427
-0.0117651
-0.0115564
-0.0115907
-0.0118338
-0.0122457
-0.0127843
-0.0134077
-0.0140738
-0.0147449
-0.0154371
-0.0161822
-0.00691675
-0.00734172
-0.0076653
-0.00793178
-0.00818465
-0.00843483
-0.00869271
-0.00896992
-0.00927683
-0.00962244
-0.0100147
-0.0104605
-0.0109662
-0.0115371
-0.0121782
-0.0128938
-0.0136877
-0.0145632
-0.0155229
-0.0165687
-0.0177014
-0.0189214
-0.0202273
-0.0216171
-0.0230871
-0.0246321
-0.0262456
-0.0279192
-0.0296433
-0.0314063
-0.0331954
-0.0349961
-0.0367929
-0.038569
-0.0403069
-0.0419884
-0.0435951
-0.0451083
-0.0465096
-0.0477813
-0.0489062
-0.049868
-0.0506518
-0.0512438
-0.0516319
-0.0518055
-0.0517559
-0.0514762
-0.0509617
-0.0502099
-0.0492209
-0.0479976
-0.0465461
-0.0448758
-0.0430006
-0.0409385
-0.0387127
-0.0363515
-0.0338888
-0.0313641
-0.0288218
-0.0263106
-0.0238819
-0.0215882
-0.0194802
-0.0176044
-0.0159997
-0.0146952
-0.0137073
-0.0130386
-0.0126777
-0.0126002
-0.0127704
-0.0131451
-0.0136772
-0.0143189
-0.0150216
-0.0157413
-0.0164945
-0.0173153
-0.00791787
-0.00832933
-0.00864522
-0.00890879
-0.00916253
-0.00941758
-0.00968454
-0.00997517
-0.0103
-0.0106682
-0.0110878
-0.0115661
-0.0121093
-0.0127232
-0.0134129
-0.014183
-0.0150375
-0.0159799
-0.017013
-0.0181388
-0.0193584
-0.0206719
-0.0220783
-0.0235752
-0.0251587
-0.0268233
-0.0285621
-0.0303662
-0.0322252
-0.0341268
-0.0360573
-0.0380015
-0.0399426
-0.041863
-0.0437441
-0.0455667
-0.0473114
-0.0489587
-0.0504894
-0.0518848
-0.053127
-0.0541992
-0.0550857
-0.0557724
-0.0562464
-0.0564966
-0.0565136
-0.0562896
-0.0558192
-0.0550986
-0.0541267
-0.0529046
-0.0514366
-0.0497303
-0.0477972
-0.0456531
-0.0433191
-0.0408216
-0.0381934
-0.0354734
-0.0327068
-0.0299444
-0.0272413
-0.0246557
-0.0222453
-0.0200654
-0.0181645
-0.0165813
-0.0153414
-0.0144553
-0.013917
-0.0137047
-0.013783
-0.0141057
-0.0146208
-0.0152744
-0.0160107
-0.0167789
-0.0175953
-0.0184961
-0.00896857
-0.00936405
-0.00967061
-0.00993017
-0.010184
-0.0104433
-0.0107189
-0.0110227
-0.0113653
-0.011756
-0.012203
-0.0127136
-0.0132944
-0.0139512
-0.0146895
-0.015514
-0.0164289
-0.017438
-0.0185441
-0.0197494
-0.0210553
-0.0224617
-0.0239676
-0.0255704
-0.027266
-0.0290487
-0.0309109
-0.0328432
-0.0348345
-0.0368719
-0.0389406
-0.0410245
-0.043106
-0.0451664
-0.0471862
-0.0491453
-0.0510233
-0.0527999
-0.0544552
-0.0559698
-0.0573254
-0.0585045
-0.0594912
-0.0602708
-0.0608302
-0.0611579
-0.0612439
-0.0610802
-0.0606602
-0.0599794
-0.0590355
-0.0578281
-0.0563597
-0.0546358
-0.0526653
-0.0504617
-0.0480432
-0.0454338
-0.0426641
-0.0397714
-0.0368005
-0.033803
-0.0308369
-0.0279645
-0.0252505
-0.0227584
-0.0205469
-0.0186653
-0.0171501
-0.016021
-0.0152797
-0.0149089
-0.0148745
-0.0151285
-0.0156146
-0.0162724
-0.0170384
-0.0178542
-0.0187355
-0.0197206
-0.0100645
-0.0104417
-0.0107373
-0.0109918
-0.0112448
-0.0115077
-0.0117914
-0.0121079
-0.0124678
-0.0128806
-0.0133545
-0.0138971
-0.014515
-0.0152142
-0.0160004
-0.0168785
-0.017853
-0.0189276
-0.0201056
-0.0213891
-0.0227796
-0.024277
-0.0258803
-0.0275867
-0.0293918
-0.0312895
-0.0332717
-0.0353284
-0.0374479
-0.0396164
-0.0418183
-0.0440366
-0.0462527
-0.0484471
-0.0505993
-0.0526883
-0.054693
-0.0565923
-0.0583657
-0.0599933
-0.0614563
-0.0627371
-0.0638195
-0.0646885
-0.0653309
-0.065735
-0.0658908
-0.0657897
-0.0654248
-0.0647908
-0.0638843
-0.0627037
-0.0612498
-0.059526
-0.0575388
-0.0552987
-0.0528209
-0.0501264
-0.0472426
-0.0442044
-0.0410547
-0.0378447
-0.0346337
-0.0314872
-0.0284756
-0.0256702
-0.0231397
-0.0209449
-0.019134
-0.0177383
-0.0167689
-0.0162152
-0.0160463
-0.0162137
-0.0166571
-0.01731
-0.0181007
-0.0189625
-0.0199101
-0.0209835
-0.0112009
-0.0115577
-0.0118409
-0.0120891
-0.0123403
-0.012606
-0.0128971
-0.0132256
-0.0136022
-0.0140363
-0.0145364
-0.01511
-0.015764
-0.0165046
-0.0173374
-0.0182677
-0.0193
-0.0204384
-0.0216861
-0.0230456
-0.024518
-0.0261036
-0.027801
-0.0296073
-0.0315179
-0.0335261
-0.0356235
-0.0377994
-0.0400413
-0.0423348
-0.0446633
-0.047009
-0.0493524
-0.0516731
-0.0539498
-0.0561606
-0.0582837
-0.0602975
-0.0621809
-0.0639137
-0.0654768
-0.0668525
-0.0680243
-0.0689775
-0.0696989
-0.0701768
-0.0704012
-0.0703633
-0.0700561
-0.0694739
-0.0686123
-0.0674689
-0.0660428
-0.0643355
-0.062351
-0.0600971
-0.0575856
-0.0548338
-0.0518655
-0.048712
-0.0454135
-0.0420193
-0.0385881
-0.0351875
-0.0318918
-0.0287794
-0.0259283
-0.0234111
-0.021289
-0.019606
-0.0183849
-0.0176242
-0.0172982
-0.0173596
-0.0177453
-0.018383
-0.0191923
-0.0200976
-0.0211124
-0.0222777
-0.0123726
-0.0127069
-0.0129763
-0.0132171
-0.0134656
-0.0137331
-0.0140308
-0.0143704
-0.0147626
-0.015217
-0.0157421
-0.0163454
-0.017034
-0.0178141
-0.0186917
-0.019672
-0.0207599
-0.0219593
-0.0232738
-0.0247058
-0.0262566
-0.0279263
-0.0297134
-0.0316148
-0.0336256
-0.0357386
-0.037945
-0.0402334
-0.0425907
-0.0450015
-0.0474486
-0.0499133
-0.0523753
-0.0548133
-0.0572051
-0.0595283
-0.0617604
-0.0638792
-0.0658633
-0.0676923
-0.0693469
-0.0708093
-0.0720633
-0.0730942
-0.0738891
-0.0744365
-0.0747266
-0.0747509
-0.0745022
-0.0739747
-0.0731636
-0.0720654
-0.0706783
-0.0690018
-0.0670379
-0.0647913
-0.0622706
-0.0594892
-0.0564668
-0.0532303
-0.049816
-0.04627
-0.042649
-0.0390206
-0.0354618
-0.0320562
-0.0288906
-0.0260486
-0.0236049
-0.021618
-0.0201242
-0.0191334
-0.0186276
-0.0185629
-0.0188747
-0.0194855
-0.0203063
-0.021252
-0.0223341
-0.0235945
-0.013574
-0.0138842
-0.0141383
-0.0143708
-0.0146155
-0.0148838
-0.0151869
-0.0155364
-0.015943
-0.0164162
-0.0169646
-0.0175958
-0.0183169
-0.0191343
-0.0200541
-0.0210816
-0.0222217
-0.0234788
-0.0248562
-0.0263565
-0.027981
-0.0297297
-0.031601
-0.0335915
-0.035696
-0.037907
-0.0402149
-0.0426079
-0.0450722
-0.0475916
-0.0501482
-0.0527223
-0.055293
-0.0578381
-0.0603347
-0.0627599
-0.0650905
-0.0673041
-0.0693788
-0.0712941
-0.0730307
-0.0745709
-0.0758987
-0.0769999
-0.0778617
-0.0784732
-0.0788248
-0.0789086
-0.0787175
-0.0782456
-0.0774882
-0.0764411
-0.0751016
-0.0734678
-0.0715396
-0.0693193
-0.0668121
-0.0640275
-0.0609806
-0.0576938
-0.0541983
-0.0505357
-0.0467595
-0.0429354
-0.0391409
-0.0354635
-0.0319966
-0.0288347
-0.0260657
-0.0237632
-0.0219791
-0.0207371
-0.0200296
-0.0198181
-0.0200389
-0.0206099
-0.021434
-0.0224159
-0.0235649
-0.0249233
-0.0147993
-0.0150838
-0.0153217
-0.0155447
-0.0157845
-0.0160525
-0.0163597
-0.0167177
-0.017137
-0.0176272
-0.0181968
-0.0188536
-0.0196046
-0.0204564
-0.021415
-0.0224861
-0.0236746
-0.0249849
-0.0264205
-0.0279839
-0.0296765
-0.0314982
-0.0334471
-0.0355198
-0.0377104
-0.0400113
-0.0424123
-0.044901
-0.0474629
-0.0500811
-0.0527369
-0.0554101
-0.0580787
-0.06072
-0.0633105
-0.0658266
-0.0682448
-0.0705421
-0.0726968
-0.0746881
-0.0764968
-0.0781054
-0.0794982
-0.0806614
-0.0815829
-0.082252
-0.0826601
-0.0827993
-0.0826632
-0.0822463
-0.0815437
-0.0805513
-0.0792654
-0.0776834
-0.0758034
-0.0736253
-0.0711514
-0.0683874
-0.0653439
-0.0620382
-0.058496
-0.0547535
-0.0508593
-0.0468756
-0.0428785
-0.0389569
-0.0352096
-0.0317399
-0.0286485
-0.0260248
-0.0239373
-0.0224258
-0.0214958
-0.0211172
-0.021229
-0.0217465
-0.0225647
-0.0235779
-0.0247928
-0.0262514
-0.0160426
-0.0163003
-0.0165207
-0.0167333
-0.0169672
-0.0172336
-0.0175434
-0.0179082
-0.0183383
-0.0188432
-0.0194315
-0.0201109
-0.0208886
-0.0217712
-0.0227649
-0.0238753
-0.0251074
-0.0264658
-0.027954
-0.0295746
-0.0313287
-0.0332164
-0.0352355
-0.0373822
-0.0396507
-0.0420325
-0.0445172
-0.0470918
-0.049741
-0.0524475
-0.0551918
-0.0579528
-0.0607081
-0.0634342
-0.0661072
-0.0687028
-0.0711973
-0.0735674
-0.0757913
-0.077848
-0.0797188
-0.0813862
-0.0828351
-0.084052
-0.0850253
-0.0857453
-0.0862037
-0.0863934
-0.0863087
-0.0859444
-0.085296
-0.0843594
-0.0831308
-0.0816067
-0.079784
-0.0776609
-0.0752367
-0.0725139
-0.0694987
-0.0662031
-0.0626471
-0.0588608
-0.0548867
-0.050782
-0.0466193
-0.0424869
-0.0384863
-0.0347281
-0.0313246
-0.0283802
-0.0259813
-0.0241856
-0.0230144
-0.0224491
-0.022434
-0.0228834
-0.0236856
-0.0247242
-0.0260033
-0.0275639
-0.0172978
-0.0175278
-0.01773
-0.0179312
-0.018158
-0.0184214
-0.0187323
-0.0191018
-0.0195404
-0.0200575
-0.0206614
-0.0213601
-0.0221607
-0.0230699
-0.024094
-0.0252386
-0.026509
-0.0279096
-0.029444
-0.0311148
-0.0329233
-0.0348691
-0.0369501
-0.0391622
-0.0414992
-0.0439523
-0.0465106
-0.0491606
-0.0518864
-0.05467
-0.0574914
-0.0603289
-0.0631593
-0.0659587
-0.0687026
-0.0713664
-0.073926
-0.076358
-0.0786404
-0.0807524
-0.0826754
-0.0843923
-0.0858883
-0.0871505
-0.088168
-0.0889317
-0.089434
-0.0896687
-0.0896307
-0.0893155
-0.088719
-0.0878376
-0.0866675
-0.0852047
-0.0834454
-0.0813863
-0.0790246
-0.0763596
-0.0733936
-0.0701337
-0.0665939
-0.0627978
-0.0587812
-0.0545947
-0.0503058
-0.0459997
-0.0417786
-0.0377576
-0.0340588
-0.030801
-0.0280884
-0.0259982
-0.0245701
-0.0237997
-0.0236399
-0.0240062
-0.0247813
-0.0258389
-0.0271796
-0.0288436
-0.0185589
-0.0187606
-0.0189439
-0.0191329
-0.0193515
-0.0196105
-0.0199205
-0.0202926
-0.0207371
-0.0212631
-0.0218793
-0.0225933
-0.0234125
-0.0243435
-0.0253928
-0.026566
-0.0278684
-0.0293045
-0.0308781
-0.0325916
-0.0344463
-0.0364417
-0.0385757
-0.0408437
-0.0432394
-0.0457536
-0.0483749
-0.0510894
-0.0538806
-0.05673
-0.059617
-0.0625193
-0.0654133
-0.0682746
-0.071078
-0.0737989
-0.0764127
-0.0788961
-0.0812268
-0.0833843
-0.0853502
-0.0871076
-0.0886423
-0.0899418
-0.090996
-0.0917964
-0.0923361
-0.0926099
-0.0926134
-0.0923428
-0.0917948
-0.0909662
-0.0898536
-0.088453
-0.0867602
-0.0847708
-0.0824804
-0.0798857
-0.0769856
-0.0737826
-0.070285
-0.0665099
-0.0624856
-0.0582555
-0.0538801
-0.0494399
-0.0450347
-0.040782
-0.036811
-0.0332534
-0.0302307
-0.0278407
-0.0261431
-0.0251514
-0.0248295
-0.0250975
-0.025834
-0.0269033
-0.0283027
-0.0300706
-0.01982
-0.0199932
-0.0201572
-0.0203332
-0.0205425
-0.0207954
-0.0211026
-0.0214749
-0.0219222
-0.0224538
-0.0230782
-0.0238031
-0.0246359
-0.0255833
-0.0266518
-0.0278472
-0.0291749
-0.0306393
-0.0322443
-0.0339923
-0.0358846
-0.0379205
-0.0400978
-0.0424119
-0.044856
-0.0474206
-0.050094
-0.0528618
-0.0557071
-0.0586109
-0.061552
-0.0645078
-0.067454
-0.0703658
-0.073218
-0.0759852
-0.078643
-0.0811678
-0.0835374
-0.0857314
-0.0877314
-0.0895212
-0.0910867
-0.0924162
-0.0935
-0.0943304
-0.0949013
-0.0952082
-0.0952476
-0.0950166
-0.0945127
-0.0937333
-0.0926756
-0.0913358
-0.0897098
-0.0877925
-0.0855785
-0.0830625
-0.0802404
-0.0771106
-0.0736765
-0.0699485
-0.0659478
-0.0617094
-0.0572862
-0.0527515
-0.0482009
-0.0437514
-0.0395366
-0.0356987
-0.0323756
-0.0296853
-0.0277098
-0.0264826
-0.0259828
-0.0261374
-0.0268232
-0.0278962
-0.0293506
-0.0312226
-0.0210753
-0.0212202
-0.0213647
-0.0215271
-0.0217259
-0.0219712
-0.0222735
-0.0226431
-0.0230899
-0.0236232
-0.0242513
-0.0249822
-0.0258231
-0.0267809
-0.0278622
-0.0290729
-0.0304183
-0.0319032
-0.0335312
-0.035305
-0.0372256
-0.0392925
-0.0415032
-0.0438531
-0.0463349
-0.0489391
-0.0516536
-0.0544635
-0.0573516
-0.0602985
-0.0632825
-0.0662805
-0.0692681
-0.0722199
-0.0751104
-0.0779141
-0.0806063
-0.0831634
-0.0855631
-0.0877854
-0.0898118
-0.0916265
-0.0932159
-0.0945686
-0.0956756
-0.0965299
-0.097126
-0.0974604
-0.0975302
-0.0973335
-0.0968686
-0.0961339
-0.095127
-0.093845
-0.0922838
-0.0904382
-0.0883021
-0.085869
-0.0831323
-0.0800874
-0.0767327
-0.073073
-0.069122
-0.0649067
-0.0604712
-0.0558805
-0.0512237
-0.0466144
-0.042188
-0.0380944
-0.0344858
-0.0315
-0.0292422
-0.0277685
-0.027076
-0.0271024
-0.0277254
-0.0287936
-0.0302988
-0.0322744
-0.0223194
-0.0224366
-0.0225617
-0.0227099
-0.0228971
-0.0231332
-0.0234281
-0.0237921
-0.0242349
-0.0247655
-0.0253925
-0.0261237
-0.0269667
-0.0279284
-0.0290153
-0.0302337
-0.0315889
-0.0330858
-0.034728
-0.0365183
-0.0384577
-0.0405457
-0.0427797
-0.0451548
-0.0476637
-0.0502966
-0.0530411
-0.0558821
-0.058802
-0.0617809
-0.064797
-0.0678268
-0.0708453
-0.0738271
-0.0767463
-0.0795773
-0.0822953
-0.0848764
-0.0872987
-0.0895418
-0.0915879
-0.0934211
-0.0950282
-0.0963983
-0.097523
-0.0983956
-0.0990116
-0.0993681
-0.099463
-0.0992953
-0.0988643
-0.098169
-0.097208
-0.0959791
-0.0944787
-0.0927019
-0.0906424
-0.0882927
-0.0856447
-0.0826911
-0.0794266
-0.0758505
-0.0719701
-0.067804
-0.0633874
-0.058776
-0.0540507
-0.0493192
-0.0447156
-0.0403947
-0.0365201
-0.0332485
-0.0307083
-0.02898
-0.0280821
-0.0279663
-0.0285139
-0.0295685
-0.0311198
-0.0331982
-0.0235473
-0.0236378
-0.0237436
-0.0238773
-0.024052
-0.0242771
-0.0245622
-0.0249174
-0.0253521
-0.0258754
-0.0264959
-0.0272215
-0.0280599
-0.0290182
-0.0301032
-0.0313212
-0.0326777
-0.0341776
-0.0358249
-0.0376221
-0.0395705
-0.0416694
-0.0439163
-0.046306
-0.0488314
-0.0514823
-0.054246
-0.0571073
-0.0600483
-0.0630489
-0.0660868
-0.0691383
-0.0721782
-0.0751808
-0.07812
-0.0809701
-0.083706
-0.086304
-0.088742
-0.0909998
-0.0930596
-0.0949058
-0.0965256
-0.0979082
-0.0990457
-0.0999321
-0.100563
-0.100937
-0.101052
-0.100908
-0.100506
-0.0998446
-0.0989239
-0.0977425
-0.0962976
-0.0945847
-0.0925976
-0.0903286
-0.0877686
-0.0849084
-0.0817395
-0.0782568
-0.0744616
-0.070365
-0.0659931
-0.0613918
-0.0566325
-0.051815
-0.0470694
-0.0425517
-0.0384346
-0.0348911
-0.0320722
-0.0300844
-0.0289704
-0.0286991
-0.0291592
-0.030191
-0.0317832
-0.0339631
-0.0247545
-0.0248196
-0.0249068
-0.0250257
-0.0251869
-0.0253993
-0.025672
-0.0260148
-0.0264372
-0.026948
-0.0275561
-0.0282696
-0.0290963
-0.0300436
-0.0311185
-0.0323274
-0.0336762
-0.03517
-0.0368126
-0.038607
-0.0405543
-0.042654
-0.0449033
-0.0472974
-0.0498287
-0.052487
-0.0552596
-0.0581309
-0.0610829
-0.0640952
-0.0671454
-0.0702094
-0.0732619
-0.076277
-0.0792285
-0.0820903
-0.0848374
-0.0874461
-0.0898941
-0.0921614
-0.0942301
-0.0960849
-0.0977131
-0.0991043
-0.100251
-0.101147
-0.10179
-0.102177
-0.102307
-0.102183
-0.101804
-0.101171
-0.100284
-0.0991443
-0.0977483
-0.0960928
-0.094172
-0.0919784
-0.0895023
-0.0867332
-0.0836605
-0.0802755
-0.0765742
-0.072561
-0.0682533
-0.0636873
-0.058924
-0.0540538
-0.0491999
-0.0445169
-0.0401829
-0.0363846
-0.0332946
-0.0310456
-0.0297066
-0.0292678
-0.0296283
-0.0306277
-0.0322553
-0.0345352
-0.0259367
-0.0259783
-0.0260477
-0.0261519
-0.0262988
-0.0264966
-0.0267542
-0.027081
-0.0274863
-0.0279792
-0.0285685
-0.0292628
-0.0300701
-0.0309982
-0.0320543
-0.0332452
-0.034577
-0.0360549
-0.0376831
-0.0394646
-0.0414008
-0.043491
-0.0457327
-0.0481208
-0.0506479
-0.0533036
-0.0560751
-0.0589468
-0.0619003
-0.0649152
-0.0679688
-0.071037
-0.0740944
-0.0771146
-0.0800714
-0.0829387
-0.0856913
-0.0883054
-0.0907588
-0.0930313
-0.0951051
-0.0969651
-0.0985985
-0.0999952
-0.101148
-0.102051
-0.102701
-0.103098
-0.103241
-0.103131
-0.102771
-0.102161
-0.101303
-0.100197
-0.098843
-0.0972373
-0.0953751
-0.0932492
-0.09085
-0.0881663
-0.085186
-0.0818976
-0.078293
-0.0743706
-0.0701401
-0.0656281
-0.060885
-0.0559907
-0.0510596
-0.0462417
-0.0417174
-0.0376838
-0.034333
-0.0318237
-0.0302531
-0.0296357
-0.0298847
-0.0308421
-0.0324993
-0.0348775
-0.0270906
-0.027111
-0.0271638
-0.0272534
-0.0273852
-0.0275667
-0.0278063
-0.0281131
-0.0284964
-0.0289653
-0.0295291
-0.0301966
-0.0309763
-0.0318764
-0.0329046
-0.034068
-0.035373
-0.0368252
-0.0384291
-0.0401877
-0.0421026
-0.0441734
-0.0463974
-0.0487698
-0.051283
-0.0539266
-0.0566878
-0.0595507
-0.0624971
-0.0655063
-0.0685555
-0.0716205
-0.0746757
-0.0776946
-0.0806509
-0.0835184
-0.0862719
-0.0888872
-0.0913422
-0.0936166
-0.0956928
-0.0975553
-0.0991916
-0.100592
-0.101748
-0.102656
-0.103312
-0.103716
-0.103867
-0.103769
-0.103422
-0.10283
-0.101995
-0.100917
-0.0995971
-0.0980328
-0.0962202
-0.0941526
-0.0918209
-0.0892138
-0.0863181
-0.0831207
-0.0796101
-0.0757797
-0.0716324
-0.0671862
-0.0624809
-0.0575853
-0.0526036
-0.0476788
-0.0429899
-0.0387414
-0.0351421
-0.0323757
-0.0305687
-0.0297627
-0.0298886
-0.0307943
-0.032475
-0.0349497
-0.0282132
-0.0282152
-0.0282531
-0.0283285
-0.0284445
-0.0286078
-0.0288264
-0.029109
-0.0294649
-0.0299035
-0.0304344
-0.031067
-0.0318103
-0.0326733
-0.0336639
-0.03479
-0.0360583
-0.0374748
-0.0390443
-0.04077
-0.0426538
-0.0446954
-0.0468923
-0.0492395
-0.0517296
-0.0543523
-0.0570946
-0.0599406
-0.062872
-0.0658681
-0.068906
-0.0719613
-0.0750083
-0.0780206
-0.0809716
-0.083835
-0.0865854
-0.0891987
-0.0916525
-0.0939266
-0.0960031
-0.0978665
-0.0995042
-0.100906
-0.102065
-0.102976
-0.103636
-0.104045
-0.104203
-0.104112
-0.103776
-0.103197
-0.102378
-0.101322
-0.100028
-0.0984966
-0.0967237
-0.0947038
-0.0924284
-0.0898864
-0.0870645
-0.0839481
-0.0805236
-0.0767804
-0.0727159
-0.06834
-0.0636828
-0.058802
-0.0537906
-0.0487825
-0.0439526
-0.0395091
-0.0356745
-0.0326557
-0.0306089
-0.029605
-0.0295966
-0.0304405
-0.0321384
-0.0347078
-0.0293026
-0.0292895
-0.0293142
-0.0293761
-0.0294758
-0.0296191
-0.0298135
-0.0300673
-0.03039
-0.0307913
-0.0312815
-0.0318705
-0.0325683
-0.0333843
-0.0343275
-0.0354061
-0.0366275
-0.0379982
-0.0395232
-0.0412063
-0.0430494
-0.0450524
-0.047213
-0.0495264
-0.051985
-0.0545787
-0.0572944
-0.0601162
-0.0630258
-0.0660023
-0.069023
-0.0720631
-0.0750971
-0.0780982
-0.08104
-0.0838959
-0.0866405
-0.0892494
-0.0917002
-0.0939724
-0.096048
-0.0979114
-0.0995498
-0.100953
-0.102114
-0.103027
-0.10369
-0.104103
-0.104265
-0.10418
-0.103851
-0.10328
-0.102473
-0.101431
-0.100156
-0.0986479
-0.0969045
-0.0949207
-0.0926889
-0.0901986
-0.0874366
-0.0843878
-0.081037
-0.0773708
-0.0733819
-0.0690737
-0.0644674
-0.05961
-0.054583
-0.0495097
-0.0445585
-0.039938
-0.0358808
-0.0326149
-0.0303256
-0.0291152
-0.0289612
-0.0297333
-0.031442
-0.0341042
-0.0303573
-0.030333
-0.0303469
-0.0303961
-0.0304791
-0.0306005
-0.0307672
-0.0309874
-0.0312706
-0.0316272
-0.0320682
-0.0326044
-0.0332468
-0.0340058
-0.0348911
-0.0359118
-0.037076
-0.0383907
-0.0398613
-0.0414922
-0.0432854
-0.045241
-0.047357
-0.0496284
-0.052048
-0.0546054
-0.0572877
-0.0600791
-0.062961
-0.0659126
-0.0689109
-0.0719315
-0.0749484
-0.0779351
-0.0808647
-0.0837107
-0.0864474
-0.0890505
-0.0914971
-0.0937667
-0.095841
-0.0977043
-0.0993435
-0.100748
-0.101911
-0.102826
-0.103492
-0.103907
-0.104072
-0.103991
-0.103665
-0.1031
-0.102299
-0.101266
-0.100002
-0.0985078
-0.096783
-0.0948231
-0.0926212
-0.0901675
-0.0874492
-0.0844514
-0.0811579
-0.0775535
-0.0736272
-0.0693772
-0.0648168
-0.0599834
-0.0549471
-0.04982
-0.0447618
-0.0399787
-0.0357101
-0.0322019
-0.0296676
-0.0282422
-0.0279312
-0.0286207
-0.0303336
-0.0330872
-0.0313768
-0.0313457
-0.0313516
-0.0313893
-0.0314551
-0.0315527
-0.031688
-0.0318693
-0.0321063
-0.0324101
-0.0327928
-0.0332665
-0.0338431
-0.0345343
-0.0353511
-0.0363033
-0.0373998
-0.0386485
-0.0400552
-0.0416246
-0.0433592
-0.0452592
-0.0473227
-0.0495451
-0.0519188
-0.0544338
-0.057077
-0.0598325
-0.0626819
-0.0656042
-0.0685765
-0.071574
-0.074571
-0.0775406
-0.080456
-0.0832906
-0.0860184
-0.0886148
-0.091057
-0.093324
-0.0953973
-0.0972608
-0.0989013
-0.100308
-0.101473
-0.102391
-0.10306
-0.103477
-0.103645
-0.103565
-0.103241
-0.102678
-0.101878
-0.100847
-0.0995865
-0.0980981
-0.096381
-0.0944322
-0.0922455
-0.089812
-0.0871195
-0.0841534
-0.0808974
-0.0773349
-0.0734528
-0.0692447
-0.0647178
-0.0599008
-0.0548533
-0.0496759
-0.0445185
-0.0395822
-0.0351099
-0.0313626
-0.0285801
-0.0269307
-0.0264507
-0.0270465
-0.0287566
-0.0316004
-0.0323613
-0.0323287
-0.0323299
-0.0323574
-0.0324058
-0.0324773
-0.0325773
-0.0327138
-0.0328971
-0.0331395
-0.0334542
-0.0338547
-0.0343547
-0.0349671
-0.0357043
-0.0365772
-0.0375958
-0.0387684
-0.0401019
-0.0416012
-0.043269
-0.045106
-0.0471103
-0.0492772
-0.0515994
-0.0540668
-0.0566662
-0.0593817
-0.0621948
-0.0650845
-0.0680278
-0.071
-0.073975
-0.0769261
-0.0798262
-0.0826485
-0.085367
-0.0879569
-0.0903949
-0.0926599
-0.0947331
-0.096598
-0.0982409
-0.0996509
-0.10082
-0.101741
-0.102413
-0.102833
-0.103002
-0.102923
-0.102599
-0.102034
-0.101232
-0.100198
-0.0989336
-0.0974414
-0.0957211
-0.0937701
-0.0915834
-0.0891526
-0.0864663
-0.0835105
-0.0802689
-0.0767246
-0.0728628
-0.0686742
-0.0641611
-0.0593447
-0.0542753
-0.0490425
-0.0437857
-0.0386992
-0.0340265
-0.0300403
-0.0270047
-0.0251211
-0.0244591
-0.0249492
-0.0266491
-0.0295823
-0.0333119
-0.0332841
-0.0332843
-0.0333033
-0.0333341
-0.0333772
-0.0334373
-0.0335225
-0.0336441
-0.0338154
-0.0340515
-0.0343677
-0.0347795
-0.0353017
-0.0359479
-0.0367307
-0.037661
-0.0387482
-0.0399996
-0.0414206
-0.0430143
-0.0447817
-0.0467207
-0.048827
-0.0510931
-0.0535087
-0.0560607
-0.0587331
-0.0615073
-0.0643623
-0.0672749
-0.0702203
-0.0731724
-0.0761043
-0.0789888
-0.081799
-0.0845086
-0.0870926
-0.0895274
-0.0917917
-0.0938661
-0.0957338
-0.0973808
-0.0987956
-0.0999694
-0.100896
-0.101572
-0.101995
-0.102166
-0.102087
-0.101761
-0.101192
-0.100384
-0.0993408
-0.0980657
-0.0965607
-0.094826
-0.0928596
-0.090657
-0.0882104
-0.0855094
-0.0825403
-0.0792875
-0.075734
-0.0718642
-0.0676668
-0.0631405
-0.0583008
-0.0531898
-0.0478872
-0.0425222
-0.0372807
-0.0324047
-0.0281755
-0.0248789
-0.022749
-0.0218905
-0.0222615
-0.0239434
-0.0269656
-0.0342309
-0.0342149
-0.0342187
-0.0342312
-0.034244
-0.034256
-0.0342711
-0.0342977
-0.0343483
-0.0344382
-0.0345842
-0.0348042
-0.0351157
-0.0355356
-0.0360795
-0.0367614
-0.0375934
-0.0385859
-0.0397469
-0.0410823
-0.0425955
-0.0442875
-0.0461566
-0.048198
-0.0504045
-0.0527655
-0.0552678
-0.0578952
-0.0606291
-0.0634483
-0.0663294
-0.0692477
-0.0721768
-0.0750897
-0.0779592
-0.0807581
-0.0834598
-0.0860392
-0.0884724
-0.0907376
-0.092815
-0.0946876
-0.0963407
-0.0977623
-0.098943
-0.0998763
-0.100558
-0.100985
-0.101159
-0.101079
-0.10075
-0.100174
-0.099356
-0.0982988
-0.0970059
-0.0954791
-0.0937189
-0.0917235
-0.0894886
-0.0870071
-0.0842691
-0.0812615
-0.0779693
-0.0743759
-0.0704653
-0.0662254
-0.0616522
-0.0567572
-0.0515759
-0.0461795
-0.0406875
-0.0352773
-0.0301874
-0.0257053
-0.0221358
-0.0197444
-0.0186725
-0.0189095
-0.0205646
-0.023676
-0.0351215
-0.0351259
-0.0351385
-0.0351467
-0.035141
-0.0351186
-0.0350827
-0.0350422
-0.0350117
-0.0350085
-0.035052
-0.035163
-0.0353615
-0.035667
-0.0360969
-0.0366672
-0.0373912
-0.0382804
-0.0393435
-0.0405868
-0.0420141
-0.0436263
-0.0454216
-0.0473953
-0.0495399
-0.0518446
-0.054296
-0.0568778
-0.0595711
-0.0623544
-0.0652045
-0.0680962
-0.0710032
-0.0738983
-0.076754
-0.079543
-0.0822386
-0.0848153
-0.0872488
-0.0895171
-0.0915999
-0.0934796
-0.095141
-0.0965717
-0.0977616
-0.0987033
-0.099392
-0.0998247
-0.100001
-0.0999211
-0.0995875
-0.0990031
-0.0981711
-0.0970949
-0.0957773
-0.0942198
-0.0924228
-0.0903844
-0.0881004
-0.0855641
-0.0827657
-0.0796928
-0.0763307
-0.0726635
-0.0686755
-0.0643539
-0.0596939
-0.0547037
-0.0494142
-0.0438898
-0.0382415
-0.0326387
-0.0273154
-0.0225631
-0.0187031
-0.0160311
-0.0147258
-0.0148115
-0.0164301
-0.0196314
-0.035988
-0.0360233
-0.0360509
-0.0360572
-0.0360322
-0.0359713
-0.0358776
-0.0357594
-0.0356365
-0.0355272
-0.0354547
-0.0354429
-0.0355152
-0.0356935
-0.035998
-0.0364462
-0.0370532
-0.0378312
-0.0387898
-0.0399356
-0.0412726
-0.0428016
-0.0445208
-0.0464253
-0.048507
-0.050755
-0.0531557
-0.0556923
-0.0583458
-0.0610944
-0.0639148
-0.0667815
-0.0696681
-0.0725472
-0.0753911
-0.0781724
-0.0808642
-0.0834404
-0.0858768
-0.0881506
-0.0902413
-0.0921308
-0.0938032
-0.0952453
-0.0964466
-0.097399
-0.0980966
-0.098536
-0.0987156
-0.0986353
-0.0982964
-0.0977012
-0.0968521
-0.0957519
-0.0944027
-0.0928055
-0.0909602
-0.0888646
-0.0865142
-0.0839022
-0.081019
-0.0778524
-0.074388
-0.0706104
-0.0665042
-0.0620572
-0.0572637
-0.0521308
-0.0466861
-0.0409892
-0.0351441
-0.0293134
-0.0237266
-0.0186777
-0.0145026
-0.0115253
-0.00996248
-0.00987651
-0.0114475
-0.0147402
-0.0368372
-0.0369153
-0.0369651
-0.0369721
-0.0369264
-0.0368214
-0.0366603
-0.0364549
-0.0362253
-0.0359953
-0.0357919
-0.0356427
-0.0355748
-0.0356133
-0.0357809
-0.0360971
-0.0365785
-0.0372384
-0.038087
-0.0391311
-0.0403748
-0.0418188
-0.0434608
-0.0452956
-0.0473149
-0.0495072
-0.0518585
-0.0543517
-0.0569673
-0.0596835
-0.0624764
-0.0653205
-0.0681892
-0.0710549
-0.0738897
-0.076666
-0.0793566
-0.0819352
-0.0843772
-0.0866594
-0.0887608
-0.0906628
-0.0923488
-0.0938051
-0.0950203
-0.0959854
-0.0966939
-0.0971412
-0.0973249
-0.0972441
-0.096899
-0.0962908
-0.0954212
-0.0942919
-0.0929041
-0.0912581
-0.0893529
-0.0871855
-0.0847509
-0.0820418
-0.0790483
-0.075758
-0.0721567
-0.0682293
-0.0639608
-0.0593396
-0.0543602
-0.0490294
-0.0433734
-0.0374486
-0.0313544
-0.0252481
-0.0193555
-0.0139727
-0.00944869
-0.00613446
-0.00428476
-0.00400286
-0.00551308
-0.00889938
-0.0376768
-0.0378128
-0.0378934
-0.0379036
-0.0378347
-0.0376787
-0.0374396
-0.0371324
-0.0367808
-0.0364138
-0.0360629
-0.0357608
-0.0355384
-0.0354243
-0.0354438
-0.0356187
-0.0359671
-0.0365031
-0.0372374
-0.038177
-0.0393258
-0.0406842
-0.0422495
-0.0440159
-0.0459744
-0.0481133
-0.0504177
-0.0528703
-0.0554511
-0.058138
-0.0609067
-0.0637315
-0.0665855
-0.069441
-0.07227
-0.0750444
-0.0777369
-0.0803211
-0.0827716
-0.0850652
-0.0871804
-0.0890977
-0.0908001
-0.0922732
-0.0935046
-0.0944845
-0.0952055
-0.0956621
-0.0958507
-0.0957692
-0.0954168
-0.0947935
-0.0938998
-0.0927363
-0.0913028
-0.0895986
-0.0876215
-0.0853674
-0.0828303
-0.0800019
-0.0768715
-0.0734263
-0.0696517
-0.0655324
-0.061054
-0.0562053
-0.0509817
-0.0453903
-0.0394575
-0.0332384
-0.0268303
-0.0203869
-0.0141323
-0.00836545
-0.00344753
0.000244297
0.00241732
0.00292455
0.00149069
-0.00199235
-0.0385178
-0.0387304
-0.0388517
-0.0388672
-0.0387711
-0.0385546
-0.0382237
-0.0377979
-0.0373061
-0.0367834
-0.0362674
-0.0357955
-0.0354037
-0.0351241
-0.0349851
-0.0350104
-0.0352193
-0.035627
-0.0362443
-0.0370782
-0.0381321
-0.039406
-0.0408965
-0.042597
-0.044498
-0.0465869
-0.0488483
-0.0512643
-0.0538143
-0.0564758
-0.0592243
-0.0620338
-0.0648771
-0.0677262
-0.0705529
-0.073329
-0.0760269
-0.0786198
-0.0810822
-0.0833903
-0.0855221
-0.0874575
-0.0891791
-0.0906713
-0.0919212
-0.0929179
-0.093653
-0.0941199
-0.0943137
-0.0942312
-0.0938702
-0.0932295
-0.092308
-0.0911048
-0.0896184
-0.0878465
-0.0857852
-0.0834291
-0.0807707
-0.0778002
-0.0745056
-0.0708728
-0.0668866
-0.0625311
-0.0577918
-0.052658
-0.0471259
-0.041204
-0.0349197
-0.0283287
-0.0215282
-0.0146715
-0.00798297
-0.00176603
0.00360482
0.00772651
0.0102683
0.0110369
0.00969835
0.00611413
-0.0393748
-0.0396873
-0.0398609
-0.039883
-0.0397532
-0.0394633
-0.039023
-0.038458
-0.0378045
-0.0371049
-0.0364038
-0.0357447
-0.0351684
-0.034711
-0.0344036
-0.034272
-0.0343367
-0.0346132
-0.0351124
-0.035841
-0.0368018
-0.0379938
-0.039413
-0.0410518
-0.0428997
-0.0449433
-0.0471666
-0.0495509
-0.0520751
-0.0547162
-0.0574492
-0.0602479
-0.0630848
-0.0659317
-0.0687601
-0.0715416
-0.0742485
-0.0768535
-0.079331
-0.0816565
-0.0838077
-0.085764
-0.0875071
-0.0890207
-0.090291
-0.0913061
-0.0920565
-0.0925343
-0.0927334
-0.0926493
-0.0922782
-0.0916173
-0.0906639
-0.0894154
-0.0878686
-0.0860191
-0.0838613
-0.0813877
-0.0785887
-0.0754527
-0.0719656
-0.0681117
-0.0638741
-0.0592358
-0.0541818
-0.0487011
-0.0427911
-0.0364614
-0.0297415
-0.0226893
-0.0154041
-0.00804124
-0.000828567
0.00592305
0.0118235
0.0164425
0.0194105
0.0204853
0.0192655
0.015574
-0.0402678
-0.0407098
-0.0409489
-0.0409772
-0.0408033
-0.0404223
-0.0398498
-0.0391204
-0.0382797
-0.0373791
-0.0364711
-0.0356062
-0.0348301
-0.0341831
-0.0336988
-0.0334047
-0.0333219
-0.0334663
-0.0338483
-0.0344739
-0.0353449
-0.0364595
-0.0378123
-0.0393947
-0.0411953
-0.0431996
-0.0453907
-0.047749
-0.0502531
-0.0528792
-0.0556021
-0.0583949
-0.0612301
-0.0640791
-0.0669134
-0.0697042
-0.0724235
-0.075044
-0.0775395
-0.0798854
-0.0820586
-0.084038
-0.0858045
-0.0873413
-0.0886334
-0.089668
-0.0904343
-0.0909232
-0.0911274
-0.0910404
-0.0906572
-0.089973
-0.0889834
-0.0876838
-0.0860686
-0.0841316
-0.0818646
-0.0792576
-0.0762987
-0.0729735
-0.0692653
-0.065156
-0.0606261
-0.0556569
-0.0502317
-0.0443391
-0.0379764
-0.0311548
-0.023906
-0.0162915
-0.00841405
-0.000434182
0.00741358
0.014807
0.0213363
0.0265401
0.0300078
0.031446
0.0303746
0.0265671
-0.041225
-0.0418339
-0.0421534
-0.0421841
-0.0419502
-0.0414534
-0.040719
-0.0397938
-0.0387356
-0.0376065
-0.0364681
-0.0353779
-0.0343871
-0.0335395
-0.0328712
-0.0324106
-0.0321793
-0.0321926
-0.0324602
-0.032987
-0.0337736
-0.0348167
-0.0361096
-0.0376425
-0.0394025
-0.0413743
-0.0435398
-0.0458788
-0.0483689
-0.050986
-0.0537042
-0.0564964
-0.0593347
-0.0621903
-0.0650345
-0.0678383
-0.0705734
-0.0732124
-0.0757286
-0.078097
-0.0802942
-0.0822985
-0.0840901
-0.0856511
-0.0869658
-0.0880203
-0.0888026
-0.0893023
-0.0895103
-0.0894189
-0.0890209
-0.08831
-0.0872794
-0.0859224
-0.084231
-0.0821963
-0.0798074
-0.0770514
-0.0739132
-0.0703751
-0.0664173
-0.0620179
-0.0571546
-0.0518052
-0.0459508
-0.0395782
-0.032684
-0.0252802
-0.0174006
-0.00911037
-0.000517659
0.00821016
0.016828
0.0249978
0.0322838
0.0381871
0.0422509
0.0441266
0.0432423
0.0393068
-0.0422864
-0.0431102
-0.043526
-0.0435496
-0.043231
-0.042584
-0.0416489
-0.040489
-0.0391773
-0.0377883
-0.0363937
-0.0350582
-0.0338382
-0.0327806
-0.0319228
-0.031294
-0.0309152
-0.0308007
-0.0309589
-0.0313931
-0.0321022
-0.0330814
-0.0343222
-0.0358133
-0.0375406
-0.0394874
-0.0416347
-0.0439612
-0.0464439
-0.049058
-0.0517772
-0.0545739
-0.05742
-0.0602865
-0.0631443
-0.0659644
-0.0687183
-0.0713781
-0.0739172
-0.07631
-0.0785326
-0.0805627
-0.0823799
-0.0839656
-0.0853029
-0.086377
-0.0871745
-0.0876837
-0.0878939
-0.0877957
-0.08738
-0.0866383
-0.0855617
-0.0841408
-0.0823652
-0.0802227
-0.0776994
-0.0747791
-0.0714427
-0.0676687
-0.0634331
-0.0587099
-0.0534721
-0.0476937
-0.0413516
-0.0344295
-0.0269222
-0.0188407
-0.0102204
-0.00112942
0.00831811
0.0179463
0.0274971
0.0366111
0.0448192
0.0515742
0.0563632
0.0587755
0.0581309
0.0540509
-0.0435109
-0.0446109
-0.0451381
-0.0451354
-0.044694
-0.0438489
-0.0426622
-0.0412193
-0.0396111
-0.0379267
-0.036248
-0.0346469
-0.0331841
-0.0319084
-0.0308582
-0.0300617
-0.0295388
-0.029302
-0.0293579
-0.0297075
-0.0303478
-0.0312718
-0.0324694
-0.0339275
-0.0356304
-0.0375603
-0.0396968
-0.0420179
-0.0444997
-0.0471168
-0.0498423
-0.0526485
-0.0555066
-0.0583877
-0.0612624
-0.0641015
-0.0668763
-0.0695588
-0.072122
-0.07454
-0.0767885
-0.0788446
-0.0806873
-0.082297
-0.0836562
-0.0847486
-0.0855598
-0.0860764
-0.0862864
-0.0861784
-0.0857414
-0.0849646
-0.0838366
-0.0823454
-0.0804775
-0.0782176
-0.0755481
-0.0724487
-0.0688964
-0.0648648
-0.060325
-0.0552456
-0.0495943
-0.0433393
-0.0364523
-0.0289119
-0.0207086
-0.0118511
-0.00237379
0.00765327
0.0181113
0.0288156
0.0394936
0.0497612
0.0591052
0.0669161
0.0726075
0.0756944
0.0753643
0.0711178
-0.0449859
-0.0464404
-0.0470901
-0.0470251
-0.0464029
-0.0452926
-0.0437875
-0.0420008
-0.0400452
-0.0380251
-0.0360325
-0.0341454
-0.0324273
-0.0309277
-0.0296841
-0.028723
-0.028062
-0.0277108
-0.0276733
-0.027948
-0.0285294
-0.0294082
-0.0305721
-0.0320064
-0.0336937
-0.0356147
-0.037748
-0.0400705
-0.0425576
-0.0451831
-0.0479198
-0.0507396
-0.0536134
-0.056512
-0.059406
-0.062266
-0.0650631
-0.0677691
-0.0703567
-0.0727999
-0.0750738
-0.0771551
-0.079022
-0.0806543
-0.0820333
-0.083142
-0.0839644
-0.0844858
-0.0846925
-0.0845712
-0.0841089
-0.0832924
-0.0821077
-0.0805399
-0.0785722
-0.0761859
-0.0733593
-0.0700678
-0.0662835
-0.0619749
-0.0571071
-0.0516425
-0.0455419
-0.0387667
-0.031281
-0.0230564
-0.0140767
-0.00434467
0.00610906
0.0172159
0.0288551
0.0408352
0.0528687
0.0645508
0.075307
0.0844504
0.0912944
0.0952549
0.0953521
0.0909135
-0.0468451
-0.0487527
-0.0495242
-0.0493327
-0.0484409
-0.0469712
-0.0450595
-0.0428535
-0.0404901
-0.0380888
-0.0357505
-0.0335571
-0.0315727
-0.0298457
-0.0284106
-0.0272906
-0.0264996
-0.0260439
-0.0259238
-0.0261346
-0.026668
-0.0275121
-0.0286524
-0.0300722
-0.0317524
-0.0336723
-0.0358094
-0.0381395
-0.0406373
-0.043276
-0.0460279
-0.0488646
-0.0517567
-0.0546749
-0.0575895
-0.0604711
-0.0632908
-0.06602
-0.0686315
-0.0710987
-0.0733964
-0.075501
-0.07739
-0.0790424
-0.0804387
-0.0815606
-0.0823911
-0.082914
-0.0831138
-0.0829754
-0.0824837
-0.0816228
-0.0803764
-0.0787263
-0.0766523
-0.0741319
-0.0711391
-0.0676447
-0.0636154
-0.0590137
-0.0537983
-0.0479243
-0.0413446
-0.0340116
-0.0258805
-0.0169127
-0.00708198
0.00361836
0.0151665
0.0275006
0.0405035
0.0539827
0.0676424
0.081047
0.0935761
0.104431
0.112788
0.117921
0.118626
0.113976
-0.0492966
-0.0517778
-0.0526434
-0.0522129
-0.0509158
-0.0489541
-0.0465195
-0.0438
-0.0409569
-0.0381234
-0.0354056
-0.0328862
-0.0306267
-0.0286712
-0.0270491
-0.0257784
-0.024868
-0.0243195
-0.0241289
-0.0242879
-0.0247848
-0.0256051
-0.0267318
-0.0281461
-0.0298273
-0.0317533
-0.0339003
-0.0362434
-0.0387563
-0.0414119
-0.0441819
-0.0470375
-0.0499495
-0.052888
-0.0558235
-0.0587265
-0.0615678
-0.064319
-0.0669525
-0.0694416
-0.0717608
-0.0738859
-0.0757939
-0.0774632
-0.0788733
-0.0800051
-0.0808401
-0.0813608
-0.08155
-0.0813907
-0.0808656
-0.0799565
-0.0786441
-0.076907
-0.0747218
-0.0720617
-0.0688964
-0.0651915
-0.0609082
-0.0560025
-0.0504259
-0.0441256
-0.0370451
-0.0291268
-0.020314
-0.0105556
0.000188613
0.0119403
0.0246926
0.0383981
0.0529525
0.0681719
0.0837621
0.0992707
0.114026
0.127115
0.137512
0.144279
0.145894
0.141052
-0.0526742
-0.0558649
-0.0567376
-0.0558725
-0.0539618
-0.0513213
-0.0482105
-0.0448599
-0.0414527
-0.0381299
-0.0349977
-0.0321339
-0.0295929
-0.0274109
-0.0256094
-0.0241991
-0.0231821
-0.0225543
-0.0223066
-0.0224267
-0.0228991
-0.0237064
-0.0248291
-0.0262465
-0.0279361
-0.0298743
-0.0320365
-0.0343967
-0.0369282
-0.039603
-0.0423928
-0.0452684
-0.0482004
-0.0511591
-0.0541146
-0.0570375
-0.0598987
-0.0626696
-0.0653225
-0.0678305
-0.070168
-0.0723103
-0.0742338
-0.0759164
-0.0773368
-0.0784747
-0.0793107
-0.0798256
-0.0800009
-0.0798175
-0.0792559
-0.0782956
-0.0769143
-0.0750878
-0.0727887
-0.0699863
-0.0666458
-0.0627277
-0.058187
-0.0529733
-0.0470304
-0.0402966
-0.0327056
-0.0241877
-0.0146728
-0.00409381
0.00760769
0.0204742
0.0345222
0.0497294
0.0660172
0.0832269
0.101084
0.119141
0.136688
0.15273
0.165938
0.175069
0.178121
0.173233
-0.0575306
-0.0615513
-0.0622171
-0.0605782
-0.0577341
-0.0541515
-0.0501628
-0.046036
-0.0419665
-0.0380926
-0.0345114
-0.0312878
-0.0284634
-0.0260616
-0.0240928
-0.0225575
-0.0214498
-0.0207584
-0.0204688
-0.0205638
-0.0210242
-0.0218295
-0.0229578
-0.0243862
-0.0260908
-0.0280467
-0.0302283
-0.0326089
-0.035161
-0.0378565
-0.0406667
-0.0435622
-0.0465136
-0.0494911
-0.052465
-0.0554057
-0.0582843
-0.0610721
-0.0637413
-0.0662651
-0.0686175
-0.0707734
-0.0727091
-0.0744015
-0.0758288
-0.0769697
-0.0778035
-0.0783101
-0.0784689
-0.0782594
-0.0776598
-0.0766473
-0.0751968
-0.0732809
-0.0708688
-0.0679258
-0.0644127
-0.0602845
-0.0554906
-0.0499739
-0.0436702
-0.0365088
-0.0284126
-0.0192991
-0.0090826
0.00232257
0.0149976
0.0290125
0.0444165
0.0612258
0.079406
0.0988467
0.119324
0.140435
0.161488
0.181372
0.198546
0.211217
0.216658
0.212205
-0.0648237
-0.0696743
-0.0696474
-0.0666466
-0.0623798
-0.0574868
-0.0523586
-0.0472806
-0.0424394
-0.0379527
-0.0338935
-0.0303035
-0.0272028
-0.0245966
-0.0224799
-0.0208409
-0.0196634
-0.0189283
-0.0186147
-0.0187005
-0.0191628
-0.0199778
-0.0211214
-0.0225689
-0.0242949
-0.0262735
-0.0284782
-0.0308816
-0.033456
-0.0361729
-0.0390035
-0.0419183
-0.044888
-0.0478827
-0.0508729
-0.0538292
-0.0567226
-0.0595247
-0.0622075
-0.0647441
-0.0671085
-0.0692753
-0.0712203
-0.0729201
-0.0743519
-0.0754938
-0.076324
-0.076821
-0.076963
-0.0767275
-0.0760909
-0.0750279
-0.0735111
-0.07151
-0.0689906
-0.0659143
-0.0622375
-0.0579105
-0.052877
-0.0470734
-0.0404279
-0.0328607
-0.0242837
-0.014601
-0.0037104
0.00849496
0.0221229
0.0372772
0.0540502
0.0725117
0.0926936
0.114566
0.137998
0.162692
0.18805
0.212967
0.235724
0.253819
0.263421
0.260705
-0.0763072
-0.0815435
-0.0797462
-0.0743714
-0.0679466
-0.0612416
-0.0546487
-0.0484235
-0.0427044
-0.0375588
-0.0330137
-0.0290721
-0.0257226
-0.022945
-0.0207148
-0.019005
-0.0177882
-0.0170365
-0.0167225
-0.0168193
-0.0173003
-0.018139
-0.0193094
-0.020785
-0.0225395
-0.0245462
-0.0267779
-0.0292069
-0.0318054
-0.0345446
-0.0373958
-0.0403297
-0.0433169
-0.0463278
-0.0493331
-0.0523035
-0.0552102
-0.0580248
-0.0607196
-0.0632676
-0.0656426
-0.0678191
-0.0697725
-0.071479
-0.0729152
-0.0740583
-0.0748858
-0.0753748
-0.0755022
-0.0752441
-0.074575
-0.0734675
-0.071892
-0.0698151
-0.0671999
-0.0640045
-0.0601813
-0.0556763
-0.0504281
-0.0443671
-0.0374145
-0.0294821
-0.0204712
-0.0102728
0.00123237
0.0141732
0.0286868
0.0449159
0.0630048
0.0830925
0.105302
0.129721
0.15637
0.18514
0.215651
0.247011
0.277479
0.303966
0.32102
0.323135
-0.0953293
-0.0991781
-0.0932689
-0.0838193
-0.0741777
-0.0650185
-0.0565987
-0.0490503
-0.0423946
-0.0366001
-0.0316163
-0.0273873
-0.0238578
-0.0209755
-0.0186928
-0.0169662
-0.0157563
-0.0150272
-0.0147457
-0.0148805
-0.0154023
-0.0162827
-0.0174941
-0.0190093
-0.0208014
-0.0228431
-0.0251072
-0.0275661
-0.0301916
-0.0329555
-0.035829
-0.0387832
-0.0417888
-0.0448167
-0.0478376
-0.0508227
-0.0537433
-0.0565713
-0.0592789
-0.0618393
-0.0642262
-0.066414
-0.0683778
-0.0700934
-0.0715369
-0.0726849
-0.0735139
-0.0740002
-0.0741195
-0.0738464
-0.073154
-0.0720132
-0.0703919
-0.068255
-0.0655631
-0.062271
-0.0583283
-0.053677
-0.0482517
-0.0419776
-0.0347701
-0.0265336
-0.0171601
-0.00652863
0.00549588
0.0190639
0.0343421
0.0515146
0.0707832
0.0923683
0.116506
0.143444
0.173421
0.206623
0.243066
0.282357
0.323215
0.362323
0.392545
0.405959
-0.128506
-0.125513
-0.110751
-0.0945568
-0.0802584
-0.0679017
-0.0573494
-0.0484265
-0.0409149
-0.0346106
-0.0293439
-0.0249781
-0.0214038
-0.0185334
-0.0162958
-0.0146329
-0.0134957
-0.0128424
-0.012636
-0.0128431
-0.0134332
-0.0143772
-0.0156472
-0.0172161
-0.0190569
-0.0211427
-0.0234467
-0.0259414
-0.0285992
-0.0313923
-0.0342921
-0.0372702
-0.0402979
-0.0433462
-0.0463863
-0.0493897
-0.052328
-0.0551733
-0.057898
-0.0604752
-0.0628789
-0.0650831
-0.0670629
-0.0687937
-0.0702513
-0.0714116
-0.0722505
-0.0727435
-0.0728653
-0.0725896
-0.0718882
-0.070731
-0.0690826
-0.0669082
-0.0641657
-0.0608078
-0.0567817
-0.0520267
-0.0464741
-0.0400456
-0.032652
-0.0241919
-0.0145503
-0.00359639
0.00881822
0.0228626
0.0387303
0.0566441
0.0768633
0.0996932
0.125498
0.154716
0.187875
0.22559
0.268512
0.317175
0.371493
0.428707
0.481299
0.519073
-0.191189
-0.163724
-0.131093
-0.104597
-0.0840815
-0.0680041
-0.055404
-0.0454461
-0.0374781
-0.0310407
-0.0258163
-0.0215815
-0.0181769
-0.0154872
-0.0134269
-0.0119305
-0.0109461
-0.0104308
-0.0103483
-0.0106661
-0.0113547
-0.0123864
-0.0137345
-0.015373
-0.0172759
-0.0194173
-0.0217711
-0.0243107
-0.0270093
-0.0298394
-0.0327733
-0.0357831
-0.0388405
-0.0419171
-0.0449845
-0.0480144
-0.0509788
-0.05385
-0.0566007
-0.059204
-0.0616338
-0.0638644
-0.0658705
-0.0676272
-0.0691101
-0.0702948
-0.0711566
-0.0716705
-0.0718105
-0.0715494
-0.0708584
-0.069705
-0.0680575
-0.0658752
-0.063116
-0.0597317
-0.0556679
-0.0508625
-0.0452448
-0.0387342
-0.031239
-0.0226543
-0.0128604
-0.00172021
0.0109238
0.025254
0.0414839
0.0598666
0.0807079
0.104387
0.131385
0.162333
0.198079
0.239783
0.289021
0.347866
0.418556
0.501016
0.591804
0.685959
-0.327435
-0.21242
-0.142648
-0.103747
-0.0780705
-0.0599648
-0.0470713
-0.0376024
-0.0303643
-0.0246741
-0.0201359
-0.016502
-0.0136109
-0.0113552
-0.00966046
-0.00847245
-0.00774918
-0.00745631
-0.0075643
-0.00804651
-0.008878
-0.0100348
-0.0114933
-0.0132299
-0.0152207
-0.0174416
-0.0198679
-0.0224742
-0.0252347
-0.0281229
-0.0311119
-0.0341744
-0.0372826
-0.0404088
-0.0435249
-0.046603
-0.0496153
-0.0525344
-0.0553332
-0.0579849
-0.0604633
-0.0627427
-0.0647977
-0.0666036
-0.0681355
-0.0693689
-0.0702788
-0.0708401
-0.0710263
-0.0708096
-0.0701616
-0.0690506
-0.0674415
-0.0652953
-0.0625694
-0.0592154
-0.0551785
-0.0503963
-0.044798
-0.0383026
-0.0308178
-0.0222383
-0.012443
-0.00129297
0.0113726
0.0257415
0.0420357
0.0605225
0.0815314
0.10548
0.132918
0.164596
0.201588
0.245505
0.298879
0.36581
0.4527
0.567839
0.728407
0.9571
-0.602513
-0.257778
-0.119182
-0.0742976
-0.0518398
-0.03754
-0.0284893
-0.0224312
-0.0179286
-0.0143456
-0.0114203
-0.00902673
-0.00709801
-0.00559767
-0.00450393
-0.00380095
-0.00347479
-0.00351169
-0.0038973
-0.00461637
-0.00565257
-0.00698852
-0.00860573
-0.0104846
-0.0126047
-0.0149441
-0.0174804
-0.02019
-0.0230483
-0.0260301
-0.0291095
-0.0322599
-0.0354543
-0.0386653
-0.0418654
-0.0450271
-0.0481226
-0.0511249
-0.0540068
-0.0567418
-0.0593036
-0.0616666
-0.0638053
-0.065695
-0.0673109
-0.0686283
-0.0696225
-0.0702683
-0.0705396
-0.0704096
-0.0698478
-0.0688242
-0.0673042
-0.0652498
-0.0626188
-0.0593635
-0.0554303
-0.050758
-0.045277
-0.0389083
-0.0315612
-0.0231325
-0.0135037
-0.00253838
0.0099211
0.024059
0.0400932
0.0582865
0.0789627
0.102533
0.129541
0.160729
0.197176
0.240544
0.29362
0.36164
0.455794
0.600742
0.860213
1.32741
)
;

boundaryField
{
    movingWall
    {
        type            zeroGradient;
    }
    fixedWalls
    {
        type            zeroGradient;
    }
    frontAndBack
    {
        type            empty;
    }
}


// ************************************************************************* //
