/*--------------------------------*- C++ -*----------------------------------*\
  =========                 |
  \\      /  F ield         | OpenFOAM: The Open Source CFD Toolbox
   \\    /   O peration     | Website:  https://openfoam.org
    \\  /    A nd           | Version:  7
     \\/     M anipulation  |
\*---------------------------------------------------------------------------*/
FoamFile
{
    version     2.0;
    format      ascii;
    class       volScalarField;
    location    "1.625";
    object      p;
}
// * * * * * * * * * * * * * * * * * * * * * * * * * * * * * * * * * * * * * //

dimensions      [0 2 -2 0 0 0 0];

internalField   nonuniform List<scalar> 
6400
(
-1.46602e-08
6.62551e-06
-7.5348e-06
-4.33201e-05
-9.76e-05
-0.000167104
-0.000248768
-0.000340042
-0.000439
-0.000544285
-0.000654985
-0.000770497
-0.000890402
-0.00101435
-0.00114199
-0.00127287
-0.00140643
-0.00154192
-0.00167844
-0.00181484
-0.00194982
-0.00208184
-0.00220919
-0.00232997
-0.00244213
-0.00254348
-0.00263175
-0.00270462
-0.0027598
-0.00279505
-0.00280829
-0.0027977
-0.00276176
-0.00269938
-0.00260999
-0.00249362
-0.00235098
-0.00218355
-0.00199359
-0.00178419
-0.00155924
-0.00132347
-0.00108226
-0.000841602
-0.000607934
-0.000387972
-0.000188489
-1.60864e-05
0.000123042
0.000223352
0.000280175
0.00028993
0.00025028
0.000160253
2.031e-05
-0.000167663
-0.000400413
-0.000673453
-0.000981234
-0.00131736
-0.00167486
-0.00204645
-0.00242478
-0.00280272
-0.00317351
-0.00353101
-0.00386975
-0.00418506
-0.004473
-0.00473039
-0.0049547
-0.00514397
-0.00529672
-0.00541191
-0.00548911
-0.00552876
-0.00553313
-0.00550793
-0.00546417
-0.00541846
-7.17847e-06
-6.21502e-07
-1.46563e-05
-4.73758e-05
-9.56474e-05
-0.000157268
-0.000230106
-0.000312211
-0.000402028
-0.000498359
-0.000600342
-0.000707345
-0.000818889
-0.000934558
-0.00105393
-0.00117654
-0.00130181
-0.00142904
-0.00155736
-0.00168575
-0.00181301
-0.00193776
-0.00205844
-0.00217335
-0.00228064
-0.00237832
-0.00246434
-0.00253658
-0.00259294
-0.00263138
-0.00264998
-0.00264703
-0.00262114
-0.00257125
-0.0024968
-0.00239776
-0.00227474
-0.00212904
-0.00196268
-0.00177849
-0.00158
-0.00137145
-0.00115784
-0.000944672
-0.000737865
-0.000543605
-0.000368136
-0.000217554
-9.75712e-05
-1.32969e-05
3.09751e-05
3.19611e-05
-1.24613e-05
-0.000103144
-0.000239608
-0.000420054
-0.00064142
-0.000899505
-0.00118914
-0.00150439
-0.00183881
-0.00218566
-0.0025382
-0.00288987
-0.00323451
-0.00356651
-0.00388092
-0.00417352
-0.00444079
-0.00467995
-0.00488885
-0.00506593
-0.00521016
-0.00532105
-0.00539868
-0.00544399
-0.00545937
-0.0054493
-0.00541849
-0.00537271
6.85925e-06
1.26484e-05
-1.93178e-06
-3.35576e-05
-7.88654e-05
-0.000136039
-0.000203404
-0.000279389
-0.000362723
-0.000452415
-0.000547717
-0.00064806
-0.000752994
-0.000862123
-0.000975045
-0.00109131
-0.00121038
-0.00133161
-0.0014542
-0.00157723
-0.00169958
-0.00182002
-0.00193711
-0.00204929
-0.00215484
-0.00225193
-0.00233862
-0.00241293
-0.00247284
-0.00251639
-0.00254173
-0.00254716
-0.00253126
-0.00249294
-0.00243155
-0.00234695
-0.00223957
-0.00211054
-0.00196166
-0.00179549
-0.00161531
-0.00142515
-0.00122968
-0.00103411
-0.000844101
-0.000665585
-0.000504559
-0.000366893
-0.000258103
-0.000183132
-0.000146131
-0.000150274
-0.00019761
-0.000288946
-0.000423798
-0.000600392
-0.000815731
-0.00106572
-0.00134532
-0.00164879
-0.00196988
-0.00230212
-0.00263905
-0.00297441
-0.00330237
-0.00361767
-0.00391573
-0.00419265
-0.00444531
-0.00467128
-0.00486877
-0.00503658
-0.00517402
-0.00528089
-0.00535745
-0.00540451
-0.00542395
-0.0054187
-0.00538785
-0.00532898
4.4023e-05
4.52036e-05
2.78663e-05
-4.65412e-06
-4.92472e-05
-0.000104291
-0.000168342
-0.000240141
-0.000318677
-0.000403182
-0.000493081
-0.000587934
-0.000687389
-0.000791129
-0.000898823
-0.00101009
-0.00112446
-0.00124135
-0.00136007
-0.00147979
-0.0015995
-0.00171806
-0.00183416
-0.00194634
-0.00205298
-0.00215234
-0.00224256
-0.00232169
-0.00238776
-0.00243879
-0.00247287
-0.00248826
-0.00248343
-0.00245715
-0.00240862
-0.0023375
-0.00224403
-0.00212912
-0.00199437
-0.00184215
-0.00167546
-0.00149822
-0.0013149
-0.00113059
-0.00095082
-0.000781445
-0.000628411
-0.00049756
-0.000394402
-0.000323891
-0.000290201
-0.000296538
-0.000344977
-0.000436351
-0.00057019
-0.000744729
-0.000956968
-0.0012028
-0.00147719
-0.00177439
-0.00208818
-0.00241213
-0.00273984
-0.00306518
-0.00338248
-0.00368667
-0.00397341
-0.00423911
-0.00448093
-0.0046968
-0.00488526
-0.00504544
-0.00517695
-0.00527974
-0.00535409
-0.00540048
-0.00542013
-0.00541456
-0.00537867
-0.00530446
0.000102086
9.43814e-05
7.17175e-05
3.64916e-05
-9.01588e-06
-6.33596e-05
-0.000125371
-0.000194094
-0.000268802
-0.000348979
-0.000434259
-0.000524377
-0.000619125
-0.000718307
-0.000821701
-0.000929023
-0.00103991
-0.00115388
-0.00127035
-0.00138857
-0.00150768
-0.00162662
-0.00174419
-0.00185903
-0.00196958
-0.00207415
-0.00217091
-0.0022579
-0.00233311
-0.00239448
-0.00244
-0.00246777
-0.00247607
-0.0024635
-0.00242901
-0.00237203
-0.00229257
-0.00219128
-0.00206956
-0.00192962
-0.00177414
-0.00160703
-0.00143263
-0.00125595
-0.00108251
-0.000918194
-0.000768993
-0.000640843
-0.000539367
-0.000469648
-0.000435997
-0.000441748
-0.000489092
-0.000578953
-0.000710921
-0.000883256
-0.00109295
-0.00133585
-0.00160685
-0.00190013
-0.00220938
-0.00252808
-0.0028498
-0.0031684
-0.00347825
-0.00377437
-0.00405259
-0.00430952
-0.00454261
-0.00475007
-0.00493079
-0.00508419
-0.00521015
-0.00530881
-0.00538041
-0.00542521
-0.00544385
-0.00543685
-0.0053963
-0.00531081
0.000178057
0.000157928
0.000127714
8.81316e-05
4.0264e-05
-1.46755e-05
-7.57973e-05
-0.000142491
-0.000214353
-0.00029114
-0.000372731
-0.000459073
-0.000550138
-0.00064589
-0.000746244
-0.000851051
-0.00096007
-0.00107295
-0.00118922
-0.00130827
-0.00142933
-0.00155145
-0.00167352
-0.00179424
-0.0019121
-0.00202541
-0.00213232
-0.00223079
-0.00231871
-0.00239386
-0.00245406
-0.00249716
-0.00252122
-0.00252454
-0.0025058
-0.00246415
-0.00239931
-0.00231167
-0.00220245
-0.00207378
-0.00192762
-0.00176833
-0.00160006
-0.00142778
-0.00125708
-0.00109392
-0.000944443
-0.000814775
-0.00071075
-0.000637686
-0.000600135
-0.000601663
-0.000644672
-0.000730264
-0.000858159
-0.00102669
-0.00123288
-0.00147254
-0.00174047
-0.00203072
-0.00233682
-0.00265213
-0.00297003
-0.0032843
-0.0035892
-0.00387979
-0.00415193
-0.00440238
-0.00462878
-0.00482959
-0.00500398
-0.00515167
-0.00527277
-0.00536763
-0.00543652
-0.00547956
-0.00549703
-0.00548883
-0.00544554
-0.00535401
0.000268368
0.000233092
0.000193464
0.000148123
9.666e-05
4.00078e-05
-2.12598e-05
-8.69215e-05
-0.000156926
-0.000231343
-0.000310323
-0.000394057
-0.000482728
-0.000576486
-0.000675423
-0.000779544
-0.00088876
-0.00100287
-0.00112153
-0.00124427
-0.00137042
-0.00149914
-0.00162938
-0.00175989
-0.00188915
-0.00201544
-0.00213681
-0.0022511
-0.00235601
-0.0024491
-0.00252791
-0.00259001
-0.00263313
-0.00265524
-0.00265466
-0.00263022
-0.00258132
-0.00250808
-0.00241137
-0.00229289
-0.00215544
-0.00200232
-0.00183786
-0.00166711
-0.00149575
-0.0013299
-0.00117592
-0.0010402
-0.000928868
-0.000847585
-0.000801251
-0.000793777
-0.000827893
-0.000904984
-0.00102501
-0.00118647
-0.00138647
-0.00162085
-0.00188433
-0.00217085
-0.00247375
-0.00278617
-0.00310128
-0.00341263
-0.00371435
-0.00400136
-0.00426948
-0.0045155
-0.00473718
-0.00493315
-0.0051028
-0.00524609
-0.0053634
-0.00545522
-0.00552197
-0.00556373
-0.00558062
-0.0055722
-0.00552854
-0.00543603
0.000369267
0.000316842
0.000266107
0.000213845
0.000157798
9.85169e-05
3.62102e-05
-2.93323e-05
-9.84563e-05
-0.000171578
-0.00024915
-0.000331633
-0.000419449
-0.000512961
-0.000612457
-0.000718128
-0.00083006
-0.000948213
-0.0010724
-0.00120228
-0.0013373
-0.00147671
-0.00161951
-0.00176444
-0.00190996
-0.00205425
-0.0021952
-0.00233047
-0.00245749
-0.00257352
-0.00267576
-0.00276142
-0.00282782
-0.00287252
-0.00289346
-0.00288906
-0.00285838
-0.00280119
-0.00271812
-0.00261066
-0.00248113
-0.00233305
-0.00217064
-0.00199897
-0.00182382
-0.0016515
-0.00148861
-0.00134188
-0.00121784
-0.00112257
-0.00106143
-0.00103881
-0.0010579
-0.00112052
-0.00122701
-0.00137616
-0.00156529
-0.00179034
-0.00204605
-0.00232626
-0.00262415
-0.00293261
-0.00324455
-0.00355324
-0.00385254
-0.00413715
-0.00440277
-0.00464605
-0.00486478
-0.00505769
-0.00522428
-0.00536474
-0.00547961
-0.0055696
-0.00563527
-0.00567677
-0.0056942
-0.00568704
-0.00564551
-0.00555643
0.000476698
0.000405174
0.000342304
0.000282273
0.000220866
0.000158215
9.40977e-05
2.78135e-05
-4.14212e-05
-0.000114404
-0.000191922
-0.000274727
-0.000363504
-0.000458852
-0.000561279
-0.000671189
-0.000788862
-0.000914437
-0.0010479
-0.00118903
-0.00133741
-0.00149234
-0.00165287
-0.00181769
-0.00198518
-0.00215338
-0.00231996
-0.00248232
-0.00263753
-0.00278252
-0.00291403
-0.00302885
-0.00312382
-0.00319603
-0.00324296
-0.00326257
-0.0032535
-0.00321513
-0.00314772
-0.00305242
-0.00293155
-0.00278828
-0.00262679
-0.00245218
-0.00227031
-0.00208769
-0.00191122
-0.001748
-0.00160502
-0.00148889
-0.00140558
-0.00136008
-0.00135622
-0.00139642
-0.00148157
-0.00161096
-0.00178227
-0.0019917
-0.00223413
-0.00250338
-0.00279253
-0.00309422
-0.00340109
-0.00370606
-0.00400264
-0.0042852
-0.00454915
-0.00479098
-0.00500834
-0.0051999
-0.00536524
-0.00550461
-0.00561873
-0.00570847
-0.00577454
-0.00581723
-0.00583672
-0.00583252
-0.00579549
-0.00571345
0.000586388
0.000494387
0.000418425
0.000349961
0.000282605
0.000215981
0.000149364
8.14962e-05
1.1111e-05
-6.30043e-05
-0.000141998
-0.000226939
-0.000318797
-0.000418433
-0.000526599
-0.000643928
-0.000770915
-0.0009079
-0.00105504
-0.00121227
-0.00137926
-0.00155538
-0.00173967
-0.00193076
-0.0021269
-0.00232591
-0.0025252
-0.0027218
-0.00291242
-0.0030935
-0.00326133
-0.00341212
-0.00354221
-0.00364814
-0.00372682
-0.0037757
-0.0037929
-0.00377736
-0.00372886
-0.00364802
-0.00353748
-0.00339961
-0.00323857
-0.00305943
-0.00286815
-0.0026714
-0.00247637
-0.00229058
-0.00212155
-0.00197653
-0.0018622
-0.00178434
-0.00174761
-0.00175525
-0.00180892
-0.00190863
-0.00205267
-0.00223769
-0.00245887
-0.00271018
-0.00298467
-0.00327482
-0.00357297
-0.00387166
-0.00416397
-0.00444385
-0.00470629
-0.00494746
-0.00516471
-0.00535655
-0.00552245
-0.00566268
-0.005778
-0.00586939
-0.0059377
-0.00598336
-0.00600667
-0.00600722
-0.00597683
-0.00590466
0.000693723
0.000580128
0.000490375
0.000413016
0.000339281
0.000268187
0.000198426
0.000128119
5.54662e-05
-2.11932e-05
-0.000103398
-0.000192555
-0.000289945
-0.000396715
-0.000513881
-0.000642331
-0.000782793
-0.000935824
-0.00110176
-0.00128069
-0.00147238
-0.00167624
-0.00189126
-0.00211599
-0.00234847
-0.00258627
-0.00282647
-0.00306567
-0.00330013
-0.00352574
-0.00373821
-0.00393319
-0.00410635
-0.00425361
-0.00437126
-0.00445612
-0.0045057
-0.00451837
-0.00449341
-0.00443109
-0.00433319
-0.00420217
-0.00404187
-0.00385723
-0.00365418
-0.00343953
-0.00322076
-0.00300582
-0.00280281
-0.0026197
-0.00246404
-0.00234258
-0.00226099
-0.0022236
-0.00223314
-0.00229058
-0.00239511
-0.00254412
-0.00273334
-0.00295708
-0.00320852
-0.00348007
-0.00376383
-0.00405192
-0.00433697
-0.00461236
-0.00487254
-0.00511318
-0.00533118
-0.00552471
-0.00569298
-0.00583611
-0.00595478
-0.00604999
-0.00612266
-0.00617333
-0.00620237
-0.00620949
-0.00618762
-0.00612744
0.000793765
0.000657691
0.000553669
0.000467122
0.000386696
0.000310699
0.000237158
0.000163506
8.73622e-05
6.57916e-06
-8.07977e-05
-0.000176543
-0.000282268
-0.000399431
-0.000529339
-0.000673152
-0.000831859
-0.00100624
-0.00119684
-0.00140388
-0.00162722
-0.00186628
-0.00211999
-0.00238674
-0.00266437
-0.00295009
-0.0032406
-0.00353203
-0.00382005
-0.00409999
-0.0043669
-0.00461572
-0.00484142
-0.00503918
-0.00520456
-0.00533364
-0.00542323
-0.00547099
-0.00547556
-0.00543667
-0.00535538
-0.00523385
-0.00507553
-0.00488513
-0.00466848
-0.00443245
-0.00418477
-0.0039338
-0.00368825
-0.00345691
-0.0032483
-0.00307032
-0.00292991
-0.00283273
-0.00278287
-0.00278265
-0.00283248
-0.00293084
-0.00307433
-0.00325787
-0.00347502
-0.00371828
-0.00397957
-0.00425069
-0.00452369
-0.00479133
-0.00504738
-0.00528678
-0.00550583
-0.00570211
-0.0058744
-0.00602246
-0.00614676
-0.00624815
-0.00632749
-0.00638538
-0.00642219
-0.0064377
-0.00642597
-0.0063793
0.000881209
0.000722023
0.000603439
0.000507541
0.000420194
0.000338889
0.000260903
0.000182919
0.000101923
1.52468e-05
-7.95106e-05
-0.00018452
-0.000301751
-0.000432994
-0.000579874
-0.000743852
-0.000926198
-0.00112794
-0.00134981
-0.00159219
-0.001855
-0.00213766
-0.00243902
-0.00275727
-0.00308994
-0.00343391
-0.00378538
-0.00413994
-0.00449264
-0.00483812
-0.00517069
-0.00548451
-0.00577373
-0.00603271
-0.00625613
-0.00643924
-0.00657798
-0.0066692
-0.00671074
-0.00670162
-0.00664216
-0.00653393
-0.00637992
-0.00618443
-0.00595311
-0.00569279
-0.00541134
-0.00511751
-0.00482063
-0.00453033
-0.0042562
-0.00400746
-0.00379252
-0.00361867
-0.0034917
-0.00341564
-0.00339255
-0.0034224
-0.00350308
-0.0036305
-0.0037989
-0.00400113
-0.00422913
-0.00447439
-0.00472843
-0.00498328
-0.00523186
-0.00546823
-0.00568782
-0.0058874
-0.00606506
-0.00621998
-0.00635217
-0.00646218
-0.00655066
-0.00661809
-0.00666479
-0.00669047
-0.00669032
-0.00665821
0.000950393
0.000767722
0.000634452
0.000529141
0.000434695
0.000347675
0.000264523
0.000181105
9.37326e-05
-8.21772e-07
-0.000105437
-0.000222707
-0.000354984
-0.000504427
-0.000673007
-0.000862512
-0.00107451
-0.00131029
-0.0015708
-0.00185656
-0.00216754
-0.00250316
-0.00286211
-0.00324236
-0.00364111
-0.0040548
-0.00447909
-0.00490896
-0.00533875
-0.00576233
-0.00617318
-0.00656456
-0.00692972
-0.00726204
-0.00755525
-0.00780359
-0.00800204
-0.00814648
-0.0082338
-0.00826213
-0.00823095
-0.00814109
-0.00799488
-0.00779613
-0.0075501
-0.00726346
-0.00694413
-0.00660115
-0.00624441
-0.00588438
-0.0055318
-0.00519727
-0.00489089
-0.00462183
-0.00439792
-0.00422533
-0.00410819
-0.00404847
-0.00404582
-0.00409767
-0.00419935
-0.0043444
-0.00452505
-0.00473265
-0.00495824
-0.00519307
-0.00542906
-0.0056592
-0.00587776
-0.00608044
-0.00626433
-0.00642774
-0.00656999
-0.00669104
-0.00679116
-0.00687054
-0.00692926
-0.0069669
-0.00697961
-0.00696279
0.000995332
0.000789074
0.000641157
0.000526452
0.000424749
0.00033157
0.000242442
0.000152355
5.68974e-05
-4.77495e-05
-0.000164974
-0.000297822
-0.000449065
-0.000621256
-0.000816749
-0.00103768
-0.00128595
-0.00156312
-0.00187036
-0.00220831
-0.00257701
-0.00297581
-0.00340323
-0.00385699
-0.00433388
-0.00482984
-0.00533993
-0.00585842
-0.00637888
-0.00689429
-0.00739719
-0.00787988
-0.00833455
-0.0087535
-0.00912936
-0.00945527
-0.0097251
-0.0099336
-0.0100766
-0.0101513
-0.010156
-0.0100907
-0.00995708
-0.00975812
-0.00949862
-0.0091849
-0.0088248
-0.00842749
-0.00800332
-0.00756351
-0.00711992
-0.00668462
-0.00626947
-0.00588577
-0.00554367
-0.00525185
-0.00501704
-0.00484374
-0.00473396
-0.00468719
-0.00470042
-0.00476842
-0.00488406
-0.00503883
-0.00522345
-0.00542838
-0.00564445
-0.00586335
-0.00607793
-0.00628248
-0.00647274
-0.00664583
-0.00680002
-0.00693443
-0.00704865
-0.00714238
-0.00721528
-0.00726665
-0.00729343
-0.00729242
0.00100977
0.000780114
0.000617745
0.000493726
0.000384605
0.000284766
0.000188741
9.0592e-05
-1.48539e-05
-0.000132043
-0.000264903
-0.000416965
-0.000591456
-0.000791358
-0.00101944
-0.00127822
-0.00156995
-0.00189647
-0.00225918
-0.00265886
-0.00309557
-0.00356857
-0.00407619
-0.00461581
-0.00518377
-0.00577545
-0.00638521
-0.00700653
-0.00763211
-0.00825394
-0.00886352
-0.00945203
-0.0100105
-0.0105301
-0.0110021
-0.0114186
-0.0117721
-0.0120562
-0.0122655
-0.0123961
-0.0124452
-0.0124119
-0.0122967
-0.012102
-0.0118317
-0.0114917
-0.0110896
-0.0106345
-0.0101371
-0.00960903
-0.00906328
-0.00851328
-0.00797273
-0.0074551
-0.00697314
-0.00653837
-0.00616057
-0.00584733
-0.00560368
-0.00543186
-0.00533123
-0.00529838
-0.00532743
-0.00541045
-0.00553805
-0.00570007
-0.0058862
-0.00608662
-0.00629251
-0.00649636
-0.00669217
-0.00687545
-0.00704305
-0.00719288
-0.00732353
-0.00743396
-0.0075232
-0.00759001
-0.00763206
-0.00764735
0.000987286
0.000734708
0.000558236
0.00042503
0.000308311
0.000201229
9.72618e-05
-1.05086e-05
-0.000128049
-0.000260464
-0.000412252
-0.000587468
-0.000789828
-0.00102278
-0.00128955
-0.00159306
-0.00193593
-0.00232031
-0.00274783
-0.00321936
-0.003735
-0.00429388
-0.00489407
-0.00553255
-0.00620517
-0.00690663
-0.00763051
-0.00836942
-0.00911502
-0.00985824
-0.0105894
-0.0112985
-0.0119752
-0.0126094
-0.0131912
-0.0137112
-0.0141607
-0.014532
-0.0148185
-0.0150149
-0.0151175
-0.0151241
-0.0150342
-0.0148493
-0.0145724
-0.0142089
-0.0137657
-0.0132517
-0.0126775
-0.0120553
-0.0113987
-0.0107224
-0.0100418
-0.00937249
-0.00872995
-0.00812877
-0.00758215
-0.00710132
-0.00669498
-0.00636888
-0.00612558
-0.00596431
-0.00588116
-0.0058694
-0.00592005
-0.00602254
-0.00616551
-0.00633753
-0.00652779
-0.00672665
-0.00692591
-0.00711899
-0.00730085
-0.00746775
-0.00761696
-0.00774633
-0.00785399
-0.00793803
-0.00799657
-0.00802872
0.000921369
0.000646663
0.000456581
0.000314348
0.000189812
7.48157e-05
-3.82759e-05
-0.000157393
-0.000289328
-0.000439873
-0.000614132
-0.000816718
-0.00105187
-0.00132355
-0.00163545
-0.00199096
-0.00239306
-0.00284425
-0.00334633
-0.00390031
-0.00450625
-0.00516311
-0.00586864
-0.00661939
-0.00741055
-0.00823609
-0.0090887
-0.00995996
-0.0108404
-0.0117198
-0.0125871
-0.013431
-0.0142399
-0.0150021
-0.0157065
-0.0163422
-0.0168992
-0.0173686
-0.0177425
-0.0180144
-0.0181793
-0.018234
-0.0181769
-0.0180084
-0.0177307
-0.0173482
-0.016867
-0.0162957
-0.0156444
-0.0149255
-0.014153
-0.0133424
-0.0125105
-0.0116749
-0.0108537
-0.0100646
-0.00932445
-0.00864856
-0.00804992
-0.00753857
-0.00712116
-0.00680054
-0.00657571
-0.00644203
-0.00639158
-0.00641391
-0.00649682
-0.00662729
-0.00679234
-0.00697978
-0.00717875
-0.00738004
-0.00757619
-0.0077613
-0.00793084
-0.00808121
-0.00820935
-0.00831238
-0.00838874
-0.00843851
0.000805569
0.000509845
0.000306783
0.000155708
2.30926e-05
-0.000100588
-0.000224121
-0.00035647
-0.00050528
-0.000677059
-0.000877546
-0.00111194
-0.00138506
-0.0017014
-0.00206517
-0.00248022
-0.00294995
-0.00347715
-0.00406385
-0.00471112
-0.00541894
-0.00618604
-0.00700981
-0.00788619
-0.00880969
-0.00977337
-0.0107689
-0.0117868
-0.0128162
-0.0138455
-0.0148625
-0.0158542
-0.0168076
-0.0177097
-0.0185478
-0.0193097
-0.0199843
-0.0205612
-0.0210315
-0.0213873
-0.0216228
-0.0217334
-0.0217167
-0.0215718
-0.0213001
-0.0209048
-0.0203913
-0.0197671
-0.0190421
-0.0182279
-0.0173388
-0.0163906
-0.015401
-0.0143893
-0.0133758
-0.0123811
-0.0114258
-0.0105296
-0.00971
-0.00898227
-0.00835797
-0.00784466
-0.00744543
-0.00715877
-0.00697885
-0.00689608
-0.00689795
-0.00697004
-0.0070971
-0.00726411
-0.00745703
-0.00766344
-0.00787283
-0.00807657
-0.00826779
-0.008441
-0.00859157
-0.0087154
-0.00881103
-0.00887945
0.000633626
0.000318312
0.000103041
-5.66804e-05
-0.000197687
-0.000330913
-0.000466325
-0.000613939
-0.000782264
-0.000978544
-0.00120919
-0.00148001
-0.00179644
-0.00216354
-0.00258608
-0.00306838
-0.00361426
-0.00422681
-0.00490823
-0.00565963
-0.00648085
-0.0073703
-0.00832488
-0.00933986
-0.0104089
-0.011524
-0.0126757
-0.0138531
-0.0150442
-0.0162357
-0.0174138
-0.0185642
-0.0196723
-0.0207236
-0.0217042
-0.0226006
-0.0234002
-0.0240918
-0.0246652
-0.0251118
-0.0254245
-0.0255978
-0.0256285
-0.0255145
-0.0252562
-0.0248558
-0.0243175
-0.023648
-0.022856
-0.0219525
-0.0209511
-0.0198675
-0.0187199
-0.0175285
-0.0163151
-0.0151031
-0.0139163
-0.0127787
-0.0117129
-0.0107395
-0.00987603
-0.00913581
-0.00852726
-0.00805339
-0.00771172
-0.00749464
-0.00739014
-0.0073829
-0.00745556
-0.00759002
-0.00776867
-0.00797525
-0.0081955
-0.00841739
-0.00863107
-0.00882865
-0.00900353
-0.00914993
-0.00926648
-0.00935493
0.000399629
6.64661e-05
-0.000160118
-0.000328276
-0.000478031
-0.000621751
-0.000770589
-0.000935616
-0.00112621
-0.00135038
-0.00161521
-0.00192719
-0.00229236
-0.0027164
-0.00320464
-0.00376191
-0.00439242
-0.00509954
-0.00588561
-0.00675171
-0.00769744
-0.00872081
-0.00981809
-0.0109837
-0.0122103
-0.0134888
-0.0148083
-0.0161564
-0.0175195
-0.0188829
-0.0202311
-0.0215481
-0.0228181
-0.024025
-0.0251536
-0.0261892
-0.0271184
-0.0279288
-0.0286095
-0.029151
-0.0295455
-0.0297865
-0.0298705
-0.0297941
-0.0295568
-0.0291596
-0.0286059
-0.0279008
-0.0270519
-0.0260691
-0.0249649
-0.0237543
-0.022455
-0.0210874
-0.0196743
-0.0182407
-0.0168135
-0.0154202
-0.0140883
-0.0128444
-0.0117123
-0.0107121
-0.00985892
-0.00916167
-0.00862286
-0.00823833
-0.00799782
-0.00788595
-0.00788371
-0.00796999
-0.00812323
-0.00832277
-0.00854987
-0.00878829
-0.00902452
-0.00924762
-0.00944862
-0.0096193
-0.00975857
-0.00986885
9.81661e-05
-0.0002508
-0.000487674
-0.000664043
-0.000822948
-0.000978178
-0.00114207
-0.00132675
-0.00154245
-0.00179794
-0.00210103
-0.00245889
-0.00287822
-0.00336532
-0.0039261
-0.00456588
-0.00528926
-0.00609984
-0.00700004
-0.0079908
-0.0090714
-0.0102393
-0.01149
-0.0128169
-0.0142115
-0.0156633
-0.0171599
-0.0186873
-0.0202301
-0.021772
-0.0232959
-0.0247842
-0.0262194
-0.0275845
-0.0288628
-0.030039
-0.0310985
-0.0320285
-0.0328173
-0.0334549
-0.0339332
-0.0342456
-0.0343864
-0.0343529
-0.0341433
-0.033758
-0.0331987
-0.0324696
-0.0315767
-0.0305283
-0.0293354
-0.0280117
-0.0265737
-0.0250411
-0.0234367
-0.0217863
-0.0201185
-0.0184638
-0.0168544
-0.015322
-0.0138973
-0.0126078
-0.0114763
-0.0105194
-0.00974638
-0.00915822
-0.00874811
-0.00850201
-0.00840008
-0.0084186
-0.00853196
-0.00871458
-0.00894252
-0.00919449
-0.00945245
-0.00970158
-0.00992952
-0.010127
-0.0102911
-0.0104255
-0.000275503
-0.000637945
-0.000883968
-0.00106831
-0.00123679
-0.00140459
-0.00158522
-0.00179181
-0.00203546
-0.00232572
-0.00267111
-0.0030795
-0.00355826
-0.00411435
-0.00475423
-0.00548371
-0.00630772
-0.00723005
-0.0082531
-0.00937758
-0.0106023
-0.011924
-0.0133372
-0.0148342
-0.016405
-0.0180376
-0.0197179
-0.02143
-0.023157
-0.0248805
-0.0265819
-0.028242
-0.0298421
-0.0313638
-0.0327897
-0.0341035
-0.0352904
-0.0363369
-0.0372312
-0.0379632
-0.0385242
-0.0389076
-0.0391076
-0.0391208
-0.0389448
-0.038579
-0.0380243
-0.0372834
-0.0363607
-0.0352631
-0.0339994
-0.0325813
-0.0310237
-0.0293445
-0.0275655
-0.0257121
-0.0238136
-0.0219023
-0.0200135
-0.018184
-0.0164508
-0.0148492
-0.0134104
-0.0121601
-0.0111159
-0.0102863
-0.00967006
-0.00925617
-0.0090255
-0.0089525
-0.00900776
-0.00916053
-0.00938097
-0.00964185
-0.00991968
-0.010195
-0.0104517
-0.0106771
-0.0108682
-0.0110292
-0.0007253
-0.00109863
-0.00135255
-0.0015446
-0.00172309
-0.00190455
-0.0021036
-0.00233436
-0.00260877
-0.00293714
-0.00332872
-0.00379209
-0.00433531
-0.00496596
-0.00569106
-0.00651687
-0.00744859
-0.00849011
-0.0096437
-0.0109097
-0.0122863
-0.0137693
-0.0153522
-0.0170257
-0.0187784
-0.0205964
-0.0224637
-0.0243628
-0.0262745
-0.0281789
-0.0300556
-0.0318841
-0.0336444
-0.0353172
-0.0368845
-0.0383294
-0.039637
-0.0407936
-0.0417875
-0.0426086
-0.0432486
-0.0437007
-0.0439594
-0.0440207
-0.0438822
-0.0435424
-0.0430014
-0.0422607
-0.0413232
-0.0401938
-0.0388793
-0.0373891
-0.0357355
-0.0339341
-0.0320047
-0.029971
-0.0278614
-0.0257088
-0.0235503
-0.0214263
-0.0193792
-0.0174517
-0.0156839
-0.0141114
-0.0127621
-0.0116538
-0.0107932
-0.010175
-0.00978265
-0.00959019
-0.00956519
-0.00967175
-0.00987363
-0.0101368
-0.0104314
-0.0107321
-0.0110184
-0.0112736
-0.0114939
-0.0116845
-0.00125419
-0.00163557
-0.00189605
-0.00209551
-0.00228443
-0.00248061
-0.00269974
-0.00295685
-0.00326472
-0.00363438
-0.00407582
-0.00459832
-0.00521062
-0.00592091
-0.00673674
-0.00766473
-0.00871031
-0.00987736
-0.0111679
-0.0125817
-0.0141161
-0.0157659
-0.0175232
-0.0193771
-0.0213144
-0.0233192
-0.0253736
-0.027458
-0.0295514
-0.0316321
-0.0336781
-0.0356677
-0.0375798
-0.0393945
-0.0410932
-0.0426592
-0.0440774
-0.0453345
-0.0464191
-0.0473217
-0.0480342
-0.0485502
-0.0488646
-0.0489736
-0.0488744
-0.0485652
-0.0480456
-0.0473158
-0.0463776
-0.0452338
-0.0438891
-0.0423506
-0.0406275
-0.0387326
-0.0366825
-0.0344982
-0.0322061
-0.0298377
-0.0274303
-0.0250263
-0.022672
-0.0204163
-0.018308
-0.0163927
-0.0147097
-0.0132884
-0.012146
-0.0112854
-0.0106954
-0.0103517
-0.0102203
-0.0102606
-0.0104298
-0.0106865
-0.010993
-0.0113175
-0.0116336
-0.0119202
-0.0121723
-0.0123958
-0.00186403
-0.00225046
-0.00251605
-0.00272258
-0.00292231
-0.00313422
-0.00337499
-0.00366052
-0.00400434
-0.00441822
-0.00491286
-0.00549822
-0.00618369
-0.00697805
-0.00788932
-0.00892442
-0.0100889
-0.0113865
-0.0128187
-0.0143848
-0.016081
-0.0179008
-0.0198346
-0.02187
-0.0239915
-0.0261813
-0.0284194
-0.0306841
-0.0329525
-0.0352012
-0.0374069
-0.0395467
-0.0415988
-0.0435429
-0.0453604
-0.0470346
-0.0485508
-0.0498964
-0.0510606
-0.0520346
-0.052811
-0.0533842
-0.0537494
-0.0539033
-0.0538432
-0.0535673
-0.0530746
-0.0523646
-0.0514378
-0.0502956
-0.0489406
-0.0473772
-0.0456118
-0.0436538
-0.041516
-0.0392161
-0.0367766
-0.0342266
-0.0316016
-0.0289437
-0.0263014
-0.023728
-0.0212795
-0.0190114
-0.0169748
-0.0152122
-0.0137535
-0.0126129
-0.0117876
-0.0112579
-0.0109902
-0.0109405
-0.0110598
-0.0112984
-0.0116104
-0.0119559
-0.0123015
-0.0126209
-0.0129072
-0.0131672
-0.00255552
-0.00294381
-0.00321297
-0.00342619
-0.00363704
-0.0038656
-0.00412943
-0.00444523
-0.00482726
-0.00528796
-0.0058387
-0.00649012
-0.00725221
-0.00813429
-0.00914475
-0.0102908
-0.0115778
-0.0130094
-0.0145865
-0.0163073
-0.0181669
-0.0201574
-0.0222673
-0.0244822
-0.0267846
-0.0291545
-0.0315695
-0.0340061
-0.0364396
-0.0388449
-0.0411976
-0.043474
-0.0456518
-0.0477105
-0.0496318
-0.0513993
-0.0529993
-0.0544197
-0.0556509
-0.0566849
-0.0575153
-0.0581373
-0.0585469
-0.0587413
-0.0587183
-0.0584761
-0.0580136
-0.0573298
-0.0564243
-0.0552972
-0.0539494
-0.0523827
-0.0506008
-0.0486095
-0.046418
-0.0440393
-0.0414919
-0.0388005
-0.035997
-0.0331215
-0.0302221
-0.0273543
-0.0245794
-0.0219612
-0.0195622
-0.0174386
-0.0156351
-0.0141799
-0.0130819
-0.0123297
-0.0118928
-0.0117259
-0.0117745
-0.0119808
-0.0122896
-0.0126519
-0.0130261
-0.0133792
-0.0137022
-0.0140023
-0.00332807
-0.0037149
-0.00398604
-0.00420548
-0.00442767
-0.00467364
-0.00496178
-0.00530947
-0.00573162
-0.00624131
-0.00685056
-0.00757059
-0.00841198
-0.00938449
-0.0104968
-0.0117563
-0.0131682
-0.0147356
-0.0164586
-0.0183346
-0.0203571
-0.0225164
-0.0247993
-0.027189
-0.029666
-0.0322079
-0.0347903
-0.0373876
-0.0399734
-0.0425215
-0.0450063
-0.0474035
-0.0496908
-0.0518478
-0.0538567
-0.0557019
-0.0573704
-0.0588514
-0.0601363
-0.0612183
-0.0620921
-0.0627537
-0.0632004
-0.0634297
-0.0634402
-0.0632304
-0.0627992
-0.0621454
-0.0612682
-0.0601667
-0.0588401
-0.0572885
-0.0555129
-0.0535159
-0.0513026
-0.0488817
-0.0462666
-0.0434768
-0.0405394
-0.0374901
-0.0343744
-0.0312474
-0.0281727
-0.0252205
-0.0224632
-0.0199702
-0.017802
-0.0160032
-0.014598
-0.0135866
-0.0129457
-0.0126313
-0.0125853
-0.0127423
-0.013037
-0.0134104
-0.0138111
-0.0141985
-0.0145604
-0.0149043
-0.00417975
-0.00456178
-0.00483322
-0.00505832
-0.00529194
-0.00555593
-0.00586938
-0.00625025
-0.00671405
-0.00727442
-0.00794396
-0.00873445
-0.00965695
-0.0107216
-0.0119373
-0.0133114
-0.0148488
-0.0165521
-0.0184204
-0.0204497
-0.0226322
-0.0249561
-0.0274062
-0.0299635
-0.0326061
-0.0353095
-0.0380472
-0.0407917
-0.0435152
-0.0461903
-0.0487908
-0.0512921
-0.0536718
-0.0559103
-0.0579902
-0.0598971
-0.0616191
-0.0631466
-0.0644721
-0.0655902
-0.0664968
-0.0671889
-0.0676648
-0.0679228
-0.0679621
-0.0677819
-0.0673812
-0.0667591
-0.0659142
-0.0648452
-0.0635503
-0.0620281
-0.0602773
-0.0582978
-0.0560912
-0.0536616
-0.0510173
-0.0481721
-0.0451471
-0.0419721
-0.0386877
-0.0353459
-0.0320098
-0.0287528
-0.0256548
-0.022797
-0.0202554
-0.0180925
-0.0163506
-0.0150457
-0.0141655
-0.0136713
-0.0135039
-0.0135914
-0.0138589
-0.0142358
-0.0146601
-0.0150816
-0.0154844
-0.015876
-0.00510736
-0.00548119
-0.0057512
-0.00598131
-0.00622631
-0.0065087
-0.00684816
-0.00726316
-0.00776967
-0.00838186
-0.00911281
-0.0099748
-0.0109793
-0.0121367
-0.0134561
-0.0149445
-0.0166065
-0.0184439
-0.0204548
-0.0226337
-0.024971
-0.027453
-0.0300623
-0.0327776
-0.0355748
-0.038427
-0.0413061
-0.0441827
-0.0470279
-0.0498133
-0.0525123
-0.0551004
-0.0575557
-0.0598589
-0.0619939
-0.0639474
-0.0657085
-0.0672692
-0.0686233
-0.0697665
-0.0706958
-0.0714097
-0.071907
-0.0721874
-0.0722504
-0.0720959
-0.0717235
-0.0711324
-0.0703214
-0.0692887
-0.0680322
-0.0665492
-0.0648371
-0.0628934
-0.0607165
-0.0583068
-0.0556676
-0.0528069
-0.0497391
-0.0464873
-0.0430853
-0.0395794
-0.0360294
-0.0325084
-0.0291004
-0.0258958
-0.0229848
-0.0204481
-0.0183479
-0.0167195
-0.0155663
-0.0148593
-0.0145415
-0.014537
-0.0147614
-0.0151326
-0.0155761
-0.0160309
-0.0164762
-0.0169191
-0.00610635
-0.00646862
-0.00673544
-0.00696979
-0.00722592
-0.00752686
-0.00789272
-0.00834237
-0.00889217
-0.0095567
-0.0103495
-0.0112832
-0.0123695
-0.0136192
-0.0150411
-0.0166421
-0.0184263
-0.0203944
-0.0225433
-0.024866
-0.027351
-0.0299826
-0.0327411
-0.035603
-0.0385418
-0.0415289
-0.0445341
-0.0475268
-0.050477
-0.0533558
-0.0561364
-0.0587946
-0.061309
-0.0636614
-0.0658367
-0.0678228
-0.0696103
-0.0711923
-0.0725641
-0.0737226
-0.074666
-0.0753936
-0.0759055
-0.0762019
-0.0762834
-0.0761504
-0.0758029
-0.0752407
-0.0744627
-0.0734674
-0.0722524
-0.0708144
-0.0691499
-0.0672548
-0.0651251
-0.0627578
-0.0601521
-0.0573104
-0.0542407
-0.0509585
-0.0474898
-0.0438733
-0.0401625
-0.0364269
-0.0327509
-0.0292307
-0.0259677
-0.0230596
-0.0205895
-0.0186148
-0.0171586
-0.0162065
-0.0157083
-0.015587
-0.0157505
-0.0161046
-0.0165615
-0.0170479
-0.0175369
-0.0180346
-0.00717095
-0.00751838
-0.00778021
-0.00801792
-0.00828475
-0.00860408
-0.00899638
-0.00948077
-0.0100739
-0.0107907
-0.0116449
-0.0126496
-0.0138167
-0.0151569
-0.0166791
-0.0183896
-0.0202919
-0.0223855
-0.0246662
-0.0271252
-0.0297491
-0.03252
-0.0354161
-0.0384116
-0.0414781
-0.044585
-0.0477005
-0.0507931
-0.0538317
-0.0567874
-0.0596333
-0.0623459
-0.0649045
-0.0672919
-0.0694943
-0.0715009
-0.0733037
-0.074897
-0.0762774
-0.077443
-0.078393
-0.0791277
-0.079648
-0.0799551
-0.08005
-0.0799339
-0.0796075
-0.0790709
-0.0783237
-0.0773645
-0.0761911
-0.0748002
-0.0731878
-0.0713489
-0.0692778
-0.0669693
-0.0644187
-0.061624
-0.0585868
-0.0553156
-0.0518278
-0.0481531
-0.0443368
-0.0404415
-0.0365482
-0.0327547
-0.0291699
-0.025906
-0.0230661
-0.0207312
-0.018948
-0.0177212
-0.0170128
-0.0167485
-0.016831
-0.0171548
-0.017618
-0.0181334
-0.0186666
-0.0192221
-0.00829422
-0.00862368
-0.00887869
-0.00911877
-0.00939564
-0.00973292
-0.0101513
-0.0106701
-0.011306
-0.0120742
-0.0129887
-0.0140629
-0.0153086
-0.0167366
-0.0183554
-0.020171
-0.0221858
-0.0243985
-0.0268032
-0.0293894
-0.0321418
-0.0350405
-0.0380614
-0.0411768
-0.0443563
-0.0475675
-0.0507776
-0.0539539
-0.057065
-0.060082
-0.0629783
-0.065731
-0.0683205
-0.0707308
-0.0729491
-0.0749661
-0.0767751
-0.0783716
-0.0797533
-0.0809194
-0.0818701
-0.0826066
-0.0831303
-0.0834433
-0.0835472
-0.0834438
-0.0831343
-0.0826196
-0.0818995
-0.0809735
-0.0798396
-0.078495
-0.0769355
-0.0751558
-0.0731495
-0.0709096
-0.0684291
-0.0657018
-0.0627245
-0.0594987
-0.0560334
-0.0523492
-0.0484812
-0.0444828
-0.0404282
-0.0364121
-0.0325469
-0.0289553
-0.0257582
-0.0230601
-0.0209336
-0.0194073
-0.0184605
-0.0180268
-0.0180069
-0.0182855
-0.0187463
-0.0192869
-0.0198643
-0.0204804
-0.00946823
-0.00977672
-0.0100231
-0.0102644
-0.0105505
-0.0109049
-0.0113487
-0.0119009
-0.0125785
-0.0133967
-0.0143697
-0.0155108
-0.0168321
-0.018344
-0.0200548
-0.0219696
-0.0240903
-0.026414
-0.0289336
-0.0316368
-0.0345063
-0.0375202
-0.0406524
-0.0438733
-0.0471508
-0.0504511
-0.0537403
-0.0569851
-0.060154
-0.063218
-0.0661514
-0.0689319
-0.071541
-0.0739638
-0.076189
-0.0782084
-0.0800164
-0.08161
-0.0829876
-0.0841493
-0.0850964
-0.0858304
-0.0863538
-0.0866688
-0.086778
-0.0866834
-0.0863869
-0.0858899
-0.0851931
-0.0842962
-0.0831981
-0.0818965
-0.0803877
-0.0786666
-0.0767266
-0.0745599
-0.0721578
-0.0695116
-0.0666137
-0.0634598
-0.0600515
-0.0563999
-0.0525296
-0.0484831
-0.0443245
-0.0401421
-0.0360466
-0.0321665
-0.0286369
-0.0255841
-0.0231078
-0.0212637
-0.0200537
-0.0194249
-0.0192803
-0.0194974
-0.0199458
-0.0205068
-0.0211276
-0.0218065
-0.0106841
-0.0109689
-0.0112049
-0.0114462
-0.0117403
-0.0121109
-0.0125788
-0.0131631
-0.0138807
-0.0147468
-0.0157756
-0.0169804
-0.0183732
-0.0199642
-0.021761
-0.0237684
-0.025987
-0.0284128
-0.0310371
-0.033846
-0.0368203
-0.0399363
-0.043166
-0.046478
-0.0498387
-0.0532133
-0.056567
-0.0598662
-0.0630794
-0.066178
-0.0691369
-0.0719347
-0.0745541
-0.0769814
-0.0792064
-0.0812221
-0.0830242
-0.0846103
-0.0859801
-0.0871343
-0.0880746
-0.0888035
-0.0893237
-0.089638
-0.0897493
-0.0896602
-0.0893731
-0.0888899
-0.0882119
-0.0873396
-0.0862726
-0.0850094
-0.083547
-0.081881
-0.0800052
-0.0779117
-0.0755911
-0.0730329
-0.0702266
-0.0671634
-0.0638382
-0.0602537
-0.0564238
-0.0523794
-0.0481728
-0.0438818
-0.0396115
-0.0354909
-0.0316646
-0.0282775
-0.0254552
-0.0232831
-0.0217902
-0.0209427
-0.0206514
-0.0207897
-0.0212143
-0.0217899
-0.0224525
-0.0231958
-0.0119324
-0.012191
-0.0124149
-0.0126547
-0.0129555
-0.0133409
-0.0138314
-0.0144459
-0.0152013
-0.0161126
-0.0171938
-0.0184583
-0.0199177
-0.0215819
-0.0234581
-0.0255502
-0.0278578
-0.0303758
-0.0330939
-0.0359965
-0.0390629
-0.0422676
-0.0455808
-0.0489697
-0.0523995
-0.0558345
-0.0592393
-0.0625802
-0.0658259
-0.0689482
-0.0719229
-0.0747296
-0.077352
-0.0797776
-0.0819974
-0.0840053
-0.085798
-0.087374
-0.0887336
-0.0898783
-0.0908102
-0.0915323
-0.0920475
-0.0923591
-0.0924702
-0.0923839
-0.092103
-0.0916299
-0.0909665
-0.090114
-0.0890729
-0.0878425
-0.086421
-0.0848047
-0.0829883
-0.0809645
-0.0787239
-0.0762553
-0.0735465
-0.0705852
-0.0673612
-0.0638698
-0.0601152
-0.0561165
-0.051913
-0.04757
-0.0431825
-0.0388754
-0.0347971
-0.0311065
-0.0279529
-0.0254518
-0.0236627
-0.0225765
-0.0221175
-0.0221593
-0.0225479
-0.0231313
-0.0238334
-0.024642
-0.013203
-0.0134332
-0.0136433
-0.0138802
-0.0141862
-0.0145846
-0.0150957
-0.0157382
-0.0165285
-0.0174816
-0.0186113
-0.0199306
-0.021451
-0.0231819
-0.0251299
-0.0272981
-0.0296851
-0.0322846
-0.035085
-0.0380691
-0.0412147
-0.0444945
-0.0478776
-0.0513298
-0.0548154
-0.0582978
-0.0617416
-0.065113
-0.0683809
-0.071518
-0.0745008
-0.0773098
-0.0799298
-0.0823494
-0.0845605
-0.0865581
-0.0883395
-0.089904
-0.0912525
-0.0923869
-0.0933098
-0.0940242
-0.0945335
-0.0948411
-0.0949504
-0.0948649
-0.0945875
-0.0941212
-0.0934684
-0.0926311
-0.0916107
-0.0904073
-0.0890202
-0.0874471
-0.0856836
-0.0837235
-0.0815582
-0.0791766
-0.0765656
-0.073711
-0.0705988
-0.0672183
-0.0635654
-0.0596479
-0.055492
-0.0511491
-0.0467012
-0.0422642
-0.037985
-0.0340311
-0.0305713
-0.0277498
-0.0256588
-0.0243187
-0.023673
-0.0236009
-0.0239407
-0.0245242
-0.0252626
-0.0261369
-0.0144857
-0.0146856
-0.0148803
-0.0151127
-0.0154222
-0.0158315
-0.0163609
-0.0170286
-0.0178506
-0.0188415
-0.0200151
-0.0213838
-0.0229588
-0.0247491
-0.0267606
-0.0289957
-0.0314519
-0.0341219
-0.0369927
-0.0400459
-0.0432576
-0.0465996
-0.0500394
-0.053542
-0.0570708
-0.0605892
-0.0640612
-0.0674533
-0.070735
-0.0738796
-0.0768644
-0.0796708
-0.0822848
-0.0846956
-0.0868961
-0.0888822
-0.0906517
-0.0922045
-0.0935419
-0.0946662
-0.09558
-0.0962868
-0.0967899
-0.0970929
-0.0971995
-0.097113
-0.096837
-0.0963747
-0.095729
-0.0949027
-0.0938978
-0.0927156
-0.0913564
-0.0898193
-0.0881013
-0.0861975
-0.0841004
-0.0817998
-0.0792829
-0.0765345
-0.0735383
-0.0702791
-0.0667458
-0.0629366
-0.0588651
-0.0545681
-0.0501127
-0.0456022
-0.0411768
-0.0370065
-0.0332745
-0.0301507
-0.0277604
-0.0261569
-0.0253088
-0.0251066
-0.0253844
-0.0259597
-0.0267306
-0.0276701
-0.0157698
-0.0159379
-0.0161158
-0.0163422
-0.0166531
-0.0170711
-0.0176161
-0.0183057
-0.0191556
-0.02018
-0.0213922
-0.0228043
-0.0244271
-0.0262689
-0.0283352
-0.0306274
-0.0331423
-0.0358714
-0.0388006
-0.0419103
-0.0451756
-0.0485669
-0.0520509
-0.055592
-0.0591528
-0.0626966
-0.0661874
-0.0695921
-0.0728807
-0.0760271
-0.0790094
-0.08181
-0.0844155
-0.0868162
-0.0890055
-0.09098
-0.0927379
-0.0942798
-0.0956069
-0.0967218
-0.0976274
-0.0983271
-0.0988243
-0.0991226
-0.0992258
-0.0991374
-0.098861
-0.0984003
-0.0977587
-0.0969394
-0.0959453
-0.0947787
-0.0934411
-0.0919328
-0.0902524
-0.0883966
-0.0863594
-0.084132
-0.0817025
-0.0790557
-0.0761743
-0.0730402
-0.0696371
-0.0659549
-0.0619961
-0.0577831
-0.0533674
-0.0488368
-0.0443204
-0.039985
-0.0360221
-0.0326229
-0.0299441
-0.0280744
-0.0270123
-0.0266653
-0.0268685
-0.0274269
-0.0282257
-0.0292293
-0.0170451
-0.0171804
-0.01734
-0.0175587
-0.0178689
-0.0182931
-0.0188507
-0.0195587
-0.0204323
-0.0214852
-0.0227304
-0.0241794
-0.0258425
-0.0277276
-0.0298394
-0.0321787
-0.0347414
-0.0375181
-0.0404938
-0.0436478
-0.0469542
-0.0503827
-0.0538993
-0.0574676
-0.0610503
-0.0646103
-0.068112
-0.0715225
-0.0748125
-0.0779564
-0.0809331
-0.0837259
-0.0863219
-0.088712
-0.0908905
-0.0928541
-0.0946017
-0.0961338
-0.0974521
-0.0985591
-0.0994576
-0.100151
-0.100643
-0.100937
-0.101036
-0.100945
-0.100667
-0.100206
-0.0995662
-0.0987506
-0.0977631
-0.096607
-0.095285
-0.0937986
-0.092148
-0.0903316
-0.0883453
-0.0861819
-0.083831
-0.0812784
-0.0785068
-0.0754964
-0.0722274
-0.0686834
-0.0648572
-0.0607582
-0.056422
-0.0519197
-0.0473655
-0.0429179
-0.0387706
-0.0351302
-0.0321819
-0.03005
-0.0287669
-0.0282632
-0.0283797
-0.0289123
-0.0297341
-0.0307999
-0.0183016
-0.0184033
-0.0185435
-0.0187527
-0.0190601
-0.0194877
-0.0200544
-0.0207769
-0.0216696
-0.0227458
-0.0240178
-0.0254968
-0.0271925
-0.0291121
-0.0312599
-0.033636
-0.0362355
-0.0390484
-0.0420587
-0.045245
-0.0485808
-0.052035
-0.0555732
-0.0591587
-0.0627541
-0.0663223
-0.0698281
-0.0732389
-0.076526
-0.0796644
-0.0826336
-0.0854175
-0.0880039
-0.0903842
-0.0925529
-0.0945072
-0.0962461
-0.0977703
-0.0990815
-0.100182
-0.101075
-0.101764
-0.102251
-0.102541
-0.102637
-0.102543
-0.102263
-0.1018
-0.101159
-0.100344
-0.0993592
-0.0982091
-0.096897
-0.0954261
-0.093798
-0.0920127
-0.0900682
-0.0879591
-0.085677
-0.0832093
-0.0805394
-0.0776473
-0.0745111
-0.0711098
-0.0674285
-0.0634652
-0.0592405
-0.0548082
-0.0502654
-0.0457577
-0.0414751
-0.0376333
-0.0344415
-0.0320582
-0.0305526
-0.0298831
-0.0299022
-0.0304004
-0.0312397
-0.0323653
-0.0195297
-0.0195975
-0.0197172
-0.0199153
-0.0202176
-0.0206456
-0.0212179
-0.0219505
-0.0228574
-0.0239511
-0.0252435
-0.0267452
-0.0284653
-0.0304106
-0.0325848
-0.0349872
-0.0376126
-0.0404501
-0.0434834
-0.0466905
-0.0500443
-0.0535134
-0.0570631
-0.0606567
-0.0642566
-0.0678261
-0.0713303
-0.0747371
-0.0780181
-0.081149
-0.0841098
-0.0868847
-0.0894622
-0.0918338
-0.0939944
-0.0959413
-0.0976736
-0.099192
-0.100498
-0.101594
-0.102483
-0.103169
-0.103653
-0.103939
-0.104032
-0.103935
-0.103651
-0.103185
-0.102541
-0.101725
-0.10074
-0.0995917
-0.0982848
-0.0968234
-0.0952109
-0.0934489
-0.0915372
-0.0894729
-0.0872493
-0.084856
-0.0822779
-0.0794959
-0.076487
-0.0732277
-0.0696969
-0.0658832
-0.0617938
-0.0574658
-0.0529777
-0.0484591
-0.0440905
-0.040091
-0.0366874
-0.0340701
-0.0323457
-0.031505
-0.0314178
-0.0318732
-0.0327245
-0.033907
-0.0207207
-0.0207543
-0.0208529
-0.0210383
-0.021333
-0.0217583
-0.0223324
-0.0230706
-0.0239863
-0.0250916
-0.0263977
-0.0279145
-0.0296506
-0.0316125
-0.033803
-0.0362214
-0.0388617
-0.0417128
-0.0447578
-0.0479745
-0.0513356
-0.0548094
-0.0583613
-0.0619545
-0.0655518
-0.0691167
-0.0726146
-0.0760138
-0.0792864
-0.0824086
-0.0853607
-0.0881273
-0.090697
-0.0930617
-0.0952162
-0.097158
-0.0988861
-0.100401
-0.101704
-0.102798
-0.103685
-0.104368
-0.10485
-0.105134
-0.105224
-0.105124
-0.104836
-0.104366
-0.103718
-0.102898
-0.10191
-0.10076
-0.0994539
-0.097997
-0.0963937
-0.0946478
-0.0927607
-0.0907316
-0.0885563
-0.0862266
-0.0837296
-0.0810473
-0.0781574
-0.0750348
-0.0716545
-0.0679976
-0.0640598
-0.0598623
-0.0554656
-0.0509803
-0.0465737
-0.0424614
-0.0388823
-0.0360538
-0.0341195
-0.0331061
-0.0329056
-0.0333109
-0.0341686
-0.0354044
-0.021866
-0.0218662
-0.0219432
-0.0221141
-0.0223989
-0.0228183
-0.0233901
-0.0241291
-0.0250482
-0.0261587
-0.0274713
-0.0289954
-0.0307391
-0.0327081
-0.0349052
-0.0373291
-0.0399735
-0.0428272
-0.045873
-0.0490886
-0.0524467
-0.0559158
-0.0594612
-0.0630465
-0.0666347
-0.0701898
-0.0736774
-0.0770664
-0.0803291
-0.083442
-0.0863857
-0.0891451
-0.0917087
-0.0940685
-0.0962193
-0.0981585
-0.0998848
-0.101399
-0.102701
-0.103795
-0.104682
-0.105364
-0.105845
-0.106128
-0.106215
-0.106111
-0.10582
-0.105345
-0.104692
-0.103866
-0.102872
-0.101718
-0.100409
-0.0989515
-0.0973521
-0.0956155
-0.0937453
-0.0917427
-0.0896059
-0.0873291
-0.0849017
-0.0823078
-0.0795264
-0.0765322
-0.0732979
-0.0697991
-0.066022
-0.061974
-0.0576975
-0.0532841
-0.0488837
-0.0447035
-0.0409876
-0.0379753
-0.035845
-0.0346611
-0.0343426
-0.0346913
-0.03555
-0.0368356
-0.0229586
-0.0229263
-0.0229811
-0.0231364
-0.0234089
-0.023819
-0.0243844
-0.0251192
-0.0260358
-0.0271451
-0.0284569
-0.0299803
-0.0317227
-0.0336896
-0.0358833
-0.0383023
-0.0409402
-0.0437857
-0.0468217
-0.050026
-0.0533714
-0.0568267
-0.0603577
-0.0639281
-0.0675016
-0.0710423
-0.0745165
-0.0778931
-0.0811448
-0.0842483
-0.0871844
-0.0899379
-0.0924974
-0.0948546
-0.0970043
-0.0989433
-0.100671
-0.102186
-0.10349
-0.104586
-0.105474
-0.106157
-0.106639
-0.106921
-0.107006
-0.106899
-0.106604
-0.106123
-0.105464
-0.10463
-0.103629
-0.102468
-0.101152
-0.0996907
-0.0980901
-0.096357
-0.0944967
-0.0925125
-0.0904049
-0.0881706
-0.0858015
-0.0832842
-0.0805997
-0.0777233
-0.0746269
-0.0712827
-0.0676693
-0.0637823
-0.0596479
-0.0553379
-0.0509832
-0.0467777
-0.0429646
-0.0397991
-0.0374909
-0.0361424
-0.0357039
-0.0359906
-0.0368453
-0.0381769
-0.0239925
-0.0239289
-0.0239614
-0.0240997
-0.0243575
-0.0247551
-0.0253097
-0.0260352
-0.0269434
-0.0280445
-0.0293481
-0.0308625
-0.0325949
-0.0345502
-0.0367306
-0.0391344
-0.0417554
-0.0445822
-0.0475981
-0.0507812
-0.0541047
-0.0575379
-0.0610468
-0.0645961
-0.0681496
-0.071672
-0.0751298
-0.0784923
-0.0817324
-0.0848269
-0.0877564
-0.0905057
-0.093063
-0.0954201
-0.0975712
-0.0995129
-0.101244
-0.102763
-0.104072
-0.105171
-0.106062
-0.106748
-0.107231
-0.107513
-0.107597
-0.107488
-0.107188
-0.106701
-0.106035
-0.105193
-0.104182
-0.103011
-0.101687
-0.100217
-0.098611
-0.0968761
-0.0950195
-0.0930463
-0.0909593
-0.0887575
-0.0864358
-0.0839833
-0.0813832
-0.0786127
-0.0756438
-0.0724468
-0.0689949
-0.0652743
-0.0612963
-0.0571143
-0.0528389
-0.0486471
-0.0447757
-0.0414893
-0.0390245
-0.0375208
-0.0369625
-0.0371833
-0.0380295
-0.0394034
-0.0249624
-0.0248691
-0.0248795
-0.0249996
-0.0252405
-0.0256223
-0.0261618
-0.0268727
-0.0277662
-0.0288523
-0.0301398
-0.0316369
-0.0333502
-0.0352845
-0.0374417
-0.0398202
-0.0424139
-0.0452119
-0.0481977
-0.0513501
-0.0546429
-0.0580458
-0.0615259
-0.065048
-0.0685768
-0.0720772
-0.0755162
-0.0788633
-0.0820914
-0.0851772
-0.0881013
-0.0908481
-0.0934056
-0.095765
-0.0979201
-0.0998672
-0.101604
-0.10313
-0.104445
-0.10555
-0.106447
-0.107137
-0.107622
-0.107905
-0.107989
-0.107877
-0.107572
-0.10708
-0.106405
-0.105554
-0.104532
-0.10335
-0.102013
-0.100533
-0.0989173
-0.097176
-0.0953173
-0.0933484
-0.0912741
-0.0890958
-0.086811
-0.0844116
-0.0818835
-0.079206
-0.0763524
-0.0732923
-0.0699956
-0.0664408
-0.0626272
-0.0585907
-0.0544215
-0.0502778
-0.0463848
-0.0430103
-0.0404124
-0.0387657
-0.0380903
-0.0382427
-0.0390764
-0.0404892
-0.0258643
-0.0257432
-0.0257319
-0.0258329
-0.0260549
-0.0264175
-0.0269376
-0.0276284
-0.0285009
-0.0295648
-0.0308285
-0.0322997
-0.0339848
-0.0358885
-0.0380126
-0.0403557
-0.0429121
-0.0456712
-0.0486174
-0.0517299
-0.0549834
-0.0583486
-0.061793
-0.0652825
-0.068782
-0.0722571
-0.075675
-0.0790055
-0.0822213
-0.0852991
-0.0882191
-0.0909652
-0.0935251
-0.0958892
-0.0980511
-0.100006
-0.101752
-0.103287
-0.10461
-0.105724
-0.106627
-0.107323
-0.107812
-0.108097
-0.108181
-0.108067
-0.107758
-0.107259
-0.106575
-0.105714
-0.10468
-0.103484
-0.102134
-0.10064
-0.0990113
-0.0972594
-0.0953936
-0.0934229
-0.091354
-0.0891907
-0.086933
-0.0845755
-0.082107
-0.0795093
-0.0767577
-0.0738221
-0.0706708
-0.0672768
-0.0636294
-0.059749
-0.0557064
-0.0516394
-0.0477578
-0.0443273
-0.0416211
-0.0398457
-0.039058
-0.0391407
-0.0399588
-0.0414072
-0.0266955
-0.0265489
-0.0265165
-0.0265977
-0.0267987
-0.027139
-0.0276353
-0.0283006
-0.0291456
-0.0301799
-0.0314117
-0.0328483
-0.0344961
-0.0363595
-0.0384407
-0.0407384
-0.0432475
-0.045958
-0.0488551
-0.0519189
-0.055125
-0.0584451
-0.0618475
-0.0652989
-0.0687649
-0.0722116
-0.0756064
-0.0789191
-0.0821225
-0.0851928
-0.0881098
-0.0908571
-0.0934215
-0.0957929
-0.0979641
-0.0999298
-0.101687
-0.103233
-0.104568
-0.105692
-0.106604
-0.107307
-0.107802
-0.10809
-0.108174
-0.108058
-0.107745
-0.10724
-0.106547
-0.105674
-0.104627
-0.103416
-0.10205
-0.10054
-0.0988954
-0.097129
-0.0952516
-0.0932736
-0.0912035
-0.0890473
-0.0868074
-0.0844812
-0.0820601
-0.079529
-0.0768653
-0.0740405
-0.0710222
-0.06778
-0.0642952
-0.0605753
-0.0566729
-0.052705
-0.0488636
-0.0454066
-0.0426171
-0.0407288
-0.0398351
-0.0398482
-0.0406482
-0.0421298
-0.027454
-0.0272844
-0.0272319
-0.0272928
-0.0274712
-0.0277861
-0.0282543
-0.0288885
-0.0296995
-0.0306967
-0.0318883
-0.0332815
-0.0348826
-0.0366961
-0.0387245
-0.040967
-0.043419
-0.0460713
-0.0489101
-0.0519166
-0.0550674
-0.0583353
-0.0616896
-0.0650978
-0.0685263
-0.0719414
-0.0753111
-0.0786049
-0.0817956
-0.084859
-0.0877743
-0.0905244
-0.0930954
-0.0954765
-0.0976595
-0.0996385
-0.10141
-0.10297
-0.104318
-0.105454
-0.106378
-0.10709
-0.107591
-0.107883
-0.10797
-0.107852
-0.107535
-0.107023
-0.106321
-0.105436
-0.104375
-0.103148
-0.101764
-0.100235
-0.0985721
-0.096788
-0.0948949
-0.0929045
-0.0908271
-0.0886708
-0.08644
-0.0841349
-0.0817497
-0.079272
-0.0766819
-0.073953
-0.0710534
-0.0679507
-0.0646206
-0.0610597
-0.0573044
-0.0534515
-0.0496735
-0.0462166
-0.0433675
-0.0413828
-0.0403907
-0.0403353
-0.0411156
-0.0426284
-0.0281393
-0.0279496
-0.0278781
-0.0279184
-0.0280726
-0.0283594
-0.0287951
-0.0293927
-0.030163
-0.0311155
-0.0322584
-0.0335992
-0.0351441
-0.0368981
-0.0388638
-0.0410412
-0.0434263
-0.0460111
-0.0487827
-0.0517235
-0.0548115
-0.0580203
-0.0613206
-0.0646806
-0.0680675
-0.0714481
-0.0747905
-0.0780644
-0.0812421
-0.084299
-0.0872136
-0.0899682
-0.0925478
-0.0949409
-0.0971382
-0.0991332
-0.100921
-0.102498
-0.103862
-0.105013
-0.105949
-0.106672
-0.107181
-0.107479
-0.107568
-0.10745
-0.10713
-0.106611
-0.105899
-0.105002
-0.103926
-0.102682
-0.101279
-0.0997291
-0.0980453
-0.0962403
-0.0943276
-0.0923202
-0.09023
-0.0880666
-0.085837
-0.0835433
-0.0811827
-0.0787454
-0.0762145
-0.0735659
-0.0707691
-0.0677912
-0.0646039
-0.0611953
-0.0575878
-0.0538593
-0.0501621
-0.0467273
-0.0438403
-0.0417754
-0.0406932
-0.0405713
-0.041331
-0.0428739
-0.0287518
-0.0285449
-0.0284558
-0.0284757
-0.0286044
-0.0288602
-0.0292594
-0.0298149
-0.0305378
-0.0314377
-0.0325234
-0.0338025
-0.0352816
-0.0369662
-0.0388594
-0.0409619
-0.0432706
-0.0457786
-0.0484743
-0.0513414
-0.054359
-0.0575022
-0.0607427
-0.0640497
-0.0673911
-0.0707342
-0.0740473
-0.0773
-0.0804643
-0.083515
-0.0864299
-0.0891903
-0.0917805
-0.0941877
-0.0964019
-0.0984153
-0.100222
-0.101818
-0.103201
-0.104369
-0.10532
-0.106055
-0.106575
-0.10688
-0.106973
-0.106855
-0.106532
-0.106007
-0.105286
-0.104375
-0.103284
-0.102022
-0.100598
-0.0990265
-0.0973194
-0.0954908
-0.0935551
-0.0915264
-0.089418
-0.0872414
-0.085005
-0.0827136
-0.0803666
-0.077957
-0.0754709
-0.0728865
-0.0701755
-0.0673055
-0.0642457
-0.0609781
-0.0575132
-0.0539119
-0.0503064
-0.0469107
-0.0440046
-0.0418745
-0.0407105
-0.0405243
-0.0412631
-0.042836
-0.0292927
-0.0290719
-0.028967
-0.0289666
-0.0290688
-0.0292912
-0.0296498
-0.0301577
-0.0308263
-0.0316658
-0.0326854
-0.0338934
-0.035297
-0.0369022
-0.038713
-0.0407308
-0.0429537
-0.045376
-0.0479873
-0.0507727
-0.0537128
-0.056784
-0.0599591
-0.0632084
-0.0665005
-0.0698032
-0.0730849
-0.0763152
-0.0794655
-0.0825102
-0.0854262
-0.0881938
-0.0907962
-0.0932197
-0.095453
-0.0974874
-0.0993161
-0.100934
-0.102338
-0.103525
-0.104494
-0.105244
-0.105775
-0.106089
-0.106187
-0.106071
-0.105746
-0.105215
-0.104485
-0.103562
-0.102455
-0.101173
-0.0997284
-0.098133
-0.0964006
-0.0945458
-0.0925839
-0.09053
-0.0883985
-0.0862025
-0.0839521
-0.0816539
-0.0793098
-0.0769155
-0.0744595
-0.0719229
-0.0692798
-0.0664989
-0.0635486
-0.0604064
-0.0570735
-0.0535957
-0.0500863
-0.046741
-0.0438301
-0.0416477
-0.0404096
-0.0401616
-0.0408797
-0.0424833
-0.0297644
-0.029533
-0.0294141
-0.029394
-0.029469
-0.0296558
-0.0299699
-0.0304246
-0.031032
-0.031803
-0.0327476
-0.0338749
-0.035193
-0.0367087
-0.0384271
-0.0403506
-0.0424784
-0.0448061
-0.0473248
-0.050021
-0.0528768
-0.0558698
-0.0589743
-0.0621614
-0.0654005
-0.0686599
-0.0719081
-0.0751145
-0.0782503
-0.081289
-0.0842067
-0.0869826
-0.0895989
-0.0920406
-0.0942953
-0.0963531
-0.0982062
-0.0998487
-0.101276
-0.102485
-0.103474
-0.104241
-0.104786
-0.105111
-0.105215
-0.105103
-0.104777
-0.104241
-0.103502
-0.102567
-0.101444
-0.100143
-0.0986762
-0.097056
-0.0952966
-0.0934134
-0.0914224
-0.0893395
-0.0871802
-0.0849589
-0.0826872
-0.0803737
-0.0780221
-0.0756303
-0.0731898
-0.0706843
-0.0680902
-0.0653781
-0.0625167
-0.0594806
-0.0562638
-0.0528995
-0.0494837
-0.0461937
-0.0432876
-0.0410628
-0.0397568
-0.039449
-0.0401467
-0.0417828
-0.0301697
-0.0299313
-0.0298006
-0.0297617
-0.029809
-0.0299579
-0.0302237
-0.0306199
-0.0311591
-0.0318533
-0.0327137
-0.0337505
-0.034973
-0.0363892
-0.0380051
-0.0398246
-0.0418483
-0.0440729
-0.046491
-0.0490909
-0.0518558
-0.0547649
-0.0577937
-0.0609143
-0.0640969
-0.0673102
-0.0705228
-0.0737041
-0.0768246
-0.0798572
-0.0827771
-0.0855624
-0.088194
-0.0906557
-0.0929339
-0.0950176
-0.0968977
-0.0985674
-0.100021
-0.101255
-0.102266
-0.103053
-0.103615
-0.103952
-0.104065
-0.103957
-0.103632
-0.103093
-0.102346
-0.101399
-0.100261
-0.0989405
-0.0974509
-0.0958049
-0.0940172
-0.0921036
-0.0900807
-0.0879652
-0.0857737
-0.0835214
-0.0812215
-0.0788838
-0.0765141
-0.0741125
-0.0716725
-0.0691806
-0.0666158
-0.0639509
-0.0611553
-0.0582024
-0.055081
-0.0518142
-0.0484825
-0.0452456
-0.0423482
-0.0400867
-0.0387169
-0.0383502
-0.0390281
-0.0406994
-0.0305124
-0.0302709
-0.0301307
-0.030074
-0.0300932
-0.0302024
-0.0304163
-0.0307484
-0.0312124
-0.0318214
-0.0325882
-0.0335245
-0.034641
-0.0359474
-0.037451
-0.039157
-0.0410675
-0.0431808
-0.0454909
-0.0479875
-0.0506556
-0.0534755
-0.056424
-0.0594742
-0.062597
-0.0657616
-0.0689367
-0.0720915
-0.075196
-0.0782224
-0.0811448
-0.0839404
-0.0865886
-0.0890721
-0.0913759
-0.0934877
-0.0953974
-0.0970968
-0.0985796
-0.0998409
-0.100877
-0.101686
-0.102267
-0.102619
-0.102744
-0.102643
-0.10232
-0.101779
-0.101026
-0.100069
-0.098915
-0.097576
-0.0960636
-0.0943913
-0.0925741
-0.0906284
-0.0885711
-0.0864198
-0.0841916
-0.0819028
-0.0795675
-0.077197
-0.0747986
-0.0723741
-0.0699194
-0.0674231
-0.0648669
-0.0622257
-0.0594707
-0.0565748
-0.0535236
-0.0503321
-0.0470679
-0.0438746
-0.0409828
-0.0386856
-0.0372529
-0.0368267
-0.0374848
-0.0391952
-0.0307969
-0.0305561
-0.0304089
-0.0303357
-0.0303268
-0.0303945
-0.0305527
-0.0308153
-0.0311969
-0.0317121
-0.0323757
-0.0332012
-0.0342014
-0.0353876
-0.0367689
-0.0383521
-0.0401409
-0.042135
-0.0443301
-0.0467173
-0.049283
-0.0520089
-0.054873
-0.0578493
-0.0609094
-0.064023
-0.0671589
-0.0702859
-0.0733738
-0.0763937
-0.0793191
-0.0821256
-0.0847917
-0.0872986
-0.0896299
-0.0917721
-0.0937138
-0.0954457
-0.0969604
-0.0982521
-0.0993167
-0.100151
-0.100754
-0.101124
-0.101262
-0.101171
-0.100852
-0.100311
-0.0995538
-0.0985869
-0.0974196
-0.0960625
-0.0945276
-0.0928289
-0.0909816
-0.0890023
-0.0869085
-0.0847181
-0.082449
-0.080118
-0.0777402
-0.075328
-0.0728898
-0.0704292
-0.0679437
-0.0654242
-0.0628545
-0.0602121
-0.0574698
-0.0546013
-0.0515902
-0.0484459
-0.0452255
-0.0420584
-0.0391618
-0.0368237
-0.035325
-0.0348363
-0.035474
-0.0372281
-0.0310278
-0.0307919
-0.0306407
-0.0305524
-0.0305154
-0.0305398
-0.0306387
-0.0308262
-0.0311178
-0.0315305
-0.032081
-0.0327853
-0.0336587
-0.0347143
-0.0359636
-0.037415
-0.0390738
-0.0409414
-0.0430151
-0.0452872
-0.0477457
-0.0503736
-0.0531497
-0.0560493
-0.0590443
-0.062105
-0.0652002
-0.0682985
-0.0713691
-0.0743826
-0.0773111
-0.0801294
-0.0828144
-0.0853462
-0.0877069
-0.0898817
-0.0918578
-0.0936249
-0.0951743
-0.0964995
-0.0975953
-0.098458
-0.0990855
-0.0994766
-0.0996316
-0.0995522
-0.0992412
-0.0987028
-0.0979429
-0.0969688
-0.0957893
-0.0944152
-0.0928587
-0.0911338
-0.089256
-0.0872421
-0.0851098
-0.0828774
-0.0805631
-0.0781843
-0.0757568
-0.0732936
-0.0708042
-0.0682933
-0.0657601
-0.0631972
-0.0605906
-0.0579199
-0.05516
-0.0522857
-0.0492801
-0.0461487
-0.0429408
-0.0397742
-0.0368539
-0.0344627
-0.0328899
-0.0323324
-0.0329478
-0.0347513
-0.0312105
-0.030984
-0.0308317
-0.0307299
-0.0306648
-0.0306443
-0.03068
-0.0307864
-0.0309805
-0.0312815
-0.0317088
-0.0322814
-0.0330173
-0.0339323
-0.0350399
-0.0363507
-0.0378719
-0.0396063
-0.0415528
-0.0437052
-0.0460525
-0.048579
-0.0512646
-0.0540852
-0.0570135
-0.0600199
-0.0630734
-0.0661424
-0.0691954
-0.0722023
-0.0751344
-0.0779651
-0.0806702
-0.0832283
-0.0856202
-0.0878297
-0.0898426
-0.0916475
-0.0932345
-0.0945962
-0.0957263
-0.0966207
-0.0972763
-0.0976916
-0.0978666
-0.0978025
-0.0975019
-0.096969
-0.0962094
-0.0952304
-0.094041
-0.0926517
-0.0910749
-0.0893246
-0.0874164
-0.0853672
-0.0831947
-0.0809175
-0.0785539
-0.0761216
-0.0736366
-0.0711127
-0.0685599
-0.0659838
-0.0633848
-0.060757
-0.058088
-0.0553594
-0.0525484
-0.0496313
-0.0465915
-0.0434325
-0.0401981
-0.0369972
-0.0340255
-0.0315607
-0.0298992
-0.0292626
-0.029852
-0.0317112
-0.0313506
-0.0311383
-0.0309882
-0.0308747
-0.0307816
-0.030714
-0.0306823
-0.0307014
-0.0307899
-0.0309697
-0.0312635
-0.0316938
-0.0322815
-0.0330458
-0.0340026
-0.0351648
-0.0365412
-0.0381367
-0.0399512
-0.04198
-0.0442132
-0.0466361
-0.0492294
-0.0519697
-0.0548303
-0.0577818
-0.0607932
-0.0638325
-0.0668681
-0.0698687
-0.0728048
-0.0756487
-0.078375
-0.0809607
-0.0833855
-0.0856316
-0.0876838
-0.089529
-0.0911565
-0.0925576
-0.0937254
-0.0946548
-0.0953421
-0.0957852
-0.0959837
-0.0959385
-0.0956518
-0.0951277
-0.0943716
-0.0933908
-0.092194
-0.0907918
-0.0891966
-0.0874222
-0.0854841
-0.0833992
-0.0811852
-0.0788605
-0.0764435
-0.0739517
-0.0714014
-0.0688064
-0.0661771
-0.0635197
-0.0608352
-0.0581189
-0.0553598
-0.0525412
-0.0496421
-0.0466407
-0.0435215
-0.0402875
-0.0369793
-0.0337
-0.0306386
-0.0280703
-0.0262982
-0.0255672
-0.026124
-0.028046
-0.031454
-0.0312614
-0.031117
-0.0309936
-0.0308722
-0.0307551
-0.0306514
-0.0305762
-0.0305506
-0.0305993
-0.030749
-0.0310261
-0.0314554
-0.0320592
-0.0328566
-0.0338627
-0.0350883
-0.03654
-0.0382189
-0.0401214
-0.0422386
-0.0445568
-0.0470572
-0.049717
-0.0525099
-0.0554066
-0.0583761
-0.0613862
-0.0644047
-0.0673996
-0.0703404
-0.0731984
-0.0759469
-0.0785617
-0.081021
-0.0833058
-0.0853993
-0.0872874
-0.0889583
-0.090402
-0.0916107
-0.0925785
-0.0933011
-0.0937759
-0.0940017
-0.0939792
-0.0937103
-0.0931989
-0.09245
-0.0914708
-0.0902699
-0.0888577
-0.0872464
-0.0854497
-0.0834828
-0.0813623
-0.0791057
-0.076731
-0.0742563
-0.0716989
-0.0690748
-0.0663976
-0.0636776
-0.0609213
-0.0581299
-0.0552993
-0.0524195
-0.049475
-0.0464467
-0.0433146
-0.0400647
-0.0367009
-0.0332627
-0.0298503
-0.02665
-0.0239375
-0.022024
-0.0211765
-0.021691
-0.0236832
-0.031527
-0.0313603
-0.0312256
-0.0310939
-0.0309437
-0.030774
-0.0305926
-0.0304155
-0.0302663
-0.0301737
-0.0301684
-0.0302816
-0.0305422
-0.0309765
-0.0316066
-0.0324501
-0.03352
-0.0348241
-0.036365
-0.03814
-0.0401408
-0.0423544
-0.0447626
-0.0473428
-0.050069
-0.0529121
-0.0558408
-0.0588228
-0.0618251
-0.0648152
-0.0677618
-0.070635
-0.073407
-0.0760522
-0.0785476
-0.0808729
-0.08301
-0.0849435
-0.0866603
-0.0881496
-0.0894026
-0.0904125
-0.0911742
-0.0916844
-0.0919417
-0.0919461
-0.0916993
-0.0912047
-0.0904672
-0.0894936
-0.0882924
-0.0868736
-0.085249
-0.0834322
-0.0814379
-0.0792822
-0.0769821
-0.074555
-0.0720184
-0.0693889
-0.066682
-0.0639106
-0.0610847
-0.0582101
-0.0552882
-0.0523148
-0.0492804
-0.0461704
-0.0429668
-0.0396515
-0.0362126
-0.0326558
-0.0290214
-0.0254101
-0.0220089
-0.019099
-0.0170025
-0.0160091
-0.0164669
-0.0185371
-0.0315764
-0.0314429
-0.0313224
-0.0311839
-0.0310036
-0.0307771
-0.0305112
-0.0302234
-0.0299404
-0.0296952
-0.0295239
-0.0294625
-0.0295449
-0.0298013
-0.0302572
-0.0309329
-0.0318434
-0.0329978
-0.0343999
-0.0360475
-0.0379331
-0.0400438
-0.0423617
-0.0448646
-0.0475264
-0.050318
-0.0532079
-0.0561635
-0.0591513
-0.0621382
-0.0650919
-0.0679816
-0.0707783
-0.0734554
-0.0759886
-0.0783562
-0.0805389
-0.0825201
-0.0842856
-0.0858235
-0.087124
-0.0881795
-0.0889841
-0.0895339
-0.089827
-0.0898627
-0.0896424
-0.0891692
-0.0884476
-0.0874841
-0.0862866
-0.0848651
-0.0832307
-0.0813964
-0.0793765
-0.0771862
-0.0748419
-0.07236
-0.069757
-0.0670487
-0.0642493
-0.0613707
-0.058422
-0.0554082
-0.0523297
-0.049182
-0.0459552
-0.0426351
-0.0392044
-0.0356467
-0.0319525
-0.0281297
-0.024222
-0.0203328
-0.0166548
-0.0134797
-0.0111464
-0.00996833
-0.0103494
-0.0125056
-0.0316098
-0.0315184
-0.031417
-0.0312727
-0.0310599
-0.0307709
-0.0304121
-0.0300031
-0.0295748
-0.0291654
-0.0288167
-0.0285704
-0.0284656
-0.0285368
-0.028813
-0.0293173
-0.0300664
-0.0310708
-0.0323349
-0.0338571
-0.0356302
-0.0376412
-0.0398725
-0.0423016
-0.0449025
-0.0476458
-0.0505
-0.0534318
-0.0564074
-0.059393
-0.0623556
-0.0652634
-0.0680865
-0.070797
-0.0733696
-0.0757812
-0.0780115
-0.0800427
-0.0818594
-0.0834487
-0.0847999
-0.0859044
-0.0867558
-0.0873493
-0.0876824
-0.087754
-0.0875651
-0.087118
-0.0864172
-0.0854684
-0.0842793
-0.0828591
-0.0812186
-0.0793698
-0.0773263
-0.0751024
-0.0727131
-0.070174
-0.0675
-0.0647055
-0.0618031
-0.0588034
-0.0557137
-0.0525374
-0.0492737
-0.0459167
-0.0424555
-0.0388753
-0.0351592
-0.031292
-0.0272663
-0.0230933
-0.0188221
-0.0145617
-0.0105146
-0.00698995
-0.0043508
-0.002938
-0.00321543
-0.00546588
-0.0316357
-0.0315975
-0.0315209
-0.0313711
-0.0311216
-0.0307623
-0.0302999
-0.0297573
-0.0291707
-0.0285845
-0.028047
-0.027606
-0.027306
-0.0271861
-0.0272789
-0.02761
-0.0281977
-0.0290536
-0.0301826
-0.0315833
-0.0332483
-0.0351646
-0.0373143
-0.0396747
-0.0422195
-0.044919
-0.0477413
-0.0506529
-0.0536194
-0.0566063
-0.05958
-0.0625079
-0.065359
-0.0681046
-0.0707181
-0.0731755
-0.0754553
-0.0775385
-0.0794088
-0.0810522
-0.0824571
-0.0836141
-0.0845158
-0.0851571
-0.0855346
-0.0856467
-0.0854938
-0.0850778
-0.0844026
-0.0834735
-0.0822974
-0.080883
-0.07924
-0.0773799
-0.0753148
-0.0730581
-0.0706233
-0.0680242
-0.0652743
-0.0623857
-0.0593692
-0.0562332
-0.0529826
-0.0496187
-0.0461383
-0.0425333
-0.0387909
-0.0348948
-0.0308275
-0.0265742
-0.0221298
-0.0175103
-0.01277
-0.00802772
-0.00350007
0.0004786
0.00351115
0.0052225
0.0050843
0.00273078
-0.0316636
-0.0316947
-0.0316483
-0.0314919
-0.0311993
-0.0307589
-0.0301789
-0.0294881
-0.0287286
-0.0279522
-0.0272143
-0.0265693
-0.0260676
-0.0257526
-0.0256603
-0.0258185
-0.0262471
-0.0269582
-0.0279571
-0.0292422
-0.0308055
-0.0326338
-0.0347086
-0.0370068
-0.0395015
-0.0421628
-0.0449582
-0.0478539
-0.0508149
-0.0538064
-0.0567938
-0.059744
-0.0626251
-0.0654075
-0.0680636
-0.0705683
-0.0728993
-0.0750365
-0.0769625
-0.0786625
-0.0801238
-0.0813364
-0.082292
-0.0829848
-0.0834108
-0.0835678
-0.0834555
-0.0830755
-0.0824307
-0.081526
-0.0803676
-0.078963
-0.0773214
-0.0754528
-0.0733683
-0.0710794
-0.068598
-0.0659361
-0.0631047
-0.0601137
-0.0569712
-0.0536825
-0.0502498
-0.046671
-0.0429397
-0.0390442
-0.0349689
-0.0306947
-0.0262021
-0.0214761
-0.0165135
-0.011335
-0.00600264
-0.000646931
0.00449522
0.00905685
0.0125937
0.0146853
0.0147324
0.0122667
-0.0317089
-0.0318271
-0.0318179
-0.0316515
-0.0313057
-0.0307698
-0.0300536
-0.0291971
-0.0282481
-0.027267
-0.0263174
-0.0254605
-0.0247521
-0.0242401
-0.0239634
-0.0239517
-0.0242259
-0.0247986
-0.0256747
-0.026852
-0.028322
-0.0300707
-0.0320787
-0.0343224
-0.0367744
-0.039404
-0.0421785
-0.0450633
-0.0480233
-0.0510229
-0.0540271
-0.0570021
-0.0599153
-0.0627362
-0.0654364
-0.0679901
-0.0703738
-0.0725666
-0.0745502
-0.0763088
-0.077829
-0.0790998
-0.0801125
-0.0808602
-0.0813384
-0.0815443
-0.0814769
-0.0811371
-0.0805272
-0.0796513
-0.0785146
-0.0771238
-0.0754869
-0.0736124
-0.0715098
-0.069189
-0.0666598
-0.0639316
-0.0610129
-0.0579105
-0.0546292
-0.0511707
-0.0475332
-0.0437104
-0.0396912
-0.0354594
-0.0309946
-0.0262733
-0.0212729
-0.0159763
-0.0103817
-0.00451442
0.00155346
0.00768009
0.0135985
0.0189026
0.0230854
0.0256631
0.0259555
0.0233688
-0.0317901
-0.0320204
-0.032055
-0.0318714
-0.0314565
-0.0308032
-0.0299314
-0.0288866
-0.0277285
-0.0265279
-0.0253557
-0.0242801
-0.0233623
-0.0226539
-0.0221962
-0.0220204
-0.0221479
-0.0225909
-0.0233537
-0.0244333
-0.0258201
-0.0274991
-0.02945
-0.0316483
-0.0340657
-0.0366711
-0.0394312
-0.042311
-0.0452748
-0.0482866
-0.051311
-0.0543134
-0.0572608
-0.060122
-0.0628679
-0.0654718
-0.0679095
-0.0701591
-0.0722017
-0.0740205
-0.0756014
-0.0769326
-0.0780046
-0.07881
-0.0793435
-0.0796015
-0.0795825
-0.0792865
-0.0787152
-0.0778716
-0.0767601
-0.0753862
-0.0737564
-0.0718779
-0.0697582
-0.0674052
-0.0648261
-0.0620277
-0.0590152
-0.0557919
-0.0523585
-0.0487124
-0.0448464
-0.040749
-0.0364029
-0.0317857
-0.0268703
-0.021627
-0.0160273
-0.0100508
-0.00369485
0.00301086
0.00998448
0.0170634
0.023958
0.0302042
0.0352166
0.0384216
0.0390388
0.0363265
-0.0319359
-0.0323113
-0.0323953
-0.032181
-0.0316735
-0.030875
-0.0298175
-0.0285585
-0.0271709
-0.0257343
-0.0243293
-0.0230302
-0.0219027
-0.0210014
-0.0203694
-0.0200383
-0.0200293
-0.020354
-0.0210154
-0.0220092
-0.0233247
-0.0249454
-0.0268499
-0.0290127
-0.0314047
-0.0339941
-0.0367469
-0.0396278
-0.0426006
-0.0456289
-0.0486768
-0.0517094
-0.0546931
-0.0575962
-0.0603889
-0.0630439
-0.0655363
-0.0678435
-0.0699458
-0.0718257
-0.0734683
-0.0748612
-0.0759941
-0.0768589
-0.0774495
-0.0777619
-0.0777936
-0.0775439
-0.0770136
-0.0762048
-0.0751207
-0.0737657
-0.0721445
-0.0702628
-0.068126
-0.0657396
-0.063108
-0.0602349
-0.0571218
-0.0537678
-0.0501688
-0.0463166
-0.0421981
-0.0377946
-0.0330813
-0.0280275
-0.022597
-0.0167512
-0.0104532
-0.00367606
0.00358605
0.011301
0.0193764
0.0276287
0.0357418
0.0431826
0.049267
0.0532943
0.0543472
0.0515196
-0.0321915
-0.0327553
-0.0328906
-0.0326211
-0.0319856
-0.0310034
-0.0297232
-0.0282189
-0.0265771
-0.0248886
-0.0232415
-0.021716
-0.0203813
-0.0192937
-0.018497
-0.0180225
-0.0178901
-0.0181101
-0.018684
-0.0196059
-0.0208632
-0.0224381
-0.0243078
-0.0264457
-0.0288218
-0.0314036
-0.0341566
-0.0370448
-0.0400318
-0.0430808
-0.0461555
-0.0492208
-0.0522425
-0.0551886
-0.0580289
-0.0607353
-0.0632824
-0.0656471
-0.0678089
-0.0697497
-0.071454
-0.0729086
-0.0741026
-0.0750271
-0.0756755
-0.0760429
-0.0761262
-0.0759237
-0.0754354
-0.0746623
-0.0736064
-0.0722707
-0.0706584
-0.0687732
-0.0666182
-0.0641963
-0.061509
-0.0585562
-0.0553354
-0.0518408
-0.0480627
-0.0439865
-0.0395917
-0.034851
-0.0297302
-0.0241877
-0.018176
-0.011644
-0.00454289
0.00316505
0.0114928
0.0204094
0.0298146
0.0395054
0.049124
0.0580859
0.0655695
0.0706984
0.0723547
0.0694639
-0.0326308
-0.0334379
-0.0336174
-0.0332507
-0.0324343
-0.0312153
-0.0296653
-0.0278781
-0.0259549
-0.0239972
-0.0221
-0.0203476
-0.0188109
-0.0175469
-0.0165982
-0.0159946
-0.0157544
-0.0158856
-0.0163876
-0.0172523
-0.0184656
-0.0200077
-0.0218546
-0.0239784
-0.0263483
-0.0289309
-0.0316911
-0.0345926
-0.0375986
-0.040672
-0.0437764
-0.0468762
-0.0499371
-0.0529266
-0.0558142
-0.0585714
-0.0611722
-0.0635931
-0.0658129
-0.0678131
-0.0695775
-0.0710922
-0.0723458
-0.0733288
-0.0740338
-0.0744551
-0.0745889
-0.0744328
-0.0739857
-0.0732475
-0.072219
-0.0709017
-0.0692971
-0.0674067
-0.0652315
-0.0627714
-0.0600246
-0.056987
-0.0536515
-0.050007
-0.0460372
-0.0417202
-0.0370267
-0.0319194
-0.0263524
-0.020271
-0.0136129
-0.00631107
0.00170005
0.0104744
0.0200383
0.0303685
0.0413623
0.0527997
0.0642863
0.0751764
0.0845087
0.09115
0.0936833
0.0908807
-0.0333782
-0.0344947
-0.0346911
-0.034155
-0.0330785
-0.0315502
-0.0296705
-0.0275548
-0.0253194
-0.0230745
-0.0209201
-0.0189423
-0.0172118
-0.0157835
-0.014698
-0.0139821
-0.0136512
-0.0137107
-0.0141572
-0.0149804
-0.0161639
-0.0176863
-0.0195221
-0.0216422
-0.0240148
-0.0266058
-0.0293796
-0.0322996
-0.0353285
-0.0384292
-0.041565
-0.0447001
-0.0478001
-0.0508322
-0.0537656
-0.0565715
-0.0592236
-0.0616978
-0.0639726
-0.066029
-0.0678501
-0.0694217
-0.0707316
-0.0717697
-0.0725281
-0.0730004
-0.0731819
-0.0730695
-0.0726609
-0.0719551
-0.0709517
-0.0696504
-0.0680511
-0.0661531
-0.0639549
-0.0614534
-0.0586433
-0.0555161
-0.0520598
-0.0482571
-0.0440849
-0.0395126
-0.0345011
-0.0290015
-0.0229542
-0.0162887
-0.00892448
-0.000774297
0.00824968
0.0182246
0.0291991
0.0411678
0.0540365
0.0675786
0.081372
0.0947056
0.106507
0.115278
0.119163
0.116805
-0.0346491
-0.0361433
-0.0362859
-0.0354575
-0.0340025
-0.0320655
-0.0297791
-0.02728
-0.0246967
-0.0221454
-0.0197273
-0.0175271
-0.0156124
-0.0140339
-0.0128283
-0.012018
-0.0116145
-0.0116196
-0.0120269
-0.0128236
-0.013991
-0.0155058
-0.017341
-0.0194665
-0.0218493
-0.024455
-0.0272473
-0.0301893
-0.0332436
-0.0363728
-0.0395401
-0.0427098
-0.0458472
-0.0489194
-0.0518955
-0.0547464
-0.0574455
-0.0599685
-0.0622935
-0.0644009
-0.0662736
-0.0678969
-0.0692579
-0.0703462
-0.0711531
-0.0716716
-0.0718964
-0.0718233
-0.0714493
-0.0707722
-0.0697903
-0.0685017
-0.0669046
-0.0649961
-0.0627721
-0.0602262
-0.0573495
-0.054129
-0.0505473
-0.0465806
-0.0421982
-0.0373603
-0.0320168
-0.0261057
-0.0195519
-0.0122667
-0.00414806
0.00491622
0.0150425
0.0263397
0.0388903
0.0527221
0.0677679
0.0838147
0.100434
0.116877
0.131962
0.143822
0.149916
0.148749
-0.0368284
-0.0387381
-0.0386629
-0.0373319
-0.0353213
-0.0328396
-0.0300474
-0.0270976
-0.0241249
-0.0212454
-0.0185567
-0.0161376
-0.0140491
-0.0123355
-0.0110265
-0.0101394
-0.00968057
-0.00964767
-0.0100309
-0.0108145
-0.0119775
-0.0134948
-0.0153379
-0.0174755
-0.019874
-0.0224983
-0.0253117
-0.0282771
-0.0313569
-0.0345137
-0.0377108
-0.0409122
-0.0440834
-0.0471915
-0.0502052
-0.0530957
-0.0558359
-0.0584014
-0.06077
-0.0629219
-0.0648396
-0.0665079
-0.0679136
-0.0690457
-0.069895
-0.0704539
-0.0707164
-0.0706776
-0.0703335
-0.0696808
-0.0687165
-0.0674373
-0.0658394
-0.0639178
-0.0616656
-0.0590734
-0.0561284
-0.052813
-0.0491041
-0.0449715
-0.0403761
-0.0352684
-0.0295869
-0.0232553
-0.0161819
-0.0082574
0.000644484
0.0106654
0.0219567
0.034669
0.0489328
0.0648292
0.0823458
0.101318
0.121352
0.14171
0.161148
0.177563
0.187395
0.188862
-0.0406294
-0.0428582
-0.0421952
-0.0400006
-0.0371697
-0.0339568
-0.0305316
-0.027049
-0.0236385
-0.0204069
-0.0174404
-0.0148067
-0.0125555
-0.0107215
-0.00932592
-0.0083787
-0.0078805
-0.00782415
-0.00819612
-0.00897754
-0.0101452
-0.0116722
-0.0135288
-0.0156826
-0.0180993
-0.0207434
-0.0235779
-0.0265655
-0.0296687
-0.03285
-0.0360728
-0.0393013
-0.042501
-0.0456388
-0.0486839
-0.051607
-0.0543813
-0.0569821
-0.059387
-0.061576
-0.0635313
-0.0652374
-0.0666809
-0.0678502
-0.0687356
-0.0693291
-0.0696239
-0.0696145
-0.0692959
-0.0686638
-0.0677139
-0.0664414
-0.0648409
-0.0629049
-0.0606241
-0.0579859
-0.0549737
-0.0515654
-0.0477321
-0.0434369
-0.0386329
-0.0332607
-0.0272468
-0.020501
-0.0129136
-0.00435426
0.00532983
0.0163131
0.0287881
0.0429568
0.0590142
0.07712
0.0973542
0.119653
0.143721
0.168916
0.194091
0.217025
0.233167
0.23985
-0.0474297
-0.0494415
-0.04735
-0.043673
-0.0396328
-0.0354375
-0.0312193
-0.0271088
-0.0232107
-0.019607
-0.0163624
-0.0135249
-0.0111283
-0.0091935
-0.00773101
-0.00674225
-0.00622118
-0.00615555
-0.00652791
-0.00731649
-0.00849589
-0.0100377
-0.0119108
-0.0140823
-0.0165174
-0.0191801
-0.0220335
-0.0250402
-0.0281628
-0.031364
-0.0346072
-0.0378569
-0.0410788
-0.04424
-0.0473096
-0.0502584
-0.0530598
-0.0556888
-0.058123
-0.0603424
-0.0623288
-0.0640666
-0.0655418
-0.0667428
-0.0676593
-0.0682828
-0.0686059
-0.0686223
-0.0683264
-0.0677127
-0.0667759
-0.0655097
-0.0639068
-0.0619581
-0.0596508
-0.0569704
-0.0538963
-0.0504019
-0.0464533
-0.0420072
-0.0370089
-0.03139
-0.0250656
-0.0179317
-0.0098621
-0.000705129
0.00971855
0.0216176
0.0352297
0.0508167
0.0686543
0.0890105
0.112107
0.138056
0.166766
0.19782
0.230358
0.262281
0.288497
0.304842
-0.0600432
-0.0599501
-0.0545756
-0.048391
-0.0425784
-0.0370704
-0.0318764
-0.027053
-0.0226439
-0.0186812
-0.0151901
-0.0121883
-0.00968667
-0.0076891
-0.00619338
-0.0051917
-0.00467133
-0.0046152
-0.00500246
-0.00580896
-0.00700768
-0.00856909
-0.0104615
-0.0126516
-0.0151043
-0.0177838
-0.0206532
-0.0236754
-0.0268131
-0.0300295
-0.0332882
-0.036554
-0.0397927
-0.0429718
-0.0460604
-0.0490297
-0.0518527
-0.0545049
-0.0569636
-0.0592087
-0.0612219
-0.0629872
-0.0644907
-0.0657201
-0.0666649
-0.0673161
-0.0676658
-0.067707
-0.0674331
-0.0668381
-0.0659155
-0.0646578
-0.0630559
-0.0610983
-0.0587719
-0.0560577
-0.0529323
-0.0493655
-0.0453188
-0.0407433
-0.0355778
-0.0297457
-0.0231526
-0.0156825
-0.00719425
0.00248238
0.013551
0.0262527
0.0408693
0.0577263
0.0771913
0.0996683
0.125578
0.155319
0.189179
0.227211
0.269081
0.313236
0.35471
0.389822
-0.08498
-0.0761691
-0.0637976
-0.053538
-0.0451701
-0.0379981
-0.0317365
-0.0262452
-0.0214304
-0.0172326
-0.0136162
-0.0105591
-0.00804572
-0.0060624
-0.00459555
-0.00363005
-0.00314851
-0.00313102
-0.00355504
-0.00439553
-0.00562505
-0.00721403
-0.00913096
-0.0113427
-0.0138147
-0.0165114
-0.0193965
-0.0224334
-0.0255851
-0.0288152
-0.0320879
-0.0353682
-0.0386222
-0.0418178
-0.0449242
-0.0479126
-0.0507564
-0.0534308
-0.0559133
-0.0581834
-0.060223
-0.0620157
-0.0635474
-0.0648056
-0.0657793
-0.0664591
-0.0668366
-0.0669044
-0.0666552
-0.0660818
-0.0651768
-0.063933
-0.0623384
-0.0603816
-0.0580467
-0.0553125
-0.0521533
-0.048536
-0.0444187
-0.0397483
-0.0344584
-0.0284666
-0.0216712
-0.0139471
-0.00514239
0.00492747
0.0164847
0.0297961
0.0451807
0.0630194
0.0837676
0.107972
0.136291
0.169519
0.208584
0.254505
0.308176
0.369617
0.436331
0.511252
-0.14076
-0.0970409
-0.0697599
-0.0541504
-0.0433591
-0.0350362
-0.0283786
-0.0228852
-0.0182295
-0.0142429
-0.0108465
-0.00799879
-0.0056751
-0.00385877
-0.00253644
-0.00169483
-0.00131895
-0.00139136
-0.00189192
-0.00279771
-0.00408323
-0.00572056
-0.00767966
-0.00992861
-0.012434
-0.0151612
-0.0180747
-0.0211385
-0.0243165
-0.0275727
-0.0308717
-0.0341787
-0.0374604
-0.0406846
-0.0438209
-0.0468404
-0.0497166
-0.0524247
-0.0549419
-0.0572479
-0.0593242
-0.0611543
-0.0627238
-0.0640199
-0.0650315
-0.0657487
-0.0661629
-0.0662663
-0.0660514
-0.0655104
-0.0646321
-0.0634128
-0.0618407
-0.0599009
-0.0575763
-0.0548454
-0.0516809
-0.0480483
-0.0439036
-0.0391915
-0.033843
-0.0277727
-0.020875
-0.0130206
-0.00405177
0.00622317
0.0180363
0.0316685
0.0474601
0.0658267
0.087282
0.112477
0.142262
0.17781
0.220812
0.273838
0.340707
0.427046
0.54057
0.693856
-0.274035
-0.11301
-0.0548558
-0.0384725
-0.0298375
-0.0232694
-0.018374
-0.014548
-0.0112828
-0.00838902
-0.00584148
-0.00365498
-0.00184807
-0.000437588
0.00056364
0.00114873
0.00131734
0.00107529
0.000433885
-0.000590725
-0.00197823
-0.00370474
-0.00574333
-0.00806455
-0.0106369
-0.0134273
-0.0164013
-0.019524
-0.02276
-0.0260737
-0.0294301
-0.032795
-0.0361349
-0.0394179
-0.0426135
-0.045693
-0.0486294
-0.0513979
-0.0539758
-0.0563423
-0.0584787
-0.0603685
-0.061997
-0.063351
-0.0644194
-0.0651921
-0.06566
-0.065815
-0.0656496
-0.0651572
-0.0643327
-0.0631578
-0.0616261
-0.0597252
-0.0574377
-0.0547416
-0.0516096
-0.048007
-0.0438899
-0.0392032
-0.0338781
-0.0278294
-0.020952
-0.0131171
-0.0041675
0.00608792
0.017881
0.031493
0.0472669
0.0656247
0.0870947
0.11236
0.14234
0.178371
0.22255
0.278673
0.354136
0.465511
0.642049
0.92371
)
;

boundaryField
{
    movingWall
    {
        type            zeroGradient;
    }
    fixedWalls
    {
        type            zeroGradient;
    }
    frontAndBack
    {
        type            empty;
    }
}


// ************************************************************************* //
