/*--------------------------------*- C++ -*----------------------------------*\
  =========                 |
  \\      /  F ield         | OpenFOAM: The Open Source CFD Toolbox
   \\    /   O peration     | Website:  https://openfoam.org
    \\  /    A nd           | Version:  7
     \\/     M anipulation  |
\*---------------------------------------------------------------------------*/
FoamFile
{
    version     2.0;
    format      ascii;
    class       volScalarField;
    location    "1.225";
    object      p;
}
// * * * * * * * * * * * * * * * * * * * * * * * * * * * * * * * * * * * * * //

dimensions      [0 2 -2 0 0 0 0];

internalField   nonuniform List<scalar> 
6400
(
3.10536e-06
1.73266e-06
-0.000110862
-0.000330776
-0.000631544
-0.000989292
-0.00138288
-0.00179398
-0.00220719
-0.00260987
-0.0029917
-0.00334432
-0.00366105
-0.0039366
-0.00416683
-0.0043486
-0.00447954
-0.00455799
-0.00458284
-0.00455347
-0.00446964
-0.00433146
-0.00413934
-0.00389392
-0.00359609
-0.00324696
-0.00284783
-0.00240021
-0.00190581
-0.00136655
-0.00078455
-0.000162141
0.000498104
0.00119338
0.00192064
0.00267658
0.00345763
0.00425999
0.00507959
0.00591212
0.00675304
0.0075976
0.00844086
0.00927774
0.010103
0.0109113
0.0116974
0.0124557
0.0131812
0.0138685
0.0145127
0.015109
0.015653
0.0161406
0.0165682
0.0169326
0.0172313
0.0174624
0.0176245
0.0177171
0.0177406
0.0176959
0.017585
0.0174108
0.0171769
0.0168881
0.0165501
0.0161696
0.0157544
0.0153133
0.0148565
0.0143951
0.013942
0.0135112
0.0131183
0.0127803
0.0125148
0.0123389
0.0122681
0.0122917
8.61703e-06
5.57543e-06
-9.43829e-05
-0.000281126
-0.000533079
-0.000833141
-0.00116525
-0.00151459
-0.00186812
-0.0022147
-0.00254496
-0.00285111
-0.00312675
-0.00336671
-0.00356683
-0.00372389
-0.00383538
-0.00389946
-0.00391485
-0.00388071
-0.00379662
-0.0036625
-0.00347856
-0.0032453
-0.00296343
-0.0026339
-0.00225788
-0.00183674
-0.00137204
-0.000865573
-0.000319315
0.000264538
0.000883569
0.00153514
0.00221636
0.00292414
0.00365511
0.00440569
0.00517206
0.0059502
0.00673585
0.00752459
0.00831181
0.00909278
0.00986267
0.0106165
0.0113494
0.0120565
0.0127327
0.0133735
0.0139741
0.0145304
0.0150383
0.0154941
0.0158945
0.0162369
0.0165188
0.0167387
0.0168956
0.016989
0.0170194
0.016988
0.0168966
0.016748
0.0165459
0.0162948
0.016
0.0156679
0.0153058
0.0149217
0.0145249
0.0141257
0.0137352
0.0133655
0.0130297
0.0127413
0.0125134
0.0123583
0.0122913
0.0123153
0.000122129
0.00010577
5.35056e-06
-0.000167006
-0.000393172
-0.000659595
-0.000953413
-0.00126236
-0.00157536
-0.0018827
-0.002176
-0.00244816
-0.00269325
-0.00290637
-0.00308352
-0.00322153
-0.00331792
-0.00337077
-0.00337874
-0.0033409
-0.0032567
-0.00312596
-0.00294875
-0.00272545
-0.00245666
-0.00214319
-0.0017861
-0.00138664
-0.000946253
-0.000466595
5.04767e-05
0.000602899
0.0011884
0.00180447
0.00244841
0.00311726
0.00380787
0.00451683
0.00524055
0.00597522
0.00671682
0.0074612
0.00820402
0.00894083
0.00966708
0.0103782
0.0110694
0.0117363
0.0123742
0.0129787
0.0135456
0.0140709
0.0145508
0.014982
0.0153614
0.0156866
0.0159556
0.0161668
0.0163193
0.016413
0.0164484
0.0164265
0.0163494
0.0162196
0.0160408
0.0158172
0.0155538
0.0152567
0.0149325
0.0145889
0.0142342
0.0138777
0.0135293
0.0131997
0.0128999
0.0126414
0.0124348
0.0122902
0.0122238
0.0122452
0.000343183
0.000293209
0.000176925
3.39184e-06
-0.000214228
-0.000464624
-0.000737027
-0.00102119
-0.00130772
-0.00158823
-0.00185535
-0.00210277
-0.00232511
-0.00251787
-0.00267735
-0.00280055
-0.00288508
-0.00292912
-0.00293129
-0.00289067
-0.00280665
-0.00267899
-0.00250769
-0.00229303
-0.00203551
-0.00173587
-0.00139505
-0.00101419
-0.000594618
-0.000137883
0.000354286
0.00087995
0.00143697
0.00202299
0.00263544
0.00327154
0.00392828
0.00460245
0.00529063
0.00598921
0.00669439
0.00740221
0.00810857
0.00880925
0.00949993
0.0101763
0.0108338
0.0114683
0.0120753
0.0126507
0.0131906
0.0136911
0.0141487
0.0145602
0.014923
0.0152345
0.015493
0.0156971
0.015846
0.0159395
0.0159782
0.0159632
0.0158965
0.0157805
0.0156186
0.015415
0.0151743
0.0149023
0.014605
0.0142896
0.0139638
0.0136358
0.0133146
0.0130096
0.0127304
0.012487
0.0122886
0.0121442
0.0120684
0.0120711
0.00064756
0.00054754
0.000403175
0.000217916
-1.69213e-06
-0.000246323
-0.000506962
-0.000775204
-0.00104323
-0.00130392
-0.00155097
-0.00177886
-0.00198283
-0.00215889
-0.00230368
-0.00241446
-0.00248903
-0.00252567
-0.00252308
-0.00248036
-0.00239691
-0.00227244
-0.00210691
-0.00190052
-0.00165373
-0.00136716
-0.00104166
-0.000678261
-0.000278204
0.000157098
0.000626032
0.00112679
0.00165737
0.00221556
0.00279894
0.00340488
0.00403055
0.00467289
0.00532866
0.00599444
0.00666663
0.00734146
0.00801502
0.00868331
0.00934221
0.00998757
0.0106152
0.011221
0.0118008
0.0123506
0.0128667
0.0133454
0.0137835
0.014178
0.0145261
0.0148256
0.0150749
0.0152726
0.015418
0.015511
0.0155521
0.0155425
0.0154839
0.0153788
0.0152304
0.0150426
0.0148197
0.0145671
0.0142906
0.0139965
0.013692
0.0133844
0.0130818
0.0127925
0.0125249
0.0122874
0.0120884
0.0119357
0.0118401
0.0118081
0.00101311
0.000852824
0.000671426
0.000466029
0.000235851
-1.15226e-05
-0.000268567
-0.00052854
-0.00078508
-0.00103229
-0.00126485
-0.00147808
-0.00166789
-0.0018308
-0.00196386
-0.00206465
-0.00213119
-0.00216195
-0.00215573
-0.00211169
-0.00202926
-0.00190816
-0.00174831
-0.0015499
-0.00131328
-0.00103903
-0.000727901
-0.000380834
1.0507e-06
0.000416447
0.000863867
0.00134163
0.00184788
0.00238053
0.00293732
0.00351577
0.00411319
0.00472672
0.00535327
0.00598959
0.00663224
0.00727765
0.00792209
0.00856173
0.00919263
0.00981082
0.0104123
0.0109931
0.0115492
0.0120769
0.0125725
0.0130326
0.0134539
0.0138336
0.0141692
0.0144584
0.0146997
0.0148918
0.015034
0.0151262
0.0151689
0.0151631
0.0151107
0.0150138
0.0148756
0.0146996
0.01449
0.0142517
0.0139901
0.013711
0.0134208
0.0131264
0.0128347
0.0125531
0.012289
0.0120496
0.0118422
0.0116737
0.0115497
0.0114722
0.00142029
0.00119408
0.000969571
0.000737542
0.000489865
0.000232671
-2.77446e-05
-0.000286125
-0.000537427
-0.000776878
-0.00100012
-0.00120328
-0.00138293
-0.00153613
-0.00166039
-0.00175361
-0.00181412
-0.00184056
-0.00183189
-0.00178736
-0.00170648
-0.00158897
-0.00143477
-0.00124403
-0.00101706
-0.000754373
-0.00045664
-0.000124712
0.000240391
0.000637479
0.00106518
0.00152195
0.00200605
0.00251556
0.00304834
0.00360206
0.0041742
0.00476203
0.00536263
0.00597291
0.0065896
0.00720926
0.00782833
0.00844313
0.00904988
0.00964475
0.0102239
0.0107834
0.0113195
0.0118286
0.012307
0.0127515
0.0131588
0.0135263
0.0138515
0.0141322
0.0143668
0.0145541
0.0146935
0.0147847
0.0148282
0.0148251
0.0147768
0.0146857
0.0145546
0.0143867
0.0141861
0.0139572
0.0137051
0.013435
0.0131529
0.0128648
0.0125771
0.0122961
0.0120284
0.01178
0.0115575
0.011367
0.0112082
0.0110785
0.00185209
0.0015573
0.00128584
0.00102251
0.000752109
0.000479582
0.00021022
-5.20259e-05
-0.000303303
-0.000539865
-0.000758255
-0.00095536
-0.00112842
-0.00127504
-0.00139317
-0.00148111
-0.00153745
-0.00156107
-0.00155112
-0.00150696
-0.00142817
-0.00131453
-0.001166
-0.000982707
-0.000764935
-0.000513133
-0.00022791
8.99721e-05
0.000439591
0.000819863
0.00122954
0.0016672
0.00213123
0.00261985
0.00313106
0.00366268
0.00421232
0.00477741
0.00535518
0.00594267
0.00653674
0.00713413
0.00773138
0.00832495
0.00891119
0.00948637
0.0100468
0.0105886
0.0111082
0.0116019
0.0120663
0.0124981
0.0128942
0.0132519
0.0135687
0.0138426
0.0140719
0.0142553
0.0143922
0.0144824
0.0145262
0.0145246
0.014479
0.0143915
0.0142647
0.0141018
0.0139064
0.0136826
0.0134352
0.0131691
0.0128894
0.0126019
0.012312
0.0120256
0.0117481
0.011485
0.011242
0.0110244
0.0108265
0.0106407
0.00229395
0.00192988
0.00160933
0.00131152
0.00101458
0.000722529
0.000439852
0.000169353
-8.61775e-05
-0.000323923
-0.000541254
-0.000735786
-0.000905389
-0.00104821
-0.00116264
-0.00124737
-0.0013013
-0.00132353
-0.00131342
-0.00127045
-0.00119432
-0.00108487
-0.000942071
-0.000766058
-0.000557094
-0.000315583
-4.20652e-05
0.000262775
0.000598111
0.000962963
0.0013562
0.00177651
0.00222243
0.0026923
0.00318425
0.00369625
0.00422604
0.00477119
0.00532906
0.00589682
0.00647149
0.00704987
0.00762867
0.00820444
0.00877362
0.00933259
0.00987768
0.0104052
0.0109115
0.0113931
0.0118465
0.0122685
0.012656
0.0130062
0.0133168
0.0135855
0.0138108
0.0139914
0.0141264
0.0142157
0.0142595
0.0142585
0.0142143
0.0141285
0.0140038
0.013843
0.0136495
0.0134272
0.0131804
0.0129136
0.0126316
0.0123396
0.0120425
0.0117454
0.0114532
0.0111705
0.0109026
0.0106542
0.0104143
0.0101706
0.00273358
0.00230072
0.00193008
0.00159576
0.0012696
0.00095491
0.000655539
0.000373297
0.000110034
-0.000132273
-0.000351751
-0.000546696
-0.000715575
-0.00085705
-0.000969974
-0.00105339
-0.0011065
-0.00112868
-0.00111946
-0.0010785
-0.00100559
-0.000900639
-0.000763669
-0.000594816
-0.000394328
-0.000162568
9.99818e-05
0.000392713
0.000714889
0.00106563
0.00144392
0.00184858
0.00227824
0.00273139
0.00320628
0.00370102
0.00421349
0.00474137
0.00528215
0.00583313
0.00639142
0.00695396
0.00751753
0.00807877
0.00863421
0.00918029
0.0097134
0.0102299
0.0107262
0.0111987
0.0116441
0.012059
0.0124404
0.0127856
0.0130919
0.0133574
0.0135801
0.0137589
0.0138928
0.0139814
0.014025
0.0140242
0.0139802
0.0138948
0.0137701
0.013609
0.0134147
0.0131906
0.0129408
0.0126695
0.0123811
0.0120802
0.0117714
0.0114593
0.0111482
0.010842
0.0105457
0.0102637
0.00997983
0.00967764
0.00316046
0.00265999
0.0022391
0.00186707
0.00150989
0.00117031
0.000851693
0.000554982
0.000281199
3.15686e-05
-0.00019273
-0.00039062
-0.00056113
-0.000703412
-0.000816747
-0.000900537
-0.000954296
-0.000977649
-0.000970322
-0.000932132
-0.000862982
-0.000762859
-0.000631832
-0.000470048
-0.000277745
-5.52502e-05
0.000197009
0.000478497
0.000788565
0.00112644
0.0014912
0.00188178
0.00229695
0.0027353
0.00319525
0.00367498
0.00417253
0.00468569
0.00521207
0.00574908
0.00629392
0.00684364
0.00739508
0.00794496
0.00848987
0.00902628
0.00955062
0.0100593
0.0105486
0.0110151
0.0114554
0.011866
0.012244
0.0125864
0.0128907
0.0131546
0.0133764
0.0135546
0.0136882
0.0137767
0.0138202
0.0138192
0.0137748
0.0136885
0.0135624
0.013399
0.0132014
0.0129728
0.012717
0.0124378
0.0121394
0.0118259
0.0115017
0.0111709
0.0108373
0.0105044
0.0101769
0.0098592
0.00953029
0.00916975
0.00356548
0.00299898
0.0025282
0.00211793
0.00172859
0.00136256
0.00102282
0.000709555
0.000423059
0.000163878
-6.74397e-05
-0.000270394
-0.000444535
-0.000589479
-0.00070491
-0.000790579
-0.000846296
-0.000871931
-0.000867408
-0.0008327
-0.000767826
-0.000672851
-0.000547891
-0.000393112
-0.00020874
4.92804e-06
0.000247519
0.000518568
0.00081751
0.00114367
0.00149623
0.00187424
0.00227659
0.00270199
0.00314897
0.00361586
0.00410078
0.00460167
0.00511623
0.00564196
0.00617617
0.00671597
0.00725827
0.00779985
0.00833733
0.00886721
0.00938592
0.00988983
0.0103753
0.0108388
0.0112768
0.011686
0.012063
0.0124051
0.0127096
0.012974
0.0131965
0.0133754
0.0135098
0.0135989
0.0136426
0.0136414
0.0135961
0.0135081
0.0133793
0.0132121
0.0130093
0.0127739
0.0125094
0.0122195
0.011908
0.0115788
0.011236
0.0108834
0.0105243
0.010162
0.00980123
0.00944619
0.00907156
0.00865317
0.00394067
0.0033099
0.00278995
0.00234132
0.00191923
0.00152574
0.00116354
0.000832173
0.000531273
0.000260776
2.06599e-05
-0.000189108
-0.00036856
-0.000517744
-0.000636727
-0.000725589
-0.000784424
-0.000813339
-0.00081245
-0.000781881
-0.000721763
-0.000632242
-0.000513478
-0.000365656
-0.000188994
1.62439e-05
0.000249736
0.000511089
0.000799819
0.00111534
0.00145696
0.00182381
0.00221492
0.00262911
0.00306503
0.00352111
0.00399562
0.00448657
0.00499177
0.00550883
0.00603512
0.00656781
0.00710388
0.00764013
0.0081732
0.00869961
0.00921577
0.00971803
0.0102027
0.0106662
0.0111049
0.0115153
0.0118941
0.0122384
0.0125453
0.0128123
0.0130373
0.0132186
0.0133549
0.0134455
0.0134901
0.0134888
0.0134425
0.0133523
0.01322
0.0130478
0.0128381
0.012594
0.0123186
0.0120156
0.0116885
0.0113409
0.0109768
0.0105996
0.0102126
0.0098187
0.00942286
0.00902926
0.00860849
0.00813286
0.0042789
0.00358572
0.00301753
0.00253078
0.00207571
0.00165416
0.00126862
0.000918042
0.000601466
0.000318283
6.79499e-05
-0.000150054
-0.000336208
-0.000490961
-0.000614737
-0.00070793
-0.000770902
-0.000803982
-0.000807471
-0.000781637
-0.000726721
-0.000642941
-0.000530503
-0.000389607
-0.000220461
-2.32958e-05
0.00020162
0.00045396
0.000733327
0.00103923
0.00137107
0.0017281
0.00210946
0.00251408
0.00294074
0.00338798
0.00385416
0.00433741
0.00483564
0.00534652
0.0058675
0.0063958
0.00692845
0.00746227
0.00799391
0.00851986
0.00903651
0.00954017
0.0100271
0.0104935
0.0109358
0.0113504
0.0117338
0.0120828
0.0123945
0.0126663
0.0128958
0.0130812
0.013221
0.0133143
0.0133605
0.0133598
0.0133126
0.01322
0.0130836
0.0129054
0.0126877
0.0124334
0.0121454
0.0118272
0.0114823
0.0111141
0.0107263
0.0103223
0.00990525
0.00947794
0.00904548
0.0086123
0.00814505
0.0076127
0.00457377
0.00382001
0.00320466
0.00268024
0.00219226
0.0017424
0.00133298
0.000962434
0.00062926
0.000332355
7.06987e-05
-0.000156678
-0.000350667
-0.000512092
-0.000641712
-0.000740211
-0.000808202
-0.000846227
-0.000854758
-0.000834199
-0.000784891
-0.000707124
-0.00060114
-0.000467152
-0.000305354
-0.000115942
0.000100869
0.000344824
0.000615608
0.000912825
0.00123598
0.00158444
0.00195745
0.00235406
0.00277316
0.00321341
0.00367327
0.00415096
0.00464449
0.0051516
0.0056698
0.00619637
0.00672835
0.00726258
0.00779569
0.00832417
0.00884434
0.00935244
0.00984464
0.0103171
0.010766
0.0111876
0.0115784
0.0119349
0.0122541
0.012533
0.0127692
0.0129606
0.0131056
0.0132029
0.0132519
0.0132525
0.0132049
0.0131101
0.0129694
0.0127847
0.0125581
0.0122924
0.0119905
0.0116555
0.0112909
0.0109001
0.0104867
0.010054
0.00960503
0.00914265
0.00867226
0.00819857
0.00768446
0.00709574
0.0048194
0.00400688
0.00334549
0.00278403
0.00226344
0.00178526
0.0013517
0.000960705
0.000610298
0.000298915
2.50945e-05
-0.000212545
-0.00041528
-0.000584282
-0.00072062
-0.000825251
-0.000899023
-0.000942674
-0.000956834
-0.000942034
-0.000898708
-0.000827206
-0.000727804
-0.000600719
-0.000446129
-0.000264191
-5.50618e-05
0.000181075
0.000443989
0.000733382
0.00104886
0.00138991
0.00175588
0.00214594
0.00255909
0.0029941
0.00344954
0.00392374
0.00441475
0.00492042
0.0054383
0.0059657
0.0064997
0.00703712
0.0075746
0.00810856
0.00863527
0.00915088
0.00965145
0.010133
0.0105916
0.0110233
0.0114244
0.0117913
0.0121206
0.0124093
0.0126546
0.0128542
0.0130062
0.0131093
0.0131625
0.0131655
0.0131183
0.0130217
0.0128768
0.0126854
0.0124494
0.0121715
0.0118545
0.0115015
0.0111158
0.0107008
0.01026
0.00979682
0.00931437
0.00881547
0.0083059
0.00779079
0.00722937
0.00658433
0.00501035
0.00414082
0.00343458
0.0028368
0.00228403
0.00177772
0.00131997
0.000908296
0.000540258
0.000213873
-7.27272e-05
-0.00032131
-0.000533507
-0.000710817
-0.000854596
-0.000966055
-0.00104626
-0.00109613
-0.00111644
-0.00110783
-0.00107083
-0.00100583
-0.000913139
-0.000792969
-0.000645475
-0.000470771
-0.000268953
-4.01305e-05
0.000215557
0.000497908
0.000806636
0.00114134
0.00150148
0.00188636
0.00229507
0.00272651
0.00317934
0.00365198
0.00414259
0.00464905
0.00516898
0.00569972
0.00623837
0.00678174
0.00732644
0.00786882
0.0084051
0.00893131
0.00944339
0.00993722
0.0104087
0.0108536
0.0112681
0.0116484
0.0119908
0.0122919
0.012549
0.0127592
0.0129206
0.0130314
0.0130905
0.0130972
0.0130515
0.0129539
0.0128053
0.0126073
0.0123618
0.0120712
0.0117384
0.0113662
0.0109582
0.0105176
0.010048
0.00955295
0.00903553
0.00849873
0.0079488
0.0073913
0.00678193
0.00608028
0.00514152
0.00421666
0.00346676
0.00283346
0.00224907
0.00171497
0.00123316
0.000800741
0.000414866
7.31479e-05
-0.000226661
-0.000486689
-0.000708903
-0.000895101
-0.00104691
-0.00116578
-0.00125297
-0.00130957
-0.00133649
-0.00133447
-0.00130411
-0.00124585
-0.00116
-0.00104677
-0.000906295
-0.000738631
-0.00054381
-0.000321862
-7.28343e-05
0.000203175
0.00050599
0.000835326
0.00119076
0.00157171
0.0019774
0.00240682
0.00285875
0.00333169
0.00382389
0.0043333
0.00485758
0.00539412
0.00593999
0.00649202
0.00704676
0.00760053
0.00814942
0.00868936
0.00921615
0.00972549
0.0102131
0.0106745
0.0111057
0.0115025
0.0118611
0.0121779
0.0124495
0.0126731
0.0128463
0.0129671
0.013034
0.0130463
0.0130035
0.012906
0.0127544
0.0125503
0.0122954
0.011992
0.0116428
0.0112509
0.0108196
0.0103523
0.00985263
0.00932431
0.00877057
0.00819456
0.00760305
0.00700213
0.00634395
0.00558503
0.00520808
0.00422952
0.00343714
0.00276916
0.0021538
0.00159235
0.00108673
0.000633669
0.000229904
-0.00012732
-0.000440613
-0.000712442
-0.000945087
-0.00114063
-0.00130095
-0.00142771
-0.00152236
-0.00158614
-0.00162008
-0.00162501
-0.00160159
-0.00155028
-0.00147142
-0.0013652
-0.00123169
-0.00107092
-0.000882847
-0.000667405
-0.000424548
-0.000154269
0.000143375
0.000468218
0.000819962
0.00119814
0.00160211
0.00203097
0.0024836
0.0029586
0.00345431
0.00396873
0.00449959
0.00504428
0.00559992
0.00616328
0.00673089
0.00729898
0.00786355
0.00842041
0.00896517
0.00949337
0.0100005
0.0104819
0.0109332
0.01135
0.0117281
0.0120637
0.012353
0.012593
0.0127808
0.0129142
0.0129914
0.0130112
0.0129731
0.0128771
0.0127238
0.0125144
0.0122505
0.0119344
0.0115688
0.0111566
0.0107013
0.0102064
0.00967562
0.00911282
0.00852147
0.00790495
0.00727059
0.00662506
0.00591696
0.00509973
0.0052054
0.00417471
0.00334103
0.00263926
0.00199363
0.00140536
0.000876301
0.0004028
-1.87834e-05
-0.000391563
-0.000718491
-0.00100235
-0.00124573
-0.00145097
-0.00162018
-0.00175524
-0.00185776
-0.00192911
-0.00197044
-0.00198266
-0.00196646
-0.00192234
-0.00185062
-0.00175148
-0.00162495
-0.00147099
-0.00128947
-0.00108024
-0.000843152
-0.000578082
-0.000284969
3.61521e-05
0.00038511
0.00076157
0.001165
0.00159463
0.00204946
0.00252817
0.0030292
0.00355061
0.00409019
0.00464536
0.00521323
0.00579057
0.00637384
0.00695921
0.00754257
0.00811956
0.00868566
0.00923618
0.00976633
0.0102713
0.0107463
0.0111868
0.011588
0.0119459
0.0122565
0.0125161
0.0127217
0.0128706
0.0129607
0.0129906
0.0129594
0.0128668
0.0127132
0.0124996
0.0122275
0.0118992
0.0115172
0.0110846
0.0106049
0.0100816
0.00951874
0.00892036
0.00829015
0.00763179
0.00695323
0.00626176
0.00550237
0.00462534
0.00512905
0.00404776
0.00317395
0.00243928
0.00176413
0.00114964
0.000597582
0.000103941
-0.000335293
-0.000723576
-0.00106419
-0.00136022
-0.00161454
-0.00182974
-0.00200816
-0.00215184
-0.00226257
-0.00234186
-0.00239092
-0.00241074
-0.00240204
-0.00236535
-0.00230096
-0.00220902
-0.00208952
-0.00194233
-0.00176725
-0.00156403
-0.0013324
-0.00107212
-0.000782996
-0.000464939
-0.000117979
0.000257683
0.000661645
0.00109327
0.00155166
0.00203563
0.00254368
0.00307396
0.00362431
0.00419219
0.00477472
0.00536864
0.00597037
0.00657598
0.00718124
0.00778167
0.00837254
0.00894894
0.00950584
0.0100381
0.0105407
0.0110086
0.0114369
0.011821
0.0121565
0.0124395
0.0126663
0.012834
0.0129402
0.012983
0.0129611
0.0128741
0.0127221
0.0125058
0.0122268
0.0118871
0.0114892
0.0110362
0.0105317
0.00997956
0.00938383
0.00874882
0.00807854
0.00737697
0.00665275
0.00591382
0.00510149
0.00416278
0.00497473
0.00384432
0.00293154
0.00216491
0.00146103
0.000820951
0.000246398
-0.000267015
-0.000723654
-0.00112731
-0.00148157
-0.00178984
-0.00205523
-0.00228059
-0.00246845
-0.00262105
-0.00274031
-0.00282784
-0.00288495
-0.00291268
-0.00291177
-0.00288276
-0.00282592
-0.00274134
-0.00262897
-0.00248859
-0.00231991
-0.00212258
-0.00189619
-0.00164039
-0.00135484
-0.00103931
-0.000693683
-0.000318023
8.74121e-05
0.000522119
0.000985326
0.00147596
0.00199261
0.00253354
0.00309663
0.00367938
0.00427891
0.00489197
0.00551491
0.00614373
0.00677407
0.00740129
0.00802045
0.00862642
0.0092139
0.00977747
0.0103117
0.0108112
0.0112707
0.0116851
0.0120496
0.0123599
0.0126119
0.0128022
0.0129279
0.0129868
0.0129772
0.0128985
0.0127503
0.0125333
0.0122488
0.0118988
0.0114857
0.0110127
0.0104835
0.00990207
0.00927277
0.00860018
0.00788861
0.00714243
0.00637097
0.00558288
0.00471565
0.00371293
0.00473828
0.00356022
0.00260964
0.00181196
0.00108015
0.000415177
-0.000181327
-0.000714091
-0.00118783
-0.00160667
-0.00197449
-0.00229498
-0.00257152
-0.00280718
-0.00300469
-0.00316644
-0.0032945
-0.00339057
-0.00345604
-0.00349198
-0.00349917
-0.00347811
-0.00342906
-0.00335207
-0.00324699
-0.00311354
-0.00295131
-0.00275983
-0.00253859
-0.00228706
-0.00200478
-0.00169137
-0.00134655
-0.000970232
-0.000562527
-0.000123793
0.000345336
0.00084391
0.00137064
0.00192386
0.00250154
0.00310123
0.00372006
0.00435477
0.00500165
0.00565663
0.00631523
0.00697264
0.00762371
0.00826308
0.00888513
0.00948413
0.0100543
0.0105898
0.0110849
0.0115341
0.0119322
0.0122741
0.0125556
0.0127726
0.0129218
0.0130004
0.0130067
0.0129392
0.0127976
0.0125822
0.0122941
0.0119352
0.011508
0.0110156
0.0104619
0.00985103
0.0091876
0.00847653
0.00772248
0.00693019
0.00610978
0.00527064
0.00434627
0.0032768
0.00441564
0.00319139
0.00220415
0.00137638
0.00061747
-7.16995e-05
-0.000689573
-0.00124123
-0.00173172
-0.00216549
-0.00254673
-0.0028794
-0.00316711
-0.00341317
-0.00362049
-0.00379161
-0.00392872
-0.00403362
-0.00410775
-0.00415222
-0.00416781
-0.00415501
-0.00411405
-0.0040449
-0.00394735
-0.00382102
-0.00366538
-0.00347983
-0.00326373
-0.0030164
-0.00273723
-0.00242566
-0.00208126
-0.00170378
-0.00129316
-0.0008496
-0.000373591
0.000134058
0.000672181
0.00123923
0.00183324
0.00245182
0.00309215
0.00375094
0.00442446
0.00510855
0.00579861
0.00648966
0.00717635
0.00785304
0.00851381
0.00915259
0.00976316
0.0103393
0.0108748
0.0113637
0.0118001
0.0121786
0.0124943
0.0127426
0.0129196
0.0130223
0.0130481
0.0129955
0.0128636
0.0126526
0.0123633
0.0119974
0.0115574
0.0110466
0.0104688
0.00982848
0.00913051
0.00838013
0.00758239
0.00674247
0.00587127
0.00497899
0.00399494
0.00285554
0.00400287
0.00273387
0.00171113
0.000854211
6.90446e-05
-0.000643591
-0.00128223
-0.00185227
-0.00235914
-0.00280757
-0.00320205
-0.0035468
-0.00384568
-0.00410221
-0.00431946
-0.00450014
-0.00464654
-0.00476053
-0.00484362
-0.00489694
-0.00492128
-0.00491709
-0.00488455
-0.00482358
-0.00473386
-0.00461492
-0.0044661
-0.00428668
-0.00407584
-0.00383277
-0.00355667
-0.00324681
-0.0029026
-0.0025236
-0.00210959
-0.00166057
-0.00117689
-0.000659197
-0.000108511
0.000473733
0.00108568
0.001725
0.00238892
0.00307416
0.00377696
0.00449308
0.00521781
0.00594599
0.00667207
0.00739012
0.00809393
0.00877703
0.00943279
0.0100545
0.0106355
0.0111692
0.0116492
0.0120696
0.0124246
0.0127093
0.0129191
0.0130505
0.0131003
0.0130666
0.0129482
0.0127447
0.0124569
0.0120863
0.0116354
0.0111074
0.0105063
0.00983669
0.00910389
0.00831347
0.00747086
0.00658169
0.00565773
0.00471004
0.00366346
0.00245054
0.00349611
0.00218382
0.00112674
0.000241627
-0.000568946
-0.00130431
-0.00196307
-0.002551
-0.00307384
-0.00353662
-0.00394412
-0.00430083
-0.00461085
-0.00487788
-0.00510518
-0.00529559
-0.00545149
-0.00557485
-0.00566722
-0.00572974
-0.00576318
-0.00576798
-0.00574425
-0.00569184
-0.00561035
-0.00549915
-0.00535749
-0.00518448
-0.00497916
-0.00474052
-0.00446761
-0.00415951
-0.00381543
-0.00343473
-0.003017
-0.00256209
-0.00207011
-0.00154157
-0.000977328
-0.00037867
0.000252659
0.000914433
0.00160392
0.00231788
0.00305252
0.00380355
0.00456613
0.00533496
0.00610426
0.00686784
0.00761913
0.0083513
0.00905725
0.0097298
0.0103617
0.0109458
0.0114751
0.011943
0.0123431
0.0126698
0.0129179
0.0130831
0.013162
0.0131518
0.013051
0.0128589
0.0125758
0.0122033
0.0117435
0.0111999
0.0105765
0.00987815
0.00911042
0.00827929
0.00739065
0.00645058
0.00547179
0.00446619
0.00335395
0.00206349
0.00289162
0.00153749
0.000447247
-0.000465099
-0.00130022
-0.00205755
-0.00273581
-0.00334109
-0.00387946
-0.00435626
-0.00477656
-0.00514509
-0.00546619
-0.00574374
-0.00598117
-0.00618146
-0.00634709
-0.00648009
-0.00658204
-0.00665411
-0.00669706
-0.00671127
-0.0066968
-0.00665341
-0.00658058
-0.00647759
-0.00634353
-0.00617734
-0.00597791
-0.00574405
-0.00547459
-0.00516844
-0.00482458
-0.00444219
-0.00402064
-0.00355954
-0.00305886
-0.00251886
-0.00194025
-0.00132414
-0.000672146
1.3627e-05
0.000730526
0.00147534
0.0022443
0.00303304
0.00383665
0.00464965
0.00546606
0.0062794
0.00708277
0.00786893
0.00863032
0.00935921
0.0100478
0.0106882
0.0112729
0.0117945
0.0122459
0.0126207
0.0129131
0.0131181
0.0132315
0.0132501
0.0131717
0.0129953
0.0127209
0.0123496
0.0118837
0.0113264
0.010682
0.00995563
0.00915305
0.00828069
0.00734487
0.00635222
0.00531638
0.00425022
0.0030689
0.00169647
0.00218577
0.000791268
-0.000330971
-0.00126958
-0.00212838
-0.00290693
-0.00360403
-0.00422612
-0.00477957
-0.00527006
-0.00570289
-0.00608308
-0.00641516
-0.00670323
-0.00695088
-0.00716119
-0.00733675
-0.00747966
-0.00759153
-0.00767353
-0.0077264
-0.00775048
-0.00774577
-0.00771191
-0.00764829
-0.00755404
-0.00742811
-0.00726929
-0.00707625
-0.00684763
-0.00658206
-0.00627821
-0.00593487
-0.00555098
-0.00512567
-0.00465834
-0.00414872
-0.00359687
-0.00300328
-0.00236889
-0.00169514
-0.000983993
-0.00023801
0.000539673
0.0013453
0.00217448
0.00302221
0.00388289
0.00475032
0.00561773
0.0064779
0.00732314
0.00814543
0.00893647
0.00968781
0.010391
0.0110376
0.0116196
0.012129
0.0125587
0.0129021
0.0131533
0.0133074
0.0133607
0.0133102
0.0131544
0.0128929
0.0125267
0.0120577
0.0114893
0.0108257
0.0100722
0.00923509
0.0083211
0.00733706
0.0062901
0.00519492
0.00406535
0.00281124
0.00135199
0.00137503
-5.83616e-05
-0.00121142
-0.00217533
-0.00305695
-0.00385594
-0.00457123
-0.00520956
-0.00577765
-0.00628145
-0.00672655
-0.0071182
-0.00746117
-0.00775974
-0.00801765
-0.00823811
-0.00842381
-0.00857689
-0.008699
-0.00879133
-0.00885456
-0.00888902
-0.00889459
-0.00887084
-0.00881703
-0.00873217
-0.00861501
-0.00846419
-0.00827818
-0.00805543
-0.00779433
-0.00749334
-0.00715099
-0.00676597
-0.00633719
-0.00586379
-0.00534523
-0.00478134
-0.00417239
-0.0035191
-0.00282271
-0.00208502
-0.00130847
-0.000496086
0.000348412
0.00122064
0.00211553
0.00302734
0.00394969
0.00487554
0.00579731
0.0067069
0.00759576
0.00845502
0.00927557
0.0100482
0.0107638
0.0114133
0.0119881
0.0124801
0.0128817
0.0131863
0.0133881
0.0134825
0.013466
0.0133365
0.0130931
0.0127363
0.0122679
0.0116912
0.0110106
0.0102314
0.00936028
0.00840444
0.00737118
0.0062682
0.00511128
0.00391529
0.00258442
0.00103309
0.000456004
-0.00101479
-0.00219749
-0.00318573
-0.0040893
-0.00490797
-0.00564079
-0.0062948
-0.00687706
-0.00739379
-0.00785086
-0.00825377
-0.0086075
-0.00891652
-0.00918472
-0.00941544
-0.00961145
-0.00977496
-0.00990766
-0.0100107
-0.0100848
-0.0101301
-0.0101465
-0.0101335
-0.0100902
-0.0100154
-0.00990779
-0.00976573
-0.00958754
-0.00937141
-0.00911553
-0.0088181
-0.00847741
-0.00809187
-0.0076601
-0.007181
-0.00665373
-0.00607788
-0.00545342
-0.00478084
-0.00406117
-0.003296
-0.0024876
-0.00163888
-0.000753472
0.000164259
0.00110921
0.00207554
0.00305668
0.00404535
0.0050336
0.00601291
0.00697421
0.00790802
0.00880455
0.00965381
0.0104458
0.0111706
0.0118187
0.0123809
0.0128487
0.0132145
0.0134716
0.0136145
0.013639
0.0135421
0.0133225
0.0129802
0.0125168
0.0119353
0.0112402
0.010437
0.00953278
0.00853507
0.00745173
0.00629104
0.00506992
0.00380435
0.00239246
0.000743404
-0.000574573
-0.00208128
-0.00329245
-0.00430407
-0.00522872
-0.00606631
-0.00681599
-0.00748512
-0.00808106
-0.00861032
-0.00907905
-0.00949298
-0.00985732
-0.0101767
-0.0104552
-0.0106963
-0.0109027
-0.0110769
-0.0112205
-0.0113346
-0.01142
-0.0114768
-0.0115047
-0.0115031
-0.011471
-0.0114071
-0.0113098
-0.0111773
-0.0110078
-0.0107993
-0.0105495
-0.0102565
-0.00991833
-0.00953306
-0.00909904
-0.00861484
-0.00807934
-0.00749182
-0.00685197
-0.00615998
-0.00541664
-0.0046233
-0.00378201
-0.00289554
-0.0019674
-0.00100189
-4.11744e-06
0.00102
0.00206374
0.00311957
0.00417922
0.00523374
0.00627351
0.00728844
0.00826799
0.00920138
0.0100777
0.0108861
0.0116159
0.0122569
0.0127996
0.0132353
0.0135562
0.0137558
0.0138289
0.0137718
0.0135825
0.0132605
0.0128069
0.0122248
0.0115183
0.0106935
0.00975727
0.00871794
0.0075838
0.00636374
0.00507593
0.00373749
0.00224007
0.00048724
-0.00171983
-0.00326097
-0.00449945
-0.0055335
-0.00647839
-0.00733415
-0.00810002
-0.00878369
-0.00939281
-0.00993419
-0.0104142
-0.0108389
-0.0112136
-0.0115433
-0.011832
-0.0120834
-0.0123005
-0.0124856
-0.0126403
-0.0127659
-0.012863
-0.0129317
-0.0129717
-0.0129822
-0.0129621
-0.0129099
-0.0128239
-0.0127021
-0.0125423
-0.0123423
-0.0120997
-0.0118122
-0.0114776
-0.0110936
-0.0106582
-0.0101698
-0.00962679
-0.00902817
-0.0083733
-0.00766207
-0.00689494
-0.00607301
-0.00519808
-0.00427271
-0.00330024
-0.00228489
-0.00123173
-0.000146706
0.000963319
0.00209061
0.00322658
0.00436183
0.00548624
0.00658905
0.00765898
0.00868438
0.00965338
0.0105541
0.0113747
0.0121039
0.012731
0.0132459
0.0136398
0.013905
0.0140353
0.0140261
0.0138745
0.0135794
0.0131415
0.0125634
0.0118494
0.0110055
0.010039
0.0089586
0.00777313
0.00649216
0.00513512
0.00372039
0.00213271
0.000269655
-0.00298273
-0.00455687
-0.00582152
-0.00687707
-0.00784138
-0.00871455
-0.00949596
-0.0101936
-0.0108154
-0.0113684
-0.0118594
-0.0122945
-0.0126794
-0.0130191
-0.0133179
-0.0135797
-0.0138074
-0.0140035
-0.0141696
-0.014307
-0.0144163
-0.0144975
-0.0145502
-0.0145735
-0.0145661
-0.0145265
-0.0144527
-0.0143425
-0.0141936
-0.0140033
-0.0137691
-0.0134884
-0.0131585
-0.012777
-0.0123415
-0.0118499
-0.0113003
-0.0106914
-0.0100222
-0.0092922
-0.00850147
-0.00765083
-0.00674179
-0.00577664
-0.00475855
-0.00369155
-0.00258066
-0.00143181
-0.000251957
0.00095098
0.00216812
0.00338966
0.00460494
0.00580256
0.00697045
0.00809607
0.00916654
0.0101688
0.01109
0.0119174
0.0126389
0.0132434
0.0137204
0.0140612
0.0142583
0.0143059
0.0142003
0.0139395
0.0135238
0.0129554
0.0122383
0.0113785
0.0103839
0.00926328
0.00802621
0.00668289
0.00525412
0.00375959
0.00207666
9.65593e-05
-0.00436609
-0.00597182
-0.00726155
-0.00833772
-0.00932063
-0.0102105
-0.0110068
-0.0117177
-0.0123516
-0.0129159
-0.0134173
-0.0138625
-0.0142572
-0.0146067
-0.0149155
-0.0151875
-0.0154258
-0.015633
-0.0158106
-0.0159601
-0.0160819
-0.016176
-0.0162419
-0.0162788
-0.016285
-0.0162589
-0.0161983
-0.0161008
-0.0159639
-0.0157846
-0.0155602
-0.0152876
-0.0149639
-0.0145862
-0.0141519
-0.0136584
-0.0131036
-0.0124856
-0.011803
-0.0110549
-0.0102411
-0.0093619
-0.0084186
-0.00741314
-0.00634841
-0.00522826
-0.00405756
-0.00284221
-0.0015892
-0.000306587
0.000996478
0.00230981
0.00362224
0.00492171
0.00619535
0.0074297
0.0086108
0.00972446
0.0107564
0.0116927
0.0125197
0.0132247
0.0137959
0.0142231
0.0144975
0.0146119
0.0145616
0.0143437
0.0139577
0.0134052
0.0126902
0.0118187
0.0107984
0.00963898
0.00835034
0.0069434
0.00544043
0.00386253
0.00207916
-2.51931e-05
-0.00587258
-0.00750856
-0.00882234
-0.00991828
-0.010919
-0.0118249
-0.0126354
-0.0133591
-0.0140045
-0.0145793
-0.0150908
-0.0155455
-0.0159496
-0.0163086
-0.0166271
-0.0169091
-0.0171579
-0.017376
-0.0175653
-0.0177269
-0.0178615
-0.0179689
-0.0180486
-0.0180996
-0.0181202
-0.0181084
-0.0180621
-0.0179785
-0.0178548
-0.0176879
-0.0174746
-0.0172116
-0.0168957
-0.0165235
-0.0160919
-0.0155982
-0.0150395
-0.0144138
-0.013719
-0.0129539
-0.0121178
-0.0112107
-0.0102333
-0.00918732
-0.00807529
-0.00690082
-0.00566856
-0.00438432
-0.00305507
-0.00168897
-0.000295382
0.00111516
0.00253098
0.00393939
0.00532672
0.00667854
0.0079798
0.00921503
0.0103686
0.0114251
0.0123692
0.0131867
0.0138642
0.0143897
0.0147529
0.0149453
0.0149607
0.0147951
0.0144473
0.0139182
0.0132113
0.0123326
0.01129
0.0100936
0.00875372
0.00728212
0.00570258
0.00403769
0.00214848
-8.76941e-05
-0.00750467
-0.00916967
-0.0105065
-0.0116215
-0.0126393
-0.0135605
-0.0143845
-0.0151203
-0.0157767
-0.0163615
-0.0168823
-0.0173461
-0.0177591
-0.018127
-0.0184547
-0.0187463
-0.0190053
-0.0192342
-0.0194349
-0.0196088
-0.0197562
-0.0198773
-0.0199712
-0.0200368
-0.0200725
-0.020076
-0.0200449
-0.0199764
-0.0198672
-0.0197141
-0.0195134
-0.0192617
-0.0189551
-0.0185901
-0.0181632
-0.0176709
-0.0171101
-0.0164782
-0.0157728
-0.0149921
-0.0141349
-0.0132007
-0.0121898
-0.0111035
-0.00994388
-0.00871427
-0.00741906
-0.00606387
-0.00465562
-0.00320248
-0.001714
-0.000201007
0.00132437
0.0028488
0.00435783
0.00583606
0.00726728
0.00863473
0.00992132
0.0111099
0.0121837
0.0131266
0.0139233
0.01456
0.0150247
0.0153072
0.0153998
0.0152973
0.0149973
0.0144998
0.0138081
0.0129278
0.0118669
0.0106358
0.00924557
0.00770854
0.00605019
0.00429468
0.00229407
-8.18654e-05
-0.00926468
-0.0109576
-0.0123167
-0.01345
-0.0144843
-0.01542
-0.016257
-0.0170042
-0.0176708
-0.018265
-0.0187945
-0.0192665
-0.0196877
-0.0200639
-0.0204001
-0.0207008
-0.0209694
-0.0212087
-0.0214206
-0.0216065
-0.0217669
-0.0219016
-0.02201
-0.0220908
-0.0221421
-0.0221616
-0.0221468
-0.0220943
-0.022001
-0.021863
-0.0216767
-0.0214378
-0.0211425
-0.0207865
-0.0203661
-0.0198772
-0.0193164
-0.0186803
-0.0179661
-0.0171714
-0.0162946
-0.0153345
-0.0142911
-0.0131649
-0.0119579
-0.0106727
-0.00931352
-0.00788572
-0.00639606
-0.00485268
-0.00326521
-0.00164475
-3.83173e-06
0.00164362
0.00328238
0.00489606
0.00646729
0.00797794
0.00940937
0.0107428
0.0119595
0.0130413
0.0139712
0.0147331
0.0153131
0.0156992
0.0158819
0.0158543
0.0156128
0.0151566
0.0144881
0.0136126
0.0125382
0.0112756
0.00983623
0.00823335
0.00649412
0.00464438
0.00252666
2.66795e-06
-0.0111548
-0.0128747
-0.0142554
-0.0154063
-0.0164565
-0.0174062
-0.0182554
-0.0190134
-0.0196895
-0.0202921
-0.0208294
-0.0213089
-0.0217373
-0.0221209
-0.0224649
-0.0227738
-0.0230513
-0.0233004
-0.023523
-0.0237205
-0.0238935
-0.0240418
-0.0241648
-0.0242609
-0.0243283
-0.0243646
-0.0243667
-0.0243315
-0.0242552
-0.0241339
-0.0239633
-0.0237391
-0.0234569
-0.023112
-0.0227001
-0.0222168
-0.0216581
-0.0210199
-0.020299
-0.0194924
-0.0185977
-0.0176134
-0.0165387
-0.0153737
-0.0141197
-0.012779
-0.0113553
-0.00985363
-0.00828056
-0.00664411
-0.00495393
-0.00322129
-0.00145908
0.00031823
0.00209467
0.00385288
0.00557431
0.00723943
0.00882798
0.0103193
0.0116928
0.0129282
0.0140062
0.0149085
0.0156189
0.0161232
0.01641
0.0164706
0.0162998
0.0158957
0.0152596
0.0143964
0.0133142
0.0120238
0.0105373
0.00886853
0.00704659
0.00509909
0.00285839
0.000177715
-0.013177
-0.0149233
-0.016325
-0.0174931
-0.0185586
-0.0195218
-0.0203825
-0.0211505
-0.0218351
-0.0224454
-0.0229895
-0.0234752
-0.0239098
-0.0242996
-0.0246501
-0.0249662
-0.0252516
-0.0255094
-0.0257419
-0.0259503
-0.0261354
-0.026297
-0.0264344
-0.0265459
-0.0266298
-0.0266832
-0.0267031
-0.026686
-0.0266279
-0.0265245
-0.0263713
-0.0261635
-0.0258963
-0.0255646
-0.0251634
-0.024688
-0.0241336
-0.0234958
-0.0227705
-0.0219542
-0.0210438
-0.0200372
-0.0189329
-0.0177304
-0.0164304
-0.0150346
-0.0135463
-0.01197
-0.010312
-0.00858012
-0.00678391
-0.00493475
-0.00304582
-0.00113206
0.000789842
0.00270161
0.0045835
0.00641455
0.00817283
0.0098358
0.0113807
0.012785
0.0140269
0.0150858
0.0159428
0.0165815
0.0169879
0.0171514
0.0170648
0.0167248
0.0161317
0.0152896
0.0142063
0.0128928
0.0113616
0.00962751
0.00772132
0.00567262
0.00330299
0.00045667
-0.0153331
-0.0171054
-0.0185279
-0.0197129
-0.0207933
-0.0217694
-0.022641
-0.0234181
-0.0241104
-0.024727
-0.0252766
-0.0257673
-0.0262066
-0.0266011
-0.0269567
-0.0272784
-0.0275703
-0.0278356
-0.0280767
-0.0282951
-0.0284914
-0.0286656
-0.0288169
-0.0289437
-0.0290439
-0.0291147
-0.0291529
-0.0291547
-0.0291158
-0.0290316
-0.0288973
-0.0287076
-0.0284573
-0.0281408
-0.0277527
-0.0272875
-0.02674
-0.026105
-0.0253779
-0.0245544
-0.0236308
-0.0226041
-0.0214723
-0.0202341
-0.0188894
-0.0174395
-0.0158869
-0.0142357
-0.0124918
-0.0106625
-0.00875746
-0.00678791
-0.00476723
-0.00271078
-0.000635868
0.00143832
0.0034909
0.00549944
0.00744032
0.009289
0.0110205
0.0126098
0.0140325
0.0152653
0.0162865
0.0170768
0.0176198
0.0179023
0.0179151
0.0176528
0.0171146
0.0163036
0.0152272
0.0138962
0.0123238
0.0105253
0.00853371
0.00638055
0.00387594
0.000854679
-0.017625
-0.0194233
-0.0208665
-0.0220683
-0.0231633
-0.0241518
-0.0250336
-0.0258188
-0.0265176
-0.0271393
-0.0276929
-0.0281868
-0.028629
-0.0290264
-0.0293851
-0.0297106
-0.0300071
-0.0302781
-0.0305262
-0.030753
-0.0309593
-0.0311451
-0.0313095
-0.0314509
-0.0315672
-0.0316555
-0.0317122
-0.0317334
-0.0317145
-0.0316506
-0.0315365
-0.0313666
-0.031135
-0.0308359
-0.030463
-0.0300105
-0.0294724
-0.028843
-0.0281168
-0.0272888
-0.0263547
-0.0253106
-0.0241536
-0.0228818
-0.0214943
-0.0199916
-0.0183756
-0.0166498
-0.0148194
-0.0128915
-0.0108752
-0.0087819
-0.00662493
-0.00441997
-0.00218487
6.0355e-05
0.00229368
0.00449129
0.00662778
0.00867658
0.0106104
0.0124015
0.0140228
0.0154478
0.016652
0.0176128
0.0183108
0.0187301
0.0188588
0.0186896
0.0182198
0.0174513
0.0163909
0.0150493
0.0134398
0.0115787
0.00950098
0.0072403
0.00459464
0.00138883
-0.0200544
-0.0218792
-0.0233433
-0.024562
-0.0256714
-0.0266719
-0.0275632
-0.0283555
-0.0290594
-0.0296845
-0.0302402
-0.0307353
-0.0311781
-0.031576
-0.0319355
-0.0322623
-0.0325611
-0.0328355
-0.0330885
-0.0333218
-0.0335363
-0.0337321
-0.0339083
-0.0340634
-0.0341952
-0.0343004
-0.0343756
-0.0344165
-0.0344182
-0.0343756
-0.0342829
-0.0341341
-0.0339231
-0.0336432
-0.0332879
-0.0328506
-0.0323245
-0.0317033
-0.0309809
-0.0301514
-0.0292096
-0.0281509
-0.0269715
-0.0256686
-0.0242405
-0.0226869
-0.0210088
-0.0192091
-0.0172923
-0.0152649
-0.0131358
-0.0109159
-0.00861869
-0.00625991
-0.0038579
-0.00143341
0.000990494
0.00338858
0.00573373
0.00799727
0.0101494
0.0121599
0.0139983
0.015635
0.0170421
0.0181936
0.0190667
0.0196422
0.0199054
0.0198462
0.0194599
0.018747
0.0177131
0.0163689
0.0147278
0.0128065
0.0106424
0.00827142
0.00547861
0.00207833
-0.0226229
-0.0244751
-0.0259609
-0.0271968
-0.0283208
-0.0293328
-0.0302328
-0.0310311
-0.0317385
-0.032365
-0.0329205
-0.0334142
-0.0338548
-0.0342502
-0.0346075
-0.0349326
-0.0352307
-0.0355057
-0.0357608
-0.035998
-0.0362184
-0.0364222
-0.0366085
-0.0367759
-0.0369219
-0.0370434
-0.0371366
-0.0371971
-0.0372197
-0.0371988
-0.0371285
-0.0370023
-0.0368133
-0.0365547
-0.0362191
-0.0357992
-0.0352878
-0.0346777
-0.033962
-0.033134
-0.0321876
-0.0311173
-0.0299185
-0.0285873
-0.0271212
-0.0255189
-0.0237807
-0.0219083
-0.0199057
-0.0177787
-0.0155356
-0.013187
-0.0107461
-0.00822883
-0.00565373
-0.00304221
-0.0004183
0.00219145
0.00475821
0.0072512
0.00963813
0.0118858
0.0139606
0.0158295
0.0174608
0.0188246
0.0198944
0.0206473
0.0210651
0.0211348
0.0208491
0.0202065
0.0192115
0.0178741
0.0162076
0.0142296
0.0119796
0.00949579
0.00654976
0.0029448
-0.0253324
-0.0272137
-0.0287223
-0.0299761
-0.0311147
-0.032138
-0.0330458
-0.0338486
-0.0345576
-0.0351832
-0.0357356
-0.0362247
-0.0366598
-0.0370492
-0.0374005
-0.0377202
-0.0380138
-0.0382859
-0.0385396
-0.0387776
-0.0390009
-0.0392099
-0.039404
-0.0395816
-0.0397403
-0.0398768
-0.0399872
-0.0400667
-0.0401101
-0.0401114
-0.0400641
-0.0399614
-0.0397959
-0.0395602
-0.0392462
-0.0388462
-0.038352
-0.0377558
-0.0370497
-0.0362262
-0.0352784
-0.0341998
-0.0329847
-0.0316284
-0.0301272
-0.0284788
-0.0266826
-0.0247394
-0.0226522
-0.020426
-0.0180685
-0.0155897
-0.0130024
-0.0103226
-0.00756883
-0.00476311
-0.00193025
0.000901962
0.00370304
0.00644012
0.00907836
0.0115816
0.0139128
0.0160352
0.0179129
0.0195122
0.0208019
0.0217552
0.0223498
0.0225692
0.022403
0.0218475
0.0209053
0.0195856
0.0179016
0.0158713
0.0135364
0.0109378
0.00783258
0.00401245
-0.0281846
-0.0300975
-0.0316307
-0.0329033
-0.034057
-0.0350913
-0.0360059
-0.0368116
-0.0375198
-0.0381416
-0.0386876
-0.0391683
-0.0395937
-0.0399727
-0.0403134
-0.0406231
-0.0409078
-0.0411724
-0.0414206
-0.0416552
-0.0418778
-0.0420887
-0.0422875
-0.0424728
-0.0426419
-0.0427916
-0.0429178
-0.0430156
-0.0430792
-0.0431025
-0.0430786
-0.0430001
-0.0428592
-0.0426478
-0.0423573
-0.0419792
-0.0415046
-0.0409249
-0.0402313
-0.0394155
-0.0384695
-0.0373859
-0.0361578
-0.0347796
-0.0332465
-0.0315551
-0.0297035
-0.0276917
-0.0255215
-0.0231972
-0.0207254
-0.0181156
-0.01538
-0.0125343
-0.00959708
-0.00659064
-0.00354051
-0.000475546
0.0025722
0.00556781
0.00847392
0.0112512
0.0138593
0.0162573
0.0184051
0.0202641
0.0217987
0.0229772
0.0237728
0.0241649
0.0241394
0.0236896
0.0228162
0.021527
0.0198346
0.0177575
0.0153398
0.0126249
0.00935449
0.00530839
-0.0311818
-0.0331296
-0.0346897
-0.0359826
-0.037152
-0.0381971
-0.0391174
-0.039924
-0.0406287
-0.041243
-0.0417785
-0.0422462
-0.0426567
-0.04302
-0.0433448
-0.0436389
-0.0439091
-0.0441609
-0.0443984
-0.0446249
-0.0448421
-0.0450508
-0.0452506
-0.0454402
-0.0456169
-0.0457775
-0.0459176
-0.046032
-0.046115
-0.0461597
-0.046159
-0.0461051
-0.0459896
-0.0458036
-0.0455382
-0.0451839
-0.0447311
-0.0441704
-0.0434921
-0.0426869
-0.0417459
-0.0406605
-0.0394229
-0.0380262
-0.0364645
-0.0347332
-0.0328293
-0.0307516
-0.0285006
-0.0260797
-0.0234945
-0.0207534
-0.0178683
-0.0148541
-0.0117294
-0.00851652
-0.00524148
-0.00193412
0.00137212
0.00464037
0.00783075
0.0109009
0.0138067
0.0165031
0.0189454
0.0210899
0.0228959
0.0243263
0.0253492
0.0259391
0.0260777
0.0257547
0.0249682
0.0237241
0.0220343
0.0199174
0.0174197
0.0145874
0.0111461
0.00686296
-0.0343264
-0.0363137
-0.0379038
-0.0392188
-0.0404048
-0.0414604
-0.0423851
-0.0431902
-0.043888
-0.0444907
-0.0450105
-0.0454596
-0.0458492
-0.0461903
-0.0464925
-0.0467645
-0.0470136
-0.0472461
-0.0474668
-0.0476792
-0.0478857
-0.0480871
-0.0482834
-0.0484732
-0.048654
-0.0488224
-0.0489738
-0.049103
-0.0492037
-0.0492689
-0.049291
-0.0492615
-0.0491717
-0.049012
-0.0487728
-0.0484438
-0.0480148
-0.0474753
-0.0468149
-0.0460231
-0.0450901
-0.0440062
-0.0427625
-0.0413507
-0.0397639
-0.0379962
-0.0360432
-0.0339024
-0.0315733
-0.0290577
-0.0263604
-0.0234887
-0.0204534
-0.017269
-0.0139536
-0.0105293
-0.00702255
-0.00346386
0.00011207
0.00366657
0.00715733
0.0105389
0.0137635
0.0167817
0.0195439
0.022001
0.0241064
0.0258173
0.0270959
0.0279113
0.0282399
0.0280672
0.0273879
0.0262058
0.0245313
0.022383
0.0198094
0.0168595
0.0132417
0.00871004
-0.0376216
-0.0396541
-0.0412782
-0.0426178
-0.0438214
-0.0448874
-0.0458148
-0.0466154
-0.0473022
-0.0478881
-0.0483863
-0.0488098
-0.0491713
-0.0494825
-0.0497542
-0.049996
-0.0502163
-0.0504219
-0.0506184
-0.0508099
-0.0509991
-0.0511874
-0.0513747
-0.0515598
-0.0517403
-0.0519127
-0.0520724
-0.0522136
-0.05233
-0.0524142
-0.0524579
-0.0524524
-0.0523882
-0.0522552
-0.052043
-0.0517406
-0.051337
-0.0508207
-0.0501803
-0.0494046
-0.0484824
-0.0474031
-0.0461564
-0.044733
-0.0431245
-0.0413238
-0.039325
-0.0371244
-0.03472
-0.0321123
-0.0293047
-0.0263034
-0.0231182
-0.0197625
-0.0162539
-0.0126142
-0.00886974
-0.00505164
-0.00119557
0.00265817
0.00646498
0.0101764
0.013741
0.0171048
0.0202129
0.0230107
0.0254453
0.0274673
0.0290324
0.0301032
0.0306504
0.0306542
0.0301053
0.0290042
0.02736
0.0251903
0.0225461
0.0194789
0.0156793
0.0108875
-0.0410711
-0.0431561
-0.0448194
-0.0461864
-0.047409
-0.048485
-0.0494132
-0.0502058
-0.0508765
-0.0514393
-0.0519084
-0.0522983
-0.0526228
-0.052895
-0.0531269
-0.0533292
-0.0535113
-0.0536811
-0.0538449
-0.0540074
-0.0541717
-0.0543397
-0.0545117
-0.0546864
-0.0548615
-0.0550335
-0.0551975
-0.0553476
-0.055477
-0.055578
-0.0556419
-0.0556593
-0.0556202
-0.0555138
-0.055329
-0.055054
-0.0546768
-0.0541853
-0.053567
-0.0528095
-0.0519007
-0.0508287
-0.0495822
-0.0481503
-0.0465235
-0.0446931
-0.042652
-0.0403948
-0.0379182
-0.0352211
-0.0323055
-0.0291762
-0.0258418
-0.0223145
-0.0186111
-0.0147527
-0.0107655
-0.0066808
-0.002535
0.00163022
0.00576817
0.00982757
0.0137531
0.0174866
0.0209675
0.0241353
0.0269303
0.0292959
0.0311805
0.0325393
0.0333364
0.0335459
0.0331532
0.0321552
0.0305584
0.0283794
0.0256713
0.0224883
0.0185017
0.0134376
-0.0446797
-0.0468265
-0.048535
-0.0499332
-0.0511765
-0.052262
-0.0531884
-0.0539685
-0.054617
-0.055149
-0.0555803
-0.0559267
-0.0562038
-0.056426
-0.056607
-0.0567588
-0.056892
-0.0570155
-0.0571366
-0.0572606
-0.0573914
-0.057531
-0.0576802
-0.0578379
-0.0580017
-0.058168
-0.0583317
-0.0584868
-0.058626
-0.0587411
-0.0588231
-0.0588619
-0.0588468
-0.0587665
-0.0586089
-0.0583616
-0.0580118
-0.0575461
-0.0569513
-0.056214
-0.0553207
-0.0542585
-0.0530147
-0.0515774
-0.0499353
-0.0480785
-0.0459984
-0.0436879
-0.0411422
-0.0383587
-0.0353376
-0.0320824
-0.0286
-0.0249014
-0.0210023
-0.0169228
-0.0126887
-0.00833102
-0.00388676
0.000601352
0.00508483
0.00950972
0.0138172
0.0179444
0.0218255
0.0253935
0.0285815
0.0313251
0.0335646
0.0352471
0.0363285
0.0367759
0.0365685
0.0356985
0.0341689
0.031995
0.0292313
0.0259347
0.0217564
0.0164075
-0.0484538
-0.0506735
-0.0524349
-0.0538685
-0.0551343
-0.0562286
-0.0571501
-0.0579121
-0.0585308
-0.0590227
-0.0594055
-0.0596967
-0.0599139
-0.0600734
-0.0601905
-0.0602789
-0.0603506
-0.0604157
-0.0604825
-0.0605573
-0.0606445
-0.0607466
-0.0608646
-0.0609976
-0.0611433
-0.0612978
-0.0614561
-0.0616116
-0.0617567
-0.0618827
-0.0619801
-0.0620382
-0.0620456
-0.0619903
-0.0618594
-0.0616397
-0.0613174
-0.0608783
-0.0603081
-0.0595922
-0.0587162
-0.0576658
-0.0564271
-0.0549867
-0.0533322
-0.0514519
-0.0493358
-0.0469751
-0.0443635
-0.0414964
-0.0383726
-0.0349937
-0.031365
-0.027496
-0.0234008
-0.0190986
-0.0146141
-0.00997815
-0.00522765
-0.000406096
0.00443651
0.00924386
0.0139537
0.0184989
0.022808
0.0268072
0.0304223
0.0335804
0.0362127
0.0382571
0.0396606
0.0403816
0.0403921
0.0396783
0.038239
0.0360868
0.0332777
0.0298712
0.0254967
0.0198498
-0.0524011
-0.0547076
-0.0565309
-0.0580051
-0.0592953
-0.0603974
-0.0613097
-0.0620469
-0.0626264
-0.063067
-0.0633883
-0.0636103
-0.0637528
-0.0638344
-0.0638724
-0.0638825
-0.0638782
-0.0638711
-0.0638706
-0.0638838
-0.063916
-0.0639702
-0.0640475
-0.0641473
-0.0642672
-0.0644033
-0.0645501
-0.0647008
-0.0648473
-0.0649805
-0.0650901
-0.0651649
-0.0651928
-0.0651609
-0.0650557
-0.0648629
-0.0645679
-0.0641555
-0.0636103
-0.0629167
-0.0620591
-0.061022
-0.0597901
-0.0583488
-0.0566841
-0.0547829
-0.0526335
-0.0502255
-0.0475507
-0.044603
-0.0413791
-0.0378788
-0.0341057
-0.0300674
-0.0257764
-0.0212505
-0.0165131
-0.0115943
-0.0065306
-0.00136596
0.00384857
0.00905466
0.014187
0.0191741
0.0239392
0.0284017
0.0324794
0.0360903
0.0391559
0.0416038
0.0433705
0.0444047
0.0446696
0.0441441
0.0428212
0.0407105
0.0378684
0.0343569
0.0297821
0.0238235
-0.0565319
-0.0589417
-0.060838
-0.0623587
-0.0636755
-0.0647836
-0.0656813
-0.0663849
-0.0669138
-0.0672892
-0.0675336
-0.0676697
-0.06772
-0.0677059
-0.0676473
-0.0675617
-0.0674648
-0.0673696
-0.0672869
-0.0672248
-0.0671893
-0.0671839
-0.06721
-0.0672672
-0.0673529
-0.0674629
-0.0675916
-0.0677318
-0.0678748
-0.0680108
-0.068129
-0.0682175
-0.0682633
-0.0682529
-0.0681717
-0.0680047
-0.0677362
-0.06735
-0.0668298
-0.0661588
-0.0653202
-0.0642972
-0.0630734
-0.0616327
-0.0599595
-0.0580394
-0.0558588
-0.0534059
-0.0506705
-0.0476447
-0.0443232
-0.0407039
-0.0367883
-0.0325821
-0.0280959
-0.0233456
-0.0183533
-0.0131478
-0.00776486
-0.00224832
0.00335012
0.00897054
0.014545
0.0199979
0.0252473
0.0302058
0.0347828
0.038887
0.0424291
0.0453252
0.0475003
0.0488916
0.0494517
0.0491508
0.0479747
0.0459283
0.0430682
0.039458
0.0346792
0.0283943
-0.060859
-0.0633923
-0.0653747
-0.0669485
-0.068294
-0.0694055
-0.0702817
-0.0709407
-0.0714049
-0.0716984
-0.0718471
-0.0718773
-0.0718149
-0.0716844
-0.0715085
-0.0713074
-0.0710988
-0.0708977
-0.0707161
-0.0705633
-0.070446
-0.0703682
-0.0703316
-0.0703357
-0.070378
-0.0704539
-0.0705574
-0.0706807
-0.0708146
-0.0709488
-0.0710715
-0.0711701
-0.071231
-0.0712395
-0.0711803
-0.0710374
-0.0707941
-0.0704333
-0.0699374
-0.0692887
-0.068469
-0.0674605
-0.0662453
-0.0648059
-0.0631254
-0.0611877
-0.0589777
-0.0564817
-0.0536876
-0.0505858
-0.0471688
-0.0434325
-0.0393762
-0.0350035
-0.0303228
-0.025348
-0.0200993
-0.0146037
-0.0088962
-0.00301971
0.00297387
0.00902355
0.0150592
0.0210017
0.0267639
0.0322518
0.0373665
0.0420065
0.0460711
0.0494638
0.0520966
0.0538936
0.0547949
0.0547597
0.0537653
0.0518101
0.0489497
0.045249
0.0402628
0.033636
-0.0653991
-0.0680802
-0.0701639
-0.0717987
-0.0731746
-0.0742855
-0.0751309
-0.0757316
-0.0761134
-0.0763046
-0.0763351
-0.0762357
-0.0760363
-0.0757652
-0.0754484
-0.0751091
-0.0747674
-0.0744402
-0.0741411
-0.0738806
-0.073666
-0.0735018
-0.07339
-0.07333
-0.073319
-0.0733521
-0.0734227
-0.0735224
-0.0736415
-0.0737686
-0.0738915
-0.0739964
-0.0740689
-0.0740935
-0.0740538
-0.0739329
-0.0737131
-0.0733762
-0.0729035
-0.0722761
-0.0714748
-0.0704803
-0.0692735
-0.0678356
-0.0661482
-0.0641936
-0.0619549
-0.0594169
-0.0565657
-0.0533893
-0.0498785
-0.0460269
-0.0418314
-0.0372934
-0.0324188
-0.0272193
-0.0217129
-0.0159245
-0.00988743
-0.00364351
0.00275583
0.00924913
0.0157646
0.0222202
0.0285241
0.0345757
0.0402678
0.0454884
0.0501248
0.0540667
0.0572113
0.0594678
0.0607618
0.0610394
0.0602666
0.0584339
0.0555946
0.0518138
0.0466173
0.0396314
-0.0701734
-0.0730313
-0.0752346
-0.0769386
-0.0783461
-0.0794508
-0.0802534
-0.0807782
-0.0810559
-0.0811197
-0.0810051
-0.0807478
-0.0803829
-0.079943
-0.0794581
-0.0789547
-0.0784556
-0.07798
-0.0775428
-0.0771559
-0.0768272
-0.0765617
-0.0763614
-0.0762254
-0.0761507
-0.0761319
-0.0761616
-0.0762308
-0.0763289
-0.0764437
-0.076562
-0.0766692
-0.0767498
-0.0767872
-0.0767643
-0.076663
-0.0764645
-0.0761495
-0.0756982
-0.0750907
-0.0743064
-0.0733249
-0.0721258
-0.0706888
-0.0689941
-0.0670224
-0.0647553
-0.0621757
-0.0592678
-0.0560178
-0.0524142
-0.0484482
-0.0441146
-0.039412
-0.0343441
-0.0289196
-0.0231541
-0.0170703
-0.0106991
-0.00408062
0.00273466
0.00968555
0.0166993
0.0236915
0.0305663
0.0372169
0.0435278
0.0493765
0.0546374
0.0591854
0.0629014
0.0656774
0.0674222
0.068066
0.0675613
0.065888
0.0630951
0.059247
0.0538377
0.0464738
-0.0752089
-0.0782787
-0.0806226
-0.082405
-0.0838442
-0.0849343
-0.0856781
-0.0861049
-0.0862513
-0.0861573
-0.0858649
-0.0854162
-0.0848523
-0.084211
-0.0835269
-0.0828301
-0.0821466
-0.0814976
-0.0809
-0.0803665
-0.0799058
-0.079523
-0.0792201
-0.0789959
-0.0788468
-0.0787667
-0.0787474
-0.0787791
-0.07885
-0.0789471
-0.079056
-0.0791612
-0.0792461
-0.0792931
-0.0792839
-0.0791993
-0.0790195
-0.0787241
-0.0782922
-0.0777025
-0.0769334
-0.0759632
-0.0747703
-0.0733329
-0.0716297
-0.0696401
-0.0673439
-0.0647223
-0.0617576
-0.058434
-0.0547377
-0.0506578
-0.0461864
-0.0413196
-0.0360582
-0.0304083
-0.0243823
-0.0180002
-0.0112902
-0.00429036
0.00295085
0.0103731
0.0179035
0.0254561
0.0329316
0.0402177
0.0471908
0.053718
0.05966
0.0648762
0.0692293
0.072592
0.0748534
0.0759251
0.0757422
0.0742715
0.0715555
0.067656
0.0620318
0.0542686
-0.0805403
-0.0838636
-0.0863728
-0.0882433
-0.0897126
-0.0907761
-0.0914399
-0.0917403
-0.0917218
-0.0914326
-0.0909231
-0.0902433
-0.0894412
-0.0885609
-0.0876421
-0.0867191
-0.085821
-0.0849714
-0.084189
-0.0834873
-0.0828755
-0.0823589
-0.0819389
-0.081614
-0.0813796
-0.0812289
-0.0811525
-0.0811396
-0.0811772
-0.0812513
-0.0813462
-0.0814452
-0.0815307
-0.0815838
-0.0815852
-0.0815144
-0.0813505
-0.081072
-0.0806568
-0.0800825
-0.0793263
-0.0783652
-0.0771763
-0.0757365
-0.0740232
-0.072014
-0.0696873
-0.0670225
-0.064
-0.0606019
-0.0568124
-0.0526181
-0.0480086
-0.0429772
-0.0375217
-0.0316451
-0.0253568
-0.0186733
-0.01162
-0.00423165
0.00344553
0.011353
0.0194187
0.0275559
0.0356628
0.0436225
0.0513037
0.058563
0.0652477
0.0712
0.0762632
0.0802882
0.0831414
0.0847117
0.0849138
0.083697
0.0810944
0.0771631
0.0713225
0.0631354
-0.0862116
-0.0898387
-0.0925417
-0.0945097
-0.0960047
-0.0970246
-0.0975807
-0.0977185
-0.0974929
-0.0969628
-0.0961889
-0.0952308
-0.0941448
-0.0929822
-0.0917884
-0.0906023
-0.0894565
-0.0883768
-0.0873835
-0.0864908
-0.0857082
-0.0850406
-0.0844889
-0.0840508
-0.0837205
-0.08349
-0.0833488
-0.0832846
-0.0832832
-0.0833292
-0.0834057
-0.0834946
-0.083577
-0.0836329
-0.0836416
-0.0835816
-0.0834307
-0.0831663
-0.082765
-0.0822033
-0.0814573
-0.0805026
-0.0793151
-0.0778704
-0.0761444
-0.0741133
-0.071754
-0.069044
-0.0659619
-0.0624879
-0.0586038
-0.0542939
-0.0495451
-0.0443479
-0.038697
-0.0325921
-0.026039
-0.0190507
-0.0116487
-0.00386456
0.00425897
0.012666
0.0212861
0.030033
0.0388034
0.0474766
0.0559147
0.0639641
0.0714583
0.0782219
0.0840769
0.0888498
0.0923809
0.0945324
0.0951937
0.0942921
0.0918474
0.0879087
0.0818505
0.0732109
-0.0922792
-0.0962703
-0.0992001
-0.101274
-0.102787
-0.103739
-0.10415
-0.104079
-0.103593
-0.102766
-0.101671
-0.100379
-0.0989558
-0.0974613
-0.0959472
-0.0944572
-0.0930274
-0.0916859
-0.090454
-0.0893467
-0.088373
-0.0875374
-0.0868396
-0.0862761
-0.0858397
-0.0855209
-0.0853077
-0.0851862
-0.0851407
-0.0851541
-0.0852081
-0.0852834
-0.0853595
-0.0854151
-0.0854281
-0.085376
-0.0852352
-0.0849819
-0.0845917
-0.0840397
-0.0833007
-0.0823495
-0.0811604
-0.0797078
-0.0779662
-0.0759105
-0.0735157
-0.0707579
-0.0676138
-0.0640616
-0.0600809
-0.0556534
-0.0507635
-0.0453986
-0.0395503
-0.0332146
-0.0263936
-0.0190963
-0.0113401
-0.00315216
0.00542869
0.0143502
0.0235447
0.0329275
0.0423952
0.0518246
0.0610719
0.0699744
0.0783517
0.0860102
0.092749
0.0983677
0.102676
0.105506
0.106715
0.106202
0.10397
0.100054
0.0937784
0.0846522
-0.0988155
-0.103243
-0.106437
-0.108625
-0.110139
-0.11099
-0.111207
-0.110867
-0.110056
-0.108863
-0.107378
-0.105686
-0.103864
-0.101981
-0.100096
-0.098257
-0.096504
-0.094867
-0.093368
-0.0920218
-0.0908369
-0.0898164
-0.0889588
-0.0882585
-0.0877069
-0.0872923
-0.0870008
-0.0868168
-0.0867228
-0.0867
-0.0867284
-0.0867871
-0.0868541
-0.0869067
-0.0869216
-0.0868746
-0.0867413
-0.0864963
-0.0861142
-0.0855689
-0.084834
-0.083883
-0.0826891
-0.0812254
-0.079465
-0.0773814
-0.0749481
-0.0721395
-0.0689305
-0.0652973
-0.0612172
-0.0566697
-0.0516362
-0.0461012
-0.0400527
-0.0334833
-0.0263908
-0.0187798
-0.010663
-0.00206264
0.0069872
0.0164389
0.026229
0.0362756
0.0464767
0.0567079
0.0668213
0.0766457
0.0859877
0.094635
0.102362
0.10894
0.114143
0.117765
0.119628
0.119595
0.117642
0.113788
0.107295
0.0976413
-0.105914
-0.110865
-0.114366
-0.116671
-0.118162
-0.118863
-0.118822
-0.118136
-0.116916
-0.115273
-0.113316
-0.111146
-0.108854
-0.106518
-0.104206
-0.101969
-0.0998518
-0.0978841
-0.0960887
-0.0944796
-0.0930639
-0.0918429
-0.0908127
-0.0899658
-0.0892909
-0.0887743
-0.0883998
-0.0881495
-0.0880039
-0.0879423
-0.0879428
-0.0879828
-0.0880387
-0.0880864
-0.088101
-0.0880572
-0.0879289
-0.0876898
-0.0873132
-0.0867717
-0.086038
-0.0850842
-0.0838823
-0.0824042
-0.0806217
-0.0785068
-0.0760318
-0.0731691
-0.0698921
-0.0661749
-0.0619926
-0.0573221
-0.0521422
-0.0464342
-0.0401827
-0.033376
-0.0260079
-0.018078
-0.00959371
-0.00057186
0.00895938
0.0189581
0.0293662
0.0401063
0.0510794
0.0621618
0.0732033
0.0840258
0.0944235
0.104166
0.113002
0.120669
0.126904
0.131458
0.134103
0.134661
0.133073
0.129331
0.122623
0.112391
-0.113694
-0.119275
-0.123131
-0.125549
-0.126979
-0.127464
-0.127077
-0.125946
-0.124212
-0.122015
-0.119487
-0.116748
-0.113904
-0.111044
-0.108242
-0.105556
-0.10303
-0.100696
-0.0985751
-0.09668
-0.0950153
-0.0935796
-0.0923662
-0.0913646
-0.0905606
-0.0899376
-0.089477
-0.0891581
-0.0889594
-0.0888577
-0.0888294
-0.0888498
-0.0888937
-0.0889354
-0.0889485
-0.0889062
-0.0887813
-0.0885462
-0.0881729
-0.0876329
-0.0868977
-0.0859383
-0.0847255
-0.0832299
-0.0814223
-0.0792731
-0.0767532
-0.0738334
-0.0704854
-0.0666812
-0.0623938
-0.0575977
-0.0522686
-0.0463848
-0.0399271
-0.0328798
-0.0252318
-0.0169777
-0.0081189
0.00133398
0.0113595
0.0219228
0.0329725
0.0444377
0.0562243
0.0682116
0.0802491
0.0921541
0.10371
0.114669
0.124752
0.133664
0.141095
0.146746
0.150334
0.151623
0.150508
0.146944
0.140027
0.129155
-0.122312
-0.128654
-0.132915
-0.135432
-0.136741
-0.136916
-0.136066
-0.134361
-0.131983
-0.129105
-0.125888
-0.122474
-0.118985
-0.115521
-0.112162
-0.108971
-0.105991
-0.103255
-0.100781
-0.0985788
-0.0966493
-0.0949874
-0.0935827
-0.0924209
-0.0914844
-0.0907532
-0.0902056
-0.0898181
-0.0895665
-0.0894253
-0.0893687
-0.08937
-0.0894022
-0.089438
-0.0894493
-0.0894081
-0.0892857
-0.0890534
-0.0886819
-0.0881417
-0.087403
-0.0864358
-0.0852098
-0.0836944
-0.081859
-0.0796729
-0.0771055
-0.0741261
-0.0707046
-0.066811
-0.0624163
-0.0574923
-0.0520119
-0.0459499
-0.0392835
-0.0319926
-0.0240611
-0.0154777
-0.00623776
0.00365543
0.0141882
0.0253339
0.0370497
0.049273
0.0619173
0.0748674
0.0879755
0.101057
0.113887
0.1262
0.137694
0.148032
0.156858
0.163811
0.168541
0.170739
0.170239
0.166941
0.159825
0.148234
-0.131975
-0.139234
-0.143957
-0.146539
-0.147637
-0.14737
-0.145899
-0.143454
-0.140266
-0.136552
-0.132505
-0.128292
-0.124052
-0.119897
-0.11591
-0.112157
-0.10868
-0.105507
-0.102655
-0.100128
-0.0979209
-0.0960249
-0.0944243
-0.0931003
-0.0920312
-0.0911929
-0.0905602
-0.0901066
-0.0898046
-0.0896266
-0.0895441
-0.0895284
-0.0895508
-0.089582
-0.0895926
-0.0895531
-0.0894335
-0.0892038
-0.0888337
-0.0882924
-0.0875492
-0.086573
-0.0853322
-0.0837954
-0.0819307
-0.0797061
-0.0770895
-0.074049
-0.0705525
-0.0665683
-0.062065
-0.0570119
-0.0513791
-0.0451379
-0.0382615
-0.0307253
-0.0225077
-0.0135915
-0.00396487
0.00637683
0.0174288
0.0291742
0.0415806
0.054596
0.0681441
0.0821188
0.0963784
0.11074
0.124974
0.138802
0.151895
0.163877
0.174338
0.182847
0.188971
0.19231
0.192612
0.1897
0.182406
0.169997
-0.142955
-0.151327
-0.156564
-0.159148
-0.159895
-0.159
-0.156699
-0.153296
-0.149091
-0.144351
-0.139308
-0.134156
-0.129049
-0.124107
-0.119419
-0.115046
-0.111029
-0.107391
-0.104139
-0.101273
-0.098782
-0.0966487
-0.0948524
-0.0933685
-0.0921705
-0.0912299
-0.0905174
-0.0900029
-0.0896559
-0.089446
-0.0893422
-0.0893137
-0.0893299
-0.0893596
-0.0893721
-0.0893363
-0.089221
-0.0889951
-0.0886271
-0.0880852
-0.0873377
-0.0863523
-0.0850967
-0.0835381
-0.0816437
-0.0793803
-0.0767145
-0.0736127
-0.0700414
-0.0659668
-0.0613555
-0.056174
-0.0503895
-0.04397
-0.0368844
-0.0291032
-0.0205994
-0.0113491
-0.00133259
0.00946343
0.0210444
0.0334047
0.0465245
0.0603652
0.074864
0.0899277
0.105425
0.121181
0.136966
0.152491
0.167404
0.181291
0.193681
0.204064
0.211904
0.216686
0.218044
0.21569
0.208253
0.1949
-0.155616
-0.165344
-0.171141
-0.17361
-0.173799
-0.172014
-0.168597
-0.163957
-0.158474
-0.152479
-0.146246
-0.139994
-0.133893
-0.128066
-0.122602
-0.117556
-0.112962
-0.108833
-0.105169
-0.101958
-0.0991811
-0.0968137
-0.0948274
-0.0931913
-0.091873
-0.0908391
-0.0900558
-0.0894892
-0.0891056
-0.0888715
-0.0887535
-0.0887186
-0.0887341
-0.0887674
-0.088786
-0.0887577
-0.08865
-0.0884305
-0.0880669
-0.0875264
-0.0867762
-0.0857833
-0.0845142
-0.0829353
-0.0810127
-0.078712
-0.0759986
-0.0728376
-0.0691936
-0.0650312
-0.0603146
-0.055008
-0.0490754
-0.0424813
-0.0351902
-0.0271678
-0.018381
-0.00879879
0.00160676
0.0128589
0.0249745
0.037961
0.0518133
0.0665093
0.0820037
0.0982209
0.115047
0.132319
0.149815
0.167244
0.184236
0.200339
0.215019
0.227675
0.23765
0.24428
0.247044
0.245493
0.237978
0.223521
-0.170461
-0.181845
-0.188221
-0.190378
-0.189693
-0.186645
-0.181728
-0.175487
-0.168404
-0.16088
-0.153233
-0.145704
-0.138474
-0.131663
-0.125353
-0.119588
-0.114388
-0.109754
-0.105672
-0.102119
-0.099064
-0.0964733
-0.09431
-0.0925356
-0.0911112
-0.0899979
-0.0891573
-0.0885513
-0.0881428
-0.0878953
-0.0877729
-0.0877405
-0.0877633
-0.0878072
-0.0878383
-0.087823
-0.0877279
-0.0875194
-0.0871643
-0.086629
-0.0858798
-0.0848827
-0.0836036
-0.0820079
-0.0800606
-0.0777265
-0.0749696
-0.0717537
-0.0680421
-0.0637973
-0.0589814
-0.0535561
-0.0474825
-0.0407212
-0.0332327
-0.0249772
-0.0159155
-0.0060089
0.00477938
0.0164834
0.0291327
0.0427498
0.057347
0.0729218
0.0894508
0.106882
0.125126
0.144041
0.163422
0.182986
0.202354
0.221042
0.238456
0.253891
0.266546
0.27557
0.280232
0.279848
0.272374
0.256608
-0.188185
-0.2016
-0.208517
-0.210024
-0.207988
-0.20315
-0.196216
-0.187905
-0.178825
-0.169448
-0.160134
-0.15114
-0.142644
-0.134757
-0.127541
-0.121023
-0.115202
-0.110062
-0.10557
-0.101689
-0.098374
-0.0955805
-0.0932614
-0.0913698
-0.0898599
-0.0886869
-0.0878072
-0.0871787
-0.0867609
-0.0865141
-0.0864001
-0.0863817
-0.0864223
-0.0864863
-0.0865385
-0.086544
-0.0864686
-0.0862778
-0.0859374
-0.0854132
-0.0846707
-0.0836752
-0.0823918
-0.0807852
-0.0788194
-0.0764584
-0.0736651
-0.070402
-0.0666308
-0.0623124
-0.057407
-0.0518736
-0.0456703
-0.0387542
-0.0310813
-0.0226066
-0.0132843
-0.00306783
0.00808916
0.0202323
0.0334052
0.0476472
0.0629906
0.0794564
0.0970482
0.115744
0.135487
0.156169
0.177616
0.199565
0.221644
0.243353
0.264038
0.282892
0.298945
0.311108
0.318369
0.319704
0.312486
0.295158
-0.209788
-0.225688
-0.232989
-0.233277
-0.229166
-0.221787
-0.212141
-0.201167
-0.189606
-0.178006
-0.166751
-0.156099
-0.14621
-0.137167
-0.129005
-0.12172
-0.115283
-0.109653
-0.104776
-0.100596
-0.0970533
-0.0940887
-0.0916446
-0.0896654
-0.0880977
-0.0868905
-0.0859953
-0.0853659
-0.0849582
-0.0847299
-0.0846404
-0.0846504
-0.084722
-0.084818
-0.0849022
-0.0849388
-0.0848926
-0.0847284
-0.0844114
-0.0839066
-0.083179
-0.0821934
-0.0809142
-0.0793053
-0.0773303
-0.074952
-0.0721325
-0.0688332
-0.0650144
-0.0606355
-0.0556546
-0.0500283
-0.043712
-0.036659
-0.0288211
-0.0201479
-0.010587
-8.38564e-05
0.011418
0.0239766
0.0376505
0.0524977
0.0685731
0.0859248
0.104589
0.124582
0.145889
0.168449
0.192134
0.216727
0.241885
0.267112
0.291718
0.314795
0.335186
0.351514
0.362391
0.366299
0.359738
0.340545
-0.236752
-0.255659
-0.262938
-0.26105
-0.253759
-0.24278
-0.2295
-0.215116
-0.200507
-0.186271
-0.172794
-0.160305
-0.148918
-0.138672
-0.129553
-0.121516
-0.114496
-0.108417
-0.103201
-0.0987694
-0.0950446
-0.0919533
-0.0894261
-0.0873979
-0.0858077
-0.0845985
-0.0837169
-0.0831128
-0.0827389
-0.0825504
-0.0825046
-0.0825607
-0.0826792
-0.082822
-0.0829518
-0.0830322
-0.0830271
-0.082901
-0.0826185
-0.0821442
-0.0814426
-0.080478
-0.0792143
-0.0776151
-0.0756431
-0.0732606
-0.070429
-0.0671085
-0.0632582
-0.0588362
-0.0537987
-0.0481001
-0.041693
-0.0345276
-0.0265512
-0.0177083
-0.00793997
0.00281646
0.0146276
0.0275642
0.0417008
0.0571153
0.0738873
0.0920959
0.111815
0.133107
0.156011
0.180529
0.206604
0.234088
0.262704
0.292004
0.321289
0.349584
0.375543
0.397452
0.413434
0.421262
0.416106
0.394743
-0.271364
-0.29378
-0.300128
-0.29445
-0.282305
-0.26624
-0.248122
-0.22942
-0.211119
-0.193821
-0.17786
-0.163392
-0.150452
-0.139002
-0.128962
-0.12023
-0.112692
-0.106236
-0.100752
-0.0961369
-0.0922939
-0.0891346
-0.0865776
-0.0845485
-0.0829791
-0.0818066
-0.0809733
-0.0804256
-0.0801133
-0.0799897
-0.0800103
-0.080133
-0.0803173
-0.0805243
-0.080716
-0.0808555
-0.0809063
-0.0808326
-0.0805985
-0.0801685
-0.0795068
-0.0785773
-0.0773438
-0.0757693
-0.0738164
-0.0714465
-0.0686206
-0.0652979
-0.0614368
-0.0569939
-0.0519238
-0.0461792
-0.03971
-0.0324634
-0.0243828
-0.0154078
-0.00547329
0.00549128
0.0175625
0.0308237
0.0453658
0.0612872
0.078694
0.097699
0.118419
0.140968
0.165455
0.19196
0.220523
0.251103
0.283538
0.317477
0.352298
0.387011
0.420123
0.449561
0.472842
0.486748
0.484418
0.460724
-0.317336
-0.343445
-0.346931
-0.334754
-0.315231
-0.29203
-0.267545
-0.243467
-0.220797
-0.200043
-0.181403
-0.164894
-0.150423
-0.137842
-0.12698
-0.117662
-0.109719
-0.102993
-0.0973407
-0.0926331
-0.0887542
-0.0856002
-0.0830786
-0.0811063
-0.0796087
-0.0785182
-0.0777732
-0.0773174
-0.0770986
-0.0770685
-0.0771814
-0.0773943
-0.0776662
-0.0779575
-0.0782302
-0.0784469
-0.0785711
-0.0785667
-0.0783979
-0.0780289
-0.0774241
-0.0765471
-0.0753616
-0.0738305
-0.071916
-0.0695794
-0.066781
-0.0634796
-0.0596328
-0.055196
-0.0501228
-0.0443642
-0.037868
-0.0305786
-0.0224361
-0.0133759
-0.003327
0.00778813
0.0200554
0.0335703
0.0484393
0.0647814
0.0827294
0.102431
0.124049
0.147758
0.173743
0.202184
0.233245
0.267035
0.303568
0.342681
0.383933
0.426445
0.468702
0.508311
0.54212
0.565587
0.568802
0.543206
-0.381061
-0.409816
-0.40643
-0.383236
-0.3526
-0.319523
-0.286825
-0.256237
-0.228577
-0.20409
-0.182716
-0.16424
-0.148381
-0.134843
-0.12334
-0.113612
-0.105426
-0.0985775
-0.0928883
-0.0882038
-0.0843896
-0.0813288
-0.078919
-0.0770701
-0.0757025
-0.0747448
-0.074133
-0.0738089
-0.073719
-0.0738142
-0.0740482
-0.0743778
-0.0747617
-0.0751604
-0.0755357
-0.0758505
-0.0760682
-0.076153
-0.0760691
-0.0757811
-0.0752531
-0.0744492
-0.0733329
-0.0718672
-0.0700142
-0.0677352
-0.0649901
-0.0617375
-0.0579344
-0.0535358
-0.0484941
-0.042759
-0.036277
-0.0289903
-0.0208363
-0.0117466
-0.00164596
0.00954955
0.0219338
0.035613
0.0507077
0.0673559
0.0857159
0.10597
0.128327
0.153025
0.180333
0.210547
0.243979
0.280937
0.321684
0.36636
0.414858
0.466625
0.520418
0.573677
0.62271
0.661373
0.675403
0.650173
-0.474194
-0.500786
-0.482273
-0.440637
-0.393558
-0.34715
-0.304219
-0.266098
-0.233061
-0.204831
-0.180913
-0.160754
-0.14382
-0.129631
-0.117771
-0.107885
-0.0996764
-0.0928948
-0.0873307
-0.0828077
-0.0791764
-0.0763095
-0.0740979
-0.0724468
-0.0712733
-0.0705044
-0.0700748
-0.0699256
-0.0700033
-0.0702586
-0.0706455
-0.0711209
-0.071644
-0.0721756
-0.072678
-0.0731143
-0.0734485
-0.0736452
-0.0736689
-0.0734845
-0.0730565
-0.0723493
-0.0713267
-0.0699518
-0.068187
-0.0659935
-0.0633315
-0.0601593
-0.0564338
-0.0521097
-0.0471388
-0.0414704
-0.0350497
-0.0278176
-0.0197097
-0.0106552
-0.000575271
0.0106184
0.0230259
0.0367618
0.0519581
0.0687688
0.0873743
0.107987
0.13086
0.156292
0.184637
0.216312
0.251801
0.291649
0.336441
0.386752
0.443028
0.505379
0.573181
0.644442
0.715322
0.778219
0.81336
0.795822
-0.618274
-0.627986
-0.577978
-0.506194
-0.435499
-0.371825
-0.316857
-0.270663
-0.232389
-0.200875
-0.174985
-0.153718
-0.136238
-0.12186
-0.110036
-0.100324
-0.0923673
-0.0858811
-0.0806317
-0.0764279
-0.0731112
-0.0705491
-0.0686292
-0.0672555
-0.0663447
-0.0658239
-0.0656284
-0.0657002
-0.0659865
-0.0664389
-0.0670126
-0.0676653
-0.0683571
-0.0690495
-0.0697057
-0.0702897
-0.070766
-0.0710998
-0.0712565
-0.0712013
-0.0708994
-0.0703156
-0.0694141
-0.0681585
-0.0665116
-0.064435
-0.0618889
-0.0588323
-0.0552218
-0.0510124
-0.046156
-0.0406016
-0.0342941
-0.027174
-0.0191761
-0.0102283
-0.000250153
0.0108493
0.0231737
0.036843
0.0519967
0.0687998
0.0874488
0.10818
0.13128
0.157101
0.186072
0.218728
0.255723
0.29786
0.346106
0.401592
0.465557
0.539194
0.623258
0.717336
0.818834
0.919874
0.995474
1.00512
-0.853099
-0.807055
-0.695575
-0.576827
-0.473693
-0.388908
-0.320952
-0.267139
-0.224624
-0.190938
-0.164116
-0.142639
-0.125355
-0.111392
-0.100087
-0.0909335
-0.0835388
-0.0775961
-0.0728618
-0.0691404
-0.0662722
-0.0641256
-0.0625902
-0.0615722
-0.060991
-0.0607761
-0.0608652
-0.0612025
-0.0617375
-0.0624235
-0.0632174
-0.0640785
-0.0649683
-0.0658496
-0.0666868
-0.0674448
-0.0680893
-0.0685863
-0.0689019
-0.0690022
-0.0688532
-0.0684203
-0.0676683
-0.0665616
-0.0650633
-0.0631357
-0.0607396
-0.0578344
-0.0543774
-0.050324
-0.0456266
-0.0402346
-0.0340936
-0.0271443
-0.0193219
-0.0105547
-0.000762131
0.0101468
0.0222766
0.0357484
0.0507047
0.0673148
0.0857832
0.106359
0.12935
0.155142
0.184222
0.217213
0.254919
0.298385
0.348972
0.408444
0.47905
0.563551
0.665084
0.786611
0.929289
1.08801
1.23796
1.32138
-1.26864
-1.05643
-0.827632
-0.641403
-0.497967
-0.390477
-0.311026
-0.252028
-0.207655
-0.173816
-0.147665
-0.127215
-0.111069
-0.098234
-0.0879917
-0.0798132
-0.0733017
-0.0681537
-0.0641331
-0.0610527
-0.0587614
-0.0571356
-0.0560721
-0.0554834
-0.0552944
-0.0554396
-0.0558609
-0.0565061
-0.0573279
-0.0582824
-0.0593288
-0.0604288
-0.0615454
-0.0626435
-0.0636887
-0.0646473
-0.0654863
-0.0661728
-0.0666739
-0.0669567
-0.066988
-0.0667341
-0.0661606
-0.0652327
-0.0639143
-0.0621685
-0.0599569
-0.0572396
-0.053975
-0.0501191
-0.0456255
-0.0404447
-0.0345235
-0.027804
-0.0202231
-0.0117106
-0.00218817
0.00843288
0.0202544
0.0333947
0.0479931
0.0642162
0.0822658
0.10239
0.124899
0.150187
0.178761
0.211287
0.248656
0.292076
0.343219
0.404428
0.479016
0.571672
0.689016
0.839859
1.0331
1.27367
1.56093
1.84068
-2.10465
-1.38387
-0.918569
-0.649808
-0.473057
-0.353286
-0.272122
-0.215697
-0.17513
-0.145144
-0.122485
-0.105061
-0.0914882
-0.0808292
-0.0724289
-0.0658164
-0.0606443
-0.05665
-0.0536304
-0.0514248
-0.0499039
-0.0489613
-0.048508
-0.0484681
-0.0487762
-0.0493744
-0.0502113
-0.0512403
-0.0524186
-0.0537064
-0.0550664
-0.0564629
-0.0578617
-0.0592299
-0.060535
-0.0617452
-0.062829
-0.0637549
-0.0644914
-0.0650068
-0.0652691
-0.0652455
-0.064903
-0.0642075
-0.0631242
-0.0616172
-0.0596493
-0.0571817
-0.0541742
-0.0505843
-0.0463673
-0.0414756
-0.0358582
-0.02946
-0.0222209
-0.0140746
-0.00494746
0.00524366
0.0165936
0.0292122
0.0432281
0.0587947
0.0760973
0.0953639
0.116879
0.141006
0.168216
0.199134
0.23461
0.275829
0.324492
0.383119
0.455561
0.547913
0.670249
0.838865
1.07631
1.41945
1.975
2.80763
-3.55944
-1.70839
-0.856595
-0.526648
-0.356123
-0.254294
-0.191746
-0.151058
-0.122745
-0.102076
-0.0865145
-0.0745608
-0.06527
-0.058018
-0.0523721
-0.04802
-0.0447287
-0.0423193
-0.0406508
-0.0396096
-0.0391023
-0.0390504
-0.0393868
-0.0400531
-0.0409977
-0.0421742
-0.0435403
-0.0450572
-0.0466885
-0.0483997
-0.050158
-0.0519317
-0.0536902
-0.0554031
-0.0570408
-0.0585737
-0.0599722
-0.0612068
-0.0622477
-0.0630646
-0.0636271
-0.0639039
-0.0638633
-0.0634726
-0.0626983
-0.061506
-0.05986
-0.0577234
-0.0550577
-0.0518225
-0.0479756
-0.0434722
-0.0382647
-0.032302
-0.0255289
-0.0178852
-0.00930465
0.000286771
0.0109723
0.0228472
0.0360214
0.0506242
0.06681
0.0847655
0.104721
0.126967
0.151874
0.17993
0.211792
0.248371
0.290982
0.341608
0.403424
0.481917
0.587535
0.740765
0.980475
1.40736
2.37717
4.35158
)
;

boundaryField
{
    movingWall
    {
        type            zeroGradient;
    }
    fixedWalls
    {
        type            zeroGradient;
    }
    frontAndBack
    {
        type            empty;
    }
}


// ************************************************************************* //
