/*--------------------------------*- C++ -*----------------------------------*\
  =========                 |
  \\      /  F ield         | OpenFOAM: The Open Source CFD Toolbox
   \\    /   O peration     | Website:  https://openfoam.org
    \\  /    A nd           | Version:  7
     \\/     M anipulation  |
\*---------------------------------------------------------------------------*/
FoamFile
{
    version     2.0;
    format      ascii;
    class       volScalarField;
    location    "1.4";
    object      p;
}
// * * * * * * * * * * * * * * * * * * * * * * * * * * * * * * * * * * * * * //

dimensions      [0 2 -2 0 0 0 0];

internalField   nonuniform List<scalar> 
6400
(
2.3726e-06
5.03465e-07
-0.000112306
-0.000332413
-0.000633401
-0.000991367
-0.00138517
-0.00179649
-0.00220992
-0.00261283
-0.00299487
-0.00334769
-0.00366462
-0.00394035
-0.00417075
-0.00435265
-0.00448371
-0.00456227
-0.0045872
-0.00455789
-0.00447411
-0.00433597
-0.00414386
-0.00389845
-0.00360062
-0.00325148
-0.00285233
-0.00240468
-0.00191022
-0.00137088
-0.000788766
-0.000166237
0.000494141
0.00118956
0.00191697
0.00267307
0.0034543
0.00425684
0.00507662
0.00590933
0.00675045
0.00759521
0.00843867
0.00927574
0.0101012
0.0109097
0.0116959
0.0124544
0.01318
0.0138674
0.0145117
0.0151081
0.0156522
0.0161399
0.0165675
0.0169319
0.0172306
0.0174616
0.0176236
0.0177162
0.0177395
0.0176947
0.0175837
0.0174092
0.0171752
0.0168862
0.016548
0.0161673
0.0157518
0.0153105
0.0148535
0.014392
0.0139387
0.0135078
0.0131148
0.0127766
0.012511
0.012335
0.0122642
0.0122879
7.36485e-06
4.22383e-06
-9.58768e-05
-0.000282793
-0.000534926
-0.000835168
-0.00116746
-0.00151699
-0.00187071
-0.00221749
-0.00254794
-0.00285428
-0.0031301
-0.00337021
-0.00357049
-0.00372767
-0.00383927
-0.00390345
-0.00391892
-0.00388484
-0.0038008
-0.00366672
-0.00348281
-0.00324957
-0.00296771
-0.00263819
-0.00226216
-0.00184099
-0.00137625
-0.000869714
-0.000323368
0.000260586
0.000879731
0.00153142
0.00221278
0.00292069
0.00365181
0.00440254
0.00516908
0.00594738
0.0067332
0.00752211
0.00830951
0.00909066
0.00986071
0.0106147
0.0113478
0.0120549
0.0127313
0.0133721
0.0139729
0.0145293
0.0150373
0.0154931
0.0158936
0.0162359
0.0165178
0.0167377
0.0168944
0.0169878
0.0170181
0.0169865
0.0168949
0.0167462
0.016544
0.0162927
0.0159977
0.0156654
0.0153031
0.0149188
0.0145219
0.0141225
0.0137318
0.013362
0.0130261
0.0127377
0.0125097
0.0123545
0.0122875
0.0123114
0.000120742
0.000104349
3.82425e-06
-0.000168671
-0.000394984
-0.000661561
-0.000955542
-0.00126466
-0.00157783
-0.00188534
-0.00217882
-0.00245115
-0.0026964
-0.00290967
-0.00308696
-0.00322509
-0.00332158
-0.00337453
-0.00338258
-0.0033448
-0.00326065
-0.00312994
-0.00295277
-0.0027295
-0.00246073
-0.00214728
-0.0017902
-0.00139072
-0.000950299
-0.000470589
4.65543e-05
0.000599063
0.00118466
0.00180084
0.00244489
0.00311386
0.00380459
0.00451369
0.00523756
0.00597237
0.00671413
0.00745866
0.00820164
0.00893861
0.00966501
0.0103762
0.0110676
0.0117346
0.0123726
0.0129772
0.0135442
0.0140696
0.0145495
0.0149808
0.0153602
0.0156854
0.0159543
0.0161655
0.0163179
0.0164116
0.0164468
0.0164248
0.0163475
0.0162177
0.0160387
0.0158149
0.0155514
0.015254
0.0149297
0.0145859
0.0142311
0.0138744
0.0135259
0.0131961
0.0128963
0.0126377
0.012431
0.0122864
0.01222
0.0122413
0.000341794
0.000291777
0.000175407
1.76175e-06
-0.000215986
-0.000466519
-0.000739071
-0.00102339
-0.00131008
-0.00159074
-0.00185803
-0.00210561
-0.00232809
-0.00252099
-0.0026806
-0.00280391
-0.00288854
-0.00293266
-0.00293492
-0.00289435
-0.00281039
-0.00268277
-0.00251151
-0.00229689
-0.00203941
-0.00173979
-0.00139899
-0.00101812
-0.000598529
-0.000141753
0.000350474
0.000876211
0.00143331
0.00201942
0.00263197
0.00326817
0.00392502
0.00459931
0.00528762
0.00598633
0.00669165
0.00739962
0.00810612
0.00880694
0.00949775
0.0101742
0.0108319
0.0114664
0.0120735
0.0126491
0.013189
0.0136896
0.0141472
0.0145588
0.0149216
0.0152331
0.0154915
0.0156955
0.0158444
0.0159378
0.0159764
0.0159613
0.0158944
0.0157783
0.0156163
0.0154125
0.0151717
0.0148995
0.0146021
0.0142865
0.0139605
0.0136324
0.0133111
0.013006
0.0127268
0.0124833
0.0122848
0.0121404
0.0120646
0.0120672
0.000646229
0.000546159
0.000401717
0.000216357
-3.37001e-06
-0.000248131
-0.00050891
-0.000777297
-0.00104547
-0.00130631
-0.00155351
-0.00178153
-0.00198565
-0.00216184
-0.00230674
-0.00241763
-0.00249229
-0.00252902
-0.00252651
-0.00248386
-0.00240046
-0.00227604
-0.00211055
-0.00190421
-0.00165746
-0.00137092
-0.00104545
-0.000682061
-0.000281994
0.000153336
0.000622317
0.00112314
0.00165379
0.00221206
0.00279552
0.00340155
0.0040273
0.00466975
0.00532563
0.00599154
0.00666385
0.0073388
0.0080125
0.00868091
0.00933992
0.00998539
0.0106131
0.011219
0.0117988
0.0123488
0.0128649
0.0133438
0.0137819
0.0141764
0.0145245
0.014824
0.0150732
0.0152708
0.0154162
0.0155091
0.0155501
0.0155404
0.0154817
0.0153765
0.0152279
0.0150399
0.014817
0.0145642
0.0142875
0.0139933
0.0136886
0.0133809
0.0130782
0.0127888
0.0125211
0.0122836
0.0120845
0.0119318
0.0118361
0.0118042
0.0010119
0.000851558
0.000670078
0.000464577
0.000234279
-1.32235e-05
-0.000270401
-0.000530512
-0.00078719
-0.00103454
-0.00126724
-0.0014806
-0.00167054
-0.00183357
-0.00196674
-0.00206763
-0.00213427
-0.00216511
-0.00215897
-0.002115
-0.00203263
-0.00191158
-0.00175179
-0.00155343
-0.00131687
-0.00104266
-0.000731566
-0.000384519
-2.63685e-06
0.000412777
0.000860231
0.00133805
0.00184435
0.00237706
0.00293392
0.00351244
0.00410995
0.00472356
0.00535021
0.00598664
0.00662941
0.00727493
0.00791949
0.00855923
0.00919024
0.00980852
0.0104101
0.0109909
0.0115471
0.0120749
0.0125706
0.0130307
0.0134521
0.0138318
0.0141674
0.0144566
0.0146978
0.0148898
0.015032
0.0151241
0.0151667
0.0151609
0.0151083
0.0150113
0.014873
0.0146968
0.0144871
0.0142487
0.0139869
0.0137076
0.0134174
0.0131228
0.012831
0.0125493
0.0122851
0.0120457
0.0118382
0.0116697
0.0115456
0.0114682
0.00141928
0.00119297
0.000968365
0.000736223
0.000488421
0.000231098
-2.94503e-05
-0.000287966
-0.000539404
-0.00077899
-0.00100237
-0.00120565
-0.00138542
-0.00153874
-0.0016631
-0.00175642
-0.00181702
-0.00184355
-0.00183496
-0.00179051
-0.00170969
-0.00159224
-0.00143811
-0.00124743
-0.00102052
-0.000757889
-0.000460203
-0.000128307
0.000236785
0.000633881
0.00106161
0.00151842
0.00200256
0.00251212
0.00304495
0.00359873
0.00417094
0.00475885
0.00535954
0.00596991
0.0065867
0.00720646
0.00782563
0.00844053
0.00904737
0.00964232
0.0102215
0.0107811
0.0113173
0.0118264
0.0123049
0.0127494
0.0131569
0.0135244
0.0138495
0.0141302
0.0143647
0.014552
0.0146912
0.0147824
0.0148258
0.0148226
0.0147743
0.014683
0.0145518
0.0143838
0.014183
0.013954
0.0137017
0.0134316
0.0131493
0.0128611
0.0125733
0.0122923
0.0120244
0.011776
0.0115535
0.0113629
0.0112041
0.0110744
0.0018513
0.00155638
0.00128481
0.00102135
0.000750814
0.000478152
0.000208654
-5.3729e-05
-0.000305143
-0.000541838
-0.000760356
-0.000957581
-0.00113076
-0.00127749
-0.00139572
-0.00148376
-0.00154019
-0.00156391
-0.00155404
-0.00150996
-0.00143124
-0.00131768
-0.00116922
-0.000985993
-0.000768292
-0.000516558
-0.000231393
8.6447e-05
0.000436045
0.000816317
0.00122601
0.00166369
0.00212776
0.00261641
0.00312767
0.00365934
0.00420904
0.00477419
0.00535203
0.0059396
0.00653376
0.00713123
0.00772858
0.00832223
0.00890855
0.00948381
0.0100443
0.0105862
0.0111058
0.0115996
0.0120641
0.0124959
0.0128921
0.0132498
0.0135666
0.0138404
0.0140696
0.014253
0.0143898
0.0144799
0.0145237
0.014522
0.0144763
0.0143887
0.0142617
0.0140987
0.0139032
0.0136793
0.0134317
0.0131655
0.0128857
0.0125981
0.0123081
0.0120216
0.0117441
0.0114809
0.0112378
0.0110202
0.0108222
0.0106365
0.00229341
0.00192918
0.00160848
0.00131053
0.00101345
0.000721252
0.000438432
0.00016779
-8.78776e-05
-0.000325756
-0.000543215
-0.000737865
-0.000907583
-0.00105051
-0.00116505
-0.00124988
-0.0013039
-0.00132623
-0.0013162
-0.00127332
-0.00119728
-0.0010879
-0.000945187
-0.000769255
-0.000560372
-0.000318937
-4.54878e-05
0.000259301
0.000594606
0.00095945
0.00135269
0.00177303
0.00221897
0.00268885
0.00318084
0.00369287
0.00422272
0.00476792
0.00532585
0.00589368
0.00646841
0.00704688
0.00762576
0.0082016
0.00877085
0.00932989
0.00987504
0.0104026
0.010909
0.0113907
0.0118441
0.0122661
0.0126536
0.0130039
0.0133145
0.0135832
0.0138084
0.0139889
0.0141239
0.0142131
0.0142568
0.0142557
0.0142114
0.0141255
0.0140007
0.0138397
0.0136461
0.0134237
0.0131768
0.0129099
0.0126278
0.0123357
0.0120385
0.0117413
0.0114491
0.0111663
0.0108983
0.0106498
0.0104098
0.0101661
0.0027333
0.00230024
0.00192943
0.00159495
0.00126864
0.00095379
0.000654268
0.000371878
0.000108475
-0.000133965
-0.000353572
-0.000548636
-0.000717631
-0.000859217
-0.000972245
-0.00105576
-0.00110896
-0.00113125
-0.00112213
-0.00108126
-0.00100845
-0.000903585
-0.000766706
-0.000597945
-0.000397546
-0.000165871
9.66018e-05
0.000389273
0.000711411
0.00106214
0.00144043
0.00184509
0.00227476
0.00272792
0.00320284
0.0036976
0.0042101
0.00473803
0.00527886
0.00582989
0.00638824
0.00695085
0.00751449
0.0080758
0.0086313
0.00917745
0.00971061
0.0102272
0.0107235
0.0111961
0.0116415
0.0120565
0.0124379
0.0127831
0.0130894
0.0133548
0.0135775
0.0137562
0.01389
0.0139786
0.0140221
0.0140212
0.0139772
0.0138916
0.0137669
0.0136057
0.0134112
0.013187
0.0129371
0.0126657
0.0123772
0.0120762
0.0117673
0.0114552
0.0111439
0.0108376
0.0105413
0.0102591
0.00997523
0.00967296
0.00316044
0.00265974
0.00223865
0.00186645
0.0015091
0.00116935
0.000850569
0.000553705
0.000279779
3.0012e-05
-0.000194417
-0.000392429
-0.000563056
-0.000705451
-0.000818892
-0.000902784
-0.000956647
-0.000980108
-0.000972889
-0.000934804
-0.000865757
-0.000765736
-0.00063481
-0.000473127
-0.000280922
-5.85202e-05
0.000193656
0.000475077
0.000785099
0.00112294
0.00148769
0.00187827
0.00229344
0.0027318
0.00319174
0.0036715
0.00416907
0.00468227
0.00520869
0.00574574
0.00629063
0.0068404
0.0073919
0.00794184
0.00848681
0.00902328
0.00954767
0.0100564
0.0105458
0.0110123
0.0114526
0.0118633
0.0122413
0.0125837
0.012888
0.0131519
0.0133736
0.0135518
0.0136853
0.0137737
0.0138172
0.0138161
0.0137716
0.0136852
0.013559
0.0133955
0.0131978
0.0129691
0.0127131
0.0124338
0.0121353
0.0118218
0.0114975
0.0111666
0.0108329
0.0104998
0.0101723
0.00985448
0.0095255
0.00916486
0.00356571
0.00299895
0.00252795
0.00211748
0.00172796
0.00136175
0.00102183
0.000708413
0.000421769
0.000162447
-6.90038e-05
-0.000272082
-0.000446343
-0.000591402
-0.000706943
-0.00079272
-0.000848548
-0.0008743
-0.000869896
-0.000835303
-0.000770542
-0.000675678
-0.000550829
-0.000396159
-0.000211893
1.67667e-06
0.000244179
0.000515155
0.000814043
0.00114016
0.0014927
0.0018707
0.00227304
0.00269843
0.0031454
0.00361229
0.00409724
0.00459815
0.00511274
0.00563851
0.00617276
0.0067126
0.00725495
0.00779658
0.00833411
0.00886405
0.0093828
0.00988676
0.0103723
0.0108359
0.0112739
0.0116831
0.0120602
0.0124023
0.0127067
0.0129711
0.0131935
0.0133725
0.0135067
0.0135958
0.0136395
0.0136381
0.0135928
0.0135047
0.0133758
0.0132085
0.0130055
0.01277
0.0125054
0.0122154
0.0119038
0.0115745
0.0112316
0.0108788
0.0105197
0.0101573
0.00979642
0.00944127
0.00906655
0.00864805
0.00394113
0.00331007
0.00278988
0.00234104
0.00191875
0.00152506
0.00116269
0.000831157
0.000530102
0.00025946
1.92072e-05
-0.000190687
-0.000370262
-0.000519565
-0.000638664
-0.000727641
-0.000786597
-0.000815639
-0.000814878
-0.000784434
-0.000724439
-0.000635038
-0.000516393
-0.000368688
-0.000192137
1.2997e-05
0.000246396
0.00050767
0.000796338
0.00111182
0.0014534
0.00182023
0.00221131
0.00262548
0.00306138
0.00351746
0.00399197
0.00448294
0.00498816
0.00550525
0.00603156
0.00656429
0.0071004
0.00763669
0.00816982
0.00869627
0.00921248
0.00971478
0.0101995
0.010663
0.0111017
0.0115122
0.0118911
0.0122354
0.0125422
0.0128092
0.0130342
0.0132154
0.0133517
0.0134422
0.0134868
0.0134854
0.013439
0.0133488
0.0132164
0.013044
0.0128342
0.0125899
0.0123145
0.0120113
0.0116841
0.0113365
0.0109722
0.0105949
0.0102078
0.00981378
0.00941782
0.00902413
0.00860323
0.00812749
0.00427959
0.00358608
0.00301763
0.00253065
0.00207536
0.00165361
0.00126789
0.000917138
0.000600402
0.00031707
6.65961e-05
-0.000151538
-0.000337817
-0.000492695
-0.000616595
-0.000709912
-0.000773014
-0.000806232
-0.00080986
-0.000784163
-0.000729379
-0.000645728
-0.000533415
-0.000392641
-0.000223611
-2.65543e-05
0.000198263
0.000450518
0.000729814
0.00103566
0.00136745
0.00172445
0.00210577
0.00251036
0.00293699
0.00338421
0.00385039
0.00433365
0.00483189
0.00534278
0.00586378
0.00639212
0.0069248
0.00745866
0.00799034
0.00851634
0.00903304
0.00953673
0.0100237
0.0104902
0.0109325
0.0113471
0.0117305
0.0120796
0.0123913
0.012663
0.0128925
0.0130779
0.0132176
0.0133108
0.013357
0.0133562
0.0133089
0.0132163
0.0130798
0.0129014
0.0126836
0.0124291
0.0121411
0.0118228
0.0114777
0.0111094
0.0107215
0.0103174
0.00990024
0.0094728
0.00904022
0.00860693
0.00813954
0.00760708
0.00457466
0.00382055
0.00320491
0.00268025
0.00219205
0.00174197
0.00133236
0.000961627
0.000628288
0.000331229
6.94284e-05
-0.000158082
-0.000352203
-0.00051376
-0.000643511
-0.000742144
-0.000810276
-0.00084845
-0.000857131
-0.000836719
-0.000787553
-0.00070992
-0.000604067
-0.000470205
-0.000308527
-0.000119229
9.74768e-05
0.000341338
0.000612043
0.000909193
0.00123229
0.0015807
0.00195366
0.00235023
0.00276928
0.00320951
0.00366935
0.00414704
0.00464057
0.00514769
0.00566591
0.0061925
0.00672451
0.00725877
0.00779193
0.00832045
0.00884066
0.0093488
0.00984104
0.0103135
0.0107625
0.0111841
0.0115749
0.0119315
0.0122506
0.0125295
0.0127657
0.0129571
0.013102
0.0131993
0.0132482
0.0132487
0.0132011
0.0131062
0.0129654
0.0127805
0.0125539
0.012288
0.0119859
0.0116509
0.0112862
0.0108953
0.0104817
0.0100489
0.0095998
0.00913729
0.00866676
0.00819294
0.0076787
0.00708984
0.00482047
0.00400757
0.00334588
0.00278416
0.00226332
0.00178492
0.00135116
0.000959977
0.000609401
0.000297859
2.38905e-05
-0.000213889
-0.000416762
-0.000585904
-0.000722383
-0.000827158
-0.000901082
-0.000944892
-0.000959214
-0.000944572
-0.000901395
-0.000830034
-0.000730766
-0.00060381
-0.000449345
-0.000267526
-5.85094e-05
0.000177524
0.000440348
0.000729661
0.00104507
0.00138605
0.00175196
0.00214196
0.00255506
0.00299004
0.00344546
0.00391964
0.00441065
0.00491631
0.0054342
0.00596162
0.00649564
0.0070331
0.00757062
0.00810461
0.00863136
0.00914701
0.00964761
0.0101292
0.0105878
0.0110196
0.0114207
0.0117876
0.0121169
0.0124056
0.0126508
0.0128504
0.0130024
0.0131055
0.0131586
0.0131615
0.0131143
0.0130176
0.0128726
0.012681
0.012445
0.0121669
0.0118498
0.0114966
0.0111108
0.0106957
0.0102548
0.00979151
0.00930893
0.00880988
0.00830017
0.00778491
0.00722335
0.00657816
0.00501157
0.00414164
0.00343508
0.00283702
0.002284
0.00177746
0.0013195
0.000907631
0.000539419
0.00021287
-7.38835e-05
-0.000322613
-0.000534957
-0.000712416
-0.000856345
-0.00096796
-0.00104833
-0.00109836
-0.00111885
-0.00111041
-0.00107356
-0.00100871
-0.000916155
-0.000796117
-0.000648753
-0.000474175
-0.00027248
-4.37715e-05
0.000211812
0.000494071
0.000802714
0.00113734
0.00149741
0.00188222
0.00229087
0.00272226
0.00317506
0.00364767
0.00413826
0.00464471
0.00516465
0.00569541
0.00623407
0.00677747
0.0073222
0.00786462
0.00840094
0.00892718
0.0094393
0.00993316
0.0104046
0.0108496
0.0112642
0.0116445
0.0119868
0.012288
0.012545
0.0127552
0.0129166
0.0130273
0.0130864
0.013093
0.0130473
0.0129495
0.0128009
0.0126027
0.0123571
0.0120664
0.0117334
0.0113612
0.010953
0.0105123
0.0100426
0.00954741
0.00902986
0.00849291
0.00794282
0.00738518
0.00677565
0.00607384
0.00514287
0.00421759
0.00346735
0.00283376
0.0022491
0.00171476
0.00123273
0.00080012
0.000414065
7.21782e-05
-0.000227791
-0.000487974
-0.000710344
-0.000896701
-0.00104867
-0.00116771
-0.00125507
-0.00131185
-0.00133895
-0.00133711
-0.00130691
-0.0012488
-0.00116309
-0.00105
-0.000909659
-0.000742129
-0.000547443
-0.000325622
-7.6712e-05
0.000199191
0.000501908
0.000831152
0.0011865
0.00156737
0.00197299
0.00240235
0.00285424
0.00332714
0.00381932
0.00432871
0.00485299
0.00538953
0.00593542
0.00648748
0.00704225
0.00759605
0.00814497
0.00868495
0.00921177
0.00972115
0.0102088
0.0106703
0.0111015
0.0114984
0.0118569
0.0121737
0.0124453
0.0126689
0.012842
0.0129627
0.0130297
0.0130419
0.012999
0.0129014
0.0127498
0.0125455
0.0122905
0.011987
0.0116377
0.0112457
0.0108142
0.0103468
0.00984702
0.00931856
0.00876467
0.0081885
0.00759683
0.00699575
0.00633741
0.00557831
0.00520951
0.00423051
0.00343778
0.0027695
0.00215387
0.00159217
0.00108633
0.000633066
0.000229116
-0.000128284
-0.000441745
-0.000713738
-0.000946548
-0.00114226
-0.00130275
-0.00142969
-0.00152453
-0.00158849
-0.00162262
-0.00162773
-0.00160448
-0.00155333
-0.00147461
-0.00136853
-0.00123517
-0.00107455
-0.000886615
-0.000671314
-0.00042859
-0.00015843
0.000139102
0.000463841
0.000815487
0.00119358
0.00159746
0.00202624
0.00247882
0.00295378
0.00344945
0.00396384
0.00449469
0.00503939
0.00559504
0.00615843
0.00672606
0.00729419
0.00785879
0.00841568
0.00896049
0.00948872
0.00999586
0.0104773
0.0109287
0.0113455
0.0117237
0.0120592
0.0123486
0.0125885
0.0127763
0.0129096
0.0129868
0.0130066
0.0129684
0.0128724
0.012719
0.0125094
0.0122454
0.0119292
0.0115635
0.0111512
0.0106957
0.0102007
0.00966979
0.00910685
0.00851534
0.00789865
0.00726413
0.00661843
0.00591016
0.00509273
0.00520688
0.00417573
0.00334169
0.00263961
0.0019937
0.00140517
0.00087589
0.000402182
-1.95921e-05
-0.000392555
-0.000719658
-0.0010037
-0.00124725
-0.00145267
-0.00162206
-0.0017573
-0.00186001
-0.00193156
-0.00197309
-0.00198549
-0.00196946
-0.0019255
-0.00185394
-0.00175494
-0.00162857
-0.00147476
-0.0012934
-0.00108433
-0.000847389
-0.000582452
-0.000289462
3.15431e-05
0.00038039
0.000756745
0.00116008
0.00158963
0.00204438
0.00252304
0.00302402
0.0035454
0.00408496
0.00464013
0.00520801
0.00578537
0.00636868
0.00695408
0.00753747
0.0081145
0.00868064
0.0092312
0.0097614
0.0102664
0.0107415
0.011182
0.0115833
0.0119412
0.0122517
0.0125113
0.0127169
0.0128658
0.0129559
0.0129857
0.0129544
0.0128617
0.0127081
0.0124944
0.0122222
0.0118938
0.0115117
0.011079
0.0105991
0.0100757
0.00951269
0.00891416
0.00828379
0.00762526
0.00694652
0.00625487
0.0054953
0.00461807
0.00513052
0.00404876
0.00317458
0.0024396
0.00176417
0.00114941
0.000597123
0.00010327
-0.000336161
-0.000724633
-0.00106543
-0.00136165
-0.00161615
-0.00183154
-0.00201014
-0.00215402
-0.00226495
-0.00234444
-0.00239369
-0.0024137
-0.00240518
-0.00236865
-0.00230442
-0.00221265
-0.00209331
-0.00194629
-0.00177138
-0.00156833
-0.00133686
-0.00107673
-0.00078774
-0.000469811
-0.000122974
0.000252571
0.000656423
0.00108795
0.00154626
0.00203016
0.00253816
0.0030684
0.00361873
0.00418661
0.00476914
0.00536308
0.00596483
0.00657048
0.00717578
0.00777626
0.00836717
0.00894362
0.00950056
0.0100329
0.0105356
0.0110035
0.0114318
0.011816
0.0121515
0.0124344
0.0126612
0.012829
0.0129351
0.0129778
0.0129559
0.0128688
0.0127167
0.0125004
0.0122213
0.0118814
0.0114834
0.0110303
0.0105257
0.00997341
0.00937754
0.00874239
0.00807194
0.0073702
0.0066458
0.00590668
0.00509416
0.00415522
0.00497615
0.00384527
0.00293211
0.00216516
0.00146098
0.000820644
0.000245851
-0.00026778
-0.000724622
-0.00112847
-0.00148293
-0.00179138
-0.00205696
-0.00228252
-0.00247058
-0.00262338
-0.00274284
-0.00283057
-0.00288788
-0.00291579
-0.00291507
-0.00288623
-0.00282956
-0.00274516
-0.00263297
-0.00249278
-0.00232429
-0.00212713
-0.00190091
-0.00164527
-0.00135987
-0.00104448
-0.000698986
-0.000323455
8.18568e-05
0.000516454
0.000979565
0.00147012
0.00198672
0.0025276
0.00309066
0.00367341
0.00427295
0.00488602
0.00550899
0.00613784
0.00676822
0.00739548
0.0080147
0.00862073
0.00920826
0.00977189
0.0103062
0.0108057
0.0112653
0.0116797
0.0120443
0.0123546
0.0126066
0.0127969
0.0129225
0.0129814
0.0129718
0.012893
0.0127447
0.0125277
0.0122431
0.0118929
0.0114797
0.0110066
0.0104773
0.0098957
0.00926625
0.00859351
0.00788178
0.00713541
0.00636376
0.00557549
0.00470806
0.00370511
0.00473959
0.00356106
0.00261009
0.00181209
0.00107999
0.000414743
-0.000182005
-0.00071499
-0.00118894
-0.00160797
-0.00197599
-0.00229668
-0.00257341
-0.00280927
-0.00300698
-0.00316894
-0.0032972
-0.00339348
-0.00345915
-0.00349528
-0.00350266
-0.00348178
-0.00343292
-0.00335611
-0.00325123
-0.00311798
-0.00295595
-0.00276466
-0.0025436
-0.00229224
-0.00201013
-0.00169686
-0.00135219
-0.00097602
-0.00056845
-0.000129838
0.000339186
0.000837673
0.00136433
0.00191751
0.00249516
0.00309484
0.00371368
0.0043484
0.00499531
0.00565032
0.00630896
0.00696641
0.00761755
0.00825697
0.0088791
0.00947817
0.0100484
0.0105839
0.0110791
0.0115283
0.0119264
0.0122685
0.0125499
0.0127669
0.0129161
0.0129948
0.0130009
0.0129334
0.0127917
0.0125763
0.0122881
0.0119291
0.0115018
0.0110093
0.0104554
0.00984441
0.00918084
0.00846961
0.00771539
0.00692292
0.00610232
0.00526299
0.00433842
0.00326871
0.0044168
0.00319206
0.00220444
0.00137634
0.000617137
-7.23035e-05
-0.000690422
-0.0012423
-0.001733
-0.00216697
-0.00254842
-0.00288128
-0.00316919
-0.00341545
-0.00362297
-0.0037943
-0.00393161
-0.00403671
-0.00411104
-0.00415571
-0.0041715
-0.00415891
-0.00411814
-0.0040492
-0.00395186
-0.00382574
-0.00367031
-0.00348497
-0.00326906
-0.00302192
-0.00274292
-0.00243152
-0.00208728
-0.00170996
-0.00129948
-0.00085606
-0.000380167
0.000127387
0.000665436
0.00123243
0.00182641
0.00244498
0.00308531
0.00374412
0.00441767
0.0051018
0.0057919
0.00648299
0.00716974
0.0078465
0.00850735
0.00914621
0.00975686
0.0103331
0.0108686
0.0113575
0.011794
0.0121726
0.0124883
0.0127366
0.0129137
0.0130163
0.0130421
0.0129894
0.0128575
0.0126464
0.012357
0.011991
0.0115509
0.01104
0.0104621
0.00982162
0.0091235
0.00837296
0.00757506
0.00673494
0.00586356
0.00497109
0.00398683
0.00284718
0.00400381
0.00273433
0.00171121
0.000853965
6.85023e-05
-0.000644404
-0.00128328
-0.00185355
-0.00236063
-0.00280926
-0.00320394
-0.00354888
-0.00384797
-0.00410469
-0.00432215
-0.00450303
-0.00464963
-0.00476383
-0.00484713
-0.00490067
-0.00492521
-0.00492124
-0.00488891
-0.00482816
-0.00473867
-0.00461995
-0.00447136
-0.00429216
-0.00408153
-0.00383865
-0.00356274
-0.00325308
-0.00290905
-0.00253022
-0.00211636
-0.00166749
-0.00118393
-0.000666337
-0.000115733
0.000466455
0.00107836
0.00171767
0.0023816
0.00306686
0.00376969
0.00448585
0.00521062
0.00593885
0.00666499
0.00738312
0.00808702
0.00877021
0.00942606
0.0100479
0.010629
0.0111627
0.0116428
0.0120632
0.0124183
0.012703
0.0129129
0.0130442
0.013094
0.0130603
0.0129418
0.0127383
0.0124504
0.0120797
0.0116287
0.0111005
0.0104993
0.00982959
0.00909664
0.00830606
0.00746327
0.00657392
0.00564978
0.00470188
0.00365509
0.00244192
0.00349679
0.00218402
0.00112656
0.00024113
-0.000569736
-0.00130536
-0.00196437
-0.00255252
-0.00307556
-0.00353854
-0.00394624
-0.00430315
-0.00461337
-0.00488059
-0.00510809
-0.0052987
-0.00545481
-0.00557838
-0.00567097
-0.00573371
-0.00576737
-0.0057724
-0.00574891
-0.00569674
-0.00561549
-0.00550454
-0.00536311
-0.00519034
-0.00498523
-0.00474682
-0.00447411
-0.00416621
-0.00382233
-0.00344182
-0.00302426
-0.00256949
-0.00207765
-0.00154922
-0.000985062
-0.000386466
0.000244824
0.000906581
0.00159607
0.00231005
0.00304472
0.00379579
0.00455843
0.00532732
0.00609669
0.00686035
0.00761174
0.008344
0.00905006
0.00972272
0.0103547
0.0109389
0.0114683
0.0119362
0.0123364
0.0126631
0.0129112
0.0130765
0.0131553
0.0131451
0.0130443
0.0128521
0.012569
0.0121964
0.0117365
0.0111928
0.0105693
0.00987081
0.00910293
0.00827164
0.00738282
0.00644257
0.00546358
0.00445779
0.00334534
0.00205462
0.00289199
0.00153739
0.000446774
-0.000465884
-0.00130129
-0.00205888
-0.00273738
-0.00334288
-0.00388144
-0.00435844
-0.00477893
-0.00514765
-0.00546894
-0.00574668
-0.00598432
-0.00618481
-0.00635065
-0.00648387
-0.00658606
-0.00665836
-0.00670155
-0.00671601
-0.00670179
-0.00665865
-0.00658609
-0.00648336
-0.00634954
-0.00618361
-0.00598441
-0.00575078
-0.00548155
-0.00517561
-0.00483197
-0.00444978
-0.00402841
-0.00356748
-0.00306693
-0.00252705
-0.00194853
-0.00133249
-0.000680537
5.21462e-06
0.000722112
0.00146694
0.00223593
0.00302472
0.00382839
0.00464147
0.00545796
0.00627139
0.00707487
0.00786113
0.00862263
0.00935165
0.0100403
0.0106809
0.0112657
0.0117873
0.0122388
0.0126137
0.0129061
0.0131112
0.0132246
0.0132431
0.0131647
0.0129883
0.0127138
0.0123424
0.0118764
0.0113191
0.0106746
0.00994805
0.00914532
0.0082728
0.00733681
0.00634397
0.00530795
0.00424158
0.00306005
0.00168736
0.00218579
0.000790828
-0.000331776
-0.00127069
-0.00212977
-0.00290857
-0.0036059
-0.00422819
-0.00478184
-0.00527251
-0.00570553
-0.0060859
-0.00641818
-0.00670644
-0.00695429
-0.0071648
-0.00734058
-0.00748372
-0.00759584
-0.00767809
-0.00773122
-0.00775556
-0.00775111
-0.00771753
-0.00765418
-0.00756021
-0.00743455
-0.00727598
-0.0070832
-0.00685483
-0.0065895
-0.0062859
-0.00594279
-0.00555911
-0.005134
-0.00466685
-0.00415737
-0.00360564
-0.00301214
-0.00237782
-0.00170411
-0.000992995
-0.000247017
0.000530678
0.00133633
0.00216556
0.00301337
0.00387413
0.00474165
0.00560918
0.00646946
0.00731482
0.00813723
0.0089284
0.00967988
0.0103832
0.0110299
0.011612
0.0121215
0.0125513
0.0128947
0.013146
0.0133001
0.0133534
0.0133029
0.013147
0.0128856
0.0125192
0.0120502
0.0114817
0.010818
0.0100644
0.00922713
0.00831299
0.00732877
0.00628163
0.00518626
0.00405648
0.00280215
0.00134264
0.00137465
-5.918e-05
-0.00121259
-0.00217679
-0.00305868
-0.00385791
-0.00457342
-0.00521195
-0.00578023
-0.0062842
-0.00672949
-0.00712132
-0.00746448
-0.00776324
-0.00802135
-0.00824202
-0.00842794
-0.00858127
-0.00870364
-0.00879623
-0.00885974
-0.00889447
-0.00890032
-0.00887686
-0.00882334
-0.00873876
-0.00862189
-0.00847135
-0.00828562
-0.00806313
-0.00780229
-0.00750155
-0.00715945
-0.00677467
-0.00634609
-0.00587287
-0.00535446
-0.00479071
-0.00418185
-0.00352863
-0.00283229
-0.00209464
-0.00131809
-0.0005057
0.000338825
0.0012111
0.00210607
0.00301798
0.00394043
0.00486641
0.00578831
0.00669803
0.00758703
0.00844643
0.00926713
0.0100399
0.0107556
0.0114053
0.0119802
0.0124723
0.0128739
0.0131786
0.0133804
0.0134748
0.0134584
0.0133289
0.0130854
0.0127286
0.0122602
0.0116834
0.0110026
0.0102234
0.00935209
0.0083961
0.00736267
0.00625951
0.00510239
0.0039062
0.0025751
0.0010235
0.000455197
-0.00101602
-0.00219906
-0.00318758
-0.0040914
-0.0049103
-0.00564332
-0.00629753
-0.00687997
-0.00739687
-0.00785412
-0.0082572
-0.00861112
-0.00892033
-0.00918874
-0.00941968
-0.00961593
-0.00977969
-0.00991265
-0.010016
-0.0100903
-0.0101359
-0.0101527
-0.01014
-0.010097
-0.0100225
-0.00991515
-0.00977338
-0.00959548
-0.00937964
-0.00912403
-0.00882687
-0.00848643
-0.00810113
-0.00766959
-0.00719068
-0.00666357
-0.00608785
-0.0054635
-0.004791
-0.00407138
-0.00330625
-0.00249786
-0.00164913
-0.000763695
0.000154084
0.00109911
0.00206554
0.00304681
0.00403561
0.00502402
0.00600348
0.00696493
0.0078989
0.00879558
0.00964501
0.0104372
0.0111621
0.0118103
0.0123726
0.0128405
0.0132064
0.0134636
0.0136066
0.013631
0.0135342
0.0133145
0.0129722
0.0125087
0.0119272
0.011232
0.0104288
0.00952435
0.0085265
0.00744299
0.00628212
0.00506081
0.00379504
0.00238292
0.00073359
-0.000575845
-0.00208296
-0.00329444
-0.00430632
-0.00523122
-0.00606903
-0.0068189
-0.00748821
-0.00808432
-0.00861375
-0.00908265
-0.00949675
-0.00986128
-0.0101809
-0.0104596
-0.0107009
-0.0109076
-0.011082
-0.0112259
-0.0113403
-0.011426
-0.011483
-0.0115112
-0.01151
-0.0114782
-0.0114146
-0.0113176
-0.0111855
-0.0110163
-0.010808
-0.0105586
-0.0102659
-0.00992794
-0.00954292
-0.00910912
-0.00862512
-0.0080898
-0.00750242
-0.00686268
-0.00617078
-0.0054275
-0.0046342
-0.00379292
-0.00290645
-0.00197828
-0.00101272
-1.4865e-05
0.00100936
0.00205322
0.0031092
0.00416903
0.00522371
0.00626366
0.00727876
0.00825849
0.00919205
0.0100685
0.0108771
0.0116071
0.0122482
0.0127911
0.0132268
0.0135478
0.0137474
0.0138206
0.0137635
0.0135742
0.0132522
0.0127986
0.0122164
0.0115099
0.0106849
0.00974861
0.00870914
0.00757483
0.0063546
0.00506659
0.00372795
0.0022303
0.000477197
-0.0017216
-0.00326312
-0.00450189
-0.00553619
-0.00648131
-0.00733727
-0.00810332
-0.00878716
-0.00939644
-0.00993798
-0.0104182
-0.010843
-0.011218
-0.0115478
-0.0118368
-0.0120884
-0.0123058
-0.0124911
-0.0126461
-0.012772
-0.0128694
-0.0129384
-0.0129788
-0.0129896
-0.0129698
-0.0129179
-0.0128322
-0.0127107
-0.0125513
-0.0123516
-0.0121093
-0.0118222
-0.0114878
-0.0111041
-0.0106689
-0.0101807
-0.00963787
-0.0090394
-0.00838465
-0.00767352
-0.00690646
-0.00608458
-0.00520966
-0.00428428
-0.00331178
-0.00229638
-0.00124313
-0.000158004
0.000952155
0.0020796
0.00321575
0.00435118
0.00547578
0.00657879
0.00764891
0.0086745
0.0096437
0.0105446
0.0113654
0.0120948
0.012722
0.013237
0.013631
0.0138963
0.0140267
0.0140175
0.013866
0.0135708
0.0131329
0.0125548
0.0118407
0.0109967
0.0100301
0.00894956
0.00776394
0.00648279
0.00512556
0.00371064
0.00212272
0.00025939
-0.00298503
-0.00455951
-0.00582444
-0.00688022
-0.00784473
-0.0087181
-0.00949967
-0.0101974
-0.0108194
-0.0113726
-0.0118637
-0.012299
-0.0126841
-0.013024
-0.0133231
-0.0135851
-0.0138131
-0.0140094
-0.0141758
-0.0143135
-0.0144231
-0.0145046
-0.0145576
-0.0145813
-0.0145743
-0.0145351
-0.0144616
-0.0143517
-0.0142031
-0.0140132
-0.0137793
-0.0134989
-0.0131693
-0.0127881
-0.0123528
-0.0118614
-0.011312
-0.0107033
-0.0100342
-0.00930431
-0.00851367
-0.00766308
-0.00675406
-0.0057889
-0.00477077
-0.00370372
-0.00259273
-0.00144377
-0.00026378
0.000939319
0.00215664
0.00337837
0.00459386
0.00579169
0.0069598
0.00808564
0.00915631
0.0101588
0.0110802
0.0119078
0.0126295
0.013234
0.0137112
0.0140521
0.0142492
0.014297
0.0141914
0.0139307
0.013515
0.0129465
0.0122293
0.0113695
0.0103747
0.00925401
0.00801679
0.00667329
0.00524434
0.00374962
0.00206646
8.60824e-05
-0.00436895
-0.00597499
-0.00726497
-0.00834135
-0.00932445
-0.0102145
-0.0110109
-0.011722
-0.0123561
-0.0129204
-0.013422
-0.0138674
-0.0142623
-0.014612
-0.0149211
-0.0151933
-0.0154319
-0.0156393
-0.0158173
-0.015967
-0.0160891
-0.0161836
-0.0162499
-0.0162871
-0.0162937
-0.0162679
-0.0162077
-0.0161106
-0.015974
-0.0157951
-0.015571
-0.0152987
-0.0149753
-0.0145979
-0.0141638
-0.0136706
-0.013116
-0.0124981
-0.0118156
-0.0110677
-0.0102539
-0.00937484
-0.00843157
-0.0074261
-0.00636133
-0.00524111
-0.00407032
-0.00285485
-0.00160169
-0.000318911
0.000984341
0.00229788
0.00361053
0.00491022
0.0061841
0.00741868
0.00860001
0.00971389
0.0107461
0.0116825
0.0125097
0.0132149
0.0137863
0.0142136
0.0144881
0.0146026
0.0145524
0.0143346
0.0139485
0.0133961
0.012681
0.0118094
0.010789
0.00962949
0.00834069
0.00693359
0.00543045
0.00385236
0.00206876
-3.58667e-05
-0.00587602
-0.00751227
-0.00882628
-0.00992241
-0.0109233
-0.0118293
-0.01264
-0.0133638
-0.0140094
-0.0145844
-0.0150959
-0.0155508
-0.0159552
-0.0163143
-0.0166331
-0.0169153
-0.0171644
-0.0173828
-0.0175723
-0.0177343
-0.0178692
-0.017977
-0.0180571
-0.0181084
-0.0181294
-0.018118
-0.0180721
-0.0179889
-0.0178655
-0.017699
-0.017486
-0.0172234
-0.0169077
-0.0165358
-0.0161045
-0.015611
-0.0150525
-0.0144269
-0.0137323
-0.0129674
-0.0121314
-0.0112243
-0.010247
-0.00920099
-0.00808892
-0.00691437
-0.00568201
-0.00439764
-0.00306824
-0.00170196
-0.000308182
0.00110257
0.00251862
0.00392726
0.00531485
0.00666692
0.00796843
0.00920391
0.0103577
0.0114144
0.0123588
0.0131765
0.0138542
0.0143798
0.0147431
0.0149356
0.0149511
0.0147857
0.0144378
0.0139087
0.0132018
0.012323
0.0112804
0.0100839
0.00874386
0.00727211
0.0056924
0.00402733
0.0021379
-9.85457e-05
-0.00750872
-0.00917396
-0.010511
-0.0116261
-0.0126441
-0.0135654
-0.0143896
-0.0151255
-0.015782
-0.016367
-0.0168879
-0.0173519
-0.017765
-0.0181332
-0.0184611
-0.018753
-0.0190122
-0.0192414
-0.0194424
-0.0196166
-0.0197644
-0.0198858
-0.0199801
-0.0200462
-0.0200822
-0.0200861
-0.0200554
-0.0199873
-0.0198785
-0.0197257
-0.0195254
-0.019274
-0.0189678
-0.018603
-0.0181763
-0.0176843
-0.0171238
-0.0164921
-0.0157869
-0.0150063
-0.0141492
-0.013215
-0.0122042
-0.0111179
-0.00995822
-0.00872853
-0.0074332
-0.00607788
-0.00466946
-0.00321615
-0.00172746
-0.000214256
0.00131135
0.00283603
0.00434533
0.00582383
0.00725533
0.00862305
0.0099099
0.0110988
0.0121728
0.0131159
0.0139128
0.0145497
0.0150145
0.0152972
0.0153899
0.0152875
0.0149875
0.0144901
0.0137984
0.012918
0.0118571
0.0106259
0.00923553
0.00769836
0.00603984
0.00428415
0.00228333
-9.28747e-05
-0.00926936
-0.0109625
-0.0123218
-0.0134551
-0.0144896
-0.0154254
-0.0162625
-0.0170098
-0.0176766
-0.0182709
-0.0188005
-0.0192727
-0.0196941
-0.0200705
-0.020407
-0.0207079
-0.0209768
-0.0212164
-0.0214286
-0.0216148
-0.0217756
-0.0219107
-0.0220195
-0.0221006
-0.0221523
-0.0221723
-0.0221578
-0.0221058
-0.0220128
-0.0218753
-0.0216892
-0.0214507
-0.0211557
-0.0208001
-0.0203799
-0.0198913
-0.0193307
-0.0186948
-0.0179808
-0.0171863
-0.0163095
-0.0153495
-0.0143061
-0.01318
-0.0119729
-0.0106876
-0.00932836
-0.00790042
-0.00641058
-0.00486701
-0.00327934
-0.00165865
-1.74938e-05
0.00163022
0.00326925
0.00488322
0.00645475
0.00796569
0.00939741
0.0107311
0.011948
0.0130301
0.0139602
0.0147224
0.0153026
0.0156888
0.0158716
0.0158442
0.0156028
0.0151467
0.0144782
0.0136026
0.0125282
0.0112655
0.00982601
0.008223
0.00648362
0.00463371
0.00251578
-8.47931e-06
-0.0111601
-0.0128802
-0.014261
-0.0154121
-0.0164623
-0.0174122
-0.0182615
-0.0190195
-0.0196957
-0.0202985
-0.0208359
-0.0213155
-0.0217442
-0.0221279
-0.0224722
-0.0227813
-0.0230591
-0.0233085
-0.0235314
-0.0237293
-0.0239026
-0.0240514
-0.0241747
-0.0242713
-0.0243391
-0.0243758
-0.0243784
-0.0243435
-0.0242676
-0.0241467
-0.0239765
-0.0237527
-0.0234707
-0.0231262
-0.0227146
-0.0222316
-0.021673
-0.0210351
-0.0203144
-0.0195079
-0.0186133
-0.0176291
-0.0165544
-0.0153894
-0.0141354
-0.0127946
-0.0113708
-0.00986901
-0.00829576
-0.00665911
-0.00496871
-0.00323584
-0.00147338
0.000304197
0.00208092
0.00383944
0.00556118
0.00722661
0.00881547
0.0103071
0.0116809
0.0129166
0.0139948
0.0148973
0.0156079
0.0161125
0.0163994
0.0164602
0.0162895
0.0158854
0.0152494
0.0143862
0.013304
0.0120135
0.0105269
0.00885804
0.00703595
0.00508829
0.00284739
0.000166449
-0.0131829
-0.0149294
-0.0163312
-0.0174994
-0.0185649
-0.0195282
-0.0203891
-0.0211571
-0.0218418
-0.0224522
-0.0229964
-0.0234823
-0.0239171
-0.0243071
-0.0246579
-0.0249742
-0.0252599
-0.025518
-0.0257508
-0.0259596
-0.026145
-0.0263071
-0.0264448
-0.0265568
-0.026641
-0.0266949
-0.0267152
-0.0266985
-0.0266408
-0.0265379
-0.026385
-0.0261776
-0.0259107
-0.0255793
-0.0251785
-0.0247033
-0.0241492
-0.0235116
-0.0227865
-0.0219703
-0.0210601
-0.0200536
-0.0189493
-0.0177468
-0.0164467
-0.0150509
-0.0135625
-0.0119861
-0.0103279
-0.00859577
-0.00679933
-0.00494994
-0.00306075
-0.00114671
0.00077549
0.00268758
0.0045698
0.00640118
0.00815979
0.00982309
0.0113683
0.0127729
0.0140151
0.0150742
0.0159315
0.0165704
0.016977
0.0171407
0.0170543
0.0167143
0.0161213
0.0152792
0.0141959
0.0128824
0.0113511
0.00961688
0.00771057
0.00566172
0.00329189
0.000445303
-0.0153398
-0.0171121
-0.0185346
-0.0197198
-0.0208002
-0.0217763
-0.022648
-0.0234251
-0.0241175
-0.0247343
-0.025284
-0.0257749
-0.0262143
-0.026609
-0.0269649
-0.0272869
-0.027579
-0.0278447
-0.0280861
-0.0283048
-0.0285015
-0.0286761
-0.0288278
-0.028955
-0.0290557
-0.0291269
-0.0291656
-0.0291677
-0.0291293
-0.0290455
-0.0289116
-0.0287223
-0.0284723
-0.0281561
-0.0277683
-0.0273034
-0.0267561
-0.0261214
-0.0253945
-0.0245711
-0.0236477
-0.0226211
-0.0214893
-0.0202511
-0.0189064
-0.0174564
-0.0159037
-0.0142524
-0.0125083
-0.0106788
-0.00877352
-0.00680371
-0.00478276
-0.00272602
-0.000650804
0.00142372
0.00347663
0.00548553
0.00742676
0.0092758
0.0110076
0.0125973
0.0140203
0.0152534
0.0162748
0.0170654
0.0176086
0.0178913
0.0179042
0.0176421
0.017104
0.016293
0.0152166
0.0138856
0.0123131
0.0105146
0.00852285
0.00636955
0.00386475
0.000843232
-0.0176323
-0.0194307
-0.0208738
-0.0220757
-0.0231707
-0.0241592
-0.0250411
-0.0258264
-0.0265252
-0.027147
-0.0277007
-0.0281948
-0.0286372
-0.0290347
-0.0293938
-0.0297195
-0.0300163
-0.0302876
-0.0305361
-0.0307632
-0.0309699
-0.0311561
-0.0313209
-0.0314628
-0.0315795
-0.0316682
-0.0317253
-0.0317469
-0.0317284
-0.031665
-0.0315513
-0.0313818
-0.0311506
-0.0308517
-0.0304792
-0.030027
-0.0294892
-0.02886
-0.028134
-0.0273062
-0.0263722
-0.0253281
-0.0241712
-0.0228994
-0.0215119
-0.0200092
-0.0183931
-0.0166671
-0.0148365
-0.0129084
-0.0108919
-0.00879829
-0.00664104
-0.00443578
-0.00220036
4.5204e-05
0.00227889
0.00447686
0.00661373
0.0086629
0.010597
0.0123886
0.0140102
0.0154355
0.01664
0.017601
0.0182993
0.0187188
0.0188478
0.0186787
0.018209
0.0174406
0.0163801
0.0150386
0.0134291
0.0115679
0.00949004
0.00722923
0.00458339
0.00137732
-0.0200624
-0.0218871
-0.0233512
-0.0245699
-0.0256794
-0.0266799
-0.0275712
-0.0283636
-0.0290675
-0.0296927
-0.0302485
-0.0307437
-0.0311867
-0.0315848
-0.0319445
-0.0322716
-0.0325707
-0.0328455
-0.0330988
-0.0333324
-0.0335473
-0.0337435
-0.0339201
-0.0340757
-0.0342079
-0.0343136
-0.0343892
-0.0344305
-0.0344326
-0.0343904
-0.0342981
-0.0341498
-0.0339391
-0.0336596
-0.0333047
-0.0328676
-0.0323418
-0.0317209
-0.0309987
-0.0301693
-0.0292277
-0.028169
-0.0269897
-0.0256868
-0.0242587
-0.022705
-0.0210268
-0.019227
-0.01731
-0.0152824
-0.013153
-0.0109329
-0.00863535
-0.00627625
-0.00387391
-0.00144907
0.000975207
0.00337368
0.00571922
0.00798316
0.0101357
0.0121465
0.0139853
0.0156224
0.0170298
0.0181816
0.0190549
0.0196307
0.0198941
0.0198351
0.0194489
0.0187361
0.0177023
0.0163581
0.0147169
0.0127956
0.0106314
0.0082603
0.00546732
0.0020668
-0.0226316
-0.0244837
-0.0259694
-0.0272053
-0.0283292
-0.0293413
-0.0302413
-0.0310396
-0.031747
-0.0323736
-0.0329292
-0.033423
-0.0338638
-0.0342595
-0.034617
-0.0349424
-0.0352407
-0.0355161
-0.0357715
-0.0360091
-0.0362298
-0.036434
-0.0366207
-0.0367885
-0.036935
-0.037057
-0.0371506
-0.0372115
-0.0372345
-0.0372141
-0.0371442
-0.0370184
-0.0368299
-0.0365716
-0.0362363
-0.0358167
-0.0353057
-0.0346958
-0.0339803
-0.0331524
-0.0322062
-0.031136
-0.0299372
-0.028606
-0.0271399
-0.0255376
-0.0237992
-0.0219267
-0.0199239
-0.0177967
-0.0155534
-0.0132045
-0.0107633
-0.00824567
-0.00567023
-0.00305834
-0.000434041
0.00217611
0.00474328
0.00723667
0.009624
0.011872
0.0139472
0.0158165
0.0174481
0.0188123
0.0198824
0.0206355
0.0210536
0.0211235
0.0208379
0.0201954
0.0192005
0.0178631
0.0161966
0.0142186
0.0119685
0.00948464
0.00653845
0.00293328
-0.0253417
-0.0272228
-0.0287314
-0.0299851
-0.0311237
-0.032147
-0.0330548
-0.0338576
-0.0345666
-0.0351922
-0.0357448
-0.036234
-0.0366693
-0.0370589
-0.0374104
-0.0377303
-0.0380243
-0.0382966
-0.0385507
-0.0387889
-0.0390126
-0.0392221
-0.0394166
-0.0395946
-0.0397537
-0.0398907
-0.0400015
-0.0400815
-0.0401253
-0.0401271
-0.0400802
-0.0399779
-0.0398129
-0.0395775
-0.0392639
-0.0388642
-0.0383703
-0.0377743
-0.0370684
-0.0362451
-0.0352975
-0.0342189
-0.0330039
-0.0316476
-0.0301464
-0.028498
-0.0267016
-0.0247582
-0.0226708
-0.0204445
-0.0180867
-0.0156076
-0.01302
-0.0103398
-0.00758576
-0.00477966
-0.0019464
0.000886227
0.00368773
0.00642523
0.00906389
0.0115675
0.0138991
0.0160219
0.0179
0.0194996
0.0207897
0.0217432
0.0223381
0.0225577
0.0223917
0.0218363
0.0208942
0.0195746
0.0178906
0.0158603
0.0135254
0.0109267
0.00782129
0.00400096
-0.0281945
-0.0301072
-0.0316403
-0.0329128
-0.0340665
-0.0351008
-0.0360154
-0.036821
-0.0375293
-0.0381511
-0.0386972
-0.039178
-0.0396035
-0.0399827
-0.0403237
-0.0406336
-0.0409186
-0.0411834
-0.041432
-0.0416669
-0.0418898
-0.0421012
-0.0423004
-0.0424861
-0.0426557
-0.0428059
-0.0429325
-0.0430307
-0.0430948
-0.0431185
-0.043095
-0.043017
-0.0428765
-0.0426654
-0.0423754
-0.0419976
-0.0415233
-0.0409438
-0.0402505
-0.0394348
-0.038489
-0.0374054
-0.0361774
-0.0347992
-0.0332661
-0.0315746
-0.0297229
-0.027711
-0.0255406
-0.0232161
-0.020744
-0.0181339
-0.015398
-0.0125519
-0.00961438
-0.00660756
-0.00355702
-0.000491627
0.00255656
0.00555261
0.00845915
0.0112369
0.0138454
0.0162438
0.0183919
0.0202513
0.0217863
0.022965
0.0237609
0.0241532
0.024128
0.0236783
0.022805
0.0215159
0.0198236
0.0177465
0.0153288
0.0126138
0.00934325
0.00529696
-0.0311923
-0.0331399
-0.0346999
-0.0359926
-0.0371619
-0.038207
-0.0391273
-0.0399338
-0.0406385
-0.0412529
-0.0417884
-0.0422562
-0.0426669
-0.0430304
-0.0433554
-0.0436497
-0.0439202
-0.0441722
-0.0444101
-0.0446369
-0.0448544
-0.0450635
-0.0452638
-0.0454538
-0.045631
-0.045792
-0.0459325
-0.0460474
-0.0461308
-0.046176
-0.0461758
-0.0461223
-0.0460072
-0.0458216
-0.0455566
-0.0452026
-0.0447501
-0.0441897
-0.0435116
-0.0427066
-0.0417657
-0.0406804
-0.0394429
-0.0380462
-0.0364845
-0.0347531
-0.0328491
-0.0307712
-0.0285201
-0.0260989
-0.0235134
-0.020772
-0.0178866
-0.0148721
-0.011747
-0.00853375
-0.0052583
-0.00195049
0.0013562
0.0046249
0.00781573
0.0108863
0.0137925
0.0164894
0.018932
0.021077
0.0228833
0.024314
0.0253372
0.0259273
0.0260662
0.0257434
0.024957
0.023713
0.0220233
0.0199064
0.0174087
0.0145764
0.011135
0.00685164
-0.0343375
-0.0363245
-0.0379145
-0.0392293
-0.0404152
-0.0414708
-0.0423954
-0.0432004
-0.0438982
-0.0445009
-0.0450208
-0.04547
-0.0458598
-0.046201
-0.0465034
-0.0467756
-0.047025
-0.0472577
-0.0474787
-0.0476915
-0.0478983
-0.0481001
-0.0482968
-0.048487
-0.0486683
-0.0488371
-0.048989
-0.0491186
-0.0492198
-0.0492855
-0.049308
-0.049279
-0.0491895
-0.0490303
-0.0487914
-0.0484628
-0.0480341
-0.0474949
-0.0468346
-0.0460431
-0.0451102
-0.0440264
-0.0427827
-0.041371
-0.0397842
-0.0380164
-0.0360632
-0.0339223
-0.031593
-0.0290772
-0.0263796
-0.0235076
-0.020472
-0.0172872
-0.0139714
-0.0105468
-0.00703959
-0.00348046
9.59349e-05
0.0036509
0.00714211
0.0105242
0.0137492
0.0167678
0.0195303
0.0219878
0.0240937
0.0258049
0.0270839
0.0278994
0.0282283
0.0280559
0.0273767
0.0261947
0.0245204
0.022372
0.0197985
0.0168485
0.0132306
0.00869887
-0.0376333
-0.0396654
-0.0412894
-0.0426287
-0.0438322
-0.0448981
-0.0458254
-0.046626
-0.0473127
-0.0478986
-0.0483969
-0.0488205
-0.0491821
-0.0494934
-0.0497653
-0.0500074
-0.0502279
-0.0504337
-0.0506305
-0.0508223
-0.0510119
-0.0512005
-0.0513882
-0.0515738
-0.0517548
-0.0519276
-0.0520877
-0.0522295
-0.0523463
-0.0524309
-0.0524752
-0.0524701
-0.0524063
-0.0522737
-0.0520619
-0.0517599
-0.0513565
-0.0508404
-0.0502003
-0.0494248
-0.0485028
-0.0474235
-0.0461769
-0.0447535
-0.043145
-0.0413442
-0.0393453
-0.0371445
-0.0347399
-0.032132
-0.0293241
-0.0263225
-0.0231369
-0.0197809
-0.0162719
-0.0126318
-0.00888694
-0.00506838
-0.00121185
0.00264236
0.00644963
0.0101615
0.0137265
0.0170908
0.0201993
0.0229975
0.0254325
0.0274549
0.0290203
0.0300914
0.0306388
0.0306429
0.0300941
0.0289932
0.0273491
0.0251795
0.0225353
0.0194681
0.0156684
0.0108765
-0.0410833
-0.043168
-0.044831
-0.0461978
-0.0474202
-0.0484961
-0.0494242
-0.0502167
-0.0508873
-0.0514501
-0.0519193
-0.0523093
-0.0526339
-0.0529062
-0.0531382
-0.0533407
-0.0535231
-0.0536931
-0.0538571
-0.0540199
-0.0541846
-0.054353
-0.0545253
-0.0547005
-0.0548761
-0.0550485
-0.0552129
-0.0553635
-0.0554934
-0.0555949
-0.0556592
-0.0556771
-0.0556384
-0.0555325
-0.055348
-0.0550733
-0.0546965
-0.0542052
-0.0535871
-0.0528299
-0.0519212
-0.0508493
-0.0496028
-0.048171
-0.0465441
-0.0447136
-0.0426724
-0.040415
-0.0379382
-0.0352409
-0.032325
-0.0291954
-0.0258606
-0.022333
-0.0186292
-0.0147704
-0.0107828
-0.00669761
-0.00255133
0.00161436
0.00575277
0.00981262
0.0137386
0.0174725
0.0209539
0.0241221
0.0269174
0.0292834
0.0311683
0.0325275
0.0333249
0.0335346
0.0331421
0.0321443
0.0305476
0.0283687
0.0256607
0.0224776
0.018491
0.0134268
-0.0446924
-0.0468388
-0.048547
-0.0499449
-0.051188
-0.0522734
-0.0531997
-0.0539797
-0.0546281
-0.0551601
-0.0555914
-0.0559378
-0.056215
-0.0564373
-0.0566185
-0.0567704
-0.0569039
-0.0570276
-0.0571489
-0.0572732
-0.0574043
-0.0575444
-0.0576939
-0.057852
-0.0580163
-0.058183
-0.0583472
-0.0585028
-0.0586425
-0.0587581
-0.0588405
-0.0588797
-0.0588651
-0.0587852
-0.058628
-0.0583811
-0.0580315
-0.0575661
-0.0569716
-0.0562344
-0.0553413
-0.0542792
-0.0530355
-0.0515981
-0.049956
-0.0480991
-0.0460188
-0.0437082
-0.0411622
-0.0383785
-0.0353571
-0.0321016
-0.0286188
-0.0249199
-0.0210204
-0.0169405
-0.0127059
-0.0083478
-0.00390307
0.00058552
0.00506946
0.0094948
0.0138027
0.0179303
0.0218119
0.0253803
0.0285687
0.0313127
0.0335526
0.0352354
0.0363171
0.0367647
0.0365575
0.0356877
0.0341583
0.0319845
0.0292208
0.0259243
0.021746
0.016397
-0.0484669
-0.0506862
-0.0524472
-0.0538806
-0.0551461
-0.0562403
-0.0571616
-0.0579235
-0.0585421
-0.059034
-0.0594167
-0.059708
-0.0599252
-0.0600848
-0.060202
-0.0602906
-0.0603625
-0.0604278
-0.0604949
-0.0605699
-0.0606574
-0.0607599
-0.0608783
-0.0610118
-0.0611579
-0.0613129
-0.0614716
-0.0616275
-0.0617731
-0.0618997
-0.0619975
-0.0620561
-0.0620639
-0.062009
-0.0618786
-0.0616592
-0.0613372
-0.0608983
-0.0603283
-0.0596126
-0.0587367
-0.0576864
-0.0564478
-0.0550074
-0.0533529
-0.0514725
-0.0493562
-0.0469954
-0.0443834
-0.0415162
-0.038392
-0.0350128
-0.0313837
-0.0275143
-0.0234187
-0.0191161
-0.0146312
-0.0099948
-0.00524383
-0.000421809
0.00442126
0.00922906
0.0139394
0.0184849
0.0227945
0.0267942
0.0304097
0.0335681
0.0362008
0.0382455
0.0396493
0.0403706
0.0403813
0.0396677
0.0382285
0.0360765
0.0332675
0.0298611
0.0254866
0.0198397
-0.0524146
-0.0547205
-0.0565436
-0.0580174
-0.0593074
-0.0604093
-0.0613214
-0.0620584
-0.0626379
-0.0630784
-0.0633996
-0.0636217
-0.0637642
-0.0638458
-0.063884
-0.0638942
-0.0638901
-0.0638832
-0.0638829
-0.0638964
-0.0639289
-0.0639834
-0.0640612
-0.0641614
-0.0642818
-0.0644183
-0.0645655
-0.0647166
-0.0648637
-0.0649974
-0.0651075
-0.0651827
-0.0652111
-0.0651796
-0.0650748
-0.0648823
-0.0645876
-0.0641755
-0.0636305
-0.0629371
-0.0620796
-0.0610426
-0.0598108
-0.0583695
-0.0567047
-0.0548034
-0.0526538
-0.0502456
-0.0475706
-0.0446226
-0.0413984
-0.0378978
-0.0341243
-0.0300856
-0.0257942
-0.0212678
-0.01653
-0.0116107
-0.00654657
-0.00138147
0.00383353
0.00904006
0.0141729
0.0191604
0.0239259
0.0283889
0.0324669
0.0360782
0.0391442
0.0415924
0.0433594
0.0443939
0.044659
0.0441337
0.0428111
0.0407005
0.0378586
0.0343471
0.0297723
0.0238137
-0.0565457
-0.0589549
-0.0608509
-0.0623712
-0.0636878
-0.0647956
-0.0656932
-0.0663966
-0.0669254
-0.0673007
-0.067545
-0.0676811
-0.0677314
-0.0677174
-0.0676588
-0.0675733
-0.0674766
-0.0673816
-0.0672991
-0.0672373
-0.0672021
-0.067197
-0.0672236
-0.0672811
-0.0673672
-0.0674778
-0.0676069
-0.0677475
-0.067891
-0.0680275
-0.0681462
-0.0682351
-0.0682814
-0.0682714
-0.0681906
-0.0680239
-0.0677557
-0.0673699
-0.0668499
-0.066179
-0.0653405
-0.0643177
-0.0630939
-0.0616531
-0.0599799
-0.0580597
-0.0558789
-0.0534258
-0.0506901
-0.047664
-0.0443422
-0.0407225
-0.0368066
-0.0326
-0.0281133
-0.0233626
-0.0183699
-0.0131639
-0.00778053
-0.00226354
0.00333536
0.00895622
0.0145311
0.0199845
0.0252343
0.0301932
0.0347706
0.0388752
0.0424176
0.045314
0.0474894
0.048881
0.0494414
0.0491407
0.0479648
0.0459186
0.0430587
0.0394486
0.0346698
0.0283849
-0.060873
-0.0634058
-0.0653877
-0.0669612
-0.0683064
-0.0694176
-0.0702936
-0.0709525
-0.0714165
-0.0717099
-0.0718585
-0.0718887
-0.0718263
-0.0716958
-0.0715199
-0.0713189
-0.0711105
-0.0709095
-0.0707281
-0.0705756
-0.0704586
-0.0703811
-0.0703449
-0.0703495
-0.0703921
-0.0704685
-0.0705725
-0.0706962
-0.0708306
-0.0709653
-0.0710885
-0.0711876
-0.0712489
-0.0712578
-0.071199
-0.0710564
-0.0708135
-0.0704529
-0.0699573
-0.0693087
-0.0684892
-0.0674807
-0.0662656
-0.0648262
-0.0631456
-0.0612077
-0.0589975
-0.0565012
-0.0537069
-0.0506048
-0.0471875
-0.0434508
-0.0393942
-0.0350211
-0.0303399
-0.0253647
-0.0201155
-0.0146195
-0.00891149
-0.00303454
0.00295949
0.00900961
0.0150456
0.0209886
0.0267512
0.0322395
0.0373546
0.0419949
0.0460599
0.049453
0.0520861
0.0538833
0.0547849
0.05475
0.0537557
0.0518007
0.0489405
0.04524
0.0402539
0.0336271
-0.0654133
-0.0680938
-0.0701771
-0.0718115
-0.073187
-0.0742977
-0.0751429
-0.0757434
-0.0761251
-0.0763161
-0.0763466
-0.0762471
-0.0760476
-0.0757765
-0.0754597
-0.0751205
-0.0747789
-0.0744518
-0.0741529
-0.0738926
-0.0736783
-0.0735145
-0.073403
-0.0733434
-0.0733328
-0.0733664
-0.0734374
-0.0735377
-0.0736572
-0.0737848
-0.0739081
-0.0740136
-0.0740865
-0.0741115
-0.0740723
-0.0739517
-0.0737322
-0.0733956
-0.0729231
-0.0722958
-0.0714946
-0.0705002
-0.0692935
-0.0678556
-0.0661681
-0.0642132
-0.0619744
-0.0594362
-0.0565846
-0.0534079
-0.0498968
-0.0460448
-0.0418489
-0.0373105
-0.0324355
-0.0272356
-0.0217286
-0.0159398
-0.00990225
-0.00365787
0.00274191
0.00923565
0.0157515
0.0222075
0.0285118
0.0345638
0.0402563
0.0454773
0.050114
0.0540562
0.0572012
0.0594579
0.0607521
0.06103
0.0602574
0.0584249
0.0555858
0.0518052
0.0466088
0.039623
-0.0701876
-0.073045
-0.0752478
-0.0769514
-0.0783586
-0.079463
-0.0802653
-0.08079
-0.0810675
-0.0811312
-0.0810164
-0.080759
-0.080394
-0.0799541
-0.0794692
-0.0789658
-0.0784668
-0.0779912
-0.0775543
-0.0771676
-0.0768392
-0.076574
-0.076374
-0.0762385
-0.0761642
-0.0761458
-0.076176
-0.0762457
-0.0763443
-0.0764596
-0.0765784
-0.076686
-0.0767671
-0.076805
-0.0767825
-0.0766815
-0.0764833
-0.0761685
-0.0757175
-0.0751101
-0.0743259
-0.0733445
-0.0721454
-0.0707084
-0.0690135
-0.0670417
-0.0647744
-0.0621945
-0.0592863
-0.056036
-0.052432
-0.0484656
-0.0441316
-0.0394286
-0.0343602
-0.0289353
-0.0231694
-0.017085
-0.0107133
-0.00409443
0.00272129
0.00967261
0.0166868
0.0236794
0.0305545
0.0372056
0.0435168
0.0493659
0.054627
0.0591753
0.0628916
0.0656679
0.0674129
0.068057
0.0675525
0.0658794
0.0630868
0.0592388
0.0538297
0.046466
-0.0752232
-0.0782923
-0.0806357
-0.0824178
-0.0838567
-0.0849465
-0.0856899
-0.0861165
-0.0862628
-0.0861686
-0.085876
-0.0854272
-0.0848632
-0.0842218
-0.0835376
-0.0828409
-0.0821574
-0.0815085
-0.0809111
-0.0803777
-0.0799173
-0.0795349
-0.0792323
-0.0790086
-0.0788599
-0.0787802
-0.0787614
-0.0787935
-0.0788649
-0.0789625
-0.079072
-0.0791777
-0.079263
-0.0793105
-0.0793017
-0.0792174
-0.079038
-0.0787428
-0.0783111
-0.0777215
-0.0769526
-0.0759825
-0.0747895
-0.073352
-0.0716488
-0.069659
-0.0673626
-0.0647407
-0.0617756
-0.0584517
-0.054755
-0.0506747
-0.0462029
-0.0413357
-0.0360738
-0.0304233
-0.0243969
-0.0180143
-0.0113039
-0.00430354
0.00293811
0.0103608
0.0178916
0.0254446
0.0329204
0.0402069
0.0471804
0.0537079
0.0596502
0.0648666
0.06922
0.072583
0.0748447
0.0759165
0.0757339
0.0742635
0.0715477
0.0676483
0.0620244
0.0542613
-0.0805545
-0.0838772
-0.0863859
-0.088256
-0.0897249
-0.0907881
-0.0914517
-0.0917518
-0.0917331
-0.0914437
-0.090934
-0.090254
-0.0894518
-0.0885714
-0.0876525
-0.0867294
-0.0858314
-0.0849819
-0.0841996
-0.0834981
-0.0828866
-0.0823702
-0.0819507
-0.0816261
-0.0813922
-0.0812419
-0.081166
-0.0811536
-0.0811917
-0.0812663
-0.0813617
-0.0814613
-0.0815472
-0.0816008
-0.0816025
-0.0815321
-0.0813685
-0.0810903
-0.0806753
-0.0801012
-0.0793451
-0.0783841
-0.0771951
-0.0757552
-0.0740418
-0.0720324
-0.0697054
-0.0670403
-0.0640175
-0.060619
-0.0568292
-0.0526344
-0.0480245
-0.0429926
-0.0375366
-0.0316595
-0.0253707
-0.0186868
-0.0116329
-0.00424413
0.0034335
0.0113414
0.0194075
0.0275451
0.0356524
0.0436123
0.0512939
0.0585535
0.0652385
0.071191
0.0762545
0.0802797
0.0831331
0.0847037
0.084906
0.0836895
0.0810871
0.0771561
0.0713156
0.0631287
-0.0862256
-0.0898521
-0.0925546
-0.0945222
-0.0960169
-0.0970364
-0.0975922
-0.0977297
-0.0975039
-0.0969735
-0.0961994
-0.0952411
-0.0941549
-0.0929922
-0.0917983
-0.0906122
-0.0894664
-0.0883868
-0.0873935
-0.086501
-0.0857186
-0.0850514
-0.0845001
-0.0840624
-0.0837325
-0.0835025
-0.0833618
-0.0832981
-0.0832972
-0.0833437
-0.0834207
-0.0835102
-0.0835931
-0.0836494
-0.0836585
-0.0835988
-0.0834483
-0.0831841
-0.0827831
-0.0822216
-0.0814756
-0.080521
-0.0793334
-0.0778886
-0.0761625
-0.0741312
-0.0717716
-0.0690613
-0.0659788
-0.0625044
-0.0586199
-0.0543096
-0.0495603
-0.0443627
-0.0387112
-0.0326058
-0.0260522
-0.0190634
-0.0116609
-0.00387628
0.00424771
0.0126552
0.0212757
0.0300229
0.0387937
0.0474672
0.0559056
0.0639553
0.0714497
0.0782136
0.0840688
0.0888419
0.0923732
0.0945249
0.0951864
0.0942851
0.0918407
0.0879022
0.0818443
0.0732049
-0.092293
-0.0962834
-0.0992127
-0.101287
-0.102798
-0.10375
-0.104161
-0.10409
-0.103604
-0.102777
-0.101681
-0.100389
-0.0989655
-0.0974708
-0.0959566
-0.0944666
-0.0930367
-0.0916953
-0.0904635
-0.0893563
-0.0883829
-0.0875475
-0.0868502
-0.086287
-0.0858511
-0.0855328
-0.0853201
-0.0851991
-0.0851541
-0.0851681
-0.0852227
-0.0852985
-0.085375
-0.0854311
-0.0854446
-0.0853928
-0.0852523
-0.0849993
-0.0846092
-0.0840574
-0.0833186
-0.0823674
-0.0811782
-0.0797255
-0.0779838
-0.0759278
-0.0735328
-0.0707746
-0.0676302
-0.0640775
-0.0600964
-0.0556684
-0.050778
-0.0454126
-0.0395637
-0.0332275
-0.026406
-0.0191083
-0.0113515
-0.00316307
0.00541824
0.0143401
0.0235351
0.0329183
0.0423863
0.051816
0.0610636
0.0699663
0.0783438
0.0860026
0.0927416
0.0983604
0.102669
0.105499
0.106708
0.106196
0.103964
0.100049
0.0937728
0.0846469
-0.098829
-0.103256
-0.106449
-0.108637
-0.110151
-0.111001
-0.111218
-0.110878
-0.110066
-0.108873
-0.107388
-0.105695
-0.103873
-0.10199
-0.100104
-0.0982657
-0.0965127
-0.0948757
-0.0933768
-0.0920308
-0.0908461
-0.0898259
-0.0889687
-0.0882688
-0.0877176
-0.0873035
-0.0870126
-0.0868291
-0.0867357
-0.0867135
-0.0867424
-0.0868016
-0.0868691
-0.0869222
-0.0869375
-0.0868909
-0.0867578
-0.0865132
-0.0861313
-0.0855861
-0.0848514
-0.0839004
-0.0827064
-0.0812426
-0.0794821
-0.0773982
-0.0749646
-0.0721556
-0.0689463
-0.0653126
-0.0612321
-0.056684
-0.05165
-0.0461145
-0.0400655
-0.0334955
-0.0264024
-0.0187909
-0.0106735
-0.00207272
0.00697759
0.0164298
0.0262202
0.0362673
0.0464687
0.0567001
0.0668138
0.0766384
0.0859806
0.094628
0.102356
0.108933
0.114136
0.117759
0.119622
0.119589
0.117637
0.113783
0.10729
0.0976367
-0.105927
-0.110878
-0.114378
-0.116682
-0.118173
-0.118874
-0.118833
-0.118146
-0.116926
-0.115282
-0.113325
-0.111155
-0.108862
-0.106527
-0.104214
-0.101977
-0.0998597
-0.0978921
-0.0960968
-0.0944879
-0.0930724
-0.0918517
-0.0908219
-0.0899754
-0.089301
-0.0887849
-0.0884109
-0.0881612
-0.0880161
-0.0879551
-0.0879562
-0.0879967
-0.0880532
-0.0881013
-0.0881164
-0.0880729
-0.0879449
-0.0877061
-0.0873297
-0.0867884
-0.0860548
-0.085101
-0.083899
-0.0824208
-0.0806382
-0.0785231
-0.0760477
-0.0731847
-0.0699073
-0.0661896
-0.0620068
-0.0573358
-0.0521554
-0.0464468
-0.0401947
-0.0333875
-0.0260188
-0.0180883
-0.00960347
-0.000581107
0.00895062
0.0189498
0.0293583
0.0400988
0.0510722
0.062155
0.0731967
0.0840193
0.0944172
0.10416
0.112996
0.120663
0.126899
0.131452
0.134098
0.134656
0.133068
0.129327
0.122619
0.112388
-0.113706
-0.119287
-0.123142
-0.12556
-0.12699
-0.127474
-0.127087
-0.125955
-0.124221
-0.122024
-0.119495
-0.116756
-0.113912
-0.111052
-0.10825
-0.105563
-0.103037
-0.100703
-0.0985824
-0.0966875
-0.0950231
-0.0935876
-0.0923746
-0.0913734
-0.0905699
-0.0899475
-0.0894874
-0.0891691
-0.0889709
-0.0888699
-0.0888421
-0.0888631
-0.0889076
-0.0889497
-0.0889632
-0.0889213
-0.0887968
-0.088562
-0.0881889
-0.0876491
-0.086914
-0.0859546
-0.0847417
-0.0832461
-0.0814382
-0.0792888
-0.0767685
-0.0738484
-0.0705
-0.0666953
-0.0624074
-0.0576107
-0.0522811
-0.0463967
-0.0399384
-0.0328905
-0.0252419
-0.0169872
-0.00812785
0.00132557
0.0113516
0.0219154
0.0329655
0.0444311
0.056218
0.0682056
0.0802434
0.0921485
0.103705
0.114663
0.124747
0.133659
0.14109
0.146741
0.15033
0.151619
0.150504
0.14694
0.140024
0.129152
-0.122324
-0.128665
-0.132926
-0.135443
-0.136752
-0.136926
-0.136075
-0.13437
-0.131992
-0.129113
-0.125896
-0.122481
-0.118992
-0.115528
-0.112169
-0.108977
-0.105998
-0.103261
-0.100788
-0.0985855
-0.0966562
-0.0949946
-0.0935903
-0.092429
-0.091493
-0.0907623
-0.0902153
-0.0898284
-0.0895774
-0.0894368
-0.0893808
-0.0893827
-0.0894154
-0.0894517
-0.0894634
-0.0894226
-0.0893006
-0.0890686
-0.0886973
-0.0881573
-0.0874187
-0.0864515
-0.0852254
-0.0837099
-0.0818743
-0.079688
-0.0771203
-0.0741405
-0.0707186
-0.0668245
-0.0624293
-0.0575047
-0.0520237
-0.0459612
-0.0392941
-0.0320026
-0.0240704
-0.0154865
-0.00624593
0.00364783
0.0141811
0.0253273
0.0370436
0.0492673
0.0619119
0.0748623
0.0879706
0.101052
0.113882
0.126196
0.137689
0.148027
0.156854
0.163807
0.168537
0.170736
0.170236
0.166938
0.159822
0.148231
-0.131986
-0.139245
-0.143967
-0.146549
-0.147646
-0.147379
-0.145908
-0.143462
-0.140274
-0.136559
-0.132512
-0.128299
-0.124059
-0.119903
-0.115916
-0.112162
-0.108685
-0.105513
-0.102661
-0.100134
-0.097927
-0.0960313
-0.0944312
-0.0931077
-0.092039
-0.0912013
-0.0905692
-0.0901162
-0.0898149
-0.0896374
-0.0895555
-0.0895405
-0.0895634
-0.0895951
-0.0896062
-0.0895671
-0.0894479
-0.0892185
-0.0888485
-0.0883075
-0.0875644
-0.0865882
-0.0853474
-0.0838104
-0.0819455
-0.0797206
-0.0771038
-0.0740629
-0.0705659
-0.0665812
-0.0620774
-0.0570237
-0.0513903
-0.0451485
-0.0382715
-0.0307346
-0.0225163
-0.0135995
-0.00397229
0.00636999
0.0174225
0.0291684
0.0415753
0.0545911
0.0681395
0.0821145
0.0963744
0.110736
0.12497
0.138799
0.151891
0.163874
0.174335
0.182844
0.188968
0.192307
0.192609
0.189698
0.182404
0.169995
-0.142965
-0.151337
-0.156574
-0.159157
-0.159904
-0.159009
-0.156707
-0.153304
-0.149099
-0.144358
-0.139315
-0.134162
-0.129054
-0.124112
-0.119424
-0.115051
-0.111034
-0.107395
-0.104144
-0.101278
-0.0987873
-0.0966544
-0.0948585
-0.0933751
-0.0921776
-0.0912376
-0.0905257
-0.0900118
-0.0896655
-0.0894562
-0.089353
-0.0893252
-0.0893418
-0.0893721
-0.0893851
-0.0893497
-0.0892348
-0.0890092
-0.0886414
-0.0880997
-0.0873523
-0.086367
-0.0851113
-0.0835526
-0.081658
-0.0793944
-0.0767282
-0.0736261
-0.0700543
-0.0659792
-0.0613673
-0.0561853
-0.0504002
-0.04398
-0.0368937
-0.0291119
-0.0206074
-0.0113564
-0.00133931
0.00945732
0.0210388
0.0333997
0.04652
0.0603611
0.0748603
0.0899242
0.105422
0.121178
0.136963
0.152488
0.167401
0.181288
0.193678
0.204061
0.211901
0.216684
0.218042
0.215688
0.208251
0.194899
-0.155626
-0.165354
-0.17115
-0.173619
-0.173808
-0.172022
-0.168605
-0.163964
-0.158481
-0.152486
-0.146252
-0.139999
-0.133897
-0.12807
-0.122606
-0.11756
-0.112966
-0.108837
-0.105173
-0.101962
-0.0991856
-0.0968186
-0.0948327
-0.0931972
-0.0918794
-0.0908461
-0.0900634
-0.0894975
-0.0891146
-0.0888811
-0.0887637
-0.0887295
-0.0887455
-0.0887793
-0.0887985
-0.0887705
-0.0886632
-0.0884441
-0.0880807
-0.0875404
-0.0867903
-0.0857974
-0.0845283
-0.0829493
-0.0810265
-0.0787256
-0.0760118
-0.0728504
-0.069206
-0.0650431
-0.060326
-0.0550187
-0.0490856
-0.0424907
-0.035199
-0.0271759
-0.0183884
-0.00880553
0.00160067
0.0128535
0.0249696
0.0379566
0.0518095
0.066506
0.0820007
0.0982183
0.115045
0.132317
0.149813
0.167242
0.184234
0.200337
0.215017
0.227673
0.237648
0.244278
0.247043
0.245492
0.237978
0.223521
-0.170469
-0.181854
-0.188229
-0.190386
-0.189701
-0.186653
-0.181735
-0.175493
-0.16841
-0.160886
-0.153237
-0.145709
-0.138478
-0.131667
-0.125356
-0.119591
-0.114392
-0.109758
-0.105676
-0.102122
-0.0990677
-0.0964775
-0.0943146
-0.0925407
-0.0911169
-0.0900042
-0.0891642
-0.0885589
-0.0881511
-0.0879042
-0.0877825
-0.0877507
-0.0877741
-0.0878186
-0.0878502
-0.0878353
-0.0877406
-0.0875325
-0.0871776
-0.0866425
-0.0858934
-0.0848963
-0.0836172
-0.0820214
-0.0800739
-0.0777395
-0.0749824
-0.0717661
-0.068054
-0.0638087
-0.0589923
-0.0535664
-0.0474922
-0.0407302
-0.033241
-0.0249848
-0.0159224
-0.00601511
0.00477384
0.0164785
0.0291284
0.0427461
0.0573438
0.0729191
0.0894486
0.10688
0.125124
0.144039
0.163421
0.182985
0.202353
0.221041
0.238455
0.25389
0.266545
0.275569
0.280231
0.279848
0.272374
0.256608
-0.188193
-0.201608
-0.208524
-0.210031
-0.207995
-0.203156
-0.196222
-0.187911
-0.17883
-0.169453
-0.160138
-0.151144
-0.142647
-0.134759
-0.127543
-0.121025
-0.115205
-0.110064
-0.105572
-0.101691
-0.098377
-0.095584
-0.0932653
-0.0913743
-0.089865
-0.0886925
-0.0878135
-0.0871857
-0.0867685
-0.0865225
-0.0864092
-0.0863913
-0.0864326
-0.0864971
-0.0865498
-0.0865558
-0.0864808
-0.0862903
-0.0859502
-0.0854262
-0.0846838
-0.0836884
-0.082405
-0.0807982
-0.0788323
-0.076471
-0.0736774
-0.0704139
-0.0666423
-0.0623235
-0.0574175
-0.0518835
-0.0456796
-0.0387628
-0.0310892
-0.0226138
-0.0132907
-0.00307358
0.00808408
0.0202279
0.0334014
0.0476441
0.062988
0.0794543
0.0970465
0.115743
0.135486
0.156169
0.177615
0.199564
0.221644
0.243352
0.264038
0.282892
0.298944
0.311108
0.318369
0.319705
0.312487
0.295159
-0.209795
-0.225695
-0.232996
-0.233284
-0.229172
-0.221793
-0.212147
-0.201172
-0.18961
-0.178009
-0.166754
-0.156102
-0.146212
-0.137169
-0.129007
-0.121721
-0.115285
-0.109655
-0.104778
-0.100598
-0.0970556
-0.0940914
-0.0916479
-0.0896693
-0.0881021
-0.0868956
-0.0860011
-0.0853723
-0.0849653
-0.0847377
-0.0846488
-0.0846595
-0.0847317
-0.0848283
-0.084913
-0.0849501
-0.0849043
-0.0847404
-0.0844237
-0.0839191
-0.0831917
-0.0822061
-0.0809269
-0.0793179
-0.0773428
-0.0749642
-0.0721444
-0.0688448
-0.0650256
-0.0606462
-0.0556647
-0.0500379
-0.0437208
-0.0366672
-0.0288286
-0.0201547
-0.0105931
-8.92494e-05
0.0114133
0.0239726
0.0376471
0.052495
0.0685709
0.0859232
0.104588
0.124581
0.145888
0.168448
0.192134
0.216727
0.241886
0.267113
0.291719
0.314795
0.335186
0.351515
0.362392
0.3663
0.359739
0.340546
-0.236758
-0.255665
-0.262944
-0.261056
-0.253764
-0.242785
-0.229505
-0.21512
-0.200511
-0.186274
-0.172797
-0.160307
-0.14892
-0.138673
-0.129555
-0.121517
-0.114497
-0.108418
-0.103202
-0.0987708
-0.0950464
-0.0919555
-0.0894288
-0.0874011
-0.0858115
-0.084603
-0.0837221
-0.0831187
-0.0827455
-0.0825577
-0.0825126
-0.0825693
-0.0826884
-0.0828318
-0.0829621
-0.0830429
-0.0830383
-0.0829126
-0.0826304
-0.0821563
-0.0814548
-0.0804903
-0.0792266
-0.0776273
-0.0756552
-0.0732725
-0.0704406
-0.0671197
-0.0632691
-0.0588465
-0.0538085
-0.0481093
-0.0417016
-0.0345355
-0.0265584
-0.0177148
-0.00794579
0.00281134
0.0146232
0.0275604
0.0416977
0.0571128
0.0738855
0.0920947
0.111814
0.133107
0.156011
0.18053
0.206605
0.234089
0.262705
0.292005
0.32129
0.349584
0.375544
0.397453
0.413435
0.421264
0.416108
0.394745
-0.271369
-0.293785
-0.300133
-0.294456
-0.28231
-0.266245
-0.248126
-0.229423
-0.211122
-0.193823
-0.177862
-0.163393
-0.150453
-0.139003
-0.128963
-0.12023
-0.112692
-0.106236
-0.100753
-0.0961377
-0.0922951
-0.0891362
-0.0865797
-0.0845512
-0.0829824
-0.0818106
-0.080978
-0.0804309
-0.0801194
-0.0799964
-0.0800177
-0.0801411
-0.080326
-0.0805336
-0.0807258
-0.0808658
-0.0809171
-0.0808437
-0.08061
-0.0801802
-0.0795186
-0.0785892
-0.0773557
-0.0757812
-0.0738281
-0.0714581
-0.0686318
-0.0653088
-0.0614474
-0.057004
-0.0519334
-0.0461882
-0.0397184
-0.0324711
-0.0243898
-0.0154141
-0.00547892
0.00548634
0.0175582
0.0308201
0.0453629
0.0612849
0.0786924
0.0976979
0.118418
0.140968
0.165455
0.191961
0.220524
0.251105
0.283539
0.317478
0.3523
0.387013
0.420125
0.449563
0.472843
0.48675
0.48442
0.460726
-0.317341
-0.343449
-0.346935
-0.334759
-0.315235
-0.292034
-0.267549
-0.243471
-0.2208
-0.200045
-0.181405
-0.164895
-0.150424
-0.137842
-0.12698
-0.117662
-0.109718
-0.102993
-0.0973407
-0.0926335
-0.0887549
-0.0856013
-0.0830802
-0.0811085
-0.0796115
-0.0785217
-0.0777774
-0.0773223
-0.0771042
-0.0770748
-0.0771883
-0.0774019
-0.0776744
-0.0779664
-0.0782396
-0.0784568
-0.0785814
-0.0785774
-0.0784089
-0.0780402
-0.0774355
-0.0765587
-0.0753732
-0.0738421
-0.0719275
-0.0695907
-0.0667919
-0.0634903
-0.059643
-0.0552059
-0.0501322
-0.044373
-0.0378762
-0.0305861
-0.022443
-0.0133821
-0.00333254
0.00778328
0.0200513
0.0335668
0.0484365
0.0647792
0.0827279
0.10243
0.124049
0.147758
0.173743
0.202185
0.233246
0.267036
0.303569
0.342683
0.383935
0.426447
0.468704
0.508313
0.542122
0.56559
0.568804
0.543209
-0.381065
-0.40982
-0.406434
-0.38324
-0.352604
-0.319527
-0.286829
-0.25624
-0.228579
-0.204092
-0.182717
-0.164241
-0.148381
-0.134843
-0.12334
-0.113612
-0.105426
-0.098577
-0.092888
-0.0882037
-0.0843899
-0.0813295
-0.0789202
-0.0770719
-0.0757048
-0.0747478
-0.0741367
-0.0738133
-0.0737242
-0.07382
-0.0740548
-0.0743851
-0.0747696
-0.0751689
-0.0755447
-0.07586
-0.0760781
-0.0761633
-0.0760798
-0.075792
-0.0752642
-0.0744604
-0.0733442
-0.0718785
-0.0700254
-0.0677462
-0.0650008
-0.061748
-0.0579446
-0.0535455
-0.0485033
-0.0427678
-0.0362852
-0.0289978
-0.0208432
-0.0117528
-0.00165148
0.00954472
0.0219297
0.0356095
0.0507049
0.0673537
0.0857144
0.105969
0.128327
0.153025
0.180334
0.210548
0.24398
0.280939
0.321686
0.366362
0.414861
0.466628
0.520421
0.573679
0.622713
0.661375
0.675405
0.650176
-0.474198
-0.50079
-0.482277
-0.440641
-0.393562
-0.347153
-0.304222
-0.2661
-0.233062
-0.204832
-0.180914
-0.160754
-0.14382
-0.129631
-0.11777
-0.107884
-0.0996755
-0.0928939
-0.08733
-0.0828072
-0.0791763
-0.0763099
-0.0740987
-0.0724481
-0.0712753
-0.070507
-0.0700781
-0.0699296
-0.0700081
-0.0702641
-0.0706517
-0.0711278
-0.0716515
-0.0721837
-0.0726866
-0.0731234
-0.0734581
-0.0736552
-0.0736793
-0.0734952
-0.0730674
-0.0723604
-0.0713378
-0.0699629
-0.068198
-0.0660044
-0.0633421
-0.0601697
-0.0564439
-0.0521193
-0.047148
-0.0414791
-0.0350578
-0.0278251
-0.0197166
-0.0106614
-0.000580852
0.0106135
0.0230217
0.0367582
0.0519552
0.0687666
0.0873727
0.107986
0.13086
0.156292
0.184637
0.216313
0.251803
0.291651
0.336444
0.386754
0.44303
0.505381
0.573184
0.644444
0.715325
0.778222
0.813362
0.795825
-0.618277
-0.62799
-0.577981
-0.506198
-0.435502
-0.371828
-0.316859
-0.270665
-0.232391
-0.200876
-0.174985
-0.153718
-0.136237
-0.12186
-0.110035
-0.100322
-0.0923661
-0.0858799
-0.0806307
-0.0764271
-0.0731108
-0.070549
-0.0686296
-0.0672564
-0.0663463
-0.0658261
-0.0656313
-0.0657038
-0.0659908
-0.066444
-0.0670184
-0.0676718
-0.0683642
-0.0690573
-0.0697141
-0.0702985
-0.0707753
-0.0711096
-0.0712666
-0.0712118
-0.0709101
-0.0703264
-0.069425
-0.0681695
-0.0665226
-0.0644458
-0.0618995
-0.0588426
-0.0552318
-0.051022
-0.0461652
-0.0406103
-0.0343023
-0.0271816
-0.0191831
-0.0102347
-0.000255862
0.0108442
0.0231694
0.0368393
0.0519937
0.0687974
0.087447
0.108179
0.13128
0.157101
0.186073
0.218729
0.255724
0.297862
0.346108
0.401594
0.465559
0.539196
0.623261
0.717338
0.818837
0.919877
0.995477
1.00512
-0.853102
-0.807059
-0.695578
-0.576831
-0.473697
-0.388911
-0.320955
-0.267141
-0.224625
-0.190939
-0.164116
-0.142639
-0.125355
-0.111391
-0.100086
-0.0909321
-0.0835373
-0.0775946
-0.0728605
-0.0691393
-0.0662715
-0.0641252
-0.0625903
-0.0615728
-0.0609922
-0.0607779
-0.0608677
-0.0612058
-0.0617415
-0.0624283
-0.0632229
-0.0640847
-0.0649751
-0.0658571
-0.0666948
-0.0674534
-0.0680984
-0.0685958
-0.0689118
-0.0690125
-0.0688637
-0.068431
-0.0676792
-0.0665724
-0.0650742
-0.0631465
-0.0607502
-0.0578447
-0.0543875
-0.0503337
-0.0456359
-0.0402435
-0.0341019
-0.0271521
-0.0193291
-0.0105612
-0.000768021
0.0101416
0.0222721
0.0357445
0.0507014
0.0673123
0.0857812
0.106358
0.129349
0.155142
0.184222
0.217214
0.25492
0.298387
0.348974
0.408446
0.479052
0.563554
0.665087
0.786614
0.929292
1.08802
1.23796
1.32138
-1.26865
-1.05644
-0.827636
-0.641407
-0.497971
-0.390481
-0.311028
-0.25203
-0.207657
-0.173817
-0.147665
-0.127215
-0.111068
-0.0982329
-0.0879903
-0.0798116
-0.0733
-0.068152
-0.0641315
-0.0610513
-0.0587603
-0.0571349
-0.0560718
-0.0554836
-0.0552952
-0.0554411
-0.0558631
-0.0565091
-0.0573316
-0.0582868
-0.059334
-0.0604346
-0.061552
-0.0626507
-0.0636965
-0.0646557
-0.0654952
-0.0661822
-0.0666837
-0.0669669
-0.0669985
-0.0667447
-0.0661715
-0.0652436
-0.0639252
-0.0621793
-0.0599676
-0.0572501
-0.0539851
-0.0501289
-0.045635
-0.0404538
-0.034532
-0.027812
-0.0202304
-0.0117173
-0.00219427
0.00842743
0.0202496
0.0333906
0.0479897
0.0642134
0.0822636
0.102389
0.124898
0.150186
0.178761
0.211288
0.248657
0.292078
0.343221
0.40443
0.479019
0.571674
0.689019
0.839862
1.0331
1.27368
1.56093
1.84068
-2.10465
-1.38387
-0.918573
-0.649811
-0.473061
-0.353289
-0.272124
-0.215699
-0.175131
-0.145144
-0.122485
-0.105061
-0.0914873
-0.0808279
-0.0724273
-0.0658145
-0.0606423
-0.056648
-0.0536284
-0.051423
-0.0499024
-0.0489602
-0.0485073
-0.0484679
-0.0487766
-0.0493755
-0.0502131
-0.0512429
-0.0524219
-0.0537105
-0.0550712
-0.0564684
-0.057868
-0.0592369
-0.0605426
-0.0617535
-0.0628378
-0.0637642
-0.0645012
-0.065017
-0.0652795
-0.0652562
-0.0649139
-0.0642185
-0.0631352
-0.0616282
-0.0596601
-0.0571923
-0.0541845
-0.0505944
-0.046377
-0.0414849
-0.035867
-0.0294682
-0.0222285
-0.0140816
-0.00495383
0.00523795
0.0165886
0.0292078
0.0432245
0.0587917
0.076095
0.0953622
0.116878
0.141006
0.168216
0.199135
0.234611
0.27583
0.324493
0.383121
0.455563
0.547916
0.670251
0.838868
1.07631
1.41945
1.97501
2.80763
-3.55945
-1.7084
-0.856599
-0.526652
-0.356127
-0.254297
-0.191749
-0.151061
-0.122746
-0.102076
-0.0865146
-0.0745602
-0.0652689
-0.0580164
-0.0523701
-0.0480178
-0.0447263
-0.0423168
-0.0406483
-0.0396073
-0.0391003
-0.0390487
-0.0393856
-0.0400524
-0.0409976
-0.0421747
-0.0435416
-0.0450593
-0.0466914
-0.0484034
-0.0501625
-0.051937
-0.0536962
-0.0554099
-0.0570483
-0.0585818
-0.0599809
-0.0612161
-0.0622574
-0.0630748
-0.0636377
-0.0639148
-0.0638743
-0.0634837
-0.0627095
-0.0615172
-0.0598711
-0.0577343
-0.0550683
-0.0518329
-0.0479856
-0.0434818
-0.0382738
-0.0323105
-0.0255369
-0.0178926
-0.00931133
0.000280757
0.010967
0.0228425
0.0360174
0.050621
0.0668074
0.0847635
0.10472
0.126966
0.151874
0.179931
0.211793
0.248372
0.290983
0.34161
0.403426
0.481919
0.587537
0.740768
0.980478
1.40736
2.37718
4.35158
)
;

boundaryField
{
    movingWall
    {
        type            zeroGradient;
    }
    fixedWalls
    {
        type            zeroGradient;
    }
    frontAndBack
    {
        type            empty;
    }
}


// ************************************************************************* //
