/*--------------------------------*- C++ -*----------------------------------*\
  =========                 |
  \\      /  F ield         | OpenFOAM: The Open Source CFD Toolbox
   \\    /   O peration     | Website:  https://openfoam.org
    \\  /    A nd           | Version:  7
     \\/     M anipulation  |
\*---------------------------------------------------------------------------*/
FoamFile
{
    version     2.0;
    format      ascii;
    class       volScalarField;
    location    "2.9";
    object      p;
}
// * * * * * * * * * * * * * * * * * * * * * * * * * * * * * * * * * * * * * //

dimensions      [0 2 -2 0 0 0 0];

internalField   nonuniform List<scalar> 
6400
(
1.1599e-06
5.38369e-06
-2.6562e-05
-9.38931e-05
-0.000189007
-0.000304872
-0.000435259
-0.000574962
-0.000719951
-0.000867173
-0.00101443
-0.00116015
-0.00130322
-0.00144283
-0.00157834
-0.00170919
-0.00183478
-0.00195445
-0.00206746
-0.0021729
-0.00226975
-0.00235683
-0.00243287
-0.00249653
-0.0025464
-0.00258103
-0.00259902
-0.00259903
-0.00257982
-0.00254032
-0.00247967
-0.00239724
-0.00229275
-0.00216621
-0.00201807
-0.00184917
-0.00166081
-0.00145474
-0.00123322
-0.000998943
-0.000755079
-0.00050521
-0.000253289
-3.58093e-06
0.000239421
0.000471086
0.000686747
0.000881815
0.00105189
0.0011929
0.00130119
0.00137368
0.00140791
0.00140218
0.00135555
0.00126797
0.00114023
0.000973966
0.000771666
0.000536575
0.000272632
-1.56268e-05
-0.000323178
-0.000644622
-0.00097431
-0.00130646
-0.00163525
-0.00195494
-0.00225992
-0.00254482
-0.00280452
-0.00303422
-0.00322958
-0.00338673
-0.00350262
-0.00357542
-0.0036055
-0.00359709
-0.00356022
-0.00351309
-1.85314e-06
1.72731e-06
-2.76537e-05
-8.64239e-05
-0.000168073
-0.000267669
-0.000380786
-0.00050318
-0.000631571
-0.000763283
-0.000896266
-0.00102897
-0.00116022
-0.00128912
-0.00141492
-0.00153696
-0.00165457
-0.00176706
-0.00187365
-0.00197348
-0.00206557
-0.00214882
-0.00222208
-0.00228411
-0.00233363
-0.00236934
-0.00238998
-0.00239433
-0.00238128
-0.00234986
-0.0022993
-0.00222903
-0.00213878
-0.0020286
-0.00189887
-0.00175035
-0.00158424
-0.00140212
-0.00120604
-0.000998462
-0.000782263
-0.000560704
-0.000337385
-0.000116182
9.88108e-05
0.00030338
0.000493283
0.000664351
0.000812594
0.000934316
0.00102623
0.00108554
0.00111006
0.00109829
0.00104942
0.000963464
0.000841192
0.00068417
0.000494714
0.000275839
3.11855e-05
-0.000235068
-0.000518311
-0.000813606
-0.0011158
-0.00141963
-0.00171983
-0.00201124
-0.00228886
-0.00254792
-0.002784
-0.00299303
-0.00317144
-0.00331626
-0.00342534
-0.00349767
-0.00353416
-0.00353818
-0.00351325
-0.00346602
3.08076e-05
3.08368e-05
7.40631e-07
-5.47025e-05
-0.000129591
-0.000220031
-0.000322456
-0.000433533
-0.000550481
-0.000671032
-0.000793393
-0.000916158
-0.00103822
-0.0011587
-0.00127686
-0.00139203
-0.00150354
-0.0016107
-0.00171273
-0.0018088
-0.00189798
-0.00197924
-0.00205149
-0.00211356
-0.00216426
-0.00220237
-0.0022267
-0.00223611
-0.00222956
-0.0022061
-0.00216499
-0.00210568
-0.00202789
-0.00193161
-0.00181715
-0.0016852
-0.00153682
-0.00137345
-0.00119698
-0.00100966
-0.000814158
-0.000613507
-0.000411057
-0.000210427
-1.54408e-05
0.000169951
0.000341767
0.000496092
0.000629182
0.000737566
0.000818153
0.000868334
0.000886066
0.000869944
0.000819259
0.000734036
0.000615051
0.000463822
0.000282572
7.41824e-05
-0.000157881
-0.000409656
-0.000676784
-0.000954615
-0.00123832
-0.00152299
-0.00180375
-0.00207584
-0.0023347
-0.00257604
-0.00279592
-0.00299079
-0.00315758
-0.00329383
-0.00339774
-0.00346842
-0.00350651
-0.00351396
-0.00348862
-0.00342887
0.000100299
8.99804e-05
5.45174e-05
-2.07704e-06
-7.51309e-05
-0.000161326
-0.000257684
-0.000361523
-0.00047057
-0.00058297
-0.000697237
-0.000812196
-0.00092691
-0.00104061
-0.00115262
-0.00126234
-0.00136914
-0.00147236
-0.00157128
-0.00166509
-0.00175289
-0.00183371
-0.0019065
-0.00197014
-0.00202348
-0.00206535
-0.00209459
-0.00211008
-0.00211078
-0.00209576
-0.00206424
-0.00201564
-0.00194962
-0.0018661
-0.0017653
-0.0016478
-0.00151451
-0.00136676
-0.00120627
-0.00103514
-0.000855831
-0.000671241
-0.000484538
-0.000299167
-0.000118786
5.28168e-05
0.000211807
0.000354407
0.000476995
0.000576213
0.000649066
0.000693022
0.000706099
0.000686939
0.000634864
0.00054991
0.000432844
0.000285158
0.000109031
-9.27234e-05
-0.00031673
-0.000559143
-0.000815747
-0.00108206
-0.00135346
-0.00162527
-0.00189288
-0.00215181
-0.00239784
-0.00262703
-0.00283577
-0.00302091
-0.00317971
-0.00330994
-0.00340992
-0.00347856
-0.00351594
-0.00352274
-0.00349276
-0.00341939
0.000200365
0.000173312
0.000128254
6.71411e-05
-7.25815e-06
-9.21534e-05
-0.000185108
-0.000284041
-0.000387208
-0.000493183
-0.000600828
-0.000709245
-0.000817718
-0.000925646
-0.00103249
-0.00113772
-0.00124081
-0.00134114
-0.00143805
-0.00153078
-0.00161847
-0.00170018
-0.00177489
-0.00184153
-0.00189895
-0.001946
-0.00198152
-0.00200438
-0.00201352
-0.00200797
-0.00198689
-0.00194963
-0.00189576
-0.00182509
-0.00173774
-0.00163414
-0.00151508
-0.00138173
-0.00123565
-0.0010788
-0.000913553
-0.000742588
-0.000568956
-0.000395989
-0.000227235
-6.63865e-05
8.28057e-05
0.000216628
0.000331511
0.000424135
0.000491532
0.000531186
0.000541123
0.000519983
0.000467083
0.00038245
0.000266837
0.000121714
-5.07671e-05
-0.000247827
-0.000466138
-0.000701915
-0.000951025
-0.00120909
-0.00147162
-0.00173409
-0.00199208
-0.00224136
-0.00247794
-0.00269815
-0.0028987
-0.0030767
-0.00322966
-0.00335554
-0.00345267
-0.00351976
-0.00355642
-0.00356243
-0.00352917
-0.00344734
0.000324401
0.000276214
0.000218054
0.000149565
7.1138e-05
-1.49671e-05
-0.00010682
-0.00020293
-0.000302078
-0.000403286
-0.000505797
-0.000609026
-0.000712509
-0.000815852
-0.00091868
-0.0010206
-0.00112116
-0.00121986
-0.00131607
-0.00140909
-0.0014981
-0.0015822
-0.00166039
-0.00173159
-0.00179467
-0.00184845
-0.00189176
-0.00192341
-0.00194229
-0.00194734
-0.00193766
-0.00191248
-0.00187124
-0.00181365
-0.00173965
-0.00164955
-0.00154398
-0.00142397
-0.00129093
-0.00114669
-0.000993466
-0.00083385
-0.000670792
-0.000507541
-0.000347588
-0.000194583
-5.22569e-05
7.5681e-05
0.000185648
0.000274298
0.000338628
0.00037608
0.000384634
0.000362883
0.000310102
0.000226279
0.000112139
-3.08738e-05
-0.000200626
-0.000394354
-0.000608747
-0.000840042
-0.00108413
-0.0013367
-0.0015933
-0.00184953
-0.00210108
-0.00234389
-0.00257412
-0.00278835
-0.00298349
-0.00315686
-0.00330618
-0.00342953
-0.00352525
-0.00359193
-0.00362886
-0.00363524
-0.00360136
-0.00351691
0.000466182
0.000393605
0.000319731
0.000241564
0.000156891
6.74562e-05
-2.52891e-05
-0.000120433
-0.000217286
-0.00031533
-0.000414209
-0.000513673
-0.000613539
-0.000713643
-0.000813802
-0.000913772
-0.00101323
-0.00111174
-0.00120878
-0.00130368
-0.00139567
-0.00148386
-0.00156726
-0.00164479
-0.00171529
-0.00177754
-0.0018303
-0.00187233
-0.00190241
-0.00191938
-0.00192222
-0.00191002
-0.00188207
-0.00183792
-0.00177737
-0.00170053
-0.00160791
-0.00150036
-0.00137915
-0.00124599
-0.00110297
-0.000952603
-0.000797773
-0.000641683
-0.000487807
-0.000339806
-0.00020144
-7.64714e-05
3.14479e-05
0.000118885
0.000182744
0.000220365
0.000229629
0.000209037
0.000157776
7.57653e-05
-3.63275e-05
-0.000177096
-0.000344431
-0.000535577
-0.000747222
-0.000975595
-0.00121659
-0.00146587
-0.00171904
-0.0019717
-0.00221962
-0.00245882
-0.00268559
-0.00289664
-0.00308905
-0.0032603
-0.00340824
-0.00353106
-0.00362713
-0.00369497
-0.00373369
-0.00374221
-0.00371066
-0.0036288
0.000619486
0.000520271
0.000428769
0.000339165
0.000246518
0.000152075
5.68177e-05
-3.89253e-05
-0.000134996
-0.000231347
-0.000328033
-0.000425156
-0.000522833
-0.000621146
-0.000720116
-0.000819663
-0.000919593
-0.00101958
-0.00111916
-0.00121774
-0.00131456
-0.00140875
-0.00149932
-0.00158514
-0.00166503
-0.0017377
-0.00180182
-0.00185603
-0.00189901
-0.00192946
-0.00194619
-0.00194814
-0.00193442
-0.00190438
-0.00185765
-0.00179418
-0.00171427
-0.00161862
-0.00150838
-0.0013851
-0.00125079
-0.00110789
-0.000959227
-0.000807996
-0.000657687
-0.000512008
-0.000374797
-0.000249913
-0.00014113
-5.20206e-05
1.41671e-05
5.46199e-05
6.70639e-05
4.9854e-05
2.04561e-06
-7.65561e-05
-0.000185375
-0.00032307
-0.000487572
-0.000676142
-0.000885463
-0.00111174
-0.00135084
-0.0015984
-0.00184998
-0.00210118
-0.00234778
-0.0025858
-0.00281163
-0.00302203
-0.00321418
-0.00338568
-0.00353448
-0.00365884
-0.00375719
-0.00382805
-0.00387044
-0.00388316
-0.00385682
-0.0037819
0.000778377
0.000651017
0.000540517
0.000438178
0.000336257
0.00023551
0.000136445
3.87952e-05
-5.78236e-05
-0.000153838
-0.000249717
-0.00034593
-0.0004429
-0.000540967
-0.000640358
-0.000741168
-0.000843337
-0.000946644
-0.0010507
-0.00115496
-0.00125869
-0.00136102
-0.00146094
-0.00155728
-0.00164878
-0.00173407
-0.0018117
-0.00188019
-0.00193804
-0.00198381
-0.00201611
-0.00203369
-0.00203544
-0.00202053
-0.00198836
-0.00193869
-0.00187162
-0.0017877
-0.00168791
-0.00157367
-0.0014469
-0.00130997
-0.00116569
-0.00101724
-0.000868154
-0.000722226
-0.0005834
-0.000455678
-0.000343001
-0.00024913
-0.000177519
-0.000131192
-0.000112636
-0.000123699
-0.000165513
-0.000238438
-0.000342038
-0.000475076
-0.000635554
-0.000820773
-0.00102742
-0.00125168
-0.00148937
-0.00173608
-0.0019873
-0.00223858
-0.00248566
-0.00272454
-0.00295158
-0.00316359
-0.00335777
-0.00353179
-0.00368364
-0.00381166
-0.00391433
-0.00399021
-0.00403828
-0.00405733
-0.00403884
-0.00397439
0.000937163
0.000780646
0.000650214
0.000534234
0.000422098
0.000314066
0.00021016
0.000109504
1.11579e-05
-8.57837e-05
-0.000182213
-0.000278964
-0.00037677
-0.000476233
-0.000577793
-0.000681714
-0.000788072
-0.000896751
-0.00100743
-0.00111961
-0.00123258
-0.00134545
-0.00145716
-0.00156651
-0.00167213
-0.00177252
-0.00186612
-0.00195127
-0.00202631
-0.00208957
-0.00213946
-0.0021745
-0.00219336
-0.00219496
-0.00217848
-0.00214344
-0.00208975
-0.00201775
-0.00192827
-0.00182259
-0.00170253
-0.00157039
-0.00142893
-0.00128138
-0.00113132
-0.000982636
-0.00083941
-0.000705824
-0.00058603
-0.000484025
-0.00040352
-0.000347814
-0.000319665
-0.000321191
-0.000353776
-0.000418012
-0.000513658
-0.00063964
-0.000794075
-0.000974338
-0.00117715
-0.00139868
-0.00163471
-0.00188075
-0.00213223
-0.00238459
-0.00263348
-0.00287482
-0.00310492
-0.00332053
-0.00351885
-0.00369754
-0.00385461
-0.00398843
-0.00409751
-0.00418046
-0.00423626
-0.00426371
-0.00425539
-0.00420418
0.00109027
0.000903962
0.00075301
0.000622807
0.000499812
0.000383771
0.000274204
0.000169607
6.84753e-05
-3.05883e-05
-0.000128902
-0.000227664
-0.000327918
-0.000430523
-0.00053613
-0.000645174
-0.000757861
-0.000874172
-0.000993858
-0.00111644
-0.00124122
-0.00136729
-0.00149354
-0.00161867
-0.00174121
-0.00185953
-0.00197189
-0.00207645
-0.00217133
-0.00225465
-0.00232456
-0.00237931
-0.00241734
-0.00243727
-0.00243803
-0.00241891
-0.00237957
-0.00232015
-0.00224126
-0.00214406
-0.00203023
-0.001902
-0.00176211
-0.00161378
-0.00146066
-0.00130675
-0.0011563
-0.00101368
-0.000883308
-0.000769456
-0.000676151
-0.000607024
-0.00056518
-0.000553077
-0.00057243
-0.000624136
-0.000708227
-0.00082386
-0.000969331
-0.00114214
-0.00133908
-0.00155635
-0.00178968
-0.00203454
-0.00228623
-0.00254009
-0.00279162
-0.00303661
-0.00327128
-0.00349224
-0.00369663
-0.00388202
-0.00404642
-0.00418815
-0.00430575
-0.00439784
-0.00446339
-0.0045012
-0.00450508
-0.00446933
0.00123217
0.00101575
0.000843978
0.000699226
0.000564969
0.000440404
0.000324524
0.000215183
0.000110294
7.96079e-06
-9.35643e-05
-0.000195844
-0.000300227
-0.000407825
-0.000519496
-0.000635836
-0.00075718
-0.000883596
-0.00101489
-0.00115061
-0.00129006
-0.00143229
-0.00157611
-0.00172013
-0.00186273
-0.00200214
-0.00213643
-0.00226354
-0.00238135
-0.00248771
-0.00258051
-0.0026577
-0.00271743
-0.00275802
-0.00277811
-0.0027767
-0.00275319
-0.00270747
-0.00263995
-0.0025516
-0.00244393
-0.00231909
-0.00217977
-0.00202921
-0.00187109
-0.00170955
-0.00154899
-0.00139402
-0.00124934
-0.00111956
-0.00100906
-0.000921889
-0.000861561
-0.000830964
-0.000832232
-0.000866661
-0.000934646
-0.00103566
-0.00116826
-0.00133015
-0.00151824
-0.0017288
-0.00195757
-0.00219993
-0.0024511
-0.00270625
-0.00296073
-0.00321015
-0.00345052
-0.00367831
-0.00389049
-0.00408451
-0.00425826
-0.00440998
-0.00453818
-0.00464147
-0.00471873
-0.00476876
-0.00478663
-0.00476811
0.00135736
0.00111078
0.000918117
0.000758696
0.000612961
0.000479522
0.000356813
0.00024202
0.000132461
2.57335e-05
-8.03411e-05
-0.000187689
-0.000297959
-0.000412509
-0.000532395
-0.000658372
-0.000790888
-0.000930094
-0.00107584
-0.0012277
-0.00138494
-0.00154657
-0.00171132
-0.00187767
-0.00204386
-0.00220792
-0.00236771
-0.00252094
-0.00266522
-0.00279811
-0.00291717
-0.00302005
-0.00310456
-0.00316869
-0.00321076
-0.00322943
-0.00322381
-0.00319349
-0.00313864
-0.00306002
-0.00295888
-0.00283733
-0.00269796
-0.00254396
-0.00237909
-0.00220756
-0.00203398
-0.0018632
-0.00170023
-0.00155004
-0.00141745
-0.00130698
-0.00122265
-0.00116786
-0.00114528
-0.0011567
-0.00120298
-0.00128404
-0.00139879
-0.00154522
-0.00172045
-0.00192087
-0.00214226
-0.00237998
-0.00262911
-0.0028847
-0.00314186
-0.00339598
-0.00364283
-0.00387862
-0.0041001
-0.0043045
-0.00448952
-0.00465327
-0.00479412
-0.00491062
-0.00500151
-0.00506554
-0.005099
-0.00509921
0.00146029
0.00118377
0.00097036
0.00079632
0.000639045
0.000496508
0.000366549
0.00024566
0.000130552
1.83102e-05
-9.36773e-05
-0.000207698
-0.000325695
-0.000449268
-0.000579662
-0.000717776
-0.00086417
-0.00101906
-0.00118235
-0.0013536
-0.00153205
-0.00171664
-0.00190601
-0.00209849
-0.00229216
-0.00248485
-0.00267418
-0.00285758
-0.00303236
-0.00319577
-0.00334504
-0.00347745
-0.00359042
-0.00368161
-0.00374893
-0.00379069
-0.00380564
-0.00379306
-0.00375277
-0.00368521
-0.00359164
-0.00347377
-0.0033341
-0.0031758
-0.00300264
-0.00281893
-0.00262943
-0.00243926
-0.00225375
-0.00207831
-0.00191824
-0.00177859
-0.00166398
-0.00157844
-0.00152526
-0.00150687
-0.00152476
-0.00157936
-0.00167009
-0.00179534
-0.00195255
-0.0021383
-0.00234848
-0.00257844
-0.00282319
-0.00307759
-0.00333652
-0.00359509
-0.00384874
-0.00409337
-0.0043254
-0.00454176
-0.00473988
-0.0049176
-0.00507311
-0.0052048
-0.00531122
-0.00539091
-0.00544148
-0.0054617
0.00153543
0.00122941
0.000995593
0.000807139
0.000638377
0.00048661
0.000349045
0.000221456
9.99332e-05
-1.89582e-05
-0.000138263
-0.000260626
-0.000388284
-0.000523063
-0.000666394
-0.000819313
-0.000982476
-0.00115617
-0.00134032
-0.00153447
-0.00173784
-0.00194928
-0.0021673
-0.0023901
-0.00261556
-0.00284129
-0.00306464
-0.00328276
-0.00349263
-0.00369114
-0.00387515
-0.00404154
-0.00418734
-0.00430975
-0.00440631
-0.00447487
-0.0045138
-0.00452196
-0.00449883
-0.00444455
-0.00435997
-0.00424667
-0.00410697
-0.00394391
-0.00376123
-0.00356332
-0.00335509
-0.00314191
-0.00292948
-0.00272362
-0.00253019
-0.00235487
-0.00220294
-0.00207919
-0.00198767
-0.00193159
-0.00191317
-0.00193357
-0.00199284
-0.00208991
-0.00222265
-0.00238798
-0.00258195
-0.00279999
-0.00303703
-0.00328777
-0.00354682
-0.00380895
-0.00406924
-0.00432316
-0.0045667
-0.00479638
-0.00500925
-0.00520281
-0.00537493
-0.00552376
-0.00564755
-0.00574457
-0.00581368
-0.00585514
0.00157723
0.00124241
0.000988694
0.000786157
0.000606062
0.000444997
0.000299509
0.000164633
3.58208e-05
-9.08854e-05
-0.000218965
-0.000351416
-0.000490759
-0.000639046
-0.000797881
-0.00096843
-0.00115144
-0.00134726
-0.00155582
-0.00177666
-0.00200894
-0.00225142
-0.00250248
-0.00276017
-0.00302215
-0.00328578
-0.00354815
-0.00380606
-0.00405617
-0.00429496
-0.00451888
-0.00472439
-0.00490805
-0.00506661
-0.00519711
-0.00529695
-0.00536401
-0.00539669
-0.00539405
-0.00535582
-0.00528249
-0.00517533
-0.00503641
-0.00486863
-0.00467563
-0.00446181
-0.00423223
-0.00399249
-0.00374862
-0.00350695
-0.00327392
-0.00305586
-0.00285889
-0.00268862
-0.00255001
-0.00244721
-0.00238335
-0.00236048
-0.00237946
-0.00243994
-0.0025404
-0.00267818
-0.00284966
-0.00305039
-0.0032753
-0.00351891
-0.00377559
-0.0040397
-0.00430585
-0.00456903
-0.00482467
-0.00506879
-0.0052979
-0.00550904
-0.00569965
-0.00586753
-0.00601053
-0.00612653
-0.00621562
-0.00627951
0.00158021
0.00121752
0.000944576
0.000728397
0.000537201
0.00036682
0.000213111
7.03531e-05
-6.66462e-05
-0.000202376
-0.000340748
-0.000485111
-0.000638263
-0.000802475
-0.000979517
-0.00117068
-0.0013768
-0.00159826
-0.00183502
-0.00208659
-0.00235206
-0.00263009
-0.00291894
-0.00321646
-0.00352011
-0.00382698
-0.00413384
-0.00443717
-0.00473322
-0.00501808
-0.00528774
-0.00553819
-0.00576548
-0.00596585
-0.00613579
-0.00627217
-0.00637232
-0.00643411
-0.00645609
-0.00643751
-0.00637841
-0.00627966
-0.00614304
-0.00597116
-0.00576755
-0.00553656
-0.00528332
-0.00501365
-0.00473392
-0.00445094
-0.00417176
-0.0039035
-0.00365312
-0.00342722
-0.00323182
-0.00307215
-0.00295247
-0.0028759
-0.00284432
-0.00285831
-0.00291713
-0.00301875
-0.00316
-0.00333667
-0.00354376
-0.00377568
-0.00402648
-0.00429013
-0.00456069
-0.00483254
-0.00510046
-0.0053598
-0.00560642
-0.00583673
-0.00604764
-0.00623644
-0.00640046
-0.00653712
-0.00664766
-0.00673526
0.00153894
0.00114957
0.000858239
0.000628957
0.000426953
0.000247271
8.50459e-05
-6.62061e-05
-0.000212329
-0.000358345
-0.000508596
-0.000666776
-0.000835956
-0.00101862
-0.0012167
-0.00143162
-0.00166427
-0.0019151
-0.00218405
-0.00247062
-0.00277384
-0.00309225
-0.00342397
-0.00376665
-0.00411752
-0.0044734
-0.00483072
-0.00518561
-0.00553391
-0.00587124
-0.00619313
-0.00649502
-0.00677244
-0.00702102
-0.00723668
-0.00741566
-0.00755468
-0.00765102
-0.00770259
-0.00770809
-0.00766701
-0.00757977
-0.00744769
-0.00727308
-0.00705922
-0.00681036
-0.00653163
-0.00622901
-0.0059092
-0.00557948
-0.00524754
-0.00492132
-0.00460871
-0.00431742
-0.00405467
-0.00382694
-0.00363983
-0.00349776
-0.00340386
-0.00335989
-0.0033661
-0.00342132
-0.003523
-0.00366733
-0.0038495
-0.00406383
-0.00430413
-0.00456388
-0.00483657
-0.00511583
-0.00539568
-0.00567063
-0.00593574
-0.00618665
-0.00641955
-0.0066311
-0.00681797
-0.00697699
-0.00711052
-0.00722322
0.00144817
0.00103358
0.000724838
0.000483075
0.000270606
8.16522e-05
-8.939e-05
-0.000249778
-0.000406008
-0.00056363
-0.000727414
-0.000901397
-0.00108892
-0.00129267
-0.00151475
-0.00175668
-0.00201945
-0.00230353
-0.00260888
-0.00293496
-0.00328072
-0.00364462
-0.0040246
-0.00441812
-0.00482216
-0.00523325
-0.00564747
-0.00606057
-0.00646794
-0.00686474
-0.00724594
-0.00760645
-0.00794117
-0.00824512
-0.00851353
-0.00874197
-0.00892646
-0.00906358
-0.00915057
-0.00918544
-0.00916706
-0.00909524
-0.00897081
-0.00879563
-0.00857267
-0.00830594
-0.00800053
-0.00766251
-0.00729883
-0.00691724
-0.00652606
-0.00613405
-0.00575016
-0.00538325
-0.00504189
-0.00473403
-0.00446677
-0.0042461
-0.00407666
-0.00396164
-0.00390258
-0.00389941
-0.00395044
-0.00405248
-0.004201
-0.00439039
-0.00461421
-0.0048655
-0.00513704
-0.00542165
-0.00571244
-0.00600293
-0.00628718
-0.00655988
-0.00681633
-0.0070524
-0.00726395
-0.00744708
-0.00760526
-0.00774461
0.00130287
0.000864734
0.000539736
0.000286197
6.36412e-05
-0.000134546
-0.000314724
-0.000484925
-0.000652292
-0.000822898
-0.00100194
-0.00119379
-0.00140204
-0.00162961
-0.00187874
-0.00215107
-0.00244767
-0.00276905
-0.00311517
-0.00348546
-0.0038788
-0.00429354
-0.00472745
-0.0051778
-0.0056413
-0.00611417
-0.00659215
-0.00707055
-0.00754432
-0.00800809
-0.00845627
-0.00888316
-0.00928299
-0.0096501
-0.00997899
-0.0102645
-0.0105018
-0.0106867
-0.0108158
-0.0108862
-0.010896
-0.0108444
-0.0107317
-0.010559
-0.0103289
-0.0100452
-0.00971277
-0.00933763
-0.00892697
-0.00848891
-0.0080324
-0.00756704
-0.00710281
-0.00664987
-0.00621823
-0.00581748
-0.00545644
-0.0051429
-0.00488331
-0.00468259
-0.00454389
-0.00446854
-0.00445601
-0.00450394
-0.00460834
-0.00476376
-0.00496363
-0.00520051
-0.00546649
-0.00575347
-0.00605345
-0.0063588
-0.00666242
-0.00695781
-0.00723921
-0.0075015
-0.00773956
-0.00794861
-0.00813321
-0.00830101
0.00109827
0.000638547
0.000298579
3.40418e-05
-0.000198187
-0.000405569
-0.000595224
-0.00077595
-0.00095553
-0.00114055
-0.00133663
-0.00154847
-0.00177994
-0.00203413
-0.00231345
-0.00261966
-0.00295391
-0.00331674
-0.00370814
-0.0041275
-0.00457364
-0.00504477
-0.00553852
-0.00605193
-0.00658146
-0.00712301
-0.00767193
-0.0082231
-0.00877098
-0.00930965
-0.00983293
-0.0103345
-0.0108077
-0.0112464
-0.0116441
-0.0119948
-0.012293
-0.0125335
-0.012712
-0.0128248
-0.0128692
-0.0128436
-0.0127474
-0.0125812
-0.0123471
-0.0120483
-0.0116894
-0.0112764
-0.0108165
-0.0103182
-0.00979104
-0.0092453
-0.00869209
-0.00814287
-0.0076092
-0.00710243
-0.00663334
-0.00621175
-0.00584621
-0.0055437
-0.00530934
-0.00514621
-0.00505527
-0.00503534
-0.0050832
-0.0051938
-0.00536053
-0.00557556
-0.00583024
-0.00611544
-0.00642196
-0.00674082
-0.00706351
-0.00738215
-0.00768967
-0.00797977
-0.00824615
-0.00848299
-0.00869594
-0.00889421
0.000830017
0.000350882
-2.63322e-06
-0.000277321
-0.000518782
-0.000735319
-0.000934812
-0.00112681
-0.00131972
-0.00152064
-0.00173559
-0.0019696
-0.00222679
-0.00251046
-0.00282318
-0.00316681
-0.0035426
-0.00395114
-0.00439242
-0.00486582
-0.00537007
-0.00590329
-0.00646294
-0.00704583
-0.00764816
-0.00826548
-0.00889276
-0.00952443
-0.0101544
-0.0107762
-0.0113831
-0.0119678
-0.0125233
-0.0130422
-0.0135174
-0.0139421
-0.0143097
-0.0146141
-0.01485
-0.0150128
-0.015099
-0.0151058
-0.0150319
-0.0148773
-0.0146431
-0.0143321
-0.0139485
-0.0134981
-0.012988
-0.0124269
-0.0118247
-0.0111925
-0.0105425
-0.0098873
-0.0092402
-0.00861437
-0.0080227
-0.0074773
-0.00698911
-0.00656752
-0.00621997
-0.00595174
-0.00576566
-0.00566211
-0.00563899
-0.00569191
-0.00581443
-0.00599842
-0.00623452
-0.00651252
-0.00682187
-0.00715203
-0.00749287
-0.00783488
-0.00816942
-0.00848879
-0.00878528
-0.00905185
-0.00929522
-0.00952624
0.000494174
-1.95695e-06
-0.000367468
-0.0006514
-0.000901622
-0.00112727
-0.00133698
-0.00154102
-0.00174842
-0.00196675
-0.00220244
-0.00246082
-0.00274628
-0.00306231
-0.00341164
-0.00379627
-0.00421752
-0.00467604
-0.00517185
-0.0057043
-0.00627205
-0.00687311
-0.00750478
-0.00816365
-0.00884563
-0.00954593
-0.0102591
-0.0109791
-0.0116994
-0.0124127
-0.0131117
-0.0137884
-0.014435
-0.0150431
-0.0156049
-0.0161125
-0.0165583
-0.0169353
-0.0172371
-0.017458
-0.0175936
-0.01764
-0.0175951
-0.0174579
-0.0172287
-0.0169097
-0.0165044
-0.0160183
-0.0154583
-0.0148331
-0.014153
-0.0134297
-0.0126762
-0.0119065
-0.0111354
-0.0103781
-0.00964957
-0.0089645
-0.00833649
-0.00777765
-0.00729821
-0.00690601
-0.00660627
-0.00640136
-0.00629073
-0.006271
-0.00633619
-0.00647806
-0.00668659
-0.00695048
-0.00725769
-0.00759597
-0.0079533
-0.00831826
-0.00868038
-0.00903029
-0.00935861
-0.00965689
-0.00993292
-0.0101993
8.7338e-05
-0.000423158
-0.000798991
-0.0010912
-0.00134969
-0.00158441
-0.00180472
-0.0020216
-0.00224465
-0.00248192
-0.00274022
-0.00302518
-0.00334145
-0.00369272
-0.00408187
-0.00451105
-0.00498166
-0.00549442
-0.00604937
-0.00664584
-0.00728245
-0.00795707
-0.00866686
-0.00940817
-0.0101766
-0.0109671
-0.0117736
-0.0125898
-0.0134084
-0.0142216
-0.0150213
-0.0157987
-0.0165452
-0.0172516
-0.0179089
-0.0185083
-0.0190413
-0.0194996
-0.0198759
-0.0201635
-0.0203565
-0.0204503
-0.0204416
-0.0203284
-0.0201103
-0.0197884
-0.0193657
-0.0188471
-0.0182391
-0.0175504
-0.0167912
-0.0159738
-0.0151119
-0.0142207
-0.0133165
-0.0124164
-0.0115377
-0.0106976
-0.00991265
-0.00919807
-0.00856721
-0.00803099
-0.00759751
-0.00727166
-0.00705494
-0.00694546
-0.00693806
-0.00702465
-0.00719473
-0.00743591
-0.00773461
-0.00807666
-0.00844792
-0.00883478
-0.00922463
-0.0096061
-0.0099679
-0.0102999
-0.010611
-0.0109155
-0.000393298
-0.000915328
-0.00129969
-0.00159917
-0.0018654
-0.00210913
-0.00234044
-0.00257095
-0.00281081
-0.00306854
-0.0033513
-0.00366503
-0.00401461
-0.00440394
-0.00483608
-0.00531328
-0.00583707
-0.00640823
-0.00702682
-0.00769218
-0.00840287
-0.00915664
-0.00995048
-0.0107805
-0.0116421
-0.0125296
-0.0134369
-0.0143568
-0.0152815
-0.0162027
-0.0171113
-0.0179979
-0.0188528
-0.0196661
-0.0204277
-0.0211277
-0.0217565
-0.0223049
-0.0227643
-0.0231267
-0.0233855
-0.0235347
-0.0235699
-0.0234881
-0.0232878
-0.0229693
-0.0225348
-0.0219882
-0.0213359
-0.0205858
-0.0197485
-0.0188362
-0.0178632
-0.0168456
-0.0158012
-0.0147488
-0.013708
-0.0126988
-0.0117406
-0.0108521
-0.0100501
-0.0093491
-0.00876062
-0.00829267
-0.00794942
-0.00773098
-0.00763353
-0.00764952
-0.00776819
-0.00797622
-0.00825843
-0.00859859
-0.00898021
-0.00938715
-0.00980435
-0.0102181
-0.0106149
-0.0109826
-0.0113312
-0.011677
-0.000949871
-0.00148043
-0.00187144
-0.0021771
-0.00245053
-0.0027032
-0.00294587
-0.00319079
-0.00344862
-0.00372829
-0.00403732
-0.00438194
-0.00476726
-0.00519738
-0.00567553
-0.00620411
-0.00678474
-0.00741829
-0.00810486
-0.00884376
-0.00963351
-0.0104718
-0.0113553
-0.0122801
-0.013241
-0.0142323
-0.0152471
-0.0162779
-0.0173161
-0.0183528
-0.019378
-0.0203817
-0.0213531
-0.0222813
-0.0231553
-0.0239641
-0.0246969
-0.0253435
-0.025894
-0.0263396
-0.0266721
-0.0268846
-0.0269716
-0.0269289
-0.0267539
-0.0264459
-0.0260062
-0.0254378
-0.0247463
-0.0239393
-0.0230268
-0.0220211
-0.0209369
-0.0197908
-0.0186017
-0.0173901
-0.0161777
-0.0149871
-0.0138409
-0.0127613
-0.011769
-0.0108823
-0.010117
-0.00948463
-0.00899278
-0.00864427
-0.00843718
-0.00836504
-0.00841722
-0.00857964
-0.0088356
-0.00916672
-0.00955392
-0.00997825
-0.0104218
-0.0108682
-0.0113013
-0.0117067
-0.0120955
-0.012486
-0.00158378
-0.00211971
-0.00251539
-0.00282613
-0.00310615
-0.00336768
-0.00362206
-0.00388212
-0.00415901
-0.00446205
-0.00479907
-0.0051766
-0.00559996
-0.00607346
-0.0066005
-0.00718361
-0.00782453
-0.00852421
-0.00928278
-0.0100996
-0.010973
-0.0119007
-0.0128792
-0.0139042
-0.0149704
-0.0160714
-0.0172
-0.0183481
-0.0195065
-0.0206655
-0.0218144
-0.0229421
-0.0240371
-0.0250875
-0.026081
-0.0270058
-0.02785
-0.0286022
-0.0292513
-0.0297874
-0.0302013
-0.0304848
-0.0306313
-0.0306354
-0.0304935
-0.0302038
-0.0297664
-0.0291836
-0.0284598
-0.0276021
-0.0266198
-0.0255249
-0.024332
-0.0230581
-0.021723
-0.0203484
-0.0189579
-0.0175765
-0.01623
-0.0149441
-0.0137436
-0.0126513
-0.0116872
-0.0108676
-0.010204
-0.00970266
-0.00936442
-0.00918447
-0.00915286
-0.00925511
-0.00947315
-0.00978644
-0.0101731
-0.0106111
-0.0110793
-0.0115582
-0.0120287
-0.0124737
-0.0129054
-0.0133441
-0.00229566
-0.00283369
-0.00323199
-0.00354662
-0.00383263
-0.00410285
-0.00436924
-0.00464513
-0.0049421
-0.00526983
-0.00563647
-0.00604877
-0.00651231
-0.00703158
-0.00761014
-0.00825067
-0.00895503
-0.00972423
-0.0105585
-0.0114571
-0.0124184
-0.0134399
-0.0145181
-0.0156482
-0.0168247
-0.0180408
-0.0192887
-0.0205597
-0.0218441
-0.0231311
-0.0244096
-0.0256674
-0.026892
-0.0280704
-0.0291897
-0.0302366
-0.0311983
-0.0320622
-0.0328164
-0.0334495
-0.0339514
-0.0343129
-0.034526
-0.0345844
-0.0344834
-0.03422
-0.0337933
-0.0332043
-0.0324567
-0.0315563
-0.0305117
-0.0293344
-0.0280384
-0.026641
-0.025162
-0.0236242
-0.0220527
-0.0204747
-0.0189189
-0.0174143
-0.0159901
-0.0146737
-0.0134901
-0.0124606
-0.0116015
-0.0109236
-0.010431
-0.0101216
-0.00998681
-0.0100122
-0.0101786
-0.0104635
-0.010842
-0.0112888
-0.011779
-0.0122898
-0.0127984
-0.0132848
-0.0137621
-0.0142529
-0.00308529
-0.00362207
-0.00402088
-0.0043382
-0.00462952
-0.00490825
-0.00518687
-0.00547918
-0.00579714
-0.00615077
-0.00654846
-0.00699724
-0.00750287
-0.00807004
-0.00870246
-0.00940297
-0.0101735
-0.0110152
-0.0119283
-0.0129122
-0.013965
-0.0150841
-0.0162659
-0.0175053
-0.0187963
-0.0201319
-0.0215036
-0.0229021
-0.024317
-0.0257368
-0.0271494
-0.0285418
-0.0299006
-0.0312118
-0.0324613
-0.033635
-0.0347189
-0.0356994
-0.0365636
-0.037299
-0.0378945
-0.0383398
-0.038626
-0.0387457
-0.038693
-0.0384639
-0.0380563
-0.0374702
-0.0367081
-0.0357746
-0.0346774
-0.0334269
-0.0320366
-0.030523
-0.0289061
-0.027209
-0.0254579
-0.0236817
-0.0219115
-0.0201797
-0.0185196
-0.0169634
-0.0155414
-0.0142805
-0.0132026
-0.0123237
-0.0116526
-0.0111906
-0.0109311
-0.0108608
-0.0109599
-0.0112039
-0.011565
-0.0120144
-0.0125232
-0.0130645
-0.0136116
-0.0141409
-0.0146666
-0.0152134
-0.00395165
-0.00448375
-0.00488092
-0.00519968
-0.00549558
-0.00578256
-0.00607357
-0.00638279
-0.00672252
-0.00710306
-0.00753307
-0.00801977
-0.00856912
-0.009186
-0.00987427
-0.0106369
-0.011476
-0.0123927
-0.0133873
-0.014459
-0.0156062
-0.0168261
-0.0181145
-0.0194664
-0.0208753
-0.0223336
-0.0238325
-0.0253618
-0.0269105
-0.0284663
-0.0300162
-0.0315464
-0.0330424
-0.0344893
-0.035872
-0.0371754
-0.0383845
-0.0394848
-0.0404622
-0.0413037
-0.0419969
-0.0425306
-0.0428951
-0.043082
-0.0430843
-0.0428971
-0.0425171
-0.0419433
-0.0411767
-0.040221
-0.0390824
-0.0377702
-0.0362968
-0.0346779
-0.0329328
-0.0310846
-0.0291598
-0.0271884
-0.0252036
-0.0232408
-0.0213369
-0.0195288
-0.0178526
-0.0163409
-0.0150222
-0.0139184
-0.0130441
-0.0124049
-0.0119979
-0.0118112
-0.0118251
-0.0120138
-0.0123467
-0.0127909
-0.0133137
-0.0138834
-0.0144689
-0.0150425
-0.0156192
-0.0162262
-0.00489282
-0.00541681
-0.00581018
-0.00612908
-0.00642879
-0.00672367
-0.0070271
-0.00735358
-0.00771569
-0.00812397
-0.0085873
-0.00911309
-0.00970748
-0.0103755
-0.0111212
-0.0119476
-0.012857
-0.0138505
-0.0149286
-0.0160903
-0.0173341
-0.0186567
-0.020054
-0.0215206
-0.0230495
-0.0246327
-0.0262607
-0.0279228
-0.0296071
-0.0313006
-0.0329894
-0.0346587
-0.0362932
-0.0378769
-0.0393939
-0.0408281
-0.0421637
-0.043385
-0.0444774
-0.0454268
-0.0462201
-0.0468454
-0.047292
-0.0475507
-0.0476138
-0.0474752
-0.0471308
-0.0465783
-0.0458177
-0.0448512
-0.0436837
-0.0423231
-0.0407803
-0.0390698
-0.0372098
-0.0352226
-0.0331346
-0.0309763
-0.028782
-0.0265895
-0.0244389
-0.0223718
-0.0204294
-0.018651
-0.0170717
-0.0157206
-0.0146186
-0.0137776
-0.0131988
-0.0128732
-0.0127824
-0.0128993
-0.0131912
-0.0136213
-0.0141522
-0.0147473
-0.0153705
-0.0159895
-0.0166198
-0.017291
-0.00590605
-0.00641852
-0.00680591
-0.00712364
-0.0074263
-0.00772866
-0.00804442
-0.00838835
-0.00877324
-0.00920984
-0.00970721
-0.0102729
-0.0109133
-0.0116335
-0.0124377
-0.013329
-0.0143098
-0.0153814
-0.0165441
-0.0177972
-0.0191386
-0.0205652
-0.0220725
-0.0236548
-0.0253046
-0.0270135
-0.0287713
-0.0305666
-0.0323868
-0.0342181
-0.0360456
-0.0378537
-0.0396261
-0.041346
-0.0429966
-0.0445608
-0.0460219
-0.0473638
-0.0485708
-0.0496282
-0.0505223
-0.0512404
-0.0517713
-0.052105
-0.0522332
-0.0521489
-0.0518472
-0.0513246
-0.0505801
-0.0496144
-0.0484312
-0.0470366
-0.0454399
-0.043654
-0.0416955
-0.0395853
-0.0373491
-0.0350169
-0.0326236
-0.0302084
-0.0278141
-0.0254862
-0.0232711
-0.0212143
-0.0193582
-0.0177395
-0.0163871
-0.0153195
-0.0145442
-0.0140563
-0.0138393
-0.0138665
-0.0141028
-0.0145081
-0.0150399
-0.0156566
-0.0163161
-0.016981
-0.0176674
-0.0184069
-0.00698775
-0.00748536
-0.00786461
-0.00817981
-0.00848452
-0.0087938
-0.00912166
-0.00948303
-0.00989087
-0.0103561
-0.0108879
-0.011494
-0.0121809
-0.0129538
-0.013817
-0.0147738
-0.0158266
-0.0169767
-0.0182245
-0.0195691
-0.0210084
-0.0225391
-0.0241565
-0.0258542
-0.0276247
-0.0294586
-0.0313454
-0.0332729
-0.0352276
-0.037195
-0.0391593
-0.0411041
-0.043012
-0.0448656
-0.046647
-0.0483385
-0.0499227
-0.0513825
-0.052702
-0.0538656
-0.0548592
-0.0556697
-0.0562853
-0.0566956
-0.0568917
-0.056866
-0.0566127
-0.0561277
-0.0554086
-0.0544552
-0.0532694
-0.0518557
-0.0502217
-0.0483783
-0.0463401
-0.0441263
-0.0417607
-0.0392724
-0.0366958
-0.0340708
-0.0314418
-0.0288575
-0.0263688
-0.0240273
-0.0218827
-0.0199801
-0.0183566
-0.0170394
-0.0160431
-0.0153686
-0.015003
-0.0149205
-0.0150851
-0.0154532
-0.0159776
-0.0166108
-0.0173046
-0.0180156
-0.0187602
-0.0195722
-0.00813353
-0.00861305
-0.00898203
-0.00929332
-0.00959911
-0.00991466
-0.0102542
-0.0106328
-0.0110635
-0.0115573
-0.0121236
-0.0127702
-0.0135036
-0.0143291
-0.0152513
-0.0162735
-0.017398
-0.0186264
-0.0199588
-0.0213944
-0.0229309
-0.0245647
-0.0262909
-0.0281027
-0.0299921
-0.0319491
-0.0339625
-0.0360195
-0.0381058
-0.040206
-0.0423036
-0.0443811
-0.0464205
-0.0484034
-0.0503111
-0.0521254
-0.0538281
-0.0554016
-0.0568294
-0.0580957
-0.0591859
-0.0600866
-0.0607857
-0.0612725
-0.0615376
-0.0615732
-0.0613728
-0.0609315
-0.0602462
-0.0593153
-0.0581395
-0.0567217
-0.0550673
-0.0531852
-0.0510878
-0.0487918
-0.046319
-0.0436964
-0.0409572
-0.0381407
-0.0352921
-0.0324621
-0.0297055
-0.0270793
-0.0246402
-0.0224416
-0.0205303
-0.0189426
-0.017702
-0.0168167
-0.0162791
-0.016066
-0.0161411
-0.0164581
-0.0169652
-0.0176088
-0.018334
-0.0190908
-0.0198954
-0.0207838
-0.00933826
-0.00979662
-0.0101533
-0.0104593
-0.0107651
-0.0110861
-0.0114367
-0.0118321
-0.0122852
-0.0128073
-0.0134078
-0.0140944
-0.0148738
-0.0157515
-0.016732
-0.0178187
-0.0190141
-0.0203195
-0.0217351
-0.0232601
-0.024892
-0.0266269
-0.0284595
-0.0303827
-0.0323879
-0.0344646
-0.0366009
-0.0387833
-0.0409967
-0.0432249
-0.0454505
-0.0476552
-0.0498202
-0.0519264
-0.0539544
-0.0558853
-0.0577003
-0.0593816
-0.0609122
-0.0622759
-0.0634581
-0.0644451
-0.0652247
-0.0657862
-0.0661199
-0.0662178
-0.066073
-0.0656803
-0.0650355
-0.0641363
-0.0629821
-0.0615741
-0.0599159
-0.0580141
-0.0558786
-0.0535235
-0.0509676
-0.0482356
-0.0453584
-0.0423738
-0.0393264
-0.0362679
-0.0332557
-0.0303512
-0.0276178
-0.0251172
-0.0229056
-0.02103
-0.019524
-0.0184048
-0.0176719
-0.0173062
-0.0172728
-0.0175234
-0.0180018
-0.0186487
-0.0194015
-0.0202031
-0.0210692
-0.0220378
-0.0105961
-0.0110304
-0.0113728
-0.011672
-0.0119767
-0.0123023
-0.0126632
-0.0130746
-0.0135496
-0.0140993
-0.014733
-0.0154588
-0.0162833
-0.017212
-0.0182495
-0.0193992
-0.0206635
-0.022044
-0.0235407
-0.0251524
-0.0268768
-0.0287095
-0.030645
-0.0326756
-0.0347923
-0.0369841
-0.0392382
-0.0415404
-0.043875
-0.0462248
-0.0485717
-0.0508967
-0.0531801
-0.0554022
-0.0575429
-0.0595827
-0.0615026
-0.0632843
-0.0649106
-0.0663651
-0.0676332
-0.0687013
-0.0695571
-0.0701899
-0.0705902
-0.0707499
-0.0706619
-0.0703207
-0.0697216
-0.0688616
-0.0677389
-0.0663533
-0.0647067
-0.0628034
-0.0606507
-0.0582597
-0.0556464
-0.052832
-0.0498444
-0.0467188
-0.0434985
-0.0402344
-0.0369853
-0.0338161
-0.0307954
-0.0279929
-0.0254745
-0.023298
-0.0215085
-0.0201341
-0.0191831
-0.0186427
-0.0184807
-0.0186483
-0.0190856
-0.0197273
-0.020503
-0.0213477
-0.0222765
-0.0233287
-0.0119008
-0.0123083
-0.0126344
-0.0129256
-0.013228
-0.013557
-0.0139273
-0.0143537
-0.0148495
-0.0154256
-0.0160914
-0.016855
-0.017723
-0.0187009
-0.0197934
-0.0210038
-0.0223346
-0.0237872
-0.0253617
-0.0270568
-0.0288696
-0.0307959
-0.0328295
-0.0349625
-0.0371852
-0.0394859
-0.0418514
-0.0442667
-0.0467152
-0.0491791
-0.0516394
-0.0540764
-0.0564697
-0.058799
-0.0610437
-0.0631838
-0.0652
-0.0670736
-0.0687874
-0.0703251
-0.071672
-0.0728146
-0.0737411
-0.0744407
-0.0749041
-0.0751235
-0.0750919
-0.0748035
-0.0742535
-0.0734382
-0.0723551
-0.0710027
-0.0693814
-0.0674932
-0.065343
-0.0629391
-0.0602936
-0.0574245
-0.0543559
-0.0511197
-0.047756
-0.0443143
-0.040853
-0.0374389
-0.034145
-0.0310476
-0.0282219
-0.025737
-0.0236503
-0.0220022
-0.0208119
-0.0200749
-0.0197638
-0.0198308
-0.0202133
-0.0208401
-0.0216331
-0.0225186
-0.0235107
-0.0246498
-0.0132453
-0.0136237
-0.0139318
-0.0142135
-0.0145123
-0.0148436
-0.015222
-0.0156622
-0.0161773
-0.0167783
-0.0174746
-0.0182741
-0.0191834
-0.0202081
-0.0213528
-0.0226209
-0.0240149
-0.0255359
-0.0271841
-0.0289579
-0.0308544
-0.0328689
-0.0349949
-0.037224
-0.0395459
-0.0419485
-0.0444179
-0.0469383
-0.0494923
-0.0520616
-0.0546263
-0.0571661
-0.05966
-0.062087
-0.0644261
-0.0666569
-0.0687599
-0.0707163
-0.0725087
-0.0741211
-0.0755388
-0.0767488
-0.0777392
-0.0785
-0.0790219
-0.0792978
-0.0793206
-0.0790848
-0.0785855
-0.0778186
-0.0767811
-0.0754706
-0.073886
-0.0720275
-0.0698978
-0.0675018
-0.0648487
-0.0619522
-0.0588325
-0.0555171
-0.0520424
-0.0484548
-0.044811
-0.041178
-0.0376315
-0.034253
-0.0311264
-0.0283317
-0.0259391
-0.0240026
-0.022554
-0.0215996
-0.021119
-0.0210672
-0.02138
-0.0219813
-0.0227849
-0.0237083
-0.0247637
-0.0259925
-0.0146224
-0.0149695
-0.015258
-0.0155289
-0.0158228
-0.016155
-0.01654
-0.0169925
-0.0175252
-0.0181492
-0.0188737
-0.0197066
-0.0206545
-0.021723
-0.0229165
-0.0242386
-0.0256915
-0.0272764
-0.0289933
-0.0308405
-0.0328148
-0.0349111
-0.0371227
-0.0394406
-0.0418542
-0.0443507
-0.0469154
-0.0495319
-0.0521824
-0.0548475
-0.0575069
-0.0601395
-0.0627238
-0.0652383
-0.0676617
-0.0699732
-0.072153
-0.0741825
-0.0760443
-0.0777224
-0.0792026
-0.080472
-0.0815193
-0.0823349
-0.0829104
-0.0832381
-0.0833121
-0.0831271
-0.0826783
-0.0819617
-0.0809737
-0.0797114
-0.0781725
-0.0763559
-0.0742618
-0.0718926
-0.0692541
-0.0663561
-0.0632142
-0.0598513
-0.0562992
-0.0525998
-0.0488069
-0.0449859
-0.0412131
-0.0375743
-0.03416
-0.0310605
-0.028359
-0.0261238
-0.0244014
-0.0232107
-0.0225407
-0.0223514
-0.0225791
-0.0231433
-0.0239501
-0.0249075
-0.0260256
-0.0273466
-0.0160245
-0.0163385
-0.016606
-0.0168647
-0.0171523
-0.0174839
-0.0178739
-0.0183368
-0.0188851
-0.0195297
-0.0202798
-0.0211431
-0.0221263
-0.0232348
-0.0244731
-0.0258445
-0.0273514
-0.0289949
-0.0307747
-0.032689
-0.0347343
-0.0369053
-0.0391948
-0.0415936
-0.0440903
-0.0466716
-0.0493224
-0.0520256
-0.0547625
-0.0575133
-0.0602571
-0.0629721
-0.0656363
-0.0682279
-0.070725
-0.073107
-0.0753537
-0.0774465
-0.0793681
-0.081103
-0.082637
-0.0839578
-0.0850546
-0.0859182
-0.0865408
-0.0869155
-0.0870368
-0.0868997
-0.0864999
-0.0858335
-0.0848969
-0.0836868
-0.0822002
-0.0804346
-0.0783885
-0.076062
-0.0734576
-0.0705813
-0.0674443
-0.0640643
-0.0604679
-0.056692
-0.0527855
-0.0488108
-0.0448434
-0.0409705
-0.0372882
-0.0338958
-0.0308886
-0.0283499
-0.0263419
-0.0248984
-0.0240205
-0.0236755
-0.0238019
-0.0243166
-0.0251182
-0.026105
-0.027285
-0.0287
-0.0174438
-0.0177233
-0.0179685
-0.0182138
-0.0184937
-0.0188231
-0.0192162
-0.0196873
-0.0202488
-0.0209112
-0.0216836
-0.0225739
-0.0235884
-0.0247326
-0.0260108
-0.0274265
-0.0289818
-0.0306777
-0.0325138
-0.0344881
-0.0365969
-0.0388347
-0.0411937
-0.0436645
-0.0462351
-0.0488918
-0.0516187
-0.0543983
-0.0572114
-0.0600374
-0.0628549
-0.0656417
-0.0683752
-0.0710333
-0.0735939
-0.0760361
-0.0783397
-0.0804862
-0.0824585
-0.0842412
-0.0858206
-0.0871848
-0.0883237
-0.0892284
-0.0898919
-0.0903081
-0.0904718
-0.0903788
-0.0900252
-0.0894076
-0.0885224
-0.0873663
-0.0859358
-0.0842277
-0.0822389
-0.0799675
-0.0774133
-0.0745787
-0.0714706
-0.0681016
-0.0644925
-0.0606744
-0.0566907
-0.052599
-0.0484718
-0.0443963
-0.0404716
-0.0368042
-0.0335008
-0.0306594
-0.0283587
-0.0266495
-0.0255469
-0.0250286
-0.0250376
-0.0254898
-0.026277
-0.027288
-0.0285281
-0.0300386
-0.0188727
-0.0191166
-0.0193384
-0.0195691
-0.0198398
-0.0201652
-0.0205595
-0.0210363
-0.0216081
-0.022285
-0.0230763
-0.0239893
-0.0250306
-0.0262055
-0.0275183
-0.0289723
-0.0305696
-0.0323111
-0.0341962
-0.0362229
-0.038387
-0.0406829
-0.0431025
-0.0456358
-0.0482706
-0.0509926
-0.0537855
-0.0566311
-0.0595097
-0.0624003
-0.0652808
-0.0681287
-0.0709211
-0.0736353
-0.0762493
-0.0787418
-0.0810928
-0.0832838
-0.0852979
-0.08712
-0.0887368
-0.0901368
-0.0913105
-0.0922497
-0.0929478
-0.0933996
-0.0936006
-0.0935472
-0.0932362
-0.0926645
-0.0918292
-0.090727
-0.0893542
-0.0877072
-0.0857818
-0.0835747
-0.0810831
-0.0783064
-0.0752475
-0.071914
-0.068321
-0.0644933
-0.0604678
-0.0562961
-0.0520462
-0.0478028
-0.043666
-0.0397475
-0.0361636
-0.0330261
-0.0304308
-0.0284464
-0.027105
-0.026397
-0.0262728
-0.0266489
-0.0274119
-0.0284412
-0.0297392
-0.0313463
-0.0203033
-0.020511
-0.0207086
-0.0209235
-0.0211836
-0.0215033
-0.0218963
-0.0223762
-0.022955
-0.0236429
-0.0244487
-0.02538
-0.026443
-0.027643
-0.0289843
-0.0304701
-0.0321025
-0.0338821
-0.0358084
-0.0378789
-0.0400897
-0.0424345
-0.0449051
-0.0474912
-0.0501801
-0.0529571
-0.0558054
-0.0587064
-0.0616399
-0.0645844
-0.0675175
-0.0704161
-0.0732572
-0.0760176
-0.0786753
-0.0812089
-0.0835984
-0.0858254
-0.0878731
-0.0897267
-0.0913734
-0.0928022
-0.0940039
-0.0949711
-0.0956979
-0.0961796
-0.0964126
-0.0963939
-0.0961211
-0.0955918
-0.0948035
-0.0937533
-0.0924378
-0.0908529
-0.0889942
-0.0868569
-0.0844367
-0.0817301
-0.0787365
-0.0754589
-0.0719069
-0.0680989
-0.0640647
-0.0598492
-0.0555139
-0.0511394
-0.0468245
-0.0426835
-0.0388402
-0.035419
-0.0325323
-0.0302678
-0.0286763
-0.0277639
-0.0274911
-0.0277777
-0.0285062
-0.0295473
-0.0309004
-0.0326045
-0.0217281
-0.0218994
-0.0220722
-0.0222704
-0.0225184
-0.0228303
-0.0232197
-0.0236997
-0.0242821
-0.0249768
-0.0257926
-0.0267369
-0.0278159
-0.029035
-0.0303981
-0.0319086
-0.0335683
-0.0353781
-0.037337
-0.0394427
-0.0416907
-0.0440749
-0.0465867
-0.0492155
-0.0519481
-0.0547697
-0.0576629
-0.0606088
-0.0635868
-0.0665749
-0.0695503
-0.0724897
-0.0753697
-0.0781671
-0.0808595
-0.0834256
-0.0858454
-0.0881004
-0.0901743
-0.0920525
-0.0937224
-0.0951736
-0.0963973
-0.0973867
-0.0981365
-0.0986427
-0.0989025
-0.0989136
-0.0986743
-0.098183
-0.0974378
-0.0964365
-0.0951759
-0.0936521
-0.0918606
-0.0897957
-0.0874518
-0.0848235
-0.0819069
-0.0787011
-0.0752106
-0.0714473
-0.0674342
-0.0632083
-0.058824
-0.0543556
-0.0498984
-0.045567
-0.0414902
-0.0378029
-0.0346332
-0.0320881
-0.0302388
-0.0291095
-0.0286737
-0.0288573
-0.0295407
-0.0305864
-0.0319912
-0.0337924
-0.0231401
-0.023275
-0.0234226
-0.0236032
-0.0238378
-0.02414
-0.0245231
-0.0249999
-0.0255819
-0.026279
-0.0270997
-0.0280514
-0.0291403
-0.0303716
-0.0317494
-0.0332768
-0.0349559
-0.0367871
-0.0387698
-0.0409013
-0.0431771
-0.0455908
-0.0481337
-0.0507948
-0.0535609
-0.0564166
-0.0593444
-0.0623249
-0.0653371
-0.0683588
-0.0713668
-0.0743377
-0.0772476
-0.0800733
-0.0827923
-0.0853831
-0.0878258
-0.090102
-0.0921956
-0.0940922
-0.0957795
-0.0972474
-0.0984877
-0.0994942
-0.100262
-0.100788
-0.101069
-0.101105
-0.100895
-0.100437
-0.0997303
-0.0987736
-0.0975642
-0.0960987
-0.0943725
-0.0923797
-0.0901138
-0.0875679
-0.0847358
-0.0816131
-0.0781996
-0.0745014
-0.0705345
-0.066328
-0.0619282
-0.057402
-0.0528389
-0.0483512
-0.0440702
-0.040139
-0.0366996
-0.033878
-0.0317667
-0.0304103
-0.0297985
-0.029866
-0.0304934
-0.0315362
-0.0329891
-0.0348869
-0.0245322
-0.0246315
-0.0247539
-0.0249162
-0.0251359
-0.0254263
-0.0258004
-0.0262705
-0.026848
-0.0275425
-0.0283625
-0.0293154
-0.0304074
-0.0316437
-0.0330284
-0.0345646
-0.0362544
-0.0380982
-0.0400953
-0.042243
-0.0445367
-0.0469699
-0.0495337
-0.052217
-0.0550062
-0.0578858
-0.060838
-0.0638431
-0.0668798
-0.0699257
-0.0729573
-0.0759509
-0.0788825
-0.0817287
-0.0844669
-0.0870755
-0.0895347
-0.0918262
-0.0939339
-0.0958436
-0.0975434
-0.0990234
-0.100276
-0.101295
-0.102076
-0.102617
-0.102916
-0.102973
-0.102786
-0.102357
-0.101684
-0.100767
-0.0996039
-0.0981922
-0.0965275
-0.0946041
-0.0924149
-0.0899522
-0.0872078
-0.0841748
-0.0808489
-0.0772309
-0.0733303
-0.0691683
-0.0647828
-0.0602321
-0.0555983
-0.050989
-0.0465354
-0.0423857
-0.0386941
-0.0356043
-0.0332305
-0.0316398
-0.0308405
-0.0307794
-0.0313398
-0.032372
-0.0338686
-0.0358622
-0.0258983
-0.0259629
-0.0260604
-0.0262038
-0.0264074
-0.0266839
-0.027046
-0.0275058
-0.0280741
-0.0287608
-0.0295742
-0.0305217
-0.0316095
-0.032843
-0.0342263
-0.0357627
-0.037454
-0.0393011
-0.041303
-0.043457
-0.0457587
-0.0482013
-0.0507758
-0.0534711
-0.0562734
-0.059167
-0.0621338
-0.065154
-0.0682061
-0.0712674
-0.0743142
-0.0773226
-0.0802685
-0.0831283
-0.0858792
-0.0884998
-0.09097
-0.0932717
-0.0953889
-0.0973075
-0.0990157
-0.100504
-0.101765
-0.102793
-0.103584
-0.104137
-0.104449
-0.104522
-0.104355
-0.103949
-0.103305
-0.102422
-0.1013
-0.0999371
-0.0983287
-0.0964698
-0.0943536
-0.0919716
-0.0893145
-0.0863734
-0.0831407
-0.0796128
-0.075793
-0.0716954
-0.067349
-0.0628031
-0.0581312
-0.0534342
-0.0488401
-0.0444998
-0.0405769
-0.0372309
-0.0345978
-0.032768
-0.0317715
-0.0315701
-0.0320526
-0.033066
-0.0346019
-0.0366901
-0.0272327
-0.0272642
-0.0273372
-0.0274614
-0.0276476
-0.0279082
-0.0282553
-0.0287007
-0.0292551
-0.0299282
-0.0307285
-0.0316634
-0.0327394
-0.0339618
-0.035335
-0.0368623
-0.0385459
-0.0403866
-0.0423834
-0.0445338
-0.0468333
-0.0492752
-0.0518505
-0.0545478
-0.0573535
-0.0602515
-0.0632238
-0.0662502
-0.0693092
-0.0723778
-0.0754322
-0.0784483
-0.0814019
-0.0842692
-0.0870274
-0.0896549
-0.0921317
-0.0944397
-0.0965627
-0.0984868
-0.1002
-0.101694
-0.102961
-0.103995
-0.104793
-0.105354
-0.105676
-0.105761
-0.10561
-0.105223
-0.104603
-0.103749
-0.102663
-0.101342
-0.0997831
-0.0979826
-0.0959333
-0.0936269
-0.0910535
-0.0882026
-0.0850642
-0.081631
-0.0779011
-0.0738817
-0.0695938
-0.0650772
-0.0603958
-0.0556422
-0.0509391
-0.046437
-0.0423057
-0.0387188
-0.0358325
-0.0337618
-0.0325601
-0.0322076
-0.0326017
-0.0335879
-0.0351582
-0.0373396
-0.0285302
-0.0285306
-0.02858
-0.0286848
-0.0288526
-0.0290951
-0.0294241
-0.029851
-0.0303863
-0.0310398
-0.0318201
-0.0327348
-0.0337906
-0.0349932
-0.0363471
-0.037856
-0.0395221
-0.0413463
-0.0433281
-0.0454648
-0.0477522
-0.0501835
-0.0527497
-0.0554395
-0.0582392
-0.0611326
-0.0641017
-0.0671261
-0.0701841
-0.0732528
-0.0763081
-0.0793257
-0.0822813
-0.085151
-0.087912
-0.0905424
-0.0930222
-0.0953332
-0.0974593
-0.0993865
-0.101103
-0.1026
-0.103871
-0.104909
-0.105712
-0.106279
-0.106609
-0.106703
-0.106563
-0.106192
-0.10559
-0.10476
-0.103703
-0.102417
-0.100902
-0.0991518
-0.097162
-0.094924
-0.0924277
-0.0896617
-0.0866146
-0.0832759
-0.0796394
-0.0757065
-0.0714903
-0.0670216
-0.0623544
-0.0575717
-0.0527887
-0.0481529
-0.0438373
-0.0400268
-0.0368963
-0.0345851
-0.0331721
-0.0326587
-0.0329539
-0.0339045
-0.035504
-0.0377771
-0.0297868
-0.0297584
-0.0297854
-0.0298708
-0.0300192
-0.0302415
-0.0305492
-0.0309532
-0.031464
-0.0320914
-0.0328443
-0.0337308
-0.0347577
-0.0359312
-0.0372563
-0.0387368
-0.0403753
-0.0421731
-0.0441297
-0.0462428
-0.0485081
-0.050919
-0.0534668
-0.0561399
-0.0589248
-0.0618052
-0.064763
-0.0677779
-0.0708281
-0.0738903
-0.0769405
-0.0799543
-0.0829071
-0.0857751
-0.0885351
-0.0911653
-0.0936455
-0.0959574
-0.0980847
-0.100013
-0.101732
-0.103231
-0.104504
-0.105545
-0.106352
-0.106922
-0.107258
-0.107359
-0.107228
-0.106868
-0.10628
-0.105469
-0.104435
-0.103178
-0.101697
-0.09999
-0.0980509
-0.0958722
-0.0934442
-0.0907552
-0.0877924
-0.0845436
-0.080999
-0.0771548
-0.0730175
-0.0686091
-0.0639739
-0.0591845
-0.0543473
-0.0496039
-0.0451278
-0.041112
-0.0377481
-0.0351989
-0.0335701
-0.0328867
-0.0330729
-0.0339795
-0.0356029
-0.0379661
-0.0309987
-0.0309445
-0.0309507
-0.031017
-0.0311452
-0.0313452
-0.0316282
-0.0320047
-0.0324852
-0.0330797
-0.0337975
-0.0346471
-0.0356359
-0.0367707
-0.0380568
-0.0394988
-0.0410995
-0.0428606
-0.0447819
-0.0468614
-0.049095
-0.0514762
-0.0539964
-0.0566443
-0.0594061
-0.0622658
-0.0652051
-0.0682038
-0.0712398
-0.07429
-0.0773301
-0.0803356
-0.0832819
-0.0861448
-0.0889011
-0.0915288
-0.0940075
-0.0963188
-0.0984463
-0.100376
-0.102096
-0.103596
-0.104871
-0.105914
-0.106724
-0.107298
-0.107637
-0.107743
-0.107618
-0.107266
-0.106689
-0.105891
-0.104874
-0.103639
-0.102185
-0.100512
-0.0986138
-0.0964842
-0.0941139
-0.0914911
-0.0886029
-0.0854353
-0.0819762
-0.0782176
-0.0741602
-0.0698181
-0.0652263
-0.0604468
-0.0555759
-0.0507478
-0.0461333
-0.0419304
-0.0383448
-0.0355616
-0.0337137
-0.0328522
-0.0329194
-0.0337732
-0.0354153
-0.0378668
-0.0321635
-0.0320869
-0.032074
-0.0321217
-0.032229
-0.0324048
-0.0326597
-0.0330039
-0.033448
-0.0340022
-0.0346766
-0.0354802
-0.0364213
-0.0375072
-0.0387441
-0.040137
-0.0416895
-0.0434036
-0.0452795
-0.0473156
-0.0495081
-0.0518507
-0.0543348
-0.0569492
-0.0596805
-0.0625125
-0.0654269
-0.0684034
-0.07142
-0.0744534
-0.0774793
-0.0804729
-0.0834096
-0.086265
-0.0890156
-0.0916394
-0.0941156
-0.0964257
-0.098553
-0.100483
-0.102204
-0.103707
-0.104983
-0.106029
-0.106841
-0.107418
-0.10776
-0.107869
-0.107749
-0.107402
-0.106832
-0.106042
-0.105037
-0.103817
-0.102383
-0.100734
-0.0988668
-0.0967751
-0.0944502
-0.0918812
-0.0890547
-0.0859563
-0.082572
-0.0788907
-0.0749082
-0.0706321
-0.0660882
-0.0613286
-0.056439
-0.0515443
-0.0468104
-0.0424372
-0.0386416
-0.0356291
-0.0335596
-0.0325123
-0.0324508
-0.033243
-0.0348981
-0.0374365
-0.0332792
-0.033184
-0.0331545
-0.0331844
-0.0332702
-0.0334198
-0.033643
-0.0339498
-0.0343509
-0.0348573
-0.0354795
-0.0362275
-0.0371106
-0.0381371
-0.039314
-0.0406472
-0.0421408
-0.0437976
-0.0456183
-0.0476015
-0.0497438
-0.0520392
-0.0544792
-0.057053
-0.0597469
-0.0625449
-0.0654287
-0.0683781
-0.0713708
-0.0743836
-0.077392
-0.0803711
-0.083296
-0.0861422
-0.0888861
-0.0915051
-0.0939786
-0.0962875
-0.0984149
-0.100346
-0.10207
-0.103575
-0.104854
-0.105903
-0.106717
-0.107297
-0.107642
-0.107754
-0.107636
-0.107292
-0.106725
-0.105941
-0.104941
-0.10373
-0.102308
-0.100674
-0.0988273
-0.0967613
-0.0944688
-0.0919392
-0.0891596
-0.0861154
-0.0827914
-0.0791744
-0.0752564
-0.0710391
-0.066541
-0.0618044
-0.0569042
-0.0519554
-0.0471168
-0.0425875
-0.0385923
-0.0353549
-0.0330616
-0.0318211
-0.0316209
-0.0323424
-0.0340047
-0.0366289
-0.034345
-0.0342357
-0.0341921
-0.0342054
-0.0342693
-0.0343906
-0.0345784
-0.0348424
-0.0351938
-0.0356439
-0.0362046
-0.0368869
-0.0377013
-0.0386574
-0.0397633
-0.0410257
-0.0424499
-0.0440392
-0.0457948
-0.047716
-0.0497995
-0.0520398
-0.0544286
-0.0569549
-0.0596055
-0.0623641
-0.0652127
-0.0681308
-0.0710961
-0.0740853
-0.0770738
-0.0800365
-0.0829483
-0.0857845
-0.0885211
-0.0911356
-0.0936066
-0.095915
-0.0980436
-0.0999773
-0.101704
-0.103213
-0.104496
-0.105549
-0.106368
-0.106951
-0.107298
-0.107412
-0.107296
-0.106953
-0.106388
-0.105604
-0.104606
-0.103397
-0.101979
-0.100351
-0.0985137
-0.0964611
-0.0941868
-0.091681
-0.0889316
-0.0859238
-0.0826423
-0.0790724
-0.0752031
-0.0710318
-0.0665703
-0.0618523
-0.0569425
-0.0519454
-0.0470113
-0.0423359
-0.0381491
-0.0346902
-0.0321705
-0.0307288
-0.0303796
-0.0310209
-0.0326847
-0.0353934
-0.0353608
-0.0352425
-0.035188
-0.035186
-0.0352277
-0.0353187
-0.0354671
-0.0356826
-0.0359767
-0.0363619
-0.0368511
-0.0374569
-0.0381915
-0.0390658
-0.0400892
-0.0412699
-0.042614
-0.0441256
-0.0458067
-0.0476571
-0.0496739
-0.0518518
-0.0541827
-0.0566559
-0.0592579
-0.0619728
-0.0647823
-0.0676659
-0.0706013
-0.0735648
-0.0765318
-0.0794771
-0.0823753
-0.0852013
-0.0879311
-0.0905415
-0.0930112
-0.0953203
-0.0974515
-0.0993893
-0.101121
-0.102635
-0.103925
-0.104983
-0.105807
-0.106394
-0.106746
-0.106862
-0.106747
-0.106404
-0.105837
-0.105051
-0.104049
-0.102837
-0.101415
-0.0997846
-0.0979452
-0.0958932
-0.0936223
-0.0911238
-0.0883861
-0.0853951
-0.0821353
-0.0785912
-0.0747501
-0.070606
-0.0661652
-0.0614541
-0.0565279
-0.0514808
-0.0464537
-0.0416372
-0.0372632
-0.0335837
-0.0308336
-0.0291821
-0.0286729
-0.0292237
-0.0308828
-0.0336756
-0.0363276
-0.0362061
-0.0361443
-0.0361286
-0.036148
-0.0362065
-0.0363113
-0.036472
-0.0367009
-0.0370116
-0.0374187
-0.0379368
-0.0385797
-0.0393603
-0.0402898
-0.0413775
-0.0426308
-0.0440548
-0.0456524
-0.0474237
-0.0493664
-0.0514754
-0.0537428
-0.0561579
-0.0587073
-0.061375
-0.0641425
-0.0669893
-0.0698931
-0.0728299
-0.0757748
-0.0787024
-0.0815871
-0.0844037
-0.0871275
-0.0897352
-0.092205
-0.0945167
-0.0966524
-0.0985963
-0.100335
-0.101857
-0.103155
-0.104221
-0.105052
-0.105645
-0.106001
-0.10612
-0.106006
-0.105662
-0.105091
-0.1043
-0.103291
-0.102069
-0.100636
-0.0989937
-0.0971417
-0.095077
-0.0927944
-0.0902857
-0.08754
-0.0845439
-0.0812822
-0.0777394
-0.0739015
-0.0697602
-0.0653178
-0.0605944
-0.0556371
-0.0505303
-0.0454053
-0.040446
-0.0358843
-0.0319819
-0.0289952
-0.0271237
-0.026442
-0.0268913
-0.0285391
-0.0314158
-0.0372472
-0.037129
-0.0370642
-0.0370368
-0.0370338
-0.0370574
-0.0371139
-0.037213
-0.0373679
-0.0375938
-0.0379075
-0.0383258
-0.0388648
-0.0395395
-0.0403631
-0.0413465
-0.0424987
-0.0438257
-0.0453311
-0.0470158
-0.0488778
-0.0509123
-0.0531113
-0.0554644
-0.0579579
-0.0605759
-0.0632997
-0.0661086
-0.0689799
-0.0718897
-0.0748127
-0.0777233
-0.0805955
-0.0834038
-0.0861232
-0.08873
-0.091202
-0.0935185
-0.0956612
-0.0976137
-0.0993621
-0.100895
-0.102203
-0.103279
-0.104119
-0.10472
-0.105082
-0.105205
-0.105092
-0.104746
-0.10417
-0.10337
-0.10235
-0.101113
-0.0996621
-0.0979989
-0.0961232
-0.0940326
-0.0917223
-0.089185
-0.0864104
-0.0833858
-0.0800965
-0.0765271
-0.0726633
-0.0684953
-0.0640226
-0.0592604
-0.054249
-0.0490641
-0.0438279
-0.0387166
-0.0339603
-0.029828
-0.0265953
-0.0244913
-0.0236231
-0.0239582
-0.0255876
-0.0285485
-0.0381225
-0.0380153
-0.0379523
-0.0379155
-0.03789
-0.0378759
-0.0378788
-0.0379086
-0.0379798
-0.0381098
-0.0383179
-0.0386236
-0.0390458
-0.039602
-0.0403077
-0.0411758
-0.0422166
-0.0434375
-0.0448428
-0.0464341
-0.0482097
-0.0501649
-0.0522919
-0.05458
-0.0570157
-0.0595825
-0.0622618
-0.0650325
-0.0678717
-0.070755
-0.0736572
-0.0765521
-0.0794135
-0.0822154
-0.0849325
-0.0875408
-0.0900175
-0.0923415
-0.0944939
-0.0964579
-0.098219
-0.099765
-0.101086
-0.102175
-0.103027
-0.103638
-0.104007
-0.104135
-0.104023
-0.103675
-0.103093
-0.102283
-0.101247
-0.0999898
-0.0985138
-0.0968205
-0.0949099
-0.0927797
-0.0904256
-0.0878406
-0.085015
-0.0819368
-0.0785918
-0.0749651
-0.0710424
-0.0668133
-0.0622754
-0.0574407
-0.052344
-0.0470537
-0.0416837
-0.0364027
-0.0314375
-0.0270624
-0.0235698
-0.0212174
-0.020146
-0.0203527
-0.0219558
-0.0250017
-0.0389575
-0.0388702
-0.0388147
-0.038771
-0.0387227
-0.0386677
-0.0386107
-0.0385625
-0.0385393
-0.0385611
-0.0386503
-0.0388298
-0.0391217
-0.0395466
-0.0401224
-0.0408642
-0.0417839
-0.0428902
-0.0441884
-0.0456804
-0.0473648
-0.0492371
-0.0512895
-0.053511
-0.0558877
-0.0584032
-0.0610381
-0.0637714
-0.0665796
-0.0694382
-0.0723213
-0.0752025
-0.0780554
-0.0808534
-0.083571
-0.0861836
-0.0886679
-0.0910024
-0.0931677
-0.0951463
-0.0969231
-0.0984855
-0.0998229
-0.100927
-0.101793
-0.102416
-0.102795
-0.102929
-0.102819
-0.102469
-0.10188
-0.101056
-0.100002
-0.0987192
-0.0972111
-0.0954788
-0.0935219
-0.0913383
-0.0889237
-0.0862712
-0.0833715
-0.080213
-0.0767822
-0.0730645
-0.0690463
-0.0647169
-0.0600731
-0.0551249
-0.0499033
-0.0444711
-0.0389349
-0.0334567
-0.0282595
-0.0236211
-0.019849
-0.0172282
-0.0159337
-0.0159953
-0.017563
-0.0206955
-0.0397574
-0.0397005
-0.039659
-0.0396111
-0.0395394
-0.0394395
-0.0393154
-0.0391791
-0.0390491
-0.0389491
-0.0389051
-0.038944
-0.0390917
-0.0393722
-0.0398061
-0.040411
-0.0412005
-0.0421846
-0.0433693
-0.0447571
-0.0463469
-0.048134
-0.0501103
-0.0522646
-0.0545827
-0.0570476
-0.0596397
-0.0623372
-0.0651166
-0.0679528
-0.0708195
-0.0736899
-0.0765372
-0.0793344
-0.0820556
-0.0846756
-0.0871708
-0.0895192
-0.0917007
-0.0936972
-0.0954932
-0.0970752
-0.098432
-0.099555
-0.100438
-0.101075
-0.101465
-0.101607
-0.1015
-0.101147
-0.10055
-0.0997116
-0.0986345
-0.0973214
-0.0957743
-0.0939938
-0.0919792
-0.089728
-0.0872356
-0.0844951
-0.0814971
-0.0782303
-0.0746814
-0.0708366
-0.0666825
-0.0622091
-0.057413
-0.0523032
-0.0469087
-0.0412881
-0.0355429
-0.0298293
-0.0243667
-0.0194359
-0.0153575
-0.0124424
-0.0109007
-0.0107974
-0.0123192
-0.0155404
-0.0405288
-0.0405148
-0.0404951
-0.040446
-0.0403498
-0.0401996
-0.0399994
-0.039763
-0.0395124
-0.0392752
-0.0390824
-0.0389655
-0.0389545
-0.0390773
-0.0393577
-0.0398156
-0.0404666
-0.0413218
-0.0423881
-0.0436682
-0.0451611
-0.0468618
-0.048762
-0.0508499
-0.0531109
-0.0555272
-0.0580789
-0.0607436
-0.0634972
-0.0663141
-0.0691678
-0.0720309
-0.074876
-0.077676
-0.0804043
-0.0830354
-0.0855451
-0.0879109
-0.0901121
-0.0921301
-0.0939486
-0.0955535
-0.096933
-0.0980775
-0.0989797
-0.0996343
-0.100038
-0.100188
-0.100086
-0.0997303
-0.0991238
-0.098268
-0.0971649
-0.0958162
-0.094223
-0.0923851
-0.0903011
-0.0879678
-0.0853799
-0.0825301
-0.0794086
-0.0760039
-0.0723029
-0.0682919
-0.0639584
-0.0592926
-0.0542921
-0.0489657
-0.0433415
-0.0374764
-0.0314681
-0.025469
-0.0196961
-0.0144329
-0.0100123
-0.00677022
-0.00495163
-0.00465956
-0.00612321
-0.00943598
-0.0412799
-0.0413248
-0.0413355
-0.0412882
-0.0411652
-0.0409577
-0.0406703
-0.0403197
-0.0399321
-0.0395409
-0.0391822
-0.0388931
-0.0387086
-0.0386604
-0.038776
-0.0390778
-0.039583
-0.040304
-0.0412482
-0.0424186
-0.0438138
-0.0454286
-0.047254
-0.0492777
-0.0514841
-0.0538551
-0.0563699
-0.0590055
-0.0617373
-0.064539
-0.0673836
-0.0702434
-0.0730905
-0.0758972
-0.0786365
-0.0812825
-0.0838105
-0.0861973
-0.0884219
-0.0904649
-0.0923094
-0.0939405
-0.0953458
-0.0965148
-0.0974393
-0.0981132
-0.0985321
-0.0986931
-0.0985949
-0.0982372
-0.0976202
-0.0967449
-0.0956122
-0.0942227
-0.0925762
-0.0906716
-0.0885062
-0.0860759
-0.0833743
-0.0803931
-0.0771218
-0.0735483
-0.0696592
-0.0654408
-0.0608807
-0.0559701
-0.0507073
-0.045102
-0.039183
-0.0330066
-0.0266693
-0.0203216
-0.0141801
-0.00853175
-0.00372201
-0.000111076
0.00202104
0.00253079
0.00114022
-0.00226811
-0.0420222
-0.0421446
-0.0421963
-0.0421532
-0.0419997
-0.0417256
-0.041337
-0.0408548
-0.0403115
-0.0397468
-0.0392037
-0.0387252
-0.0383519
-0.03812
-0.0380603
-0.0381978
-0.0385513
-0.0391342
-0.0399543
-0.0410145
-0.0423129
-0.0438438
-0.0455972
-0.0475601
-0.0497162
-0.0520462
-0.0545287
-0.0571399
-0.0598545
-0.0626458
-0.065486
-0.068347
-0.0712004
-0.0740181
-0.0767726
-0.0794374
-0.0819875
-0.0843992
-0.0866507
-0.0887222
-0.090596
-0.0922566
-0.0936906
-0.0948868
-0.0958362
-0.0965315
-0.0969675
-0.0971401
-0.097047
-0.0966865
-0.0960579
-0.0951608
-0.0939947
-0.0925588
-0.0908517
-0.0888707
-0.0866118
-0.0840692
-0.0812352
-0.0781
-0.0746518
-0.0708774
-0.0667625
-0.0622928
-0.057456
-0.0522438
-0.0466554
-0.0407021
-0.0344139
-0.0278488
-0.0211039
-0.0143304
-0.00774653
-0.00164515
0.00361467
0.00764794
0.0101393
0.0109024
0.00960306
0.00609393
-0.0427698
-0.0429935
-0.0430985
-0.0430614
-0.0428711
-0.0425174
-0.0420094
-0.0413747
-0.0406536
-0.0398934
-0.0391456
-0.0384598
-0.0378825
-0.0374545
-0.03721
-0.0371764
-0.0373741
-0.0378168
-0.0385127
-0.039464
-0.0406683
-0.0421188
-0.0438047
-0.0457117
-0.0478226
-0.0501171
-0.0525728
-0.0551652
-0.0578681
-0.0606542
-0.0634952
-0.0663622
-0.0692266
-0.0720597
-0.0748336
-0.0775214
-0.0800974
-0.0825376
-0.0848195
-0.0869227
-0.0888289
-0.0905218
-0.0919872
-0.0932131
-0.0941895
-0.094908
-0.0953624
-0.0955474
-0.0954595
-0.0950958
-0.094454
-0.0935323
-0.0923288
-0.090841
-0.0890657
-0.0869986
-0.0846337
-0.0819633
-0.0789778
-0.0756655
-0.0720126
-0.0680041
-0.0636241
-0.0588574
-0.0536909
-0.0481163
-0.0421338
-0.0357562
-0.029016
-0.0219732
-0.0147285
-0.00743593
-0.000318528
0.00632205
0.0121103
0.0166345
0.0195429
0.0206038
0.0194184
0.0158014
-0.0435423
-0.0438976
-0.0440697
-0.0440386
-0.0438015
-0.0433501
-0.0426995
-0.0418864
-0.0409611
-0.0399811
-0.0390062
-0.0380944
-0.0372979
-0.0366624
-0.0362251
-0.0360156
-0.0360551
-0.0363578
-0.0369312
-0.037777
-0.0388917
-0.0402672
-0.0418914
-0.0437489
-0.045821
-0.0480864
-0.0505218
-0.0531015
-0.0557988
-0.0585854
-0.0614325
-0.0643108
-0.067191
-0.070044
-0.0728415
-0.0755561
-0.0781616
-0.0806336
-0.082949
-0.0850869
-0.0870281
-0.0887557
-0.0902547
-0.0915122
-0.0925171
-0.0932602
-0.0937337
-0.0939316
-0.0938486
-0.0934805
-0.0928236
-0.0918744
-0.0906291
-0.0890835
-0.0872323
-0.0850691
-0.0825857
-0.079772
-0.0766158
-0.0731029
-0.069217
-0.0649405
-0.0602553
-0.0551441
-0.0495925
-0.0435914
-0.0371413
-0.0302567
-0.0229722
-0.0153521
-0.00750051
0.00042196
0.00818447
0.0154726
0.02189
0.0269939
0.0303933
0.0318086
0.0307659
0.0270316
-0.0443669
-0.0448923
-0.0451473
-0.0451189
-0.0448189
-0.0442448
-0.0434215
-0.042398
-0.0412374
-0.0400094
-0.0387838
-0.0376265
-0.0365963
-0.035743
-0.0351069
-0.0347186
-0.0346
-0.034765
-0.0352201
-0.0359659
-0.0369973
-0.0383048
-0.0398748
-0.0416902
-0.043731
-0.0459747
-0.0483967
-0.0509706
-0.0536685
-0.0564617
-0.0593205
-0.0622151
-0.0651158
-0.067993
-0.070818
-0.0735629
-0.0762012
-0.0787079
-0.0810594
-0.0832342
-0.0852125
-0.0869767
-0.0885108
-0.0898011
-0.0908355
-0.0916036
-0.0920966
-0.0923069
-0.092228
-0.091854
-0.0911796
-0.0901994
-0.0889078
-0.0872983
-0.0853634
-0.0830941
-0.0804796
-0.077507
-0.0741611
-0.0704243
-0.0662772
-0.0616989
-0.0566679
-0.0511639
-0.0451701
-0.0386758
-0.0316807
-0.0242
-0.0162708
-0.0079611
0.000618978
0.00930184
0.0178447
0.0259158
0.0330916
0.038891
0.0428783
0.0447219
0.0438599
0.039995
-0.0452827
-0.0460276
-0.0463821
-0.0463474
-0.0459597
-0.0452282
-0.0441924
-0.0429188
-0.0414864
-0.0399786
-0.0384765
-0.0370543
-0.0357767
-0.0346973
-0.0338582
-0.0332909
-0.0330169
-0.033049
-0.0333923
-0.0340456
-0.0350021
-0.0362502
-0.0377745
-0.0395564
-0.0415742
-0.0438042
-0.0462204
-0.0487953
-0.0515004
-0.054306
-0.0571819
-0.0600978
-0.0630233
-0.0659286
-0.0687845
-0.0715628
-0.0742365
-0.07678
-0.0791695
-0.0813828
-0.0833995
-0.0852011
-0.086771
-0.0880945
-0.0891584
-0.0899513
-0.0904631
-0.0906849
-0.0906085
-0.0902265
-0.0895318
-0.0885169
-0.087174
-0.0854943
-0.0834678
-0.0810827
-0.0783249
-0.0751784
-0.0716242
-0.067641
-0.0632053
-0.0582918
-0.052875
-0.0469302
-0.0404369
-0.0333812
-0.0257609
-0.0175905
-0.00890831
0.000214321
0.00966125
0.0192558
0.0287416
0.0377643
0.045865
0.0525136
0.0572187
0.0595897
0.05896
0.0549469
-0.0463472
-0.047375
-0.0478453
-0.0477852
-0.0472715
-0.0463338
-0.0450339
-0.0434608
-0.0417132
-0.0398899
-0.0380838
-0.0363772
-0.0348399
-0.0335279
-0.0324846
-0.0317408
-0.0313168
-0.0312235
-0.0314638
-0.0320342
-0.0329256
-0.0341242
-0.0356126
-0.0373703
-0.039374
-0.0415985
-0.0440164
-0.0465995
-0.049318
-0.0521416
-0.0550396
-0.057981
-0.0609352
-0.0638718
-0.0667613
-0.0695751
-0.0722859
-0.0748677
-0.0772961
-0.0795484
-0.0816036
-0.0834427
-0.0850481
-0.0864041
-0.0874968
-0.0883134
-0.0888426
-0.0890739
-0.0889979
-0.0886052
-0.0878868
-0.086833
-0.0854339
-0.083678
-0.0815523
-0.0790419
-0.0761295
-0.0727948
-0.0690151
-0.0647644
-0.0600142
-0.0547343
-0.0488934
-0.0424616
-0.0354128
-0.0277283
-0.0194017
-0.0104448
-0.00089533
0.00917384
0.0196417
0.0303226
0.0409451
0.0511287
0.0603696
0.0680731
0.0736744
0.076711
0.0763876
0.072203
-0.0476473
-0.0490386
-0.0496368
-0.0495155
-0.0488172
-0.0476052
-0.0459732
-0.0440392
-0.041925
-0.0397462
-0.0376071
-0.0355971
-0.0337893
-0.0322412
-0.0309952
-0.0300803
-0.0295145
-0.0293056
-0.0294538
-0.0299526
-0.0307902
-0.0319503
-0.0334133
-0.0351565
-0.0371551
-0.0393821
-0.0418092
-0.0444068
-0.0471445
-0.0499911
-0.0529154
-0.0558859
-0.0588716
-0.0618417
-0.0647664
-0.0676169
-0.0703654
-0.0729857
-0.0754528
-0.0777437
-0.0798367
-0.081712
-0.0833515
-0.0847386
-0.0858581
-0.0866964
-0.0872407
-0.0874792
-0.0874007
-0.0869941
-0.0862483
-0.0851516
-0.0836913
-0.0818532
-0.0796214
-0.0769773
-0.0738999
-0.0703647
-0.0663442
-0.0618072
-0.0567197
-0.0510452
-0.0447457
-0.0377845
-0.0301281
-0.0217506
-0.0126388
-0.00279901
0.00773531
0.0188927
0.0305504
0.0425162
0.0545039
0.0661075
0.0767665
0.0858033
0.0925524
0.0964545
0.09655
0.0921669
-0.0493163
-0.0511729
-0.0518994
-0.0516525
-0.0506799
-0.0490985
-0.0470451
-0.044674
-0.0421326
-0.0395535
-0.0370508
-0.034719
-0.0326323
-0.030847
-0.0294028
-0.0283253
-0.0276283
-0.027316
-0.0273847
-0.0278246
-0.0286205
-0.0297536
-0.0312017
-0.0329402
-0.0349422
-0.0371795
-0.0396223
-0.0422402
-0.0450018
-0.0478754
-0.0508291
-0.0538311
-0.0568499
-0.0598546
-0.0628151
-0.0657022
-0.068488
-0.0711457
-0.0736502
-0.0759779
-0.0781067
-0.0800162
-0.0816874
-0.0831029
-0.0842466
-0.0851037
-0.0856602
-0.0859027
-0.0858185
-0.0853946
-0.0846179
-0.0834741
-0.0819482
-0.0800229
-0.0776789
-0.0748942
-0.0716434
-0.0678977
-0.0636241
-0.058786
-0.0533427
-0.0472506
-0.040464
-0.0329374
-0.0246281
-0.0155004
-0.00553105
0.00528357
0.0169187
0.0293097
0.0423378
0.0558098
0.0694309
0.0827674
0.0952046
0.105954
0.114214
0.119282
0.119977
0.115375
-0.0515645
-0.0540098
-0.054838
-0.0543525
-0.052969
-0.0508843
-0.0482924
-0.0453894
-0.0423495
-0.03932
-0.0364221
-0.0337511
-0.0313794
-0.0293588
-0.0277239
-0.0264946
-0.0256795
-0.0252777
-0.0252809
-0.0256752
-0.0264422
-0.0275597
-0.0290032
-0.0307459
-0.0327592
-0.0350134
-0.0374776
-0.0401202
-0.0429093
-0.0458125
-0.0487974
-0.051832
-0.0548843
-0.0579234
-0.0609187
-0.0638411
-0.0666623
-0.0693553
-0.0718948
-0.0742566
-0.0764182
-0.0783587
-0.0800583
-0.081499
-0.0826636
-0.0835361
-0.0841014
-0.0843447
-0.0842515
-0.083807
-0.0829959
-0.0818017
-0.0802066
-0.0781902
-0.07573
-0.0727999
-0.0693704
-0.0654075
-0.0608731
-0.055724
-0.0499127
-0.0433876
-0.0360939
-0.0279759
-0.0189794
-0.00905602
0.00183152
0.0137018
0.0265452
0.040312
0.0548962
0.0701138
0.0856722
0.101121
0.115788
0.128783
0.139081
0.145778
0.147374
0.142571
-0.05473
-0.0579033
-0.0587466
-0.0578266
-0.0558232
-0.0530476
-0.0497632
-0.0462108
-0.0425886
-0.0390535
-0.0357274
-0.0327016
-0.0300415
-0.0277907
-0.0259755
-0.0246081
-0.02369
-0.0232139
-0.0231664
-0.0235289
-0.0242792
-0.0253922
-0.0268407
-0.0285957
-0.030627
-0.0329034
-0.0353931
-0.0380636
-0.0408822
-0.0438161
-0.0468327
-0.0498994
-0.0529843
-0.0560561
-0.0590843
-0.0620395
-0.0648933
-0.0676185
-0.0701895
-0.0725819
-0.0747727
-0.0767404
-0.0784647
-0.0799268
-0.0811086
-0.0819931
-0.0825639
-0.0828048
-0.0826997
-0.082232
-0.0813842
-0.0801374
-0.0784711
-0.0763619
-0.0737838
-0.0707069
-0.0670971
-0.0629156
-0.0581183
-0.0526557
-0.0464727
-0.039509
-0.0317001
-0.0229784
-0.0132762
-0.00252917
0.00931823
0.0223056
0.0364467
0.0517174
0.0680378
0.0852495
0.10308
0.121079
0.138532
0.15453
0.167627
0.176682
0.179708
0.174847
-0.0593748
-0.0633988
-0.064044
-0.0623503
-0.059407
-0.0556769
-0.0514982
-0.0471518
-0.0428502
-0.0387495
-0.034963
-0.0315698
-0.028622
-0.0261503
-0.0241691
-0.0226802
-0.0216762
-0.0211427
-0.02106
-0.0214047
-0.0221506
-0.0232695
-0.0247315
-0.0265058
-0.0285605
-0.0308632
-0.0333811
-0.0360812
-0.03893
-0.0418945
-0.0449418
-0.0480391
-0.0511545
-0.0542565
-0.0573146
-0.0602993
-0.0631821
-0.0659359
-0.0685346
-0.0709536
-0.0731697
-0.0751609
-0.0769063
-0.0783862
-0.079582
-0.0804755
-0.0810492
-0.0812854
-0.0811666
-0.0806743
-0.0797889
-0.0784894
-0.0767525
-0.0745517
-0.0718578
-0.0686368
-0.0648505
-0.0604549
-0.0554004
-0.0496308
-0.0430834
-0.0356888
-0.0273718
-0.0180522
-0.00764681
0.00392752
0.0167491
0.0308851
0.0463825
0.0632556
0.0814694
0.100914
0.121368
0.142431
0.163415
0.183229
0.200316
0.212915
0.218325
0.21389
-0.0664721
-0.0713473
-0.0713093
-0.0682551
-0.0638832
-0.0588307
-0.0534964
-0.0481818
-0.0430927
-0.0383662
-0.0340925
-0.0303272
-0.0271008
-0.0244251
-0.0222985
-0.0207098
-0.0196412
-0.0190696
-0.0189691
-0.0193109
-0.0200649
-0.0211999
-0.0226836
-0.0244834
-0.026566
-0.0288981
-0.0314461
-0.0341763
-0.0370551
-0.0400492
-0.0431255
-0.0462513
-0.0493945
-0.0525237
-0.0556085
-0.0586193
-0.0615277
-0.0643064
-0.0669293
-0.0693715
-0.0716096
-0.073621
-0.0753845
-0.0768799
-0.0780874
-0.0789882
-0.0795634
-0.0797944
-0.0796619
-0.0791459
-0.0782248
-0.0768753
-0.0750716
-0.0727846
-0.0699815
-0.0666251
-0.0626727
-0.0580757
-0.052779
-0.0467201
-0.0398288
-0.0320269
-0.0232281
-0.0133389
-0.00225942
0.0101144
0.0238878
0.0391619
0.0560269
0.0745512
0.0947664
0.116644
0.140055
0.164707
0.190007
0.214859
0.237543
0.255575
0.265143
0.262436
-0.0777968
-0.0830774
-0.0812804
-0.0758562
-0.0693223
-0.062446
-0.0556312
-0.0491525
-0.0431705
-0.0377732
-0.0330053
-0.0288837
-0.0254065
-0.0225598
-0.0203217
-0.0186654
-0.017561
-0.0169767
-0.0168798
-0.0172365
-0.0180131
-0.0191756
-0.0206898
-0.0225216
-0.0246368
-0.0270013
-0.029581
-0.0323421
-0.0352507
-0.0382735
-0.0413773
-0.0445297
-0.0476985
-0.0508527
-0.0539617
-0.0569961
-0.0599276
-0.0627288
-0.0653735
-0.067837
-0.0700952
-0.0721254
-0.073906
-0.075416
-0.0766352
-0.0775436
-0.0781217
-0.0783494
-0.0782062
-0.0776705
-0.0767189
-0.0753262
-0.0734641
-0.0711013
-0.068202
-0.0647255
-0.0606256
-0.0558494
-0.0503369
-0.0440197
-0.0368207
-0.0286534
-0.0194212
-0.00901724
0.00267524
0.0157826
0.0304393
0.0467858
0.0649644
0.0851129
0.107354
0.131778
0.158409
0.187141
0.217602
0.248906
0.279316
0.305752
0.322775
0.32489
-0.0967225
-0.100632
-0.0947371
-0.0852456
-0.0754913
-0.0661486
-0.05749
-0.0496708
-0.042737
-0.036679
-0.031464
-0.0270496
-0.0233894
-0.0204366
-0.0181457
-0.0164727
-0.0153759
-0.0148148
-0.0147507
-0.0151459
-0.0159637
-0.0171683
-0.0187242
-0.0205965
-0.0227505
-0.0251519
-0.0277665
-0.0305604
-0.0335
-0.0365521
-0.0396836
-0.0428624
-0.0460566
-0.0492353
-0.0523681
-0.0554259
-0.0583803
-0.0612041
-0.0638711
-0.0663562
-0.0686355
-0.0706859
-0.0724853
-0.0740123
-0.075246
-0.0761659
-0.0767513
-0.0769813
-0.0768341
-0.0762868
-0.0753145
-0.0738904
-0.0719839
-0.0695619
-0.066586
-0.063013
-0.0587934
-0.0538708
-0.0481811
-0.0416511
-0.0341978
-0.0257273
-0.0161339
-0.00529882
0.00691073
0.0206427
0.0360613
0.0533484
0.0727043
0.0943484
0.118517
0.14546
0.17542
0.208587
0.244986
0.28423
0.325045
0.364115
0.394314
0.407723
-0.129887
-0.126965
-0.112234
-0.0960066
-0.0815873
-0.0690325
-0.0582228
-0.0490111
-0.0412062
-0.0346263
-0.0291193
-0.0245612
-0.0208509
-0.0179054
-0.0156558
-0.0140428
-0.013015
-0.012526
-0.0125334
-0.0129974
-0.0138802
-0.0151454
-0.0167574
-0.0186814
-0.020883
-0.0233281
-0.025983
-0.0288142
-0.0317885
-0.034873
-0.0380353
-0.0412432
-0.0444655
-0.0476714
-0.0508309
-0.053915
-0.0568955
-0.0597453
-0.0624382
-0.064949
-0.0672537
-0.069329
-0.0711524
-0.0727022
-0.073957
-0.0748955
-0.0754965
-0.0757381
-0.0755976
-0.0750511
-0.0740726
-0.0726335
-0.0707026
-0.0682443
-0.0652187
-0.0615805
-0.057278
-0.0522522
-0.0464358
-0.0397522
-0.0321138
-0.0234212
-0.0135613
-0.0024058
0.0101916
0.0243976
0.0404034
0.0584298
0.0787346
0.101623
0.127458
0.156682
0.189825
0.227509
0.270391
0.319015
0.373299
0.430489
0.483066
0.520836
-0.192639
-0.16525
-0.132662
-0.106138
-0.0854792
-0.0691909
-0.0563164
-0.0460537
-0.037779
-0.0310551
-0.0255811
-0.0211455
-0.0175969
-0.0148245
-0.0127444
-0.0112902
-0.0104073
-0.0100489
-0.0101729
-0.0107408
-0.0117161
-0.0130636
-0.0147493
-0.0167393
-0.0190006
-0.0214999
-0.0242045
-0.0270815
-0.0300985
-0.0332231
-0.0364235
-0.0396682
-0.042926
-0.0461667
-0.0493606
-0.0524788
-0.0554934
-0.0583773
-0.0611043
-0.0636494
-0.0659883
-0.0680975
-0.0699545
-0.071537
-0.0728234
-0.0737919
-0.0744209
-0.0746877
-0.0745692
-0.0740404
-0.0730748
-0.0716431
-0.069713
-0.0672477
-0.0642063
-0.0605423
-0.0562027
-0.0511269
-0.0452459
-0.0384808
-0.0307416
-0.0219254
-0.0119145
-0.000573977
0.0122515
0.0267421
0.0431091
0.0616038
0.0825309
0.106269
0.133299
0.164255
0.199988
0.241664
0.290867
0.349677
0.420339
0.502783
0.593565
0.687717
-0.328985
-0.214045
-0.144318
-0.105379
-0.07956
-0.0612282
-0.0480487
-0.0382646
-0.0307093
-0.0247218
-0.0199225
-0.0160759
-0.0130286
-0.0106777
-0.00895093
-0.00779337
-0.00716065
-0.00701447
-0.00732006
-0.00804461
-0.00915637
-0.0106241
-0.0124165
-0.0145027
-0.0168512
-0.0194307
-0.0222097
-0.0251566
-0.0282398
-0.0314278
-0.0346893
-0.0379933
-0.0413094
-0.0446075
-0.0478581
-0.0510328
-0.0541035
-0.0570434
-0.0598265
-0.0624275
-0.0648221
-0.0669869
-0.0688989
-0.0705361
-0.0718763
-0.0728978
-0.0735785
-0.0738958
-0.073826
-0.0733435
-0.0724225
-0.0710329
-0.069142
-0.0667131
-0.063705
-0.060071
-0.0557578
-0.0507047
-0.0448426
-0.0380922
-0.030363
-0.0215514
-0.0115386
-0.000187622
0.0126602
0.0271904
0.043623
0.0622238
0.0833208
0.107332
0.134806
0.166496
0.203479
0.247373
0.300715
0.367613
0.454476
0.569601
0.730164
0.958858
-0.604123
-0.259461
-0.120917
-0.0760033
-0.0534102
-0.0388851
-0.0295455
-0.0231643
-0.0183319
-0.0144352
-0.0112301
-0.00860411
-0.0064993
-0.00488483
-0.00374142
-0.0030532
-0.00280411
-0.00297659
-0.00355115
-0.00450637
-0.00581904
-0.00746437
-0.00941621
-0.0116473
-0.0141293
-0.0168333
-0.0197296
-0.0227881
-0.0259784
-0.0292699
-0.0326323
-0.036035
-0.0394479
-0.0428415
-0.0461866
-0.0494547
-0.0526181
-0.05565
-0.0585243
-0.0612159
-0.0637004
-0.0659544
-0.067955
-0.06968
-0.0711073
-0.0722152
-0.0729817
-0.0733843
-0.0733996
-0.0730039
-0.0721687
-0.0708656
-0.0690627
-0.0667239
-0.0638088
-0.0602715
-0.0560599
-0.0511145
-0.0453674
-0.0387412
-0.0311471
-0.0224836
-0.0126343
-0.00146481
0.0111804
0.0254834
0.0416603
0.059972
0.0807413
0.104379
0.131428
0.162634
0.199077
0.242424
0.29547
0.363457
0.457582
0.602511
0.861975
1.32917
)
;

boundaryField
{
    movingWall
    {
        type            zeroGradient;
    }
    fixedWalls
    {
        type            zeroGradient;
    }
    frontAndBack
    {
        type            empty;
    }
}


// ************************************************************************* //
