/*--------------------------------*- C++ -*----------------------------------*\
  =========                 |
  \\      /  F ield         | OpenFOAM: The Open Source CFD Toolbox
   \\    /   O peration     | Website:  https://openfoam.org
    \\  /    A nd           | Version:  7
     \\/     M anipulation  |
\*---------------------------------------------------------------------------*/
FoamFile
{
    version     2.0;
    format      ascii;
    class       volScalarField;
    location    "3.5";
    object      p;
}
// * * * * * * * * * * * * * * * * * * * * * * * * * * * * * * * * * * * * * //

dimensions      [0 2 -2 0 0 0 0];

internalField   nonuniform List<scalar> 
6400
(
-1.5882e-07
1.49527e-05
4.79351e-06
-3.4386e-05
-0.000100426
-0.000189997
-0.000299418
-0.000425299
-0.000564877
-0.000716061
-0.000877337
-0.00104762
-0.00122614
-0.00141229
-0.00160552
-0.00180523
-0.00201067
-0.00222092
-0.00243477
-0.00265075
-0.00286709
-0.00308167
-0.00329208
-0.00349559
-0.00368921
-0.00386968
-0.00403358
-0.00417735
-0.00429741
-0.00439022
-0.00445243
-0.00448097
-0.00447321
-0.00442708
-0.00434122
-0.0042151
-0.00404917
-0.00384494
-0.00360504
-0.00333333
-0.00303486
-0.00271561
-0.00238301
-0.00204513
-0.00171079
-0.0013893
-0.00109012
-0.000822618
-0.000595637
-0.000417223
-0.000294269
-0.000232223
-0.000234841
-0.000304005
-0.000439623
-0.000639617
-0.000899993
-0.00121501
-0.00157753
-0.00197899
-0.00241024
-0.00286157
-0.00332323
-0.00378572
-0.00424015
-0.00467846
-0.0050936
-0.00547959
-0.00583157
-0.00614571
-0.0064191
-0.0066496
-0.00683569
-0.0069764
-0.00707137
-0.00712126
-0.00712871
-0.0071004
-0.0070493
-0.00699449
-1.55388e-05
-4.53273e-07
-1.2418e-05
-5.00604e-05
-0.000110243
-0.000190823
-0.000289304
-0.000403174
-0.000530273
-0.000668867
-0.000817611
-0.000975483
-0.00114171
-0.00131566
-0.00149675
-0.00168433
-0.00187769
-0.00207592
-0.00227792
-0.00248233
-0.00268752
-0.00289159
-0.00309233
-0.00328727
-0.00347368
-0.00364857
-0.00380881
-0.00395112
-0.00407217
-0.00416868
-0.00423749
-0.00427571
-0.00428081
-0.00425079
-0.00418427
-0.00408065
-0.00394021
-0.00376423
-0.00355504
-0.00331609
-0.00305197
-0.00276821
-0.00247152
-0.0021694
-0.00187004
-0.00158206
-0.00131427
-0.00107535
-0.000873566
-0.000716395
-0.00061025
-0.000560191
-0.000569692
-0.000640472
-0.000772406
-0.000963515
-0.00121004
-0.00150661
-0.00184649
-0.00222187
-0.00262412
-0.00304432
-0.00347347
-0.00390286
-0.00432433
-0.00473055
-0.0051151
-0.00547259
-0.00579868
-0.00609002
-0.00634412
-0.00655931
-0.00673458
-0.00686955
-0.00696452
-0.00702067
-0.00704087
-0.00703033
-0.00699443
-0.00693956
-4.978e-06
1.1083e-05
-1.61243e-06
-3.86997e-05
-9.59282e-05
-0.000171401
-0.000263104
-0.000369013
-0.000487368
-0.000616728
-0.000755962
-0.000904199
-0.00106077
-0.0012251
-0.00139666
-0.00157489
-0.00175913
-0.00194857
-0.00214221
-0.00233883
-0.00253695
-0.00273484
-0.00293047
-0.00312155
-0.00330553
-0.00347963
-0.00364086
-0.00378609
-0.00391212
-0.00401575
-0.00409386
-0.00414357
-0.00416231
-0.00414797
-0.00409905
-0.00401474
-0.00389512
-0.00374117
-0.00355495
-0.00333955
-0.00309914
-0.00283916
-0.00256577
-0.00228614
-0.00200814
-0.00174007
-0.00149046
-0.00126775
-0.00107995
-0.000934357
-0.00083724
-0.000793538
-0.000806645
-0.000878241
-0.0010082
-0.00119457
-0.00143367
-0.00172027
-0.00204776
-0.00240853
-0.0027943
-0.00319635
-0.00360605
-0.00401508
-0.00441569
-0.00480097
-0.00516496
-0.00550272
-0.00581036
-0.00608498
-0.00632454
-0.00652781
-0.00669421
-0.00682371
-0.00691682
-0.00697463
-0.00699939
-0.00699452
-0.00695869
-0.00688865
3.62831e-05
4.89468e-05
3.35223e-05
-4.80651e-06
-6.14384e-05
-0.000134454
-0.00022208
-0.000322585
-0.000434524
-0.000556745
-0.00068837
-0.000828739
-0.000977347
-0.00113377
-0.00129762
-0.00146846
-0.00164577
-0.00182887
-0.0020169
-0.0022088
-0.00240325
-0.00259867
-0.00279318
-0.00298466
-0.00317067
-0.00334855
-0.00351538
-0.00366808
-0.00380344
-0.00391822
-0.00400921
-0.00407338
-0.004108
-0.00411074
-0.00407982
-0.0040142
-0.00391361
-0.00377878
-0.00361143
-0.0034144
-0.00319157
-0.0029481
-0.00269002
-0.00242432
-0.00215873
-0.00190149
-0.00166109
-0.00144596
-0.00126417
-0.00112306
-0.00102897
-0.000986931
-0.0010004
-0.00107114
-0.00119905
-0.00138221
-0.00161696
-0.00189803
-0.00221882
-0.00257167
-0.00294828
-0.00334001
-0.00373824
-0.00413476
-0.00452202
-0.00489333
-0.00524301
-0.00556648
-0.00586024
-0.00612181
-0.0063496
-0.0065428
-0.0067012
-0.00682505
-0.00691487
-0.00697143
-0.00699621
-0.00699096
-0.0069494
-0.00686172
0.000107275
0.000110698
8.92802e-05
4.75798e-05
-1.03654e-05
-8.2701e-05
-0.000167862
-0.000264437
-0.000371307
-0.000487636
-0.000612836
-0.000746502
-0.000888351
-0.00103817
-0.00119576
-0.00136088
-0.00153316
-0.00171213
-0.0018971
-0.00208718
-0.00228123
-0.00247781
-0.00267521
-0.0028714
-0.00306405
-0.00325051
-0.00342789
-0.00359305
-0.00374267
-0.00387335
-0.00398169
-0.0040644
-0.00411844
-0.00414116
-0.00413046
-0.00408493
-0.00400396
-0.00388792
-0.00373827
-0.00355756
-0.00334943
-0.00311886
-0.00287177
-0.00261509
-0.00235655
-0.00210444
-0.00186736
-0.0016539
-0.0014723
-0.00133015
-0.001234
-0.00118909
-0.00119911
-0.00126595
-0.00138967
-0.00156842
-0.00179853
-0.00207471
-0.00239026
-0.00273742
-0.00310774
-0.00349244
-0.00388283
-0.00427063
-0.00464828
-0.00500919
-0.00534785
-0.00565994
-0.00594226
-0.00619273
-0.00641019
-0.00659422
-0.006745
-0.006863
-0.00694882
-0.00700296
-0.00702629
-0.0070194
-0.00697276
-0.0068726
0.000205357
0.000194439
0.000163888
0.000116708
5.56437e-05
-1.76502e-05
-0.000101851
-0.000195915
-0.000299099
-0.000410923
-0.000531126
-0.000659595
-0.000796323
-0.000941358
-0.00109474
-0.00125645
-0.00142635
-0.00160419
-0.00178948
-0.00198154
-0.00217938
-0.00238174
-0.00258701
-0.00279324
-0.00299811
-0.00319896
-0.0033928
-0.00357632
-0.00374601
-0.00389817
-0.00402909
-0.00413511
-0.00421279
-0.00425907
-0.00427142
-0.00424802
-0.00418787
-0.00409098
-0.00395848
-0.00379275
-0.00359712
-0.0033765
-0.0031367
-0.00288468
-0.00262825
-0.00237586
-0.00213631
-0.00191847
-0.0017309
-0.00158153
-0.00147728
-0.00142376
-0.00142498
-0.00148316
-0.00159858
-0.00176955
-0.0019925
-0.00226212
-0.00257163
-0.00291313
-0.00327795
-0.00365709
-0.00404163
-0.00442309
-0.0047938
-0.00514708
-0.00547747
-0.00578076
-0.006054
-0.00629541
-0.00650417
-0.00668025
-0.00682417
-0.00693668
-0.00701849
-0.00707
-0.00709171
-0.00708349
-0.00703417
-0.00692812
0.00032671
0.000297203
0.000254894
0.000200339
0.0001345
5.8785e-05
-2.58354e-05
-0.000118772
-0.000219717
-0.000328589
-0.000445488
-0.000570643
-0.000704366
-0.000847004
-0.000998877
-0.00116023
-0.00133122
-0.0015118
-0.00170175
-0.00190057
-0.00210746
-0.00232128
-0.0025405
-0.00276319
-0.00298698
-0.00320909
-0.00342632
-0.00363513
-0.00383163
-0.00401177
-0.00417138
-0.00430633
-0.00441268
-0.00448689
-0.00452592
-0.0045275
-0.00449018
-0.00441358
-0.00429857
-0.00414746
-0.00396274
-0.00374973
-0.00351412
-0.00326287
-0.00300393
-0.00274594
-0.00249801
-0.00226935
-0.00206896
-0.00190523
-0.00178558
-0.00171615
-0.00170144
-0.00174414
-0.00184491
-0.00200238
-0.00221318
-0.00247211
-0.00277236
-0.00310589
-0.00346382
-0.00383689
-0.00421585
-0.00459193
-0.00495717
-0.00530471
-0.00562895
-0.0059257
-0.0061921
-0.00642651
-0.00662843
-0.00679813
-0.00693644
-0.0070444
-0.00712289
-0.00717235
-0.00719314
-0.00718482
-0.00713577
-0.00703005
0.000466725
0.000415258
0.000358898
0.000295358
0.000223425
0.000144065
5.77988e-05
-3.53331e-05
-0.000135522
-0.000243133
-0.000358678
-0.000482767
-0.000616071
-0.000759266
-0.000912992
-0.00107781
-0.00125416
-0.00144228
-0.00164218
-0.00185358
-0.00207583
-0.00230788
-0.00254824
-0.00279492
-0.00304542
-0.00329675
-0.0035454
-0.00378743
-0.00401853
-0.00423413
-0.00442951
-0.00459998
-0.00474103
-0.00484853
-0.00491892
-0.00494937
-0.00493801
-0.004884
-0.00478802
-0.00465258
-0.00447767
-0.00427076
-0.00403699
-0.00378323
-0.00351753
-0.00324878
-0.0029864
-0.00274004
-0.00251921
-0.00233287
-0.00218912
-0.00209474
-0.00205494
-0.00207306
-0.00215035
-0.00228597
-0.00247694
-0.00271828
-0.00300332
-0.00332397
-0.00367119
-0.00403543
-0.00440709
-0.00477702
-0.00513686
-0.00547941
-0.00579882
-0.00609071
-0.00635216
-0.00658162
-0.00677869
-0.00694389
-0.00707828
-0.00718317
-0.00725967
-0.00730836
-0.00732964
-0.00732299
-0.00727724
-0.0071772
0.000620319
0.000544089
0.000471851
0.000398096
0.000319009
0.00023498
0.000145956
5.13291e-05
-4.9666e-05
-0.000157901
-0.000274346
-0.000400033
-0.000536016
-0.000683339
-0.000842999
-0.0010159
-0.00120278
-0.00140418
-0.00162036
-0.00185122
-0.00209624
-0.00235444
-0.00262427
-0.00290362
-0.00318976
-0.00347937
-0.00376852
-0.0040528
-0.00432733
-0.00458692
-0.00482623
-0.00503991
-0.00522279
-0.0053701
-0.00547767
-0.00554211
-0.00556102
-0.00553315
-0.00545835
-0.00533744
-0.00517548
-0.00497476
-0.00474136
-0.00448239
-0.00420605
-0.00392145
-0.00363835
-0.00336687
-0.00311709
-0.00289869
-0.00272055
-0.00259031
-0.00251407
-0.00249607
-0.00253841
-0.00264102
-0.00280153
-0.00301548
-0.00327648
-0.00357656
-0.00390662
-0.00425688
-0.00461738
-0.00497853
-0.00533149
-0.00566859
-0.00598355
-0.00627165
-0.00652974
-0.00675613
-0.00695044
-0.00711325
-0.00724581
-0.00734962
-0.007426
-0.00747574
-0.00749936
-0.00749646
-0.00745683
-0.00736675
0.000781835
0.000678554
0.000589048
0.000504167
0.000417117
0.000327558
0.000234736
0.000137287
3.3791e-05
-7.71962e-05
-0.000197148
-0.000327545
-0.00046986
-0.000625541
-0.000795965
-0.000982392
-0.0011859
-0.00140731
-0.00164712
-0.00190541
-0.00218175
-0.00247512
-0.00278389
-0.00310571
-0.00343753
-0.00377558
-0.00411544
-0.00445208
-0.00477996
-0.0050932
-0.00538573
-0.00565147
-0.00588453
-0.00607944
-0.00623134
-0.0063362
-0.00639105
-0.00639411
-0.00634475
-0.00624356
-0.00609416
-0.00589975
-0.00566595
-0.00539971
-0.00510924
-0.00480383
-0.00449358
-0.00418906
-0.00390102
-0.00363993
-0.00341558
-0.00323668
-0.00311045
-0.00304228
-0.00303544
-0.00309091
-0.0032073
-0.00338091
-0.00360594
-0.00387476
-0.00417838
-0.00450688
-0.00485002
-0.00519773
-0.00554062
-0.00587042
-0.00618025
-0.00646487
-0.00672068
-0.0069457
-0.00713932
-0.00730207
-0.00743519
-0.00754029
-0.00761886
-0.00767187
-0.0077
-0.007703
-0.00767199
-0.00759509
0.000945052
0.000812882
0.000705087
0.000608446
0.00051283
0.000417
0.000319366
0.000217694
0.000109816
-6.33537e-06
-0.000132775
-0.00027147
-0.000424349
-0.000593286
-0.000780059
-0.000986301
-0.00121343
-0.00146255
-0.00173438
-0.00202912
-0.00234637
-0.00268504
-0.00304329
-0.00341846
-0.00380706
-0.00420481
-0.00460663
-0.00500682
-0.00539908
-0.00577677
-0.00613299
-0.00646088
-0.00675374
-0.00700534
-0.00721008
-0.00736319
-0.00746103
-0.00750115
-0.00748237
-0.00740482
-0.0072714
-0.00708505
-0.00685111
-0.00657632
-0.00626882
-0.005938
-0.00559421
-0.00524853
-0.00491234
-0.00459697
-0.00431329
-0.00407123
-0.00387939
-0.0037446
-0.00367161
-0.00366286
-0.00371828
-0.00383535
-0.00400917
-0.00423278
-0.00449754
-0.00479362
-0.00511055
-0.00543783
-0.00576547
-0.00608447
-0.00638722
-0.00666772
-0.00692173
-0.00714669
-0.00734158
-0.00750661
-0.00764289
-0.00775196
-0.00783534
-0.00789414
-0.00792912
-0.00794017
-0.0079199
-0.00785846
0.00110302
0.000940632
0.000813857
0.000705059
0.000600436
0.000497667
0.000394177
0.000286745
0.000172385
4.83499e-05
-8.79587e-05
-0.000239034
-0.000407286
-0.000595034
-0.000804476
-0.00103763
-0.00129624
-0.00158168
-0.00189486
-0.00223604
-0.0026048
-0.00299989
-0.00341916
-0.00385955
-0.00431704
-0.0047867
-0.00526276
-0.00573872
-0.00620746
-0.00666148
-0.00709303
-0.00749434
-0.00785789
-0.00817658
-0.00844397
-0.00865452
-0.00880376
-0.00888851
-0.00890691
-0.00885861
-0.00874532
-0.00856992
-0.0083372
-0.00805356
-0.00772697
-0.00736677
-0.00698353
-0.00658869
-0.00619431
-0.00581261
-0.00545562
-0.00513465
-0.00485989
-0.00463993
-0.00448137
-0.00438847
-0.00436296
-0.00440392
-0.00450784
-0.00466882
-0.00487893
-0.00512867
-0.00540757
-0.00570477
-0.00600965
-0.00631243
-0.00660456
-0.00687911
-0.0071309
-0.00735655
-0.00755435
-0.00772394
-0.00786603
-0.00798189
-0.0080729
-0.00814017
-0.00818444
-0.00820568
-0.00819794
-0.00815342
0.00124825
0.00105471
0.000908568
0.000787416
0.000673455
0.000563088
0.000452612
0.000337717
0.000214524
7.95555e-05
-7.04159e-05
-0.00023844
-0.00042743
-0.000640173
-0.000879296
-0.0011472
-0.00144595
-0.00177717
-0.00214187
-0.00254036
-0.0029721
-0.00343557
-0.00392827
-0.00444661
-0.00498594
-0.00554062
-0.00610408
-0.00666894
-0.0072272
-0.00777042
-0.00828992
-0.008777
-0.00922319
-0.00962046
-0.00996147
-0.0102398
-0.01045
-0.0105882
-0.0106515
-0.0106391
-0.0105515
-0.0103912
-0.0101622
-0.00987066
-0.00952402
-0.00913153
-0.00870378
-0.00825253
-0.0077904
-0.0073305
-0.00688603
-0.00646982
-0.00609382
-0.00576864
-0.00550307
-0.00530366
-0.0051744
-0.00511651
-0.00512839
-0.00520573
-0.00534177
-0.00552775
-0.00575345
-0.00600785
-0.00627978
-0.00655859
-0.00683467
-0.00709991
-0.00734794
-0.00757423
-0.00777605
-0.00795218
-0.00810261
-0.00822809
-0.00832964
-0.00840814
-0.00846418
-0.00849765
-0.00850395
-0.00847724
0.0013726
0.00114743
0.000981811
0.000848264
0.000724688
0.000606025
0.000487309
0.000363047
0.0002284
7.91055e-05
-8.87272e-05
-0.00027873
-0.000494343
-0.000738836
-0.00101527
-0.00132643
-0.00167467
-0.00206181
-0.00248894
-0.00295632
-0.00346321
-0.00400776
-0.00458697
-0.00519666
-0.00583148
-0.00648495
-0.00714964
-0.00781723
-0.00847875
-0.00912476
-0.00974557
-0.0103315
-0.010873
-0.0113611
-0.0117875
-0.0121447
-0.0124264
-0.0126276
-0.0127446
-0.0127756
-0.0127203
-0.0125803
-0.012359
-0.0120617
-0.0116955
-0.0112692
-0.0107933
-0.0102798
-0.00974159
-0.00919265
-0.0086473
-0.00811988
-0.00762423
-0.00717319
-0.00677804
-0.00644803
-0.00618991
-0.00600762
-0.00590211
-0.00587126
-0.00591011
-0.00601114
-0.00616483
-0.0063603
-0.00658597
-0.00683034
-0.00708264
-0.00733334
-0.0075746
-0.0078004
-0.0080066
-0.00819074
-0.00835176
-0.00848955
-0.00860448
-0.00869697
-0.00876723
-0.0088149
-0.00883655
-0.0088281
0.00146738
0.00121057
0.00102565
0.000879773
0.000746314
0.000618578
0.000490215
0.000354461
0.000205454
3.81095e-05
-0.000152158
-0.000369588
-0.000618168
-0.000901664
-0.00122357
-0.00158703
-0.00199465
-0.00244841
-0.00294943
-0.0034978
-0.00409252
-0.00473131
-0.0054106
-0.00612549
-0.00686984
-0.00763629
-0.00841643
-0.00920093
-0.00997979
-0.0107425
-0.0114783
-0.0121764
-0.0128262
-0.0134176
-0.0139413
-0.0143888
-0.0147526
-0.0150268
-0.0152068
-0.0152895
-0.0152738
-0.0151604
-0.0149517
-0.0146523
-0.0142685
-0.0138088
-0.0132832
-0.0127035
-0.012083
-0.0114362
-0.0107784
-0.0101254
-0.0094928
-0.00889588
-0.0083486
-0.00786324
-0.0074498
-0.00711555
-0.00686463
-0.00669787
-0.00661283
-0.00660394
-0.00666297
-0.00677961
-0.00694219
-0.0071385
-0.00735654
-0.00758522
-0.00781487
-0.00803762
-0.00824752
-0.00844043
-0.00861381
-0.00876629
-0.00889727
-0.0090064
-0.00909326
-0.009157
-0.00919523
-0.00920528
0.00152352
0.00123554
0.00103171
0.000873665
0.000730032
0.000592341
0.000452746
0.000303141
0.000136598
-5.2825e-05
-0.000270433
-0.000521096
-0.000809367
-0.00113951
-0.00151544
-0.00194063
-0.00241793
-0.00294939
-0.00353606
-0.00417785
-0.00487335
-0.00561977
-0.00641285
-0.00724693
-0.00811496
-0.00900858
-0.00991836
-0.0108339
-0.011744
-0.012637
-0.0135012
-0.0143244
-0.015095
-0.0158018
-0.0164344
-0.016983
-0.0174394
-0.0177963
-0.0180482
-0.0181911
-0.0182227
-0.0181427
-0.0179526
-0.0176561
-0.0172586
-0.0167678
-0.0161931
-0.0155462
-0.0148401
-0.0140896
-0.0133108
-0.0125206
-0.0117364
-0.0109757
-0.0102553
-0.00959068
-0.00899549
-0.00848084
-0.00805481
-0.00772197
-0.00748323
-0.00733586
-0.00727369
-0.00728766
-0.00736649
-0.00749755
-0.00766769
-0.00786411
-0.00807509
-0.00829049
-0.00850207
-0.00870352
-0.00889033
-0.00905945
-0.00920885
-0.00933708
-0.00944281
-0.00952451
-0.00958033
-0.00960915
0.00153169
0.0012135
0.000991405
0.000821386
0.000667243
0.000518585
0.000365987
0.000199951
1.24496e-05
-0.000203338
-0.000453461
-0.000743441
-0.0010784
-0.00146309
-0.00190186
-0.00239845
-0.00295591
-0.00357628
-0.0042605
-0.00500815
-0.00581736
-0.00668469
-0.00760514
-0.00857214
-0.00957763
-0.0106122
-0.0116653
-0.0127252
-0.0137797
-0.0148159
-0.0158207
-0.0167809
-0.0176837
-0.0185167
-0.0192683
-0.0199279
-0.020486
-0.0209345
-0.0212666
-0.0214775
-0.0215639
-0.0215245
-0.0213596
-0.021072
-0.0206662
-0.0201488
-0.0195285
-0.0188163
-0.0180248
-0.0171688
-0.0162645
-0.0153298
-0.0143834
-0.0134448
-0.0125335
-0.0116683
-0.0108666
-0.010144
-0.00951285
-0.00898246
-0.00855802
-0.0082406
-0.0080271
-0.00791063
-0.00788103
-0.00792572
-0.0080307
-0.00818147
-0.00836404
-0.00856562
-0.00877518
-0.00898369
-0.00918412
-0.00937119
-0.00954098
-0.00969053
-0.00981727
-0.00991868
-0.00999331
-0.0100412
0.00148254
0.00113558
0.000896057
0.000714305
0.000549247
0.000388476
0.000220929
3.56874e-05
-0.000176392
-0.00042303
-0.000711038
-0.00104659
-0.00143538
-0.00188266
-0.00239314
-0.00297084
-0.0036189
-0.00433932
-0.0051328
-0.0059985
-0.00693399
-0.00793508
-0.00899589
-0.0101088
-0.0112648
-0.0124531
-0.013662
-0.0148785
-0.0160891
-0.0172796
-0.0184356
-0.0195427
-0.020587
-0.0215549
-0.0224338
-0.0232121
-0.0238792
-0.0244262
-0.0248455
-0.0251311
-0.025279
-0.0252868
-0.025154
-0.0248822
-0.0244747
-0.0239372
-0.0232775
-0.0225052
-0.0216325
-0.0206735
-0.0196443
-0.018563
-0.0174493
-0.0163242
-0.0152094
-0.0141268
-0.0130978
-0.0121422
-0.0112777
-0.0105187
-0.00987566
-0.00935465
-0.00895681
-0.00867854
-0.00851181
-0.00844495
-0.00846356
-0.0085517
-0.00869299
-0.00887169
-0.00907349
-0.00928604
-0.00949915
-0.00970467
-0.0098963
-0.0100691
-0.0102188
-0.0103416
-0.0104364
-0.010504
0.00136689
0.000993075
0.00073717
0.000543937
0.000367482
0.000193326
8.73529e-06
-0.000198637
-0.00043906
-0.000721161
-0.00105251
-0.00143995
-0.00188974
-0.00240759
-0.00299857
-0.00366689
-0.00441574
-0.00524697
-0.00616094
-0.00715631
-0.00822994
-0.00937678
-0.0105899
-0.0118607
-0.0131787
-0.014532
-0.0159074
-0.0172908
-0.0186669
-0.0200205
-0.0213358
-0.0225971
-0.0237895
-0.0248982
-0.0259098
-0.0268117
-0.0275926
-0.0282427
-0.0287538
-0.0291192
-0.0293339
-0.0293947
-0.0293004
-0.0290512
-0.0286498
-0.0281003
-0.0274094
-0.0265856
-0.0256399
-0.0245852
-0.0234371
-0.0222133
-0.0209336
-0.01962
-0.0182959
-0.0169857
-0.0157142
-0.0145059
-0.0133835
-0.0123674
-0.011474
-0.0107155
-0.0100986
-0.00962435
-0.00928825
-0.0090806
-0.00898752
-0.00899207
-0.00907566
-0.00921941
-0.00940527
-0.00961695
-0.00984039
-0.0100639
-0.0102782
-0.0104757
-0.0106501
-0.0107962
-0.0109124
-0.0110008
0.00117598
0.000777703
0.000506636
0.000302179
0.00011378
-7.51354e-05
-0.000278977
-0.000511509
-0.000784114
-0.00110632
-0.00148646
-0.00193202
-0.00244982
-0.00304601
-0.00372596
-0.00449402
-0.00535331
-0.00630547
-0.0073504
-0.00848612
-0.00970865
-0.0110119
-0.012388
-0.0138267
-0.0153165
-0.0168439
-0.0183943
-0.019952
-0.0215004
-0.0230228
-0.0245022
-0.0259218
-0.0272654
-0.0285176
-0.0296639
-0.0306911
-0.0315873
-0.0323424
-0.0329473
-0.033395
-0.0336799
-0.0337981
-0.0337475
-0.0335278
-0.0331401
-0.0325878
-0.0318759
-0.0310117
-0.0300045
-0.0288659
-0.0276103
-0.0262542
-0.0248171
-0.0233207
-0.0217895
-0.0202495
-0.0187286
-0.0172549
-0.0158565
-0.0145595
-0.0133874
-0.0123592
-0.0114885
-0.0107826
-0.0102422
-0.00986092
-0.00962674
-0.00952262
-0.00952821
-0.0096215
-0.00978038
-0.00998404
-0.0102138
-0.0104538
-0.0106907
-0.010914
-0.0111148
-0.0112856
-0.011425
-0.0115355
0.000901766
0.000481831
0.000196983
-1.84292e-05
-0.000219369
-0.000424492
-0.000649859
-0.000910615
-0.00121923
-0.00158611
-0.00202034
-0.00253005
-0.00312258
-0.00380448
-0.00458135
-0.00545761
-0.00643624
-0.0075185
-0.00870375
-0.00998921
-0.0113699
-0.0128387
-0.0143862
-0.016001
-0.0176698
-0.0193778
-0.0211087
-0.0228451
-0.0245692
-0.0262628
-0.0279075
-0.0294856
-0.0309799
-0.0323742
-0.0336536
-0.0348043
-0.0358142
-0.0366726
-0.0373704
-0.0379004
-0.0382565
-0.0384344
-0.0384316
-0.0382468
-0.0378804
-0.0373345
-0.0366128
-0.0357209
-0.0346666
-0.0334598
-0.0321127
-0.0306405
-0.0290612
-0.0273957
-0.0256681
-0.0239054
-0.0221371
-0.0203946
-0.0187104
-0.0171165
-0.0156431
-0.0143172
-0.0131603
-0.0121876
-0.0114064
-0.0108161
-0.0104078
-0.0101659
-0.0100691
-0.0100926
-0.0102102
-0.0103961
-0.0106263
-0.0108796
-0.0111384
-0.0113879
-0.0116164
-0.0118137
-0.011978
-0.0121126
0.000537114
9.87253e-05
-0.000198368
-0.000424454
-0.000638565
-0.000861377
-0.00111055
-0.00140255
-0.0017509
-0.00216685
-0.00266021
-0.00323973
-0.00391324
-0.00468762
-0.00556863
-0.00656068
-0.00766649
-0.00888683
-0.0102203
-0.0116633
-0.0132097
-0.0148509
-0.0165761
-0.0183724
-0.0202249
-0.0221168
-0.0240303
-0.0259465
-0.027846
-0.0297091
-0.0315166
-0.0332496
-0.0348902
-0.0364217
-0.0378288
-0.0390976
-0.0402158
-0.0411729
-0.0419598
-0.0425692
-0.0429951
-0.043233
-0.0432799
-0.0431341
-0.0427953
-0.0422645
-0.0415442
-0.0406383
-0.0395529
-0.0382957
-0.036877
-0.0353095
-0.0336092
-0.0317953
-0.0298905
-0.0279214
-0.025918
-0.0239137
-0.0219442
-0.0200468
-0.0182582
-0.0166134
-0.0151427
-0.0138706
-0.0128131
-0.0119769
-0.0113588
-0.0109463
-0.0107187
-0.0106492
-0.0107077
-0.0108631
-0.0110854
-0.0113475
-0.0116261
-0.0119019
-0.012159
-0.0123845
-0.0125756
-0.0127366
7.60762e-05
-0.00037721
-0.000684881
-0.000921336
-0.00114925
-0.00139122
-0.00166642
-0.00199258
-0.00238418
-0.00285331
-0.00341046
-0.00406495
-0.00482503
-0.00569788
-0.00668934
-0.00780367
-0.0090432
-0.0104081
-0.0118961
-0.0135025
-0.0152198
-0.017038
-0.0189447
-0.0209251
-0.0229624
-0.0250384
-0.0271333
-0.0292266
-0.0312974
-0.0333249
-0.0352886
-0.0371691
-0.0389479
-0.040608
-0.0421341
-0.0435123
-0.0447306
-0.0457788
-0.0466481
-0.0473316
-0.0478234
-0.0481189
-0.0482156
-0.0481112
-0.0478048
-0.0472966
-0.046588
-0.0456815
-0.0445812
-0.0432928
-0.0418241
-0.0401854
-0.0383898
-0.0364539
-0.0343982
-0.0322475
-0.030031
-0.0277824
-0.0255395
-0.0233432
-0.021236
-0.0192604
-0.0174561
-0.0158574
-0.0144909
-0.0133729
-0.0125082
-0.0118896
-0.0114991
-0.0113094
-0.0112872
-0.0113962
-0.0115997
-0.0118641
-0.0121592
-0.0124603
-0.0127467
-0.0130019
-0.0132221
-0.0134123
-0.000485898
-0.000950231
-0.00126669
-0.00151317
-0.00175548
-0.00201801
-0.00232134
-0.00268435
-0.00312244
-0.00364846
-0.00427354
-0.0050075
-0.00585899
-0.00683536
-0.00794244
-0.00918422
-0.0105625
-0.0120768
-0.0137237
-0.0154971
-0.0173883
-0.0193854
-0.0214743
-0.0236383
-0.0258588
-0.0281155
-0.030387
-0.0326511
-0.0348856
-0.0370686
-0.0391787
-0.041196
-0.0431016
-0.0448788
-0.0465121
-0.0479883
-0.0492959
-0.0504252
-0.051368
-0.0521179
-0.0526695
-0.0530182
-0.0531633
-0.0531007
-0.0528296
-0.0523498
-0.0516616
-0.0507664
-0.0496665
-0.0483656
-0.0468691
-0.0451844
-0.0433216
-0.041294
-0.039119
-0.0368184
-0.0344191
-0.0319538
-0.0294603
-0.0269815
-0.0245643
-0.0222575
-0.0201095
-0.0181654
-0.016463
-0.0150304
-0.0138829
-0.0130215
-0.0124333
-0.0120926
-0.0119643
-0.0120073
-0.0121784
-0.0124362
-0.0127433
-0.0130679
-0.0133839
-0.0136701
-0.0139216
-0.014144
-0.00115178
-0.00162308
-0.00194643
-0.00220254
-0.00245976
-0.00274412
-0.00307749
-0.00347976
-0.00396719
-0.00455331
-0.00524981
-0.00606699
-0.00701377
-0.0080976
-0.0093242
-0.0106972
-0.0122176
-0.0138841
-0.0156921
-0.0176341
-0.0196994
-0.0218748
-0.0241438
-0.0264879
-0.0288864
-0.0313173
-0.0337572
-0.0361826
-0.0385701
-0.0408965
-0.0431402
-0.0452808
-0.0472995
-0.0491796
-0.0509065
-0.0524674
-0.0538517
-0.0550503
-0.0560561
-0.0568632
-0.0574674
-0.0578657
-0.0580534
-0.0580307
-0.0577958
-0.057348
-0.0566869
-0.0558129
-0.0547268
-0.0534306
-0.0519271
-0.0502211
-0.0483194
-0.0462318
-0.0439718
-0.0415574
-0.0390121
-0.0363656
-0.0336542
-0.0309206
-0.0282141
-0.0255881
-0.0230985
-0.0208004
-0.0187438
-0.0169698
-0.0155064
-0.0143661
-0.0135439
-0.0130187
-0.0127555
-0.0127095
-0.0128314
-0.0130715
-0.013384
-0.0137294
-0.0140744
-0.0143929
-0.014678
-0.014936
-0.00192284
-0.00239683
-0.00272509
-0.00299034
-0.00326287
-0.00357016
-0.00393521
-0.00437881
-0.00491795
-0.00556677
-0.00633748
-0.00724072
-0.00828563
-0.00947965
-0.0108282
-0.0123345
-0.0139987
-0.0158183
-0.0177874
-0.0198969
-0.0221343
-0.0244843
-0.0269285
-0.0294462
-0.0320148
-0.0346103
-0.0372077
-0.0397821
-0.042309
-0.0447646
-0.0471269
-0.0493753
-0.0514914
-0.0534592
-0.0552645
-0.0568957
-0.0583429
-0.0595983
-0.0606556
-0.0615099
-0.0621578
-0.0625966
-0.0628239
-0.0628383
-0.0626389
-0.0622248
-0.0615952
-0.0607497
-0.0596882
-0.0584109
-0.0569187
-0.0552137
-0.0532998
-0.0511829
-0.0488726
-0.0463824
-0.0437314
-0.0409449
-0.0380558
-0.0351048
-0.0321409
-0.02922
-0.0264036
-0.0237553
-0.0213369
-0.0192031
-0.0173969
-0.0159445
-0.0148525
-0.0141076
-0.0136777
-0.0135166
-0.0135692
-0.0137778
-0.0140873
-0.0144493
-0.0148224
-0.0151739
-0.0154948
-0.0157921
-0.00279849
-0.0032708
-0.00360189
-0.00387571
-0.00416381
-0.00449489
-0.00489293
-0.00537949
-0.00597217
-0.00668563
-0.00753249
-0.00852367
-0.0096684
-0.010974
-0.0124456
-0.0140856
-0.0158933
-0.0178648
-0.0199929
-0.0222665
-0.0246714
-0.0271899
-0.0298017
-0.0324839
-0.0352119
-0.0379599
-0.0407015
-0.0434104
-0.0460613
-0.0486301
-0.0510944
-0.0534341
-0.0556313
-0.0576706
-0.0595389
-0.0612256
-0.062722
-0.0640214
-0.0651187
-0.06601
-0.0666927
-0.0671649
-0.0674252
-0.0674726
-0.0673064
-0.0669256
-0.0663297
-0.0655175
-0.0644882
-0.0632409
-0.0617747
-0.0600897
-0.0581868
-0.0560686
-0.0537406
-0.0512116
-0.0484955
-0.0456126
-0.0425908
-0.0394667
-0.0362867
-0.0331065
-0.0299906
-0.0270089
-0.0242334
-0.0217325
-0.0195646
-0.0177724
-0.0163775
-0.0153777
-0.0147477
-0.0144423
-0.0144027
-0.0145633
-0.0148594
-0.0152323
-0.0156315
-0.0160165
-0.0163753
-0.0167154
-0.00377631
-0.00424253
-0.0045743
-0.00485599
-0.0051597
-0.00551516
-0.00594715
-0.00647781
-0.00712525
-0.00790454
-0.00882861
-0.00990856
-0.0111536
-0.0125709
-0.0141649
-0.0159373
-0.0178863
-0.0200067
-0.0222894
-0.0247215
-0.0272868
-0.0299654
-0.0327349
-0.0355702
-0.0384449
-0.0413314
-0.044202
-0.0470296
-0.049788
-0.052453
-0.0550024
-0.0574166
-0.0596783
-0.0617733
-0.0636895
-0.0654175
-0.0669499
-0.0682811
-0.0694072
-0.0703255
-0.0710343
-0.0715325
-0.0718195
-0.0718949
-0.0717583
-0.0714093
-0.070847
-0.0700703
-0.069078
-0.0678682
-0.0664389
-0.0647885
-0.0629155
-0.0608196
-0.0585023
-0.0559682
-0.0532258
-0.0502896
-0.0471814
-0.0439323
-0.0405838
-0.0371889
-0.0338116
-0.0305258
-0.0274111
-0.0245478
-0.0220103
-0.0198588
-0.0181326
-0.0168449
-0.0159811
-0.0155005
-0.0153429
-0.0154363
-0.0157062
-0.0160829
-0.0165051
-0.0169234
-0.0173221
-0.0177085
-0.004852
-0.00530773
-0.00563799
-0.00592671
-0.00624588
-0.00662598
-0.00709242
-0.00766779
-0.00837055
-0.00921607
-0.0102175
-0.011386
-0.0127306
-0.0142582
-0.0159726
-0.0178745
-0.0199609
-0.022225
-0.024656
-0.027239
-0.0299556
-0.0327839
-0.0356992
-0.0386745
-0.0416815
-0.0446912
-0.0476747
-0.0506041
-0.0534531
-0.0561973
-0.058815
-0.0612872
-0.0635979
-0.0657335
-0.0676836
-0.0694397
-0.0709959
-0.0723479
-0.0734928
-0.074429
-0.0751557
-0.0756728
-0.0759803
-0.0760785
-0.0759675
-0.0756472
-0.075117
-0.074376
-0.0734225
-0.0722544
-0.0708691
-0.0692634
-0.0674343
-0.065379
-0.0630958
-0.0605852
-0.0578508
-0.0549011
-0.0517514
-0.0484258
-0.0449595
-0.0414
-0.0378084
-0.0342586
-0.0308348
-0.0276271
-0.0247239
-0.0222037
-0.0201254
-0.0185212
-0.0173911
-0.0167036
-0.0164003
-0.0164049
-0.0166336
-0.017005
-0.0174461
-0.0178969
-0.018337
-0.0187733
-0.00601946
-0.0064604
-0.00678691
-0.00708168
-0.00741587
-0.00782053
-0.00832149
-0.00894161
-0.00969957
-0.0106109
-0.0116889
-0.0129446
-0.0143869
-0.0160221
-0.0178533
-0.0198801
-0.0220983
-0.0244993
-0.0270705
-0.029795
-0.0326522
-0.0356181
-0.0386658
-0.0417667
-0.0448907
-0.0480075
-0.0510874
-0.0541019
-0.0570247
-0.0598316
-0.0625017
-0.0650167
-0.0673617
-0.0695246
-0.0714958
-0.0732686
-0.0748381
-0.0762011
-0.077356
-0.0783022
-0.0790397
-0.0795692
-0.0798916
-0.0800075
-0.0799177
-0.0796226
-0.0791218
-0.0784147
-0.0774998
-0.0763748
-0.0750366
-0.0734817
-0.0717056
-0.0697039
-0.0674723
-0.0650079
-0.0623099
-0.0593811
-0.0562304
-0.0528745
-0.0493407
-0.0456693
-0.0419156
-0.0381501
-0.0344584
-0.0309362
-0.0276841
-0.0247974
-0.0223558
-0.0204127
-0.0189875
-0.0180622
-0.0175846
-0.0174768
-0.017647
-0.0180025
-0.018457
-0.0189386
-0.0194211
-0.0199106
-0.00727091
-0.0076929
-0.00801341
-0.00831307
-0.00866159
-0.00909035
-0.00962541
-0.0102897
-0.0111021
-0.012078
-0.0132308
-0.0145714
-0.0161082
-0.0178471
-0.0197902
-0.0219359
-0.0242787
-0.0268082
-0.02951
-0.032365
-0.0353507
-0.038441
-0.041607
-0.0448183
-0.0480434
-0.0512512
-0.0544111
-0.0574946
-0.0604752
-0.0633295
-0.0660373
-0.0685814
-0.070948
-0.0731262
-0.075108
-0.0768876
-0.0784615
-0.0798277
-0.0809854
-0.081935
-0.0826774
-0.0832139
-0.083546
-0.083675
-0.0836022
-0.0833282
-0.0828534
-0.0821774
-0.0812989
-0.0802159
-0.0789254
-0.0774234
-0.0757051
-0.0737648
-0.0715965
-0.0691946
-0.0665546
-0.0636747
-0.0605574
-0.0572121
-0.053658
-0.0499264
-0.0460647
-0.0421373
-0.0382267
-0.034431
-0.0308588
-0.0276201
-0.0248148
-0.0225193
-0.0207756
-0.0195841
-0.0189036
-0.0186584
-0.0187512
-0.0190781
-0.0195391
-0.020049
-0.0205745
-0.0211201
-0.00859702
-0.00899612
-0.00930835
-0.0096116
-0.00997348
-0.0104255
-0.0109937
-0.0117011
-0.0125663
-0.0136049
-0.0148299
-0.0162519
-0.0178791
-0.0197164
-0.0217652
-0.0240226
-0.0264815
-0.0291299
-0.0319514
-0.0349251
-0.0380262
-0.0412267
-0.0444962
-0.0478026
-0.0511133
-0.0543962
-0.0576206
-0.0607576
-0.0637815
-0.0666695
-0.069402
-0.0719633
-0.0743406
-0.0765244
-0.0785078
-0.0802865
-0.0818578
-0.0832208
-0.0843758
-0.0853237
-0.0860663
-0.0866054
-0.086943
-0.087081
-0.0870211
-0.0867644
-0.0863118
-0.0856632
-0.0848179
-0.0837741
-0.0825293
-0.0810796
-0.0794199
-0.0775443
-0.0754456
-0.0731165
-0.0705497
-0.0677394
-0.0646828
-0.0613825
-0.0578493
-0.0541056
-0.0501887
-0.0461546
-0.0420793
-0.038059
-0.0342062
-0.0306421
-0.0274844
-0.0248328
-0.0227546
-0.0212729
-0.0203624
-0.0199546
-0.0199497
-0.0202338
-0.0206931
-0.0212277
-0.0217962
-0.0224005
-0.00998712
-0.0103597
-0.0106614
-0.0109667
-0.0113407
-0.0118147
-0.0124147
-0.0131635
-0.0140794
-0.0151778
-0.0164714
-0.0179707
-0.019683
-0.0216125
-0.0237597
-0.0261204
-0.0286858
-0.0314425
-0.034372
-0.0374515
-0.0406545
-0.0439511
-0.0473092
-0.0506955
-0.0540766
-0.0574197
-0.060694
-0.0638708
-0.0669249
-0.0698343
-0.0725806
-0.0751491
-0.0775282
-0.0797098
-0.0816881
-0.0834598
-0.0850233
-0.0863786
-0.0875267
-0.0884693
-0.0892085
-0.0897468
-0.0900865
-0.0902302
-0.0901796
-0.0899366
-0.0895023
-0.0888772
-0.088061
-0.0870527
-0.0858499
-0.0844494
-0.0828465
-0.0810352
-0.079008
-0.0767565
-0.0742717
-0.0715449
-0.0685689
-0.0653403
-0.0618624
-0.0581483
-0.0542249
-0.0501378
-0.0459537
-0.041763
-0.0376775
-0.0338249
-0.0303376
-0.0273374
-0.0249176
-0.0231275
-0.0219632
-0.0213682
-0.0212444
-0.0214703
-0.0219184
-0.0224732
-0.0230838
-0.023749
-0.0114295
-0.0117721
-0.0120611
-0.0123669
-0.0127514
-0.0132458
-0.0138757
-0.0146635
-0.0156273
-0.0167821
-0.0181402
-0.0197114
-0.0215028
-0.0235175
-0.0257548
-0.0282094
-0.0308711
-0.0337246
-0.0367498
-0.0399221
-0.043213
-0.0465914
-0.0500236
-0.0534754
-0.0569126
-0.0603021
-0.0636131
-0.0668174
-0.0698905
-0.0728111
-0.0755621
-0.0781298
-0.0805039
-0.0826774
-0.0846455
-0.086406
-0.0879582
-0.0893027
-0.0904411
-0.0913758
-0.0921093
-0.0926444
-0.0929839
-0.0931304
-0.0930863
-0.0928536
-0.092434
-0.0918283
-0.091037
-0.0900594
-0.0888941
-0.0875384
-0.0859881
-0.0842379
-0.0822804
-0.080107
-0.0777077
-0.0750719
-0.0721892
-0.0690516
-0.0656554
-0.0620053
-0.0581179
-0.0540273
-0.0497889
-0.0454837
-0.0412186
-0.0371231
-0.0333397
-0.0300091
-0.0272504
-0.0251414
-0.0237039
-0.0228991
-0.0226353
-0.0227867
-0.0232129
-0.0237823
-0.0244336
-0.0251612
-0.0129114
-0.0132211
-0.0134952
-0.0137998
-0.014193
-0.0147057
-0.0153632
-0.0161873
-0.0171956
-0.0184026
-0.0198201
-0.0214576
-0.023321
-0.025413
-0.0277316
-0.0302702
-0.0330172
-0.0359557
-0.0390639
-0.0423156
-0.0456809
-0.0491271
-0.0526196
-0.0561233
-0.0596034
-0.0630269
-0.066363
-0.0695843
-0.0726668
-0.0755903
-0.0783388
-0.0808996
-0.0832637
-0.0854249
-0.0873795
-0.0891262
-0.0906648
-0.0919968
-0.0931241
-0.0940495
-0.0947758
-0.0953062
-0.0956436
-0.095791
-0.0957509
-0.0955257
-0.0951174
-0.0945274
-0.0937565
-0.092805
-0.0916719
-0.0903555
-0.0888525
-0.0871582
-0.0852661
-0.0831677
-0.0808531
-0.0783105
-0.0755277
-0.0724929
-0.0691971
-0.0656375
-0.061821
-0.05777
-0.0535276
-0.0491628
-0.0447738
-0.0404867
-0.0364492
-0.0328166
-0.0297318
-0.0273019
-0.0255779
-0.0245437
-0.0241199
-0.0241799
-0.0245726
-0.0251503
-0.0258401
-0.0266309
-0.0144198
-0.0146939
-0.0149511
-0.0152525
-0.0156524
-0.0161811
-0.0168634
-0.0177204
-0.0187692
-0.0200237
-0.0214953
-0.0231924
-0.0251205
-0.0272812
-0.0296716
-0.0322838
-0.0351047
-0.0381161
-0.0412947
-0.0446128
-0.0480392
-0.05154
-0.0550797
-0.0586227
-0.0621339
-0.0655804
-0.0689317
-0.0721611
-0.0752454
-0.0781653
-0.0809059
-0.0834555
-0.0858061
-0.0879524
-0.0898917
-0.0916231
-0.0931473
-0.094466
-0.0955817
-0.0964972
-0.0972158
-0.0977407
-0.0980749
-0.0982217
-0.0981838
-0.0979637
-0.0975638
-0.0969859
-0.0962314
-0.0953011
-0.094195
-0.092912
-0.0914501
-0.0898054
-0.0879725
-0.0859438
-0.0837096
-0.0812583
-0.0785765
-0.0756501
-0.0724663
-0.0690157
-0.0652969
-0.0613212
-0.057119
-0.0527457
-0.0482876
-0.0438631
-0.0396199
-0.0357226
-0.0323343
-0.0295905
-0.0275735
-0.0262949
-0.0256928
-0.0256449
-0.025992
-0.0265707
-0.0272959
-0.0281503
-0.015941
-0.0161775
-0.0164159
-0.016712
-0.0171162
-0.0176582
-0.0183622
-0.0192485
-0.0203334
-0.0216302
-0.0231496
-0.0248994
-0.0268842
-0.0291047
-0.031557
-0.034232
-0.0371154
-0.0401877
-0.0434242
-0.046796
-0.0502708
-0.0538137
-0.0573887
-0.0609596
-0.0644915
-0.0679515
-0.0713098
-0.0745401
-0.0776201
-0.0805316
-0.0832605
-0.0857961
-0.0881312
-0.0902614
-0.0921846
-0.0939006
-0.0954103
-0.096716
-0.0978202
-0.0987261
-0.099437
-0.0999561
-0.100287
-0.100432
-0.100395
-0.100178
-0.0997838
-0.0992149
-0.098473
-0.0975594
-0.096475
-0.0952197
-0.0937923
-0.0921903
-0.0904094
-0.0884432
-0.0862832
-0.083918
-0.0813343
-0.0785168
-0.0754499
-0.0721197
-0.0685175
-0.0646448
-0.0605195
-0.0561831
-0.0517075
-0.0472002
-0.0428031
-0.0386852
-0.0350246
-0.0319827
-0.029674
-0.0281413
-0.0273454
-0.027174
-0.027463
-0.0280348
-0.0287919
-0.0297095
-0.0174616
-0.0176587
-0.0178764
-0.0181652
-0.0185714
-0.0191237
-0.0198457
-0.0207571
-0.0218733
-0.0232068
-0.0247675
-0.0265626
-0.0285958
-0.0308669
-0.033371
-0.036098
-0.0390325
-0.0421537
-0.045436
-0.0488493
-0.0523605
-0.055934
-0.0595334
-0.0631223
-0.0666658
-0.0701314
-0.0734898
-0.0767153
-0.0797867
-0.0826864
-0.0854011
-0.0879212
-0.0902401
-0.092354
-0.0942615
-0.0959626
-0.0974587
-0.0987522
-0.0998458
-0.100743
-0.101446
-0.10196
-0.102287
-0.10243
-0.102393
-0.102177
-0.101787
-0.101224
-0.100492
-0.0995907
-0.0985232
-0.0972898
-0.0958905
-0.0943241
-0.0925876
-0.090676
-0.0885821
-0.0862958
-0.0838042
-0.081092
-0.078142
-0.0749372
-0.0714632
-0.0677131
-0.0636936
-0.0594322
-0.0549858
-0.0504475
-0.0459495
-0.0416593
-0.0377649
-0.0344491
-0.0318577
-0.030067
-0.0290658
-0.0287568
-0.0289755
-0.0295323
-0.0303169
-0.0312965
-0.0189683
-0.0191248
-0.0193202
-0.0195996
-0.0200049
-0.0205643
-0.0213007
-0.0222326
-0.0233748
-0.024739
-0.0263343
-0.0281669
-0.0302399
-0.0325522
-0.0350979
-0.0378661
-0.0408404
-0.043999
-0.0473153
-0.0507587
-0.0542952
-0.0578888
-0.0615028
-0.0651009
-0.0686483
-0.0721129
-0.075466
-0.0786826
-0.0817421
-0.084628
-0.0873275
-0.0898316
-0.0921345
-0.0942329
-0.0961256
-0.0978131
-0.0992969
-0.10058
-0.101664
-0.102553
-0.10325
-0.103759
-0.104082
-0.104223
-0.104185
-0.10397
-0.103582
-0.103023
-0.102296
-0.101404
-0.100349
-0.0991325
-0.0977553
-0.0962175
-0.0945177
-0.0926524
-0.090616
-0.0883999
-0.0859924
-0.0833789
-0.0805417
-0.077462
-0.0741214
-0.0705063
-0.0666136
-0.0624578
-0.0580803
-0.0535585
-0.0490112
-0.0445992
-0.0405141
-0.0369559
-0.0340983
-0.0320523
-0.0308384
-0.0303799
-0.030517
-0.0310501
-0.0318575
-0.0328975
-0.0204483
-0.0205634
-0.020735
-0.021003
-0.0214046
-0.0219676
-0.0227142
-0.0236619
-0.0248246
-0.0262132
-0.0278359
-0.0296981
-0.0318022
-0.0341461
-0.0367233
-0.0395221
-0.0425251
-0.0457099
-0.0490493
-0.0525119
-0.0560634
-0.0596676
-0.0632876
-0.0668872
-0.070432
-0.0738904
-0.077234
-0.0804388
-0.0834846
-0.0863555
-0.0890396
-0.0915282
-0.0938162
-0.0959004
-0.09778
-0.0994557
-0.100929
-0.102203
-0.103279
-0.104162
-0.104854
-0.105358
-0.105678
-0.105817
-0.105777
-0.105562
-0.105175
-0.104618
-0.103895
-0.103008
-0.101961
-0.100756
-0.0993956
-0.09788
-0.0962095
-0.0943823
-0.0923945
-0.0902392
-0.0879066
-0.0853831
-0.0826517
-0.0796928
-0.0764855
-0.0730113
-0.0692589
-0.0652314
-0.0609554
-0.0564916
-0.051943
-0.0474592
-0.04323
-0.039466
-0.0363656
-0.0340734
-0.0326443
-0.0320273
-0.0320723
-0.0325736
-0.0333986
-0.0344966
-0.0218894
-0.0219632
-0.0221095
-0.0223639
-0.0227591
-0.0233221
-0.0240744
-0.0250329
-0.0262103
-0.0276167
-0.0292594
-0.0311432
-0.0332695
-0.0356356
-0.0382342
-0.041053
-0.0440741
-0.0472745
-0.0506265
-0.0540983
-0.0576555
-0.0612616
-0.06488
-0.0684747
-0.0720115
-0.0754594
-0.0787907
-0.0819816
-0.0850127
-0.0878686
-0.0905378
-0.0930123
-0.0952868
-0.0973588
-0.0992274
-0.100893
-0.102358
-0.103625
-0.104696
-0.105573
-0.106261
-0.106763
-0.10708
-0.107216
-0.107175
-0.106959
-0.106571
-0.106014
-0.105292
-0.104409
-0.103366
-0.102169
-0.100819
-0.0993197
-0.0976715
-0.0958745
-0.0939265
-0.0918227
-0.0895551
-0.0871118
-0.084477
-0.0816315
-0.0785534
-0.0752206
-0.0716155
-0.0677316
-0.0635819
-0.0592107
-0.0547037
-0.0501957
-0.0458695
-0.0419406
-0.0386265
-0.036103
-0.0344613
-0.03368
-0.033624
-0.0340855
-0.0349229
-0.036076
-0.0232811
-0.0233137
-0.0234327
-0.0236721
-0.0240579
-0.0246171
-0.0253706
-0.0263345
-0.0275206
-0.028938
-0.0305934
-0.0324905
-0.0346301
-0.0370089
-0.0396191
-0.0424478
-0.0454767
-0.0486824
-0.0520371
-0.0555088
-0.059063
-0.0626634
-0.0662735
-0.0698577
-0.0733823
-0.0768165
-0.0801332
-0.0833092
-0.0863255
-0.0891671
-0.0918227
-0.0942846
-0.0965479
-0.0986099
-0.10047
-0.102129
-0.103588
-0.104849
-0.105916
-0.10679
-0.107476
-0.107975
-0.10829
-0.108425
-0.108382
-0.108164
-0.107774
-0.107216
-0.106494
-0.10561
-0.104569
-0.103376
-0.102032
-0.100543
-0.0989109
-0.0971367
-0.0952201
-0.0931585
-0.0909458
-0.0885722
-0.0860239
-0.0832824
-0.080326
-0.0771307
-0.0736745
-0.0699427
-0.0659369
-0.0616856
-0.0572568
-0.0527683
-0.0483912
-0.0443399
-0.0408453
-0.0381112
-0.0362641
-0.0353163
-0.0351524
-0.0355668
-0.0364112
-0.0376162
-0.0246125
-0.0246034
-0.0246975
-0.0249187
-0.0252918
-0.0258433
-0.0265934
-0.0275571
-0.0287457
-0.0301672
-0.0318275
-0.0337296
-0.0358737
-0.0382559
-0.040868
-0.0436966
-0.0467234
-0.0499248
-0.0532728
-0.0567358
-0.0602791
-0.0638669
-0.067463
-0.071032
-0.0745407
-0.0779589
-0.0812598
-0.0844205
-0.0874224
-0.0902507
-0.0928945
-0.0953461
-0.0976005
-0.0996551
-0.101509
-0.103163
-0.104618
-0.105877
-0.106942
-0.107815
-0.108499
-0.108997
-0.109311
-0.109444
-0.109399
-0.109179
-0.108788
-0.108227
-0.107502
-0.106616
-0.105574
-0.104381
-0.10304
-0.101556
-0.0999336
-0.0981752
-0.0962823
-0.0942539
-0.0920863
-0.0897719
-0.087299
-0.0846509
-0.0818065
-0.0787416
-0.075431
-0.0718543
-0.068003
-0.0638917
-0.059571
-0.0551403
-0.0507553
-0.0466244
-0.0429856
-0.0400656
-0.0380253
-0.0369121
-0.0366355
-0.0369965
-0.0378426
-0.0390959
-0.0258751
-0.0258261
-0.0258934
-0.026095
-0.026453
-0.0269928
-0.0277345
-0.0286925
-0.0298771
-0.0312956
-0.0329531
-0.0348519
-0.0369916
-0.039368
-0.0419723
-0.0447913
-0.0478064
-0.0509942
-0.0543269
-0.0577729
-0.0612982
-0.0648672
-0.068444
-0.0719939
-0.075484
-0.0788843
-0.0821686
-0.0853142
-0.0883027
-0.0911194
-0.0937535
-0.0961971
-0.0984453
-0.100495
-0.102346
-0.103998
-0.105452
-0.106711
-0.107775
-0.108648
-0.109333
-0.10983
-0.110144
-0.110276
-0.11023
-0.110008
-0.109613
-0.109049
-0.10832
-0.10743
-0.106384
-0.105187
-0.103845
-0.102362
-0.100744
-0.0989952
-0.0971185
-0.095115
-0.0929831
-0.0907176
-0.0883089
-0.0857427
-0.0829995
-0.0800552
-0.0768836
-0.0734599
-0.0697678
-0.0658097
-0.0616199
-0.0572791
-0.0529254
-0.0487559
-0.0450104
-0.0419327
-0.0397151
-0.0384414
-0.0380494
-0.0383517
-0.0391946
-0.0404925
-0.0270616
-0.0269744
-0.0270143
-0.0271949
-0.0275347
-0.028059
-0.0287875
-0.0297339
-0.0309079
-0.0323161
-0.033963
-0.0358501
-0.0379766
-0.0403379
-0.0429252
-0.0457251
-0.0487193
-0.0518847
-0.0551937
-0.0586153
-0.0621159
-0.0656604
-0.0692134
-0.0727407
-0.0762098
-0.079591
-0.0828584
-0.0859895
-0.0889658
-0.0917729
-0.0943995
-0.0968379
-0.0990827
-0.101131
-0.102982
-0.104634
-0.10609
-0.10735
-0.108417
-0.109292
-0.109978
-0.110477
-0.110791
-0.110922
-0.110874
-0.11065
-0.110251
-0.109683
-0.108948
-0.108052
-0.107
-0.105797
-0.10445
-0.102964
-0.101346
-0.0996008
-0.0977336
-0.0957472
-0.0936421
-0.0914153
-0.08906
-0.086564
-0.08391
-0.0810752
-0.0780332
-0.0747565
-0.071223
-0.0674251
-0.0633823
-0.0591569
-0.0548682
-0.0506984
-0.0468833
-0.0436781
-0.0413025
-0.0398763
-0.0393687
-0.0396082
-0.0404435
-0.0417822
-0.0281658
-0.0280424
-0.028055
-0.0282132
-0.0285321
-0.029037
-0.0297472
-0.0306761
-0.0318328
-0.0332233
-0.0348515
-0.0367185
-0.0388229
-0.04116
-0.043721
-0.0464927
-0.0494571
-0.0525914
-0.0558689
-0.0592589
-0.0627286
-0.0662434
-0.0697685
-0.0732702
-0.0767163
-0.0800776
-0.0833281
-0.0864455
-0.0894113
-0.0922107
-0.0948325
-0.0972684
-0.0995129
-0.101563
-0.103416
-0.105072
-0.106532
-0.107796
-0.108867
-0.109746
-0.110435
-0.110936
-0.111251
-0.111383
-0.111334
-0.111106
-0.110704
-0.11013
-0.109388
-0.108485
-0.107424
-0.106213
-0.104858
-0.103365
-0.101742
-0.0999952
-0.0981313
-0.0961548
-0.094068
-0.0918706
-0.0895579
-0.0871205
-0.0845435
-0.0818059
-0.0788821
-0.0757434
-0.0723638
-0.0687275
-0.0648413
-0.0607503
-0.0565544
-0.0524184
-0.0485691
-0.0452675
-0.0427556
-0.0411877
-0.0405664
-0.0407404
-0.041564
-0.0429401
-0.0291831
-0.0290257
-0.0290116
-0.0291461
-0.0294416
-0.0299231
-0.0306101
-0.0315154
-0.0326479
-0.0340133
-0.0356146
-0.0374529
-0.0395263
-0.0418302
-0.0443558
-0.0470902
-0.050016
-0.0531111
-0.0563494
-0.059701
-0.0631338
-0.066614
-0.0701075
-0.0735808
-0.0770023
-0.0803429
-0.0835768
-0.0866816
-0.0896385
-0.0924326
-0.0950521
-0.0974884
-0.0997355
-0.10179
-0.103648
-0.105311
-0.106778
-0.108049
-0.109126
-0.110011
-0.110705
-0.111209
-0.111526
-0.111659
-0.111608
-0.111378
-0.110971
-0.11039
-0.109641
-0.108729
-0.107658
-0.106436
-0.105069
-0.103566
-0.101934
-0.100181
-0.0983149
-0.0963414
-0.0942653
-0.0920882
-0.089808
-0.0874179
-0.0849055
-0.0822522
-0.0794339
-0.0764221
-0.073188
-0.0697099
-0.0659841
-0.0620401
-0.0579586
-0.0538856
-0.0500348
-0.0466672
-0.0440422
-0.0423456
-0.0416145
-0.0417214
-0.0425302
-0.0439404
-0.0301102
-0.0299217
-0.0298815
-0.0299913
-0.030261
-0.0307155
-0.0313742
-0.0322499
-0.0333513
-0.0346837
-0.0362499
-0.0380507
-0.0400842
-0.0423456
-0.0448267
-0.0475149
-0.0503936
-0.0534414
-0.056633
-0.0599397
-0.06333
-0.066771
-0.0702291
-0.0736715
-0.0770669
-0.0803864
-0.083604
-0.0866972
-0.0896471
-0.092438
-0.095058
-0.0974977
-0.0997505
-0.101812
-0.10368
-0.105352
-0.106828
-0.108108
-0.109194
-0.110087
-0.110787
-0.111296
-0.111617
-0.11175
-0.111699
-0.111465
-0.111053
-0.110466
-0.109708
-0.108785
-0.107702
-0.106467
-0.105087
-0.10357
-0.101925
-0.100161
-0.0982872
-0.0963107
-0.0942379
-0.0920727
-0.0898152
-0.0874614
-0.0850014
-0.0824194
-0.0796931
-0.076795
-0.0736955
-0.0703684
-0.0668015
-0.0630109
-0.0590592
-0.0550727
-0.0512492
-0.0478446
-0.0451301
-0.0433193
-0.042484
-0.0425237
-0.043315
-0.0447565
-0.0309455
-0.0307287
-0.0306634
-0.0307479
-0.0309897
-0.0314136
-0.0320391
-0.0328791
-0.0339422
-0.0352336
-0.0367563
-0.0385107
-0.0404951
-0.042705
-0.0451323
-0.0477655
-0.0505885
-0.053581
-0.0567188
-0.059974
-0.0633163
-0.0667135
-0.0701329
-0.073542
-0.0769098
-0.0802076
-0.0834094
-0.0864922
-0.0894367
-0.0922269
-0.0948499
-0.0972959
-0.0995575
-0.10163
-0.103509
-0.105194
-0.106682
-0.107975
-0.109072
-0.109974
-0.110682
-0.111198
-0.111522
-0.111658
-0.111606
-0.11137
-0.110952
-0.110358
-0.10959
-0.108655
-0.107559
-0.106308
-0.104912
-0.103378
-0.101717
-0.0999381
-0.0980513
-0.0960659
-0.0939896
-0.0918282
-0.0895843
-0.0872562
-0.0848367
-0.0823127
-0.0796645
-0.0768661
-0.0738879
-0.0707012
-0.0672873
-0.0636509
-0.0598382
-0.0559559
-0.0521838
-0.0487686
-0.0459876
-0.044078
-0.0431455
-0.0431187
-0.0438908
-0.0453614
-0.0316885
-0.0314466
-0.0313576
-0.0314164
-0.0316284
-0.0320183
-0.0326057
-0.0334038
-0.0344214
-0.0356639
-0.0371342
-0.0388332
-0.0407592
-0.042908
-0.0452725
-0.0478417
-0.0506005
-0.0535299
-0.0566066
-0.059804
-0.0630928
-0.0664418
-0.069819
-0.0731923
-0.0765312
-0.0798069
-0.082993
-0.0860666
-0.0890075
-0.0917991
-0.0944278
-0.096883
-0.0991566
-0.101243
-0.103137
-0.104837
-0.106341
-0.107648
-0.108759
-0.109673
-0.110391
-0.110914
-0.111244
-0.111383
-0.111331
-0.111092
-0.11067
-0.110067
-0.109289
-0.108341
-0.107229
-0.105961
-0.104546
-0.102993
-0.101313
-0.0995147
-0.0976105
-0.0956106
-0.0935244
-0.0913594
-0.0891202
-0.0868076
-0.084417
-0.0819381
-0.0793536
-0.0766399
-0.0737682
-0.0707087
-0.067438
-0.0639515
-0.060281
-0.0565145
-0.0528128
-0.0494097
-0.0465835
-0.0445908
-0.0435689
-0.0434773
-0.0442289
-0.0457271
-0.03234
-0.0320765
-0.0319653
-0.0319984
-0.0321791
-0.0325318
-0.0330764
-0.0338264
-0.0347911
-0.0359763
-0.0373854
-0.0390195
-0.0408775
-0.0429559
-0.0452481
-0.0477443
-0.0504304
-0.0532886
-0.0562971
-0.0594304
-0.0626604
-0.0659568
-0.0692882
-0.0726234
-0.0759319
-0.0791848
-0.0823557
-0.0854209
-0.0883598
-0.091155
-0.093792
-0.0962594
-0.0985479
-0.100651
-0.102564
-0.104282
-0.105805
-0.107129
-0.108256
-0.109184
-0.109915
-0.110448
-0.110784
-0.110927
-0.110876
-0.110635
-0.110207
-0.109596
-0.108807
-0.107845
-0.106717
-0.10543
-0.103994
-0.102419
-0.100716
-0.0988948
-0.0969688
-0.0949493
-0.092847
-0.0906711
-0.0884282
-0.0861212
-0.0837482
-0.0813014
-0.0787663
-0.0761218
-0.0733406
-0.0703928
-0.067252
-0.0639066
-0.0603759
-0.0567308
-0.0531126
-0.04974
-0.0468879
-0.0448269
-0.0437236
-0.0435695
-0.0443003
-0.0458253
-0.0329019
-0.0326205
-0.032489
-0.0324966
-0.0326447
-0.0329574
-0.0334547
-0.0341505
-0.0350548
-0.0361743
-0.0375129
-0.0390725
-0.0408526
-0.0428507
-0.0450611
-0.047475
-0.0500798
-0.052859
-0.055792
-0.0588549
-0.0620206
-0.0652599
-0.0685423
-0.0718368
-0.0751132
-0.0783427
-0.0814985
-0.0845563
-0.0874948
-0.0902956
-0.0929435
-0.0954257
-0.0977324
-0.0998557
-0.10179
-0.10353
-0.105074
-0.106419
-0.107565
-0.10851
-0.109255
-0.109799
-0.110144
-0.110292
-0.110243
-0.110001
-0.109568
-0.108949
-0.108148
-0.107171
-0.106025
-0.104718
-0.103259
-0.10166
-0.0999302
-0.0980831
-0.0961311
-0.094087
-0.0919627
-0.089769
-0.0875142
-0.0852034
-0.0828368
-0.0804093
-0.0779092
-0.0753178
-0.0726099
-0.0697566
-0.0667298
-0.0635125
-0.060114
-0.0565898
-0.0530625
-0.0497338
-0.0468715
-0.0447555
-0.0435787
-0.0433645
-0.0440745
-0.0456266
-0.0333774
-0.033082
-0.0329322
-0.0329149
-0.0330295
-0.0332995
-0.033745
-0.0343806
-0.035217
-0.036262
-0.0375206
-0.0389956
-0.0406878
-0.0425954
-0.0447142
-0.0470366
-0.0495514
-0.0522435
-0.0550939
-0.05808
-0.0611761
-0.0643538
-0.0675835
-0.0708348
-0.0740776
-0.0772829
-0.0804236
-0.0834747
-0.0864142
-0.0892226
-0.0918837
-0.0943837
-0.0967114
-0.0988581
-0.100817
-0.102583
-0.104151
-0.10552
-0.106687
-0.107652
-0.108413
-0.108972
-0.109327
-0.109482
-0.109436
-0.109193
-0.108756
-0.108128
-0.107316
-0.106323
-0.105158
-0.10383
-0.102347
-0.10072
-0.0989622
-0.0970855
-0.0951035
-0.09303
-0.0908781
-0.0886599
-0.0863853
-0.0840612
-0.0816901
-0.0792692
-0.0767894
-0.0742347
-0.0715823
-0.0688045
-0.065873
-0.0627674
-0.0594886
-0.0560788
-0.0526435
-0.0493666
-0.0465057
-0.0443458
-0.0431023
-0.0428305
-0.0435201
-0.0451003
-0.0337704
-0.0334649
-0.0332992
-0.0332579
-0.0333384
-0.0335634
-0.033953
-0.0345223
-0.0352832
-0.0362448
-0.0374135
-0.0387937
-0.0403873
-0.0421941
-0.0442112
-0.0464326
-0.0488485
-0.0514454
-0.054206
-0.057109
-0.06013
-0.0632417
-0.0664153
-0.0696207
-0.0728282
-0.0760085
-0.0791339
-0.082179
-0.0851207
-0.0879387
-0.0906153
-0.0931356
-0.0954875
-0.0976608
-0.0996477
-0.101442
-0.103038
-0.104434
-0.105626
-0.106613
-0.107394
-0.107969
-0.108337
-0.1085
-0.108459
-0.108217
-0.107776
-0.107141
-0.106316
-0.105308
-0.104124
-0.102772
-0.101263
-0.099608
-0.0978189
-0.0959093
-0.0938936
-0.0917861
-0.0896011
-0.0873518
-0.0850496
-0.082703
-0.0803165
-0.0778894
-0.0754152
-0.0728803
-0.0702645
-0.067542
-0.0646849
-0.0616708
-0.0584946
-0.0551874
-0.0518387
-0.0486153
-0.0457626
-0.0435667
-0.0422619
-0.0419343
-0.0426041
-0.0442145
-0.0340858
-0.0337741
-0.0335952
-0.0335311
-0.0335773
-0.0337552
-0.0340848
-0.0345818
-0.0352595
-0.0361286
-0.0371974
-0.0384719
-0.0399561
-0.0416513
-0.0435564
-0.045667
-0.0479751
-0.0504688
-0.0531324
-0.055946
-0.0588865
-0.0619279
-0.0650418
-0.0681989
-0.0713693
-0.0745236
-0.0776337
-0.0806733
-0.0836185
-0.0864476
-0.0891419
-0.0916853
-0.0940641
-0.0962672
-0.0982855
-0.100112
-0.10174
-0.103166
-0.104386
-0.105399
-0.106202
-0.106795
-0.107178
-0.107352
-0.107318
-0.107077
-0.106634
-0.105992
-0.105156
-0.104132
-0.102929
-0.101553
-0.100017
-0.0983315
-0.096509
-0.0945638
-0.0925107
-0.0903648
-0.0881413
-0.0858545
-0.083517
-0.0811386
-0.0787257
-0.0762795
-0.0737957
-0.0712631
-0.0686642
-0.0659752
-0.0631696
-0.0602237
-0.0571285
-0.0539062
-0.0506325
-0.0474579
-0.0446145
-0.0423865
-0.0410234
-0.0406406
-0.0412911
-0.0429346
-0.0343288
-0.0340154
-0.0338259
-0.0337405
-0.0337523
-0.0338814
-0.0341472
-0.034566
-0.0351527
-0.0359199
-0.0368783
-0.0380362
-0.0393996
-0.0409722
-0.0427547
-0.0447447
-0.0469359
-0.0493184
-0.0518778
-0.0545959
-0.0574509
-0.0604176
-0.0634685
-0.0665747
-0.0697063
-0.0728337
-0.0759283
-0.078963
-0.0819126
-0.0847545
-0.0874687
-0.0900376
-0.0924464
-0.0946824
-0.0967353
-0.0985968
-0.10026
-0.10172
-0.102972
-0.104013
-0.104842
-0.105457
-0.105858
-0.106044
-0.106019
-0.105782
-0.105338
-0.10469
-0.103844
-0.102805
-0.101582
-0.100183
-0.0986186
-0.096901
-0.0950433
-0.0930599
-0.090966
-0.0887776
-0.0865104
-0.0841797
-0.081799
-0.0793795
-0.0769289
-0.0744503
-0.0719413
-0.069393
-0.0667902
-0.0641114
-0.0613317
-0.0584278
-0.0553878
-0.0522271
-0.0490102
-0.0458727
-0.0430333
-0.0407722
-0.0393506
-0.0389116
-0.0395429
-0.0412235
-0.0345056
-0.0341946
-0.0339976
-0.0338925
-0.0338703
-0.033949
-0.0341473
-0.034482
-0.0349697
-0.0356255
-0.0364627
-0.0374925
-0.0387237
-0.0401623
-0.0418115
-0.0436709
-0.0457363
-0.0479995
-0.0504478
-0.0530646
-0.055829
-0.0587171
-0.0617019
-0.0647549
-0.0678462
-0.0709459
-0.0740248
-0.0770549
-0.0800101
-0.0828664
-0.0856025
-0.0881994
-0.0906408
-0.0929128
-0.0950038
-0.096904
-0.0986057
-0.100103
-0.10139
-0.102464
-0.103321
-0.103961
-0.104383
-0.104586
-0.104571
-0.104341
-0.103898
-0.103246
-0.10239
-0.101337
-0.100095
-0.0986721
-0.0970794
-0.0953291
-0.0934346
-0.0914107
-0.0892731
-0.0870381
-0.0847221
-0.0823411
-0.0799094
-0.0774392
-0.0749393
-0.0724145
-0.0698638
-0.0672807
-0.0646519
-0.0619583
-0.0591769
-0.0562853
-0.0532702
-0.0501425
-0.0469573
-0.0438377
-0.0409901
-0.038689
-0.0372047
-0.0367061
-0.0373176
-0.03904
-0.0346224
-0.0343184
-0.0341171
-0.0339943
-0.0339385
-0.0339653
-0.0340923
-0.0343371
-0.0347178
-0.0352523
-0.0359573
-0.0368472
-0.0379342
-0.0392274
-0.0407324
-0.0424513
-0.044382
-0.0465182
-0.0488489
-0.0513587
-0.0540281
-0.0568339
-0.0597498
-0.0627476
-0.0657973
-0.0688687
-0.0719319
-0.0749579
-0.0779197
-0.0807919
-0.0835519
-0.0861791
-0.0886559
-0.090967
-0.0930992
-0.0950417
-0.0967855
-0.0983234
-0.0996494
-0.100759
-0.101649
-0.102318
-0.102763
-0.102985
-0.102985
-0.102763
-0.102324
-0.10167
-0.100807
-0.0997414
-0.0984809
-0.0970348
-0.0954138
-0.0936303
-0.0916979
-0.0896316
-0.0874475
-0.0851621
-0.0827924
-0.0803546
-0.0778638
-0.0753329
-0.0727718
-0.0701861
-0.0675766
-0.0649382
-0.0622597
-0.0595243
-0.0567109
-0.0537984
-0.0507736
-0.0476441
-0.0444586
-0.0413301
-0.0384538
-0.0360991
-0.0345431
-0.0339783
-0.034568
-0.0363378
-0.0346859
-0.0343935
-0.0341914
-0.034053
-0.0339642
-0.0339377
-0.0339897
-0.0341383
-0.0344036
-0.0348068
-0.0353682
-0.0361064
-0.0370372
-0.0381731
-0.0395231
-0.0410918
-0.0428793
-0.0448811
-0.047088
-0.0494858
-0.0520562
-0.0547767
-0.0576215
-0.0605624
-0.0635696
-0.0666123
-0.0696599
-0.0726827
-0.0756521
-0.0785418
-0.0813276
-0.0839875
-0.0865024
-0.0888554
-0.0910321
-0.0930203
-0.0948099
-0.0963923
-0.097761
-0.0989105
-0.0998369
-0.100537
-0.10101
-0.101255
-0.101272
-0.101062
-0.100629
-0.099976
-0.0991081
-0.0980318
-0.0967548
-0.0952866
-0.093638
-0.0918213
-0.0898504
-0.0877403
-0.0855072
-0.0831679
-0.0807395
-0.0782385
-0.0756803
-0.0730784
-0.0704432
-0.0677812
-0.0650943
-0.0623787
-0.0596249
-0.0568181
-0.0539392
-0.050969
-0.0478948
-0.044723
-0.0414979
-0.0383248
-0.0353909
-0.032961
-0.0313181
-0.0306766
-0.0312406
-0.0330642
-0.034703
-0.0344273
-0.0342279
-0.0340762
-0.033955
-0.0338735
-0.0338465
-0.0338924
-0.0340338
-0.0342952
-0.0347014
-0.0352756
-0.036038
-0.0370053
-0.0381896
-0.0395986
-0.0412347
-0.0430955
-0.0451731
-0.0474547
-0.0499228
-0.0525556
-0.0553276
-0.0582108
-0.061175
-0.0641891
-0.0672217
-0.0702419
-0.0732204
-0.0761292
-0.0789427
-0.0816376
-0.0841931
-0.086591
-0.0888154
-0.0908526
-0.0926914
-0.0943222
-0.0957373
-0.0969304
-0.097897
-0.0986335
-0.0991378
-0.0994088
-0.0994467
-0.0992527
-0.0988292
-0.0981799
-0.0973098
-0.0962253
-0.0949341
-0.0934455
-0.0917705
-0.0899213
-0.0879117
-0.0857568
-0.0834727
-0.0810762
-0.0785842
-0.0760134
-0.0733793
-0.0706953
-0.0679724
-0.0652174
-0.062433
-0.0596163
-0.0567593
-0.0538487
-0.0508674
-0.0477981
-0.0446295
-0.0413681
-0.0380559
-0.0347938
-0.0317635
-0.0292278
-0.0274755
-0.0267417
-0.0272737
-0.0291579
-0.0346806
-0.0344272
-0.0342345
-0.0340716
-0.0339184
-0.03378
-0.0336694
-0.0336057
-0.0336138
-0.0337227
-0.0339619
-0.0343598
-0.0349418
-0.0357291
-0.0367376
-0.0379781
-0.0394555
-0.0411693
-0.0431131
-0.0452751
-0.0476386
-0.0501822
-0.0528807
-0.0557059
-0.0586274
-0.0616135
-0.0646319
-0.0676509
-0.0706398
-0.0735694
-0.0764127
-0.0791449
-0.0817436
-0.0841891
-0.0864642
-0.0885538
-0.0904453
-0.0921281
-0.0935934
-0.0948342
-0.0958449
-0.0966215
-0.0971613
-0.0974628
-0.0975257
-0.097351
-0.096941
-0.0962991
-0.0954303
-0.0943407
-0.0930381
-0.0915316
-0.089832
-0.0879515
-0.0859037
-0.0837035
-0.0813666
-0.0789097
-0.0763494
-0.073702
-0.0709829
-0.0682053
-0.06538
-0.062514
-0.0596101
-0.0566663
-0.0536751
-0.0506248
-0.0474999
-0.0442851
-0.040971
-0.0375655
-0.0341102
-0.0307044
-0.0275281
-0.0248455
-0.0229528
-0.0221051
-0.0225954
-0.0245475
-0.0346259
-0.034401
-0.0342193
-0.0340476
-0.0338622
-0.0336643
-0.0334648
-0.0332835
-0.0331486
-0.0330936
-0.0331536
-0.0333631
-0.0337531
-0.0343495
-0.0351728
-0.0362368
-0.0375492
-0.0391112
-0.0409177
-0.042958
-0.0452157
-0.0476697
-0.050295
-0.053063
-0.0559428
-0.058902
-0.0619078
-0.0649271
-0.0679282
-0.0708806
-0.0737558
-0.0765275
-0.0791719
-0.0816678
-0.0839965
-0.0861416
-0.0880893
-0.0898277
-0.091347
-0.0926393
-0.0936983
-0.0945191
-0.0950987
-0.0954349
-0.0955271
-0.0953761
-0.0949838
-0.0943535
-0.0934898
-0.0923989
-0.0910883
-0.0895669
-0.0878452
-0.0859352
-0.0838501
-0.0816044
-0.0792134
-0.0766931
-0.0740598
-0.0713289
-0.0685153
-0.0656316
-0.0626881
-0.0596914
-0.0566441
-0.0535442
-0.0503847
-0.0471546
-0.0438399
-0.0404273
-0.0369097
-0.0332971
-0.029633
-0.0260178
-0.0226338
-0.0197511
-0.0176768
-0.0166859
-0.0171205
-0.0191483
-0.0345461
-0.0343572
-0.0341913
-0.0340127
-0.0337944
-0.0335332
-0.0332381
-0.0329304
-0.0326417
-0.0324109
-0.0322796
-0.0322887
-0.0324753
-0.0328711
-0.0335007
-0.0343816
-0.0355239
-0.0369307
-0.0385981
-0.0405158
-0.0426679
-0.0450334
-0.0475868
-0.0502993
-0.0531393
-0.0560739
-0.059069
-0.0620908
-0.0651062
-0.0680835
-0.0709927
-0.0738063
-0.0764988
-0.0790477
-0.0814329
-0.0836365
-0.0856436
-0.087441
-0.0890181
-0.0903658
-0.091477
-0.0923464
-0.0929701
-0.0933455
-0.0934717
-0.0933489
-0.0929789
-0.0923647
-0.0915107
-0.0904227
-0.089108
-0.0875752
-0.0858345
-0.0838973
-0.0817763
-0.0794854
-0.0770392
-0.0744529
-0.0717416
-0.06892
-0.0660019
-0.0629987
-0.0599198
-0.0567709
-0.0535538
-0.0502659
-0.0469
-0.0434453
-0.039889
-0.0362193
-0.0324318
-0.0285397
-0.02459
-0.0206871
-0.0170198
-0.0138699
-0.0115605
-0.0103886
-0.010748
-0.0128595
-0.0344488
-0.0343049
-0.0341601
-0.0339762
-0.0337232
-0.0333934
-0.0329946
-0.0325498
-0.0320954
-0.0316762
-0.0313411
-0.0311382
-0.0311113
-0.0312977
-0.0317268
-0.0324196
-0.0333887
-0.0346387
-0.0361666
-0.0379627
-0.0400111
-0.0422903
-0.0447746
-0.0474345
-0.0502378
-0.0531505
-0.0561378
-0.0591647
-0.0621969
-0.0652014
-0.0681471
-0.0710048
-0.0737479
-0.0763523
-0.0787965
-0.0810616
-0.0831311
-0.0849909
-0.0866291
-0.088036
-0.0892036
-0.0901257
-0.0907979
-0.0912171
-0.091382
-0.0912923
-0.0909496
-0.0903564
-0.0895168
-0.0884364
-0.087122
-0.0855819
-0.0838255
-0.0818639
-0.0797088
-0.0773733
-0.074871
-0.0722158
-0.0694217
-0.0665019
-0.0634685
-0.0603316
-0.0570988
-0.0537742
-0.0503582
-0.0468469
-0.0432323
-0.0395029
-0.0356464
-0.0316523
-0.0275191
-0.0232638
-0.0189388
-0.0146556
-0.0106135
-0.00711258
-0.00450012
-0.00309812
-0.00335631
-0.00555997
-0.0343424
-0.0342552
-0.0341373
-0.0339488
-0.0336575
-0.0332515
-0.0327383
-0.032144
-0.0315103
-0.0308896
-0.0303384
-0.0299127
-0.0296632
-0.0296333
-0.029857
-0.0303588
-0.0311536
-0.0322473
-0.0336376
-0.0353149
-0.037263
-0.03946
-0.0418793
-0.0444908
-0.0472613
-0.050156
-0.0531389
-0.0561741
-0.059226
-0.0622605
-0.0652451
-0.0681493
-0.0709453
-0.0736076
-0.0761133
-0.0784424
-0.0805771
-0.0825023
-0.084205
-0.0856746
-0.0869024
-0.0878813
-0.0886064
-0.089074
-0.0892823
-0.0892307
-0.0889202
-0.0883531
-0.0875331
-0.0864652
-0.0851558
-0.0836126
-0.0818445
-0.0798613
-0.0776742
-0.0752949
-0.0727356
-0.0700089
-0.0671267
-0.0641007
-0.0609407
-0.0576546
-0.0542479
-0.0507222
-0.0470756
-0.043302
-0.0393915
-0.0353314
-0.0311086
-0.0267138
-0.0221479
-0.0174328
-0.0126277
-0.00785444
-0.00332714
0.000628215
0.00363013
0.00532453
0.00520186
0.00289688
-0.0342353
-0.0342217
-0.0341368
-0.0339431
-0.0336073
-0.0331145
-0.0324731
-0.031714
-0.030886
-0.0300497
-0.0292703
-0.0286119
-0.0281326
-0.0278816
-0.0278975
-0.028208
-0.0288299
-0.0297703
-0.0310272
-0.0325907
-0.034444
-0.0365643
-0.0389244
-0.0414929
-0.0442358
-0.0471171
-0.0500999
-0.053147
-0.0562219
-0.0592893
-0.0623153
-0.0652685
-0.0681196
-0.0708419
-0.0734114
-0.0758068
-0.0780092
-0.0800025
-0.0817727
-0.0833083
-0.0845997
-0.0856393
-0.0864214
-0.0869419
-0.0871982
-0.0871896
-0.0869163
-0.0863804
-0.085585
-0.0845347
-0.0832351
-0.0816932
-0.0799169
-0.0779154
-0.0756982
-0.0732758
-0.0706586
-0.0678573
-0.0648818
-0.0617411
-0.0584424
-0.0549909
-0.0513887
-0.0476345
-0.0437228
-0.0396444
-0.035386
-0.0309326
-0.0262695
-0.0213873
-0.0162892
-0.0110025
-0.00559535
-0.000200761
0.00494466
0.00948206
0.0129828
0.0150495
0.0151068
0.0126907
-0.0341441
-0.0342199
-0.0341759
-0.0339745
-0.0335844
-0.0329898
-0.0322025
-0.0312603
-0.0302209
-0.0291542
-0.0281349
-0.0272355
-0.0265213
-0.0260471
-0.0258557
-0.0259776
-0.0264312
-0.0272241
-0.0283543
-0.0298112
-0.0315771
-0.0336283
-0.0359362
-0.0384684
-0.0411897
-0.0440632
-0.0470506
-0.0501139
-0.0532155
-0.0563187
-0.0593889
-0.0623933
-0.0653015
-0.0680858
-0.070721
-0.0731846
-0.0754569
-0.0775205
-0.0793608
-0.0809652
-0.0823233
-0.083427
-0.0842699
-0.0848472
-0.0851559
-0.0851947
-0.0849634
-0.0844635
-0.0836975
-0.0826694
-0.0813841
-0.0798476
-0.0780669
-0.0760497
-0.0738042
-0.0713391
-0.0686629
-0.0657838
-0.0627091
-0.0594447
-0.0559948
-0.0523606
-0.0485403
-0.0445283
-0.0403146
-0.0358852
-0.0312224
-0.0263068
-0.0211207
-0.0156533
-0.00990959
-0.00392238
0.00222956
0.00840318
0.0143271
0.0196045
0.023744
0.0262869
0.0265822
0.024045
-0.0340834
-0.0342755
-0.0342797
-0.0340636
-0.0336035
-0.0328864
-0.0319304
-0.0307829
-0.0295127
-0.0282003
-0.0269302
-0.0257834
-0.0248319
-0.0241356
-0.023741
-0.0236804
-0.0239734
-0.0246277
-0.0256405
-0.0270004
-0.0286884
-0.0306795
-0.0329438
-0.0354475
-0.0381544
-0.0410261
-0.0440236
-0.0471076
-0.0502396
-0.0533819
-0.0564988
-0.0595565
-0.0625237
-0.0653716
-0.0680739
-0.0706073
-0.0729509
-0.0750866
-0.0769988
-0.0786741
-0.0801015
-0.0812721
-0.0821787
-0.0828162
-0.083181
-0.0832711
-0.0830858
-0.082626
-0.0818936
-0.0808918
-0.0796246
-0.078097
-0.0763148
-0.0742842
-0.0720117
-0.0695039
-0.066767
-0.0638064
-0.0606263
-0.0572291
-0.0536147
-0.04978
-0.0457181
-0.0414177
-0.036863
-0.0320336
-0.0269053
-0.0214526
-0.0156524
-0.00949074
-0.0029726
0.00386451
0.0109316
0.0180619
0.024964
0.0311804
0.0361409
0.0392993
0.0399095
0.0372449
-0.0340806
-0.0344237
-0.0344823
-0.0342383
-0.0336846
-0.0328161
-0.031662
-0.030283
-0.02876
-0.0271861
-0.0256555
-0.0242572
-0.0230692
-0.0221557
-0.0215656
-0.0213325
-0.0214761
-0.0220035
-0.0229111
-0.0241858
-0.0258073
-0.0277489
-0.0299793
-0.0324634
-0.0351635
-0.0380402
-0.0410534
-0.0441629
-0.047329
-0.0505134
-0.0536793
-0.0567922
-0.0598198
-0.0627323
-0.0655027
-0.0681065
-0.0705223
-0.072731
-0.0747162
-0.0764637
-0.0779619
-0.0792011
-0.0801736
-0.0808737
-0.0812971
-0.0814413
-0.081305
-0.0808884
-0.0801927
-0.0792202
-0.077974
-0.0764579
-0.0746762
-0.0726335
-0.0703345
-0.0677833
-0.0649835
-0.0619373
-0.0586453
-0.0551057
-0.0513136
-0.0472604
-0.0429329
-0.038313
-0.0333773
-0.0280968
-0.0224388
-0.016369
-0.00985617
-0.00288027
0.00455637
0.0124132
0.0205902
0.0288987
0.0370179
0.0444255
0.0504487
0.0544158
0.0554497
0.0526655
-0.0341793
-0.0347186
-0.0348344
-0.0345383
-0.0338554
-0.0327961
-0.0314063
-0.0297634
-0.0279638
-0.0261123
-0.0243129
-0.0226618
-0.0212419
-0.0201199
-0.0193459
-0.0189539
-0.0189627
-0.0193782
-0.0201951
-0.0213986
-0.0229666
-0.0248707
-0.0270779
-0.0295517
-0.0322531
-0.0351417
-0.0381763
-0.0413157
-0.0445196
-0.0477488
-0.0509657
-0.054135
-0.0572236
-0.060201
-0.0630394
-0.0657137
-0.0682015
-0.0704829
-0.072541
-0.0743608
-0.07593
-0.0772383
-0.0782774
-0.079041
-0.0795242
-0.0797238
-0.079638
-0.0792663
-0.0786089
-0.0776673
-0.0764435
-0.0749401
-0.0731598
-0.0711054
-0.0687793
-0.0661834
-0.0633179
-0.0601817
-0.0567713
-0.0530798
-0.049097
-0.0448076
-0.0401912
-0.0352212
-0.0298644
-0.0240816
-0.0178285
-0.0110586
-0.00372931
0.00418984
0.0127032
0.0217708
0.031284
0.0410333
0.0506585
0.0595824
0.0669944
0.0720485
0.0736717
0.070817
-0.0344525
-0.0352454
-0.0354121
-0.0350217
-0.034156
-0.0328521
-0.0311786
-0.0292336
-0.0271299
-0.0249846
-0.0229102
-0.021008
-0.0193642
-0.0180462
-0.017104
-0.0165702
-0.0164619
-0.016783
-0.0175259
-0.0186738
-0.0202024
-0.0220816
-0.0242768
-0.0267498
-0.0294607
-0.0323678
-0.0354291
-0.0386026
-0.0418472
-0.045123
-0.0483919
-0.0516179
-0.0547673
-0.0578089
-0.0607142
-0.0634574
-0.0660156
-0.0683682
-0.0704974
-0.072388
-0.0740268
-0.0754029
-0.0765076
-0.0773338
-0.0778761
-0.0781307
-0.0780952
-0.077768
-0.0771489
-0.0762382
-0.0750368
-0.0735458
-0.0717664
-0.0696995
-0.0673451
-0.0647023
-0.0617681
-0.0585374
-0.0550021
-0.0511501
-0.0469645
-0.0424229
-0.0374959
-0.032147
-0.0263315
-0.0199971
-0.0130849
-0.00553279
0.00271836
0.0117146
0.0214734
0.0319617
0.0430679
0.0545656
0.0660582
0.076903
0.086155
0.0927073
0.0951919
0.0924144
-0.0350251
-0.0361405
-0.0363317
-0.0357747
-0.0346464
-0.0330241
-0.0310057
-0.0287125
-0.026274
-0.023818
-0.0214637
-0.0193152
-0.0174586
-0.0159608
-0.0148691
-0.0142135
-0.0140082
-0.0142541
-0.0149411
-0.0160497
-0.0175536
-0.0194207
-0.0216146
-0.0240961
-0.0268239
-0.0297553
-0.0328476
-0.0360582
-0.0393453
-0.0426685
-0.0459892
-0.0492708
-0.0524791
-0.0555825
-0.0585519
-0.061361
-0.0639862
-0.0664065
-0.0686035
-0.0705613
-0.0722663
-0.073707
-0.0748742
-0.0757601
-0.0763589
-0.0766661
-0.0766785
-0.0763939
-0.0758113
-0.0749297
-0.0737491
-0.072269
-0.070489
-0.0684078
-0.0660232
-0.063331
-0.060325
-0.0569958
-0.0533303
-0.0493103
-0.044912
-0.0401045
-0.0348488
-0.0290964
-0.0227895
-0.0158598
-0.00823058
0.000180207
0.0094537
0.0196588
0.0308346
0.0429659
0.0559492
0.0695512
0.0833475
0.0966305
0.108345
0.117013
0.120834
0.118487
-0.0361169
-0.0376257
-0.0377715
-0.036925
-0.0354148
-0.0333734
-0.0309316
-0.0282343
-0.0254256
-0.0226411
-0.0200027
-0.0176142
-0.0155588
-0.0138993
-0.0126788
-0.0119228
-0.0116416
-0.0118322
-0.0124813
-0.0135668
-0.01506
-0.0169267
-0.0191292
-0.021627
-0.0243775
-0.0273376
-0.0304636
-0.0337126
-0.0370422
-0.0404116
-0.0437819
-0.0471162
-0.0503798
-0.0535408
-0.0565695
-0.0594394
-0.0621262
-0.0646087
-0.0668679
-0.0688874
-0.0706531
-0.0721532
-0.0733778
-0.0743186
-0.0749693
-0.0753248
-0.0753812
-0.0751357
-0.0745861
-0.0737308
-0.0725682
-0.0710966
-0.0693137
-0.0672162
-0.0647992
-0.0620556
-0.0589755
-0.0555449
-0.0517455
-0.0475528
-0.0429352
-0.0378528
-0.0322555
-0.0260822
-0.0192595
-0.0117012
-0.00330925
0.00602312
0.0164052
0.0279375
0.0406926
0.054688
0.0698474
0.0859513
0.102569
0.118959
0.133947
0.145698
0.151714
0.150541
-0.0381229
-0.0400649
-0.0400024
-0.0386569
-0.0365872
-0.0339888
-0.0310225
-0.0278523
-0.0246315
-0.0214979
-0.018571
-0.0159492
-0.0137093
-0.0119068
-0.0105784
-0.00974326
-0.00940631
-0.00956031
-0.0101881
-0.0112648
-0.012759
-0.0146351
-0.0168536
-0.0193729
-0.0221498
-0.0251403
-0.0283003
-0.0315865
-0.0349563
-0.0383686
-0.0417842
-0.0451659
-0.048479
-0.051691
-0.0547723
-0.0576958
-0.0604371
-0.0629743
-0.0652883
-0.0673623
-0.0691817
-0.0707342
-0.0720096
-0.0729991
-0.0736958
-0.0740942
-0.0741896
-0.0739786
-0.0734581
-0.0726253
-0.0714777
-0.0700119
-0.068224
-0.0661084
-0.0636578
-0.0608619
-0.0577069
-0.0541745
-0.0502406
-0.0458743
-0.041036
-0.0356762
-0.0297333
-0.0231323
-0.0157831
-0.00757944
0.00160088
0.0118938
0.0234435
0.0363916
0.0508588
0.066916
0.0845416
0.103565
0.123592
0.14389
0.16323
0.179533
0.189279
0.190722
-0.0417752
-0.0440548
-0.0434168
-0.0412136
-0.0383194
-0.034975
-0.0313538
-0.0276262
-0.0239439
-0.0204374
-0.0172164
-0.0143679
-0.0119575
-0.0100301
-0.00861311
-0.00771796
-0.00734315
-0.00747632
-0.00809631
-0.00917505
-0.010679
-0.0125706
-0.0148092
-0.0173522
-0.0201558
-0.0231754
-0.0263669
-0.0296864
-0.0330914
-0.0365407
-0.039995
-0.043417
-0.0467718
-0.0500269
-0.0531523
-0.0561209
-0.058908
-0.0614915
-0.0638519
-0.0659722
-0.0678374
-0.0694349
-0.0707539
-0.0717855
-0.0725222
-0.0729579
-0.0730873
-0.0729063
-0.0724111
-0.0715978
-0.0704626
-0.0690009
-0.0672069
-0.065073
-0.0625892
-0.0597423
-0.0565147
-0.0528836
-0.0488194
-0.0442846
-0.0392317
-0.0336016
-0.0273211
-0.0203011
-0.0124341
-0.00359282
0.00637113
0.0176263
0.0303577
0.0447586
0.0610139
0.0792733
0.0996082
0.12195
0.146003
0.171134
0.19621
0.219034
0.23509
0.241738
-0.0484804
-0.050561
-0.0485124
-0.0448367
-0.0407278
-0.0363821
-0.0319415
-0.027558
-0.023362
-0.0194623
-0.015947
-0.0128837
-0.0103208
-0.00828913
-0.00680397
-0.00586761
-0.00547128
-0.00559711
-0.00621989
-0.00730853
-0.00882737
-0.0107373
-0.0129968
-0.0155624
-0.01839
-0.0214348
-0.0246525
-0.0279994
-0.0314329
-0.0349118
-0.0383968
-0.0418508
-0.0452388
-0.0485283
-0.0516893
-0.0546944
-0.0575188
-0.0601404
-0.0625393
-0.0646983
-0.0666022
-0.068238
-0.0695946
-0.0706627
-0.0714343
-0.0719029
-0.0720626
-0.0719086
-0.0714363
-0.070641
-0.0695177
-0.0680604
-0.0662615
-0.0641112
-0.0615978
-0.0587048
-0.0554112
-0.0516897
-0.0475058
-0.0428158
-0.0375646
-0.0316842
-0.0250903
-0.0176804
-0.00933041
0.000107814
0.010809
0.0229758
0.0368382
0.0526494
0.0706755
0.0911746
0.11436
0.140341
0.169026
0.20001
0.232451
0.264274
0.290413
0.306719
-0.0610867
-0.0610796
-0.0557727
-0.0496006
-0.0437091
-0.0380255
-0.0325775
-0.0274496
-0.0227151
-0.0184344
-0.0146561
-0.011417
-0.0087414
-0.00664193
-0.0051204
-0.00416906
-0.00377196
-0.00390616
-0.0045429
-0.00564876
-0.00718655
-0.00911623
-0.0113957
-0.0139813
-0.0168289
-0.0198939
-0.023132
-0.0264997
-0.0299547
-0.0334559
-0.0369643
-0.0404428
-0.0438566
-0.0471732
-0.0503625
-0.0533973
-0.0562525
-0.0589059
-0.0613376
-0.0635299
-0.0654675
-0.0671372
-0.0685275
-0.0696287
-0.0704325
-0.0709317
-0.0711203
-0.0709924
-0.0705429
-0.0697664
-0.0686568
-0.0672069
-0.0654078
-0.0632464
-0.0607106
-0.057781
-0.0544332
-0.0506364
-0.0463516
-0.0415297
-0.0361093
-0.0300143
-0.0231512
-0.0154056
-0.00663901
0.00331527
0.014656
0.0276181
0.042476
0.0595464
0.0791878
0.101795
0.127782
0.157542
0.191369
0.229324
0.271099
0.315165
0.356579
0.391659
-0.0861184
-0.0774069
-0.0651263
-0.054882
-0.0464159
-0.0390382
-0.0324904
-0.0266649
-0.0215002
-0.0169647
-0.0130462
-0.00974042
-0.00704408
-0.0049514
-0.00345212
-0.00253078
-0.00216654
-0.00233354
-0.00300145
-0.00413607
-0.00569999
-0.00765331
-0.00995423
-0.0125596
-0.0154257
-0.0185084
-0.021764
-0.0251492
-0.0286222
-0.0321423
-0.0356707
-0.0391705
-0.0426069
-0.0459476
-0.0491626
-0.0522245
-0.0551083
-0.0577916
-0.0602542
-0.0624784
-0.0644487
-0.0661514
-0.0675749
-0.0687091
-0.0695453
-0.0700761
-0.0702947
-0.070195
-0.0697708
-0.069016
-0.0679245
-0.0664872
-0.0646934
-0.0625332
-0.0599874
-0.0570359
-0.0536525
-0.0498036
-0.0454468
-0.0405289
-0.0349837
-0.0287293
-0.021665
-0.0136678
-0.00458844
0.00575388
0.0175765
0.0311399
0.0467558
0.064797
0.0857103
0.110034
0.13842
0.171659
0.210684
0.256526
0.310103
0.371466
0.438136
0.51304
-0.14203
-0.0984168
-0.0712352
-0.0556348
-0.0447279
-0.036179
-0.0292157
-0.0233708
-0.01835
-0.0140127
-0.0103023
-0.00719462
-0.00467697
-0.0027402
-0.00137432
-0.000565789
-0.000296368
-0.000542936
-0.00127777
-0.00246908
-0.00408159
-0.00607724
-0.00841578
-0.0110554
-0.0139535
-0.0170668
-0.0203523
-0.0237674
-0.0272707
-0.0308219
-0.0343824
-0.0379154
-0.0413865
-0.0447631
-0.0480153
-0.0511156
-0.0540389
-0.0567626
-0.0592664
-0.0615323
-0.0635446
-0.0652894
-0.0667548
-0.0679305
-0.0688074
-0.069378
-0.0696351
-0.0695723
-0.0691831
-0.0684586
-0.0673951
-0.0659831
-0.0642117
-0.0620668
-0.0595305
-0.0565814
-0.0531919
-0.049327
-0.0449424
-0.0399828
-0.0343795
-0.0280477
-0.020883
-0.0127582
-0.00351829
0.00702451
0.0190974
0.0329752
0.0489912
0.0675532
0.0891668
0.114475
0.144323
0.179883
0.222847
0.275799
0.342578
0.428844
0.542332
0.695616
-0.275362
-0.114447
-0.0563968
-0.0400282
-0.0312829
-0.0244922
-0.0192918
-0.0151122
-0.0114764
-0.00822273
-0.00534906
-0.00288793
-0.000870805
0.000677165
0.00173904
0.0023075
0.00238487
0.00198221
0.00111806
-0.000182753
-0.00189027
-0.00397046
-0.00638614
-0.00909785
-0.0120646
-0.0152445
-0.0185955
-0.0220758
-0.0256441
-0.0292607
-0.0328871
-0.0364865
-0.0400243
-0.0434681
-0.0467877
-0.0499555
-0.0529461
-0.0557367
-0.0583068
-0.0606382
-0.062715
-0.0645232
-0.0660505
-0.0672865
-0.068222
-0.0688491
-0.0691606
-0.0691501
-0.0688117
-0.0681411
-0.0671241
-0.0657549
-0.0640243
-0.0619181
-0.0594186
-0.056504
-0.0531468
-0.0493119
-0.0449551
-0.0400214
-0.0344422
-0.0281329
-0.0209899
-0.0128862
-0.00366739
0.00685386
0.0189046
0.0327604
0.0487574
0.0673101
0.0889392
0.114321
0.144369
0.180419
0.224569
0.280627
0.356009
0.467315
0.643817
0.925474
)
;

boundaryField
{
    movingWall
    {
        type            zeroGradient;
    }
    fixedWalls
    {
        type            zeroGradient;
    }
    frontAndBack
    {
        type            empty;
    }
}


// ************************************************************************* //
