/*--------------------------------*- C++ -*----------------------------------*\
  =========                 |
  \\      /  F ield         | OpenFOAM: The Open Source CFD Toolbox
   \\    /   O peration     | Website:  https://openfoam.org
    \\  /    A nd           | Version:  7
     \\/     M anipulation  |
\*---------------------------------------------------------------------------*/
FoamFile
{
    version     2.0;
    format      ascii;
    class       volScalarField;
    location    "0.8";
    object      p;
}
// * * * * * * * * * * * * * * * * * * * * * * * * * * * * * * * * * * * * * //

dimensions      [0 2 -2 0 0 0 0];

internalField   nonuniform List<scalar> 
6400
(
-2.62348e-08
-3.80471e-06
-6.67171e-05
-0.00018575
-0.000346312
-0.00053538
-0.000741653
-0.000955569
-0.00116931
-0.00137666
-0.00157271
-0.00175368
-0.00191665
-0.00205942
-0.00218037
-0.00227831
-0.0023524
-0.00240206
-0.00242687
-0.0024266
-0.00240106
-0.00235018
-0.00227391
-0.00217229
-0.00204535
-0.00189321
-0.00171604
-0.00151406
-0.00128763
-0.00103718
-0.000763295
-0.000466706
-0.000148328
0.000190743
0.000549196
0.000925487
0.00131785
0.00172426
0.00214247
0.00256997
0.00300402
0.00344167
0.00387978
0.00431503
0.00474396
0.00516301
0.00556857
0.005957
0.00632473
0.00666828
0.00698433
0.00726978
0.00752179
0.0077379
0.00791599
0.0080544
0.00815195
0.00820801
0.00822248
0.00819585
0.00812923
0.00802429
0.00788335
0.00770928
0.00750555
0.00727618
0.00702573
0.00675924
0.00648224
0.0062007
0.00592102
0.00565
0.00539479
0.00516286
0.00496189
0.0047995
0.00468256
0.00461627
0.00460283
0.00463016
3.62835e-06
-1.28499e-07
-5.55202e-05
-0.000156251
-0.000290525
-0.000449048
-0.000623221
-0.000805336
-0.000988762
-0.00116799
-0.00133853
-0.00149678
-0.00163989
-0.00176562
-0.00187227
-0.00195853
-0.00202344
-0.00206626
-0.00208649
-0.00208375
-0.00205778
-0.00200842
-0.00193557
-0.0018392
-0.00171933
-0.00157604
-0.0014095
-0.00121992
-0.00100765
-0.000773117
-0.000516896
-0.0002397
5.75905e-05
0.000373918
0.000708033
0.00105847
0.00142356
0.00180142
0.00218993
0.00258675
0.00298934
0.00339498
0.00380076
0.00420362
0.00460039
0.00498781
0.00536255
0.00572133
0.00606088
0.00637804
0.00666982
0.0069334
0.00716627
0.00736619
0.00753131
0.00766016
0.00775174
0.00780554
0.00782154
0.00780029
0.00774285
0.00765086
0.00752647
0.00737239
0.00719187
0.00698863
0.00676686
0.0065312
0.00628668
0.0060387
0.00579301
0.00555559
0.00533265
0.00513051
0.00495545
0.00481339
0.00470923
0.00464653
0.00462989
0.00465741
6.66502e-05
5.50809e-05
-7.03925e-07
-9.37771e-05
-0.000214423
-0.00035533
-0.000509647
-0.000671015
-0.000833827
-0.000993292
-0.0011454
-0.00128685
-0.00141499
-0.00152766
-0.00162321
-0.00170032
-0.00175797
-0.00179539
-0.00181203
-0.00180743
-0.00178129
-0.00173339
-0.0016636
-0.00157184
-0.00145811
-0.00132245
-0.00116502
-0.000986002
-0.000785719
-0.000564585
-0.000323143
-6.20734e-05
0.000217791
0.000515444
0.000829698
0.00115917
0.00150229
0.00185727
0.00222212
0.00259465
0.00297248
0.00335304
0.00373362
0.00411136
0.00448329
0.00484637
0.00519753
0.00553367
0.00585177
0.00614891
0.00642229
0.00666934
0.00688772
0.00707539
0.00723064
0.00735217
0.00743906
0.0074909
0.00750774
0.00749011
0.00743906
0.00735617
0.0072435
0.00710362
0.00693958
0.00675487
0.00655342
0.00633951
0.00611779
0.00589322
0.00567099
0.0054565
0.0052552
0.00507264
0.00491417
0.00478482
0.00468865
0.00462896
0.00461286
0.00464448
0.000186841
0.000156152
9.13475e-05
-2.63339e-06
-0.000118972
-0.0002516
-0.000394835
-0.000543415
-0.000692633
-0.0008384
-0.000977234
-0.00110622
-0.00122296
-0.0013255
-0.0014123
-0.00148211
-0.00153396
-0.0015671
-0.00158093
-0.00157501
-0.00154901
-0.00150269
-0.00143587
-0.00134846
-0.00124041
-0.00111176
-0.000962593
-0.0007931
-0.00060355
-0.000394324
-0.000165921
8.10289e-05
0.000345743
0.000627282
0.00092453
0.00123619
0.00156077
0.0018966
0.00224179
0.00259428
0.00295181
0.00331196
0.00367217
0.00402973
0.00438183
0.0047256
0.00505811
0.00537646
0.00567777
0.00595928
0.00621837
0.00645258
0.00665971
0.00683785
0.0069854
0.00710113
0.00718421
0.00723427
0.00725138
0.00723608
0.00718939
0.00711282
0.00700837
0.00687848
0.00672606
0.0065544
0.0063672
0.00616848
0.00596256
0.00575404
0.00554767
0.00534835
0.00516105
0.00499066
0.00484198
0.00471954
0.00462705
0.0045679
0.00455017
0.00457991
0.000350677
0.000291998
0.000211533
0.000110913
-6.75665e-06
-0.000136523
-0.000273686
-0.000413994
-0.000553604
-0.000689118
-0.0008176
-0.000936563
-0.00104394
-0.00113802
-0.00121742
-0.00128103
-0.00132795
-0.00135749
-0.00136908
-0.00136229
-0.00133678
-0.0012923
-0.00122865
-0.00114571
-0.0010434
-0.000921731
-0.000780749
-0.000620599
-0.000441507
-0.000243806
-2.79373e-05
0.000205528
0.000455872
0.000722227
0.00100356
0.00129866
0.00160613
0.0019244
0.00225169
0.00258605
0.00292534
0.00326729
0.00360943
0.00394921
0.00428394
0.00461088
0.00492724
0.00523025
0.00551716
0.00578532
0.00603222
0.00625553
0.00645312
0.00662317
0.00676415
0.00687488
0.0069546
0.00700295
0.00702
0.00700629
0.00696281
0.00689101
0.00679281
0.00667056
0.00652701
0.00636529
0.00618892
0.00600165
0.00580756
0.00561087
0.00541599
0.0052274
0.00504961
0.00488703
0.00474399
0.00462455
0.00453221
0.0044703
0.00444634
0.0044661
0.000546025
0.000453865
0.000352892
0.000241098
0.000117523
-1.38528e-05
-0.000149169
-0.000285112
-0.000418641
-0.000547025
-0.000667878
-0.000779162
-0.000879167
-0.000966457
-0.00103987
-0.00109844
-0.0011414
-0.00116813
-0.00117813
-0.00117099
-0.00114639
-0.00110406
-0.00104382
-0.000965499
-0.000869013
-0.00075431
-0.000621409
-0.000470405
-0.000301471
-0.000114878
8.89958e-05
0.000309648
0.000546435
0.000798572
0.00106511
0.00134493
0.00163674
0.00193906
0.0022502
0.00256835
0.00289146
0.00321736
0.00354372
0.00386807
0.00418785
0.00450041
0.00480308
0.00509317
0.00536802
0.00562507
0.00586188
0.00607619
0.00626593
0.00642934
0.00656491
0.00667151
0.00674839
0.00679518
0.00681196
0.00679924
0.00675796
0.00668955
0.00659583
0.00647905
0.00634186
0.00618724
0.00601852
0.00583927
0.0056533
0.00546456
0.00527716
0.0050952
0.00492282
0.00476402
0.00462272
0.0045026
0.00440691
0.00433882
0.00430435
0.00430776
0.000762202
0.00063343
0.000508669
0.000382228
0.000249085
0.000112411
-2.46454e-05
-0.000159611
-0.000290194
-0.000414292
-0.000530058
-0.000635902
-0.000730478
-0.000812658
-0.000881512
-0.000936271
-0.000976303
-0.00100109
-0.00101021
-0.00100331
-0.000980093
-0.000940303
-0.000883738
-0.000810229
-0.000719646
-0.000611907
-0.000486984
-0.000344916
-0.000185814
-9.88382e-06
0.000182567
0.000391115
0.000615199
0.000854123
0.00110703
0.00137289
0.00165051
0.00193851
0.0022353
0.00253916
0.00284816
0.0031602
0.00347306
0.00378435
0.0040916
0.00439224
0.00468366
0.00496324
0.00522838
0.00547657
0.00570542
0.00591267
0.00609632
0.00625457
0.00638598
0.00648938
0.00656402
0.00660953
0.00662595
0.00661376
0.00657386
0.00650761
0.00641677
0.00630351
0.00617037
0.00602021
0.0058562
0.00568175
0.00550046
0.00531605
0.00513236
0.00495322
0.00478241
0.00462364
0.00448043
0.00435615
0.00425383
0.00417641
0.00412787
0.00411049
0.000989816
0.00082291
0.000672262
0.000528692
0.000383247
0.000238422
9.67726e-05
-3.99782e-05
-0.000170226
-0.000292462
-0.000405352
-0.000507747
-0.000598669
-0.000677307
-0.000742975
-0.00079511
-0.000833242
-0.000856977
-0.000865979
-0.000859954
-0.000838643
-0.000801815
-0.000749262
-0.000680797
-0.000596264
-0.000495537
-0.00037854
-0.000245252
-9.5718e-05
6.99315e-05
0.000251468
0.000448551
0.000660709
0.000887339
0.00112768
0.0013808
0.0016456
0.00192078
0.00220488
0.00249625
0.00279305
0.00309327
0.00339476
0.00369521
0.0039922
0.00428322
0.0045657
0.00483706
0.00509473
0.00533622
0.00555913
0.00576123
0.00594047
0.00609509
0.00622359
0.0063248
0.00639792
0.00644253
0.00645866
0.00644673
0.00640759
0.00634254
0.00625327
0.00614187
0.00601079
0.00586279
0.00570092
0.00552844
0.00534878
0.0051655
0.00498218
0.00480244
0.00462981
0.00446769
0.00431933
0.00418778
0.0040759
0.00398641
0.00392104
0.00387989
0.00122075
0.0010152
0.000837456
0.000675081
0.000515361
0.000360242
0.000211788
7.10451e-05
-6.1011e-05
-0.000183421
-0.000295337
-0.000396034
-0.000484903
-0.000561436
-0.00062521
-0.000675871
-0.000713119
-0.000736691
-0.000746352
-0.000741874
-0.000723045
-0.000689655
-0.000641498
-0.00057837
-0.000500085
-0.000406478
-0.000297418
-0.000172817
-3.26463e-05
0.000123039
0.000294093
0.00048027
0.000681196
0.000896364
0.00112511
0.00136659
0.00161982
0.00188359
0.00215653
0.00243707
0.00272346
0.00301376
0.00330587
0.00359755
0.00388641
0.00416999
0.00444573
0.00471106
0.00496341
0.00520027
0.00541924
0.00561804
0.00579461
0.00594712
0.00607404
0.00617412
0.00624654
0.00629081
0.00630689
0.00629515
0.00625638
0.00619181
0.00610307
0.00599217
0.00586149
0.0057137
0.00555173
0.00537875
0.00519806
0.00501305
0.00482716
0.00464381
0.0044663
0.00429785
0.00414145
0.00399989
0.0038759
0.00377203
0.00368772
0.00362092
0.00144797
0.00120389
0.000998491
0.00081624
0.000640876
0.000473894
0.000316947
0.000170468
3.48619e-05
-8.94195e-05
-0.000201985
-0.000302519
-0.000390766
-0.000466515
-0.000529604
-0.00057989
-0.000617249
-0.000641553
-0.000652662
-0.000650432
-0.000634698
-0.000605268
-0.000561937
-0.000504491
-0.000432714
-0.000346394
-0.000245336
-0.000129388
1.55141e-06
0.000147514
0.00030845
0.000484209
0.000674514
0.000878958
0.00109698
0.00132785
0.00157065
0.0018243
0.0020875
0.00235876
0.00263641
0.00291856
0.00320318
0.00348806
0.00377083
0.00404905
0.00432016
0.00458157
0.0048307
0.00506499
0.00528199
0.00547938
0.00565502
0.00580702
0.00593375
0.00603391
0.00610658
0.00615122
0.00616768
0.00615628
0.00611772
0.00605317
0.00596419
0.00585272
0.00572106
0.00557182
0.00540785
0.00523223
0.00504816
0.00485892
0.00466783
0.00447816
0.00429307
0.00411561
0.0039486
0.00379461
0.00365631
0.00353614
0.00343131
0.00333769
0.00166529
0.0013832
0.00115001
0.000947285
0.000755381
0.000575428
0.000408728
0.000255161
0.000114614
-1.29358e-05
-0.000127528
-0.000229231
-0.000318122
-0.000394288
-0.000457819
-0.00050878
-0.000547213
-0.000573127
-0.000586495
-0.000587239
-0.000575239
-0.000550329
-0.00051231
-0.000460948
-0.000395993
-0.000317182
-0.000224263
-0.000117011
4.76157e-06
0.000141174
0.000292275
0.000458013
0.000638218
0.000832589
0.00104067
0.00126183
0.00149526
0.00173996
0.00199473
0.00225816
0.00252862
0.00280431
0.00308321
0.00336315
0.00364179
0.00391665
0.00418518
0.00444475
0.00469272
0.00492649
0.00514353
0.00534142
0.00551794
0.00567109
0.00579915
0.00590073
0.00597478
0.00602066
0.00603815
0.00602744
0.00598918
0.00592445
0.00583472
0.00572189
0.00558817
0.00543612
0.00526854
0.00508843
0.00489893
0.00470326
0.00450464
0.00430624
0.00411115
0.0039223
0.00374238
0.00357383
0.0034193
0.00328122
0.00315466
0.0030335
0.0018672
0.00154784
0.00128705
0.00106359
0.000854618
0.000660948
0.000483591
0.000321919
0.000175335
4.33762e-05
-7.43937e-05
-0.000178408
-0.000269068
-0.000346743
-0.000411755
-0.000464378
-0.000504821
-0.000533223
-0.000549654
-0.000554113
-0.000546522
-0.000526739
-0.000494561
-0.000449737
-0.00039198
-0.000320973
-0.000236399
-0.000137954
-2.5366e-05
0.000101581
0.000243039
0.000399064
0.000569595
0.00075444
0.00095325
0.0011655
0.0013905
0.00162732
0.00187486
0.00213177
0.00239651
0.00266729
0.00294217
0.00321896
0.00349533
0.00376879
0.00403674
0.00429651
0.0045454
0.0047807
0.0049998
0.00520016
0.00537946
0.00553555
0.00566661
0.00577108
0.00584781
0.00589603
0.0059154
0.005906
0.00586837
0.00580351
0.00571281
0.00559809
0.00546152
0.00530559
0.00513307
0.00494692
0.00475023
0.00454618
0.00433795
0.0041287
0.00392144
0.00371905
0.00352416
0.00333913
0.0031667
0.00300932
0.00286005
0.0027109
0.00204868
0.00169295
0.00140494
0.00116077
0.000934485
0.000726651
0.000538015
0.000367486
0.000214019
7.67388e-05
-4.51728e-05
-0.000152483
-0.0002459
-0.000326063
-0.000393526
-0.000448749
-0.0004921
-0.000523847
-0.000544157
-0.000553091
-0.000550614
-0.000536599
-0.000510844
-0.000473073
-0.000422953
-0.000360113
-0.000284165
-0.000194726
-9.14279e-05
2.60467e-05
0.000157958
0.000304475
0.000465648
0.000641401
0.000831499
0.00103553
0.00125291
0.00148281
0.00172419
0.0019758
0.00223615
0.00250351
0.00277594
0.00305129
0.0033272
0.00360115
0.0038705
0.00413251
0.00438438
0.00462331
0.00484655
0.00505146
0.00523553
0.00539649
0.00553234
0.00564139
0.0057223
0.00577417
0.00579651
0.00578927
0.00575288
0.00568821
0.00559659
0.00547975
0.00533981
0.00517922
0.00500071
0.00480721
0.00460183
0.00438772
0.00416808
0.00394605
0.00372467
0.00350681
0.00329509
0.00309185
0.00289999
0.00272209
0.00254926
0.00237172
0.00220515
0.00181402
0.00149934
0.00123464
0.000991024
0.000768806
0.000568505
0.000388593
0.000227596
8.42649e-05
-4.25761e-05
-0.000154023
-0.000251077
-0.00033462
-0.000405424
-0.000464133
-0.000511266
-0.000547209
-0.000572213
-0.000586398
-0.000589768
-0.00058221
-0.000563512
-0.000533365
-0.000491391
-0.000437159
-0.000370205
-0.00029006
-0.000196254
-8.83602e-05
3.39927e-05
0.00017109
0.000323103
0.000490077
0.000671901
0.000868281
0.00107872
0.00130251
0.0015387
0.00178611
0.0020433
0.0023086
0.0025801
0.00285562
0.00313281
0.00340911
0.00368181
0.0039481
0.00420505
0.00444975
0.0046793
0.0048909
0.00508189
0.0052498
0.00539244
0.00550792
0.00559475
0.00565182
0.00567848
0.00567453
0.00564025
0.0055764
0.00548419
0.00536529
0.00522174
0.00505597
0.00487069
0.00466883
0.00445349
0.00422788
0.00399522
0.00375871
0.00352144
0.00328634
0.00305607
0.00283304
0.00262034
0.00242076
0.00222355
0.00201721
0.0023323
0.00190682
0.00156611
0.00128123
0.00102042
0.000783787
0.00057161
0.000381963
0.000212973
6.30181e-05
-6.94124e-05
-0.000185724
-0.000287185
-0.000374916
-0.000449894
-0.000512938
-0.000564702
-0.000605678
-0.000636195
-0.000656432
-0.00066642
-0.000666053
-0.000655098
-0.000633213
-0.00059997
-0.000554872
-0.000497375
-0.000426909
-0.000342901
-0.00024481
-0.00013215
-4.51011e-06
0.000138411
0.000296789
0.000470639
0.000659785
0.000863846
0.00108221
0.00131403
0.00155821
0.00181336
0.00207786
0.00234982
0.00262707
0.00290722
0.00318769
0.00346568
0.00373828
0.00400244
0.00425512
0.00449325
0.00471383
0.00491401
0.00509111
0.00524273
0.00536676
0.00546148
0.00552557
0.00555819
0.00555894
0.00552795
0.00546583
0.00537367
0.00525305
0.00510597
0.00493479
0.00474222
0.00453121
0.00430491
0.00406657
0.00381951
0.003567
0.00331223
0.00305826
0.00280785
0.00256352
0.00232863
0.00210623
0.00188378
0.0016481
0.00242609
0.00196735
0.00160135
0.00129674
0.00101901
0.000768054
0.000543944
0.000344357
0.000167037
1.00112e-05
-0.000128553
-0.000250352
-0.000356907
-0.00044957
-0.000529509
-0.0005977
-0.000654921
-0.000701763
-0.00073863
-0.000765745
-0.000783159
-0.000790762
-0.000788299
-0.000775388
-0.000751548
-0.000716203
-0.00066872
-0.000608427
-0.000534641
-0.000446706
-0.000344006
-0.000225996
-9.22378e-05
5.75793e-05
0.000223601
0.00040578
0.000603859
0.000817341
0.00104548
0.00128725
0.00154135
0.0018062
0.00207992
0.00236036
0.00264511
0.00293152
0.00321672
0.00349768
0.00377124
0.00403417
0.00428322
0.00451521
0.00472703
0.00491577
0.00507878
0.00521371
0.00531856
0.00539179
0.0054323
0.00543949
0.00541329
0.00535413
0.005263
0.00514133
0.00499107
0.00481455
0.00461446
0.00439378
0.00415574
0.00390367
0.00364099
0.00337112
0.0030974
0.00282304
0.00255096
0.00228388
0.00202547
0.00177909
0.00153046
0.00126473
0.00248267
0.00199181
0.00160133
0.00127753
0.000983251
0.000718179
0.00048219
0.000272571
8.66924e-05
-7.7751e-05
-0.000222901
-0.000350727
-0.000463002
-0.00056129
-0.000646934
-0.000721055
-0.00078455
-0.0008381
-0.00088217
-0.000917018
-0.000942708
-0.000959116
-0.000965964
-0.000962822
-0.000949143
-0.000924268
-0.000887466
-0.000837963
-0.000774957
-0.000697666
-0.000605335
-0.00049728
-0.000372916
-0.000231791
-7.36183e-05
0.000101695
0.000294025
0.000502997
0.00072797
0.000968016
0.00122191
0.00148811
0.00176479
0.0020498
0.0023407
0.00263478
0.00292909
0.00322049
0.00350566
0.0037812
0.00404367
0.00428962
0.00451571
0.00471876
0.00489582
0.00504426
0.00516179
0.00524658
0.00529726
0.00531297
0.0052934
0.00523881
0.00515
0.0050283
0.00487555
0.00469404
0.00448648
0.0042559
0.00400557
0.00373897
0.00345966
0.00317123
0.0028772
0.00258103
0.00228584
0.00199457
0.00171127
0.0014397
0.00116381
0.000867084
0.0024984
0.00197659
0.00156247
0.00122009
0.00090972
0.000630835
0.000383108
0.00016345
-3.11278e-05
-0.000203253
-0.000355366
-0.000489703
-0.000608273
-0.000712834
-0.000804897
-0.000885718
-0.000956305
-0.00101741
-0.00106956
-0.00111304
-0.0011479
-0.00117401
-0.00119107
-0.00119857
-0.00119591
-0.00118233
-0.001157
-0.00111904
-0.00106751
-0.0010015
-0.000920111
-0.000822503
-0.000707943
-0.000575823
-0.000425703
-0.000257338
-7.071e-05
0.00013394
0.000356092
0.000594922
0.00084929
0.00111773
0.00139843
0.00168927
0.00198779
0.00229122
0.00259652
0.00290043
0.00319949
0.00349008
0.00376855
0.00403118
0.00427437
0.00449462
0.00468866
0.00485353
0.00498661
0.00508573
0.0051492
0.00517588
0.00516519
0.00511713
0.00503233
0.00491196
0.00475777
0.00457198
0.00435731
0.00411684
0.00385394
0.00357223
0.00327544
0.00296738
0.00265183
0.00233249
0.00201276
0.00169586
0.00138627
0.0010882
0.00078382
0.000454899
0.00246975
0.00191821
0.00148136
0.00112107
0.000795135
0.000502803
0.000243546
1.39132e-05
-0.000189437
-0.00036945
-0.000528852
-0.000670139
-0.000795535
-0.000906989
-0.00100617
-0.00109446
-0.00117296
-0.0012425
-0.00130363
-0.00135666
-0.00140166
-0.00143845
-0.00146669
-0.00148581
-0.00149513
-0.00149379
-0.00148086
-0.00145533
-0.00141613
-0.00136221
-0.0012925
-0.00120602
-0.00110186
-0.00097926
-0.000837599
-0.000676474
-0.000495709
-0.000295397
-7.59246e-05
0.000162006
0.000417353
0.000688728
0.000974382
0.0012722
0.0015797
0.00189408
0.00221223
0.00253073
0.00284597
0.00315414
0.00345132
0.00373353
0.00399684
0.00423743
0.00445166
0.00463619
0.00478803
0.00490462
0.00498392
0.00502443
0.00502526
0.00498613
0.00490744
0.00479017
0.00463594
0.00444694
0.00422585
0.00397581
0.00370031
0.00340313
0.00308821
0.00275961
0.00242141
0.00207761
0.00173195
0.00138794
0.0010506
0.000724599
0.000390299
2.76995e-05
0.00239335
0.00181337
0.00135475
0.000977275
0.000636335
0.000330975
6.04567e-05
-0.000179035
-0.000391185
-0.000579248
-0.000746227
-0.000894865
-0.0010276
-0.00114655
-0.00125354
-0.00135006
-0.00143732
-0.00151618
-0.00158724
-0.00165082
-0.00170696
-0.00175548
-0.00179596
-0.00182778
-0.00185015
-0.00186213
-0.00186267
-0.00185061
-0.00182477
-0.00178392
-0.00172683
-0.00165236
-0.00155942
-0.00144706
-0.00131449
-0.00116112
-0.000986611
-0.000790884
-0.000574173
-0.000337042
-8.04131e-05
0.000194417
0.000485764
0.000791547
0.00110929
0.00143615
0.00176892
0.00210409
0.00243785
0.00276617
0.00308489
0.00338973
0.0036764
0.00394071
0.00417863
0.00438639
0.00456058
0.0046982
0.00479678
0.00485443
0.00486988
0.00484253
0.00477249
0.00466054
0.00450812
0.00431735
0.00409088
0.00383192
0.00354408
0.00323131
0.0028978
0.00254791
0.00218604
0.00181655
0.00144355
0.00107094
0.000704283
0.000348795
-1.70554e-05
-0.000415121
0.00226599
0.0016589
0.00117952
0.000785619
0.000430295
0.000112372
-0.000169102
-0.000418297
-0.000639239
-0.000835481
-0.0010103
-0.00116667
-0.00130723
-0.00143428
-0.00154977
-0.00165532
-0.00175218
-0.00184129
-0.00192327
-0.00199843
-0.00206682
-0.00212819
-0.00218207
-0.00222777
-0.0022644
-0.00229092
-0.00230614
-0.00230878
-0.00229749
-0.00227088
-0.00222756
-0.0021662
-0.00208552
-0.00198436
-0.00186176
-0.00171692
-0.00154931
-0.00135866
-0.00114504
-0.000908853
-0.000650878
-0.000372297
-7.47069e-05
0.000239861
0.00056895
0.000909687
0.0012588
0.00161265
0.00196726
0.00231839
0.00266158
0.00299224
0.00330571
0.0035974
0.00386283
0.00409775
0.00429826
0.00446089
0.00458267
0.00466125
0.00469492
0.0046827
0.00462437
0.00452042
0.00437213
0.00418147
0.00395108
0.00368421
0.00338458
0.00305637
0.00270403
0.00233225
0.00194579
0.00154944
0.00114771
0.000744955
0.000347329
-3.93505e-05
-0.000438602
-0.000874229
0.00208458
0.00145178
0.000952701
0.000543183
0.000174132
-0.000155854
-0.000447945
-0.000706663
-0.000936363
-0.00114089
-0.00132379
-0.00148826
-0.00163714
-0.00177289
-0.0018976
-0.00201296
-0.00212032
-0.00222064
-0.00231458
-0.00240244
-0.00248423
-0.00255967
-0.00262821
-0.00268909
-0.00274131
-0.00278373
-0.00281501
-0.00283373
-0.00283839
-0.00282741
-0.00279923
-0.0027523
-0.00268516
-0.00259644
-0.00248495
-0.00234968
-0.00218988
-0.0020051
-0.00179518
-0.00156035
-0.00130123
-0.00101885
-0.000714704
-0.000390744
-4.93891e-05
0.000306481
0.000673536
0.00104802
0.0014258
0.0018024
0.00217308
0.00253291
0.00287683
0.00319981
0.00349686
0.00376323
0.00399448
0.00418655
0.00433595
0.00443977
0.00449581
0.00450263
0.00445959
0.00436689
0.00422554
0.00403736
0.00380495
0.00353157
0.00322108
0.00287787
0.0025067
0.0021126
0.00170077
0.00127644
0.000844606
0.000410098
-2.02539e-05
-0.000439979
-0.000874708
-0.00135031
0.0018462
0.00118916
0.000671488
0.000247201
-0.000134886
-0.000476407
-0.000778753
-0.00104679
-0.0012852
-0.00149812
-0.00168933
-0.00186227
-0.00201997
-0.00216503
-0.00229967
-0.00242567
-0.00254445
-0.002657
-0.00276399
-0.00286572
-0.00296215
-0.00305296
-0.00313753
-0.00321501
-0.0032843
-0.00334412
-0.00339301
-0.0034294
-0.00345158
-0.00345784
-0.00344639
-0.00341548
-0.00336342
-0.00328863
-0.00318968
-0.00306532
-0.00291457
-0.00273673
-0.00253144
-0.00229869
-0.00203892
-0.00175298
-0.00144224
-0.00110853
-0.000754204
-0.000382135
4.31245e-06
0.000401288
0.000804495
0.00120924
0.00161049
0.00200295
0.00238116
0.00273957
0.00307269
0.00337518
0.00364199
0.00386844
0.00405039
0.00418433
0.00426746
0.00429782
0.00427429
0.00419665
0.00406564
0.00388286
0.00365081
0.00337278
0.00305275
0.00269533
0.00230558
0.00188894
0.00145108
0.000997739
0.000534436
6.65261e-05
-0.000398411
-0.000853192
-0.0013257
-0.00184402
0.00154807
0.000868332
0.000333241
-0.000104931
-0.000499333
-0.000851837
-0.00116406
-0.0014412
-0.00168825
-0.00190964
-0.00210941
-0.0022912
-0.00245821
-0.00261322
-0.00275853
-0.00289603
-0.00302718
-0.00315303
-0.00327422
-0.00339104
-0.00350344
-0.00361102
-0.0037131
-0.00380873
-0.00389669
-0.00397559
-0.00404381
-0.00409961
-0.00414114
-0.00416645
-0.00417356
-0.00416051
-0.00412537
-0.0040663
-0.00398162
-0.00386983
-0.00372968
-0.00356021
-0.00336079
-0.00313119
-0.00287159
-0.00258267
-0.00226559
-0.00192206
-0.00155433
-0.00116523
-0.00075813
-0.00033696
9.38437e-05
0.000529369
0.000964289
0.00139294
0.00180941
0.00220765
0.00258159
0.00292524
0.00323287
0.00349912
0.00371912
0.00388865
0.00400425
0.0040633
0.00406412
0.00400604
0.00388939
0.00371553
0.00348681
0.00320649
0.00287868
0.00250819
0.00210044
0.00166129
0.00119692
0.000713618
0.000217492
-0.000285509
-0.00078699
-0.00127899
-0.00179182
-0.00235593
0.0011876
0.000486788
-6.45066e-05
-0.00051564
-0.000921609
-0.00128452
-0.00160621
-0.00189222
-0.00214786
-0.00237782
-0.00258638
-0.0027774
-0.00295425
-0.00311984
-0.0032766
-0.00342648
-0.00357101
-0.00371124
-0.00384784
-0.00398108
-0.00411084
-0.00423669
-0.00435786
-0.0044733
-0.00458169
-0.00468148
-0.00477092
-0.0048481
-0.00491098
-0.0049574
-0.00498518
-0.00499209
-0.00497597
-0.00493472
-0.00486637
-0.00476914
-0.0046415
-0.00448217
-0.00429025
-0.00406522
-0.00380701
-0.00351602
-0.00319322
-0.00284014
-0.00245888
-0.0020522
-0.00162343
-0.00117656
-0.000716143
-0.000247294
0.000224373
0.000692818
0.00115167
0.00159433
0.0020141
0.00240432
0.00275849
0.00307048
0.00333459
0.00354582
0.00369991
0.00379351
0.00382428
0.00379095
0.0036934
0.00353265
0.00331084
0.00303118
0.00269785
0.00231589
0.00189108
0.00142972
0.000938535
0.000424448
-0.000105806
-0.000645616
-0.0011857
-0.00171724
-0.00227315
-0.00288648
0.000762395
4.21984e-05
-0.000524028
-0.000987166
-0.00140392
-0.00177665
-0.0021074
-0.00240205
-0.00266621
-0.00290482
-0.00312242
-0.00332306
-0.00351027
-0.00368711
-0.00385611
-0.0040193
-0.00417823
-0.00433401
-0.00448728
-0.00463829
-0.0047869
-0.0049326
-0.00507455
-0.00521159
-0.00534229
-0.00546495
-0.00557769
-0.0056784
-0.00576484
-0.00583467
-0.00588544
-0.00591471
-0.00592002
-0.00589899
-0.00584937
-0.00576905
-0.00565617
-0.00550916
-0.00532675
-0.00510813
-0.0048529
-0.00456119
-0.00423369
-0.00387169
-0.00347715
-0.00305266
-0.00260152
-0.0021277
-0.00163586
-0.00113128
-0.000619871
-0.000108031
0.000397391
0.000889228
0.00136011
0.00180263
0.00220949
0.00257365
0.00288855
0.00314823
0.00334756
0.00348232
0.00354938
0.00354679
0.00347386
0.00333116
0.00312055
0.00284514
0.00250915
0.00211782
0.00167729
0.00119434
0.000676296
0.000130742
-0.000434877
-0.00101323
-0.00159404
-0.00216759
-0.0027696
-0.00343587
0.000270247
-0.000467557
-0.00104739
-0.00152154
-0.00194829
-0.00233021
-0.00266961
-0.00297265
-0.00324526
-0.00349263
-0.00371952
-0.00393017
-0.0041283
-0.00431707
-0.00449912
-0.00467654
-0.00485095
-0.00502345
-0.00519471
-0.00536493
-0.00553394
-0.00570117
-0.00586568
-0.00602622
-0.00618123
-0.0063289
-0.00646716
-0.00659373
-0.00670618
-0.00680193
-0.0068783
-0.00693258
-0.00696202
-0.00696396
-0.00693579
-0.00687509
-0.00677963
-0.00664748
-0.00647703
-0.00626707
-0.00601687
-0.0057262
-0.00539545
-0.00502564
-0.00461846
-0.00417635
-0.00370248
-0.00320079
-0.00267598
-0.0021335
-0.00157949
-0.00102072
-0.00046452
8.13538e-05
0.000608836
0.00110971
0.00157579
0.00199908
0.002372
0.00268757
0.00293963
0.00312296
0.00323351
0.0032685
0.00322653
0.00310765
0.00291334
0.00264649
0.00231134
0.00191332
0.00145889
0.000955367
0.000410688
-0.000166823
-0.000768949
-0.00138756
-0.00201133
-0.00262949
-0.00328083
-0.00400412
-0.000290809
-0.00104437
-0.00163645
-0.00212058
-0.00255649
-0.00294698
-0.00329459
-0.0036058
-0.00388678
-0.00414301
-0.00437944
-0.00460051
-0.0048101
-0.0050115
-0.00520742
-0.00540005
-0.00559102
-0.00578147
-0.00597206
-0.00616298
-0.006354
-0.00654448
-0.00673342
-0.00691947
-0.00710094
-0.00727587
-0.00744203
-0.00759698
-0.00773807
-0.00786248
-0.00796729
-0.0080495
-0.00810608
-0.00813402
-0.00813039
-0.00809238
-0.00801739
-0.00790309
-0.00774746
-0.00754888
-0.00730621
-0.00701884
-0.00668678
-0.0063107
-0.00589202
-0.00543291
-0.00493639
-0.0044063
-0.00384734
-0.00326505
-0.00266581
-0.00205673
-0.0014456
-0.000840789
-0.000251083
0.000314448
0.000846653
0.00133649
0.00177527
0.00215484
0.00246787
0.002708
0.00287011
0.00295043
0.00294672
0.00285834
0.00268627
0.00243313
0.00210307
0.00170167
0.00123574
0.00071309
0.000142348
-0.000467374
-0.00110702
-0.00176759
-0.00243656
-0.00310207
-0.00380618
-0.0045909
-0.000922495
-0.0016899
-0.0022928
-0.00278586
-0.00323009
-0.00362852
-0.00398391
-0.00430302
-0.00459231
-0.00485748
-0.00510371
-0.00533562
-0.00555722
-0.00577193
-0.00598256
-0.00619136
-0.0064
-0.00660965
-0.00682095
-0.00703407
-0.00724876
-0.0074643
-0.00767961
-0.00789325
-0.0081034
-0.00830798
-0.00850458
-0.00869057
-0.0088631
-0.00901912
-0.00915544
-0.00926877
-0.00935577
-0.00941307
-0.00943739
-0.00942552
-0.00937444
-0.00928139
-0.00914388
-0.00895986
-0.00872772
-0.00844641
-0.00811549
-0.00773524
-0.0073067
-0.00683175
-0.00631315
-0.00575459
-0.00516071
-0.0045371
-0.00389031
-0.00322776
-0.0025577
-0.00188909
-0.00123147
-0.000594797
1.07461e-05
0.000574986
0.00108799
0.00154033
0.00192334
0.00222937
0.00245203
0.00258641
0.00262923
0.00257901
0.0024361
0.00220272
0.00188284
0.00148214
0.00100771
0.000467927
-0.000127899
-0.000769798
-0.0014478
-0.00215195
-0.00286841
-0.00358411
-0.00434466
-0.00519553
-0.00162626
-0.00240553
-0.0030178
-0.00351872
-0.00397041
-0.00437613
-0.00473884
-0.00506561
-0.00536312
-0.00563734
-0.00589362
-0.00613676
-0.00637091
-0.00659962
-0.00682579
-0.00705172
-0.00727913
-0.00750922
-0.00774262
-0.00797949
-0.00821952
-0.00846195
-0.00870563
-0.008949
-0.00919015
-0.00942684
-0.00965653
-0.00987637
-0.0100833
-0.0102741
-0.0104452
-0.010593
-0.010714
-0.0108043
-0.0108603
-0.0108784
-0.0108551
-0.0107871
-0.0106715
-0.0105057
-0.0102875
-0.0100156
-0.00968879
-0.00930701
-0.00887083
-0.00838175
-0.00784221
-0.00725565
-0.00662659
-0.00596061
-0.00526436
-0.00454552
-0.00381277
-0.00307564
-0.00234445
-0.00163007
-0.000943752
-0.000296903
0.000299205
0.000833714
0.00129648
0.00167836
0.00197151
0.00216967
0.00226836
0.00226504
0.00215927
0.00195269
0.00164903
0.00125392
0.000774769
0.000220435
-0.000399013
-0.00107271
-0.00178968
-0.00253891
-0.00330516
-0.00407398
-0.00489482
-0.00581688
-0.00240329
-0.00319239
-0.00381254
-0.00432023
-0.00477851
-0.00519085
-0.00556044
-0.00589459
-0.00620025
-0.00648358
-0.00675014
-0.00700489
-0.00725213
-0.0074955
-0.00773801
-0.00798201
-0.00822929
-0.00848105
-0.00873792
-0.00900006
-0.00926712
-0.00953829
-0.00981234
-0.0100876
-0.0103621
-0.0106335
-0.010899
-0.0111556
-0.0114001
-0.0116288
-0.0118382
-0.0120242
-0.0121829
-0.0123102
-0.0124019
-0.0124541
-0.0124626
-0.0124239
-0.0123344
-0.012191
-0.0119909
-0.0117321
-0.011413
-0.0110329
-0.0105919
-0.0100911
-0.00953234
-0.00891888
-0.00825498
-0.00754612
-0.006799
-0.0060215
-0.00522265
-0.00441256
-0.00360228
-0.00280363
-0.00202898
-0.00129105
-0.000602539
2.41116e-05
0.00057711
0.00104564
0.0014202
0.00169294
0.00185793
0.00191139
0.00185186
0.00168026
0.00139986
0.00101621
0.000536911
-2.86723e-05
-0.00066972
-0.0013744
-0.00213068
-0.00292635
-0.00374462
-0.00456955
-0.00545473
-0.00645335
-0.00325445
-0.00405132
-0.00467784
-0.00519119
-0.00565517
-0.00607347
-0.00644948
-0.00679074
-0.00710445
-0.00739695
-0.00767399
-0.0079407
-0.0082015
-0.00846017
-0.00871977
-0.00898276
-0.00925095
-0.00952556
-0.00980725
-0.0100961
-0.0103919
-0.0106936
-0.0110001
-0.0113095
-0.0116197
-0.0119283
-0.0122324
-0.0125287
-0.0128139
-0.0130841
-0.0133353
-0.0135633
-0.0137637
-0.0139321
-0.0140638
-0.0141545
-0.0141995
-0.0141947
-0.0141358
-0.0140193
-0.0138418
-0.0136005
-0.0132933
-0.0129188
-0.0124765
-0.0119668
-0.0113913
-0.0107527
-0.010055
-0.00930341
-0.00850463
-0.00766664
-0.00679878
-0.00591167
-0.00501707
-0.00412773
-0.0032572
-0.00241954
-0.00162902
-0.000899762
-0.000245388
0.000321402
0.000789223
0.00114839
0.00139128
0.00151261
0.00150965
0.00138238
0.00113345
0.00076817
0.000294248
-0.000278488
-0.00093846
-0.00167283
-0.00246837
-0.00331163
-0.00418408
-0.00506817
-0.00602189
-0.00710273
-0.00418031
-0.00498286
-0.00561424
-0.00613214
-0.00660094
-0.00702452
-0.00740646
-0.00775455
-0.00807616
-0.00837785
-0.00866554
-0.00894451
-0.00921933
-0.00949385
-0.00977126
-0.0100541
-0.0103441
-0.0106427
-0.0109505
-0.0112676
-0.0115936
-0.0119277
-0.0122685
-0.0126141
-0.0129625
-0.0133109
-0.0136563
-0.0139954
-0.0143245
-0.0146396
-0.0149363
-0.0152102
-0.0154565
-0.0156702
-0.0158466
-0.0159804
-0.0160667
-0.0161007
-0.0160776
-0.015993
-0.0158431
-0.0156242
-0.0153335
-0.014969
-0.0145295
-0.0140147
-0.0134256
-0.0127644
-0.0120346
-0.0112412
-0.0103907
-0.00949104
-0.00855187
-0.0075842
-0.00660046
-0.00561433
-0.00464051
-0.00369448
-0.00279213
-0.00194942
-0.00118197
-0.000504557
6.9294e-05
0.000527807
0.000861367
0.00106289
0.00112812
0.00105581
0.000847809
0.000508974
4.70099e-05
-0.00052787
-0.00120333
-0.00196548
-0.00279983
-0.00369157
-0.00462026
-0.00556653
-0.00659314
-0.00776215
-0.0051811
-0.00598724
-0.00662197
-0.00714331
-0.00761604
-0.00804422
-0.00843162
-0.0087862
-0.00911556
-0.00942642
-0.00972487
-0.0100163
-0.0103055
-0.0105964
-0.0108922
-0.0111956
-0.0115084
-0.011832
-0.012167
-0.0125136
-0.0128714
-0.0132395
-0.0136165
-0.0140005
-0.0143893
-0.01478
-0.0151695
-0.0155544
-0.0159306
-0.0162941
-0.01664
-0.0169638
-0.0172601
-0.0175238
-0.0177493
-0.0179312
-0.0180639
-0.0181419
-0.0181599
-0.0181127
-0.0179957
-0.0178046
-0.0175358
-0.0171864
-0.0167544
-0.0162389
-0.0156401
-0.0149595
-0.0142002
-0.0133667
-0.0124652
-0.0115035
-0.0104915
-0.00944042
-0.00836332
-0.00727474
-0.00619055
-0.00512763
-0.00410361
-0.00313637
-0.00224369
-0.00144265
-0.000749158
-0.000177372
0.000260791
0.000556123
0.000702506
0.000697182
0.000540891
0.000237853
-0.000204411
-0.000775399
-0.00146205
-0.00224938
-0.00312159
-0.00406234
-0.00504913
-0.00606059
-0.00716457
-0.00842797
-0.00625674
-0.00706443
-0.007701
-0.00822468
-0.00870047
-0.00913256
-0.00952489
-0.00988562
-0.0102225
-0.0105425
-0.0108517
-0.0111558
-0.0114597
-0.0117672
-0.012082
-0.0124065
-0.0127428
-0.0130922
-0.0134555
-0.0138329
-0.0142238
-0.0146275
-0.0150424
-0.0154667
-0.015898
-0.0163335
-0.0167698
-0.0172033
-0.0176299
-0.018045
-0.018444
-0.0188215
-0.0191722
-0.0194903
-0.0197699
-0.0200049
-0.0201892
-0.0203167
-0.0203813
-0.0203772
-0.020299
-0.0201415
-0.0199002
-0.0195716
-0.0191526
-0.0186414
-0.0180376
-0.0173418
-0.0165564
-0.0156853
-0.0147344
-0.0137113
-0.0126257
-0.0114892
-0.0103152
-0.00911922
-0.00791806
-0.00673011
-0.00557471
-0.00447181
-0.00344147
-0.00250329
-0.0016758
-0.00097586
-0.000418032
-1.40062e-05
0.000227873
0.000302982
0.000210634
-4.58773e-05
-0.000459416
-0.00101933
-0.00171189
-0.00252101
-0.00342952
-0.00441941
-0.00546593
-0.00654551
-0.0077314
-0.00909568
-0.00740683
-0.00821403
-0.00885099
-0.00937594
-0.0098539
-0.0102892
-0.010686
-0.0110525
-0.0113966
-0.0117255
-0.0120455
-0.0123623
-0.0126809
-0.0130054
-0.0133394
-0.0136855
-0.0140459
-0.0144219
-0.0148143
-0.0152233
-0.0156486
-0.0160892
-0.0165436
-0.01701
-0.0174858
-0.0179682
-0.0184538
-0.0189387
-0.0194186
-0.0198889
-0.0203445
-0.0207797
-0.021189
-0.021566
-0.0219043
-0.0221975
-0.0224388
-0.0226213
-0.0227384
-0.0227834
-0.02275
-0.0226323
-0.0224249
-0.0221231
-0.0217231
-0.0212221
-0.0206185
-0.0199124
-0.0191052
-0.0182001
-0.0172025
-0.0161195
-0.0149606
-0.0137376
-0.0124642
-0.0111565
-0.00983254
-0.00851194
-0.00721583
-0.00596627
-0.00478575
-0.00369656
-0.00272014
-0.00187634
-0.00118273
-0.000653873
-0.000300764
-0.000130297
-0.000144968
-0.000342738
-0.000717124
-0.0012575
-0.00194959
-0.00277622
-0.00371875
-0.00475742
-0.00586499
-0.00701549
-0.0082879
-0.00975979
-0.00863061
-0.00943538
-0.0100713
-0.0105965
-0.0110758
-0.0115136
-0.0119142
-0.0122861
-0.0126372
-0.0129747
-0.0133053
-0.0136347
-0.013968
-0.0143095
-0.0146629
-0.0150308
-0.0154156
-0.0158186
-0.0162408
-0.0166823
-0.0171428
-0.0176214
-0.0181167
-0.0186266
-0.0191488
-0.0196801
-0.0202172
-0.0207561
-0.0212922
-0.0218207
-0.0223363
-0.0228331
-0.0233049
-0.0237452
-0.0241472
-0.0245036
-0.0248071
-0.0250503
-0.0252258
-0.025326
-0.0253438
-0.0252724
-0.0251054
-0.024837
-0.0244625
-0.023978
-0.0233809
-0.0226701
-0.0218462
-0.0209116
-0.0198708
-0.0187305
-0.0174998
-0.0161903
-0.014816
-0.0133935
-0.0119417
-0.0104816
-0.00903603
-0.00762921
-0.00628612
-0.00503194
-0.00389124
-0.00288718
-0.00204072
-0.00136973
-0.000888297
-0.000606052
-0.000527744
-0.000652989
-0.000976283
-0.00148728
-0.00217129
-0.00301011
-0.00398359
-0.00507008
-0.00623964
-0.00746367
-0.00882723
-0.0104137
-0.00992701
-0.0107275
-0.0113611
-0.0118855
-0.0123653
-0.012805
-0.0132089
-0.0135855
-0.0139431
-0.014289
-0.0146298
-0.0149715
-0.0153194
-0.0156777
-0.0160504
-0.0164402
-0.0168494
-0.0172797
-0.0177319
-0.0182063
-0.0187027
-0.0192201
-0.0197572
-0.020312
-0.0208819
-0.021464
-0.0220546
-0.0226496
-0.0232445
-0.0238342
-0.024413
-0.0249748
-0.0255131
-0.0260209
-0.026491
-0.0269155
-0.0272866
-0.0275961
-0.0278358
-0.0279974
-0.0280729
-0.0280544
-0.0279346
-0.0277066
-0.0273645
-0.0269034
-0.0263195
-0.0256105
-0.024776
-0.0238172
-0.0227379
-0.021544
-0.020244
-0.0188492
-0.0173737
-0.0158343
-0.0142509
-0.0126454
-0.0110426
-0.0094685
-0.00795088
-0.00651785
-0.00519734
-0.00401615
-0.00299898
-0.00216749
-0.00153933
-0.00112741
-0.000939222
-0.000976516
-0.00123517
-0.00170543
-0.00237241
-0.00321694
-0.00421736
-0.00535003
-0.00658209
-0.00788201
-0.00934131
-0.0110494
-0.0112946
-0.0120892
-0.0127192
-0.0132419
-0.0137214
-0.0141622
-0.0145688
-0.0149497
-0.0153133
-0.015667
-0.0160176
-0.0163711
-0.016733
-0.0171078
-0.0174994
-0.0179107
-0.0183442
-0.0188016
-0.0192838
-0.0197913
-0.0203238
-0.0208806
-0.0214602
-0.0220606
-0.0226794
-0.0233135
-0.0239593
-0.0246124
-0.0252683
-0.0259216
-0.0265665
-0.0271966
-0.0278049
-0.0283842
-0.0289267
-0.029424
-0.0298676
-0.0302488
-0.0305585
-0.0307877
-0.0309272
-0.0309684
-0.0309027
-0.0307223
-0.03042
-0.0299895
-0.029426
-0.0287259
-0.0278875
-0.0269109
-0.0257987
-0.024556
-0.0231904
-0.0217129
-0.0201372
-0.0184804
-0.0167627
-0.0150073
-0.0132403
-0.01149
-0.00978651
-0.00816116
-0.00664542
-0.00526997
-0.00406368
-0.00305241
-0.00225794
-0.00169701
-0.00138045
-0.00131269
-0.00149147
-0.00190803
-0.00254753
-0.00339003
-0.00441234
-0.00558875
-0.00688324
-0.00826111
-0.00982067
-0.0116577
-0.0127318
-0.0135189
-0.0141442
-0.0146644
-0.0151429
-0.0155842
-0.0159927
-0.0163773
-0.0167462
-0.017107
-0.0174667
-0.0178314
-0.0182066
-0.0185971
-0.0190069
-0.0194391
-0.0198962
-0.0203802
-0.0208921
-0.0214323
-0.0220009
-0.022597
-0.0232193
-0.0238659
-0.0245343
-0.0252214
-0.0259234
-0.0266363
-0.0273549
-0.028074
-0.0287874
-0.0294885
-0.0301701
-0.0308244
-0.0314432
-0.0320176
-0.0325386
-0.0329966
-0.0333819
-0.0336844
-0.0338943
-0.0340018
-0.0339973
-0.0338716
-0.0336164
-0.0332243
-0.0326888
-0.0320052
-0.0311703
-0.030183
-0.0290445
-0.0277588
-0.0263328
-0.0247763
-0.0231029
-0.0213294
-0.0194764
-0.0175679
-0.0156313
-0.0136968
-0.0117971
-0.00996675
-0.00824073
-0.00665396
-0.00523979
-0.00402877
-0.00304738
-0.00231678
-0.0018518
-0.00166017
-0.00174208
-0.00209025
-0.00269026
-0.00352156
-0.00455954
-0.00577634
-0.00713257
-0.00859006
-0.0102542
-0.0122275
-0.0142365
-0.0150148
-0.0156345
-0.0161515
-0.0166283
-0.0170693
-0.0174793
-0.0178667
-0.0182402
-0.0186073
-0.018975
-0.0193498
-0.0197374
-0.0201425
-0.0205694
-0.0210214
-0.0215013
-0.0220109
-0.0225515
-0.0231238
-0.0237278
-0.0243628
-0.0250276
-0.0257204
-0.0264385
-0.027179
-0.0279382
-0.0287116
-0.0294944
-0.0302809
-0.0310649
-0.0318393
-0.0325969
-0.0333293
-0.0340278
-0.0346833
-0.0352859
-0.0358254
-0.0362913
-0.0366729
-0.0369592
-0.0371393
-0.0372027
-0.0371389
-0.0369384
-0.0365923
-0.0360928
-0.0354336
-0.0346102
-0.0336199
-0.0324626
-0.0311409
-0.0296604
-0.0280302
-0.0262629
-0.024375
-0.0223872
-0.020324
-0.0182139
-0.0160889
-0.013984
-0.0119369
-0.00998626
-0.00817146
-0.00653063
-0.00509948
-0.00390971
-0.0029876
-0.00235268
-0.00201669
-0.00198297
-0.00224627
-0.00279304
-0.00360246
-0.0046486
-0.00590142
-0.00731793
-0.00885623
-0.0106292
-0.0127462
-0.0158066
-0.0165752
-0.0171885
-0.0177016
-0.018176
-0.0186162
-0.0190267
-0.0194163
-0.0197933
-0.0201655
-0.0205402
-0.0209239
-0.0213223
-0.0217406
-0.0221832
-0.0226535
-0.0231545
-0.0236883
-0.0242563
-0.0248594
-0.0254977
-0.0261707
-0.0268772
-0.0276155
-0.0283831
-0.029177
-0.0299934
-0.030828
-0.0316756
-0.0325306
-0.0333865
-0.0342362
-0.0350717
-0.0358848
-0.0366661
-0.0374059
-0.0380939
-0.0387191
-0.0392704
-0.039736
-0.0401043
-0.0403631
-0.0405009
-0.040506
-0.0403674
-0.0400749
-0.0396193
-0.0389928
-0.0381891
-0.0372042
-0.0360362
-0.0346863
-0.0331585
-0.0314609
-0.0296049
-0.0276066
-0.0254862
-0.0232685
-0.0209827
-0.0186624
-0.0163448
-0.0140705
-0.0118821
-0.00982333
-0.00793738
-0.00626557
-0.00484542
-0.00370898
-0.00288126
-0.00237882
-0.00220889
-0.00236898
-0.00284699
-0.00362219
-0.00466755
-0.00595087
-0.00742537
-0.00904512
-0.0109309
-0.013199
-0.0174397
-0.0181977
-0.0188042
-0.019313
-0.0197845
-0.0202232
-0.0206335
-0.0210241
-0.0214036
-0.0217797
-0.0221597
-0.0225505
-0.022958
-0.0233876
-0.0238437
-0.0243303
-0.0248504
-0.0254065
-0.026
-0.0266321
-0.027303
-0.0280124
-0.0287593
-0.029542
-0.0303581
-0.0312047
-0.0320779
-0.0329735
-0.0338862
-0.0348101
-0.0357388
-0.0366648
-0.03758
-0.0384755
-0.0393418
-0.0401687
-0.0409452
-0.0416598
-0.0423004
-0.0428547
-0.0433099
-0.043653
-0.0438711
-0.0439515
-0.0438818
-0.0436504
-0.0432466
-0.0426609
-0.0418854
-0.0409144
-0.0397443
-0.0383746
-0.0368077
-0.0350501
-0.0331121
-0.0310087
-0.0287595
-0.0263892
-0.0239275
-0.0214091
-0.0188733
-0.0163631
-0.0139251
-0.0116074
-0.00945852
-0.00752576
-0.00585296
-0.00447865
-0.00343411
-0.00274161
-0.00241316
-0.00244984
-0.00284168
-0.00356855
-0.00460264
-0.00590965
-0.00743889
-0.00914009
-0.0111422
-0.0135689
-0.0191331
-0.0198804
-0.0204796
-0.0209838
-0.0214521
-0.0218887
-0.0222979
-0.0226885
-0.023069
-0.0234473
-0.0238308
-0.0242266
-0.0246409
-0.0250792
-0.0255465
-0.0260467
-0.0265834
-0.027159
-0.0277755
-0.0284341
-0.0291353
-0.029879
-0.0306643
-0.0314896
-0.0323527
-0.0332506
-0.0341796
-0.0351354
-0.0361126
-0.0371054
-0.038107
-0.0391098
-0.0401054
-0.0410847
-0.0420376
-0.0429535
-0.0438209
-0.0446277
-0.0453611
-0.0460078
-0.0465542
-0.0469864
-0.0472902
-0.0474518
-0.0474575
-0.0472942
-0.0469496
-0.0464126
-0.0456738
-0.0447253
-0.043562
-0.0421813
-0.0405841
-0.038775
-0.0367628
-0.034561
-0.0321885
-0.0296694
-0.0270335
-0.0243162
-0.0215583
-0.0188056
-0.0161078
-0.0135177
-0.0110893
-0.00887587
-0.00692825
-0.0052921
-0.0040058
-0.00309828
-0.00258732
-0.00247851
-0.00276483
-0.00342741
-0.00443807
-0.0057606
-0.00734023
-0.00912212
-0.0112437
-0.0138363
-0.0208841
-0.0216208
-0.022213
-0.0227125
-0.0231772
-0.023611
-0.0240183
-0.0244076
-0.0247874
-0.0251659
-0.0255506
-0.0259488
-0.026367
-0.0268111
-0.0272863
-0.027797
-0.0283468
-0.0289388
-0.029575
-0.030257
-0.0309856
-0.0317607
-0.0325817
-0.0334472
-0.034355
-0.0353024
-0.0362855
-0.0373
-0.0383406
-0.0394014
-0.0404753
-0.0415547
-0.0426308
-0.0436943
-0.0447347
-0.0457409
-0.0467009
-0.0476019
-0.0484305
-0.0491726
-0.0498138
-0.050339
-0.0507332
-0.0509811
-0.0510679
-0.050979
-0.0507005
-0.0502198
-0.0495255
-0.0486081
-0.0474604
-0.046078
-0.0444596
-0.042608
-0.0405302
-0.0382382
-0.0357493
-0.0330868
-0.0302802
-0.0273653
-0.0243839
-0.021384
-0.0184185
-0.0155444
-0.012821
-0.0103083
-0.00806413
-0.0061421
-0.00458847
-0.00343983
-0.00272082
-0.0024426
-0.00260211
-0.00318251
-0.00415579
-0.0054841
-0.00710859
-0.00896956
-0.0112134
-0.013979
-0.0226901
-0.0234169
-0.0240025
-0.0244974
-0.0249583
-0.0253888
-0.0257931
-0.0261796
-0.0265568
-0.026933
-0.0273161
-0.0277136
-0.0281323
-0.0285785
-0.0290578
-0.0295749
-0.030134
-0.0307383
-0.0313903
-0.0320919
-0.0328441
-0.0336471
-0.0345005
-0.035403
-0.0363527
-0.0373468
-0.0383816
-0.0394527
-0.0405549
-0.041682
-0.0428271
-0.0439821
-0.0451381
-0.0462855
-0.0474134
-0.0485103
-0.0495636
-0.0505601
-0.0514856
-0.0523252
-0.0530637
-0.0536851
-0.0541733
-0.0545119
-0.0546846
-0.0546755
-0.0544693
-0.0540517
-0.0534093
-0.052531
-0.0514075
-0.0500323
-0.0484021
-0.0465175
-0.0443834
-0.0420099
-0.0394129
-0.0366141
-0.0336422
-0.0305329
-0.0273288
-0.0240793
-0.0208402
-0.0176724
-0.0146407
-0.0118113
-0.00924985
-0.00701816
-0.00517133
-0.00375459
-0.00280061
-0.00232733
-0.00233675
-0.00281506
-0.00373512
-0.00505786
-0.00672036
-0.00865786
-0.011026
-0.0139715
-0.0245484
-0.0252665
-0.0258464
-0.0263371
-0.0267942
-0.0272209
-0.027621
-0.0280029
-0.0283753
-0.0287464
-0.0291245
-0.0295175
-0.0299325
-0.0303765
-0.0308552
-0.0313741
-0.0319376
-0.0325495
-0.0332126
-0.0339292
-0.0347005
-0.0355271
-0.0364089
-0.0373446
-0.0383325
-0.03937
-0.0404534
-0.0415783
-0.0427396
-0.0439309
-0.045145
-0.046374
-0.0476086
-0.0488387
-0.0500534
-0.0512406
-0.0523872
-0.0534794
-0.0545025
-0.0554408
-0.0562782
-0.0569979
-0.0575827
-0.0580151
-0.0582776
-0.0583529
-0.0582241
-0.0578754
-0.0572916
-0.0564597
-0.0553683
-0.0540089
-0.0523759
-0.0504677
-0.048287
-0.0458416
-0.0431454
-0.0402186
-0.0370884
-0.0337899
-0.0303658
-0.0268667
-0.0233505
-0.0198818
-0.0165303
-0.0133688
-0.0104704
-0.00790603
-0.00574016
-0.00402776
-0.00281072
-0.00211509
-0.00194924
-0.00230351
-0.00315254
-0.00445657
-0.00614878
-0.00815919
-0.0106531
-0.0137852
-0.0264563
-0.0271677
-0.0277432
-0.0282306
-0.028684
-0.0291062
-0.0295009
-0.0298763
-0.030241
-0.0306037
-0.0309729
-0.0313568
-0.0317634
-0.0321998
-0.0326726
-0.0331877
-0.03375
-0.0343639
-0.0350326
-0.0357587
-0.036544
-0.0373892
-0.0382945
-0.0392589
-0.0402808
-0.0413576
-0.0424859
-0.0436612
-0.0448783
-0.0461307
-0.0474114
-0.0487119
-0.0500229
-0.0513341
-0.052634
-0.0539102
-0.0551492
-0.0563365
-0.0574569
-0.0584941
-0.059431
-0.06025
-0.060933
-0.0614613
-0.0618162
-0.0619792
-0.0619319
-0.0616568
-0.0611371
-0.0603578
-0.0593057
-0.0579699
-0.0563426
-0.0544199
-0.052202
-0.0496944
-0.0469087
-0.0438628
-0.0405826
-0.0371017
-0.0334624
-0.0297157
-0.0259214
-0.0221469
-0.0184666
-0.0149593
-0.0117062
-0.0087871
-0.0062768
-0.00424091
-0.00273181
-0.00178508
-0.00141691
-0.00162313
-0.00238125
-0.00365156
-0.00536361
-0.00744217
-0.0100626
-0.0133875
-0.0284114
-0.029119
-0.0296921
-0.0301771
-0.0306271
-0.0310444
-0.0314322
-0.0317987
-0.0321525
-0.0325028
-0.0328583
-0.033228
-0.0336203
-0.0340431
-0.0345036
-0.0350084
-0.0355631
-0.0361725
-0.0368405
-0.03757
-0.0383632
-0.0392213
-0.0401446
-0.0411325
-0.0421834
-0.0432949
-0.0444637
-0.0456852
-0.0469543
-0.0482644
-0.0496082
-0.0509772
-0.0523619
-0.0537515
-0.0551343
-0.0564975
-0.0578271
-0.0591081
-0.0603247
-0.0614598
-0.0624958
-0.0634141
-0.0641956
-0.0648207
-0.0652695
-0.0655222
-0.0655591
-0.065361
-0.0649096
-0.064188
-0.0631809
-0.0618754
-0.0602614
-0.0583325
-0.0560864
-0.0535261
-0.0506604
-0.0475052
-0.0440839
-0.0404285
-0.0365804
-0.0325903
-0.0285189
-0.0244362
-0.0204204
-0.0165562
-0.0129323
-0.00963793
-0.00675859
-0.00437147
-0.00254068
-0.00131283
-0.000713533
-0.000745646
-0.00139085
-0.00261045
-0.0043308
-0.00647145
-0.00921823
-0.0127419
-0.0304117
-0.0311193
-0.0316925
-0.0321766
-0.0326238
-0.0330355
-0.0334148
-0.0337695
-0.0341088
-0.0344418
-0.0347782
-0.0351274
-0.0354988
-0.0359009
-0.0363419
-0.036829
-0.0373686
-0.0379661
-0.0386261
-0.039352
-0.0401464
-0.0410109
-0.041946
-0.0429515
-0.0440259
-0.0451668
-0.0463711
-0.0476342
-0.0489509
-0.0503145
-0.0517176
-0.0531515
-0.0546063
-0.0560711
-0.0575339
-0.0589812
-0.0603989
-0.0617713
-0.063082
-0.0643133
-0.0654468
-0.0664632
-0.0673424
-0.068064
-0.0686068
-0.06895
-0.0690723
-0.0689533
-0.0685729
-0.0679125
-0.0669549
-0.065685
-0.0640905
-0.0621625
-0.0598961
-0.0572917
-0.0543553
-0.0511002
-0.0475471
-0.0437261
-0.0396766
-0.0354488
-0.0311035
-0.0267123
-0.0223567
-0.0181267
-0.0141182
-0.0104298
-0.00715791
-0.00439225
-0.0022098
-0.000669758
0.00019113
0.000361218
-0.000146897
-0.00129669
-0.003012
-0.0052073
-0.00807948
-0.0118074
-0.0324556
-0.0331681
-0.0337447
-0.0342299
-0.0346749
-0.0350805
-0.0354492
-0.035789
-0.0361091
-0.0364194
-0.0367302
-0.0370517
-0.0373943
-0.0377677
-0.0381807
-0.0386416
-0.0391577
-0.0397351
-0.040379
-0.0410934
-0.0418815
-0.0427451
-0.0436853
-0.0447019
-0.0457936
-0.0469583
-0.0481926
-0.0494921
-0.0508515
-0.052264
-0.053722
-0.0552165
-0.0567375
-0.0582738
-0.0598128
-0.0613409
-0.0628433
-0.064304
-0.0657058
-0.0670306
-0.0682591
-0.0693714
-0.0703465
-0.0711629
-0.0717986
-0.0722315
-0.0724391
-0.0723995
-0.0720913
-0.0714941
-0.0705886
-0.069358
-0.0677876
-0.065866
-0.0635859
-0.0609448
-0.057946
-0.0545996
-0.0509239
-0.046946
-0.0427034
-0.0382446
-0.03363
-0.028932
-0.0242346
-0.0196322
-0.0152275
-0.0111281
-0.00744171
-0.00427091
-0.0017068
0.000177349
0.00133178
0.00173416
0.00138953
0.000330818
-0.00136417
-0.00360519
-0.0066008
-0.0105379
-0.0345421
-0.0352656
-0.0358499
-0.0363386
-0.0367823
-0.0371811
-0.0375369
-0.0378578
-0.0381535
-0.0384345
-0.038712
-0.0389976
-0.0393025
-0.0396376
-0.0400132
-0.0404384
-0.0409214
-0.0414694
-0.0420882
-0.0427825
-0.043556
-0.0444111
-0.0453489
-0.0463695
-0.047472
-0.0486541
-0.0499126
-0.051243
-0.0526397
-0.0540961
-0.0556042
-0.0571548
-0.0587376
-0.060341
-0.0619521
-0.0635569
-0.0651402
-0.0666853
-0.0681745
-0.0695892
-0.0709094
-0.0721143
-0.0731822
-0.0740907
-0.0748168
-0.0753373
-0.0756285
-0.0756673
-0.0754306
-0.0748966
-0.0740442
-0.0728545
-0.0713108
-0.0693994
-0.0671103
-0.0644382
-0.0613836
-0.0579535
-0.0541632
-0.0500368
-0.0456091
-0.0409266
-0.0360484
-0.0310468
-0.0260074
-0.0210282
-0.0162179
-0.0116925
-0.00757112
-0.00396957
-0.000993973
0.0012668
0.00274811
0.0034148
0.00326234
0.00231828
0.000660953
-0.00161525
-0.00473127
-0.00888215
-0.0366711
-0.0374134
-0.0380106
-0.0385056
-0.0389492
-0.0393402
-0.0396803
-0.0399777
-0.0402426
-0.0404865
-0.040722
-0.0409617
-0.0412186
-0.0415049
-0.0418322
-0.0422109
-0.0426504
-0.0431587
-0.0437426
-0.0444075
-0.0451575
-0.0459955
-0.046923
-0.0479403
-0.0490465
-0.0502395
-0.051516
-0.0528714
-0.0543
-0.0557949
-0.057348
-0.0589497
-0.0605895
-0.0622554
-0.0639341
-0.0656111
-0.0672707
-0.0688958
-0.0704682
-0.0719685
-0.0733761
-0.0746694
-0.0758261
-0.0768227
-0.0776355
-0.0782401
-0.0786118
-0.0787261
-0.0785587
-0.078086
-0.0772857
-0.0761366
-0.0746201
-0.0727203
-0.0704246
-0.0677251
-0.0646194
-0.0611113
-0.0572128
-0.052945
-0.0483396
-0.0434404
-0.0383044
-0.0330032
-0.0276228
-0.0222641
-0.0170407
-0.0120764
-0.00750117
-0.00344436
-2.78495e-05
0.00264252
0.00448529
0.00545025
0.00552095
0.00471753
0.00311739
0.000818294
-0.00241402
-0.00678275
-0.0388435
-0.0396142
-0.0402306
-0.0407355
-0.0411801
-0.0415622
-0.041883
-0.0421512
-0.0423778
-0.0425755
-0.0427585
-0.0429413
-0.0431383
-0.0433637
-0.0436305
-0.0439508
-0.044335
-0.0447925
-0.0453308
-0.0459562
-0.0466732
-0.0474853
-0.0483941
-0.0494003
-0.050503
-0.0517001
-0.0529881
-0.0543625
-0.0558173
-0.0573453
-0.0589381
-0.0605859
-0.0622776
-0.0640011
-0.0657425
-0.0674869
-0.069218
-0.0709182
-0.0725688
-0.0741497
-0.0756397
-0.0770165
-0.0782569
-0.0793368
-0.0802314
-0.0809153
-0.0813628
-0.0815483
-0.0814461
-0.0810312
-0.0802797
-0.0791687
-0.0776777
-0.0757885
-0.0734862
-0.0707604
-0.0676056
-0.0640228
-0.0600205
-0.0556164
-0.050839
-0.0457289
-0.0403405
-0.0347437
-0.0290242
-0.0232843
-0.0176416
-0.0122271
-0.00718067
-0.0026452
0.00124119
0.00435446
0.00659447
0.00789357
0.00822084
0.00758662
0.00606556
0.00375771
0.000414379
-0.00417589
-0.0410618
-0.0418724
-0.0425158
-0.0430347
-0.0434815
-0.0438532
-0.0441504
-0.0443824
-0.0445615
-0.0447023
-0.0448207
-0.0449334
-0.0450571
-0.0452079
-0.0454007
-0.0456492
-0.0459655
-0.04636
-0.0468412
-0.0474163
-0.0480904
-0.0488672
-0.0497489
-0.050736
-0.0518278
-0.053022
-0.0543152
-0.0557025
-0.0571777
-0.0587333
-0.0603605
-0.0620492
-0.0637879
-0.0655638
-0.0673629
-0.0691695
-0.070967
-0.0727372
-0.0744606
-0.0761167
-0.0776835
-0.079138
-0.0804564
-0.0816136
-0.082584
-0.0833412
-0.0838587
-0.0841094
-0.0840667
-0.0837041
-0.0829962
-0.0819186
-0.0804489
-0.0785668
-0.0762553
-0.0735014
-0.0702968
-0.0666395
-0.0625349
-0.0579972
-0.0530512
-0.047734
-0.0420972
-0.0362078
-0.0301506
-0.0240282
-0.0179611
-0.012086
-0.00655222
-0.00151559
0.00286925
0.0064591
0.00913334
0.0108044
0.0114242
0.0109905
0.00957301
0.00727258
0.00382469
-0.000990551
-0.0433301
-0.0441948
-0.0448743
-0.045412
-0.0458624
-0.0462213
-0.0464893
-0.0466766
-0.0467974
-0.0468683
-0.046908
-0.0469356
-0.0469706
-0.0470313
-0.0471349
-0.0472971
-0.0475316
-0.04785
-0.048262
-0.0487755
-0.0493963
-0.0501283
-0.050974
-0.0519341
-0.0530076
-0.0541922
-0.0554843
-0.0568785
-0.0583685
-0.0599463
-0.0616027
-0.0633272
-0.0651078
-0.0669312
-0.0687828
-0.0706465
-0.072505
-0.0743396
-0.0761302
-0.0778556
-0.0794931
-0.0810192
-0.082409
-0.0836368
-0.0846761
-0.0854997
-0.0860798
-0.0863886
-0.086398
-0.0860805
-0.0854091
-0.084358
-0.0829029
-0.0810219
-0.0786956
-0.0759088
-0.0726506
-0.068916
-0.0647073
-0.0600352
-0.0549209
-0.0493979
-0.0435139
-0.0373333
-0.0309385
-0.0244316
-0.0179348
-0.0115892
-0.00555246
7.31275e-06
0.00491909
0.00901974
0.0121666
0.0142497
0.0152008
0.0150019
0.0137152
0.0114406
0.00789585
0.00285233
-0.0456548
-0.0465909
-0.0473175
-0.0478792
-0.0483343
-0.0486773
-0.0489089
-0.049041
-0.0490902
-0.049076
-0.0490203
-0.0489455
-0.0488741
-0.0488274
-0.0488252
-0.0488851
-0.0490228
-0.0492512
-0.0495813
-0.0500215
-0.0505783
-0.051256
-0.052057
-0.052982
-0.0540301
-0.0551985
-0.0564833
-0.0578789
-0.0593783
-0.0609732
-0.0626539
-0.0644093
-0.0662268
-0.0680928
-0.0699919
-0.0719075
-0.0738217
-0.0757151
-0.077567
-0.0793556
-0.0810574
-0.0826482
-0.0841024
-0.0853935
-0.086494
-0.0873759
-0.0880105
-0.0883688
-0.0884217
-0.0881403
-0.0874965
-0.0864628
-0.0850135
-0.0831248
-0.0807754
-0.0779479
-0.0746288
-0.0708106
-0.0664923
-0.0616814
-0.0563954
-0.050664
-0.0445312
-0.0380577
-0.0313231
-0.024428
-0.0174948
-0.0106682
-0.00411259
0.00199253
0.00746015
0.0121068
0.0157663
0.0183041
0.0196283
0.019702
0.0185766
0.0163487
0.012716
0.00744078
-0.0480455
-0.0490738
-0.0498604
-0.0504523
-0.0509125
-0.051235
-0.051421
-0.0514847
-0.0514461
-0.0513286
-0.051158
-0.0509608
-0.0507631
-0.0505896
-0.050463
-0.0504034
-0.0504282
-0.0505521
-0.0507869
-0.051142
-0.0516241
-0.0522379
-0.0529857
-0.0538681
-0.0548838
-0.0560299
-0.0573017
-0.0586934
-0.0601973
-0.0618046
-0.0635049
-0.0652866
-0.0671366
-0.0690403
-0.0709821
-0.0729445
-0.0749091
-0.0768557
-0.0787631
-0.0806085
-0.082368
-0.0840165
-0.0855276
-0.086874
-0.0880274
-0.0889588
-0.0896387
-0.0900368
-0.0901232
-0.0898677
-0.0892407
-0.0882137
-0.0867591
-0.0848516
-0.0824681
-0.0795889
-0.0761986
-0.0722867
-0.0678495
-0.0628912
-0.057426
-0.0514795
-0.0450918
-0.0383199
-0.0312397
-0.0239495
-0.0165711
-0.00925101
-0.00215916
0.00451474
0.0105684
0.015798
0.0200126
0.0230507
0.0247937
0.0251817
0.0242517
0.0220941
0.0183838
0.012873
-0.0505156
-0.0516614
-0.0525232
-0.0531515
-0.0536167
-0.053912
-0.0540403
-0.0540192
-0.0538731
-0.0536305
-0.0533221
-0.0529793
-0.0526327
-0.0523108
-0.0520396
-0.0518418
-0.0517368
-0.0517409
-0.0518669
-0.0521248
-0.0525217
-0.0530622
-0.0537487
-0.0545813
-0.0555584
-0.0566764
-0.0579303
-0.0593133
-0.0608173
-0.0624327
-0.0641486
-0.0659525
-0.0678306
-0.0697679
-0.0717477
-0.0737522
-0.0757619
-0.0777562
-0.079713
-0.081609
-0.0834193
-0.0851182
-0.0866784
-0.0880718
-0.0892693
-0.0902409
-0.090956
-0.0913836
-0.0914924
-0.0912511
-0.090629
-0.089596
-0.0881232
-0.0861836
-0.0837524
-0.0808079
-0.0773325
-0.0733134
-0.0687441
-0.0636257
-0.057969
-0.051796
-0.0451427
-0.0380619
-0.0306258
-0.0229295
-0.015093
-0.00726357
0.00038473
0.00765341
0.0143259
0.0201781
0.0249937
0.0285818
0.0307937
0.0315425
0.0308466
0.0287862
0.0250101
0.0192588
-0.0530835
-0.0543773
-0.0553322
-0.0560036
-0.0564719
-0.0567308
-0.0567855
-0.0566588
-0.056381
-0.0559869
-0.0555138
-0.0549988
-0.0544777
-0.0539835
-0.0535456
-0.0531896
-0.052937
-0.0528055
-0.052809
-0.0529578
-0.0532593
-0.0537179
-0.0543355
-0.0551119
-0.0560448
-0.0571298
-0.0583613
-0.0597317
-0.0612321
-0.0628521
-0.0645799
-0.0664024
-0.068305
-0.0702717
-0.0722854
-0.0743273
-0.0763772
-0.0784139
-0.0804144
-0.0823545
-0.0842089
-0.0859507
-0.087552
-0.0889839
-0.0902162
-0.0912181
-0.0919581
-0.0924039
-0.0925232
-0.0922836
-0.0916531
-0.0906002
-0.0890946
-0.0871077
-0.084613
-0.081587
-0.0780098
-0.0738666
-0.0691481
-0.0638527
-0.0579878
-0.0515717
-0.0446366
-0.037231
-0.0294231
-0.021304
-0.0129914
-0.00463182
0.00359777
0.0114916
0.0188199
0.0253389
0.030806
0.0349993
0.0377363
0.0388984
0.0384805
0.0365485
0.0327197
0.0267215
-0.0557745
-0.0572535
-0.0583221
-0.0590429
-0.0595102
-0.0597192
-0.0596795
-0.0594206
-0.0589813
-0.0584044
-0.0577349
-0.057017
-0.0562925
-0.0555993
-0.0549708
-0.0544354
-0.0540168
-0.0537338
-0.0536012
-0.0536295
-0.0538259
-0.0541945
-0.0547366
-0.0554512
-0.0563351
-0.0573832
-0.0585888
-0.0599434
-0.0614372
-0.0630589
-0.0647958
-0.0666338
-0.0685577
-0.0705505
-0.0725941
-0.0746692
-0.0767547
-0.0788286
-0.080867
-0.0828452
-0.0847367
-0.0865141
-0.0881485
-0.0896101
-0.0908678
-0.0918899
-0.0926437
-0.0930961
-0.0932135
-0.0929623
-0.0923093
-0.0912215
-0.0896673
-0.0876164
-0.0850407
-0.0819148
-0.0782168
-0.0739296
-0.0690416
-0.0635482
-0.0574537
-0.0507731
-0.0435345
-0.0357822
-0.0275799
-0.0190148
-0.0102012
-0.00128403
0.00755828
0.016114
0.0241415
0.031378
0.0375543
0.0424153
0.0457416
0.0473773
0.0472884
0.0455209
0.0416544
0.0354005
-0.0586227
-0.060332
-0.0615381
-0.0623138
-0.0627722
-0.0629124
-0.0627504
-0.0623258
-0.0616879
-0.0608902
-0.059987
-0.0590309
-0.0580705
-0.0571491
-0.0563042
-0.0555672
-0.0549635
-0.0545132
-0.0542313
-0.0541283
-0.0542109
-0.0544824
-0.0549434
-0.0555917
-0.0564231
-0.0574313
-0.0586085
-0.0599451
-0.0614303
-0.0630516
-0.0647954
-0.0666466
-0.068589
-0.0706049
-0.0726752
-0.0747796
-0.0768964
-0.0790025
-0.0810735
-0.0830836
-0.0850056
-0.0868112
-0.0884706
-0.0899531
-0.0912267
-0.0922587
-0.0930153
-0.0934623
-0.093565
-0.0932886
-0.0925984
-0.0914601
-0.0898407
-0.0877081
-0.0850326
-0.0817868
-0.077947
-0.0734937
-0.0684128
-0.0626972
-0.0563479
-0.0493764
-0.041807
-0.0336798
-0.025054
-0.0160121
-0.00666447
0.00284618
0.0123413
0.0216047
0.030384
0.0383982
0.0453512
0.050953
0.0549431
0.0571233
0.0574236
0.0558632
0.0519763
0.0454547
-0.0616742
-0.0636687
-0.0650396
-0.0658733
-0.0663094
-0.0663538
-0.0660325
-0.0653992
-0.064517
-0.0634525
-0.0622717
-0.0610368
-0.059804
-0.0586225
-0.0575338
-0.056572
-0.0557642
-0.055131
-0.0546873
-0.0544432
-0.0544044
-0.0545732
-0.0549488
-0.0555276
-0.056304
-0.0572706
-0.058418
-0.0597354
-0.0612108
-0.0628305
-0.0645798
-0.0664426
-0.0684015
-0.0704379
-0.0725319
-0.0746622
-0.0768062
-0.0789401
-0.0810384
-0.0830745
-0.0850205
-0.086847
-0.0885235
-0.0900183
-0.0912983
-0.0923299
-0.0930783
-0.093508
-0.0935832
-0.0932677
-0.0925255
-0.091321
-0.0896193
-0.0873869
-0.0845921
-0.0812058
-0.077202
-0.0725588
-0.0672598
-0.061295
-0.0546622
-0.0473695
-0.0394371
-0.0309008
-0.021815
-0.0122575
-0.002334
0.00781608
0.0180151
0.0280435
0.0376396
0.0465048
0.054316
0.0607459
0.0654892
0.0682988
0.0690611
0.06776
0.0638729
0.0570665
-0.0649912
-0.0673384
-0.0689044
-0.0697953
-0.0701871
-0.0700974
-0.0695675
-0.06867
-0.0674865
-0.0660998
-0.0645897
-0.0630295
-0.0614836
-0.0600072
-0.0586458
-0.0574356
-0.0564048
-0.0555738
-0.0549571
-0.0545635
-0.0543973
-0.0544592
-0.0547465
-0.0552541
-0.0559747
-0.0568992
-0.0580166
-0.0593148
-0.0607802
-0.062398
-0.0641522
-0.0660255
-0.0679995
-0.0700546
-0.0721698
-0.0743229
-0.0764905
-0.0786477
-0.0807684
-0.082825
-0.0847886
-0.086629
-0.0883148
-0.0898133
-0.0910906
-0.0921118
-0.092841
-0.0932417
-0.0932768
-0.0929087
-0.0921001
-0.0908137
-0.0890131
-0.0866629
-0.0837296
-0.0801818
-0.0759915
-0.0711342
-0.0655909
-0.0593483
-0.0524012
-0.0447537
-0.0364221
-0.0274373
-0.0178486
-0.0077284
0.0028226
0.0136693
0.0246362
0.0355016
0.0459958
0.0558031
0.0645727
0.0719384
0.0775448
0.0810885
0.0824029
0.081426
0.0775634
0.0704485
-0.0686581
-0.0714406
-0.073235
-0.074175
-0.0744875
-0.0742094
-0.0734048
-0.0721718
-0.0706159
-0.06884
-0.0669399
-0.0650012
-0.0630972
-0.0612886
-0.0596243
-0.058142
-0.0568698
-0.0558276
-0.0550282
-0.0544785
-0.0541807
-0.0541333
-0.0543315
-0.054768
-0.0554334
-0.0563168
-0.0574054
-0.0586855
-0.0601418
-0.0617583
-0.0635175
-0.065401
-0.0673892
-0.0694615
-0.0715959
-0.0737692
-0.0759571
-0.0781337
-0.0802721
-0.0823437
-0.0843189
-0.0861666
-0.0878543
-0.0893483
-0.0906139
-0.091615
-0.0923148
-0.0926753
-0.0926583
-0.0922248
-0.091336
-0.0899529
-0.0880375
-0.0855525
-0.0824622
-0.078733
-0.0743344
-0.0692393
-0.0634255
-0.0568765
-0.0495834
-0.0415461
-0.0327762
-0.0232994
-0.0131592
-0.00242194
0.00881784
0.0204305
0.0322438
0.0440357
0.0555295
0.0663931
0.0762474
0.0846839
0.0912917
0.0957021
0.0976838
0.0971147
0.0933081
0.0858523
-0.0727898
-0.0761098
-0.0781671
-0.0791358
-0.0793144
-0.0787711
-0.0776026
-0.075942
-0.073925
-0.0716789
-0.0693179
-0.0669405
-0.0646287
-0.0624482
-0.0604502
-0.0586725
-0.0571422
-0.0558771
-0.0548874
-0.0541773
-0.0537461
-0.0535894
-0.0536996
-0.0540669
-0.0546796
-0.0555245
-0.0565868
-0.057851
-0.0593003
-0.0609169
-0.0626821
-0.0645762
-0.0665785
-0.0686671
-0.0708191
-0.0730103
-0.0752155
-0.0774079
-0.0795596
-0.0816413
-0.0836224
-0.0854709
-0.0871534
-0.0886354
-0.089881
-0.0908531
-0.0915136
-0.0918237
-0.0917436
-0.0912329
-0.0902514
-0.0887583
-0.0867138
-0.0840784
-0.0808145
-0.0768858
-0.0722591
-0.0669043
-0.0607956
-0.0539131
-0.0462432
-0.0377812
-0.0285332
-0.0185187
-0.00777457
0.00364024
0.0156387
0.0280988
0.0408527
0.0536804
0.0662997
0.0783631
0.089462
0.0991422
0.10693
0.112379
0.115179
0.11513
0.111422
0.103581
-0.0775445
-0.0815285
-0.0838815
-0.0848377
-0.0847983
-0.0838802
-0.0822277
-0.0800203
-0.0774317
-0.0746178
-0.071713
-0.0688292
-0.0660559
-0.0634622
-0.0610998
-0.0590049
-0.0572019
-0.055705
-0.0545204
-0.0536485
-0.0530849
-0.0528213
-0.0528472
-0.0531495
-0.0537138
-0.0545244
-0.0555645
-0.0568164
-0.0582617
-0.0598808
-0.0616538
-0.0635596
-0.0655762
-0.0676808
-0.0698493
-0.0720566
-0.0742765
-0.0764814
-0.0786426
-0.0807298
-0.0827116
-0.0845551
-0.0862261
-0.087689
-0.0889069
-0.0898419
-0.0904548
-0.0907053
-0.0905524
-0.0899545
-0.0888694
-0.087255
-0.0850692
-0.0822708
-0.0788192
-0.074676
-0.0698044
-0.0641713
-0.0577469
-0.0505067
-0.0424322
-0.0335131
-0.0237488
-0.0131515
-0.00174975
0.0104068
0.0232409
0.0366396
0.0504441
0.0644382
0.0783373
0.0917799
0.104327
0.115474
0.124675
0.131392
0.135216
0.13584
0.132293
0.124006
-0.0831421
-0.0879476
-0.090621
-0.0914882
-0.0911014
-0.0896526
-0.0873537
-0.0844452
-0.0811474
-0.0776487
-0.0741048
-0.0706393
-0.0673473
-0.0642987
-0.0615426
-0.0591116
-0.0570247
-0.0552907
-0.0539105
-0.0528791
-0.0521874
-0.0518227
-0.0517705
-0.0520144
-0.0525369
-0.0533194
-0.0543429
-0.0555875
-0.0570329
-0.0586581
-0.0604415
-0.0623607
-0.0643926
-0.0665133
-0.0686977
-0.0709197
-0.0731523
-0.075367
-0.0775342
-0.0796229
-0.0816007
-0.0834341
-0.0850879
-0.0865257
-0.0877096
-0.0886007
-0.0891587
-0.0893421
-0.0891088
-0.0884155
-0.0872187
-0.0854743
-0.0831384
-0.0801672
-0.0765181
-0.0721492
-0.0670207
-0.0610955
-0.0543395
-0.0467229
-0.0382215
-0.028818
-0.0185039
-0.00728238
0.00482857
0.017791
0.0315405
0.0459775
0.0609557
0.076268
0.0916318
0.106675
0.120928
0.133833
0.144757
0.153053
0.158183
0.159702
0.15641
0.1476
-0.0898941
-0.0957164
-0.0987132
-0.0993567
-0.0984236
-0.0962212
-0.093056
-0.089247
-0.0850698
-0.0807477
-0.0764561
-0.0723273
-0.0684577
-0.0649138
-0.0617386
-0.058957
-0.0565802
-0.0546091
-0.0530374
-0.0518535
-0.0510422
-0.0505859
-0.0504654
-0.0506603
-0.0511497
-0.0519124
-0.0529265
-0.0541703
-0.0556213
-0.057257
-0.0590542
-0.0609895
-0.0630384
-0.065176
-0.0673762
-0.0696122
-0.071856
-0.0740783
-0.0762487
-0.0783356
-0.0803059
-0.082125
-0.0837571
-0.085165
-0.0863099
-0.0871519
-0.0876497
-0.0877608
-0.0874416
-0.0866477
-0.0853339
-0.0834545
-0.0809633
-0.0778144
-0.0739623
-0.0693622
-0.0639707
-0.0577462
-0.0506497
-0.0426456
-0.0337028
-0.0237958
-0.0129066
-0.00102705
0.0118379
0.0256655
0.0404084
0.0559857
0.0722698
0.0890702
0.106114
0.123025
0.139308
0.154346
0.167409
0.17771
0.18455
0.18729
0.184409
0.174976
-0.0982512
-0.10533
-0.108604
-0.10879
-0.107004
-0.10373
-0.0994012
-0.0944357
-0.0891707
-0.0838633
-0.0787036
-0.0738262
-0.0693218
-0.0652472
-0.0616339
-0.0584947
-0.0558294
-0.0536284
-0.051876
-0.0505524
-0.0496354
-0.0491013
-0.0489258
-0.0490844
-0.0495526
-0.0503058
-0.0513199
-0.0525708
-0.0540342
-0.055686
-0.0575017
-0.0594564
-0.0615247
-0.0636807
-0.0658976
-0.0681475
-0.0704017
-0.0726303
-0.0748023
-0.0768851
-0.0788451
-0.0806472
-0.0822546
-0.0836294
-0.0847322
-0.085522
-0.0859568
-0.0859929
-0.0855857
-0.0846893
-0.0832572
-0.0812417
-0.078595
-0.0752686
-0.0712143
-0.0663841
-0.0607306
-0.0542077
-0.0467708
-0.0383779
-0.0289899
-0.0185717
-0.00709401
0.00546497
0.0191166
0.0338574
0.0496627
0.066477
0.0842004
0.10267
0.121635
0.140727
0.159437
0.17709
0.192847
0.205749
0.214882
0.21934
0.217133
0.206964
-0.108885
-0.117501
-0.120905
-0.120229
-0.11712
-0.112317
-0.106426
-0.0999792
-0.093376
-0.0868999
-0.0807444
-0.0750347
-0.0698455
-0.065215
-0.061156
-0.0576637
-0.0547222
-0.0523083
-0.0503946
-0.0489515
-0.0479489
-0.0473563
-0.0471439
-0.0472826
-0.0477442
-0.0485011
-0.0495266
-0.0507944
-0.0522786
-0.0539534
-0.0557931
-0.0577717
-0.0598629
-0.0620398
-0.0642749
-0.0665397
-0.0688047
-0.0710395
-0.0732124
-0.0752904
-0.0772391
-0.0790229
-0.0806045
-0.0819453
-0.0830052
-0.0837426
-0.0841144
-0.0840762
-0.0835824
-0.0825859
-0.0810386
-0.0788914
-0.0760944
-0.072597
-0.0683482
-0.0632966
-0.0573909
-0.0505801
-0.0428139
-0.0340428
-0.0242189
-0.0132966
-0.00123322
0.0120092
0.0264617
0.042145
0.0590632
0.0771953
0.0964807
0.116799
0.13794
0.159568
0.181177
0.202052
0.221237
0.237569
0.249852
0.256804
0.255737
0.244734
-0.122838
-0.133281
-0.136447
-0.134219
-0.129061
-0.122083
-0.114101
-0.105768
-0.0975359
-0.0896932
-0.0824165
-0.075803
-0.0698961
-0.0647032
-0.0602093
-0.0563854
-0.0531951
-0.0505983
-0.0485538
-0.047021
-0.0459606
-0.0453352
-0.0451091
-0.0452486
-0.0457218
-0.0464984
-0.047549
-0.0488455
-0.0503604
-0.0520667
-0.0539373
-0.0559456
-0.0580643
-0.0602659
-0.0625221
-0.0648039
-0.0670815
-0.0693238
-0.0714987
-0.0735728
-0.0755112
-0.0772779
-0.0788351
-0.0801436
-0.0811629
-0.0818507
-0.0821634
-0.0820557
-0.081481
-0.0803913
-0.0787373
-0.0764685
-0.0735331
-0.0698783
-0.0654505
-0.0601951
-0.0540568
-0.0469797
-0.0389073
-0.0297826
-0.0195481
-0.00814644
0.00447981
0.0183871
0.0336296
0.0502569
0.0683093
0.08781
0.108752
0.131077
0.154644
0.179181
0.204226
0.229059
0.252629
0.273543
0.290244
0.300921
0.301845
0.290027
-0.141799
-0.154246
-0.156362
-0.151397
-0.143082
-0.133022
-0.122263
-0.111562
-0.101382
-0.0919786
-0.083477
-0.0759182
-0.0692927
-0.0635618
-0.0586716
-0.0545618
-0.0511706
-0.048438
-0.0463072
-0.0447256
-0.0436445
-0.0430191
-0.0428083
-0.042974
-0.043481
-0.0442962
-0.0453883
-0.0467275
-0.048285
-0.0500328
-0.051943
-0.0539881
-0.0561404
-0.0583717
-0.0606535
-0.0629564
-0.0652501
-0.0675033
-0.0696835
-0.0717569
-0.0736887
-0.0754421
-0.0769793
-0.0782607
-0.0792453
-0.0798904
-0.080152
-0.0799841
-0.0793394
-0.0781692
-0.076423
-0.074049
-0.070994
-0.0672032
-0.0626205
-0.0571884
-0.0508477
-0.0435377
-0.0351957
-0.0257571
-0.0151548
-0.00331889
0.00982383
0.02435
0.0403397
0.0578759
0.0770416
0.0979148
0.120558
0.145
0.171201
0.199003
0.228052
0.257696
0.286853
0.313924
0.336919
0.353297
0.357792
0.345568
-0.168683
-0.182804
-0.182129
-0.17242
-0.159281
-0.1449
-0.130515
-0.116905
-0.104467
-0.0933524
-0.0835783
-0.0750907
-0.0677998
-0.0616027
-0.056395
-0.0520777
-0.0485598
-0.0457594
-0.0436034
-0.0420268
-0.040972
-0.0403875
-0.0402272
-0.0404494
-0.041016
-0.041892
-0.0430445
-0.0444426
-0.0460566
-0.0478577
-0.0498178
-0.0519087
-0.0541024
-0.0563707
-0.0586846
-0.0610146
-0.0633303
-0.0656001
-0.0677916
-0.0698707
-0.0718024
-0.07355
-0.0750753
-0.0763386
-0.0772987
-0.0779128
-0.0781361
-0.0779227
-0.0772246
-0.0759924
-0.0741749
-0.0717194
-0.0685711
-0.0646739
-0.0599694
-0.0543974
-0.0478953
-0.0403979
-0.0318369
-0.0221403
-0.0112314
0.000971835
0.0145586
0.0296265
0.046283
0.0646472
0.0848504
0.107034
0.131347
0.157928
0.186881
0.218225
0.251806
0.287167
0.323338
0.358644
0.390669
0.415937
0.427004
0.415917
-0.208823
-0.222656
-0.215515
-0.197709
-0.17732
-0.157021
-0.138043
-0.121009
-0.106093
-0.0932276
-0.0822454
-0.0729458
-0.0651271
-0.0586036
-0.0532106
-0.0488056
-0.0452669
-0.0424907
-0.0403884
-0.0388842
-0.037913
-0.037418
-0.0373493
-0.0376628
-0.0383187
-0.0392807
-0.0405152
-0.0419907
-0.0436772
-0.0455456
-0.0475678
-0.0497156
-0.051961
-0.0542756
-0.0566306
-0.0589965
-0.0613428
-0.0636383
-0.0658503
-0.0679451
-0.0698873
-0.0716405
-0.0731665
-0.0744255
-0.0753763
-0.0759758
-0.0761796
-0.0759411
-0.0752122
-0.0739432
-0.0720823
-0.069576
-0.0663687
-0.0624029
-0.0576185
-0.0519532
-0.0453415
-0.0377143
-0.0289984
-0.0191152
-0.00797954
0.00450199
0.0184335
0.0339326
0.0511337
0.0701925
0.0912904
0.114639
0.140482
0.169092
0.200759
0.235748
0.274227
0.316114
0.360823
0.40691
0.451814
0.491078
0.514474
0.50902
-0.272216
-0.279346
-0.258243
-0.226942
-0.195978
-0.167885
-0.143404
-0.12263
-0.105255
-0.0908263
-0.0788922
-0.0690498
-0.0609576
-0.0543344
-0.048952
-0.0446254
-0.0412049
-0.0385685
-0.0366159
-0.0352638
-0.0344423
-0.0340916
-0.0341606
-0.034604
-0.0353816
-0.0364572
-0.0377974
-0.0393708
-0.0411477
-0.0430997
-0.0451985
-0.0474166
-0.0497262
-0.0520992
-0.0545073
-0.056921
-0.0593103
-0.061644
-0.0638899
-0.0660142
-0.067982
-0.0697569
-0.0713009
-0.0725745
-0.0735365
-0.074144
-0.0743524
-0.0741154
-0.0733848
-0.0721106
-0.0702409
-0.0677218
-0.064497
-0.0605082
-0.0556943
-0.0499911
-0.0433311
-0.0356423
-0.0268476
-0.0168632
-0.00559719
0.00705336
0.0212051
0.0369928
0.0545746
0.0741396
0.0959162
0.120184
0.147285
0.17764
0.211752
0.250201
0.293603
0.342495
0.397072
0.456754
0.519577
0.580642
0.626963
0.638338
-0.377798
-0.360503
-0.311343
-0.258605
-0.212865
-0.175082
-0.144564
-0.120213
-0.100832
-0.0853734
-0.0730011
-0.063068
-0.055082
-0.0486703
-0.0435497
-0.0395032
-0.0363624
-0.0339954
-0.0322967
-0.0311808
-0.0305773
-0.0304272
-0.0306799
-0.0312917
-0.0322235
-0.0334404
-0.03491
-0.0366023
-0.0384884
-0.0405408
-0.0427321
-0.0450354
-0.0474237
-0.0498695
-0.0523448
-0.054821
-0.0572683
-0.059656
-0.0619523
-0.0641238
-0.066136
-0.0679528
-0.0695365
-0.0708479
-0.0718461
-0.0724884
-0.0727306
-0.0725265
-0.071828
-0.0705852
-0.0687464
-0.0662573
-0.0630617
-0.0591007
-0.0543127
-0.0486326
-0.0419916
-0.0343158
-0.0255258
-0.0155343
-0.0042447
0.00845226
0.0226821
0.0385919
0.0563576
0.0761935
0.0983659
0.123211
0.151161
0.182772
0.218771
0.260091
0.307916
0.363658
0.428838
0.504756
0.591488
0.685224
0.772713
0.826333
-0.569081
-0.474581
-0.371175
-0.287254
-0.222854
-0.1745
-0.138616
-0.111863
-0.0916579
-0.0761885
-0.064199
-0.0548153
-0.0474262
-0.0415996
-0.0370254
-0.0334765
-0.030783
-0.0288154
-0.0274724
-0.0266734
-0.0263526
-0.0264554
-0.026935
-0.0277511
-0.0288676
-0.030252
-0.0318742
-0.033706
-0.0357203
-0.0378908
-0.0401916
-0.0425967
-0.0450801
-0.0476152
-0.0501749
-0.052731
-0.0552547
-0.0577156
-0.0600826
-0.0623229
-0.0644024
-0.0662854
-0.0679348
-0.0693117
-0.0703756
-0.0710844
-0.071394
-0.0712587
-0.0706308
-0.0694606
-0.0676966
-0.0652848
-0.0621691
-0.0582909
-0.0535882
-0.0479961
-0.0414451
-0.0338612
-0.0251637
-0.0152644
-0.00406456
0.00854757
0.0227014
0.0385496
0.0562765
0.0761094
0.0983353
0.123324
0.151564
0.183711
0.220667
0.26369
0.314548
0.375715
0.450626
0.543818
0.659741
0.799559
0.96168
1.12312
-0.96518
-0.622617
-0.409341
-0.287874
-0.208316
-0.154417
-0.117964
-0.0926829
-0.0745139
-0.0610701
-0.0509026
-0.0430893
-0.0370285
-0.0323187
-0.0286837
-0.0259277
-0.0239077
-0.0225157
-0.0216685
-0.0212995
-0.0213545
-0.0217879
-0.0225607
-0.0236383
-0.0249898
-0.0265869
-0.0284028
-0.0304122
-0.0325903
-0.0349131
-0.0373564
-0.0398957
-0.0425065
-0.0451633
-0.0478401
-0.0505097
-0.0531441
-0.055714
-0.0581887
-0.0605362
-0.0627232
-0.0647145
-0.0664737
-0.0679624
-0.0691408
-0.069967
-0.0703978
-0.0703878
-0.0698899
-0.0688549
-0.0672318
-0.0649672
-0.0620056
-0.0582888
-0.0537557
-0.048342
-0.0419791
-0.0345938
-0.0261068
-0.0164311
-0.00547
0.00688615
0.0207637
0.0363118
0.0537097
0.073179
0.0949993
0.119533
0.147264
0.178853
0.215237
0.257783
0.308561
0.370807
0.449803
0.554188
0.696233
0.893861
1.19795
1.65302
-1.67835
-0.770645
-0.369501
-0.222043
-0.147256
-0.102694
-0.0758088
-0.0587015
-0.0469345
-0.0383644
-0.0319033
-0.0269348
-0.0230873
-0.0201258
-0.0178936
-0.0162801
-0.0152034
-0.0146007
-0.0144217
-0.0146248
-0.0151748
-0.0160407
-0.0171949
-0.018612
-0.0202683
-0.0221413
-0.0242091
-0.0264504
-0.0288439
-0.0313682
-0.0340016
-0.0367219
-0.0395062
-0.0423308
-0.0451711
-0.0480013
-0.0507944
-0.0535223
-0.0561552
-0.0586623
-0.0610108
-0.0631667
-0.0650939
-0.0667552
-0.0681112
-0.0691209
-0.0697416
-0.0699288
-0.0696359
-0.0688146
-0.0674145
-0.0653833
-0.0626663
-0.0592064
-0.054944
-0.0498161
-0.0437565
-0.0366943
-0.0285534
-0.0192511
-0.00869617
0.00321359
0.0165946
0.0315823
0.0483373
0.0670547
0.0879767
0.111412
0.137767
0.167588
0.201644
0.241063
0.287597
0.344174
0.416197
0.514439
0.6605
0.906692
1.42674
2.4574
)
;

boundaryField
{
    movingWall
    {
        type            zeroGradient;
    }
    fixedWalls
    {
        type            zeroGradient;
    }
    frontAndBack
    {
        type            empty;
    }
}


// ************************************************************************* //
