/*--------------------------------*- C++ -*----------------------------------*\
  =========                 |
  \\      /  F ield         | OpenFOAM: The Open Source CFD Toolbox
   \\    /   O peration     | Website:  https://openfoam.org
    \\  /    A nd           | Version:  7
     \\/     M anipulation  |
\*---------------------------------------------------------------------------*/
FoamFile
{
    version     2.0;
    format      ascii;
    class       volScalarField;
    location    "0.9";
    object      p;
}
// * * * * * * * * * * * * * * * * * * * * * * * * * * * * * * * * * * * * * //

dimensions      [0 2 -2 0 0 0 0];

internalField   nonuniform List<scalar> 
6400
(
-1.72052e-07
-3.85874e-06
-6.73731e-05
-0.000187779
-0.000350423
-0.000542128
-0.000751461
-0.000968724
-0.001186
-0.00139699
-0.00159674
-0.0017814
-0.001948
-0.00209432
-0.00221872
-0.00231999
-0.00239728
-0.00244999
-0.00247771
-0.00248017
-0.0024572
-0.00240872
-0.00233466
-0.00223503
-0.00210988
-0.00195931
-0.00178347
-0.0015826
-0.00135701
-0.00110716
-0.000833608
-0.0005371
-0.000218542
0.000120961
0.000480087
0.000857284
0.00125076
0.00165848
0.00207815
0.00250726
0.00294302
0.00338245
0.00382236
0.00425938
0.00469002
0.00511066
0.00551766
0.00590733
0.00627606
0.00662032
0.00693676
0.00722224
0.00747391
0.00768926
0.00786617
0.00800299
0.00809853
0.00815216
0.00816381
0.00813399
0.00806383
0.00795506
0.00781002
0.00763166
0.0074235
0.00718962
0.00693464
0.00666369
0.00638237
0.00609672
0.00581323
0.00553875
0.00528052
0.00504608
0.00484318
0.00467947
0.00456183
0.00449543
0.00448239
0.00451033
3.16595e-06
-4.26341e-07
-5.63635e-05
-0.000158339
-0.000294409
-0.000455222
-0.000632071
-0.000817141
-0.00100372
-0.00118623
-0.00136012
-0.00152175
-0.00166822
-0.00179727
-0.00190717
-0.0019966
-0.00206457
-0.00211035
-0.0021334
-0.00213336
-0.00210996
-0.002063
-0.0019924
-0.00189809
-0.00178009
-0.00163848
-0.00147341
-0.0012851
-0.00107386
-0.000840132
-0.000584486
-0.000307636
-1.04577e-05
0.00030599
0.000640447
0.00099144
0.00135728
0.00173605
0.00212563
0.00252365
0.00292754
0.00333455
0.00374171
0.00414595
0.00454403
0.00493267
0.0053085
0.00566819
0.00600844
0.00632606
0.006618
0.00688143
0.00711381
0.00731288
0.00747677
0.00760403
0.00769365
0.00774512
0.00775846
0.00773421
0.00767348
0.00757793
0.00744977
0.00729176
0.00710718
0.00689982
0.00667393
0.00643422
0.00618579
0.00593411
0.00568498
0.00544445
0.0052188
0.00501441
0.00483758
0.00469426
0.00458938
0.00452644
0.00451004
0.00453817
6.66759e-05
5.53018e-05
-1.04739e-06
-9.52989e-05
-0.000217608
-0.000360599
-0.000517344
-0.000681405
-0.000847106
-0.0010096
-0.00116481
-0.00130942
-0.00144071
-0.00155653
-0.00165518
-0.00173532
-0.00179593
-0.00183624
-0.00185565
-0.00185373
-0.00183015
-0.00178468
-0.00171717
-0.00162754
-0.00151577
-0.00138191
-0.00122608
-0.00104847
-0.000849396
-0.000629259
-0.000388602
-0.000128106
0.000151396
0.000448902
0.000763218
0.00109295
0.00143651
0.0017921
0.0021577
0.0025311
0.0029099
0.0032915
0.00367314
0.00405194
0.00442489
0.00478891
0.00514088
0.00547769
0.00579627
0.00609366
0.00636704
0.0066138
0.00683159
0.00701833
0.00717233
0.00729226
0.00737724
0.00742683
0.0074411
0.00742062
0.00736645
0.00728021
0.007164
0.00702043
0.0068526
0.00666406
0.00645878
0.00624112
0.00601579
0.0057878
0.0055624
0.00534504
0.00514124
0.00495659
0.0047965
0.00466594
0.00456905
0.00450909
0.00449324
0.00452561
0.00018823
0.000157565
9.2129e-05
-3.04507e-06
-0.000121019
-0.000255635
-0.000401154
-0.000552265
-0.0007042
-0.000852813
-0.000994576
-0.00112654
-0.00124628
-0.00135183
-0.00144161
-0.00151435
-0.00156909
-0.00160505
-0.00162163
-0.00161838
-0.00159496
-0.0015511
-0.00148662
-0.0014014
-0.00129541
-0.00116866
-0.00102124
-0.000853307
-0.000665132
-0.000457088
-0.000229672
1.64865e-05
0.000280613
0.000561767
0.000858827
0.00117049
0.00149524
0.0018314
0.00217707
0.00253016
0.00288839
0.00324931
0.00361033
0.00396869
0.00432157
0.00466605
0.00499917
0.00531799
0.00561961
0.00590123
0.00616018
0.006394
0.00660046
0.00677762
0.00692389
0.00703803
0.00711922
0.00716709
0.00718171
0.00716365
0.00711396
0.00703419
0.00692637
0.00679298
0.00663696
0.00646168
0.00627087
0.00606861
0.00585929
0.00564754
0.00543819
0.00523619
0.00504652
0.00487415
0.00472387
0.00460032
0.00450714
0.00444774
0.00443029
0.00446094
0.000354161
0.0002952
0.000213932
0.000112037
-7.289e-06
-0.000139014
-0.000278389
-0.000421123
-0.000563324
-0.000701542
-0.00083281
-0.000954615
-0.00106486
-0.00116183
-0.00124411
-0.00131057
-0.00136033
-0.00139265
-0.00140698
-0.00140286
-0.00137995
-0.00133797
-0.00127673
-0.00119607
-0.00109593
-0.000976291
-0.000837192
-0.000678762
-0.000501222
-0.000304895
-9.02222e-05
0.000142232
0.000391758
0.000657492
0.000938393
0.00123324
0.00154063
0.00185898
0.00218649
0.00252119
0.00286094
0.00320341
0.00354612
0.00388648
0.00422178
0.00454923
0.00486602
0.00516934
0.00545641
0.00572455
0.00597122
0.00619404
0.0063909
0.00655993
0.00669961
0.00680877
0.00688662
0.00693281
0.00694744
0.00693106
0.00688468
0.00680981
0.00670837
0.00658276
0.00643577
0.0062706
0.00609078
0.00590015
0.00570282
0.00550307
0.00530535
0.00511421
0.00493416
0.00476969
0.00462512
0.00450459
0.00441156
0.00434939
0.00432574
0.00434645
0.000552234
0.000459367
0.000357322
0.000244114
0.000118817
-1.45425e-05
-0.000152058
-0.000290368
-0.000426399
-0.000557386
-0.000680921
-0.000794945
-0.00089772
-0.000987807
-0.00106402
-0.00112538
-0.00117113
-0.00120063
-0.00121336
-0.00120891
-0.00118695
-0.00114719
-0.00108943
-0.0010135
-0.000919301
-0.000806766
-0.000675904
-0.000526792
-0.000359593
-0.000174573
2.78927e-05
0.000247311
0.000483051
0.000734332
0.0010002
0.00127953
0.00157101
0.00187316
0.00218429
0.00250254
0.00282588
0.00315208
0.0034788
0.00380354
0.0041237
0.00443661
0.00473955
0.00502981
0.0053047
0.00556163
0.00579812
0.00601188
0.00620085
0.00636321
0.00649748
0.0066025
0.00667753
0.00672221
0.00673662
0.00672129
0.00667722
0.00660582
0.00650897
0.00638895
0.00624845
0.0060905
0.00591847
0.00573599
0.0055469
0.00535523
0.0051651
0.00498067
0.00480611
0.00464547
0.00450269
0.00438146
0.00428508
0.00421671
0.0041825
0.00418683
0.000771615
0.000641649
0.000515494
0.000387443
0.000252453
0.000113722
-2.55576e-05
-0.000162876
-0.000295916
-0.000422555
-0.000540931
-0.000649442
-0.000746717
-0.000831624
-0.000903223
-0.000960737
-0.00100353
-0.00103109
-0.00104297
-0.00103879
-0.00101826
-0.00098112
-0.000927136
-0.000856132
-0.000767969
-0.00066255
-0.000539831
-0.000399835
-0.000242666
-6.85208e-05
0.000122305
0.000329396
0.000552206
0.00079004
0.00104204
0.00130717
0.00158423
0.00187183
0.00216838
0.00247214
0.00278115
0.0030933
0.00340634
0.00371785
0.00402532
0.00432616
0.00461773
0.00489737
0.00516246
0.00541045
0.00563891
0.00584558
0.00602842
0.00618562
0.00631572
0.00641756
0.00649038
0.00653382
0.00654792
0.00653318
0.00649055
0.00642139
0.00632751
0.0062111
0.00607474
0.00592135
0.00575413
0.00557654
0.00539223
0.00520497
0.00501862
0.00483706
0.00466412
0.00450352
0.00435884
0.00423343
0.00413038
0.00405263
0.00400426
0.00398769
0.00100278
0.000834158
0.00068176
0.000536338
0.00038887
0.000241879
9.79537e-05
-4.11684e-05
-0.000173865
-0.000298615
-0.000414076
-0.000519089
-0.000612665
-0.000693984
-0.000762369
-0.000817249
-0.000858147
-0.000884665
-0.000896455
-0.000893213
-0.000874669
-0.000840579
-0.000790722
-0.000724898
-0.000642934
-0.00054469
-0.000430077
-0.000299058
-0.000151666
1.19798e-05
0.000191666
0.000387064
0.000597716
0.000823023
0.00106222
0.00131438
0.0015784
0.00185297
0.00213662
0.00242768
0.00272431
0.00302447
0.00332597
0.00362649
0.00392357
0.00421467
0.0044972
0.00476854
0.0050261
0.00526733
0.00548982
0.00569131
0.00586974
0.00602331
0.00615052
0.00625018
0.00632151
0.00636409
0.00637795
0.00636353
0.00632172
0.00625382
0.00616157
0.0060471
0.00591288
0.00576172
0.00559671
0.00542116
0.00523854
0.00505245
0.00486652
0.0046844
0.00450963
0.00434568
0.00419582
0.0040631
0.00395041
0.0038605
0.00379519
0.00375468
0.0012375
0.00102968
0.000849803
0.000685306
0.000523363
0.000365942
0.000215126
7.19632e-05
-6.2564e-05
-0.000187489
-0.000301961
-0.000405251
-0.000496749
-0.000575953
-0.000642439
-0.000695852
-0.000735889
-0.000762284
-0.000774787
-0.000773167
-0.0007572
-0.000726664
-0.000681336
-0.000621
-0.000545451
-0.00045451
-0.000348029
-0.000225907
-8.81027e-05
6.53495e-05
0.000234323
0.000418581
0.000617764
0.000831372
0.00105874
0.00129905
0.00155127
0.00181422
0.00208652
0.00236657
0.00265261
0.00294269
0.00323468
0.00352629
0.00381514
0.00409871
0.00437442
0.00463967
0.00489186
0.00512844
0.00534698
0.00554517
0.00572093
0.00587241
0.00599806
0.00609665
0.00616732
0.0062096
0.00622347
0.0062093
0.00616791
0.00610055
0.00600889
0.00589498
0.00576121
0.00561031
0.00544526
0.00526926
0.00508564
0.00489785
0.00470935
0.00452361
0.00434396
0.00417364
0.00401568
0.00387288
0.00374799
0.00364358
0.00355918
0.00349279
0.00146863
0.0012217
0.00101377
0.000829114
0.000651311
0.000481868
0.000322448
0.000173474
3.53517e-05
-9.14654e-05
-0.000206594
-0.000309723
-0.0004006
-0.000479029
-0.00054485
-0.00059792
-0.000638112
-0.000665297
-0.00067933
-0.000680055
-0.000667298
-0.000640858
-0.000600511
-0.000546027
-0.00047717
-0.000393714
-0.000295454
-0.000182215
-5.38753e-05
8.96176e-05
0.000248231
0.000421826
0.000610145
0.000812793
0.00102921
0.00125867
0.00150026
0.00175289
0.00201525
0.00228585
0.002563
0.00284479
0.00312916
0.00341387
0.00369655
0.00397469
0.00424572
0.00450702
0.00475596
0.00498997
0.00520655
0.00540334
0.00557821
0.00572921
0.00585473
0.00595345
0.00602443
0.00606714
0.00608145
0.00606768
0.00602656
0.00595929
0.00586744
0.005753
0.00561831
0.005466
0.00529899
0.00512036
0.00493338
0.00474136
0.00454765
0.00435556
0.0041683
0.00398892
0.00382026
0.00366493
0.00352561
0.00340477
0.00329967
0.00320621
0.00168988
0.00140435
0.00116822
0.000962803
0.000768235
0.000585641
0.000416336
0.000260187
0.000117062
-1.30656e-05
-0.000130248
-0.000234569
-0.00032612
-0.000405001
-0.000471303
-0.000525098
-0.000566433
-0.000595315
-0.000611706
-0.000615525
-0.000606644
-0.000584884
-0.000550023
-0.000501812
-0.000439982
-0.00036426
-0.000274373
-0.000170071
-5.11481e-05
8.25425e-05
0.000231066
0.000394388
0.000572359
0.00076469
0.000970932
0.00119046
0.00142247
0.00166595
0.0019197
0.0021823
0.00245212
0.00272732
0.00300587
0.00328556
0.00356402
0.00383877
0.00410719
0.00436663
0.00461443
0.00484793
0.00506457
0.00526192
0.00543771
0.00558994
0.00571686
0.00581707
0.00588951
0.00593355
0.00594896
0.00593596
0.00589521
0.00582781
0.00573528
0.00561952
0.00548282
0.00532774
0.00515713
0.00497403
0.00478162
0.00458314
0.00438187
0.00418102
0.00398369
0.00379284
0.00361117
0.00344116
0.00328548
0.00314656
0.00301953
0.00289827
0.00189564
0.00157226
0.00130811
0.00108167
0.000869799
0.000673307
0.000493201
0.00032884
0.000179604
4.50127e-05
-7.53989e-05
-0.00018208
-0.000275448
-0.000355889
-0.000423739
-0.000479273
-0.000522708
-0.000554185
-0.000573767
-0.000581447
-0.00057714
-0.000560687
-0.000531865
-0.000490405
-0.000436002
-0.000368327
-0.000287039
-0.000191806
-8.23318e-05
4.16271e-05
0.000180241
0.000333586
0.000501623
0.000684178
0.000880911
0.00109131
0.00131467
0.00155008
0.00179642
0.00205235
0.00231631
0.00258649
0.00286092
0.00313739
0.00341354
0.00368685
0.00395469
0.00421435
0.00446308
0.00469817
0.00491693
0.00511682
0.00529548
0.00545074
0.00558075
0.00568395
0.00575918
0.00580566
0.00582304
0.00581144
0.00577141
0.00570395
0.00561051
0.00549292
0.00535341
0.00519448
0.00501895
0.00482981
0.00463019
0.00442331
0.0042124
0.00400063
0.00379105
0.00358656
0.0033898
0.00320318
0.00302943
0.00287105
0.00272108
0.00257155
0.0020808
0.00172048
0.00142871
0.00118125
0.000951827
0.000740981
0.000549454
0.000376127
0.000219918
7.9929e-05
-4.46885e-05
-0.000154731
-0.000250926
-0.000333931
-0.000404315
-0.000462549
-0.000509008
-0.000543964
-0.000567577
-0.000579904
-0.000580899
-0.00057042
-0.000548242
-0.000514072
-0.000467561
-0.000408319
-0.000335932
-0.000249983
-0.000150081
-3.58773e-05
9.29086e-05
0.000236468
0.000394878
0.000568084
0.000755861
0.000957809
0.00117333
0.00140162
0.00164164
0.00189212
0.00215156
0.00241822
0.00269012
0.00296509
0.00324075
0.00351455
0.0037838
0.00404573
0.00429751
0.00453629
0.00475928
0.00496382
0.00514736
0.00530761
0.00544254
0.00555045
0.00562999
0.00568024
0.00570072
0.00569139
0.00565269
0.00558552
0.00549124
0.0053716
0.00522876
0.00506521
0.0048837
0.00468721
0.00447888
0.00426191
0.00403953
0.00381491
0.00359111
0.00337103
0.00315731
0.00295233
0.00275899
0.00257988
0.00240612
0.0022279
0.00224067
0.00184442
0.00152557
0.00125729
0.0010103
0.000784881
0.000581541
0.000398712
0.000234878
8.87501e-05
-4.08817e-05
-0.000155144
-0.000255058
-0.000341538
-0.000415371
-0.000477215
-0.000527598
-0.000566907
-0.000595392
-0.000613169
-0.000620226
-0.000616435
-0.000601561
-0.000575281
-0.000537197
-0.000486853
-0.000423756
-0.000347399
-0.000257289
-0.000152969
-3.40405e-05
9.98088e-05
0.00024878
0.00041294
0.000592189
0.000786242
0.000994614
0.0012166
0.00145125
0.00169738
0.00195355
0.00221805
0.00248895
0.00276406
0.00304099
0.00331714
0.00358978
0.00385604
0.00411298
0.00435763
0.00458706
0.00479842
0.00498901
0.00515636
0.00529824
0.00541275
0.00549836
0.00555398
0.00557893
0.00557303
0.00553657
0.00547033
0.00537555
0.00525393
0.00510755
0.00493885
0.00475059
0.00454574
0.00432744
0.00409893
0.00386347
0.00362428
0.00338449
0.00314704
0.00291463
0.00268969
0.00247532
0.00227433
0.00207594
0.00186862
0.00237087
0.00193974
0.00159449
0.00130575
0.00104133
0.000801312
0.000585951
0.000393263
0.000221326
6.84771e-05
-6.68379e-05
-0.000186059
-0.000290483
-0.000381266
-0.000459404
-0.000525728
-0.000580906
-0.000625433
-0.000659639
-0.00068369
-0.000697607
-0.000701264
-0.000694411
-0.000676689
-0.000647642
-0.000606744
-0.00055342
-0.000487064
-0.000407077
-0.000312884
-0.000203963
-7.98743e-05
5.97127e-05
0.000214995
0.000386003
0.000572575
0.000774344
0.00099071
0.00122082
0.00146357
0.00171758
0.0019812
0.0022525
0.00252931
0.00280921
0.00308956
0.00336754
0.00364019
0.00390445
0.00415721
0.00439535
0.00461586
0.00481583
0.00499256
0.00514361
0.00526686
0.00536056
0.00542339
0.00545448
0.00545345
0.00542044
0.00535607
0.00526147
0.00513824
0.00498839
0.00481434
0.00461882
0.00440483
0.00417555
0.00393428
0.00368434
0.00342906
0.00317166
0.0029152
0.00266249
0.00241608
0.00217933
0.00195531
0.00173144
0.00149446
0.00246727
0.00200238
0.00163148
0.00132275
0.00104119
0.00078667
0.000559227
0.000356474
0.000176094
1.60701e-05
-0.000125482
-0.000250298
-0.000359938
-0.000455787
-0.000539035
-0.000610674
-0.000671501
-0.000722108
-0.000762893
-0.00079407
-0.000815681
-0.000827598
-0.000829545
-0.000821119
-0.000801803
-0.000770996
-0.000728029
-0.000672195
-0.000602778
-0.000519082
-0.000420453
-0.000306316
-0.000176205
-2.97809e-05
0.000133121
0.000312473
0.000508029
0.000719306
0.000945556
0.00118576
0.0014386
0.00170248
0.0019755
0.00225549
0.00253999
0.00282633
0.00311159
0.00339272
0.0036665
0.00392967
0.00417893
0.00441103
0.00462285
0.00481145
0.00497413
0.00510851
0.00521258
0.00528477
0.00532398
0.00532961
0.00530158
0.00524035
0.00514692
0.00502276
0.00486984
0.00469051
0.00448752
0.00426389
0.00402286
0.00376781
0.0035022
0.00322946
0.00295299
0.002676
0.00240147
0.00213212
0.00187164
0.00162343
0.00137312
0.00110578
0.00252596
0.00202847
0.00163274
0.00130457
0.00100627
0.00073746
0.000497992
0.00028508
9.60292e-05
-7.15211e-05
-0.000219771
-0.000350738
-0.000466233
-0.000567857
-0.000656981
-0.000734745
-0.000802061
-0.000859611
-0.000907854
-0.000947042
-0.000977226
-0.000998269
-0.00100986
-0.00101155
-0.00100275
-0.00098278
-0.000950868
-0.000906197
-0.000847931
-0.00077524
-0.000687335
-0.000583498
-0.000463112
-0.000325694
-0.000170932
1.28716e-06
0.000190854
0.000397406
0.000620308
0.000858635
0.00111115
0.00137632
0.00165225
0.0019368
0.00222747
0.00252154
0.00281602
0.00310771
0.00339327
0.00366924
0.00393212
0.00417842
0.00440477
0.00460794
0.00478495
0.00493312
0.00505015
0.00513418
0.00518381
0.00519821
0.00517705
0.0051206
0.00502968
0.00490564
0.00475035
0.00456615
0.00435576
0.00412224
0.00386893
0.00359932
0.00331701
0.00302563
0.00272874
0.0024298
0.00213199
0.00183826
0.00155269
0.00127906
0.00100124
0.000702583
0.00254318
0.00201433
0.00159464
0.00124766
0.000933073
0.000650291
0.000398947
0.000175875
-2.19882e-05
-0.000197337
-0.000352672
-0.000490284
-0.000612222
-0.00072029
-0.000816026
-0.000900707
-0.00097535
-0.00104072
-0.00109732
-0.00114544
-0.00118513
-0.00121623
-0.00123839
-0.0012511
-0.0012537
-0.00124542
-0.00122538
-0.00119265
-0.00114625
-0.00108523
-0.00100865
-0.000915623
-0.000805392
-0.00067731
-0.000530908
-0.000365921
-0.000182313
1.96929e-05
0.000239583
0.000476539
0.000729417
0.000996731
0.00127666
0.00156703
0.00186536
0.00216886
0.00247445
0.00277881
0.00307844
0.00336968
0.0036488
0.00391207
0.0041558
0.00437648
0.00457079
0.00473572
0.00486862
0.0049673
0.00503005
0.00505571
0.0050437
0.00499405
0.00490736
0.00478485
0.00462827
0.00443992
0.00422251
0.00397916
0.00371329
0.00342855
0.00312872
0.00281763
0.0024991
0.00217685
0.00185434
0.00153478
0.00122272
0.000922365
0.000615784
0.000284619
0.00251537
0.0019564
0.0015137
0.0011486
0.000818263
0.000521885
0.000258886
2.57226e-05
-0.000181029
-0.000364384
-0.000527139
-0.000671844
-0.000800775
-0.000915924
-0.00101899
-0.00111137
-0.00119419
-0.00126827
-0.00133417
-0.00139218
-0.00144235
-0.0014845
-0.00151823
-0.00154297
-0.00155796
-0.00156235
-0.00155513
-0.00153526
-0.00150162
-0.0014531
-0.0013886
-0.0013071
-0.00120764
-0.00108943
-0.000951813
-0.000794367
-0.000616894
-0.000419465
-0.000202454
3.344e-05
0.000287175
0.000557346
0.000842177
0.00113953
0.0014469
0.00176145
0.00208001
0.00239914
0.00271517
0.00302423
0.00332234
0.00360549
0.00386969
0.00411107
0.00432593
0.0045109
0.00466294
0.00477946
0.0048584
0.00489825
0.00489809
0.00485766
0.00477735
0.00465818
0.00450178
0.00431037
0.00408666
0.00383382
0.0035554
0.00325518
0.00293718
0.00260549
0.0022642
0.00191736
0.00156874
0.0012219
0.000881867
0.000553357
0.000216593
-0.000148567
0.00243908
0.00185131
0.0013866
0.00100412
0.000658627
0.000349089
7.47084e-05
-0.000168425
-0.00038409
-0.000575618
-0.000746087
-0.000898298
-0.00103474
-0.00115759
-0.0012687
-0.00136957
-0.00146142
-0.00154514
-0.0016213
-0.00169022
-0.00175193
-0.0018062
-0.00185259
-0.00189045
-0.00191895
-0.00193711
-0.00194381
-0.00193787
-0.00191803
-0.00188302
-0.00183158
-0.0017625
-0.00167466
-0.00156706
-0.00143889
-0.00128952
-0.00111859
-0.000925998
-0.000711962
-0.000477041
-0.000222156
5.13823e-05
0.000341867
0.000647193
0.000964862
0.00129199
0.00162533
0.00196131
0.00229609
0.00262559
0.00294557
0.00325169
0.00353963
0.00380513
0.0040441
0.00425273
0.00442755
0.00456553
0.00466418
0.00472156
0.00473641
0.00470812
0.00463679
0.00452322
0.00436888
0.0041759
0.00394697
0.00368533
0.00339462
0.00307885
0.00274224
0.00238919
0.00202413
0.00165148
0.00127537
0.000899737
0.000530179
0.000171955
-0.000196622
-0.000597562
0.00231103
0.00169585
0.00121016
0.000811103
0.000451092
0.000128874
-0.00015657
-0.000409515
-0.000634083
-0.000833916
-0.00101237
-0.00117248
-0.00131694
-0.00144811
-0.00156796
-0.00167813
-0.0017799
-0.0018742
-0.00196164
-0.00204254
-0.00211689
-0.00218445
-0.00224469
-0.00229689
-0.00234012
-0.00237329
-0.00239516
-0.00240439
-0.00239958
-0.00237929
-0.00234208
-0.00228655
-0.00221139
-0.0021154
-0.00199757
-0.00185707
-0.00169335
-0.00150611
-0.00129539
-0.0010616
-0.000805509
-0.000528314
-0.000231632
8.2488e-05
0.000411562
0.000752679
0.00110252
0.0014574
0.0018133
0.0021659
0.0025107
0.00284304
0.00315821
0.00345153
0.00371848
0.00395475
0.00415639
0.00431987
0.00444219
0.00452097
0.00455449
0.00454174
0.0044825
0.00437728
0.00422736
0.00403474
0.00380209
0.00353268
0.0032303
0.00289913
0.0025437
0.00216871
0.00177899
0.00137935
0.000974363
0.0005684
0.000167668
-0.000221971
-0.000624208
-0.00106302
0.00212809
0.00148695
0.000981382
0.000566577
0.000192729
-0.000141651
-0.000437808
-0.000700374
-0.000933811
-0.00114206
-0.00132874
-0.00149713
-0.00165012
-0.00179022
-0.00191955
-0.00203983
-0.00215242
-0.0022583
-0.00235809
-0.00245209
-0.00254028
-0.00262236
-0.00269774
-0.00276561
-0.00282494
-0.00287451
-0.00291295
-0.00293878
-0.00295042
-0.00294626
-0.00292467
-0.00288405
-0.00282287
-0.00273975
-0.00263342
-0.00250287
-0.00234729
-0.0021662
-0.00195944
-0.00172721
-0.00147012
-0.00118924
-0.000886047
-0.000562529
-0.000221127
0.000135241
0.000503201
0.000878951
0.0012583
0.00163671
0.00200939
0.00237132
0.0027174
0.0030425
0.0033416
0.00360986
0.00384278
0.00403626
0.00418674
0.0042913
0.00434769
0.00435446
0.00431095
0.00421737
0.00407475
0.00388492
0.00365049
0.00337477
0.00306166
0.00271558
0.00234133
0.00194401
0.00152885
0.00110113
0.0006659
0.000228011
-0.000205644
-0.000628548
-0.00106652
-0.00154563
0.00188728
0.00122171
0.000697415
0.00026774
-0.000119233
-0.000465228
-0.000771722
-0.0010437
-0.00128595
-0.00150271
-0.00169786
-0.0018749
-0.00203692
-0.00218659
-0.00232613
-0.00245738
-0.00258173
-0.00270022
-0.00281347
-0.00292177
-0.00302507
-0.003123
-0.00321492
-0.00329991
-0.00337683
-0.00344434
-0.00350094
-0.00354496
-0.00357468
-0.00358828
-0.00358393
-0.00355982
-0.00351422
-0.00344548
-0.00335212
-0.00323286
-0.00308669
-0.00291286
-0.00271098
-0.00248105
-0.00222349
-0.00193916
-0.00162943
-0.00129616
-0.000941732
-0.000569044
-0.000181507
0.000216978
0.000622059
0.00102898
0.00143263
0.00182766
0.00220853
0.00256962
0.00290535
0.00321033
0.00347941
0.00370788
0.00389153
0.0040268
0.00411087
0.00414172
0.00411822
0.00404018
0.00390831
0.00372424
0.00349048
0.00321035
0.00288787
0.00252769
0.00213493
0.00171509
0.00127385
0.000817037
0.0003502
-0.000121253
-0.000589684
-0.00104786
-0.00152387
-0.00204602
0.0015858
0.000897389
0.000355583
-8.80447e-05
-0.000487396
-0.000844434
-0.00116087
-0.00144203
-0.00169303
-0.0019184
-0.00212226
-0.00230833
-0.0024799
-0.00263976
-0.00279028
-0.00293336
-0.00307047
-0.00320264
-0.00333052
-0.00345439
-0.00357414
-0.00368936
-0.00379931
-0.00390298
-0.00399914
-0.00408629
-0.00416278
-0.0042268
-0.00427642
-0.00430963
-0.0043244
-0.00431868
-0.0042905
-0.00423796
-0.00415932
-0.00405306
-0.00391786
-0.00375273
-0.00355702
-0.00333048
-0.00307328
-0.00278609
-0.0024701
-0.00212701
-0.00175913
-0.00136928
-0.000960906
-0.000537971
-0.000104976
0.000333103
0.000770869
0.00120258
0.00162226
0.00202376
0.00240093
0.00274772
0.0030583
0.00332724
0.00354962
0.00372115
0.00383832
0.00389849
0.00389994
0.00384198
0.00372496
0.00355023
0.00332016
0.00303803
0.002708
0.00233492
0.00192427
0.00148195
0.00101418
0.000527341
2.75713e-05
-0.000479123
-0.000984282
-0.00147989
-0.00199647
-0.00256473
0.00122102
0.000511457
-4.66035e-05
-0.000503227
-0.00091418
-0.00128167
-0.00160763
-0.00189773
-0.00215741
-0.00239147
-0.00260429
-0.00279979
-0.00298143
-0.00315216
-0.00331444
-0.00347025
-0.00362111
-0.0037681
-0.00391184
-0.0040526
-0.00419023
-0.00432425
-0.00445384
-0.0045779
-0.00469506
-0.00480371
-0.00490202
-0.00498801
-0.00505957
-0.00511448
-0.00515048
-0.00516529
-0.00515667
-0.00512246
-0.00506064
-0.00496937
-0.00484708
-0.00469246
-0.00450456
-0.00428285
-0.00402724
-0.00373815
-0.00341652
-0.0030639
-0.00268244
-0.00227489
-0.00184466
-0.00139576
-0.000932825
-0.000461025
1.39497e-05
0.000485981
0.000948615
0.00139517
0.00181885
0.0022129
0.00257075
0.00288617
0.00315341
0.00336738
0.00352377
0.00361917
0.00365122
0.00361863
0.00352127
0.00336014
0.0031374
0.00285629
0.00252103
0.0021367
0.00170912
0.00124466
0.000750103
0.000232431
-0.000301557
-0.000845196
-0.00138913
-0.00192448
-0.0024844
-0.00310219
0.000790527
6.15678e-05
-0.000511432
-0.000980059
-0.00140181
-0.00177913
-0.00211419
-0.00241299
-0.00268129
-0.00292413
-0.00314615
-0.00335148
-0.00354373
-0.00372599
-0.00390084
-0.00407031
-0.00423599
-0.00439895
-0.00455984
-0.00471888
-0.00487589
-0.00503032
-0.00518127
-0.00532753
-0.0054676
-0.00559973
-0.00572196
-0.0058321
-0.00592785
-0.00600678
-0.00606639
-0.00610413
-0.00611751
-0.00610406
-0.00606147
-0.00598759
-0.00588049
-0.00573856
-0.00556052
-0.00534551
-0.00509311
-0.00480345
-0.00447723
-0.00411574
-0.00372095
-0.00329549
-0.00284269
-0.00236659
-0.00187189
-0.00136396
-0.000848759
-0.000332786
0.000177027
0.000673417
0.00114892
0.00159604
0.00200736
0.00237576
0.0026946
0.00295784
0.00316026
0.0032976
0.00336668
0.00336552
0.0032934
0.00315088
0.00293985
0.00266341
0.00232582
0.00193239
0.00148928
0.00100335
0.00048198
-6.71716e-05
-0.000636594
-0.00121889
-0.00180373
-0.00238128
-0.00298755
-0.0036586
0.000292112
-0.000454404
-0.00104098
-0.00152058
-0.00195229
-0.00233881
-0.00268254
-0.0029898
-0.00326663
-0.00351836
-0.00374984
-0.00396539
-0.00416881
-0.0043633
-0.00455152
-0.00473562
-0.00491718
-0.00509733
-0.0052767
-0.00545547
-0.00563343
-0.00580995
-0.00598406
-0.00615444
-0.00631946
-0.00647724
-0.00662563
-0.00676228
-0.00688468
-0.00699018
-0.00707601
-0.00713937
-0.00717747
-0.00718755
-0.00716695
-0.00711318
-0.00702397
-0.00689732
-0.00673159
-0.00652555
-0.00627843
-0.00599001
-0.00566066
-0.0052914
-0.00488396
-0.00444077
-0.00396507
-0.00346084
-0.00293284
-0.00238658
-0.00182829
-0.00126483
-0.000703607
-0.000152483
0.000380373
0.000886639
0.00135802
0.00178642
0.00216416
0.00248417
0.00274019
0.00292695
0.00304034
0.00307752
0.00303708
0.00291903
0.00272486
0.00245748
0.00212114
0.00172133
0.00126457
0.000758227
0.000210312
-0.000370777
-0.000976752
-0.00159942
-0.00222734
-0.00284969
-0.00350552
-0.00423391
-0.000276194
-0.00103835
-0.00163707
-0.0021266
-0.00256743
-0.0029625
-0.00331445
-0.00362991
-0.00391521
-0.00417592
-0.00441711
-0.0046433
-0.00485844
-0.00506585
-0.0052683
-0.00546798
-0.00566654
-0.00586511
-0.00606431
-0.00626432
-0.00646485
-0.00666523
-0.00686439
-0.0070609
-0.00725302
-0.00743872
-0.00761568
-0.00778138
-0.00793309
-0.0080679
-0.00818282
-0.00827476
-0.0083406
-0.00837727
-0.00838177
-0.00835121
-0.00828295
-0.00817459
-0.00802407
-0.00782974
-0.00759043
-0.00730551
-0.00697499
-0.00659955
-0.00618059
-0.00572033
-0.00522181
-0.00468893
-0.00412645
-0.00353998
-0.00293596
-0.00232161
-0.00170481
-0.00109403
-0.000498166
7.35936e-05
0.000611983
0.00110785
0.00155239
0.00193735
0.00225529
0.00249978
0.00266562
0.00274898
0.00274758
0.00266076
0.00248948
0.00223637
0.00190561
0.00150282
0.00103485
0.000509593
-6.42508e-05
-0.000677495
-0.001321
-0.0019857
-0.00265896
-0.00332882
-0.00403766
-0.00482778
-0.000916102
-0.00169192
-0.00230133
-0.00279968
-0.00324876
-0.00365172
-0.00401145
-0.00433486
-0.00462854
-0.00489832
-0.00514948
-0.00538672
-0.00561413
-0.00583516
-0.00605268
-0.00626893
-0.0064856
-0.00670384
-0.00692427
-0.00714703
-0.00737181
-0.00759786
-0.00782401
-0.00804876
-0.00827024
-0.00848625
-0.00869434
-0.00889176
-0.0090756
-0.0092427
-0.00938979
-0.0095135
-0.00961039
-0.00967704
-0.00971006
-0.00970619
-0.00966235
-0.00957569
-0.00944371
-0.00926429
-0.00903581
-0.00875718
-0.00842797
-0.00804843
-0.00761964
-0.00714347
-0.00662272
-0.00606114
-0.00546341
-0.00483522
-0.00418316
-0.00351477
-0.00283838
-0.00216306
-0.00149848
-0.000854722
-0.000242075
0.000329156
0.000848915
0.00130765
0.00169659
0.00200798
0.00223534
0.00237369
0.0024197
0.00237184
0.00223046
0.00199775
0.00167773
0.00127609
0.000799993
0.000257872
-0.000340874
-0.0009862
-0.00166805
-0.00237636
-0.00309722
-0.00381743
-0.00458292
-0.00543949
-0.00162905
-0.00241647
-0.00303507
-0.00354115
-0.00399759
-0.00440778
-0.00477482
-0.0051059
-0.00540789
-0.00568683
-0.0059482
-0.00619689
-0.00643712
-0.00667247
-0.00690587
-0.00713966
-0.00737556
-0.00761472
-0.00785778
-0.00810484
-0.00835555
-0.0086091
-0.00886426
-0.00911941
-0.00937256
-0.00962138
-0.00986324
-0.0100952
-0.0103142
-0.0105167
-0.0106992
-0.0108582
-0.0109897
-0.01109
-0.0111553
-0.0111819
-0.0111663
-0.0111052
-0.0109955
-0.0108347
-0.0106206
-0.0103515
-0.0100266
-0.00964569
-0.00920929
-0.00871895
-0.00817713
-0.00758734
-0.00695414
-0.00628318
-0.00558118
-0.00485593
-0.00411619
-0.00337163
-0.00263266
-0.0019103
-0.00121593
-0.000561097
4.28035e-05
0.000584774
0.00105454
0.00144284
0.00174175
0.00194489
0.00204772
0.00204766
0.00194422
0.00173905
0.00143587
0.00104036
0.000559966
3.62913e-06
-0.000618508
-0.00129549
-0.00201624
-0.00276965
-0.00354037
-0.00431383
-0.00513983
-0.00606789
-0.00241617
-0.00321312
-0.00383937
-0.00435205
-0.00481495
-0.00523169
-0.00560557
-0.00594406
-0.00625424
-0.00654241
-0.00681423
-0.00707475
-0.00732832
-0.00757865
-0.00782876
-0.00808103
-0.00833724
-0.00859856
-0.00886562
-0.00913851
-0.00941685
-0.00969976
-0.00998594
-0.0102737
-0.0105609
-0.010845
-0.0111234
-0.0113929
-0.01165
-0.0118913
-0.0121128
-0.0123105
-0.0124804
-0.0126183
-0.0127199
-0.0127812
-0.0127981
-0.0127667
-0.0126836
-0.0125455
-0.0123498
-0.0120942
-0.0117772
-0.0113981
-0.0109569
-0.0104548
-0.00989365
-0.00927677
-0.00860845
-0.00789424
-0.00714091
-0.00635644
-0.00554997
-0.00473171
-0.00391285
-0.00310533
-0.00232167
-0.00157472
-0.00087735
-0.000242133
0.000318993
0.000795076
0.0011765
0.0014553
0.00162548
0.00168317
0.00162687
0.00145748
0.00117827
0.000794828
0.000314789
-0.000252404
-0.000895851
-0.00160362
-0.00236357
-0.00316341
-0.00398619
-0.00481589
-0.00570641
-0.0067113
-0.00327831
-0.00408267
-0.00471501
-0.00523316
-0.00570161
-0.0061242
-0.00650444
-0.00685004
-0.00716832
-0.00746576
-0.00774823
-0.00802091
-0.00828832
-0.00855425
-0.00882182
-0.00909349
-0.00937105
-0.00965571
-0.00994811
-0.0102483
-0.010556
-0.0108701
-0.0111893
-0.0115118
-0.0118354
-0.0121575
-0.0124752
-0.0127851
-0.0130836
-0.013367
-0.013631
-0.0138714
-0.0140837
-0.0142633
-0.0144056
-0.0145059
-0.0145598
-0.0145628
-0.0145109
-0.0144001
-0.0142273
-0.0139895
-0.0136846
-0.0133112
-0.0128688
-0.0123578
-0.0117799
-0.0111377
-0.0104353
-0.00967801
-0.00887259
-0.0080271
-0.007151
-0.006255
-0.00535102
-0.00445193
-0.00357142
-0.00272372
-0.00192324
-0.00118429
-0.000520622
5.48991e-05
0.000530756
0.000897142
0.00114632
0.00127293
0.00127418
0.00115
0.000903062
0.000538671
6.45862e-05
-0.000509298
-0.00117131
-0.00190852
-0.00270759
-0.00355495
-0.00443195
-0.00532087
-0.0062801
-0.00736747
-0.004216
-0.00502561
-0.0056625
-0.00618495
-0.00665805
-0.00708578
-0.00747189
-0.00782429
-0.00815052
-0.00845726
-0.00875052
-0.00903568
-0.00931735
-0.00959945
-0.00988518
-0.0101771
-0.0104769
-0.0107861
-0.0111051
-0.011434
-0.0117725
-0.0121196
-0.0124738
-0.0128332
-0.0131956
-0.0135582
-0.0139179
-0.0142713
-0.0146145
-0.0149434
-0.0152537
-0.0155406
-0.0157994
-0.0160251
-0.0162125
-0.0163566
-0.0164523
-0.0164947
-0.0164789
-0.0164005
-0.0162556
-0.0160405
-0.0157524
-0.0153892
-0.0149497
-0.0144336
-0.013842
-0.0131771
-0.0124424
-0.011643
-0.0107854
-0.00987777
-0.00892977
-0.00795254
-0.00695864
-0.0059619
-0.00497716
-0.00402005
-0.00310665
-0.0022531
-0.00147517
-0.000787819
-0.000204716
0.000262218
0.000603241
0.000811166
0.000881656
0.000813418
0.00060827
0.000271088
-0.000190392
-0.000765885
-0.00144297
-0.00220765
-0.00304533
-0.00394107
-0.00487427
-0.00582545
-0.00685771
-0.00803349
-0.00522941
-0.00604213
-0.006682
-0.00720763
-0.00768444
-0.00811663
-0.00850809
-0.00886696
-0.00920096
-0.00951696
-0.00982113
-0.010119
-0.0104153
-0.010714
-0.0110185
-0.0113313
-0.0116544
-0.011989
-0.0123358
-0.0126948
-0.0130657
-0.0134473
-0.0138384
-0.0142368
-0.0146403
-0.0150459
-0.0154504
-0.0158502
-0.0162412
-0.0166192
-0.0169794
-0.0173168
-0.0176263
-0.0179025
-0.0181398
-0.0183326
-0.0184752
-0.018562
-0.0185877
-0.0185472
-0.0184355
-0.0182485
-0.0179825
-0.0176345
-0.0172027
-0.016686
-0.0160846
-0.0154002
-0.0146358
-0.013796
-0.0128871
-0.011917
-0.0108956
-0.00983434
-0.00874634
-0.00764633
-0.00655029
-0.00547531
-0.00443917
-0.00345995
-0.0025556
-0.00174339
-0.0010394
-0.000457952
-1.11043e-05
0.000291809
0.000444574
0.000444362
0.000291876
-8.67013e-06
-0.000449724
-0.00102072
-0.00170851
-0.002498
-0.00337329
-0.00431788
-0.00530913
-0.00632551
-0.00743525
-0.00870565
-0.0063184
-0.00713211
-0.00777342
-0.00830109
-0.00878071
-0.00921664
-0.00961293
-0.0099779
-0.0103195
-0.0106446
-0.0109597
-0.0112704
-0.0115816
-0.0118973
-0.012221
-0.0125554
-0.0129024
-0.0132633
-0.0136388
-0.0140291
-0.0144337
-0.0148515
-0.0152811
-0.0157205
-0.0161671
-0.0166181
-0.01707
-0.0175191
-0.0179612
-0.0183916
-0.0188054
-0.0191973
-0.0195618
-0.019893
-0.0201849
-0.0204313
-0.020626
-0.0207628
-0.0208356
-0.0208386
-0.020766
-0.0206129
-0.0203747
-0.0200477
-0.0196289
-0.0191167
-0.0185103
-0.0178106
-0.0170199
-0.0161423
-0.0151837
-0.0141518
-0.0130563
-0.011909
-0.0107235
-0.00951523
-0.00830137
-0.00710039
-0.00593184
-0.00481584
-0.00377266
-0.00282209
-0.00198285
-0.00127199
-0.000704215
-0.000291378
-4.19384e-05
3.93895e-05
-4.81362e-05
-0.00030124
-0.000712765
-0.001272
-0.00196514
-0.002776
-0.00368727
-0.00468081
-0.00573167
-0.00681617
-0.0080079
-0.00937936
-0.00748247
-0.00829509
-0.00893634
-0.00946495
-0.00994649
-0.0103854
-0.010786
-0.0111567
-0.0115055
-0.0118397
-0.0121656
-0.0124892
-0.0128153
-0.0131483
-0.0134915
-0.0138479
-0.0142193
-0.0146072
-0.0150124
-0.0154349
-0.0158743
-0.0163296
-0.0167993
-0.0172813
-0.0177731
-0.0182717
-0.0187735
-0.0192747
-0.0197707
-0.0202569
-0.0207279
-0.0211781
-0.0216017
-0.0219924
-0.0223437
-0.0226488
-0.0229009
-0.0230933
-0.023219
-0.0232713
-0.023244
-0.023131
-0.0229268
-0.0226268
-0.0222272
-0.0217251
-0.021119
-0.0204089
-0.0195964
-0.0186846
-0.0176789
-0.0165867
-0.0154176
-0.0141832
-0.0128977
-0.0115771
-0.0102396
-0.00890505
-0.00759481
-0.0063311
-0.00513661
-0.00403383
-0.00304442
-0.00218843
-0.0014836
-0.000944676
-0.000582785
-0.000404939
-0.000413705
-0.000607083
-0.000978579
-0.00151753
-0.00220958
-0.00303745
-0.00398236
-0.00502442
-0.00613619
-0.00729154
-0.00856984
-0.0100491
-0.00872079
-0.00953032
-0.0101701
-0.0106986
-0.0111811
-0.0116224
-0.0120267
-0.0124026
-0.0127583
-0.0131012
-0.0134378
-0.0137741
-0.0141152
-0.0144654
-0.0148283
-0.0152069
-0.0156031
-0.0160184
-0.0164538
-0.0169092
-0.0173844
-0.0178782
-0.0183893
-0.0189155
-0.0194542
-0.0200023
-0.0205563
-0.021112
-0.0216648
-0.0222098
-0.0227414
-0.0232538
-0.0237406
-0.0241951
-0.0246104
-0.0249792
-0.0252941
-0.0255475
-0.025732
-0.0258399
-0.0258641
-0.0257976
-0.025634
-0.0253676
-0.0249936
-0.0245081
-0.0239085
-0.0231937
-0.0223643
-0.0214229
-0.0203738
-0.019224
-0.0179826
-0.0166613
-0.0152743
-0.0138383
-0.0123723
-0.0108974
-0.00943686
-0.0080149
-0.00665678
-0.00538787
-0.00423298
-0.00321549
-0.00235654
-0.00167422
-0.00118275
-0.00089193
-0.000806585
-0.000926391
-0.00124586
-0.00175461
-0.00243788
-0.00327738
-0.0042528
-0.00534236
-0.00651593
-0.00774471
-0.00911417
-0.010708
-0.0100322
-0.0108367
-0.0114736
-0.012001
-0.0124837
-0.0129266
-0.013334
-0.0137146
-0.0140768
-0.014428
-0.014775
-0.0151237
-0.0154795
-0.0158468
-0.0162293
-0.0166299
-0.017051
-0.017494
-0.0179597
-0.0184486
-0.0189601
-0.0194933
-0.0200467
-0.0206182
-0.0212053
-0.0218046
-0.0224127
-0.0230251
-0.0236373
-0.024244
-0.0248393
-0.0254172
-0.025971
-0.0264935
-0.0269774
-0.0274148
-0.0277976
-0.0281177
-0.0283667
-0.0285363
-0.0286184
-0.0286051
-0.0284889
-0.028263
-0.0279215
-0.0274594
-0.026873
-0.02616
-0.0253199
-0.0243542
-0.0232664
-0.0220628
-0.0207518
-0.0193448
-0.0178561
-0.0163028
-0.0147045
-0.0130836
-0.0114649
-0.00987482
-0.00834118
-0.00689236
-0.00555653
-0.00436071
-0.00332983
-0.00248575
-0.00184632
-0.00142459
-0.0012282
-0.00125897
-0.0015128
-0.00197994
-0.00264542
-0.00349
-0.00449186
-0.00562723
-0.00686304
-0.00816756
-0.00963272
-0.0113483
-0.0114152
-0.012213
-0.0128458
-0.013371
-0.0138532
-0.0142969
-0.0147068
-0.0150916
-0.0154597
-0.0158187
-0.0161755
-0.0165361
-0.0169061
-0.01729
-0.0176917
-0.0181141
-0.0185598
-0.0190302
-0.0195264
-0.0200487
-0.0205968
-0.0211697
-0.0217661
-0.0223838
-0.0230202
-0.0236722
-0.0243358
-0.0250069
-0.0256806
-0.0263514
-0.0270134
-0.02766
-0.0282842
-0.0288787
-0.0294353
-0.0299458
-0.0304016
-0.0307937
-0.031113
-0.0313503
-0.0314967
-0.0315432
-0.0314813
-0.0313031
-0.0310014
-0.03057
-0.030004
-0.0292998
-0.0284557
-0.027472
-0.0263513
-0.0250986
-0.0237219
-0.0222319
-0.0206427
-0.0189714
-0.0172383
-0.015467
-0.0136834
-0.0119163
-0.010196
-0.00855388
-0.00702178
-0.00563059
-0.00440942
-0.00338435
-0.00257738
-0.00200543
-0.00167949
-0.00160407
-0.001777
-0.00218949
-0.00282669
-0.00366854
-0.00469173
-0.00587041
-0.00716833
-0.00855061
-0.0101159
-0.0119605
-0.012868
-0.0136576
-0.014285
-0.0148074
-0.0152881
-0.015732
-0.0161437
-0.016532
-0.0169054
-0.0172715
-0.0176373
-0.0180092
-0.0183926
-0.0187924
-0.0192125
-0.019656
-0.0201256
-0.0206229
-0.0211491
-0.0217045
-0.022289
-0.0229017
-0.0235412
-0.0242055
-0.024892
-0.0255973
-0.0263178
-0.027049
-0.0277859
-0.0285229
-0.0292538
-0.0299719
-0.0306698
-0.0313396
-0.0319729
-0.0325608
-0.0330942
-0.0335633
-0.0339583
-0.0342693
-0.0344861
-0.034599
-0.0345983
-0.0344749
-0.0342204
-0.0338273
-0.0332893
-0.0326015
-0.0317609
-0.0307664
-0.0296193
-0.0283235
-0.0268861
-0.0253169
-0.0236297
-0.0218414
-0.0199727
-0.0180477
-0.016094
-0.0141421
-0.0122249
-0.010377
-0.00863366
-0.00703015
-0.00560002
-0.00437407
-0.00337901
-0.0026362
-0.00216066
-0.00196025
-0.00203524
-0.00237837
-0.0029752
-0.00380511
-0.00484336
-0.00606194
-0.00742122
-0.00888286
-0.0105527
-0.0125335
-0.0143885
-0.0151685
-0.0157898
-0.0163084
-0.016787
-0.0172304
-0.0176432
-0.0180342
-0.018412
-0.0187843
-0.0191583
-0.0195403
-0.0199362
-0.0203507
-0.020788
-0.0212516
-0.0217441
-0.0222673
-0.0228225
-0.0234103
-0.0240305
-0.0246825
-0.0253649
-0.0260757
-0.0268123
-0.0275715
-0.0283494
-0.0291417
-0.029943
-0.0307478
-0.0315496
-0.0323414
-0.0331155
-0.0338637
-0.0345771
-0.0352463
-0.0358614
-0.0364122
-0.036888
-0.0372781
-0.0375713
-0.0377569
-0.0378241
-0.0377626
-0.0375627
-0.0372156
-0.0367135
-0.0360501
-0.0352209
-0.0342233
-0.0330573
-0.0317254
-0.0302333
-0.0285903
-0.026809
-0.0249061
-0.0229023
-0.0208223
-0.0186948
-0.0165518
-0.0144288
-0.0123635
-0.0103948
-0.00856243
-0.00690469
-0.00545757
-0.00425304
-0.0033176
-0.00267099
-0.0023251
-0.00228338
-0.00254063
-0.00308332
-0.00389055
-0.00493628
-0.00619033
-0.00760947
-0.00915161
-0.01093
-0.0130544
-0.0159744
-0.0167438
-0.0173581
-0.0178723
-0.0183483
-0.0187905
-0.0192036
-0.0195965
-0.0199777
-0.0203551
-0.0207359
-0.0211268
-0.0215336
-0.0219613
-0.0224144
-0.0228965
-0.0234102
-0.0239578
-0.0245407
-0.0251595
-0.0258144
-0.0265046
-0.027229
-0.0279857
-0.0287721
-0.0295849
-0.0304205
-0.0312741
-0.0321407
-0.0330143
-0.0338883
-0.0347555
-0.0356079
-0.0364369
-0.0372332
-0.0379868
-0.0386875
-0.0393241
-0.0398853
-0.0403594
-0.0407346
-0.0409989
-0.0411404
-0.0411476
-0.0410095
-0.0407159
-0.0402576
-0.0396268
-0.0388172
-0.0378248
-0.036648
-0.0352877
-0.0337484
-0.0320378
-0.0301678
-0.0281543
-0.0260178
-0.0237831
-0.0214796
-0.0191411
-0.016805
-0.014512
-0.012305
-0.0102279
-0.00832428
-0.00663561
-0.00519972
-0.00404893
-0.00320843
-0.00269501
-0.00251603
-0.00266907
-0.00314206
-0.00391423
-0.00495845
-0.00624239
-0.00771904
-0.00934226
-0.0112332
-0.0135085
-0.0176232
-0.0183813
-0.018988
-0.0194975
-0.0199701
-0.0204105
-0.0208231
-0.0212169
-0.0216003
-0.0219814
-0.0223676
-0.0227655
-0.0231813
-0.0236204
-0.0240872
-0.0245855
-0.0251186
-0.0256885
-0.0262971
-0.0269451
-0.0276327
-0.0283596
-0.0291247
-0.029926
-0.0307611
-0.0316269
-0.0325195
-0.0334344
-0.0343663
-0.0353091
-0.0362561
-0.0371998
-0.0381319
-0.0390435
-0.0399249
-0.0407657
-0.0415548
-0.0422807
-0.0429313
-0.0434939
-0.0439559
-0.0443043
-0.044526
-0.0446084
-0.044539
-0.0443063
-0.0438995
-0.0433093
-0.0425278
-0.0415492
-0.0403701
-0.0389899
-0.0374114
-0.0356408
-0.0336888
-0.0315702
-0.0293048
-0.0269175
-0.0244381
-0.0219014
-0.0193467
-0.0168176
-0.0143606
-0.0120241
-0.00985693
-0.00790659
-0.00621723
-0.00482765
-0.00376936
-0.00306486
-0.00272634
-0.00275497
-0.00314085
-0.00386383
-0.00489602
-0.00620299
-0.00773384
-0.00943807
-0.011445
-0.0138787
-0.0193322
-0.0200787
-0.0206776
-0.0211819
-0.0216508
-0.0220887
-0.0225
-0.0228935
-0.0232777
-0.0236609
-0.0240504
-0.0244532
-0.0248758
-0.0253235
-0.0258014
-0.0263135
-0.0268631
-0.0274527
-0.0280843
-0.028759
-0.0294771
-0.0302384
-0.031042
-0.0318861
-0.0327684
-0.0336858
-0.0346344
-0.0356096
-0.0366062
-0.037618
-0.038638
-0.0396586
-0.0406712
-0.0416666
-0.0426346
-0.0435644
-0.0444444
-0.0452623
-0.0460054
-0.0466603
-0.0472134
-0.0476505
-0.0479577
-0.048121
-0.0481267
-0.0479618
-0.047614
-0.0470722
-0.046327
-0.0453708
-0.0441983
-0.0428072
-0.0411982
-0.0393761
-0.0373498
-0.0351329
-0.0327444
-0.0302083
-0.0275547
-0.0248191
-0.0220425
-0.0192707
-0.0165538
-0.0139447
-0.0114975
-0.00926599
-0.00730117
-0.005649
-0.00434811
-0.00342767
-0.00290568
-0.00278786
-0.0030673
-0.00372511
-0.00473308
-0.00605486
-0.00763551
-0.00941994
-0.011546
-0.0141452
-0.0210986
-0.0218336
-0.0224248
-0.0229238
-0.0233887
-0.0238234
-0.0242324
-0.0246243
-0.0250077
-0.0253908
-0.0257813
-0.0261864
-0.0266128
-0.0270663
-0.027552
-0.0280745
-0.0286372
-0.0292432
-0.0298946
-0.0305927
-0.0313382
-0.0321311
-0.0329705
-0.0338549
-0.0347821
-0.035749
-0.0367517
-0.0377859
-0.0388459
-0.0399257
-0.0410182
-0.0421153
-0.0432085
-0.044288
-0.0453434
-0.0463633
-0.0473357
-0.0482477
-0.0490858
-0.0498358
-0.0504832
-0.0510131
-0.0514102
-0.0516595
-0.0517459
-0.051655
-0.0513729
-0.0508871
-0.0501862
-0.0492608
-0.0481037
-0.0467106
-0.0450804
-0.0432158
-0.0411239
-0.0388169
-0.0363121
-0.0336329
-0.0308089
-0.0278758
-0.0248759
-0.021857
-0.0188724
-0.0159792
-0.013237
-0.0107058
-0.00844408
-0.00650545
-0.00493655
-0.00377421
-0.00304332
-0.0027552
-0.00290692
-0.00348168
-0.00445145
-0.00577829
-0.00740315
-0.00926613
-0.0115139
-0.0142857
-0.0229196
-0.0236437
-0.0242276
-0.0247216
-0.0251822
-0.0256132
-0.0260188
-0.0264076
-0.0267881
-0.0271688
-0.0275574
-0.0279616
-0.0283883
-0.0288437
-0.0293334
-0.0298622
-0.0304341
-0.0310524
-0.0317195
-0.0324372
-0.0332063
-0.0340271
-0.0348989
-0.0358204
-0.0367895
-0.0378032
-0.0388577
-0.0399485
-0.0410701
-0.0422163
-0.0433798
-0.0445526
-0.0457255
-0.0468888
-0.0480315
-0.0491419
-0.0502074
-0.0512145
-0.0521491
-0.0529963
-0.0537406
-0.0543662
-0.0548568
-0.0551962
-0.0553681
-0.0553565
-0.0551463
-0.0547231
-0.0540737
-0.0531871
-0.0520539
-0.0506678
-0.0490256
-0.047128
-0.0449799
-0.0425916
-0.0399788
-0.0371635
-0.0341745
-0.0310475
-0.0278251
-0.024557
-0.0212991
-0.0181124
-0.0150619
-0.0122141
-0.00963483
-0.00738622
-0.00552362
-0.00409258
-0.00312598
-0.00264201
-0.00264281
-0.00311464
-0.00403037
-0.00535087
-0.00701306
-0.00895197
-0.0113235
-0.0142748
-0.0247922
-0.0255068
-0.0260842
-0.0265736
-0.0270299
-0.0274566
-0.0278577
-0.0282416
-0.0286169
-0.0289922
-0.0293756
-0.029775
-0.0301978
-0.0306507
-0.0311397
-0.0316701
-0.0322463
-0.0328721
-0.0335502
-0.0342827
-0.0350709
-0.0359153
-0.0368154
-0.0377701
-0.0387774
-0.0398344
-0.0409375
-0.0420821
-0.0432627
-0.044473
-0.0457055
-0.0469521
-0.0482034
-0.0494493
-0.0506785
-0.0518789
-0.0530373
-0.0541398
-0.0551715
-0.0561169
-0.0569596
-0.057683
-0.0582696
-0.0587023
-0.0589633
-0.0590355
-0.0589021
-0.0585472
-0.057956
-0.0571153
-0.0560139
-0.0546433
-0.0529982
-0.0510769
-0.0488822
-0.0464221
-0.0437104
-0.0407674
-0.0376205
-0.0343047
-0.0308629
-0.0273457
-0.0238111
-0.020324
-0.016954
-0.0137742
-0.0108582
-0.00827673
-0.00609484
-0.00436771
-0.0031375
-0.0024305
-0.00225528
-0.00260228
-0.00344619
-0.00474721
-0.00643839
-0.00844957
-0.0109463
-0.0140835
-0.0267139
-0.0274209
-0.0279933
-0.0284787
-0.0289308
-0.0293527
-0.029748
-0.0301249
-0.0304923
-0.0308587
-0.0312329
-0.031623
-0.032037
-0.0324821
-0.0329649
-0.0334912
-0.0340661
-0.0346936
-0.0353771
-0.036119
-0.0369211
-0.0377839
-0.0387075
-0.0396907
-0.0407319
-0.0418282
-0.0429761
-0.044171
-0.0454073
-0.0466786
-0.0479775
-0.0492955
-0.050623
-0.0519496
-0.0532637
-0.0545527
-0.0558031
-0.0570003
-0.0581288
-0.0591724
-0.0601141
-0.0609361
-0.0616202
-0.062148
-0.0625008
-0.06266
-0.0626074
-0.0623255
-0.0617978
-0.0610092
-0.0599465
-0.0585992
-0.0569595
-0.0550235
-0.0527916
-0.0502694
-0.0474684
-0.0444068
-0.0411103
-0.0376127
-0.0339563
-0.0301922
-0.0263802
-0.0225879
-0.0188896
-0.0153646
-0.0120941
-0.0091581
-0.00663176
-0.00458095
-0.00305831
-0.0020997
-0.00172152
-0.00191976
-0.00267199
-0.00393853
-0.00564882
-0.00772747
-0.01035
-0.0136795
-0.0286821
-0.0293844
-0.0299537
-0.0304361
-0.0308844
-0.0313009
-0.0316888
-0.0320565
-0.0324126
-0.0327663
-0.0331264
-0.0335019
-0.0339012
-0.0343324
-0.0348026
-0.0353183
-0.0358852
-0.0365079
-0.0371904
-0.0379355
-0.0387453
-0.0396208
-0.0405622
-0.0415688
-0.0426389
-0.0437698
-0.044958
-0.046199
-0.0474871
-0.0488159
-0.0501778
-0.051564
-0.0529649
-0.0543696
-0.0557662
-0.0571418
-0.0584822
-0.0597726
-0.0609967
-0.0621376
-0.0631776
-0.0640982
-0.0648801
-0.065504
-0.0659499
-0.066198
-0.0662288
-0.0660232
-0.065563
-0.0648314
-0.0638133
-0.0624958
-0.0608691
-0.0589266
-0.0566664
-0.0540915
-0.0512108
-0.0480401
-0.044603
-0.0409315
-0.037067
-0.0330603
-0.028972
-0.0248723
-0.0208393
-0.0169581
-0.0133174
-0.0100066
-0.00711146
-0.00470947
-0.002865
-0.00162494
-0.00101514
-0.00103865
-0.00167728
-0.00289236
-0.00461021
-0.00675024
-0.0094985
-0.0130259
-0.0306946
-0.0313961
-0.0319648
-0.0324458
-0.0328908
-0.0333012
-0.0336802
-0.0340357
-0.0343768
-0.0347128
-0.0350533
-0.0354079
-0.0357859
-0.0361959
-0.0366462
-0.0371438
-0.0376952
-0.0383057
-0.0389799
-0.0397211
-0.0405318
-0.0414134
-0.0423665
-0.0433905
-0.0444838
-0.045644
-0.0468675
-0.0481499
-0.0494855
-0.0508676
-0.0522884
-0.0537392
-0.0552099
-0.0566895
-0.0581656
-0.0596249
-0.0610529
-0.062434
-0.0637515
-0.064988
-0.0661248
-0.0671426
-0.0680215
-0.0687409
-0.06928
-0.0696176
-0.069733
-0.0696056
-0.0692157
-0.0685446
-0.0675752
-0.0662928
-0.064685
-0.0627432
-0.0604625
-0.0578434
-0.0548921
-0.0516218
-0.0480534
-0.0442168
-0.0401517
-0.0359081
-0.0315469
-0.0271397
-0.0227679
-0.0185218
-0.0144974
-0.0107932
-0.00750608
-0.00472586
-0.00252983
-0.000977448
-0.000105743
7.34332e-05
-0.000427493
-0.00157208
-0.00328414
-0.00547809
-0.00835099
-0.0120818
-0.0327498
-0.0334553
-0.0340268
-0.0345084
-0.0349507
-0.0353545
-0.0357225
-0.0360626
-0.0363841
-0.0366968
-0.0370112
-0.0373377
-0.0376864
-0.0380671
-0.0384889
-0.0389599
-0.0394873
-0.0400772
-0.0407349
-0.0414643
-0.0422684
-0.0431489
-0.0441067
-0.0451415
-0.046252
-0.0474357
-0.0486891
-0.0500076
-0.0513856
-0.0528164
-0.0542919
-0.055803
-0.0573396
-0.0588902
-0.0604421
-0.0619816
-0.0634938
-0.0649625
-0.0663705
-0.0676997
-0.0689307
-0.0700436
-0.0710174
-0.0718308
-0.0724618
-0.0728882
-0.0730879
-0.0730391
-0.0727204
-0.0721115
-0.0711936
-0.0699497
-0.0683655
-0.0664296
-0.0641349
-0.061479
-0.0584652
-0.0551039
-0.0514132
-0.0474203
-0.0431628
-0.0386892
-0.0340597
-0.0293467
-0.0246343
-0.020017
-0.0155974
-0.0114832
-0.00778233
-0.00459756
-0.00202022
-0.000123847
0.00104153
0.00145332
0.00111639
6.35186e-05
-0.00162751
-0.00386643
-0.00686195
-0.0108011
-0.0348466
-0.0355623
-0.0361409
-0.0366254
-0.0370659
-0.0374624
-0.037817
-0.0381378
-0.0384343
-0.0387172
-0.0389978
-0.0392876
-0.0395981
-0.0399401
-0.0403238
-0.0407585
-0.0412523
-0.0418124
-0.0424446
-0.0431535
-0.0439426
-0.0448141
-0.0457693
-0.0468079
-0.0479288
-0.0491297
-0.0504071
-0.0517562
-0.0531715
-0.0546458
-0.0561711
-0.057738
-0.0593359
-0.0609532
-0.0625768
-0.0641926
-0.065785
-0.0673375
-0.0688323
-0.0702505
-0.0715724
-0.072777
-0.0738427
-0.0747472
-0.0754675
-0.0759805
-0.0762629
-0.0762913
-0.0760432
-0.0754966
-0.0746309
-0.0734272
-0.071869
-0.0699427
-0.0676385
-0.0649513
-0.0618817
-0.0584367
-0.0546317
-0.0504908
-0.0460489
-0.0413524
-0.0364603
-0.0314449
-0.0263917
-0.0213989
-0.0165749
-0.012036
-0.00790116
-0.0042865
-0.0012983
0.000974337
0.00246649
0.00314275
0.00299836
0.00206069
0.000407988
-0.00186537
-0.00498046
-0.00913238
-0.0369848
-0.0377185
-0.0383094
-0.0387997
-0.0392395
-0.0396278
-0.0399662
-0.0402629
-0.0405281
-0.0407734
-0.0410113
-0.0412547
-0.0415164
-0.0418089
-0.0421437
-0.0425313
-0.042981
-0.0435008
-0.0440976
-0.0447766
-0.0455418
-0.0463959
-0.0473405
-0.0483755
-0.0494999
-0.0507114
-0.0520065
-0.0533804
-0.0548272
-0.0563398
-0.0579098
-0.0595275
-0.0611822
-0.0628615
-0.0645522
-0.0662396
-0.0679078
-0.0695397
-0.0711169
-0.07262
-0.0740283
-0.0753205
-0.076474
-0.0774657
-0.0782717
-0.0788678
-0.0792295
-0.0793324
-0.0791525
-0.0786663
-0.0778516
-0.0766876
-0.0751558
-0.0732404
-0.0709291
-0.0682141
-0.0650931
-0.06157
-0.057657
-0.0533751
-0.048756
-0.0438436
-0.0386947
-0.0333808
-0.0279881
-0.022617
-0.0173814
-0.0124049
-0.00781751
-0.0037487
-0.000320465
0.00236114
0.00421443
0.00518891
0.0052679
0.00447131
0.00287641
0.000580882
-0.00264965
-0.00701838
-0.0391652
-0.0399265
-0.040536
-0.0410357
-0.0414761
-0.041855
-0.0421736
-0.0424405
-0.0426668
-0.0428652
-0.04305
-0.0432357
-0.0434369
-0.0436677
-0.0439413
-0.0442697
-0.0446636
-0.045132
-0.0456826
-0.0463215
-0.0470533
-0.0478811
-0.0488067
-0.0498303
-0.0509509
-0.0521662
-0.0534727
-0.0548654
-0.0563381
-0.0578836
-0.059493
-0.0611565
-0.0628628
-0.0645993
-0.0663522
-0.0681065
-0.0698456
-0.071552
-0.0732067
-0.0747896
-0.0762796
-0.0776543
-0.0788906
-0.0799645
-0.0808512
-0.0815256
-0.081962
-0.082135
-0.0820192
-0.0815897
-0.0808228
-0.0796959
-0.0781887
-0.076283
-0.0739645
-0.0712226
-0.0680521
-0.0644541
-0.0604373
-0.0560193
-0.0512287
-0.046106
-0.0407056
-0.0350972
-0.0293666
-0.0236158
-0.0179624
-0.0125373
-0.00748012
-0.00293398
0.000962999
0.00408664
0.00633659
0.00764495
0.00798054
0.00735347
0.00583818
0.00353459
0.000193902
-0.0043953
-0.0413902
-0.0421907
-0.0428266
-0.0433398
-0.043782
-0.04415
-0.0444444
-0.0446746
-0.0448528
-0.0449936
-0.045113
-0.0452278
-0.0453549
-0.0455103
-0.0457091
-0.045965
-0.0462902
-0.0466949
-0.0471879
-0.047776
-0.0484643
-0.0492565
-0.0501545
-0.0511588
-0.0522682
-0.0534805
-0.0547919
-0.0561973
-0.0576903
-0.0592631
-0.0609067
-0.0626108
-0.0643637
-0.0661524
-0.0679626
-0.0697786
-0.0715836
-0.0733593
-0.0750861
-0.0767435
-0.0783095
-0.0797611
-0.0810744
-0.0822246
-0.0831861
-0.0839328
-0.084438
-0.0846752
-0.0846177
-0.0842394
-0.083515
-0.0824204
-0.0809334
-0.079034
-0.0767054
-0.0739347
-0.0707139
-0.0670411
-0.0629218
-0.0583702
-0.0534112
-0.048082
-0.0424338
-0.036534
-0.0304668
-0.0243349
-0.0182586
-0.0123745
-0.00683162
-0.00178584
0.00260824
0.00620733
0.0088907
0.0105706
0.0111985
0.0107721
0.00936083
0.00706529
0.0036209
-0.00119216
-0.0436637
-0.0445177
-0.0451892
-0.0457208
-0.0461661
-0.0465208
-0.0467855
-0.0469704
-0.0470895
-0.0471597
-0.0471996
-0.0472285
-0.0472659
-0.0473304
-0.0474392
-0.047608
-0.0478506
-0.0481786
-0.0486017
-0.0491277
-0.0497622
-0.0505092
-0.0513709
-0.0523478
-0.0534387
-0.0546412
-0.0559513
-0.0573635
-0.0588711
-0.060466
-0.0621387
-0.0638783
-0.0656728
-0.0675087
-0.069371
-0.0712437
-0.0731092
-0.0749488
-0.0767422
-0.0784682
-0.0801041
-0.0816264
-0.0830103
-0.0842302
-0.0852596
-0.0860715
-0.0866383
-0.0869324
-0.0869259
-0.0865915
-0.0859025
-0.0848333
-0.0833599
-0.0814605
-0.0791162
-0.0763117
-0.0730366
-0.069286
-0.0650622
-0.0603761
-0.0552489
-0.0497141
-0.0438195
-0.0376292
-0.0312255
-0.0247104
-0.0182059
-0.0118529
-0.00580874
-0.000241478
0.00467799
0.00878656
0.0119415
0.0140327
0.0149915
0.0148
0.0135198
0.0112506
0.00771022
0.00267001
-0.0459922
-0.046917
-0.0476351
-0.0481904
-0.0486399
-0.0489782
-0.049206
-0.049335
-0.0493818
-0.0493661
-0.0493097
-0.0492353
-0.0491654
-0.0491215
-0.0491235
-0.0491893
-0.0493342
-0.0495715
-0.049912
-0.0503642
-0.0509343
-0.0516266
-0.0524433
-0.0533849
-0.0544502
-0.0556363
-0.056939
-0.0583524
-0.0598694
-0.0614812
-0.063178
-0.0649484
-0.0667797
-0.0686578
-0.0705674
-0.0724916
-0.0744124
-0.0763103
-0.0781645
-0.079953
-0.0816526
-0.0832388
-0.0846862
-0.0859685
-0.0870581
-0.0879273
-0.0885476
-0.08889
-0.0889258
-0.0886265
-0.0879638
-0.0869109
-0.0854422
-0.083534
-0.0811656
-0.0783195
-0.0749828
-0.0711478
-0.0668139
-0.0619886
-0.0566896
-0.0509465
-0.0448034
-0.0383208
-0.0315783
-0.0246761
-0.0177367
-0.0109042
-0.00434288
0.00176799
0.00724162
0.0118947
0.015561
0.0181059
0.0194373
0.0195182
0.0183995
0.0161774
0.0125499
0.00727911
-0.0483851
-0.0494015
-0.0501792
-0.0507643
-0.0512187
-0.051536
-0.0517176
-0.0517776
-0.0517358
-0.0516159
-0.0514436
-0.0512458
-0.0510486
-0.050877
-0.0507537
-0.0506989
-0.0507302
-0.0508623
-0.0511069
-0.0514733
-0.0519684
-0.0525963
-0.0533596
-0.0542583
-0.0552912
-0.0564548
-0.0577445
-0.0591539
-0.0606753
-0.0622995
-0.0640159
-0.0658125
-0.0676761
-0.0695919
-0.0715439
-0.0735147
-0.0754855
-0.0774361
-0.0793452
-0.0811901
-0.0829467
-0.0845899
-0.0860934
-0.0874301
-0.0885718
-0.0894896
-0.0901541
-0.0905354
-0.0906035
-0.0903289
-0.089682
-0.0886345
-0.0871594
-0.0852313
-0.0828277
-0.079929
-0.0765199
-0.0725904
-0.0681369
-0.0631638
-0.0576852
-0.0517269
-0.0453291
-0.0385484
-0.031461
-0.0241648
-0.0167813
-0.00945677
-0.00236088
0.00431701
0.0103749
0.0156092
0.0198292
0.0228733
0.0246227
0.0250174
0.0240942
0.0219429
0.0182385
0.0127332
-0.0508557
-0.0519891
-0.0528417
-0.0534629
-0.0539219
-0.0542117
-0.054335
-0.0543094
-0.0541594
-0.0539133
-0.0536023
-0.0532578
-0.0529107
-0.0525896
-0.0523207
-0.0521268
-0.0520275
-0.052039
-0.0521742
-0.0524429
-0.0528523
-0.0534068
-0.0541085
-0.0549573
-0.0559514
-0.057087
-0.0583587
-0.0597595
-0.0612811
-0.0629134
-0.0646454
-0.0664642
-0.0683559
-0.0703051
-0.072295
-0.0743075
-0.0763232
-0.0783213
-0.0802794
-0.0821743
-0.0839812
-0.0856742
-0.0872262
-0.0886092
-0.0897941
-0.0907511
-0.0914499
-0.0918596
-0.0919492
-0.0916877
-0.0910445
-0.0899899
-0.0884954
-0.0865341
-0.0840816
-0.0811165
-0.0776214
-0.0735837
-0.0689973
-0.0638634
-0.0581927
-0.0520076
-0.045344
-0.0382547
-0.0308118
-0.0231101
-0.0152696
-0.00743703
0.000213789
0.00748476
0.0141597
0.0200149
0.0248342
0.0284269
0.0306443
0.0313993
0.03071
0.0286562
0.0248866
0.0191419
-0.0534223
-0.0547034
-0.0556488
-0.0563129
-0.0567746
-0.0570276
-0.0570767
-0.0569447
-0.0566621
-0.0562637
-0.0557869
-0.0552691
-0.0547464
-0.0542518
-0.0538152
-0.0534622
-0.0532145
-0.0530897
-0.0531018
-0.053261
-0.0535746
-0.0540469
-0.0546796
-0.0554722
-0.056422
-0.0575247
-0.0587741
-0.0601624
-0.0616805
-0.0633175
-0.0650615
-0.0668989
-0.0688151
-0.0707938
-0.0728175
-0.0748674
-0.0769231
-0.0789632
-0.0809648
-0.0829035
-0.0847539
-0.0864893
-0.0880819
-0.0895026
-0.0907216
-0.0917081
-0.0924309
-0.0928579
-0.092957
-0.0926961
-0.0920435
-0.0909679
-0.0894395
-0.0874298
-0.0849126
-0.0818648
-0.0782669
-0.0741041
-0.0693676
-0.0640558
-0.0581762
-0.0517475
-0.0448018
-0.0373876
-0.029573
-0.021449
-0.013133
-0.00477142
0.00345935
0.0113539
0.0186829
0.0252031
0.0306722
0.0348686
0.03761
0.0387776
0.038366
0.0364406
0.0326189
0.0266283
-0.0561101
-0.0575762
-0.0586352
-0.0593485
-0.0598089
-0.0600116
-0.0599656
-0.0597008
-0.0592557
-0.0586734
-0.057999
-0.0572772
-0.0565499
-0.0558553
-0.055227
-0.0546937
-0.0542792
-0.0540023
-0.0538777
-0.053916
-0.0541243
-0.0545064
-0.0550635
-0.0557943
-0.0566953
-0.0577612
-0.0589849
-0.0603576
-0.0618693
-0.0635082
-0.0652614
-0.0671146
-0.0690521
-0.0710569
-0.0731107
-0.0751937
-0.0772849
-0.0793621
-0.0814013
-0.0833778
-0.085265
-0.0870356
-0.0886607
-0.0901105
-0.0913543
-0.0923603
-0.0930961
-0.0935288
-0.0936252
-0.0933518
-0.0926756
-0.0915641
-0.089986
-0.0879112
-0.0853119
-0.0821631
-0.0784432
-0.0741354
-0.0692282
-0.0637175
-0.0576076
-0.0509136
-0.0436638
-0.0359026
-0.0276936
-0.0191238
-0.0103072
-0.00138881
0.00745359
0.0160087
0.0240353
0.0312713
0.0374478
0.0423104
0.0456396
0.0472799
0.0471968
0.0454359
0.041577
0.0353317
-0.0589531
-0.0606494
-0.0618459
-0.062614
-0.0630653
-0.0631987
-0.0630298
-0.0625985
-0.0619539
-0.0611496
-0.0602404
-0.0592791
-0.0583147
-0.0573909
-0.0565452
-0.0558094
-0.0552091
-0.0547643
-0.0544899
-0.0543966
-0.0544909
-0.0547759
-0.0552519
-0.0559165
-0.0567652
-0.0577914
-0.0589869
-0.060342
-0.0618453
-0.0634841
-0.0652445
-0.0671111
-0.0690674
-0.0710954
-0.0731759
-0.0752883
-0.0774108
-0.0795201
-0.0815918
-0.0836
-0.0855174
-0.0873158
-0.0889655
-0.0904359
-0.091695
-0.0927103
-0.0934482
-0.0938748
-0.0939557
-0.0936561
-0.0929418
-0.091779
-0.0901345
-0.087977
-0.0852768
-0.0820071
-0.0781443
-0.0736693
-0.0685682
-0.0628342
-0.0564685
-0.0494828
-0.0419016
-0.0337648
-0.0251319
-0.0160852
-0.00673489
0.00277656
0.012271
0.0215326
0.0303096
0.0383216
0.0452732
0.0508749
0.0548665
0.0570501
0.0573556
0.0558018
0.0519228
0.0454105
-0.0619973
-0.063979
-0.0653404
-0.0661664
-0.0665953
-0.0666324
-0.0663036
-0.0656626
-0.0647726
-0.0637005
-0.0625125
-0.0612711
-0.0600332
-0.0588481
-0.0577577
-0.0567963
-0.0559912
-0.0553629
-0.0549265
-0.0546919
-0.0546647
-0.054847
-0.0552377
-0.055833
-0.0566271
-0.0576119
-0.0587781
-0.0601143
-0.0616081
-0.0632457
-0.065012
-0.0668905
-0.0688635
-0.0709123
-0.0730167
-0.0751552
-0.0773049
-0.079442
-0.0815409
-0.083575
-0.0855163
-0.0873354
-0.0890019
-0.0904841
-0.0917492
-0.0927636
-0.0934927
-0.0939014
-0.093954
-0.0936147
-0.0928476
-0.0916176
-0.08989
-0.0876317
-0.0848113
-0.0813999
-0.077372
-0.0727061
-0.0673859
-0.0614016
-0.0547514
-0.0474435
-0.0394985
-0.0309519
-0.0218585
-0.0122957
-0.00236945
0.00778127
0.0179791
0.0280049
0.0375976
0.0464592
0.0542673
0.0606955
0.0654388
0.0682507
0.0690173
0.0677224
0.0638434
0.057047
-0.0653049
-0.0676396
-0.0691963
-0.0700796
-0.0704639
-0.0703665
-0.0698285
-0.0689224
-0.06773
-0.0663344
-0.0648159
-0.063248
-0.0616958
-0.0602148
-0.0588508
-0.0576403
-0.0566115
-0.0557851
-0.0551754
-0.0547912
-0.0546367
-0.0547122
-0.0550149
-0.0555394
-0.056278
-0.0572212
-0.0583578
-0.0596752
-0.0611595
-0.0627957
-0.0645672
-0.0664566
-0.0684451
-0.0705128
-0.0726387
-0.0748002
-0.0769737
-0.0791342
-0.0812556
-0.0833101
-0.0852689
-0.0871018
-0.0887774
-0.090263
-0.091525
-0.0925286
-0.0932382
-0.0936174
-0.0936292
-0.0932367
-0.0924025
-0.0910898
-0.0892625
-0.0868855
-0.0839256
-0.0803519
-0.0761365
-0.0712555
-0.0656898
-0.0594268
-0.0524613
-0.0447977
-0.0364524
-0.0274565
-0.0178594
-0.00773341
0.00282078
0.0136683
0.0246338
0.0354961
0.0459861
0.0557887
0.0645538
0.0719162
0.077521
0.0810657
0.0823835
0.0814123
0.0775579
0.0704536
-0.0689602
-0.0717308
-0.0735162
-0.0744487
-0.0747536
-0.0744674
-0.0736539
-0.0724113
-0.0708454
-0.0690594
-0.0671497
-0.0652021
-0.0632907
-0.0614765
-0.0598087
-0.0583255
-0.0570549
-0.056017
-0.0552245
-0.0546843
-0.0543983
-0.0543648
-0.0545787
-0.0550325
-0.0557164
-0.056619
-0.0577273
-0.0590271
-0.0605029
-0.0621381
-0.0639152
-0.0658152
-0.0678184
-0.0699037
-0.0720491
-0.074231
-0.076425
-0.0786051
-0.0807443
-0.0828139
-0.0847843
-0.0866244
-0.0883017
-0.0897828
-0.0910329
-0.0920162
-0.0926959
-0.0930345
-0.0929938
-0.0925353
-0.0916204
-0.0902104
-0.0882676
-0.085755
-0.0826373
-0.0788814
-0.0744568
-0.069337
-0.0634999
-0.0569295
-0.049617
-0.0415626
-0.0327781
-0.0232892
-0.0131397
-0.00239593
0.00884768
0.0204616
0.0322737
0.0440624
0.0555514
0.0664094
0.0762581
0.0846899
0.0912947
0.0957046
0.0976887
0.0971247
0.0933262
0.0858814
-0.0730782
-0.076387
-0.0784358
-0.0793972
-0.0795681
-0.0790161
-0.0778381
-0.0761669
-0.0741388
-0.0718813
-0.0695093
-0.067122
-0.0648017
-0.0626148
-0.0606126
-0.0588335
-0.0573046
-0.0560436
-0.0550609
-0.0543604
-0.0539413
-0.0537988
-0.0539252
-0.0543103
-0.054942
-0.0558067
-0.0568893
-0.0581738
-0.0596431
-0.061279
-0.0630626
-0.0649737
-0.0669914
-0.0690934
-0.0712567
-0.0734569
-0.0756685
-0.0778646
-0.0800173
-0.0820972
-0.0840735
-0.0859145
-0.0875866
-0.0890556
-0.0902855
-0.0912396
-0.0918799
-0.0921678
-0.0920637
-0.0915277
-0.0905195
-0.088999
-0.0869265
-0.0842631
-0.0809711
-0.0770149
-0.0723615
-0.0669811
-0.0608484
-0.0539435
-0.0462533
-0.0377732
-0.0285096
-0.0184821
-0.00772774
0.00369452
0.0156977
0.0281594
0.0409127
0.0537374
0.0663519
0.0784093
0.0895018
0.099176
0.106959
0.112407
0.115208
0.115163
0.111463
0.103633
-0.077817
-0.0817909
-0.0841361
-0.0850852
-0.0850379
-0.0841108
-0.0824479
-0.0802289
-0.077628
-0.0748014
-0.0718846
-0.0689897
-0.066207
-0.0636062
-0.0612391
-0.0591425
-0.0573406
-0.0558479
-0.0546705
-0.0538085
-0.0532573
-0.0530085
-0.0530511
-0.0533718
-0.0539557
-0.0547867
-0.0558477
-0.0571206
-0.0585864
-0.0602255
-0.0620174
-0.0639407
-0.0659732
-0.0680916
-0.0702718
-0.0724884
-0.0747151
-0.076924
-0.0790864
-0.0811719
-0.0831491
-0.0849852
-0.0866459
-0.0880957
-0.0892981
-0.090215
-0.0908075
-0.0910357
-0.0908586
-0.090235
-0.0891231
-0.0874809
-0.0852668
-0.0824397
-0.0789597
-0.0747883
-0.0698895
-0.0642301
-0.0577809
-0.0505175
-0.0424219
-0.0334839
-0.023703
-0.0130918
-0.00167886
0.0104861
0.0233257
0.0367271
0.0505316
0.0645233
0.0784179
0.0918543
0.104395
0.115535
0.12473
0.131444
0.135268
0.135895
0.132356
0.12408
-0.0833969
-0.0881936
-0.0908599
-0.0917204
-0.0913256
-0.0898672
-0.0875571
-0.0846359
-0.0813246
-0.0778122
-0.0742551
-0.0707776
-0.0674755
-0.0644191
-0.0616581
-0.0592251
-0.0571394
-0.0554097
-0.0540369
-0.0530159
-0.0523371
-0.0519878
-0.051953
-0.0522159
-0.0527585
-0.0535621
-0.0546071
-0.0558733
-0.0573399
-0.0589856
-0.0607884
-0.0627257
-0.064774
-0.066909
-0.0691055
-0.0713372
-0.0735768
-0.0757959
-0.0779645
-0.0800518
-0.0820253
-0.0838515
-0.0854951
-0.08692
-0.0880884
-0.0889615
-0.0894991
-0.0896602
-0.0894026
-0.0886836
-0.0874597
-0.0856873
-0.0833228
-0.0803228
-0.0766447
-0.0722474
-0.0670912
-0.0611392
-0.0543578
-0.0467174
-0.0381942
-0.028771
-0.0184395
-0.00720319
0.00491988
0.0178916
0.0316477
0.0460884
0.0610675
0.0763782
0.091738
0.106775
0.121022
0.133919
0.144837
0.153128
0.158257
0.159778
0.156494
0.147695
-0.0901295
-0.0959447
-0.0989354
-0.0995724
-0.0986311
-0.0964186
-0.0932414
-0.0894187
-0.0852269
-0.08089
-0.0765842
-0.0724427
-0.0685624
-0.0650103
-0.06183
-0.0590464
-0.0566709
-0.0547045
-0.0531406
-0.0519676
-0.0511698
-0.0507295
-0.0506269
-0.0508414
-0.0513518
-0.0521361
-0.0531724
-0.0544383
-0.0559111
-0.0575679
-0.0593851
-0.0613389
-0.0634046
-0.065557
-0.0677697
-0.0700158
-0.072267
-0.074494
-0.0766663
-0.0787521
-0.0807182
-0.0825303
-0.0841526
-0.0855477
-0.0866773
-0.0875014
-0.087979
-0.0880678
-0.0877245
-0.0869049
-0.0855641
-0.0836566
-0.0811367
-0.0779588
-0.0740777
-0.0694488
-0.0640292
-0.0577776
-0.0506553
-0.042627
-0.0336618
-0.0237345
-0.0128272
-0.000932112
0.0119458
0.0257836
0.0405341
0.0561161
0.0724022
0.089202
0.106243
0.123148
0.139425
0.154455
0.167512
0.177808
0.184645
0.187387
0.184512
0.17509
-0.098466
-0.105539
-0.108809
-0.108988
-0.107195
-0.103909
-0.0995678
-0.0945877
-0.089307
-0.083984
-0.0788093
-0.0739185
-0.0694029
-0.06532
-0.0617015
-0.0585605
-0.0558969
-0.053701
-0.0519569
-0.0506447
-0.0497418
-0.0492243
-0.0490674
-0.0492463
-0.0497359
-0.0505115
-0.0515483
-0.0528219
-0.0543076
-0.055981
-0.0578171
-0.0597908
-0.0618764
-0.0640476
-0.0662773
-0.0685377
-0.0707998
-0.0730334
-0.0752076
-0.0772897
-0.0792459
-0.0810412
-0.0826391
-0.0840015
-0.0850892
-0.0858615
-0.0862763
-0.0862903
-0.0858591
-0.0849373
-0.0834784
-0.0814348
-0.0787594
-0.075404
-0.0713207
-0.0664616
-0.0607799
-0.0542297
-0.0467668
-0.0383494
-0.0289385
-0.0184996
-0.00700333
0.00557185
0.0192372
0.0339891
0.0498028
0.0666228
0.0843494
0.102819
0.121782
0.140871
0.159575
0.177221
0.192971
0.205867
0.214997
0.219455
0.217254
0.207094
-0.109079
-0.117692
-0.121091
-0.12041
-0.117292
-0.112478
-0.106574
-0.100112
-0.0934918
-0.0869992
-0.080828
-0.0751045
-0.069904
-0.0652652
-0.0612011
-0.0577073
-0.0547678
-0.0523594
-0.0504546
-0.0490235
-0.0480356
-0.0474601
-0.0472669
-0.0474264
-0.04791
-0.0486898
-0.0497385
-0.0510295
-0.0525364
-0.0542332
-0.0560938
-0.0580918
-0.0602006
-0.0623932
-0.0646415
-0.0669172
-0.0691904
-0.0714306
-0.073606
-0.0756836
-0.077629
-0.0794065
-0.0809789
-0.0823077
-0.0833528
-0.084073
-0.0844252
-0.0843653
-0.0838478
-0.082826
-0.0812519
-0.0790772
-0.0762518
-0.0727256
-0.0684478
-0.0633675
-0.0574336
-0.0505956
-0.0428032
-0.0340074
-0.0241606
-0.0132172
-0.00113481
0.0121243
0.0265911
0.0422862
0.0592137
0.0773525
0.0966421
0.116962
0.138103
0.159728
0.181332
0.202201
0.221379
0.237705
0.249985
0.256936
0.255873
0.24488
-0.123011
-0.133454
-0.136617
-0.134383
-0.129216
-0.122227
-0.114231
-0.105882
-0.0976322
-0.0897724
-0.0824796
-0.0758521
-0.0699338
-0.0647326
-0.0602339
-0.0564088
-0.0532209
-0.0506301
-0.0485949
-0.0470746
-0.0460294
-0.0454216
-0.0452151
-0.0453759
-0.0458716
-0.0466714
-0.0477456
-0.0490657
-0.0506037
-0.0523323
-0.0542242
-0.0562522
-0.0583889
-0.0606064
-0.0628762
-0.0651693
-0.0674555
-0.0697036
-0.0718814
-0.0739555
-0.075891
-0.0776518
-0.0792002
-0.0804972
-0.0815022
-0.0821733
-0.0824668
-0.0823378
-0.0817399
-0.0806253
-0.0789451
-0.076649
-0.0736855
-0.0700021
-0.0655457
-0.0602618
-0.0540955
-0.0469913
-0.0388928
-0.0297433
-0.0194858
-0.00806289
0.00458257
0.0185069
0.0337641
0.0504038
0.0684662
0.0879744
0.108922
0.13125
0.154818
0.179353
0.204395
0.229223
0.252787
0.273695
0.290392
0.301068
0.301995
0.290185
-0.141953
-0.154401
-0.156515
-0.151546
-0.143222
-0.13315
-0.122377
-0.111658
-0.101461
-0.09204
-0.0835221
-0.0759491
-0.0693121
-0.0635731
-0.0586784
-0.0545677
-0.0511793
-0.048453
-0.046332
-0.0447632
-0.0436976
-0.0430902
-0.0428993
-0.0430866
-0.0436163
-0.044455
-0.045571
-0.046934
-0.0485149
-0.0502852
-0.0522169
-0.054282
-0.0564526
-0.0587002
-0.060996
-0.0633105
-0.0656131
-0.0678725
-0.070056
-0.0721299
-0.0740592
-0.0758072
-0.0773361
-0.0786064
-0.0795773
-0.0802062
-0.0804491
-0.0802605
-0.0795932
-0.0783986
-0.0766267
-0.0742259
-0.0711432
-0.0673243
-0.0627134
-0.0572531
-0.0508847
-0.0435477
-0.0351799
-0.0257167
-0.0150914
-0.00323418
0.00992787
0.0244713
0.0404761
0.058025
0.0772013
0.0980828
0.120732
0.145178
0.171381
0.199183
0.228231
0.257871
0.287024
0.31409
0.337081
0.353456
0.357954
0.345737
-0.168821
-0.182945
-0.182269
-0.172556
-0.159408
-0.145016
-0.130615
-0.116988
-0.104532
-0.0933993
-0.0836086
-0.0751067
-0.0678045
-0.0615994
-0.0563873
-0.0520693
-0.0485545
-0.0457606
-0.0436145
-0.0420509
-0.0410118
-0.0404454
-0.0403052
-0.040549
-0.0411385
-0.0420381
-0.0432146
-0.0446367
-0.0462742
-0.0480981
-0.0500798
-0.0521909
-0.0544032
-0.056688
-0.0590162
-0.0613581
-0.0636831
-0.0659596
-0.0681548
-0.0702349
-0.0721646
-0.0739073
-0.0754249
-0.0766777
-0.0776247
-0.0782231
-0.0784284
-0.0781948
-0.0774747
-0.0762188
-0.0743761
-0.0718943
-0.068719
-0.0647942
-0.0600619
-0.0544622
-0.0479327
-0.0404087
-0.0318221
-0.0221011
-0.0111693
0.00105518
0.0146613
0.0297466
0.0464184
0.0647957
0.0850099
0.107203
0.131522
0.158108
0.187064
0.218409
0.251991
0.287349
0.323517
0.358821
0.390841
0.416107
0.427176
0.416095
-0.208949
-0.222787
-0.215646
-0.197836
-0.177439
-0.157127
-0.138134
-0.121083
-0.106148
-0.0932639
-0.082265
-0.072951
-0.0651209
-0.0585894
-0.053192
-0.0487864
-0.0452507
-0.042481
-0.0403886
-0.0388974
-0.0379419
-0.0374649
-0.0374163
-0.0377514
-0.0384301
-0.0394157
-0.0406742
-0.0421736
-0.0438837
-0.0457751
-0.047819
-0.0499872
-0.0522513
-0.0545827
-0.0569523
-0.0593304
-0.0616866
-0.0639891
-0.0662054
-0.0683015
-0.0702424
-0.0719912
-0.0735101
-0.0747592
-0.0756975
-0.0762821
-0.0764685
-0.0762105
-0.0754602
-0.0741681
-0.0722827
-0.0697507
-0.0665169
-0.0625241
-0.0577124
-0.0520199
-0.0453812
-0.0377278
-0.0289865
-0.0190791
-0.00792072
0.00458197
0.0185329
0.0340494
0.051266
0.0703382
0.0914475
0.114805
0.140656
0.169272
0.200942
0.235934
0.274414
0.316301
0.361009
0.407094
0.451995
0.491257
0.514653
0.509205
-0.272335
-0.279471
-0.258369
-0.227064
-0.196092
-0.167987
-0.14349
-0.122698
-0.105304
-0.0908563
-0.0789052
-0.0690482
-0.0609443
-0.054313
-0.0489259
-0.0445985
-0.0411808
-0.0385508
-0.0366078
-0.0352684
-0.0344622
-0.0341294
-0.0342181
-0.0346829
-0.0354832
-0.0365823
-0.0379464
-0.0395437
-0.0413443
-0.0433192
-0.0454399
-0.0476786
-0.0500072
-0.0523973
-0.0548203
-0.0572467
-0.0596461
-0.0619874
-0.064238
-0.0663643
-0.0683313
-0.0701025
-0.0716401
-0.0729045
-0.0738546
-0.0744478
-0.0746396
-0.0743837
-0.0736324
-0.0723358
-0.0704422
-0.067898
-0.0646473
-0.0606319
-0.0557912
-0.0500612
-0.0433747
-0.0356599
-0.0268401
-0.0168318
-0.00554307
0.00712861
0.0212998
0.037105
0.0547025
0.0742812
0.0960695
0.120347
0.147456
0.177817
0.211934
0.250386
0.293791
0.342683
0.39726
0.456942
0.519763
0.580827
0.627149
0.638527
-0.377916
-0.360626
-0.311468
-0.258728
-0.21298
-0.175184
-0.144649
-0.120279
-0.100878
-0.085401
-0.0730112
-0.0630631
-0.055065
-0.0486447
-0.0435191
-0.0394711
-0.0363327
-0.0339715
-0.0322819
-0.0311782
-0.0305897
-0.030457
-0.0307292
-0.0313621
-0.0323164
-0.0335566
-0.0350501
-0.0367663
-0.0386761
-0.0407514
-0.0429648
-0.045289
-0.0476965
-0.0501598
-0.0526505
-0.0551397
-0.0575977
-0.0599935
-0.0622951
-0.0644692
-0.0664812
-0.068295
-0.0698729
-0.0711757
-0.0721628
-0.0727915
-0.0730177
-0.0727954
-0.0720768
-0.0708122
-0.06895
-0.0664365
-0.0632154
-0.0592284
-0.0544139
-0.0487074
-0.0420401
-0.0343387
-0.0255237
-0.0155083
-0.00419604
0.0085221
0.0227715
0.038699
0.0564806
0.0763305
0.098515
0.123371
0.151328
0.182947
0.21895
0.260275
0.308102
0.363846
0.429027
0.504946
0.591678
0.685413
0.772902
0.826525
-0.569202
-0.474708
-0.371303
-0.28738
-0.222971
-0.174604
-0.138703
-0.11193
-0.0917052
-0.0762162
-0.0642086
-0.0548093
-0.0474074
-0.0415715
-0.0369916
-0.0334406
-0.0307487
-0.0287862
-0.0274517
-0.0266644
-0.0263581
-0.0264778
-0.0269766
-0.0278135
-0.0289523
-0.0303599
-0.032006
-0.0338618
-0.0358999
-0.0380937
-0.0404168
-0.0428431
-0.0453462
-0.0478992
-0.0504747
-0.0530445
-0.0555794
-0.0580491
-0.060422
-0.0626656
-0.0647455
-0.0666262
-0.0682704
-0.0696394
-0.0706929
-0.0713887
-0.0716829
-0.07153
-0.0708825
-0.069691
-0.0679041
-0.0654683
-0.0623276
-0.0584236
-0.0536948
-0.0480763
-0.0414993
-0.0338897
-0.0251673
-0.015244
-0.00402142
0.00861205
0.0227856
0.0386519
0.056395
0.0762423
0.0984806
0.12348
0.151728
0.183883
0.220845
0.263872
0.314732
0.375902
0.450815
0.544009
0.659932
0.799751
0.961872
1.12331
-0.965308
-0.622748
-0.409475
-0.288005
-0.208438
-0.154525
-0.118054
-0.0927532
-0.0745633
-0.061099
-0.0509125
-0.0430824
-0.0370079
-0.0322876
-0.0286458
-0.0258867
-0.0238673
-0.0224797
-0.0216403
-0.0212824
-0.0213515
-0.0218016
-0.0225933
-0.0236917
-0.0250656
-0.026686
-0.028526
-0.0305597
-0.0327621
-0.0351087
-0.0375749
-0.040136
-0.0427671
-0.0454425
-0.0481359
-0.05082
-0.0534664
-0.0560457
-0.0585272
-0.0608788
-0.063067
-0.0650567
-0.0668114
-0.0682929
-0.0694614
-0.0702753
-0.0706912
-0.0706641
-0.070147
-0.0690911
-0.0674454
-0.065157
-0.0621705
-0.058428
-0.0538687
-0.0484286
-0.0420395
-0.0346284
-0.0261163
-0.0164163
-0.00543206
0.00694584
0.0208436
0.0364102
0.0538249
0.0733089
0.0951421
0.119687
0.147427
0.179024
0.215414
0.257964
0.308745
0.370994
0.449992
0.554378
0.696424
0.894053
1.19815
1.65321
-1.67849
-0.770781
-0.36964
-0.222179
-0.147384
-0.102809
-0.0759048
-0.0587763
-0.0469869
-0.0383946
-0.0319126
-0.0269256
-0.0230625
-0.0200889
-0.0178484
-0.0162304
-0.0151533
-0.0145541
-0.0143822
-0.014596
-0.0151598
-0.0160423
-0.0172155
-0.0186537
-0.0203328
-0.0222297
-0.0243222
-0.0265886
-0.0290072
-0.0315562
-0.0342136
-0.0369567
-0.0397625
-0.0426068
-0.0454648
-0.0483104
-0.0511166
-0.053855
-0.0564958
-0.0590079
-0.0613585
-0.0635136
-0.0654372
-0.0670919
-0.0684387
-0.0694365
-0.0700428
-0.0702132
-0.0699014
-0.0690593
-0.0676368
-0.0655816
-0.0628396
-0.0593538
-0.0550649
-0.0499104
-0.0438241
-0.0367355
-0.0285689
-0.0192417
-0.00866297
0.00326923
0.0166712
0.0316781
0.0484505
0.0671833
0.0881189
0.111566
0.13793
0.167759
0.201821
0.241245
0.287782
0.344362
0.416386
0.514629
0.660691
0.906884
1.42694
2.4576
)
;

boundaryField
{
    movingWall
    {
        type            zeroGradient;
    }
    fixedWalls
    {
        type            zeroGradient;
    }
    frontAndBack
    {
        type            empty;
    }
}


// ************************************************************************* //
