/*--------------------------------*- C++ -*----------------------------------*\
  =========                 |
  \\      /  F ield         | OpenFOAM: The Open Source CFD Toolbox
   \\    /   O peration     | Website:  https://openfoam.org
    \\  /    A nd           | Version:  7
     \\/     M anipulation  |
\*---------------------------------------------------------------------------*/
FoamFile
{
    version     2.0;
    format      ascii;
    class       volScalarField;
    location    "0.75";
    object      p;
}
// * * * * * * * * * * * * * * * * * * * * * * * * * * * * * * * * * * * * * //

dimensions      [0 2 -2 0 0 0 0];

internalField   nonuniform List<scalar> 
6400
(
9.326e-08
-4.49965e-06
-6.79737e-05
-0.000186867
-0.000346578
-0.000534258
-0.000738754
-0.000950602
-0.00116209
-0.00136705
-0.00156066
-0.00173914
-0.00189963
-0.00203996
-0.00215852
-0.00225413
-0.00232597
-0.00237346
-0.00239622
-0.00239398
-0.0023666
-0.002314
-0.00223615
-0.00213307
-0.00200483
-0.00185153
-0.00167336
-0.00147057
-0.00124349
-0.000992584
-0.000718426
-0.00042175
-0.000103471
0.000235314
0.000593297
0.000968954
0.00136053
0.00176603
0.0021832
0.00260956
0.00304241
0.00347883
0.00391569
0.00434971
0.00477746
0.0051954
0.00559996
0.00598755
0.00635462
0.0066977
0.00701352
0.007299
0.00755132
0.00776802
0.007947
0.00808662
0.00818569
0.00824356
0.00826014
0.00823589
0.00817188
0.00806978
0.00793184
0.00776092
0.00756043
0.00733436
0.0070872
0.00682395
0.00655009
0.00627154
0.00599464
0.00572613
0.00547312
0.00524303
0.00504347
0.00488206
0.00476564
0.00469943
0.00468572
0.00471261
3.26088e-06
-1.2592e-06
-5.70123e-05
-0.000157526
-0.000291059
-0.000448397
-0.000621043
-0.000801365
-0.0009828
-0.00115991
-0.00132824
-0.00148422
-0.00162505
-0.0017485
-0.0018529
-0.00193695
-0.0019997
-0.00204043
-0.00205865
-0.00205398
-0.00202619
-0.0019751
-0.00190064
-0.00180277
-0.00168154
-0.00153702
-0.00136938
-0.00117887
-0.000965818
-0.000730676
-0.000474009
-0.000196536
0.000100859
0.000417121
0.000751006
0.00110107
0.00146565
0.00184286
0.00223061
0.0026266
0.00302829
0.003433
0.00383783
0.00423975
0.00463562
0.0050222
0.00539621
0.00575438
0.00609348
0.00641038
0.00670209
0.00696584
0.00719911
0.0073997
0.00756574
0.00769579
0.00778885
0.0078444
0.0078624
0.00784338
0.00778838
0.00769901
0.00757739
0.00742622
0.00724867
0.00704843
0.00682966
0.00659693
0.00635525
0.00610997
0.00586677
0.00563161
0.00541065
0.00521016
0.00503641
0.00489528
0.00479166
0.00472914
0.00471234
0.00473941
6.49637e-05
5.28537e-05
-3.04373e-06
-9.57684e-05
-0.000215672
-0.000355478
-0.000508402
-0.000668137
-0.000829131
-0.000986645
-0.00113671
-0.00127606
-0.00140205
-0.00151258
-0.00160597
-0.00168095
-0.00173652
-0.00177191
-0.00178656
-0.00178006
-0.0017521
-0.00170246
-0.00163103
-0.00153773
-0.00142257
-0.0012856
-0.00112698
-0.000946919
-0.000745734
-0.000523849
-0.000281808
-2.02947e-05
0.000259851
0.00055763
0.00087186
0.00120117
0.00154399
0.00189856
0.00226289
0.00263482
0.00301198
0.00339184
0.0037717
0.00414873
0.00451998
0.00488244
0.00523306
0.00556877
0.00588659
0.0061836
0.00645704
0.00670436
0.00692322
0.0071116
0.00726781
0.00739053
0.00747889
0.00753242
0.00755117
0.00753566
0.00748693
0.00740651
0.00729645
0.00715929
0.00699803
0.00681612
0.00661744
0.00640625
0.00618716
0.00596507
0.00574515
0.00553274
0.00533328
0.00515225
0.004995
0.00486653
0.0047709
0.00471141
0.00469515
0.0047262
0.000183316
0.000152379
8.7697e-05
-5.79466e-06
-0.000121322
-0.000252852
-0.000394741
-0.000541774
-0.000689281
-0.000833209
-0.000970108
-0.0010971
-0.0012118
-0.00131229
-0.00139702
-0.00146477
-0.00151459
-0.00154572
-0.00155759
-0.00154978
-0.00152195
-0.00147387
-0.00140537
-0.00131636
-0.00120681
-0.00107676
-0.000926315
-0.000755665
-0.000565091
-0.00035498
-0.000125833
0.000121714
0.000386877
0.000668718
0.000966125
0.00127781
0.00160229
0.00193789
0.00228277
0.00263485
0.00299192
0.00335157
0.00371124
0.00406827
0.00441987
0.00476318
0.0050953
0.00541336
0.00571452
0.00599601
0.00625525
0.0064898
0.00669748
0.00687637
0.00702489
0.00714182
0.00722634
0.00727805
0.00729701
0.00728375
0.00723927
0.00716508
0.00706312
0.00693581
0.00678602
0.00661701
0.00643244
0.00623628
0.00603284
0.00582666
0.00562246
0.00542511
0.00523953
0.0050706
0.00492309
0.00480149
0.00470952
0.00465056
0.00463263
0.0046617
0.000344965
0.000286338
0.000206229
0.000106261
-1.05074e-05
-0.000139134
-0.000274956
-0.000413759
-0.00055172
-0.000685473
-0.000812109
-0.000929159
-0.00103457
-0.00112667
-0.00120407
-0.00126567
-0.0013106
-0.00133816
-0.00134781
-0.00133912
-0.00131176
-0.00126548
-0.0012001
-0.00111549
-0.00101161
-0.000888447
-0.000746077
-0.000584651
-0.000404406
-0.000205679
1.10832e-05
0.000245303
0.000496262
0.000763094
0.00104476
0.00134007
0.00164762
0.00196586
0.00229301
0.00262716
0.00296617
0.00330778
0.00364956
0.00398897
0.00432335
0.00464997
0.00496608
0.00526892
0.00555578
0.00582402
0.00607115
0.00629485
0.00649303
0.00666386
0.00680583
0.00691777
0.0069989
0.00704886
0.00706772
0.00705598
0.00701464
0.00694513
0.00684932
0.00672954
0.00658851
0.00642933
0.00625546
0.00607064
0.00587889
0.00568444
0.00549163
0.00530492
0.00512878
0.0049676
0.00482567
0.00470706
0.00461524
0.00455352
0.00452935
0.00454841
0.000537792
0.000446017
0.000345654
0.000234685
0.000112134
-1.80321e-05
-0.000151982
-0.000286417
-0.000418326
-0.000544998
-0.000664061
-0.000773494
-0.000871593
-0.000956954
-0.00102841
-0.00108501
-0.00112601
-0.00115078
-0.00115883
-0.00114977
-0.00112328
-0.00107912
-0.00101708
-0.000937021
-0.000838861
-0.000722565
-0.000588164
-0.000435756
-0.000265529
-7.77656e-05
0.000127153
0.000348721
0.000586294
0.000839082
0.00110613
0.00138633
0.0016784
0.00198086
0.00229205
0.00261015
0.00293315
0.00325887
0.00358502
0.00390914
0.0042287
0.00454107
0.00484359
0.00513361
0.00540849
0.0056657
0.0059028
0.00611756
0.00630793
0.00647213
0.0066087
0.0067165
0.00679477
0.00684314
0.00686168
0.00685088
0.00681168
0.00674548
0.00665408
0.00653969
0.00640492
0.00625275
0.00608644
0.00590954
0.00572584
0.00553926
0.00535385
0.00517371
0.00500292
0.00484549
0.00470529
0.00458599
0.00449083
0.00442295
0.00438828
0.00439102
0.000751164
0.000623156
0.00049927
0.000373847
0.000241876
0.000106505
-2.91264e-05
-0.000162561
-0.000291526
-0.000413931
-0.000527936
-0.000631963
-0.00072468
-0.000804964
-0.000871889
-0.0009247
-0.000962775
-0.000985604
-0.000992765
-0.000983914
-0.000958765
-0.000917072
-0.000858634
-0.000783296
-0.000690941
-0.000581496
-0.000454945
-0.000311338
-0.000150801
2.64485e-05
0.000220104
0.000429733
0.000654772
0.000894518
0.00114811
0.00141452
0.00169257
0.00198088
0.00227788
0.00258185
0.00289088
0.00320289
0.00351567
0.00382686
0.004134
0.00443455
0.00472591
0.0050055
0.00527075
0.00551915
0.00574833
0.00595606
0.00614035
0.00629942
0.00643182
0.00653641
0.00661243
0.00665948
0.00667762
0.0066673
0.00662944
0.00656534
0.00647675
0.00636581
0.00623503
0.00608724
0.00592558
0.00575342
0.00557433
0.00539203
0.00521029
0.00503292
0.00486369
0.00470626
0.00456416
0.00444072
0.00433895
0.00426179
0.00421312
0.00419514
0.000975758
0.000810021
0.000660541
0.000518193
0.000374079
0.000230678
9.05354e-05
-4.46409e-05
-0.00017325
-0.000293785
-0.000404924
-0.000505519
-0.000594603
-0.000671358
-0.000735111
-0.000785305
-0.000821473
-0.000843226
-0.000850237
-0.000842218
-0.000818917
-0.00078011
-0.000725597
-0.000655201
-0.00056878
-0.000466223
-0.000347464
-0.000212494
-6.13728e-05
0.000105754
0.000288657
0.000486989
0.000700273
0.000927897
0.00116909
0.00142293
0.00168832
0.00196398
0.00224845
0.00254008
0.00283704
0.00313736
0.00343888
0.00373933
0.00403631
0.00432731
0.00460981
0.00488125
0.00513907
0.0053808
0.00560408
0.00580667
0.00598657
0.00614201
0.00627149
0.00637387
0.00644833
0.00649446
0.00651227
0.00650217
0.00646502
0.00640207
0.00631499
0.00620586
0.00607709
0.00593142
0.00577185
0.00560162
0.00542413
0.00524291
0.00506152
0.00488355
0.00471248
0.00455172
0.00440449
0.00427381
0.00416253
0.00407336
0.00400795
0.00396634
0.00120352
0.000999568
0.000823304
0.000662367
0.000504156
0.000350596
0.000203743
6.46379e-05
-6.57377e-05
-0.000186425
-0.000296579
-0.000395476
-0.000482503
-0.000557155
-0.000619007
-0.000667714
-0.000702976
-0.000724532
-0.000732151
-0.00072562
-0.000704727
-0.000669266
-0.000619043
-0.00055387
-0.000473575
-0.000377999
-0.000267028
-0.00014059
1.32254e-06
0.000158648
0.000331241
0.000518843
0.000721068
0.000937398
0.00116716
0.00140954
0.00166352
0.00192793
0.00220138
0.00248231
0.00276899
0.0030595
0.00335175
0.00364352
0.00393244
0.00421607
0.00449188
0.00475733
0.00500986
0.00524699
0.00546633
0.00566563
0.00584285
0.00599616
0.00612404
0.00622527
0.00629899
0.00634475
0.00636247
0.00635252
0.00631569
0.00625317
0.00616659
0.00605791
0.0059295
0.00578399
0.00562431
0.00545355
0.00527501
0.00509206
0.00490809
0.0047265
0.00455059
0.00438352
0.00422829
0.00408766
0.00396434
0.00386087
0.00377664
0.00370953
0.0014275
0.00118546
0.000981854
0.000801275
0.000627606
0.000462326
0.000307086
0.000162326
2.84564e-05
-9.40666e-05
-0.000204847
-0.000303561
-0.000389942
-0.000463793
-0.000524942
-0.000573242
-0.000608571
-0.000630806
-0.000639816
-0.000635454
-0.000617558
-0.00058595
-0.000540439
-0.000480821
-0.000406889
-0.000318446
-0.000215322
-9.7378e-05
3.54738e-05
0.000183254
0.000345909
0.000523269
0.000715048
0.000920831
0.00114005
0.00137197
0.0016157
0.00187013
0.00213398
0.00240576
0.00268382
0.00296628
0.00325113
0.00353617
0.00381906
0.00409738
0.0043686
0.00463015
0.00487947
0.00511404
0.0053314
0.00552927
0.00570554
0.0058583
0.00598596
0.00608722
0.00616116
0.00620723
0.0062253
0.00621564
0.00617897
0.00611643
0.00602956
0.00592028
0.00579086
0.00564389
0.00548218
0.00530877
0.00512685
0.00493967
0.00475051
0.00456263
0.00437917
0.00420315
0.00403736
0.00388437
0.00374684
0.00362718
0.00352256
0.00342882
0.00164159
0.00136197
0.0011309
0.000930085
0.000740064
0.000561962
0.000397089
0.000245335
0.000106586
-1.9157e-05
-0.00013192
-0.000231764
-0.000318764
-0.000392998
-0.000454544
-0.000503469
-0.000539817
-0.000563597
-0.000574779
-0.000573292
-0.000559022
-0.000531816
-0.000491481
-0.000437799
-0.000370532
-0.000289436
-0.000194281
-8.48547e-05
3.9013e-05
0.00017743
0.000330434
0.000497959
0.000679822
0.000875711
0.00108516
0.00130755
0.00154206
0.00178769
0.00204324
0.00230731
0.00257829
0.00285438
0.00313359
0.00341375
0.00369255
0.00396755
0.00423621
0.00449593
0.00474409
0.00497811
0.00519548
0.00539382
0.00557091
0.00572479
0.00585373
0.00595635
0.00603161
0.00607888
0.0060979
0.00608889
0.00605247
0.0059897
0.00590204
0.00579136
0.00565986
0.00551006
0.00534473
0.00516684
0.0049795
0.00478589
0.00458923
0.00439267
0.00419926
0.00401191
0.00383329
0.00366582
0.00351217
0.00337472
0.00324853
0.00312746
0.00184034
0.00152389
0.00126553
0.00104422
0.000837329
0.000645673
0.00047026
0.000310492
0.000165785
3.56978e-05
-8.01933e-05
-0.000182302
-0.000271024
-0.000346713
-0.000409686
-0.00046021
-0.000498493
-0.000524671
-0.000538816
-0.000540929
-0.000530942
-0.000508722
-0.000474076
-0.000426769
-0.000366527
-0.000293057
-0.00020606
-0.00010525
9.62898e-06
0.000138779
0.000282337
0.000440342
0.000612721
0.000799271
0.000999634
0.00121328
0.00143951
0.00167741
0.00192586
0.00218353
0.00244888
0.00272016
0.0029954
0.00327246
0.00354903
0.00382265
0.00409073
0.00435064
0.00459969
0.00483521
0.00505459
0.00525534
0.00543515
0.0055919
0.00572376
0.00582921
0.00590708
0.00595661
0.00597745
0.00596967
0.00593382
0.00587087
0.0057822
0.00566959
0.00553521
0.00538152
0.00521124
0.00502731
0.00483279
0.00463084
0.00442462
0.00421725
0.00401173
0.00381092
0.00361742
0.00343359
0.00326214
0.00310554
0.0029568
0.00280796
0.00201881
0.00166641
0.00138115
0.00113936
0.000915349
0.000709686
0.000523123
0.000354597
0.000203088
6.77495e-05
-5.22163e-05
-0.000157564
-0.000248982
-0.000327095
-0.000392445
-0.000445488
-0.000486587
-0.000516005
-0.000533908
-0.000540364
-0.000535344
-0.000518736
-0.000490342
-0.000449904
-0.000397113
-0.000331614
-0.000253043
-0.00016103
-5.52295e-05
6.46579e-05
0.000198878
0.000347579
0.000510801
0.000688454
0.00088029
0.00108589
0.00130466
0.00153577
0.0017782
0.00203068
0.00229175
0.00255967
0.00283252
0.00310818
0.00338431
0.00365842
0.00392789
0.00419001
0.00444199
0.00468108
0.00490454
0.00510976
0.00529426
0.00545578
0.00559234
0.00570227
0.00578424
0.00583733
0.00586105
0.00585535
0.00582066
0.00575784
0.00566819
0.00555343
0.00541564
0.00525726
0.00508098
0.00488972
0.00468653
0.00447455
0.00425697
0.00403688
0.00381731
0.00360112
0.00339088
0.00318897
0.00299823
0.00282124
0.00264913
0.00247213
0.00217246
0.00178509
0.00147346
0.00121138
0.000970221
0.000750326
0.000552222
0.000374419
0.000215474
7.41611e-05
-5.06666e-05
-0.000160082
-0.000255059
-0.000336472
-0.000405078
-0.000461511
-0.00050628
-0.000539767
-0.000562226
-0.000573784
-0.000574449
-0.000564119
-0.000542591
-0.00050958
-0.000464729
-0.000407626
-0.000337829
-0.000254884
-0.00015835
-4.78201e-05
7.70617e-05
0.000216561
0.000370836
0.000539915
0.000723668
0.00092179
0.00113378
0.00135894
0.0015963
0.00184469
0.00210269
0.00236862
0.00264059
0.00291645
0.00319387
0.00347032
0.00374311
0.00400945
0.00426645
0.00451123
0.00474092
0.00495273
0.00514403
0.00531238
0.00545562
0.00557187
0.00565963
0.00571781
0.00574574
0.00574324
0.00571057
0.00564848
0.00555817
0.00544129
0.00529986
0.00513628
0.00495321
0.00475358
0.00454046
0.00431703
0.00408648
0.00385199
0.00361661
0.00338326
0.0031546
0.00293301
0.00272158
0.00252307
0.00232675
0.00212119
0.00229706
0.00187575
0.0015384
0.00125634
0.000998179
0.000764013
0.000554163
0.000366732
0.000199881
5.20276e-05
-7.83101e-05
-0.000192504
-0.000291802
-0.000377314
-0.000449992
-0.000510643
-0.000559912
-0.00059829
-0.000626108
-0.000643549
-0.000650647
-0.000647308
-0.000633316
-0.000608353
-0.00057201
-0.000523808
-0.000463227
-0.00038972
-0.000302743
-0.000201779
-8.63534e-05
4.39229e-05
0.000189331
0.000350027
0.000526003
0.000717073
0.000922854
0.00114274
0.00137586
0.00162113
0.00187717
0.00214237
0.00241484
0.00269245
0.00297284
0.00325343
0.00353146
0.00380404
0.00406818
0.00432084
0.00455898
0.00477964
0.00498
0.00515741
0.00530948
0.00543413
0.00552963
0.0055947
0.00562846
0.00563053
0.00560104
0.00554058
0.00545024
0.00533157
0.00518655
0.00501752
0.00482715
0.00461838
0.00439431
0.00415819
0.00391329
0.00366287
0.00341008
0.00315797
0.00290928
0.00266653
0.00243306
0.00221189
0.00199053
0.00175586
0.00238864
0.00193445
0.00157209
0.00127051
0.000995603
0.000747264
0.000525603
0.000328335
0.000153245
-1.58978e-06
-0.000137972
-0.000257562
-0.000361861
-0.000452198
-0.000529718
-0.000595381
-0.000649962
-0.000694048
-0.000728042
-0.000752169
-0.000766487
-0.000770903
-0.000765178
-0.000748955
-0.000721768
-0.000683064
-0.000632239
-0.000568649
-0.000491639
-0.000400574
-0.000294852
-0.000173958
-3.74761e-05
0.00011488
0.000283235
0.000467532
0.000667507
0.00088266
0.00111223
0.0013552
0.00161028
0.00187589
0.00215016
0.00243098
0.00271595
0.00300244
0.00328762
0.00356848
0.00384191
0.0041047
0.00435363
0.00458555
0.00479739
0.00498627
0.00514956
0.00528492
0.00539039
0.00546442
0.00550591
0.00551427
0.00548943
0.00543181
0.00534238
0.00522258
0.0050743
0.00489988
0.00470196
0.00448352
0.00424773
0.00399791
0.00373745
0.00346974
0.00319809
0.0029257
0.00265548
0.00239012
0.00213327
0.00188829
0.00164095
0.00137647
0.00244341
0.00195745
0.00157085
0.00125029
0.000959002
0.000696689
0.000463263
0.000256065
7.25151e-05
-8.96455e-05
-0.000232518
-0.000358039
-0.000467952
-0.000563791
-0.000646879
-0.000718325
-0.00077902
-0.000829636
-0.000870637
-0.000902285
-0.000924655
-0.000937643
-0.000940984
-0.000934272
-0.000916977
-0.000888469
-0.000848053
-0.000794977
-0.00072847
-0.000647772
-0.000552148
-0.000440946
-0.000313611
-0.000169712
-8.98474e-06
0.00016865
0.00036306
0.000573862
0.000800407
0.00104177
0.00129672
0.00156375
0.00184102
0.0021264
0.0024175
0.00271161
0.00300583
0.00329703
0.00358195
0.0038572
0.00411938
0.00436509
0.00459101
0.004794
0.00497113
0.0051198
0.00523774
0.00532312
0.00537458
0.00539128
0.0053729
0.0053197
0.00523246
0.0051125
0.00496165
0.00478218
0.00457676
0.00434838
0.00410032
0.00383599
0.00355895
0.00327274
0.00298089
0.0026868
0.00239359
0.00210418
0.00182261
0.00155261
0.00127821
0.000982976
0.00245775
0.00194118
0.00153119
0.00119223
0.000885003
0.000609006
0.000363952
0.000146816
-4.53361e-05
-0.000215085
-0.000364823
-0.000496749
-0.000612833
-0.000714811
-0.000804171
-0.000882157
-0.000949763
-0.00100774
-0.0010566
-0.00109665
-0.00112795
-0.00115039
-0.00116367
-0.00116732
-0.00116075
-0.00114325
-0.00111401
-0.00107218
-0.00101685
-0.000947142
-0.00086217
-0.000761139
-0.000643343
-0.000508199
-0.000355289
-0.000184387
4.51212e-06
0.00021116
0.000435025
0.000675285
0.000930805
0.00120012
0.00148145
0.00177267
0.00207135
0.00237475
0.00267987
0.00298347
0.00328213
0.00357228
0.00385027
0.00411246
0.00435525
0.00457521
0.00476908
0.00493394
0.00506718
0.00516665
0.00523068
0.00525812
0.00524842
0.00520157
0.00511817
0.0049994
0.00484699
0.00466315
0.00445055
0.00421225
0.00395161
0.00367219
0.00337771
0.00307195
0.00275867
0.00244152
0.00212391
0.00180901
0.00150131
0.00120498
0.000902291
0.000575103
0.00242822
0.00188223
0.00144974
0.00109303
0.000770366
0.00048104
0.000224563
-2.45153e-06
-0.000203285
-0.000380825
-0.000537749
-0.000676506
-0.000799286
-0.000908014
-0.00100433
-0.00108961
-0.00116493
-0.00123112
-0.00128873
-0.00133809
-0.00137926
-0.0014121
-0.00143626
-0.00145123
-0.00145634
-0.00145076
-0.00143361
-0.00140389
-0.00136057
-0.00130263
-0.00122904
-0.00113884
-0.00103117
-0.000905274
-0.000760574
-0.000596685
-0.000413445
-0.000210959
1.03778e-05
0.000249861
0.000506454
0.000778771
0.00106507
0.00136326
0.0016709
0.00198519
0.00230305
0.00262111
0.0029358
0.00324332
0.00353981
0.00382134
0.00408401
0.00432404
0.00453782
0.00472206
0.00487378
0.00499045
0.00507003
0.00511105
0.00511262
0.00507447
0.00499699
0.00488115
0.00472856
0.00454138
0.00432228
0.00407436
0.00380109
0.0035062
0.00319363
0.0028674
0.00253155
0.00219005
0.00184663
0.00150478
0.00116949
0.000845405
0.000512996
0.000152373
0.0023515
0.00177734
0.00132327
0.000949517
0.000611975
0.000309729
4.20846e-05
-0.000194699
-0.000404241
-0.000589732
-0.000754123
-0.000900106
-0.00103008
-0.00114616
-0.00125011
-0.00134343
-0.00142728
-0.00150256
-0.00156985
-0.00162949
-0.00168152
-0.00172578
-0.00176188
-0.00178922
-0.00180706
-0.00181447
-0.00181044
-0.00179385
-0.00176355
-0.00171835
-0.00165705
-0.00157855
-0.00148179
-0.00136586
-0.00122998
-0.00107361
-0.000896406
-0.000698315
-0.000479578
-0.000240762
1.72112e-05
0.000293047
0.000585072
0.000891226
0.00120906
0.00153575
0.00186813
0.00220271
0.00253573
0.0028632
0.00318099
0.00348488
0.00377063
0.00403408
0.00427125
0.0044784
0.00465214
0.00478951
0.00488806
0.00494591
0.00496182
0.00493519
0.00486612
0.00475539
0.00460444
0.00441534
0.00419075
0.00393383
0.00364817
0.00333768
0.00300655
0.00265907
0.00229963
0.00193255
0.00156192
0.00119162
0.000827169
0.000473773
0.000110014
-0.000285825
0.00222441
0.00162337
0.00114871
0.000758662
0.000406843
9.21266e-05
-0.000186388
-0.000432792
-0.000651033
-0.000844603
-0.00101672
-0.0011703
-0.00130797
-0.00143197
-0.00154424
-0.00164636
-0.0017396
-0.00182488
-0.00190282
-0.00197375
-0.00203772
-0.00209451
-0.00214368
-0.00218456
-0.0022163
-0.00223789
-0.00224818
-0.00224592
-0.00222981
-0.0021985
-0.00215063
-0.0020849
-0.00200008
-0.00189505
-0.00176886
-0.00162076
-0.00145022
-0.00125701
-0.00104119
-0.000803172
-0.000543745
-0.000264087
3.4213e-05
0.000349147
0.000678282
0.00101877
0.00136737
0.00172047
0.00207414
0.00242419
0.00276619
0.00309561
0.00340785
0.00369834
0.00396266
0.00419661
0.00439631
0.00455832
0.00467971
0.00475815
0.00479195
0.00478014
0.0047225
0.00461952
0.00447247
0.0042833
0.00405465
0.0037897
0.00349219
0.00316624
0.00281628
0.00244694
0.00206298
0.00166914
0.0012699
0.000869596
0.000474342
8.99306e-05
-0.000307025
-0.000740177
0.00204391
0.00141735
0.000923136
0.000517575
0.000152117
-0.000174583
-0.000463638
-0.000719483
-0.000946393
-0.00114815
-0.00132823
-0.00148978
-0.00163561
-0.00176814
-0.00188942
-0.00200114
-0.00210463
-0.00220086
-0.00229047
-0.00237379
-0.00245083
-0.00252135
-0.00258482
-0.00264052
-0.00268748
-0.00272458
-0.00275055
-0.00276399
-0.00276344
-0.00274738
-0.00271428
-0.00266263
-0.00259101
-0.00249809
-0.00238271
-0.0022439
-0.00208094
-0.00189337
-0.00168106
-0.00144425
-0.00118356
-0.000900026
-0.000595131
-0.000270806
7.05522e-05
0.000426087
0.000792497
0.00116607
0.0015427
0.00191796
0.00228717
0.00264544
0.00298778
0.00330919
0.00360474
0.00386974
0.00409975
0.0042908
0.0044394
0.00454268
0.00459847
0.00460534
0.00456266
0.00447063
0.00433026
0.00414336
0.0039125
0.00364091
0.00333244
0.00299144
0.00262262
0.00223099
0.00182171
0.00139997
0.000970749
0.000538828
0.000111008
-0.000306276
-0.000738503
-0.00121139
0.00180711
0.00115646
0.000643768
0.000223517
-0.000154908
-0.000493075
-0.000792315
-0.0010574
-0.00129294
-0.00150298
-0.00169126
-0.00186114
-0.00201562
-0.00215728
-0.00228828
-0.00241041
-0.00252505
-0.00263323
-0.00273559
-0.00283244
-0.00292379
-0.00300932
-0.00308845
-0.00316036
-0.00322398
-0.00327809
-0.00332126
-0.00335195
-0.00336854
-0.00336931
-0.00335255
-0.00331654
-0.00325964
-0.00318031
-0.00307715
-0.00294896
-0.00279478
-0.00261391
-0.00240602
-0.00217113
-0.00190965
-0.00162248
-0.00131094
-0.000976855
-0.00062257
-0.000250924
0.000134745
0.000530624
0.000932459
0.0013356
0.00173507
0.00212563
0.00250187
0.00285831
0.00318951
0.00349017
0.00375529
0.00398025
0.00416094
0.00429389
0.00437635
0.00440635
0.00438279
0.00430548
0.00417514
0.00399338
0.00376266
0.00348625
0.0031681
0.0028128
0.00242536
0.0020112
0.00157593
0.00112525
0.000664659
0.000199468
-0.000262783
-0.000714953
-0.00118476
-0.00170012
0.00151125
0.000838026
0.000307985
-0.000126091
-0.000516778
-0.000865872
-0.00117493
-0.00144905
-0.00169315
-0.00191156
-0.00210827
-0.00228686
-0.00245049
-0.00260189
-0.00274335
-0.00287673
-0.00300347
-0.00312464
-0.00324087
-0.00335249
-0.00345944
-0.00356136
-0.0036576
-0.00374725
-0.00382913
-0.00390188
-0.00396395
-0.00401364
-0.00404914
-0.00406855
-0.00406995
-0.0040514
-0.00401104
-0.00394706
-0.00385784
-0.0037419
-0.00359802
-0.00342527
-0.00322303
-0.0029911
-0.00272966
-0.00243939
-0.00212146
-0.00177755
-0.00140989
-0.0010213
-0.000615119
-0.000195231
0.000233963
0.0006676
0.00110041
0.00152679
0.00194089
0.00233672
0.00270826
0.00304959
0.00335504
0.00361928
0.00383752
0.00400556
0.00411999
0.00417822
0.00417859
0.00412044
0.0040041
0.00383094
0.00360328
0.00332437
0.00299828
0.00262979
0.00222429
0.0017876
0.00132583
0.00084525
0.000351925
-0.000148234
-0.000646886
-0.00113611
-0.00164604
-0.00220695
0.00115378
0.000459543
-8.66556e-05
-0.000533657
-0.000935873
-0.00129533
-0.00161381
-0.00189675
-0.00214935
-0.00237624
-0.00258162
-0.00276928
-0.00294257
-0.00310435
-0.00325702
-0.00340252
-0.00354236
-0.0036776
-0.00380891
-0.00393657
-0.00406051
-0.0041803
-0.00429522
-0.00440425
-0.00450612
-0.00459932
-0.00468217
-0.00475279
-0.00480919
-0.00484927
-0.0048709
-0.0048719
-0.00485016
-0.00480362
-0.00473036
-0.00462865
-0.00449696
-0.00433407
-0.0041391
-0.00391153
-0.00365132
-0.00335888
-0.00303516
-0.00268167
-0.00230052
-0.00189443
-0.00146672
-0.00102132
-0.000562754
-9.60872e-05
0.000373127
0.000838912
0.00129496
0.00173474
0.00215161
0.00253897
0.00289041
0.00319983
0.00346163
0.00367081
0.00382319
0.00391545
0.00394527
0.00391141
0.00381377
0.00365335
0.0034323
0.00315378
0.00282197
0.00244187
0.0020192
0.00156024
0.00107166
0.000560331
3.29556e-05
-0.000503904
-0.00104102
-0.00156963
-0.00212245
-0.00273233
0.000732307
1.87058e-05
-0.000542412
-0.0010014
-0.0014144
-0.00178365
-0.00211116
-0.00240268
-0.00266372
-0.00289916
-0.00311345
-0.00331059
-0.00349406
-0.00366688
-0.00383154
-0.00399007
-0.00414401
-0.00429447
-0.0044421
-0.00458717
-0.00472956
-0.00486879
-0.00500405
-0.00513424
-0.00525796
-0.00537357
-0.00547924
-0.00557292
-0.00565243
-0.00571545
-0.00575963
-0.00578254
-0.00578181
-0.00575509
-0.00570018
-0.00561501
-0.00549776
-0.00534689
-0.00516117
-0.00493979
-0.00468238
-0.00438908
-0.00406058
-0.00369816
-0.00330374
-0.00287992
-0.00242997
-0.00195781
-0.00146807
-0.000965982
-0.000457379
5.13923e-05
0.000553553
0.001042
0.00150945
0.00194856
0.00235209
0.00271308
0.00302504
0.00328208
0.0034791
0.00361194
0.0036775
0.00367387
0.00360037
0.00345759
0.00324737
0.00297279
0.00263806
0.0022484
0.00180987
0.00132924
0.000813768
0.000270995
-0.000291687
-0.000866993
-0.00144472
-0.00201519
-0.00261392
-0.00327651
0.000244639
-0.000486594
-0.00106134
-0.00153136
-0.00195435
-0.00233279
-0.00266892
-0.00296879
-0.00323822
-0.00348232
-0.00370578
-0.00391277
-0.00410697
-0.00429149
-0.00446895
-0.00464144
-0.00481055
-0.00497739
-0.00514264
-0.00530654
-0.00546891
-0.00562923
-0.00578661
-0.00593983
-0.0060874
-0.00622754
-0.00635825
-0.0064773
-0.00658233
-0.0066708
-0.0067401
-0.00678757
-0.00681053
-0.00680634
-0.00677248
-0.00670655
-0.00660637
-0.00647005
-0.006296
-0.00608305
-0.00583048
-0.00553807
-0.00520622
-0.00483593
-0.0044289
-0.00398753
-0.00351497
-0.00301513
-0.00249267
-0.00195298
-0.00140215
-0.00084687
-0.000294408
0.000247557
0.000771037
0.0012679
0.00173002
0.00214949
0.00251882
0.00283108
0.00308017
0.00326094
0.00336938
0.00340275
0.00335969
0.00324024
0.00304589
0.00277952
0.00244533
0.00204873
0.00159614
0.00109481
0.000552647
-2.20912e-05
-0.000621244
-0.00123674
-0.0018573
-0.00247224
-0.00312012
-0.00383949
-0.000311184
-0.00105825
-0.0016453
-0.00212534
-0.00255752
-0.00294455
-0.00328888
-0.00359687
-0.00387461
-0.00412748
-0.00436035
-0.00457761
-0.00478307
-0.00497999
-0.00517107
-0.00535847
-0.00554382
-0.00572827
-0.00591248
-0.00609666
-0.00628062
-0.00646376
-0.00664511
-0.00682336
-0.00699689
-0.0071638
-0.00732192
-0.00746885
-0.007602
-0.00771864
-0.00781589
-0.00789082
-0.00794045
-0.00796182
-0.00795207
-0.00790844
-0.00782836
-0.00770955
-0.00755003
-0.00734819
-0.00710294
-0.00681367
-0.00648039
-0.00610378
-0.00568524
-0.00522693
-0.00473184
-0.00420378
-0.00364741
-0.00306823
-0.00247253
-0.00186737
-0.00126047
-0.000660109
-7.49958e-05
0.000485887
0.00101347
0.00149881
0.00193328
0.00230883
0.00261818
0.00285505
0.00301438
0.00309245
0.00308705
0.00299755
0.00282496
0.00257188
0.00224243
0.00184217
0.00137784
0.000857246
0.000288926
-0.000318061
-0.00095472
-0.00161211
-0.00227778
-0.00293994
-0.00364042
-0.00442098
-0.000936889
-0.00169792
-0.00229588
-0.00278494
-0.00322548
-0.00362048
-0.00397259
-0.00428846
-0.00457445
-0.00483617
-0.00507872
-0.00530665
-0.00552393
-0.00573393
-0.00593946
-0.00614273
-0.00634542
-0.0065487
-0.00675323
-0.00695922
-0.00716641
-0.00737415
-0.0075814
-0.00778676
-0.00798848
-0.00818452
-0.00837256
-0.00855002
-0.0087141
-0.00886184
-0.00899009
-0.00909565
-0.00917521
-0.0092255
-0.00924325
-0.00922534
-0.00916879
-0.00907087
-0.00892916
-0.00874161
-0.00850665
-0.00822325
-0.00789098
-0.00751012
-0.0070817
-0.00660759
-0.00609053
-0.00553417
-0.00494312
-0.00432292
-0.00368004
-0.00302185
-0.00235651
-0.0016929
-0.00104048
-0.000409119
0.00019111
0.00075012
0.00125807
0.00170563
0.0020842
0.00238622
0.00260537
0.00273679
0.00277726
0.00272532
0.00258135
0.00234754
0.00202787
0.00162796
0.00115488
0.000616949
2.34166e-05
-0.000615816
-0.00129085
-0.00199177
-0.00270486
-0.00341709
-0.00417384
-0.00502033
-0.00163394
-0.00240701
-0.00301447
-0.00351148
-0.00395956
-0.00436189
-0.00472135
-0.00504486
-0.00533902
-0.0056097
-0.00586217
-0.00610116
-0.0063308
-0.00655458
-0.00677537
-0.00699547
-0.00721661
-0.00743996
-0.0076662
-0.00789551
-0.0081276
-0.00836178
-0.00859691
-0.00883152
-0.00906373
-0.00929137
-0.00951197
-0.00972275
-0.00992073
-0.0101027
-0.0102652
-0.0104048
-0.0105178
-0.0106006
-0.0106496
-0.0106612
-0.010632
-0.0105588
-0.0104386
-0.010269
-0.0100478
-0.00977357
-0.00944529
-0.00906281
-0.00862672
-0.00813851
-0.00760059
-0.0070164
-0.00639039
-0.00572811
-0.00503613
-0.00432208
-0.00359454
-0.00286298
-0.00213761
-0.0014292
-0.000748913
-0.000108049
0.000482223
0.00101114
0.00146866
0.00184573
0.00213458
0.00232903
0.00242464
0.00241894
0.00231149
0.00210395
0.00180001
0.00140531
0.000927187
0.000374464
-0.000242862
-0.000913992
-0.00162803
-0.00237403
-0.00313683
-0.00390208
-0.00471897
-0.00563644
-0.00240354
-0.00318667
-0.00380218
-0.00430608
-0.00476084
-0.00516986
-0.00553622
-0.00586711
-0.00616938
-0.00644908
-0.00671171
-0.00696216
-0.00720469
-0.00744289
-0.00767975
-0.00791763
-0.00815829
-0.00840294
-0.00865226
-0.00890642
-0.0091651
-0.00942755
-0.00969258
-0.00995861
-0.0102237
-0.0104855
-0.0107413
-0.0109883
-0.0112233
-0.0114427
-0.011643
-0.0118202
-0.0119705
-0.0120898
-0.012174
-0.0122192
-0.0122215
-0.0121772
-0.0120828
-0.0119352
-0.0117318
-0.0114705
-0.0111498
-0.0107689
-0.0103279
-0.00982794
-0.00927091
-0.00865995
-0.00799932
-0.00729443
-0.00655193
-0.00577963
-0.00498649
-0.00418252
-0.00337868
-0.00258668
-0.00181879
-0.00108761
-0.000405748
0.000214481
0.000761385
0.00122425
0.00159367
0.00186188
0.00202302
0.00207336
0.00201148
0.0018383
0.0015571
0.00117341
0.000694764
0.000130497
-0.000508643
-0.0012109
-0.00196431
-0.00275677
-0.00357155
-0.00439283
-0.00527392
-0.00626774
-0.00324659
-0.00403776
-0.00465985
-0.00516956
-0.00563015
-0.0060452
-0.00641802
-0.00675602
-0.00706629
-0.00735508
-0.00762808
-0.00789033
-0.00814624
-0.0083995
-0.0086532
-0.00890975
-0.00917098
-0.00943812
-0.00971186
-0.00999236
-0.0102793
-0.0105718
-0.0108688
-0.0111684
-0.0114687
-0.0117672
-0.0120611
-0.0123474
-0.0126225
-0.0128828
-0.0131244
-0.013343
-0.0135345
-0.0136944
-0.0138182
-0.0139015
-0.0139398
-0.013929
-0.0138649
-0.013744
-0.0135628
-0.0133188
-0.0130098
-0.0126343
-0.012192
-0.0116832
-0.0111094
-0.0104734
-0.00977917
-0.00903182
-0.00823799
-0.0074056
-0.00654392
-0.00566346
-0.00477591
-0.00389389
-0.00303085
-0.00220073
-0.00141767
-0.000695695
-4.82922e-05
0.000511947
0.000973745
0.00132752
0.00156573
0.00168314
0.0016771
0.00154757
0.00129725
0.000931406
0.000457715
-0.00011405
-0.000772376
-0.0015045
-0.00229729
-0.00313738
-0.00400634
-0.00488671
-0.00583621
-0.00691206
-0.00416369
-0.00496086
-0.00558805
-0.00610248
-0.00656803
-0.00698846
-0.00736726
-0.0077121
-0.00803024
-0.00832816
-0.0086117
-0.00888606
-0.00915578
-0.00942468
-0.00969591
-0.00997198
-0.0102547
-0.0105455
-0.0108449
-0.0111532
-0.01147
-0.0117944
-0.0121252
-0.0124606
-0.0127985
-0.0131363
-0.0134711
-0.0137995
-0.0141181
-0.0144227
-0.0147093
-0.0149733
-0.0152102
-0.015415
-0.0155829
-0.0157089
-0.0157881
-0.0158157
-0.015787
-0.0156977
-0.0155438
-0.0153219
-0.0150292
-0.0146637
-0.014224
-0.0137101
-0.0131228
-0.0124643
-0.0117381
-0.0109491
-0.0101039
-0.00921022
-0.00827767
-0.00731718
-0.00634107
-0.00536292
-0.00439731
-0.00345959
-0.00256553
-0.00173097
-0.000971378
-0.000301432
0.00026548
0.000717689
0.00104568
0.00124245
0.00130379
0.00122851
0.00101845
0.000678475
0.000216251
-0.000358058
-0.00103219
-0.00179232
-0.00262408
-0.00351271
-0.00443792
-0.00538044
-0.00640273
-0.00756656
-0.00515513
-0.00595627
-0.00658707
-0.00710514
-0.00757477
-0.00799991
-0.00838423
-0.00873559
-0.00906146
-0.00936848
-0.00966268
-0.0099494
-0.0102333
-0.0105183
-0.0108077
-0.011104
-0.0114092
-0.0117246
-0.0120509
-0.0123883
-0.0127364
-0.0130944
-0.013461
-0.0138342
-0.014212
-0.0145916
-0.01497
-0.0153437
-0.0157088
-0.0160613
-0.0163966
-0.01671
-0.0169964
-0.0172507
-0.0174673
-0.017641
-0.0177661
-0.0178374
-0.0178494
-0.0177971
-0.0176759
-0.0174816
-0.0172106
-0.0168599
-0.0164277
-0.015913
-0.015316
-0.0146383
-0.0138827
-0.0130539
-0.0121578
-0.0112025
-0.0101975
-0.00915411
-0.00808519
-0.00700523
-0.00592993
-0.00487609
-0.00386117
-0.00290294
-0.00201902
-0.00122638
-0.000540763
2.37786e-05
0.000455445
0.000745125
0.000886775
0.000877687
0.000718625
0.000413809
-2.92633e-05
-0.000600135
-0.00128582
-0.00207141
-0.00294122
-0.00387899
-0.00486234
-0.00587003
-0.0069696
-0.00822767
-0.00622087
-0.00702395
-0.0076569
-0.00817753
-0.00865039
-0.00907957
-0.00946891
-0.00982646
-0.0101599
-0.0104759
-0.0107808
-0.01108
-0.0113784
-0.0116799
-0.011988
-0.0123052
-0.0126335
-0.0129745
-0.0133287
-0.0136964
-0.0140772
-0.0144703
-0.0148744
-0.0152875
-0.0157073
-0.0161311
-0.0165558
-0.0169776
-0.0173926
-0.0177963
-0.0181841
-0.0185508
-0.0188911
-0.0191993
-0.0194695
-0.0196959
-0.0198722
-0.0199925
-0.0200508
-0.0200414
-0.0199587
-0.0197977
-0.0195541
-0.019224
-0.0188047
-0.0182943
-0.0176923
-0.0169993
-0.0162178
-0.0153516
-0.0144064
-0.01339
-0.0123118
-0.0111833
-0.0100181
-0.00883126
-0.00763966
-0.00646151
-0.005316
-0.00422295
-0.00320226
-0.00227339
-0.00145474
-0.000763007
-0.000212629
0.000184814
0.000421067
0.000491571
0.000395678
0.000136695
-0.000278256
-0.000838564
-0.00153058
-0.0023383
-0.00324463
-0.0042317
-0.00527486
-0.00635068
-0.0075321
-0.00889092
-0.00736054
-0.00816358
-0.00879725
-0.00931941
-0.00979464
-0.0102272
-0.010621
-0.0109844
-0.0113251
-0.01165
-0.0119656
-0.0122774
-0.0125903
-0.0129086
-0.0132356
-0.0135742
-0.0139263
-0.0142935
-0.0146764
-0.0150755
-0.0154902
-0.0159198
-0.0163629
-0.0168176
-0.0172815
-0.0177519
-0.0182253
-0.018698
-0.0191659
-0.0196243
-0.0200681
-0.0204921
-0.0208905
-0.0212571
-0.0215857
-0.0218699
-0.0221028
-0.0222778
-0.0223882
-0.0224276
-0.0223895
-0.0222681
-0.0220581
-0.0217548
-0.0213543
-0.020854
-0.0202523
-0.019549
-0.0187458
-0.0178457
-0.016854
-0.0157779
-0.0146267
-0.0134122
-0.012148
-0.01085
-0.00953619
-0.00822606
-0.00694059
-0.00570169
-0.00453169
-0.00345272
-0.00248608
-0.00165144
-0.000966248
-0.000444934
-9.8378e-05
6.66021e-05
4.75658e-05
-0.000153422
-0.000529881
-0.00107122
-0.00176324
-0.00258884
-0.00352948
-0.00456552
-0.00566985
-0.00681663
-0.00808454
-0.00955086
-0.00857347
-0.00937457
-0.0100076
-0.0105302
-0.011007
-0.0114422
-0.0118401
-0.0122088
-0.0125564
-0.01289
-0.0132161
-0.0135404
-0.0138679
-0.014203
-0.0145492
-0.0149093
-0.0152856
-0.0156795
-0.0160918
-0.016523
-0.0169726
-0.0174398
-0.0179233
-0.0184212
-0.018931
-0.0194498
-0.0199743
-0.0205005
-0.0210241
-0.0215403
-0.0220437
-0.0225288
-0.0229893
-0.0234188
-0.0238106
-0.0241576
-0.0244524
-0.0246878
-0.0248563
-0.0249506
-0.0249635
-0.0248882
-0.0247184
-0.0244484
-0.0240733
-0.0235895
-0.0229941
-0.0222863
-0.0214664
-0.0205369
-0.0195022
-0.018369
-0.0171463
-0.0158456
-0.0144809
-0.0130686
-0.0116275
-0.0101785
-0.00874424
-0.00734883
-0.00601708
-0.004774
-0.00364398
-0.00265004
-0.00181295
-0.00115047
-0.000676533
-0.000400686
-0.000327602
-0.000456855
-0.000782934
-0.00129552
-0.00197998
-0.0028182
-0.00379012
-0.00487422
-0.0060407
-0.00726108
-0.00862014
-0.0102009
-0.00985865
-0.010656
-0.011287
-0.0118092
-0.0122868
-0.012724
-0.0131252
-0.0134989
-0.0138531
-0.014195
-0.0145312
-0.0148677
-0.0152096
-0.0155614
-0.0159267
-0.0163084
-0.0167089
-0.0171297
-0.0175718
-0.0180356
-0.0185207
-0.0190264
-0.0195514
-0.0200936
-0.0206508
-0.0212199
-0.0217974
-0.0223794
-0.0229614
-0.0235382
-0.0241045
-0.0246542
-0.0251808
-0.0256775
-0.026137
-0.0265518
-0.0269138
-0.0272152
-0.0274477
-0.0276032
-0.0276735
-0.027651
-0.0275282
-0.0272985
-0.0269558
-0.0264952
-0.0259131
-0.025207
-0.0243766
-0.023423
-0.0223499
-0.0211633
-0.0198715
-0.0184858
-0.0170202
-0.0154915
-0.0139192
-0.0123254
-0.0107345
-0.00917249
-0.00766695
-0.00624582
-0.00493686
-0.0037667
-0.00275985
-0.00193781
-0.0013181
-0.000913506
-0.00073143
-0.00077356
-0.00103576
-0.00150828
-0.00217628
-0.00302069
-0.00401993
-0.00515049
-0.00637965
-0.00767605
-0.00913089
-0.0108333
-0.0112147
-0.0120067
-0.0126346
-0.0131554
-0.0136329
-0.0140715
-0.0144755
-0.0148536
-0.0152138
-0.0155635
-0.0159094
-0.0162577
-0.0166136
-0.0169817
-0.0173657
-0.0177687
-0.0181933
-0.0186409
-0.0191128
-0.0196093
-0.0201302
-0.0206749
-0.021242
-0.0218296
-0.0224352
-0.023056
-0.0236883
-0.024328
-0.0249706
-0.0256107
-0.0262427
-0.0268602
-0.0274565
-0.0280244
-0.028556
-0.0290432
-0.0294776
-0.0298504
-0.0301527
-0.0303755
-0.0305097
-0.0305467
-0.030478
-0.0302957
-0.0299927
-0.0295628
-0.0290011
-0.0283039
-0.0274696
-0.0264983
-0.0253925
-0.0241571
-0.0228
-0.0213318
-0.0197663
-0.0181204
-0.0164143
-0.014671
-0.0129164
-0.0111788
-0.00948803
-0.00787532
-0.00637192
-0.00500835
-0.00381327
-0.00281237
-0.00202729
-0.00147461
-0.00116506
-0.00110298
-0.00128609
-0.00170562
-0.00234677
-0.00318967
-0.00421123
-0.00538586
-0.00667769
-0.0080522
-0.00960737
-0.0114387
-0.0126402
-0.0134252
-0.0140489
-0.0145675
-0.0150442
-0.0154835
-0.0158897
-0.0162715
-0.0166371
-0.016994
-0.017349
-0.0177084
-0.0180775
-0.0184611
-0.0188632
-0.019287
-0.019735
-0.020209
-0.0207102
-0.0212392
-0.0217959
-0.0223797
-0.0229891
-0.0236225
-0.0242774
-0.0249508
-0.0256391
-0.0263382
-0.0270431
-0.0277487
-0.0284489
-0.0291372
-0.0298065
-0.030449
-0.0310567
-0.0316208
-0.0321323
-0.0325818
-0.0329594
-0.0332555
-0.03346
-0.0335631
-0.0335555
-0.0334279
-0.0331721
-0.0327805
-0.0322468
-0.0315661
-0.0307354
-0.0297534
-0.0286214
-0.0273432
-0.0259257
-0.0243787
-0.0227157
-0.0209534
-0.0191122
-0.0172162
-0.0152924
-0.0133711
-0.0114847
-0.00966759
-0.00795463
-0.00638049
-0.00497836
-0.00377858
-0.00280747
-0.00208603
-0.00162895
-0.00144387
-0.00153093
-0.00188281
-0.00248512
-0.00331739
-0.0043551
-0.0055705
-0.00692435
-0.00837867
-0.0100386
-0.0120062
-0.014133
-0.0149099
-0.0155284
-0.0160441
-0.0165194
-0.0169587
-0.0173665
-0.0177513
-0.0181215
-0.0184847
-0.0188479
-0.0192173
-0.0195987
-0.0199969
-0.020416
-0.0208595
-0.0213299
-0.0218294
-0.0223592
-0.02292
-0.0235119
-0.0241343
-0.024786
-0.0254652
-0.0261696
-0.0268961
-0.0276412
-0.0284006
-0.0291694
-0.0299421
-0.0307125
-0.0314739
-0.0322189
-0.0329393
-0.0336266
-0.0342715
-0.0348645
-0.0353954
-0.0358536
-0.0362286
-0.0365094
-0.0366852
-0.0367454
-0.0366798
-0.0364786
-0.0361331
-0.0356354
-0.0349792
-0.03416
-0.0331751
-0.0320244
-0.0307103
-0.0292384
-0.0276178
-0.025861
-0.0239844
-0.0220087
-0.0199582
-0.0178612
-0.0157497
-0.0136586
-0.0116252
-0.00968823
-0.00788673
-0.00625866
-0.00483954
-0.00366088
-0.0027488
-0.00212265
-0.00179407
-0.00176631
-0.00203408
-0.00258386
-0.00339485
-0.00444124
-0.00569308
-0.00710755
-0.00864292
-0.0104118
-0.0125232
-0.0156912
-0.016459
-0.0170715
-0.0175838
-0.018057
-0.0184957
-0.0189043
-0.0192913
-0.0196652
-0.0200336
-0.0204037
-0.020782
-0.0211743
-0.0215856
-0.0220203
-0.0224819
-0.0229734
-0.0234969
-0.024054
-0.0246454
-0.0252714
-0.0259315
-0.0266247
-0.0273493
-0.0281029
-0.0288825
-0.0296846
-0.0305048
-0.0313382
-0.0321792
-0.0330214
-0.0338577
-0.0346806
-0.0354815
-0.0362514
-0.0369806
-0.0376588
-0.0382753
-0.0388189
-0.0392779
-0.0396407
-0.0398953
-0.0400299
-0.0400332
-0.039894
-0.0396022
-0.0391485
-0.0385251
-0.0377258
-0.0367463
-0.0355849
-0.0342426
-0.0327236
-0.0310356
-0.0291902
-0.0272033
-0.025095
-0.0228901
-0.0206177
-0.0183112
-0.0160077
-0.0137475
-0.0115732
-0.00952818
-0.00765561
-0.00599651
-0.00458822
-0.0034626
-0.00264447
-0.00215027
-0.00198712
-0.00215246
-0.00263418
-0.00341159
-0.00445775
-0.00574055
-0.00721339
-0.0088305
-0.0107124
-0.0129751
-0.0173123
-0.0180703
-0.0186764
-0.0191847
-0.0196554
-0.0200929
-0.0205015
-0.0208897
-0.0212662
-0.0216385
-0.0220141
-0.0223996
-0.0228009
-0.0232235
-0.0236717
-0.0241496
-0.0246601
-0.0252057
-0.0257882
-0.0264084
-0.0270669
-0.0277633
-0.0284967
-0.0292654
-0.0300673
-0.0308995
-0.0317582
-0.0326392
-0.0335375
-0.0344472
-0.035362
-0.0362746
-0.0371769
-0.0380602
-0.0389151
-0.0397313
-0.040498
-0.0412039
-0.0418369
-0.0423846
-0.0428344
-0.0431733
-0.0433885
-0.0434671
-0.043397
-0.0431664
-0.0427646
-0.0421822
-0.0414111
-0.0404457
-0.0392822
-0.0379202
-0.0363621
-0.0346142
-0.0326869
-0.0305949
-0.0283579
-0.0260004
-0.0235521
-0.0210476
-0.0185259
-0.0160301
-0.0136065
-0.0113029
-0.00916794
-0.00724845
-0.00558814
-0.00422535
-0.00319115
-0.00250766
-0.00218677
-0.00222946
-0.00262574
-0.00335549
-0.00439096
-0.00569796
-0.00722596
-0.00892484
-0.0109233
-0.0133448
-0.0189939
-0.0197418
-0.0203413
-0.0208454
-0.0213131
-0.0217487
-0.0221565
-0.0225449
-0.0229225
-0.0232972
-0.0236764
-0.0240669
-0.0244751
-0.0249064
-0.0253658
-0.0258573
-0.0263843
-0.0269495
-0.0275548
-0.0282015
-0.0288902
-0.0296207
-0.0303923
-0.0312036
-0.0320523
-0.0329357
-0.03385
-0.0347911
-0.0357538
-0.0367323
-0.0377199
-0.0387092
-0.0396919
-0.0406589
-0.0416003
-0.0425056
-0.0433634
-0.0441615
-0.0448873
-0.0455276
-0.0460688
-0.0464969
-0.046798
-0.0469581
-0.0469636
-0.0468013
-0.0464589
-0.0459253
-0.045191
-0.0442483
-0.0430917
-0.0417189
-0.0401305
-0.0383311
-0.0363294
-0.0341391
-0.0317787
-0.0292724
-0.0266498
-0.0239463
-0.0212027
-0.0184644
-0.0157812
-0.0132055
-0.0107912
-0.00859143
-0.00665679
-0.00503274
-0.00375744
-0.00285963
-0.00235696
-0.00225489
-0.00254637
-0.0032125
-0.00422515
-0.0055482
-0.00712705
-0.008907
-0.0110252
-0.0136128
-0.0207334
-0.0214713
-0.0220643
-0.022564
-0.0230286
-0.0234617
-0.0238677
-0.0242551
-0.0246323
-0.0250073
-0.0253877
-0.0257808
-0.026193
-0.0266302
-0.0270975
-0.0275995
-0.0281397
-0.0287212
-0.0293462
-0.0300163
-0.0307322
-0.0314942
-0.0323014
-0.0331528
-0.0340462
-0.0349788
-0.0359472
-0.0369469
-0.037973
-0.0390194
-0.0400793
-0.0411451
-0.0422084
-0.0432596
-0.0442886
-0.0452843
-0.0462347
-0.0471272
-0.0479484
-0.0486844
-0.0493205
-0.049842
-0.0502337
-0.0504804
-0.0505673
-0.0504796
-0.0502036
-0.0497266
-0.0490371
-0.0481256
-0.0469848
-0.0456103
-0.0440008
-0.0421589
-0.0400916
-0.0378109
-0.035334
-0.0326842
-0.0298909
-0.0269896
-0.0240223
-0.0210367
-0.0180857
-0.015226
-0.0125169
-0.0100181
-0.00778729
-0.00587778
-0.00433567
-0.00319735
-0.00248728
-0.00221649
-0.00238184
-0.00296645
-0.00394235
-0.00527175
-0.00689596
-0.0087554
-0.0109962
-0.0137571
-0.0225281
-0.0232568
-0.0238437
-0.0243392
-0.0248003
-0.0252305
-0.0256338
-0.0260185
-0.0263933
-0.0267663
-0.0271453
-0.0275378
-0.0279506
-0.02839
-0.0288615
-0.02937
-0.0299196
-0.0305135
-0.0311543
-0.031844
-0.0325835
-0.0333733
-0.034213
-0.0351013
-0.0360365
-0.0370158
-0.0380359
-0.0390922
-0.0401798
-0.0412926
-0.0424237
-0.0435652
-0.0447084
-0.0458436
-0.0469602
-0.0480468
-0.0490907
-0.0500789
-0.0509973
-0.051831
-0.0525649
-0.0531828
-0.0536689
-0.0540066
-0.0541797
-0.0541723
-0.0539689
-0.0535552
-0.052918
-0.0520458
-0.0509295
-0.0495623
-0.047941
-0.0460661
-0.0439426
-0.0415804
-0.0389951
-0.0362088
-0.0332499
-0.030154
-0.0269637
-0.0237283
-0.0205034
-0.01735
-0.0143325
-0.0115171
-0.0089691
-0.0067502
-0.00491527
-0.00350932
-0.00256484
-0.0020996
-0.00211551
-0.00259868
-0.00352198
-0.00484639
-0.00650912
-0.00844555
-0.0108111
-0.0137523
-0.0243754
-0.0250961
-0.0256778
-0.0261696
-0.0266273
-0.0270539
-0.0274533
-0.0278338
-0.0282039
-0.028572
-0.0289463
-0.0293344
-0.0297438
-0.0301811
-0.0306522
-0.0311626
-0.0317167
-0.0323183
-0.0329703
-0.033675
-0.0344338
-0.0352472
-0.0361152
-0.0370368
-0.0380103
-0.039033
-0.0401016
-0.0412119
-0.0423585
-0.0435355
-0.0447358
-0.0459513
-0.0471732
-0.0483914
-0.049595
-0.050772
-0.0519095
-0.0529938
-0.05401
-0.0549428
-0.055776
-0.0564926
-0.0570757
-0.0575077
-0.057771
-0.0578484
-0.0577229
-0.0573785
-0.0568002
-0.0559747
-0.0548908
-0.0535396
-0.0519157
-0.0500173
-0.0478471
-0.0454128
-0.0427283
-0.0398136
-0.0366961
-0.0334107
-0.03
-0.0265146
-0.0230123
-0.0195577
-0.0162202
-0.0130724
-0.0101875
-0.00763598
-0.00548221
-0.00378093
-0.00257381
-0.00188675
-0.00172796
-0.0020877
-0.00294058
-0.00424687
-0.00593986
-0.0079497
-0.0104415
-0.0135697
-0.0262728
-0.0269876
-0.0275653
-0.0280542
-0.0285085
-0.0289311
-0.0293253
-0.0296996
-0.0300623
-0.0304223
-0.0307878
-0.0311672
-0.0315683
-0.0319982
-0.0324637
-0.0329704
-0.0335236
-0.0341273
-0.034785
-0.0354994
-0.0362722
-0.0371044
-0.037996
-0.0389463
-0.0399538
-0.041016
-0.0421296
-0.0432902
-0.0444928
-0.045731
-0.0469979
-0.0482852
-0.0495836
-0.0508831
-0.0521721
-0.0534384
-0.0546686
-0.0558484
-0.0569624
-0.0579944
-0.0589275
-0.059744
-0.0604258
-0.0609541
-0.0613105
-0.061476
-0.0614325
-0.0611622
-0.0606484
-0.059876
-0.0588316
-0.0575043
-0.0558863
-0.0539735
-0.0517661
-0.0492696
-0.0464954
-0.0434615
-0.0401936
-0.0367253
-0.0330989
-0.0293655
-0.0255846
-0.0218236
-0.0181568
-0.014663
-0.0114231
-0.00851674
-0.00601855
-0.00399393
-0.00249504
-0.00155728
-0.00119666
-0.0014089
-0.00217145
-0.00344461
-0.00515801
-0.00723652
-0.00985527
-0.0131769
-0.028218
-0.0289296
-0.0295054
-0.0299924
-0.0304437
-0.0308616
-0.0312493
-0.0316149
-0.0319672
-0.0323149
-0.0326671
-0.0330325
-0.0334196
-0.0338363
-0.0342897
-0.0347865
-0.0353322
-0.0359316
-0.0365888
-0.0373068
-0.0380877
-0.0389328
-0.0398426
-0.0408165
-0.0418531
-0.0429501
-0.0441042
-0.0453112
-0.0465659
-0.047862
-0.0491922
-0.0505482
-0.0519205
-0.0532986
-0.0546708
-0.0560244
-0.0573456
-0.0586195
-0.0598301
-0.0609606
-0.0619933
-0.0629096
-0.0636904
-0.0643162
-0.064767
-0.0650229
-0.0650641
-0.0648714
-0.0644264
-0.0637122
-0.0627132
-0.0614166
-0.0598122
-0.0578933
-0.0556578
-0.0531085
-0.0502542
-0.0471106
-0.0437013
-0.0400582
-0.0362224
-0.032245
-0.0281864
-0.0241165
-0.0201136
-0.0162623
-0.0126512
-0.00936926
-0.00650185
-0.00412597
-0.0023055
-0.00108687
-0.000495504
-0.00053411
-0.00118428
-0.0024073
-0.00412956
-0.00627071
-0.00901641
-0.0125373
-0.030209
-0.0309212
-0.0314977
-0.0319842
-0.032433
-0.0328457
-0.0332252
-0.0335795
-0.0339174
-0.0342483
-0.0345817
-0.034927
-0.0352934
-0.0356897
-0.0361239
-0.0366033
-0.0371342
-0.0377221
-0.0383715
-0.039086
-0.0398683
-0.04072
-0.0416418
-0.0426335
-0.0436937
-0.0448203
-0.0460101
-0.0472588
-0.0485612
-0.049911
-0.0513007
-0.0527217
-0.0541645
-0.0556181
-0.0570705
-0.0585088
-0.0599184
-0.0612841
-0.0625893
-0.0638165
-0.0649472
-0.0659623
-0.0668415
-0.0675643
-0.0681098
-0.0684568
-0.0685841
-0.0684711
-0.0680978
-0.0674453
-0.0664963
-0.0652358
-0.0636512
-0.0617335
-0.0594778
-0.0568844
-0.0539594
-0.0507156
-0.0471742
-0.0433649
-0.0393273
-0.0351115
-0.0307782
-0.0263992
-0.0220557
-0.0178379
-0.0138415
-0.010165
-0.00690467
-0.00415001
-0.00197782
-0.000447089
0.00040562
0.000568842
5.52875e-05
-0.00109846
-0.00281624
-0.00501261
-0.00788428
-0.01161
-0.0322442
-0.032962
-0.0335424
-0.0340304
-0.0344774
-0.0348844
-0.0352537
-0.0355933
-0.0359125
-0.036221
-0.0365291
-0.0368471
-0.0371852
-0.0375531
-0.0379597
-0.0384133
-0.0389209
-0.039489
-0.0401227
-0.040826
-0.0416023
-0.0424534
-0.0433804
-0.0443833
-0.0454611
-0.0466115
-0.0478315
-0.0491168
-0.0504621
-0.051861
-0.0533057
-0.0547877
-0.0562969
-0.0578223
-0.0593514
-0.0608707
-0.0623655
-0.0638199
-0.0652168
-0.0665381
-0.0677645
-0.068876
-0.0698517
-0.0706702
-0.0713092
-0.0717466
-0.07196
-0.0719271
-0.0716267
-0.0710379
-0.0701417
-0.0689209
-0.0673608
-0.0654499
-0.0631808
-0.0605508
-0.0575632
-0.0542282
-0.0505638
-0.0465972
-0.0423659
-0.0379184
-0.0333151
-0.0286284
-0.0239423
-0.0193513
-0.0149579
-0.0108696
-0.00719413
-0.00403389
-0.00147977
0.000395147
0.00154131
0.00193656
0.00158611
0.000522961
-0.00117504
-0.0034177
-0.00641341
-0.0103491
-0.0343229
-0.0350523
-0.0356409
-0.0361327
-0.0365788
-0.0369793
-0.0373361
-0.0376573
-0.0379524
-0.038232
-0.0385073
-0.0387897
-0.0390906
-0.0394207
-0.0397903
-0.0402085
-0.0406835
-0.0412226
-0.0418315
-0.0425151
-0.043277
-0.0441198
-0.0450447
-0.0460519
-0.0471406
-0.0483087
-0.049553
-0.0508694
-0.0522523
-0.0536952
-0.0551903
-0.0567285
-0.0582998
-0.0598926
-0.0614942
-0.0630907
-0.0646668
-0.0662061
-0.067691
-0.0691027
-0.0704214
-0.0716262
-0.0726955
-0.0736067
-0.0743369
-0.0748627
-0.0751604
-0.0752067
-0.0749785
-0.0744536
-0.0736112
-0.072432
-0.0708991
-0.0689988
-0.0667209
-0.0640602
-0.0610169
-0.0575981
-0.0538188
-0.0497034
-0.0452865
-0.0406147
-0.035747
-0.0307558
-0.0257267
-0.0207578
-0.0159579
-0.0114428
-0.0073315
-0.00373986
-0.000773785
0.00147803
0.00295114
0.00361059
0.00345202
0.00250311
0.000842246
-0.00143615
-0.00455291
-0.00870307
-0.0364448
-0.0371937
-0.0377956
-0.0382942
-0.0387405
-0.0391336
-0.039475
-0.039773
-0.0400378
-0.0402808
-0.0405145
-0.0407516
-0.041005
-0.0412868
-0.0416085
-0.0419807
-0.0424127
-0.0429125
-0.0434869
-0.0441414
-0.0448802
-0.0457062
-0.046621
-0.0476251
-0.0487178
-0.0498969
-0.0511595
-0.052501
-0.053916
-0.0553976
-0.0569379
-0.0585276
-0.0601561
-0.0618117
-0.0634812
-0.0651503
-0.0668032
-0.0684231
-0.0699916
-0.0714895
-0.0728962
-0.0741902
-0.0753489
-0.0763491
-0.0771667
-0.0777774
-0.0781564
-0.078279
-0.0781209
-0.0776582
-0.0768685
-0.0757306
-0.0742256
-0.0723373
-0.0700534
-0.0673656
-0.0642713
-0.0607745
-0.056887
-0.0526298
-0.0480348
-0.0431456
-0.0380194
-0.0327276
-0.0273567
-0.0220072
-0.016793
-0.011838
-0.0072719
-0.00322415
0.000183504
0.00284538
0.00468021
0.00563795
0.00570238
0.00489378
0.00328964
0.000987799
-0.00224591
-0.0066147
-0.0386112
-0.0393889
-0.0400105
-0.0405193
-0.040967
-0.0413516
-0.0416742
-0.0419434
-0.0421702
-0.0423676
-0.0425493
-0.04273
-0.042924
-0.0431455
-0.0434073
-0.0437216
-0.0440988
-0.0445482
-0.0450774
-0.0456928
-0.046399
-0.0471993
-0.0480958
-0.0490891
-0.0501784
-0.0513618
-0.0526362
-0.0539968
-0.0554381
-0.0569531
-0.0585333
-0.0601693
-0.0618501
-0.0635635
-0.0652961
-0.0670329
-0.0687578
-0.0704533
-0.0721006
-0.0736797
-0.0751694
-0.0765475
-0.0777907
-0.0788749
-0.0797751
-0.0804659
-0.0809216
-0.0811162
-0.0810241
-0.0806201
-0.0798799
-0.0787809
-0.077302
-0.075425
-0.073135
-0.0704213
-0.0672783
-0.0637068
-0.0597155
-0.055322
-0.0505545
-0.0454539
-0.0400746
-0.0344864
-0.0287753
-0.0230436
-0.017409
-0.0120026
-0.00696418
-0.00243675
0.00144165
0.00454709
0.0067796
0.00807169
0.00839265
0.007753
0.00622755
0.00391643
0.000571035
-0.00402011
-0.0408243
-0.0416425
-0.0422915
-0.0428147
-0.043265
-0.0436395
-0.0439388
-0.0441723
-0.0443522
-0.0444931
-0.0446108
-0.044722
-0.0448433
-0.0449907
-0.0451792
-0.0454223
-0.0457321
-0.046119
-0.0465916
-0.0471571
-0.0478206
-0.0485861
-0.0494556
-0.0504301
-0.0515087
-0.0526896
-0.0539692
-0.055343
-0.0568048
-0.0583475
-0.0599624
-0.0616394
-0.0633674
-0.0651337
-0.0669242
-0.0687236
-0.0705153
-0.0722811
-0.0740018
-0.0756566
-0.0772238
-0.0786803
-0.0800022
-0.0811644
-0.0821412
-0.0829063
-0.0834327
-0.0836934
-0.0836616
-0.0833108
-0.0826151
-0.0815502
-0.0800934
-0.0782242
-0.0759256
-0.0731842
-0.0699919
-0.0663463
-0.0622528
-0.0577255
-0.0527893
-0.0474812
-0.0418528
-0.0359714
-0.0299216
-0.0238063
-0.0177462
-0.0118779
-0.00635093
-0.00132118
0.00305671
0.00663959
0.00930695
0.0109714
0.011585
0.0111458
0.00972352
0.00741934
0.00396872
-0.000848238
-0.0430885
-0.0439613
-0.0446469
-0.0451891
-0.0456433
-0.0460054
-0.046276
-0.0464652
-0.0465873
-0.0466589
-0.0466985
-0.0467253
-0.0467585
-0.0468165
-0.0469164
-0.0470738
-0.0473023
-0.0476137
-0.0480176
-0.0485219
-0.0491325
-0.0498535
-0.0506874
-0.051635
-0.0526955
-0.0538669
-0.0551455
-0.0565264
-0.0580032
-0.0595682
-0.0612125
-0.0629255
-0.0646956
-0.0665095
-0.0683529
-0.0702097
-0.0720628
-0.0738935
-0.0756818
-0.0774065
-0.079045
-0.0805737
-0.0819677
-0.0832012
-0.0842477
-0.0850799
-0.0856698
-0.0859895
-0.0860107
-0.0857058
-0.0850475
-0.0840099
-0.0825685
-0.0807012
-0.0783885
-0.0756148
-0.0723694
-0.0686469
-0.0644495
-0.059788
-0.0546834
-0.0491692
-0.0432933
-0.0371199
-0.0307318
-0.024231
-0.0177399
-0.0113999
-0.0053687
0.000185465
0.00509147
0.00918618
0.0123269
0.014404
0.0153492
0.0151447
0.0138531
0.0115743
0.00802615
0.00298005
-0.0454102
-0.0463549
-0.0470878
-0.0476545
-0.0481137
-0.0484602
-0.0486948
-0.0488293
-0.0488803
-0.0488674
-0.0488123
-0.0487374
-0.0486649
-0.0486162
-0.048611
-0.0486668
-0.0487991
-0.049021
-0.0493435
-0.049775
-0.0503219
-0.0509889
-0.0517783
-0.0526911
-0.0537263
-0.0548816
-0.0561531
-0.0575354
-0.0590218
-0.060604
-0.0622726
-0.0640167
-0.0658239
-0.0676806
-0.0695717
-0.0714807
-0.0733898
-0.0752797
-0.0771298
-0.0789181
-0.0806215
-0.0822155
-0.0836745
-0.084972
-0.0860805
-0.0869718
-0.0876169
-0.0879869
-0.0880525
-0.0877846
-0.0871547
-0.0861355
-0.0847007
-0.0828265
-0.0804915
-0.0776778
-0.0743722
-0.0705665
-0.06626
-0.0614599
-0.0561837
-0.050461
-0.044336
-0.0378692
-0.0311406
-0.0242506
-0.0173222
-0.0105
-0.00394855
0.0021523
0.00761543
0.0122573
0.0159117
0.0184442
0.0197629
0.0198312
0.0187007
0.0164681
0.0128315
0.00755287
-0.0477992
-0.0488365
-0.0496297
-0.0502267
-0.0506914
-0.0510177
-0.0512071
-0.0512738
-0.0512376
-0.0511221
-0.0509527
-0.0507561
-0.0505581
-0.0503834
-0.0502545
-0.0501914
-0.0502116
-0.0503295
-0.0505572
-0.0509039
-0.0513765
-0.0519798
-0.0527163
-0.0535866
-0.0545896
-0.0557227
-0.0569813
-0.0583597
-0.0598506
-0.0614452
-0.0631336
-0.064904
-0.0667438
-0.0686385
-0.0705724
-0.0725285
-0.0744882
-0.0764316
-0.0783375
-0.0801831
-0.0819447
-0.0835969
-0.0851134
-0.0864669
-0.087629
-0.0885705
-0.0892617
-0.0896724
-0.0897723
-0.0895311
-0.088919
-0.0879072
-0.0864681
-0.0845759
-0.0822076
-0.0793431
-0.0759667
-0.0720681
-0.0676432
-0.0626961
-0.0572409
-0.0513032
-0.0449232
-0.0381577
-0.031083
-0.0237972
-0.0164226
-0.0091057
-0.0020168
0.00465416
0.0107047
0.0159308
0.0201415
0.0231751
0.0249131
0.025296
0.0243609
0.0221984
0.0184837
0.0129685
-0.0502688
-0.0514238
-0.0522925
-0.0529262
-0.0533961
-0.0536957
-0.0538278
-0.0538102
-0.0536672
-0.0534271
-0.0531208
-0.0527794
-0.0524333
-0.052111
-0.0518382
-0.0516376
-0.0515286
-0.0515272
-0.0516465
-0.0518964
-0.0522842
-0.0528145
-0.0534898
-0.0543105
-0.055275
-0.05638
-0.0576206
-0.0589904
-0.0604814
-0.0620842
-0.063788
-0.0655808
-0.0674487
-0.069377
-0.0713491
-0.0733474
-0.0753525
-0.0773439
-0.0792995
-0.0811961
-0.0830089
-0.0847119
-0.0862781
-0.0876792
-0.088886
-0.0898684
-0.0905956
-0.0910365
-0.0911596
-0.0909334
-0.0903271
-0.0893102
-0.0878537
-0.0859303
-0.0835151
-0.0805861
-0.0771255
-0.0731203
-0.0685639
-0.0634572
-0.0578109
-0.0516469
-0.0450014
-0.0379269
-0.0304959
-0.0228035
-0.01497
-0.00714279
0.000503716
0.00777076
0.0144415
0.0202916
0.0251044
0.028689
0.0308968
0.0316409
0.0309399
0.0288745
0.0250934
0.0193369
-0.0528375
-0.0541409
-0.0551028
-0.0557798
-0.056253
-0.0565165
-0.0565755
-0.0564527
-0.0561787
-0.055788
-0.0553178
-0.054805
-0.0542853
-0.0537914
-0.0533526
-0.0529946
-0.0527386
-0.0526022
-0.0525994
-0.0527406
-0.0530332
-0.0534818
-0.0540884
-0.0548529
-0.0557732
-0.0568452
-0.0580634
-0.0594205
-0.0609078
-0.0625151
-0.0642309
-0.0660421
-0.0679345
-0.0698923
-0.0718984
-0.0739341
-0.0759797
-0.0780136
-0.0800131
-0.0819542
-0.0838114
-0.0855578
-0.0871656
-0.0886057
-0.0898478
-0.0908612
-0.0916138
-0.0920737
-0.092208
-0.0919844
-0.0913704
-0.0903345
-0.0888461
-0.0868762
-0.0843984
-0.0813887
-0.0778272
-0.0736986
-0.0689937
-0.0637106
-0.0578566
-0.05145
-0.0445229
-0.0371237
-0.0293207
-0.0212052
-0.0128949
-0.00453677
0.00369205
0.0115854
0.0189133
0.0254315
0.0308971
0.0350881
0.0378219
0.0389799
0.0385572
0.03662
0.0327857
0.0267817
-0.0555308
-0.0570195
-0.0580953
-0.0588218
-0.0592942
-0.0595082
-0.0594731
-0.0592189
-0.0587839
-0.0582112
-0.0575454
-0.0568306
-0.0561083
-0.0554163
-0.0547877
-0.054251
-0.0538295
-0.0535422
-0.0534037
-0.0534247
-0.0536124
-0.0539711
-0.0545023
-0.055205
-0.0560763
-0.0571113
-0.0583035
-0.0596447
-0.0611252
-0.0627341
-0.0644588
-0.0662856
-0.0681991
-0.0701829
-0.072219
-0.074288
-0.0763692
-0.0784404
-0.0804781
-0.0824574
-0.0843521
-0.0861344
-0.0877757
-0.0892459
-0.090514
-0.091548
-0.0923152
-0.0927822
-0.0929153
-0.0926808
-0.0920451
-0.0909751
-0.0894389
-0.0874059
-0.0848479
-0.0817391
-0.0780576
-0.0737858
-0.0689122
-0.0634318
-0.0573489
-0.0506783
-0.043448
-0.0357023
-0.0275051
-0.0189434
-0.0101318
-0.00121544
0.00762693
0.0161833
0.0242116
0.0314486
0.0376248
0.0424847
0.0458087
0.047441
0.0473477
0.045575
0.0417027
0.0354423
-0.0583827
-0.0601017
-0.0613152
-0.0620966
-0.0625604
-0.0627058
-0.0625489
-0.0621296
-0.0614969
-0.0607041
-0.0598055
-0.0588534
-0.057896
-0.0569767
-0.0561325
-0.0553948
-0.0547888
-0.0543346
-0.0540472
-0.0539371
-0.0540112
-0.0542729
-0.0547229
-0.0553593
-0.0561779
-0.0571728
-0.0583364
-0.0596594
-0.0611312
-0.0627395
-0.0644709
-0.0663107
-0.0682427
-0.0702494
-0.072312
-0.0744104
-0.0765228
-0.0786264
-0.0806968
-0.0827082
-0.0846336
-0.0864444
-0.088111
-0.0896025
-0.0908869
-0.0919313
-0.0927018
-0.093164
-0.0932831
-0.0930239
-0.0923517
-0.091232
-0.0896312
-0.0875174
-0.0848603
-0.0816325
-0.07781
-0.073373
-0.0683073
-0.0626054
-0.0562683
-0.0493075
-0.041747
-0.0336268
-0.0250062
-0.0159678
-0.00662214
0.00288805
0.0123839
0.0216487
0.0304299
0.0384458
0.0454
0.051002
0.0549909
0.0571685
0.0574649
0.0558996
0.0520066
0.0454778
-0.0614395
-0.0634438
-0.0648219
-0.0656614
-0.066103
-0.0661529
-0.0658373
-0.0652098
-0.0643335
-0.0632749
-0.0620996
-0.0608695
-0.0596407
-0.058462
-0.0573748
-0.0564129
-0.0556033
-0.0549666
-0.0545177
-0.0542667
-0.0542195
-0.0543785
-0.0547429
-0.0553096
-0.0560731
-0.0570262
-0.0581598
-0.0594633
-0.060925
-0.0625314
-0.0642681
-0.0661192
-0.0680675
-0.0700947
-0.0721809
-0.0743051
-0.0764447
-0.078576
-0.0806738
-0.0827113
-0.0846607
-0.0864927
-0.0881766
-0.0896807
-0.0909719
-0.0920162
-0.0927789
-0.0932243
-0.0933164
-0.0930188
-0.0922952
-0.0911098
-0.0894276
-0.0872146
-0.0844391
-0.0810715
-0.0770857
-0.0724597
-0.0671766
-0.0612263
-0.0546066
-0.0473252
-0.0394023
-0.0308736
-0.0217935
-0.0122397
-0.00231824
0.00783152
0.0180316
0.0280621
0.037661
0.046529
0.0543425
0.060774
0.0655173
0.0683252
0.0690841
0.0677783
0.063885
0.0570709
-0.0647635
-0.0671202
-0.0686932
-0.0695899
-0.0699873
-0.0699034
-0.0693797
-0.0684887
-0.067312
-0.065932
-0.0644284
-0.0628739
-0.0613329
-0.0598601
-0.0585008
-0.0572911
-0.0562589
-0.0554247
-0.054803
-0.0544026
-0.0542279
-0.0542798
-0.0545559
-0.0550512
-0.0557587
-0.0566693
-0.0577726
-0.0590566
-0.060508
-0.0621122
-0.0638535
-0.0657148
-0.067678
-0.0697236
-0.0718308
-0.0739777
-0.0761408
-0.0782955
-0.0804155
-0.0824736
-0.0844407
-0.0862867
-0.0879801
-0.0894881
-0.0907768
-0.091811
-0.0925549
-0.0929718
-0.0930241
-0.0926744
-0.091885
-0.0906183
-0.0888377
-0.0865076
-0.0835942
-0.0800659
-0.0758943
-0.0710549
-0.0655283
-0.059301
-0.0523677
-0.0447323
-0.0364109
-0.0274343
-0.0178519
-0.0077359
0.00281283
0.0136591
0.0246272
0.0354951
0.0459926
0.0558037
0.0645768
0.0719451
0.0775526
0.0810957
0.0824075
0.0814263
0.0775574
0.0704345
-0.068439
-0.0712306
-0.0730317
-0.0739775
-0.0742957
-0.0740237
-0.0732258
-0.0720001
-0.0704517
-0.0686835
-0.0667908
-0.0648588
-0.0629605
-0.0611562
-0.0594946
-0.0580132
-0.05674
-0.0556948
-0.0548904
-0.0543339
-0.0540276
-0.05397
-0.0541567
-0.0545806
-0.0552325
-0.0561017
-0.0571758
-0.0584413
-0.0598833
-0.0614858
-0.0632317
-0.065103
-0.0670801
-0.0691427
-0.0712689
-0.0734358
-0.075619
-0.0777929
-0.0799306
-0.0820037
-0.0839824
-0.0858357
-0.0875311
-0.0890348
-0.0903119
-0.0913264
-0.092041
-0.092418
-0.0924186
-0.0920039
-0.0911346
-0.0897718
-0.0878769
-0.0854125
-0.0823427
-0.0786336
-0.0742544
-0.0691779
-0.0633815
-0.0568486
-0.04957
-0.0415456
-0.0327866
-0.0233187
-0.0131854
-0.00245297
0.00878406
0.0203961
0.0322104
0.0440049
0.0555023
0.0663703
0.076229
0.0846692
0.0912793
0.0956901
0.0976701
0.0970971
0.0932843
0.0858201
-0.0725809
-0.0759094
-0.0779731
-0.0789473
-0.0791318
-0.078595
-0.0774337
-0.0757811
-0.0737726
-0.0715351
-0.0691823
-0.0668125
-0.0645072
-0.0623317
-0.0603368
-0.0585604
-0.0570293
-0.0557614
-0.0547667
-0.0540497
-0.0536097
-0.0534426
-0.053541
-0.0538953
-0.0544941
-0.0553243
-0.0563718
-0.0576209
-0.0590554
-0.0606577
-0.0624093
-0.0642908
-0.0662816
-0.0683602
-0.0705038
-0.0726884
-0.0748887
-0.0770783
-0.0792292
-0.0813123
-0.0832968
-0.0851509
-0.0868412
-0.0883329
-0.08959
-0.0905756
-0.0912513
-0.091578
-0.0915157
-0.0910241
-0.0900625
-0.08859
-0.0865664
-0.0839521
-0.0807092
-0.0768011
-0.0721944
-0.0668587
-0.0607682
-0.0539023
-0.0462477
-0.0377992
-0.0285628
-0.018558
-0.00782153
0.00358779
0.0155828
0.028042
0.0407964
0.0536265
0.0662496
0.0783178
0.0894217
0.0991064
0.106897
0.112348
0.115147
0.115094
0.111381
0.103531
-0.0773474
-0.0813391
-0.083698
-0.0846595
-0.0846261
-0.0837148
-0.0820702
-0.0798716
-0.0772923
-0.0744879
-0.0715922
-0.0687168
-0.0659506
-0.0633625
-0.0610036
-0.0589103
-0.0571066
-0.0556068
-0.0544172
-0.0535381
-0.0529654
-0.0526911
-0.0527047
-0.0529936
-0.0535435
-0.0543391
-0.0553639
-0.0566003
-0.0580303
-0.0596348
-0.0613938
-0.0632866
-0.0652915
-0.0673857
-0.0695455
-0.0717459
-0.0739607
-0.0761626
-0.0783228
-0.0804113
-0.0823964
-0.0842454
-0.085924
-0.0873966
-0.0886263
-0.0895748
-0.0902028
-0.09047
-0.0903352
-0.0897565
-0.0886916
-0.087098
-0.0849335
-0.0821564
-0.0787263
-0.074604
-0.069753
-0.0641395
-0.0577337
-0.0505107
-0.0424521
-0.0335472
-0.0237952
-0.0132083
-0.00181487
0.0103355
0.0231655
0.0365624
0.050367
0.0643631
0.0782658
0.0917131
0.104266
0.115418
0.124623
0.131343
0.135166
0.135788
0.132235
0.12394
-0.0829583
-0.0877704
-0.0904491
-0.0913215
-0.0909407
-0.0894991
-0.0872087
-0.0843097
-0.0810221
-0.0775338
-0.0739998
-0.0705434
-0.0672591
-0.0642164
-0.0614643
-0.0590349
-0.0569473
-0.0552103
-0.0538247
-0.0527859
-0.0520848
-0.051709
-0.0516441
-0.0518741
-0.0523817
-0.0531487
-0.0541563
-0.0553851
-0.0568148
-0.0584248
-0.0601938
-0.0620997
-0.0641196
-0.0662296
-0.068405
-0.0706198
-0.0728471
-0.0750585
-0.0772246
-0.0793143
-0.0812954
-0.0831342
-0.0847955
-0.0862429
-0.0874385
-0.088343
-0.0889161
-0.0891163
-0.0889011
-0.0882271
-0.0870505
-0.0853271
-0.0830126
-0.0800631
-0.0764356
-0.072088
-0.0669804
-0.0610752
-0.0543381
-0.0467394
-0.0382543
-0.0288655
-0.0185644
-0.00735389
0.00474805
0.0177036
0.0314483
0.0458827
0.0608603
0.076174
0.0915409
0.106588
0.120847
0.133757
0.144687
0.152985
0.158116
0.159633
0.156337
0.147519
-0.0897247
-0.0955524
-0.0985538
-0.0992022
-0.0982752
-0.0960804
-0.0929244
-0.0891257
-0.0849595
-0.0806486
-0.0763676
-0.0722485
-0.068387
-0.0648493
-0.0616782
-0.0588982
-0.0565206
-0.0545462
-0.0529689
-0.0517772
-0.0509561
-0.0504882
-0.0503545
-0.050535
-0.0510091
-0.0517558
-0.0527537
-0.0539811
-0.055416
-0.0570361
-0.0588187
-0.0607402
-0.0627767
-0.0649033
-0.0670943
-0.0693228
-0.071561
-0.0737798
-0.0759489
-0.0780366
-0.0800099
-0.0818342
-0.0834737
-0.084891
-0.0860474
-0.0869027
-0.0874156
-0.0875434
-0.0872423
-0.0864677
-0.0851741
-0.0833156
-0.0808459
-0.0777188
-0.0738885
-0.0693099
-0.0639394
-0.0577351
-0.0506579
-0.042672
-0.0337459
-0.0238541
-0.0129783
-0.00111039
0.0117449
0.0255649
0.0403023
0.0558762
0.0721589
0.0889599
0.106006
0.122921
0.139209
0.154252
0.167321
0.177626
0.184468
0.187207
0.184321
0.17488
-0.0980971
-0.10518
-0.108458
-0.108648
-0.106869
-0.103602
-0.0992835
-0.0943291
-0.0890758
-0.0837803
-0.0786318
-0.0737645
-0.0692685
-0.0652003
-0.061591
-0.0584533
-0.055787
-0.0535825
-0.0518241
-0.0504922
-0.0495649
-0.0490188
-0.0488297
-0.0489735
-0.0494259
-0.0501627
-0.0511601
-0.0523942
-0.0538412
-0.0554771
-0.0572776
-0.0592183
-0.0612739
-0.0634187
-0.0656259
-0.067868
-0.0701165
-0.0723413
-0.0745117
-0.0765951
-0.0785579
-0.0803649
-0.0819795
-0.0833635
-0.0844776
-0.0852806
-0.0857302
-0.0857828
-0.0853935
-0.0845163
-0.0831044
-0.0811098
-0.0784845
-0.0751798
-0.0711473
-0.0663386
-0.0607062
-0.0542037
-0.0467863
-0.0384118
-0.0290407
-0.018638
-0.00717422
0.00537269
0.0190141
0.0337467
0.0495458
0.0663559
0.0840771
0.102546
0.121513
0.140609
0.159323
0.176981
0.192743
0.205649
0.214785
0.219243
0.217032
0.206855
-0.108747
-0.117365
-0.120771
-0.1201
-0.116998
-0.112203
-0.106323
-0.0998872
-0.0932964
-0.0868327
-0.0806889
-0.0749896
-0.069809
-0.0651849
-0.0611298
-0.0576388
-0.054696
-0.0522782
-0.0503581
-0.0489065
-0.0478931
-0.047288
-0.0470616
-0.0471851
-0.0476305
-0.0483707
-0.0493791
-0.0506298
-0.0520972
-0.0537557
-0.05558
-0.0575443
-0.0596225
-0.0617879
-0.0640131
-0.0662698
-0.0685288
-0.0707596
-0.0729306
-0.0750088
-0.0769601
-0.0787486
-0.0803371
-0.0816868
-0.0827577
-0.083508
-0.0838944
-0.0838725
-0.0833964
-0.0824188
-0.0808916
-0.0787649
-0.0759892
-0.0725134
-0.0682862
-0.0632561
-0.0573714
-0.0505811
-0.0428344
-0.0340817
-0.024275
-0.0133684
-0.00131919
0.0119108
0.0263527
0.0420272
0.0589386
0.0770658
0.0963481
0.116665
0.137807
0.159437
0.18105
0.201929
0.221119
0.237456
0.249742
0.256694
0.255624
0.244615
-0.122714
-0.133159
-0.136327
-0.134102
-0.128951
-0.121982
-0.114011
-0.10569
-0.0974708
-0.0896409
-0.0823762
-0.0757733
-0.069875
-0.0646885
-0.0601983
-0.0563755
-0.0531836
-0.0505825
-0.0485313
-0.0469895
-0.0459181
-0.0452798
-0.0450393
-0.0451632
-0.04562
-0.0463795
-0.0474128
-0.048692
-0.0501898
-0.0518796
-0.0537346
-0.0557283
-0.0578337
-0.0600235
-0.0622696
-0.0645431
-0.0668144
-0.0690524
-0.0712251
-0.0732992
-0.0752399
-0.0770109
-0.0785746
-0.0798918
-0.0809218
-0.0816221
-0.0819491
-0.0818573
-0.0813
-0.0802289
-0.0785943
-0.0763461
-0.0734317
-0.0697983
-0.0653919
-0.0601578
-0.0540404
-0.0469837
-0.0389307
-0.0298244
-0.0196071
-0.0082213
0.00439063
0.0182852
0.0335168
0.050135
0.06818
0.0876751
0.108613
0.130937
0.154503
0.179041
0.204089
0.228925
0.252499
0.273418
0.290122
0.3008
0.301721
0.289897
-0.14169
-0.154136
-0.156253
-0.151292
-0.142984
-0.132932
-0.122185
-0.111496
-0.101329
-0.0919395
-0.0834502
-0.075902
-0.0692851
-0.0635604
-0.0586738
-0.0545648
-0.0511717
-0.0484346
-0.0462969
-0.044706
-0.0436135
-0.042975
-0.0427496
-0.0428996
-0.0433899
-0.0441878
-0.0452624
-0.0465841
-0.0481244
-0.0498555
-0.0517498
-0.0537802
-0.055919
-0.0581383
-0.0604098
-0.0627041
-0.0649912
-0.0672398
-0.0694175
-0.0714907
-0.0734243
-0.0751817
-0.0767251
-0.0780148
-0.0790096
-0.0796669
-0.0799424
-0.07979
-0.0791623
-0.0780103
-0.0762833
-0.0739294
-0.070895
-0.0671252
-0.0625637
-0.0571526
-0.0508326
-0.0435427
-0.03522
-0.0257998
-0.0152147
-0.00339458
0.00973374
0.0242471
0.0402256
0.0577523
0.0769102
0.0977773
0.120416
0.144855
0.171055
0.198857
0.227907
0.257554
0.286715
0.313789
0.336787
0.353166
0.357659
0.34543
-0.168586
-0.182705
-0.18203
-0.172325
-0.159192
-0.14482
-0.130446
-0.11685
-0.104426
-0.0933241
-0.0835624
-0.0750854
-0.0678032
-0.0616121
-0.0564079
-0.0520913
-0.0485713
-0.0457662
-0.0436031
-0.0420171
-0.0409508
-0.040353
-0.040178
-0.0403844
-0.0409343
-0.0417929
-0.0429279
-0.0443084
-0.045905
-0.0476894
-0.0496334
-0.0517094
-0.0538895
-0.0561456
-0.0584489
-0.0607702
-0.0630789
-0.0653439
-0.0675326
-0.0696111
-0.0715443
-0.0732955
-0.0748265
-0.0760977
-0.0770677
-0.0776934
-0.0779302
-0.0777318
-0.0770502
-0.0758358
-0.0740371
-0.0716012
-0.0684732
-0.0645966
-0.0599129
-0.0543616
-0.0478798
-0.0404023
-0.0318604
-0.022182
-0.0112902
0.0008972
0.0144696
0.0295245
0.0461696
0.0645241
0.0847191
0.106897
0.131204
0.157781
0.186732
0.218075
0.251657
0.287019
0.323192
0.358501
0.390529
0.415798
0.426864
0.415773
-0.208735
-0.222565
-0.215424
-0.19762
-0.177238
-0.156948
-0.137982
-0.120961
-0.106059
-0.093207
-0.0822374
-0.0729485
-0.0651385
-0.058621
-0.0532314
-0.0488271
-0.0452864
-0.0425054
-0.040396
-0.0388825
-0.0378998
-0.0373916
-0.0373083
-0.037606
-0.0382452
-0.0391899
-0.0404068
-0.0418646
-0.0435337
-0.0453854
-0.0473915
-0.0495242
-0.0517558
-0.054058
-0.0564022
-0.0587591
-0.0610983
-0.0633886
-0.0655974
-0.0676911
-0.0696345
-0.0713909
-0.0729222
-0.0741886
-0.0751487
-0.0757595
-0.0759762
-0.0757522
-0.0750394
-0.0737877
-0.0719451
-0.0694579
-0.0662704
-0.0623248
-0.0575609
-0.051916
-0.0453243
-0.0377167
-0.0290197
-0.0191545
-0.00803586
0.00442989
0.018347
0.0338331
0.0510227
0.0700716
0.0911611
0.114503
0.14034
0.168946
0.20061
0.235598
0.274075
0.315963
0.360673
0.406762
0.451668
0.490933
0.514328
0.508871
-0.272133
-0.27926
-0.258156
-0.226857
-0.195899
-0.167815
-0.143346
-0.122586
-0.105225
-0.0908103
-0.0788891
-0.0690576
-0.0609741
-0.0543572
-0.0489782
-0.0446525
-0.0412301
-0.0385893
-0.0366297
-0.0352684
-0.0344356
-0.034072
-0.0341265
-0.0345542
-0.0353153
-0.0363737
-0.0376963
-0.0392521
-0.0410117
-0.0429467
-0.0450294
-0.0472323
-0.0495279
-0.0518884
-0.0542854
-0.0566898
-0.0590716
-0.0613998
-0.0636421
-0.065765
-0.0677335
-0.0695112
-0.07106
-0.0723405
-0.0733113
-0.0739295
-0.0741504
-0.0739275
-0.0732124
-0.071955
-0.0701031
-0.0676026
-0.0643973
-0.0604283
-0.0556344
-0.0499512
-0.043311
-0.0356416
-0.0268656
-0.0168991
-0.00564999
0.00698482
0.0211221
0.0368967
0.0544669
0.0740217
0.0957897
0.12005
0.147146
0.177496
0.211604
0.250051
0.293452
0.342343
0.396919
0.456602
0.519426
0.580492
0.626813
0.638185
-0.377716
-0.360417
-0.311256
-0.25852
-0.212785
-0.175013
-0.144507
-0.12017
-0.100803
-0.0853594
-0.0730001
-0.0630783
-0.0551013
-0.0486962
-0.0435794
-0.039534
-0.0363918
-0.0340206
-0.0323153
-0.0311905
-0.0305761
-0.0304133
-0.0306518
-0.0312481
-0.0321635
-0.0333633
-0.0348155
-0.0364902
-0.0383589
-0.0403943
-0.0425693
-0.0448573
-0.0472314
-0.0496643
-0.0521284
-0.0545949
-0.0570344
-0.0594162
-0.0617085
-0.0638781
-0.0658905
-0.0677096
-0.0692976
-0.0706154
-0.0716219
-0.0722745
-0.0725286
-0.0723381
-0.0716546
-0.0704282
-0.0686067
-0.0661359
-0.0629593
-0.0590179
-0.0542496
-0.0485893
-0.0419678
-0.0343112
-0.0255398
-0.0155662
-0.00429343
0.00838776
0.022603
0.0384996
0.0562535
0.076079
0.0982426
0.123081
0.151024
0.182631
0.218625
0.259943
0.307766
0.363505
0.428685
0.504602
0.591335
0.685071
0.77256
0.826178
-0.568996
-0.474493
-0.371085
-0.287166
-0.222772
-0.174429
-0.138558
-0.111819
-0.0916291
-0.0761744
-0.0641983
-0.0548263
-0.0474467
-0.0416272
-0.0370574
-0.0335102
-0.0308157
-0.0288444
-0.0274953
-0.0266878
-0.0263565
-0.0264469
-0.0269126
-0.0277134
-0.0288136
-0.030181
-0.0317858
-0.0335999
-0.0355967
-0.0377501
-0.0400344
-0.0424239
-0.0448928
-0.0474148
-0.0499627
-0.0525088
-0.0550242
-0.0574788
-0.0598414
-0.0620793
-0.0641585
-0.0660433
-0.0676965
-0.0690793
-0.0701511
-0.0708696
-0.0711908
-0.0710686
-0.0704552
-0.069301
-0.067554
-0.0651602
-0.0620633
-0.0582043
-0.0535211
-0.0479486
-0.0414172
-0.0338524
-0.0251735
-0.015292
-0.00410917
0.00848705
0.0226261
0.0384609
0.0561757
0.0759981
0.0982147
0.123196
0.151429
0.183571
0.220523
0.263543
0.314398
0.375564
0.450474
0.543665
0.659586
0.799405
0.961525
1.12296
-0.965092
-0.622525
-0.409248
-0.287783
-0.208232
-0.154342
-0.117903
-0.0926369
-0.0744835
-0.061055
-0.0509017
-0.0431009
-0.0370505
-0.0323485
-0.0287187
-0.0259652
-0.0239448
-0.0225498
-0.0216969
-0.0213199
-0.0213647
-0.0217859
-0.0225449
-0.0236073
-0.0249425
-0.0265224
-0.0283207
-0.0303122
-0.0324725
-0.0347778
-0.0372042
-0.0397275
-0.0423233
-0.0449664
-0.0476309
-0.0502899
-0.0529155
-0.0554784
-0.0579481
-0.0602927
-0.0624788
-0.0644714
-0.0662339
-0.067728
-0.0689138
-0.0697493
-0.0701912
-0.070194
-0.0697103
-0.068691
-0.0670848
-0.064838
-0.061895
-0.0581974
-0.0536838
-0.0482897
-0.0419464
-0.0345804
-0.0261122
-0.0164546
-0.00551075
0.00682918
0.0206917
0.036226
0.0536115
0.0730698
0.0948805
0.119406
0.14713
0.178714
0.215094
0.257637
0.308411
0.370656
0.449651
0.554034
0.696078
0.893706
1.1978
1.65286
-1.67826
-0.77055
-0.369404
-0.221947
-0.147166
-0.102616
-0.0757438
-0.0586522
-0.0469018
-0.0383483
-0.0319027
-0.0269481
-0.0231123
-0.0201599
-0.017934
-0.0163239
-0.0152477
-0.0146426
-0.0144584
-0.0146539
-0.0151939
-0.0160477
-0.017188
-0.0185896
-0.0202293
-0.0220847
-0.0241344
-0.0263573
-0.0287323
-0.0312384
-0.0338542
-0.0365577
-0.0393262
-0.0421363
-0.0449635
-0.0477823
-0.0505658
-0.0532859
-0.0559132
-0.0584166
-0.0607636
-0.06292
-0.06485
-0.0665162
-0.0678791
-0.0688977
-0.0695292
-0.0697289
-0.0694501
-0.0686443
-0.0672611
-0.0652477
-0.0625494
-0.0591089
-0.0548662
-0.0497583
-0.0437186
-0.036676
-0.0285544
-0.0192706
-0.00873344
0.00315959
0.0165251
0.0314984
0.0482405
0.0669464
0.0878584
0.111286
0.137633
0.167448
0.2015
0.240915
0.287447
0.344022
0.416044
0.514285
0.660345
0.906537
1.42659
2.45725
)
;

boundaryField
{
    movingWall
    {
        type            zeroGradient;
    }
    fixedWalls
    {
        type            zeroGradient;
    }
    frontAndBack
    {
        type            empty;
    }
}


// ************************************************************************* //
