/*--------------------------------*- C++ -*----------------------------------*\
  =========                 |
  \\      /  F ield         | OpenFOAM: The Open Source CFD Toolbox
   \\    /   O peration     | Website:  https://openfoam.org
    \\  /    A nd           | Version:  7
     \\/     M anipulation  |
\*---------------------------------------------------------------------------*/
FoamFile
{
    version     2.0;
    format      ascii;
    class       volScalarField;
    location    "1.075";
    object      p;
}
// * * * * * * * * * * * * * * * * * * * * * * * * * * * * * * * * * * * * * //

dimensions      [0 2 -2 0 0 0 0];

internalField   nonuniform List<scalar> 
6400
(
3.80076e-06
2.9606e-06
-0.000109464
-0.00032924
-0.00062982
-0.000987328
-0.00138065
-0.00179147
-0.00220441
-0.0026068
-0.00298833
-0.00334066
-0.00365712
-0.0039324
-0.0041624
-0.00434394
-0.00447468
-0.00455294
-0.00457763
-0.00454812
-0.00446418
-0.0043259
-0.0041337
-0.00388822
-0.00359037
-0.00324124
-0.00284214
-0.00239457
-0.00190024
-0.00136106
-0.000779147
-0.000156847
0.000503272
0.00119841
0.00192551
0.00268127
0.00346214
0.00426431
0.00508371
0.00591604
0.00675677
0.00760114
0.00844422
0.00928092
0.010106
0.0109141
0.0117
0.0124582
0.0131835
0.0138707
0.0145149
0.0151111
0.0156551
0.0161427
0.0165703
0.0169348
0.0172336
0.0174648
0.017627
0.0177199
0.0177435
0.017699
0.0175884
0.0174143
0.0171807
0.0168922
0.0165545
0.0161743
0.0157593
0.0153185
0.0148619
0.0144009
0.013948
0.0135174
0.0131247
0.0127869
0.0125214
0.0123455
0.0122748
0.0122985
9.8556e-06
6.89143e-06
-9.29839e-05
-0.000279601
-0.00053139
-0.000831258
-0.00116314
-0.00151223
-0.00186551
-0.00221184
-0.00254184
-0.00284773
-0.00312312
-0.00336283
-0.00356273
-0.00371957
-0.00383087
-0.00389478
-0.00391
-0.00387572
-0.00379151
-0.00365729
-0.00347327
-0.00323994
-0.00295803
-0.00262849
-0.00225248
-0.00183137
-0.00136672
-0.000860309
-0.000314121
0.000269649
0.00088858
0.00154003
0.00222113
0.00292876
0.00365957
0.00440999
0.0051762
0.00595417
0.00673966
0.00752824
0.00831531
0.00909613
0.00986586
0.0106196
0.0113523
0.0120592
0.0127354
0.013376
0.0139767
0.0145329
0.0150408
0.0154966
0.0158971
0.0162395
0.0165215
0.0167415
0.0168985
0.0169921
0.0170227
0.0169914
0.0169002
0.0167519
0.01655
0.0162991
0.0160046
0.0156728
0.0153108
0.014927
0.0145305
0.0141315
0.0137412
0.0133717
0.0130361
0.0127479
0.01252
0.0123649
0.0122979
0.0123219
0.00012342
0.000107044
6.69103e-06
-0.000165537
-0.000391546
-0.0006578
-0.000951428
-0.00126016
-0.00157293
-0.00188002
-0.00217308
-0.00244501
-0.00268987
-0.00290275
-0.00307969
-0.0032175
-0.0033137
-0.00336639
-0.00337421
-0.00333622
-0.0032519
-0.00312104
-0.00294374
-0.00272037
-0.00245153
-0.00213804
-0.00178095
-0.0013815
-0.000941139
-0.00046152
5.55022e-05
0.000607862
0.00119328
0.00180927
0.0024531
0.00312183
0.0038123
0.00452113
0.00524471
0.00597924
0.00672071
0.00746496
0.00820765
0.00894433
0.00967045
0.0103814
0.0110726
0.0117393
0.0123771
0.0129816
0.0135484
0.0140737
0.0145536
0.0149848
0.0153643
0.0156895
0.0159586
0.0161698
0.0163225
0.0164164
0.0164519
0.0164302
0.0163533
0.0162237
0.0160451
0.0158217
0.0155586
0.0152617
0.0149377
0.0145943
0.0142399
0.0138836
0.0135354
0.0132059
0.0129064
0.012648
0.0124415
0.0122969
0.0122304
0.0122518
0.000344368
0.000294385
0.000178164
4.75168e-06
-0.000212716
-0.000462946
-0.000735171
-0.00101914
-0.00130545
-0.00158573
-0.00185263
-0.00209982
-0.00232194
-0.00251449
-0.00267376
-0.00279676
-0.00288112
-0.00292499
-0.00292701
-0.00288625
-0.0028021
-0.00267432
-0.00250292
-0.00228818
-0.00203061
-0.00173094
-0.0013901
-0.00100923
-0.000589677
-0.000132962
0.000359175
0.000884797
0.00144176
0.00202771
0.00264007
0.00327607
0.0039327
0.00460676
0.00529483
0.00599329
0.00669836
0.00740607
0.00811232
0.00881289
0.00950346
0.0101797
0.0108371
0.0114715
0.0120784
0.0126538
0.0131936
0.0136941
0.0141517
0.0145633
0.0149261
0.0152377
0.0154963
0.0157004
0.0158494
0.0159431
0.015982
0.0159671
0.0159006
0.0157848
0.0156231
0.0154197
0.0151792
0.0149074
0.0146103
0.0142952
0.0139695
0.0136418
0.0133208
0.0130159
0.0127369
0.0124936
0.0122953
0.012151
0.0120751
0.0120777
0.000648563
0.000548578
0.000404286
0.000219137
-3.287e-07
-0.000244793
-0.000505253
-0.000773302
-0.00104112
-0.0013016
-0.00154843
-0.00177609
-0.00197986
-0.00215571
-0.00230031
-0.00241091
-0.0024853
-0.00252178
-0.00251905
-0.00247618
-0.0023926
-0.002268
-0.00210236
-0.0018959
-0.00164903
-0.00136242
-0.00103689
-0.000673482
-0.00027342
0.000161878
0.0006308
0.00113154
0.00166208
0.00222022
0.00280353
0.0034094
0.00403497
0.00467722
0.0053329
0.00599859
0.00667068
0.00734542
0.00801889
0.00868708
0.00934589
0.00999115
0.0106187
0.0112244
0.0118041
0.0123539
0.01287
0.0133487
0.0137868
0.0141813
0.0145294
0.014829
0.0150784
0.0152762
0.0154217
0.0155148
0.0155561
0.0155466
0.0154882
0.0153833
0.0152351
0.0150474
0.0148248
0.0145724
0.0142961
0.0140022
0.0136978
0.0133905
0.0130881
0.0127989
0.0125314
0.0122941
0.0120951
0.0119426
0.0118469
0.0118149
0.00101387
0.000853669
0.000672372
0.000467091
0.000237052
-1.01561e-05
-0.000267015
-0.000526793
-0.000783131
-0.00103013
-0.00126248
-0.0014755
-0.00166511
-0.00182781
-0.00196069
-0.00206131
-0.00212769
-0.00215829
-0.00215192
-0.00210773
-0.00202517
-0.00190393
-0.00174398
-0.00154547
-0.00130878
-0.00103447
-0.000723305
-0.00037621
5.69312e-06
0.000421103
0.000868529
0.00134629
0.00185252
0.00238513
0.00294188
0.00352026
0.00411762
0.00473108
0.00535755
0.0059938
0.00663638
0.00728172
0.00792609
0.00856564
0.00919646
0.00981456
0.0104159
0.0109966
0.0115527
0.0120804
0.012576
0.0130361
0.0134574
0.0138372
0.0141728
0.0144621
0.0147034
0.0148956
0.0150379
0.0151302
0.0151731
0.0151675
0.0151152
0.0150185
0.0148805
0.0147047
0.0144953
0.0142572
0.0139957
0.0137168
0.0134268
0.0131326
0.0128411
0.0125597
0.0122957
0.0120564
0.0118491
0.0116807
0.0115566
0.0114792
0.00142078
0.00119468
0.00097031
0.000738422
0.000490897
0.000233873
-2.63557e-05
-0.000284537
-0.000535635
-0.00077488
-0.00099792
-0.00120087
-0.00138032
-0.00153334
-0.00165741
-0.00175048
-0.00181082
-0.0018371
-0.00182828
-0.00178361
-0.00170258
-0.00158494
-0.00143063
-0.00123979
-0.00101274
-0.000749982
-0.000452198
-0.000120229
0.000244909
0.000642027
0.00106975
0.00152654
0.00201064
0.00252013
0.00305287
0.00360656
0.00417865
0.00476643
0.00536698
0.0059772
0.00659383
0.00721343
0.00783244
0.00844717
0.00905385
0.00964864
0.0102277
0.0107872
0.0113232
0.0118323
0.0123107
0.0127552
0.0131626
0.0135301
0.0138553
0.0141361
0.0143707
0.0145581
0.0146976
0.0147889
0.0148326
0.0148296
0.0147816
0.0146906
0.0145596
0.014392
0.0141915
0.0139629
0.0137109
0.013441
0.0131591
0.0128712
0.0125836
0.0123028
0.0120352
0.011787
0.0115646
0.0113741
0.0112153
0.0110857
0.00185228
0.00155765
0.00128635
0.00102319
0.000752964
0.00048062
0.00021145
-5.05959e-05
-0.000301667
-0.000538022
-0.000756208
-0.000953113
-0.00112598
-0.00127242
-0.00139038
-0.00147816
-0.00153434
-0.00155781
-0.0015477
-0.00150339
-0.00142446
-0.00131069
-0.00116203
-0.000978632
-0.000760768
-0.000508891
-0.000223605
9.43322e-05
0.000444001
0.00082432
0.00123404
0.00167172
0.00213578
0.00262439
0.00313559
0.00366719
0.0042168
0.00478186
0.00535959
0.00594703
0.00654107
0.0071384
0.00773561
0.00832912
0.0089153
0.00949042
0.0100507
0.0105925
0.0111121
0.0116058
0.0120702
0.012502
0.0128981
0.0132559
0.0135728
0.0138467
0.014076
0.0142595
0.0143966
0.0144869
0.0145308
0.0145294
0.0144839
0.0143966
0.01427
0.0141072
0.013912
0.0136884
0.0134412
0.0131752
0.0128958
0.0126084
0.0123187
0.0120324
0.0117552
0.0114922
0.0112492
0.0110317
0.0108338
0.0106481
0.00229384
0.00192997
0.00160961
0.00131199
0.00101525
0.000723402
0.000440926
0.00017063
-8.46927e-05
-0.000322231
-0.00053936
-0.000733696
-0.000903115
-0.00104576
-0.00116003
-0.0012446
-0.00129836
-0.00132044
-0.00131017
-0.00126705
-0.00119078
-0.00108118
-0.000938259
-0.000762131
-0.000553068
-0.00031147
-3.78769e-05
0.000267033
0.000602435
0.00096735
0.00136064
0.001781
0.00222696
0.00269684
0.0031888
0.00370079
0.00423057
0.0047757
0.00533355
0.00590129
0.00647592
0.00705427
0.00763303
0.00820875
0.00877788
0.0093368
0.00988184
0.0104093
0.0109156
0.0113972
0.0118506
0.0122726
0.0126601
0.0130104
0.013321
0.0135898
0.0138152
0.0139958
0.014131
0.0142204
0.0142643
0.0142635
0.0142194
0.0141338
0.0140093
0.0138486
0.0136553
0.0134332
0.0131865
0.0129199
0.0126382
0.0123463
0.0120494
0.0117525
0.0114604
0.0111779
0.01091
0.0106617
0.0104218
0.0101782
0.00273316
0.00230055
0.00193014
0.00159603
0.00127009
0.000955614
0.000656458
0.000374427
0.000111374
-0.000130726
-0.000350005
-0.000544758
-0.000713457
-0.000854761
-0.00096752
-0.00105077
-0.00110372
-0.00112574
-0.00111636
-0.00107525
-0.00100219
-0.000897096
-0.000759993
-0.000591017
-0.000390419
-0.000158561
0.000104077
0.000396894
0.000719152
0.00106998
0.00144834
0.00185305
0.00228277
0.00273595
0.00321087
0.00370562
0.00421809
0.00474596
0.00528673
0.0058377
0.00639597
0.00695849
0.00752203
0.00808324
0.00863864
0.00918468
0.00971774
0.0102342
0.0107305
0.011203
0.0116484
0.0120633
0.0124448
0.0127899
0.0130964
0.0133619
0.0135847
0.0137635
0.0138975
0.0139863
0.01403
0.0140294
0.0139855
0.0139003
0.0137758
0.0136149
0.0134207
0.0131968
0.0129472
0.012676
0.0123878
0.0120871
0.0117785
0.0114666
0.0111556
0.0108495
0.0105533
0.0102714
0.00998763
0.00968549
0.00315973
0.00265957
0.00223893
0.00186715
0.0015102
0.00117085
0.000852457
0.000555967
0.000282399
3.29749e-05
-0.000191127
-0.000388827
-0.000559158
-0.000701269
-0.000814437
-0.000898062
-0.000951656
-0.000974845
-0.000967356
-0.000929007
-0.000859705
-0.000759436
-0.000628268
-0.000466353
-0.000273929
-5.13225e-05
0.000201041
0.00048263
0.000792797
0.00113076
0.00149561
0.00188627
0.00230151
0.00273991
0.00319989
0.00367965
0.00417722
0.00469039
0.00521678
0.00575378
0.00629862
0.00684832
0.00739974
0.0079496
0.00849447
0.00903085
0.00955515
0.0100638
0.0105531
0.0110196
0.0114599
0.0118705
0.0122485
0.0125909
0.0128953
0.0131593
0.0133812
0.0135594
0.0136931
0.0137818
0.0138254
0.0138246
0.0137803
0.0136942
0.0135683
0.0134051
0.0132076
0.0129792
0.0127235
0.0124445
0.0121463
0.0118331
0.011509
0.0111784
0.0108449
0.0105121
0.0101848
0.00986717
0.00953835
0.00917788
0.00356446
0.0029983
0.00252782
0.00211781
0.00172873
0.00136294
0.00102343
0.000710398
0.000424121
0.000165148
-6.59723e-05
-0.000268737
-0.000442697
-0.000587466
-0.000702726
-0.000788225
-0.000843773
-0.000869241
-0.000864552
-0.000829681
-0.00076465
-0.000669522
-0.000544414
-0.000389492
-0.000204986
8.80841e-06
0.000251519
0.000522684
0.000821741
0.00114801
0.00150067
0.00187877
0.0022812
0.00270667
0.0031537
0.00362063
0.00410559
0.0046065
0.00512108
0.00564682
0.00618104
0.00672083
0.00726312
0.00780469
0.00834213
0.00887198
0.00939066
0.00989456
0.01038
0.0108435
0.0112815
0.0116907
0.0120678
0.0124099
0.0127144
0.0129789
0.0132014
0.0133805
0.0135149
0.0136042
0.013648
0.013647
0.0136018
0.013514
0.0133854
0.0132184
0.0130157
0.0127805
0.0125161
0.0122264
0.0119151
0.0115862
0.0112435
0.010891
0.0105321
0.0101699
0.00980932
0.00945439
0.00907987
0.00866158
0.00393936
0.00330898
0.00278936
0.00234102
0.0019192
0.00152596
0.00116401
0.000832882
0.000532204
0.000261919
2.20029e-05
-0.000187571
-0.000366837
-0.000515842
-0.000634648
-0.000723335
-0.000781997
-0.000810739
-0.00080968
-0.000778943
-0.000718661
-0.00062898
-0.000510058
-0.000362082
-0.000185271
2.01106e-05
0.00025374
0.000515225
0.000804084
0.00111973
0.00146146
0.00182843
0.00221963
0.00263389
0.00306988
0.00352602
0.00400057
0.00449156
0.0049968
0.00551388
0.00604018
0.00657287
0.00710894
0.00764518
0.00817823
0.00870461
0.00922075
0.00972298
0.0102077
0.0106711
0.0111098
0.0115202
0.0118991
0.0122434
0.0125503
0.0128174
0.0130425
0.0132238
0.0133603
0.013451
0.0134957
0.0134946
0.0134484
0.0133584
0.0132263
0.0130542
0.0128447
0.0126007
0.0123256
0.0120227
0.0116958
0.0113484
0.0109845
0.0106075
0.0102206
0.00982689
0.00943118
0.00903771
0.00861706
0.00814155
0.00427734
0.00358458
0.00301674
0.00253031
0.00207553
0.00165425
0.00126897
0.000918628
0.000602279
0.000319313
6.9186e-05
-0.000148617
-0.000334578
-0.000489145
-0.000612739
-0.000705752
-0.000768544
-0.000801447
-0.00080476
-0.000778753
-0.000723666
-0.000639717
-0.00052711
-0.000386046
-0.000216734
-1.94081e-05
0.000205662
0.00045815
0.00073766
0.0010437
0.00137567
0.00173282
0.00211429
0.002519
0.00294573
0.00339305
0.00385929
0.00434259
0.00484086
0.00535177
0.00587277
0.00640109
0.00693375
0.00746756
0.00799918
0.00852512
0.00904175
0.00954538
0.0100323
0.0104987
0.010941
0.0113556
0.011739
0.0120881
0.0123998
0.0126717
0.0129012
0.0130867
0.0132266
0.01332
0.0133663
0.0133657
0.0133187
0.0132263
0.0130901
0.012912
0.0126945
0.0124403
0.0121525
0.0118346
0.0114898
0.0111218
0.0107342
0.0103304
0.0099135
0.00948634
0.00905403
0.00862099
0.00815388
0.00762169
0.00457197
0.00381868
0.0032037
0.00267962
0.00219195
0.00174237
0.00133322
0.000962916
0.000629975
0.000333293
7.18511e-05
-0.000155317
-0.000349105
-0.000510338
-0.000639769
-0.000738082
-0.000805889
-0.000843731
-0.00085208
-0.000831341
-0.000781853
-0.000703905
-0.000597739
-0.000463567
-0.000301587
-0.000111998
0.000104984
0.000349102
0.000620043
0.00091741
0.0012407
0.0015893
0.00196243
0.00235914
0.00277833
0.00321867
0.0036786
0.00415636
0.00464994
0.00515709
0.00567532
0.00620191
0.00673391
0.00726814
0.00780124
0.00832971
0.00884986
0.00935794
0.00985012
0.0103226
0.0107715
0.0111931
0.0115839
0.0119404
0.0122596
0.0125386
0.0127749
0.0129663
0.0131114
0.0132088
0.013258
0.0132587
0.0132112
0.0131166
0.0129761
0.0127915
0.0125651
0.0122995
0.0119978
0.011663
0.0112986
0.010908
0.0104948
0.0100623
0.0096135
0.00915129
0.00868105
0.00820751
0.00769357
0.00710503
0.00481741
0.00400538
0.0033444
0.00278329
0.00226301
0.00178513
0.00135184
0.000961104
0.000610941
0.000299789
2.61913e-05
-0.000211232
-0.000413758
-0.000582561
-0.000718705
-0.000823145
-0.000896728
-0.000940189
-0.000954162
-0.000939173
-0.000895657
-0.000823961
-0.000724361
-0.000597076
-0.000442288
-0.000260155
-5.08402e-05
0.000185475
0.00044856
0.000738115
0.00105375
0.00139494
0.00176104
0.00215122
0.00256447
0.00299959
0.00345511
0.00392938
0.00442045
0.00492617
0.00544409
0.00597152
0.00650554
0.00704297
0.00758045
0.00811439
0.00864109
0.00915667
0.00965723
0.0101388
0.0105974
0.0110291
0.0114302
0.0117971
0.0121264
0.0124151
0.0126605
0.0128601
0.0130123
0.0131155
0.0131688
0.0131719
0.0131248
0.0130284
0.0128836
0.0126924
0.0124566
0.0121789
0.011862
0.0115092
0.0111236
0.0107088
0.0102683
0.00980532
0.00932307
0.00882434
0.00831495
0.0078
0.00723876
0.00659391
0.0050082
0.00413919
0.00343338
0.00283596
0.00228352
0.00177752
0.00132006
0.000908644
0.000540859
0.000214715
-7.16538e-05
-0.000320013
-0.000531997
-0.000709102
-0.000852682
-0.000963946
-0.00104395
-0.00109363
-0.00111374
-0.00110494
-0.00106773
-0.00100253
-0.000909619
-0.000789232
-0.000641523
-0.000466609
-0.000264591
-3.55764e-05
0.000220295
0.000502821
0.000811715
0.00114658
0.00150686
0.00189187
0.0023007
0.00273225
0.00318518
0.0036579
0.00414857
0.00465509
0.00517507
0.00570585
0.00624452
0.00678791
0.00733261
0.00787499
0.00841125
0.00893743
0.00944949
0.0099433
0.0104147
0.0108597
0.0112742
0.0116545
0.0119969
0.0122981
0.0125551
0.0127655
0.0129269
0.0130378
0.013097
0.0131039
0.0130583
0.0129608
0.0128124
0.0126145
0.0123691
0.0120787
0.0117461
0.0113741
0.0109663
0.0105259
0.0100565
0.00956168
0.00904446
0.00850786
0.00795811
0.00740079
0.00679161
0.00609018
0.00513926
0.00421495
0.00346549
0.00283256
0.00224852
0.00171473
0.00123322
0.000801076
0.000415463
7.39942e-05
-0.000225577
-0.000485376
-0.000707372
-0.000893363
-0.00104497
-0.00116364
-0.00125063
-0.00130703
-0.00133374
-0.00133151
-0.00130093
-0.00124245
-0.00115636
-0.00104291
-0.000902197
-0.000734309
-0.000539274
-0.00031712
-6.78949e-05
0.000208304
0.000511298
0.000840802
0.0011964
0.00157749
0.00198331
0.00241285
0.00286489
0.00333793
0.0038302
0.00433967
0.00486401
0.00540058
0.00594649
0.00649854
0.00705329
0.00760705
0.00815592
0.00869584
0.0092226
0.00973192
0.0102195
0.010681
0.0111121
0.011509
0.0118676
0.0121843
0.0124559
0.0126796
0.0128528
0.0129737
0.0130408
0.0130532
0.0130105
0.0129131
0.0127617
0.0125577
0.012303
0.0119997
0.0116507
0.011259
0.0108279
0.0103608
0.0098614
0.00933329
0.00877976
0.00820395
0.00761264
0.00701191
0.00635393
0.00559525
0.00520575
0.00422776
0.00343585
0.00276825
0.00215325
0.00159212
0.00108681
0.000634031
0.000230535
-0.000126434
-0.000439484
-0.000711081
-0.000943506
-0.00113884
-0.00129895
-0.00142551
-0.00151995
-0.00158352
-0.00161724
-0.00162195
-0.0015983
-0.00154675
-0.00146764
-0.00136116
-0.00122741
-0.0010664
-0.0008781
-0.000662439
-0.000419371
-0.000148887
0.000148951
0.000473977
0.000825893
0.00120423
0.00160834
0.00203733
0.00249008
0.00296518
0.00346097
0.00397546
0.00450638
0.00505112
0.00560679
0.00617018
0.0067378
0.00730589
0.00787044
0.00842727
0.00897201
0.00950018
0.0100073
0.0104887
0.01094
0.0113568
0.0117349
0.0120704
0.0123598
0.0125998
0.0127877
0.0129211
0.0129984
0.0130184
0.0129804
0.0128846
0.0127314
0.0125221
0.0122584
0.0119424
0.011577
0.011165
0.0107099
0.0102152
0.00968463
0.00912206
0.00853092
0.00791461
0.00728046
0.00663513
0.00592725
0.00511026
0.00520307
0.00417297
0.00333976
0.00263839
0.00199312
0.00140519
0.000876441
0.000403229
-1.808e-05
-0.000390601
-0.000717283
-0.00100091
-0.00124407
-0.00144909
-0.0016181
-0.00175294
-0.00185525
-0.00192638
-0.00196748
-0.00197946
-0.00196301
-0.00191863
-0.00184665
-0.00174724
-0.00162045
-0.00146623
-0.00128447
-0.00107501
-0.000837697
-0.000572407
-0.000279081
4.22389e-05
0.000391383
0.000768013
0.0011716
0.00160137
0.00205632
0.00253515
0.00303626
0.00355776
0.00409739
0.00465261
0.00522052
0.00579789
0.00638118
0.00696654
0.00754988
0.00812685
0.00869292
0.0092434
0.00977352
0.0102785
0.0107535
0.0111939
0.0115952
0.0119531
0.0122636
0.0125233
0.0127289
0.0128778
0.012968
0.012998
0.0129669
0.0128744
0.012721
0.0125075
0.0122356
0.0119075
0.0115257
0.0110933
0.0106137
0.0100906
0.00952801
0.00892986
0.00829987
0.00764173
0.00696338
0.00627212
0.00551297
0.0046362
0.00512676
0.00404607
0.00317275
0.0024385
0.00176372
0.00114957
0.000597824
0.000104477
-0.00033448
-0.000722503
-0.00106287
-0.00135867
-0.00161276
-0.00182775
-0.00200595
-0.00214942
-0.00225993
-0.00233897
-0.00238779
-0.00240735
-0.00239839
-0.00236142
-0.00229675
-0.00220454
-0.00208476
-0.0019373
-0.00176196
-0.00155849
-0.00132662
-0.0010661
-0.000776753
-0.000458479
-0.000111318
0.000264528
0.000668657
0.00110043
0.00155896
0.00204304
0.00255119
0.00308156
0.00363198
0.00419991
0.00478248
0.00537642
0.00597816
0.00658377
0.00718902
0.00778943
0.00838026
0.00895662
0.00951347
0.0100457
0.0105483
0.0110162
0.0114445
0.0118285
0.012164
0.012447
0.0126738
0.0128416
0.0129479
0.0129907
0.0129689
0.0128821
0.0127302
0.0125141
0.0122352
0.0118956
0.0114979
0.0110451
0.0105408
0.00998886
0.00939336
0.00875858
0.00808853
0.00738719
0.00666319
0.00592449
0.0051124
0.00417396
0.00497255
0.00384275
0.00293048
0.00216426
0.00146075
0.000821019
0.000246781
-0.000266336
-0.000722698
-0.00112609
-0.00148011
-0.00178814
-0.0020533
-0.00227844
-0.00246609
-0.00261846
-0.00273748
-0.00282476
-0.00288161
-0.00290906
-0.00290788
-0.00287857
-0.00282143
-0.00273657
-0.0026239
-0.00248325
-0.0023143
-0.00211669
-0.00189005
-0.00163399
-0.00134819
-0.00103243
-0.000686588
-0.000310729
9.48841e-05
0.00052975
0.000993097
0.00148385
0.00200062
0.00254164
0.0031048
0.00368761
0.00428719
0.00490027
0.00552322
0.00615203
0.00678236
0.00740954
0.00802867
0.00863459
0.00922202
0.00978554
0.0103197
0.0108192
0.0112787
0.011693
0.0120576
0.0123678
0.0126198
0.0128102
0.0129359
0.0129948
0.0129854
0.0129067
0.0127587
0.0125418
0.0122575
0.0119076
0.0114946
0.0110219
0.0104929
0.00991165
0.00928257
0.00861021
0.00789888
0.00715292
0.00638169
0.00559384
0.00472687
0.00372444
0.00473625
0.00355882
0.00260874
0.00181149
0.00108005
0.000415423
-0.000180765
-0.000713234
-0.0011867
-0.00160527
-0.00197285
-0.0022931
-0.00256941
-0.00280484
-0.00300212
-0.00316364
-0.00329145
-0.00338726
-0.00345245
-0.0034881
-0.00349499
-0.00347362
-0.00342427
-0.00334697
-0.00324158
-0.00310783
-0.00294532
-0.00275355
-0.00253203
-0.00228023
-0.00199769
-0.00168402
-0.00133897
-0.000962444
-0.000554549
-0.000115645
0.000353634
0.000852341
0.00137919
0.00193251
0.00251028
0.00311003
0.0037289
0.00436363
0.00501052
0.00566548
0.00632406
0.00698144
0.00763247
0.00827178
0.00889377
0.0094927
0.0100628
0.0105982
0.0110933
0.0115425
0.0119405
0.0122825
0.0125639
0.0127809
0.0129301
0.0130089
0.0130151
0.0129478
0.0128063
0.012591
0.0123031
0.0119443
0.0115172
0.0110251
0.0104715
0.00986087
0.00919767
0.00848683
0.00773301
0.00694097
0.0061208
0.00528191
0.00435781
0.00328864
0.00441383
0.00319021
0.00220347
0.00137612
0.000617589
-7.12371e-05
-0.000688796
-0.00124015
-0.00173037
-0.00216388
-0.00254487
-0.0028773
-0.00316478
-0.00341061
-0.00361768
-0.00378856
-0.0039254
-0.00403002
-0.00410385
-0.00414802
-0.0041633
-0.00415018
-0.0041089
-0.00403943
-0.00394156
-0.00381491
-0.00365896
-0.00347311
-0.00325671
-0.0030091
-0.00272964
-0.0024178
-0.00207316
-0.00169545
-0.00128463
-0.000840891
-0.000364721
0.00014307
0.000681319
0.00124847
0.00184257
0.00246123
0.0031016
0.00376041
0.00443394
0.00511801
0.00580804
0.00649904
0.00718568
0.00786231
0.00852301
0.00916171
0.00977219
0.0103482
0.0108837
0.0113725
0.0118089
0.0121874
0.012503
0.0127513
0.0129284
0.0130311
0.013057
0.0130044
0.0128726
0.0126617
0.0123725
0.0120067
0.0115669
0.0110563
0.0104787
0.0098386
0.00914085
0.0083907
0.00759321
0.00675352
0.00588258
0.00499056
0.00400679
0.00286771
0.00400133
0.00273296
0.00171072
0.000854217
6.94252e-05
-0.00064287
-0.00128119
-0.00185095
-0.00235754
-0.00280571
-0.00319994
-0.00354444
-0.00384309
-0.00409937
-0.00431637
-0.00449678
-0.0046429
-0.0047566
-0.00483938
-0.00489239
-0.0049164
-0.00491188
-0.00487901
-0.0048177
-0.00472765
-0.00460837
-0.00445923
-0.00427948
-0.00406832
-0.00382494
-0.00354854
-0.00323841
-0.00289394
-0.0025147
-0.00210047
-0.00165126
-0.00116741
-0.00064956
-9.87407e-05
0.00048362
0.00109566
0.00173506
0.00239903
0.00308429
0.00378709
0.00450318
0.00522787
0.005956
0.00668201
0.0074
0.00810373
0.00878673
0.0094424
0.010064
0.0106449
0.0111785
0.0116585
0.0120788
0.0124338
0.0127185
0.0129283
0.0130597
0.0131095
0.0130759
0.0129575
0.0127541
0.0124664
0.012096
0.0116452
0.0111173
0.0105164
0.00984708
0.00911451
0.00832432
0.00748195
0.00659303
0.00566934
0.00472191
0.00367562
0.00246303
0.0034949
0.00218323
0.00112665
0.000241946
-0.000568258
-0.00130328
-0.00196174
-0.00254938
-0.00307194
-0.00353446
-0.00394171
-0.00429817
-0.00460794
-0.00487472
-0.00510176
-0.00529189
-0.00544749
-0.00557055
-0.00566259
-0.00572478
-0.00575789
-0.00576235
-0.00573828
-0.00568552
-0.00560367
-0.00549212
-0.00535012
-0.00517676
-0.0049711
-0.00473214
-0.00445892
-0.00415052
-0.00380616
-0.00342521
-0.00300726
-0.00255213
-0.00205998
-0.00153127
-0.000966885
-0.000368103
0.000263328
0.000925181
0.00161472
0.0023287
0.00306334
0.00381433
0.00457687
0.00534563
0.00611486
0.00687835
0.00762956
0.00836162
0.00906746
0.00973989
0.0103717
0.0109557
0.0114849
0.0119527
0.0123527
0.0126794
0.0129275
0.0130927
0.0131715
0.0131614
0.0130606
0.0128686
0.0125857
0.0122132
0.0117537
0.0112102
0.010587
0.00988883
0.00912132
0.00829043
0.00740203
0.00646221
0.00548369
0.00447836
0.00336643
0.00207631
0.00289081
0.00153728
0.000447528
-0.000464417
-0.00129918
-0.00205618
-0.00273413
-0.00333913
-0.00387722
-0.00435376
-0.0047738
-0.00514208
-0.00546292
-0.0057402
-0.00597737
-0.00617737
-0.00634269
-0.00647537
-0.006577
-0.00664873
-0.00669132
-0.00670518
-0.00669036
-0.0066466
-0.00657341
-0.00647005
-0.00633562
-0.00616907
-0.00596928
-0.00573507
-0.00546529
-0.00515882
-0.00481468
-0.00443202
-0.00401022
-0.00354891
-0.00304803
-0.00250786
-0.00192909
-0.00131286
-0.000660752
2.51024e-05
0.000742055
0.00148689
0.00225584
0.00304455
0.0038481
0.00466102
0.00547734
0.00629058
0.00709385
0.00787989
0.00864115
0.00936991
0.0100583
0.0106987
0.0112832
0.0118047
0.012256
0.0126308
0.0129232
0.0131281
0.0132415
0.0132601
0.0131818
0.0130054
0.012731
0.0123599
0.0118941
0.011337
0.0106928
0.0099666
0.00916423
0.00829211
0.00735654
0.00636415
0.00532858
0.0042627
0.00308169
0.0017096
0.00218541
0.000791499
-0.000330265
-0.00126849
-0.00212694
-0.00290516
-0.00360196
-0.00422376
-0.00477695
-0.00526717
-0.00569974
-0.00607967
-0.00641149
-0.00669929
-0.00694666
-0.00715667
-0.00733192
-0.0074745
-0.00758603
-0.00766768
-0.00772019
-0.00774391
-0.00773882
-0.00770458
-0.00764058
-0.00754595
-0.00741963
-0.00726042
-0.007067
-0.00683803
-0.00657211
-0.00626794
-0.0059243
-0.00554012
-0.00511455
-0.00464699
-0.00413716
-0.00358513
-0.00299138
-0.00235685
-0.00168298
-0.000971754
-0.000225716
0.000551989
0.0013576
0.00218674
0.00303441
0.003895
0.00476232
0.00562962
0.00648967
0.00733477
0.00815691
0.0089478
0.00969899
0.010402
0.0110485
0.0116303
0.0121397
0.0125693
0.0129126
0.0131637
0.0133179
0.0133711
0.0133206
0.0131648
0.0129035
0.0125373
0.0120685
0.0115002
0.0108368
0.0100835
0.00924657
0.00833281
0.00734901
0.00630232
0.00520741
0.00407812
0.00282433
0.00136543
0.00137518
-5.7636e-05
-0.00121024
-0.00217377
-0.00305505
-0.00385372
-0.00456872
-0.00520677
-0.0057746
-0.00627813
-0.00672297
-0.00711436
-0.00745706
-0.00775536
-0.00801298
-0.00823313
-0.00841851
-0.00857125
-0.00869302
-0.00878498
-0.00884785
-0.00888192
-0.0088871
-0.00886296
-0.00880875
-0.00872348
-0.00860592
-0.00845469
-0.0082683
-0.00804517
-0.00778371
-0.00748238
-0.00713971
-0.0067544
-0.00632534
-0.00585168
-0.0053329
-0.00476882
-0.0041597
-0.00350626
-0.00280976
-0.00207199
-0.00129538
-0.000482971
0.000361514
0.00123369
0.00212851
0.00304022
0.00396245
0.00488817
0.0058098
0.00671923
0.00760792
0.00846701
0.0092874
0.0100599
0.0107753
0.0114246
0.0119993
0.0124911
0.0128927
0.0131972
0.0133989
0.0134933
0.0134768
0.0133473
0.013104
0.0127472
0.012279
0.0117025
0.0110219
0.010243
0.00937205
0.00841643
0.00738341
0.0062807
0.00512405
0.00392835
0.00259779
0.00104683
0.000456733
-0.00101351
-0.00219577
-0.00318366
-0.0040869
-0.00490527
-0.0056378
-0.00629154
-0.00687353
-0.00739
-0.00784681
-0.00824946
-0.00860292
-0.00891166
-0.00917957
-0.00940998
-0.00960567
-0.00976883
-0.00990117
-0.0100038
-0.0100775
-0.0101225
-0.0101385
-0.0101251
-0.0100813
-0.0100061
-0.00989806
-0.00975558
-0.00957698
-0.00936046
-0.00910421
-0.00880642
-0.00846539
-0.00807954
-0.00764748
-0.0071681
-0.0066406
-0.00606453
-0.00543989
-0.00476717
-0.00404738
-0.00328213
-0.00247368
-0.00162493
-0.00073954
0.000178141
0.00112301
0.00208923
0.00307023
0.00405875
0.00504684
0.00602597
0.00698709
0.00792071
0.00881704
0.00966611
0.0104579
0.0111825
0.0118304
0.0123925
0.0128602
0.0132259
0.0134829
0.0136258
0.0136502
0.0135533
0.0133337
0.0129915
0.0125282
0.0119468
0.0112518
0.0104489
0.00954483
0.00854735
0.00746424
0.0063038
0.00508296
0.00381768
0.00240611
0.00075742
-0.000573212
-0.0020794
-0.00329015
-0.00430143
-0.00522577
-0.00606308
-0.00681248
-0.00748135
-0.00807703
-0.00860603
-0.0090745
-0.00948817
-0.00985224
-0.0101713
-0.0104495
-0.0106903
-0.0108964
-0.0110703
-0.0112135
-0.0113272
-0.0114122
-0.0114685
-0.011496
-0.011494
-0.0114614
-0.0113971
-0.0112994
-0.0111665
-0.0109966
-0.0107876
-0.0105374
-0.0102441
-0.00990555
-0.00951995
-0.00908562
-0.00860113
-0.00806537
-0.00747762
-0.00683758
-0.00614544
-0.00540198
-0.00460857
-0.00376723
-0.00288074
-0.00195262
-0.000987155
1.05315e-05
0.00103453
0.00207811
0.00313378
0.00419325
0.00524756
0.00628713
0.00730184
0.00828118
0.00921436
0.0100905
0.0108986
0.0116282
0.0122691
0.0128117
0.0132472
0.013568
0.0137675
0.0138405
0.0137834
0.0135941
0.0132721
0.0128187
0.0122366
0.0115303
0.0107056
0.0097696
0.00873048
0.00759657
0.00637677
0.00508922
0.00375107
0.00225397
0.000501512
-0.00171778
-0.00325844
-0.00449653
-0.00553025
-0.00647486
-0.00733034
-0.00809595
-0.00877937
-0.00938824
-0.00992936
-0.0104091
-0.0108336
-0.011208
-0.0115374
-0.0118258
-0.0120769
-0.0122937
-0.0124784
-0.0126327
-0.0127579
-0.0128546
-0.0129229
-0.0129625
-0.0129725
-0.0129519
-0.0128993
-0.0128128
-0.0126905
-0.0125303
-0.0123298
-0.0120869
-0.011799
-0.011464
-0.0110797
-0.010644
-0.0101552
-0.00961196
-0.00901309
-0.00835802
-0.00764663
-0.00687939
-0.00605738
-0.00518241
-0.00425703
-0.00328458
-0.00226928
-0.0012162
-0.00013131
0.000978553
0.00210566
0.00324142
0.00437645
0.00550063
0.0066032
0.00767289
0.00869805
0.00966681
0.0105673
0.0113877
0.0121167
0.0127436
0.0132583
0.0136521
0.0139172
0.0140474
0.0140382
0.0138865
0.0135914
0.0131536
0.0125756
0.0118617
0.0110179
0.0100516
0.00897139
0.00778614
0.00650542
0.00514865
0.00373421
0.00214684
0.000284162
-0.00297994
-0.00455363
-0.00581792
-0.00687318
-0.00783721
-0.00871013
-0.0094913
-0.0101887
-0.0108102
-0.011363
-0.0118537
-0.0122886
-0.0126732
-0.0130126
-0.0133112
-0.0135727
-0.0138
-0.0139957
-0.0141614
-0.0142984
-0.0144073
-0.014488
-0.0145402
-0.0145631
-0.0145553
-0.0145152
-0.0144409
-0.0143302
-0.0141808
-0.0139901
-0.0137555
-0.0134744
-0.0131441
-0.0127622
-0.0123264
-0.0118344
-0.0112846
-0.0106755
-0.010006
-0.00927584
-0.00848499
-0.00763428
-0.0067252
-0.00576006
-0.00474199
-0.00367505
-0.00256425
-0.00141553
-0.000235845
0.00096689
0.0021838
0.0034051
0.00462013
0.00581748
0.0069851
0.00811046
0.00918066
0.0101827
0.0111036
0.0119308
0.0126521
0.0132563
0.0137332
0.0140738
0.0142708
0.0143183
0.0142127
0.0139519
0.0135363
0.0129678
0.0122508
0.0113912
0.0103967
0.00927631
0.00803945
0.00669637
0.00526786
0.00377362
0.00209101
0.000111282
-0.00436253
-0.00596785
-0.00725725
-0.00833315
-0.00931581
-0.0102054
-0.0110015
-0.0117122
-0.0123459
-0.0129099
-0.0134111
-0.013856
-0.0142504
-0.0145997
-0.0149082
-0.0151799
-0.0154178
-0.0156246
-0.0158019
-0.0159509
-0.0160722
-0.0161659
-0.0162313
-0.0162677
-0.0162734
-0.0162468
-0.0161858
-0.0160878
-0.0159504
-0.0157707
-0.0155458
-0.0152727
-0.0149486
-0.0145706
-0.0141359
-0.0136421
-0.013087
-0.0124687
-0.0117859
-0.0110376
-0.0102236
-0.00934442
-0.00840108
-0.00739563
-0.00633094
-0.00521086
-0.00404025
-0.00282504
-0.0015722
-0.000289799
0.00101302
0.00232609
0.00363824
0.00493742
0.00621077
0.00744482
0.00862564
0.009739
0.0107707
0.0117067
0.0125334
0.0132382
0.0138092
0.0142363
0.0145104
0.0146248
0.0145744
0.0143565
0.0139705
0.013418
0.0127031
0.0118316
0.0108115
0.00965224
0.00836379
0.00695708
0.00545437
0.00387676
0.0020937
-1.02733e-05
-0.00586819
-0.00750381
-0.0088173
-0.009913
-0.0109135
-0.0118191
-0.0126294
-0.0133529
-0.0139981
-0.0145728
-0.015084
-0.0155384
-0.0159423
-0.016301
-0.0166192
-0.0169008
-0.0171493
-0.017367
-0.0175558
-0.017717
-0.0178511
-0.0179581
-0.0180373
-0.0180878
-0.0181079
-0.0180957
-0.0180488
-0.0179647
-0.0178405
-0.0176732
-0.0174594
-0.017196
-0.0168796
-0.016507
-0.0160751
-0.015581
-0.015022
-0.014396
-0.013701
-0.0129357
-0.0120995
-0.0111923
-0.0102148
-0.00916887
-0.0080569
-0.0068825
-0.00565035
-0.00436625
-0.00303718
-0.0016713
-0.000277969
0.00113229
0.00254781
0.0039559
0.00534292
0.00669441
0.00799535
0.00923027
0.0103835
0.0114397
0.0123836
0.0132008
0.0138781
0.0144034
0.0147663
0.0149586
0.0149738
0.0148083
0.0144604
0.0139313
0.0132244
0.0123458
0.0113034
0.010107
0.00876737
0.00729599
0.00571671
0.00405209
0.0021632
-7.25944e-05
-0.00749942
-0.00916411
-0.0105007
-0.0116155
-0.0126331
-0.0135541
-0.0143779
-0.0151135
-0.0157697
-0.0163543
-0.0168749
-0.0173384
-0.0177511
-0.0181188
-0.0184461
-0.0187374
-0.018996
-0.0192245
-0.0194248
-0.0195982
-0.0197452
-0.0198658
-0.0199592
-0.0200243
-0.0200595
-0.0200625
-0.0200309
-0.0199618
-0.0198521
-0.0196985
-0.0194974
-0.0192452
-0.0189382
-0.0185727
-0.0181454
-0.0176528
-0.0170917
-0.0164596
-0.0157539
-0.014973
-0.0141157
-0.0131814
-0.0121704
-0.0110841
-0.00992455
-0.00869502
-0.00739994
-0.00604491
-0.00463684
-0.00318394
-0.00169572
-0.000183025
0.00134203
0.00286612
0.00437481
0.00585269
0.00728357
0.00865067
0.00993691
0.0111252
0.0121987
0.0131412
0.0139376
0.0145741
0.0150386
0.0153209
0.0154134
0.0153108
0.0150107
0.0145132
0.0138215
0.0129412
0.0118805
0.0106495
0.00925942
0.0077226
0.00606449
0.00430925
0.00230896
-6.66046e-05
-0.00925854
-0.0109512
-0.0123101
-0.0134432
-0.0144773
-0.0154129
-0.0162497
-0.0169967
-0.0176631
-0.0182571
-0.0187864
-0.0192582
-0.0196791
-0.020055
-0.0203909
-0.0206913
-0.0209595
-0.0211984
-0.0214099
-0.0215953
-0.0217552
-0.0218894
-0.0219973
-0.0220776
-0.0221283
-0.0221474
-0.022132
-0.022079
-0.0219852
-0.0218467
-0.0216598
-0.0214205
-0.0211247
-0.0207683
-0.0203475
-0.0198582
-0.0192971
-0.0186607
-0.0179463
-0.0171514
-0.0162744
-0.0153143
-0.0142708
-0.0131446
-0.0119376
-0.0106525
-0.00929349
-0.00786587
-0.0063764
-0.00483326
-0.00324607
-0.00162592
1.46589e-05
0.00166176
0.00330015
0.00491345
0.00648431
0.00799458
0.00942564
0.0107587
0.011975
0.0130565
0.013986
0.0147477
0.0153275
0.0157134
0.0158958
0.0158682
0.0156266
0.0151703
0.0145018
0.0136263
0.012552
0.0112895
0.00985027
0.00824758
0.00650858
0.0046591
0.00254168
1.80679e-05
-0.0111477
-0.0128675
-0.014248
-0.0153988
-0.0164488
-0.0173984
-0.0182474
-0.0190052
-0.0196811
-0.0202836
-0.0208207
-0.0212999
-0.0217281
-0.0221114
-0.022455
-0.0227636
-0.0230408
-0.0232894
-0.0235116
-0.0237086
-0.0238811
-0.024029
-0.0241514
-0.024247
-0.0243139
-0.0243496
-0.0243512
-0.0243155
-0.0242386
-0.0241168
-0.0239457
-0.023721
-0.0234382
-0.023093
-0.0226807
-0.022197
-0.0216379
-0.0209995
-0.0202783
-0.0194715
-0.0185767
-0.0175923
-0.0165175
-0.0153525
-0.0140985
-0.0127579
-0.0113343
-0.00983289
-0.00826003
-0.00662384
-0.00493395
-0.00320163
-0.00143977
0.000337164
0.00211321
0.00387103
0.00559206
0.00725677
0.00884492
0.0103359
0.011709
0.012944
0.0140216
0.0149236
0.0156337
0.0161378
0.0164243
0.0164848
0.0163139
0.0159097
0.0152735
0.0144104
0.0133282
0.0120379
0.0105515
0.00888292
0.00706118
0.00511393
0.00287353
0.000193228
-0.013169
-0.0149151
-0.0163167
-0.0174848
-0.0185501
-0.0195132
-0.0203738
-0.0211416
-0.0218261
-0.0224362
-0.0229801
-0.0234656
-0.0238999
-0.0242894
-0.0246397
-0.0249553
-0.0252404
-0.0254978
-0.0257298
-0.0259378
-0.0261224
-0.0262835
-0.0264203
-0.0265314
-0.0266146
-0.0266675
-0.0266868
-0.0266692
-0.0266105
-0.0265066
-0.0263529
-0.0261446
-0.0258768
-0.0255447
-0.0251431
-0.0246673
-0.0241126
-0.0234745
-0.0227489
-0.0219324
-0.0210219
-0.0200152
-0.0189108
-0.0177084
-0.0164084
-0.0150127
-0.0135245
-0.0119484
-0.0102906
-0.00855901
-0.0067631
-0.00491429
-0.00302572
-0.00111235
0.000809149
0.0027205
0.00460197
0.00643259
0.00819043
0.00985297
0.0113975
0.0128014
0.0140429
0.0151014
0.0159581
0.0165964
0.0170026
0.0171659
0.0170792
0.0167391
0.0161459
0.0153038
0.0142205
0.0129071
0.011376
0.00964203
0.00773603
0.00568757
0.00331823
0.000472267
-0.0153242
-0.0170964
-0.0185187
-0.0197037
-0.020784
-0.02176
-0.0226316
-0.0234085
-0.0241006
-0.0247171
-0.0252665
-0.025757
-0.026196
-0.0265903
-0.0269456
-0.027267
-0.0275585
-0.0278234
-0.028064
-0.0282819
-0.0284777
-0.0286514
-0.0288021
-0.0289284
-0.0290281
-0.0290983
-0.029136
-0.0291371
-0.0290977
-0.029013
-0.0288781
-0.0286879
-0.0284371
-0.0281201
-0.0277316
-0.027266
-0.0267181
-0.0260829
-0.0253555
-0.0245318
-0.023608
-0.0225813
-0.0214494
-0.0202112
-0.0188665
-0.0174167
-0.0158643
-0.0142133
-0.0124696
-0.0106406
-0.00873586
-0.00676666
-0.00474636
-0.00269032
-0.000615828
0.00145793
0.00351005
0.00551814
0.00745856
0.00930678
0.0110378
0.0126267
0.014049
0.0152814
0.0163022
0.0170922
0.0176349
0.0179172
0.0179298
0.0176674
0.017129
0.016318
0.0152415
0.0139106
0.0123383
0.0105399
0.00854851
0.00639557
0.00389125
0.000870327
-0.0176151
-0.0194134
-0.0208565
-0.0220583
-0.0231532
-0.0241417
-0.0250234
-0.0258086
-0.0265072
-0.0271287
-0.0276821
-0.0281759
-0.0286178
-0.0290149
-0.0293734
-0.0296985
-0.0299946
-0.0302653
-0.0305129
-0.0307392
-0.030945
-0.0311303
-0.0312941
-0.031435
-0.0315508
-0.0316384
-0.0316945
-0.0317151
-0.0316957
-0.0316313
-0.0315166
-0.0313462
-0.0311141
-0.0308144
-0.0304412
-0.0299883
-0.0294498
-0.0288201
-0.0280936
-0.0272654
-0.0263311
-0.0252869
-0.0241299
-0.0228581
-0.0214706
-0.0199681
-0.0183522
-0.0166266
-0.0147964
-0.0128688
-0.0108529
-0.0087599
-0.00660333
-0.00439878
-0.00216413
8.06393e-05
0.0023135
0.00451062
0.00664663
0.00869494
0.0106282
0.0124189
0.0140397
0.0154644
0.0166681
0.0176285
0.0183262
0.0187453
0.0188738
0.0187044
0.0182344
0.0174659
0.0164054
0.0150638
0.0134544
0.0115934
0.00951585
0.00725537
0.00460997
0.00140449
-0.0200435
-0.0218683
-0.0233324
-0.0245511
-0.0256606
-0.026661
-0.0275523
-0.0283446
-0.0290483
-0.0296733
-0.0302288
-0.0307237
-0.0311663
-0.0315639
-0.0319231
-0.0322496
-0.032548
-0.0328221
-0.0330746
-0.0333074
-0.0335214
-0.0337166
-0.0338923
-0.0340469
-0.0341781
-0.0342828
-0.0343573
-0.0343976
-0.0343987
-0.0343555
-0.0342622
-0.034113
-0.0339014
-0.0336211
-0.0332654
-0.0328276
-0.0323012
-0.0316797
-0.030957
-0.0301273
-0.0291853
-0.0281265
-0.026947
-0.0256441
-0.0242161
-0.0226626
-0.0209847
-0.0191851
-0.0172686
-0.0152415
-0.0131127
-0.0108932
-0.0085964
-0.00623805
-0.0038365
-0.00141249
0.00101093
0.00340852
0.00575316
0.00801619
0.0101678
0.0121778
0.0140157
0.015652
0.0170586
0.0182098
0.0190825
0.0196577
0.0199206
0.0198612
0.0194747
0.0187617
0.0177278
0.0163836
0.0147424
0.0128213
0.0106573
0.0082865
0.00549394
0.00209398
-0.022611
-0.0244633
-0.0259492
-0.0271852
-0.0283091
-0.0293212
-0.0302212
-0.0310194
-0.0317267
-0.0323531
-0.0329084
-0.0334019
-0.0338424
-0.0342376
-0.0345945
-0.0349193
-0.035217
-0.0354917
-0.0357463
-0.0359831
-0.0362029
-0.0364061
-0.0365919
-0.0367587
-0.0369042
-0.0370251
-0.0371177
-0.0371776
-0.0371996
-0.0371781
-0.0371073
-0.0369805
-0.036791
-0.0365319
-0.0361958
-0.0357756
-0.0352638
-0.0346534
-0.0339374
-0.0331092
-0.0321626
-0.0310922
-0.0298933
-0.0285622
-0.0270961
-0.025494
-0.0237558
-0.0218837
-0.0198813
-0.0177546
-0.0155119
-0.0131637
-0.0107232
-0.00820635
-0.00563173
-0.00302071
-0.000397302
0.00221193
0.00477816
0.00727061
0.00965701
0.0119041
0.0139784
0.0158469
0.0174777
0.0188411
0.0199105
0.020663
0.0210805
0.02115
0.0208641
0.0202213
0.0192262
0.0178888
0.0162223
0.0142444
0.0119944
0.00951084
0.00656503
0.00296038
-0.0253195
-0.027201
-0.0287098
-0.0299636
-0.0311023
-0.0321257
-0.0330335
-0.0338363
-0.0345452
-0.0351706
-0.035723
-0.0362119
-0.0366468
-0.037036
-0.037387
-0.0377064
-0.0379997
-0.0382713
-0.0385246
-0.0387621
-0.0389849
-0.0391934
-0.0393869
-0.0395639
-0.039722
-0.039858
-0.0399677
-0.0400467
-0.0400894
-0.0400901
-0.0400423
-0.039939
-0.039773
-0.0395368
-0.0392224
-0.038822
-0.0383274
-0.0377308
-0.0370244
-0.0362008
-0.0352528
-0.0341741
-0.0329589
-0.0316026
-0.0301015
-0.0284532
-0.0266572
-0.0247141
-0.0226272
-0.0204013
-0.0180442
-0.0155657
-0.0129789
-0.0102995
-0.0075463
-0.00474109
-0.00190875
0.000922926
0.00372346
0.00645998
0.00909767
0.0116003
0.013931
0.0160529
0.0179302
0.0195289
0.0208183
0.0217712
0.0223654
0.0225846
0.0224182
0.0218624
0.0209201
0.0196004
0.0179163
0.015886
0.0135513
0.0109528
0.00784777
0.00402792
-0.0281708
-0.0300839
-0.0316173
-0.03289
-0.0340439
-0.0350783
-0.0359929
-0.0367986
-0.0375068
-0.0381284
-0.0386743
-0.0391549
-0.0395801
-0.0399589
-0.0402994
-0.0406088
-0.0408931
-0.0411573
-0.0414051
-0.0416392
-0.0418613
-0.0420717
-0.04227
-0.0424546
-0.0426232
-0.0427723
-0.0428979
-0.042995
-0.043058
-0.0430807
-0.0430562
-0.0429772
-0.0428358
-0.0426239
-0.042333
-0.0419544
-0.0414795
-0.0408994
-0.0402056
-0.0393895
-0.0384433
-0.0373596
-0.0361315
-0.0347533
-0.0332202
-0.0315289
-0.0296775
-0.0276659
-0.025496
-0.023172
-0.0207006
-0.0180911
-0.015356
-0.0125108
-0.00957408
-0.00656818
-0.00351858
-0.000454171
0.00259301
0.00558806
0.00849359
0.0112703
0.0138779
0.0162753
0.0184226
0.0202811
0.0218153
0.0229933
0.0237886
0.0241804
0.0241546
0.0237046
0.022831
0.0215417
0.0198493
0.0177722
0.0153546
0.0126398
0.00936955
0.00532371
-0.0311671
-0.0331152
-0.0346756
-0.0359686
-0.0371381
-0.0381834
-0.0391038
-0.0399103
-0.040615
-0.0412293
-0.0417647
-0.0422323
-0.0426427
-0.0430057
-0.0433302
-0.0436241
-0.043894
-0.0441453
-0.0443825
-0.0446084
-0.0448252
-0.0450333
-0.0452326
-0.0454216
-0.0455978
-0.0457577
-0.0458972
-0.046011
-0.0460934
-0.0461375
-0.0461363
-0.0460818
-0.0459657
-0.0457793
-0.0455134
-0.0451586
-0.0447055
-0.0441444
-0.0434659
-0.0426605
-0.0417192
-0.0406337
-0.0393961
-0.0379994
-0.0364378
-0.0347067
-0.0328029
-0.0307254
-0.0284747
-0.0260541
-0.0234692
-0.0207286
-0.0178439
-0.0148302
-0.011706
-0.00849369
-0.00521921
-0.00191241
0.00139325
0.00466092
0.00785071
0.0109203
0.0138255
0.0165214
0.0189631
0.0211071
0.0229126
0.0243426
0.0253651
0.0259546
0.026093
0.0257698
0.024983
0.0237387
0.0220489
0.0199319
0.0174343
0.0146021
0.011161
0.00687808
-0.0343108
-0.0362985
-0.0378889
-0.0392041
-0.0403903
-0.0414461
-0.0423709
-0.0431759
-0.0438738
-0.0444764
-0.0449962
-0.0454451
-0.0458347
-0.0461756
-0.0464775
-0.0467492
-0.046998
-0.0472302
-0.0474504
-0.0476624
-0.0478684
-0.0480693
-0.0482651
-0.0484543
-0.0486345
-0.0488023
-0.0489531
-0.0490816
-0.0491817
-0.0492463
-0.0492678
-0.0492378
-0.0491474
-0.0489873
-0.0487476
-0.0484182
-0.0479888
-0.047449
-0.0467883
-0.0459963
-0.0450631
-0.0439791
-0.0427353
-0.0413236
-0.0397368
-0.0379692
-0.0360164
-0.0338758
-0.031547
-0.0290318
-0.0263348
-0.0234635
-0.0204287
-0.0172448
-0.0139299
-0.0105062
-0.00700003
-0.00344191
0.000133434
0.00368734
0.0071775
0.0105585
0.0137825
0.0168001
0.0195617
0.0220183
0.0241232
0.0258337
0.0271119
0.0279269
0.0282552
0.0280823
0.0274027
0.0262204
0.0245458
0.0223974
0.0198239
0.016874
0.0132563
0.00872491
-0.0376052
-0.0396381
-0.0412626
-0.0426024
-0.0438062
-0.0448724
-0.0458
-0.0466006
-0.0472874
-0.0478733
-0.0483715
-0.0487949
-0.0491563
-0.0494673
-0.0497388
-0.0499804
-0.0502004
-0.0504056
-0.0506018
-0.0507928
-0.0509815
-0.0511693
-0.051356
-0.0515406
-0.0517206
-0.0518924
-0.0520514
-0.052192
-0.0523078
-0.0523914
-0.0524345
-0.0524285
-0.0523637
-0.0522302
-0.0520175
-0.0517147
-0.0513107
-0.0507941
-0.0501534
-0.0493775
-0.0484551
-0.0473757
-0.046129
-0.0447056
-0.0430972
-0.0412966
-0.039298
-0.0370976
-0.0346935
-0.0320861
-0.0292789
-0.0262781
-0.0230933
-0.0197381
-0.0162301
-0.0125909
-0.00884707
-0.00502954
-0.00117407
0.00267907
0.00648527
0.0101961
0.0137601
0.0171233
0.0202308
0.0230281
0.0254622
0.0274838
0.0290484
0.0301188
0.0306656
0.0306692
0.0301199
0.0290187
0.0273743
0.0252046
0.0225603
0.0194932
0.0156937
0.0109021
-0.0410539
-0.0431395
-0.0448031
-0.0461704
-0.0473933
-0.0484695
-0.0493978
-0.0501905
-0.0508613
-0.0514241
-0.0518932
-0.0522831
-0.0526075
-0.0528795
-0.0531112
-0.0533133
-0.0534951
-0.0536646
-0.053828
-0.05399
-0.0541539
-0.0543214
-0.0544928
-0.054667
-0.0548416
-0.0550129
-0.0551763
-0.0553258
-0.0554546
-0.055555
-0.0556183
-0.0556352
-0.0555955
-0.0554886
-0.0553033
-0.0550279
-0.0546504
-0.0541585
-0.0535399
-0.0527822
-0.0518733
-0.0508012
-0.0495545
-0.0481227
-0.046496
-0.0446657
-0.0426248
-0.0403679
-0.0378915
-0.0351948
-0.0322796
-0.0291508
-0.0258169
-0.0222901
-0.0185872
-0.0147294
-0.0107428
-0.00665867
-0.00251345
0.00165116
0.00578849
0.00984727
0.0137722
0.0175051
0.0209855
0.0241527
0.0269471
0.0293122
0.0311964
0.0325549
0.0333516
0.0335607
0.0331677
0.0321695
0.0305725
0.0283934
0.0256853
0.0225022
0.0185157
0.0134518
-0.0446619
-0.0468092
-0.0485182
-0.0499167
-0.0511602
-0.052246
-0.0531726
-0.0539528
-0.0546013
-0.0551334
-0.0555647
-0.0559111
-0.0561881
-0.0564102
-0.0565911
-0.0567427
-0.0568756
-0.0569988
-0.0571194
-0.057243
-0.0573734
-0.0575126
-0.0576613
-0.0578184
-0.0579816
-0.0581473
-0.0583104
-0.0584649
-0.0586035
-0.058718
-0.0587994
-0.0588376
-0.058822
-0.0587411
-0.0585831
-0.0583354
-0.0579852
-0.0575192
-0.0569241
-0.0561865
-0.0552931
-0.0542309
-0.052987
-0.0515497
-0.0499077
-0.0480511
-0.0459711
-0.0436609
-0.0411155
-0.0383324
-0.0353117
-0.032057
-0.0285751
-0.0248771
-0.0209784
-0.0168995
-0.012666
-0.00830894
-0.00386529
0.000622215
0.00510507
0.00952934
0.0138362
0.0179628
0.0218434
0.0254108
0.0285983
0.0313414
0.0335805
0.0352625
0.0363435
0.0367905
0.0365828
0.0357125
0.0341828
0.0320087
0.0292449
0.0259484
0.0217701
0.0164212
-0.0484353
-0.0506557
-0.0524175
-0.0538515
-0.0551176
-0.0562122
-0.0571338
-0.057896
-0.0585148
-0.0590068
-0.0593896
-0.0596808
-0.0598979
-0.0600574
-0.0601743
-0.0602626
-0.060334
-0.0603989
-0.0604653
-0.0605397
-0.0606264
-0.0607281
-0.0608456
-0.0609781
-0.0611232
-0.0612772
-0.0614348
-0.0615897
-0.0617341
-0.0618596
-0.0619564
-0.0620139
-0.0620208
-0.061965
-0.0618336
-0.0616135
-0.0612908
-0.0608514
-0.0602808
-0.0595647
-0.0586886
-0.0576381
-0.0563994
-0.0549591
-0.0533046
-0.0514245
-0.0493086
-0.0469482
-0.0443369
-0.0414702
-0.0383468
-0.0349684
-0.0313402
-0.0274717
-0.0233771
-0.0190755
-0.0145916
-0.00995625
-0.00520635
-0.000385412
0.00445658
0.00926331
0.0139726
0.0185171
0.0228256
0.0268243
0.0304389
0.0335965
0.0362284
0.0382723
0.0396754
0.040396
0.0404062
0.0396921
0.0382525
0.0361002
0.033291
0.0298844
0.0255099
0.0198631
-0.0523821
-0.0546892
-0.0565131
-0.0579877
-0.0592782
-0.0603806
-0.0612931
-0.0620304
-0.0626101
-0.0630508
-0.0633722
-0.0635942
-0.0637367
-0.0638182
-0.0638562
-0.0638661
-0.0638616
-0.0638542
-0.0638534
-0.0638663
-0.063898
-0.0639518
-0.0640286
-0.0641279
-0.0642473
-0.0643827
-0.0645289
-0.0646789
-0.0648249
-0.0649574
-0.0650665
-0.0651407
-0.0651681
-0.0651357
-0.06503
-0.0648368
-0.0645414
-0.0641286
-0.0635831
-0.0628893
-0.0620316
-0.0609944
-0.0597625
-0.0583213
-0.0566567
-0.0547557
-0.0526065
-0.0501988
-0.0475243
-0.044577
-0.0413536
-0.0378538
-0.0340812
-0.0300434
-0.025753
-0.0212276
-0.0164909
-0.0115726
-0.0065096
-0.00134557
0.00386834
0.00907381
0.0142056
0.0191921
0.0239566
0.0284186
0.0324957
0.0361061
0.0391713
0.0416187
0.043385
0.0444188
0.0446834
0.0441575
0.0428344
0.0407235
0.0378813
0.0343696
0.0297948
0.0238362
-0.0565124
-0.0589229
-0.0608198
-0.0623409
-0.0636581
-0.0647665
-0.0656645
-0.0663682
-0.0668973
-0.0672729
-0.0675173
-0.0676535
-0.0677038
-0.0676898
-0.067631
-0.0675453
-0.0674482
-0.0673528
-0.0672698
-0.0672074
-0.0671715
-0.0671656
-0.0671913
-0.0672479
-0.0673331
-0.0674425
-0.0675706
-0.0677101
-0.0678525
-0.0679879
-0.0681055
-0.0681934
-0.0682387
-0.0682277
-0.0681461
-0.0679786
-0.0677097
-0.0673233
-0.0668028
-0.0661316
-0.0652928
-0.0642698
-0.063046
-0.0616053
-0.0599323
-0.0580124
-0.0558321
-0.0533794
-0.0506444
-0.047619
-0.044298
-0.0406791
-0.0367641
-0.0325585
-0.0280728
-0.0233232
-0.0183315
-0.0131265
-0.00774427
-0.00222835
0.00336948
0.00898928
0.0145631
0.0200155
0.0252643
0.0302223
0.0347988
0.0389025
0.0424441
0.0453397
0.0475144
0.0489053
0.0494651
0.0491638
0.0479875
0.0459409
0.0430806
0.0394702
0.0346913
0.0284064
-0.0608391
-0.0633732
-0.0653562
-0.0669305
-0.0682763
-0.0693881
-0.0702646
-0.0709239
-0.0713882
-0.0716819
-0.0718307
-0.0718611
-0.0717987
-0.0716682
-0.0714923
-0.0712911
-0.0710824
-0.0708811
-0.0706992
-0.0705461
-0.0704284
-0.0703502
-0.0703131
-0.0703167
-0.0703584
-0.0704338
-0.0705367
-0.0706593
-0.0707926
-0.0709261
-0.0710483
-0.0711463
-0.0712066
-0.0712146
-0.0711549
-0.0710116
-0.0707679
-0.0704068
-0.0699107
-0.0692617
-0.0684419
-0.0674334
-0.0662182
-0.0647789
-0.0630985
-0.061161
-0.0589512
-0.0564555
-0.0536619
-0.0505605
-0.047144
-0.0434082
-0.0393525
-0.0349804
-0.0303003
-0.0253261
-0.020078
-0.0145831
-0.00887614
-0.00300026
0.0029927
0.00904178
0.0150768
0.0210187
0.0267804
0.0322678
0.037382
0.0420215
0.0460856
0.049478
0.0521103
0.0539069
0.0548078
0.0547723
0.0537775
0.0518221
0.0489615
0.0452607
0.0402744
0.0336475
-0.065379
-0.0680609
-0.0701452
-0.0717804
-0.0731567
-0.074268
-0.0751138
-0.0757147
-0.0760968
-0.0762881
-0.0763189
-0.0762196
-0.0760203
-0.0757492
-0.0754324
-0.075093
-0.0747512
-0.0744238
-0.0741245
-0.0738637
-0.0736487
-0.0734841
-0.0733719
-0.0733114
-0.0732998
-0.0733323
-0.0734023
-0.0735014
-0.0736198
-0.0737463
-0.0738685
-0.0739729
-0.0740448
-0.0740689
-0.0740288
-0.0739074
-0.0736873
-0.07335
-0.0728771
-0.0722494
-0.071448
-0.0704535
-0.0692468
-0.067809
-0.0661217
-0.0641673
-0.0619289
-0.0593913
-0.0565404
-0.0533645
-0.0498542
-0.0460031
-0.0418083
-0.0372708
-0.0323969
-0.027198
-0.0216922
-0.0159045
-0.00986801
-0.00362471
0.00277402
0.00926672
0.0157816
0.0222366
0.02854
0.0345911
0.0402827
0.0455029
0.0501388
0.0540803
0.0572245
0.0594806
0.0607742
0.0610514
0.0602783
0.0584454
0.0556058
0.0518248
0.0466282
0.0396422
-0.0701531
-0.0730119
-0.0752158
-0.0769203
-0.0783282
-0.0794333
-0.0802362
-0.0807613
-0.0810393
-0.0811033
-0.0809889
-0.0807318
-0.080367
-0.0799272
-0.0794423
-0.0789389
-0.0784397
-0.0779639
-0.0775266
-0.0771394
-0.0768104
-0.0765445
-0.0763437
-0.0762072
-0.076132
-0.0761125
-0.0761417
-0.0762103
-0.0763077
-0.0764219
-0.0765395
-0.0766461
-0.0767261
-0.0767631
-0.0767397
-0.0766379
-0.076439
-0.0761237
-0.0756722
-0.0750644
-0.07428
-0.0732985
-0.0720995
-0.0706626
-0.068968
-0.0669966
-0.0647298
-0.0621506
-0.0592431
-0.0559936
-0.0523905
-0.0484251
-0.0440921
-0.0393902
-0.0343228
-0.0288991
-0.0231342
-0.017051
-0.0106804
-0.00406257
0.0027521
0.00970239
0.0167156
0.0237073
0.0305815
0.0372317
0.0435421
0.0493904
0.0546508
0.0591984
0.062914
0.0656896
0.067434
0.0680775
0.0675724
0.0658988
0.0631057
0.0592573
0.0538478
0.0464838
-0.0751886
-0.0782592
-0.0806037
-0.0823867
-0.0838264
-0.0849168
-0.0856609
-0.086088
-0.0862348
-0.0861411
-0.0858488
-0.0854004
-0.0848367
-0.0841955
-0.0835114
-0.0828147
-0.0821311
-0.081482
-0.0808842
-0.0803504
-0.0798894
-0.0795063
-0.0792029
-0.0789783
-0.0788286
-0.0787479
-0.078728
-0.078759
-0.0788292
-0.0789257
-0.079034
-0.0791386
-0.0792229
-0.0792694
-0.0792597
-0.0791747
-0.0789945
-0.0786988
-0.0782666
-0.0776767
-0.0769075
-0.0759374
-0.0747444
-0.0733072
-0.0716042
-0.0696149
-0.067319
-0.0646978
-0.0617336
-0.0584104
-0.0547147
-0.0506354
-0.0461646
-0.0412985
-0.0360378
-0.0303885
-0.0243632
-0.0179817
-0.0112724
-0.00427316
0.00296743
0.0103891
0.017919
0.0254711
0.032946
0.0402317
0.0472044
0.0537311
0.0596727
0.0648885
0.0692412
0.0726035
0.0748646
0.0759359
0.0757527
0.0742817
0.0715654
0.0676656
0.0620412
0.0542778
-0.08052
-0.0838442
-0.0863541
-0.088225
-0.0896948
-0.0907587
-0.0914229
-0.0917237
-0.0917055
-0.0914166
-0.0909074
-0.0902279
-0.0894259
-0.0885458
-0.0876271
-0.0867041
-0.085806
-0.0849564
-0.0841738
-0.0834718
-0.0828598
-0.0823428
-0.0819224
-0.081597
-0.0813621
-0.0812107
-0.0811337
-0.0811201
-0.0811571
-0.0812305
-0.0813248
-0.0814232
-0.0815081
-0.0815607
-0.0815615
-0.0814903
-0.081326
-0.0810472
-0.0806318
-0.0800573
-0.079301
-0.0783399
-0.0771511
-0.0757114
-0.0739983
-0.0719894
-0.0696631
-0.0669986
-0.0639766
-0.0605791
-0.0567902
-0.0525965
-0.0479876
-0.0429569
-0.0375021
-0.0316262
-0.0253386
-0.0186558
-0.0116031
-0.00421539
0.00346118
0.0113681
0.0194333
0.0275699
0.0356764
0.0436356
0.0513164
0.0585753
0.0652596
0.0712116
0.0762744
0.0802991
0.0831519
0.0847218
0.0849236
0.0837064
0.0811036
0.077172
0.0713311
0.0631437
-0.0861914
-0.0898194
-0.0925231
-0.0944916
-0.0959871
-0.0970074
-0.0975639
-0.0977021
-0.0974768
-0.0969471
-0.0961735
-0.0952157
-0.09413
-0.0929676
-0.0917739
-0.0905879
-0.0894421
-0.0883624
-0.0873689
-0.086476
-0.0856931
-0.0850252
-0.0844731
-0.0840344
-0.0837036
-0.0834725
-0.0833307
-0.0832658
-0.0832638
-0.0833091
-0.0833849
-0.0834732
-0.083555
-0.0836104
-0.0836186
-0.0835581
-0.0834068
-0.083142
-0.0827405
-0.0821787
-0.0814326
-0.0804779
-0.0792905
-0.0778459
-0.0761202
-0.0740894
-0.0717305
-0.0690209
-0.0659393
-0.0624658
-0.0585824
-0.0542731
-0.049525
-0.0443285
-0.0386783
-0.0325741
-0.0260217
-0.0190341
-0.0116328
-0.00384931
0.0042736
0.01268
0.0212996
0.030046
0.0388159
0.0474887
0.0559264
0.0639755
0.0714694
0.0782326
0.0840873
0.0888599
0.0923906
0.0945418
0.0952027
0.0943008
0.0918557
0.0879167
0.0818582
0.0732183
-0.0922594
-0.0962513
-0.0991817
-0.101257
-0.102769
-0.103722
-0.104134
-0.104063
-0.103578
-0.102751
-0.101656
-0.100364
-0.0989415
-0.0974473
-0.0959333
-0.0944435
-0.0930138
-0.0916722
-0.0904403
-0.0893327
-0.0883588
-0.0875227
-0.0868246
-0.0862605
-0.0858236
-0.0855042
-0.0852904
-0.0851681
-0.0851219
-0.0851347
-0.0851881
-0.0852627
-0.0853382
-0.0853932
-0.0854057
-0.0853531
-0.0852119
-0.0849583
-0.0845678
-0.0840157
-0.0832767
-0.0823254
-0.0811364
-0.079684
-0.0779427
-0.0758872
-0.0734929
-0.0707356
-0.067592
-0.0640404
-0.0600603
-0.0556335
-0.0507443
-0.0453801
-0.0395325
-0.0331976
-0.0263773
-0.0190808
-0.0113253
-0.00313797
0.00544224
0.0143631
0.0235571
0.0329394
0.0424067
0.0518356
0.0610827
0.0699848
0.0783618
0.08602
0.0927585
0.0983769
0.102685
0.105515
0.106723
0.10621
0.103978
0.100062
0.0937852
0.0846586
-0.0987961
-0.103224
-0.106419
-0.108608
-0.110122
-0.110973
-0.111191
-0.110852
-0.110041
-0.108848
-0.107364
-0.105672
-0.10385
-0.101968
-0.100083
-0.0982441
-0.0964912
-0.0948542
-0.0933551
-0.0920087
-0.0908235
-0.0898027
-0.0889446
-0.0882438
-0.0876916
-0.0872763
-0.0869843
-0.0867996
-0.0867049
-0.0866814
-0.0867091
-0.0867671
-0.0868335
-0.0868855
-0.0868998
-0.0868524
-0.0867186
-0.0864734
-0.086091
-0.0855455
-0.0848106
-0.0838597
-0.0826658
-0.0812023
-0.0794422
-0.0773589
-0.0749261
-0.0721179
-0.0689095
-0.0652769
-0.0611975
-0.0566506
-0.0516179
-0.0460836
-0.040036
-0.0334673
-0.0263755
-0.0187653
-0.0106492
-0.00204956
0.00699963
0.0164508
0.0262403
0.0362864
0.0464871
0.0567179
0.066831
0.0766551
0.0859967
0.0946438
0.102371
0.108948
0.114151
0.117773
0.119635
0.119602
0.117649
0.113795
0.107301
0.0976468
-0.105895
-0.110847
-0.114349
-0.116654
-0.118146
-0.118847
-0.118807
-0.118121
-0.116901
-0.115259
-0.113302
-0.111132
-0.108841
-0.106506
-0.104193
-0.101957
-0.0998398
-0.0978722
-0.0960767
-0.0944674
-0.0930515
-0.09183
-0.0907995
-0.089952
-0.0892765
-0.0887592
-0.0883841
-0.0881331
-0.0879867
-0.0879244
-0.0879242
-0.0879636
-0.0880189
-0.0880659
-0.08808
-0.0880356
-0.0879069
-0.0876676
-0.0872907
-0.0867491
-0.0860153
-0.0850615
-0.0838597
-0.0823818
-0.0805996
-0.0784851
-0.0760105
-0.0731484
-0.0698719
-0.0661553
-0.0619737
-0.057304
-0.0521249
-0.0464177
-0.0401669
-0.0333611
-0.0259937
-0.0180646
-0.00958104
-0.000559906
0.00897066
0.0189688
0.0293763
0.0401159
0.0510886
0.0621707
0.0732118
0.084034
0.0944315
0.104174
0.113009
0.120676
0.126911
0.131464
0.13411
0.134667
0.133079
0.129337
0.122628
0.112396
-0.113675
-0.119258
-0.123114
-0.125532
-0.126963
-0.127449
-0.127062
-0.125931
-0.124198
-0.122002
-0.119474
-0.116736
-0.113892
-0.111033
-0.108231
-0.105545
-0.103019
-0.100685
-0.098564
-0.0966688
-0.0950038
-0.0935677
-0.0923539
-0.0913517
-0.0905471
-0.0899235
-0.0894621
-0.0891426
-0.0889431
-0.0888407
-0.0888116
-0.0888313
-0.0888746
-0.0889157
-0.0889282
-0.0888854
-0.0887601
-0.0885247
-0.0881511
-0.087611
-0.0868757
-0.0859163
-0.0847036
-0.0832083
-0.0814009
-0.0792521
-0.0767326
-0.0738134
-0.070466
-0.0666625
-0.0623758
-0.0575804
-0.0522522
-0.0463692
-0.0399123
-0.0328658
-0.0252187
-0.0169653
-0.00810733
0.00134481
0.0113697
0.0219323
0.0329814
0.0444461
0.0562322
0.0682192
0.0802564
0.0921611
0.103717
0.114675
0.124759
0.13367
0.141101
0.146752
0.15034
0.151629
0.150513
0.146949
0.140031
0.129158
-0.122295
-0.128637
-0.132899
-0.135416
-0.136726
-0.136902
-0.136052
-0.134347
-0.13197
-0.129092
-0.125876
-0.122462
-0.118973
-0.11551
-0.112152
-0.10896
-0.105981
-0.103245
-0.100771
-0.0985686
-0.0966388
-0.0949765
-0.0935713
-0.092409
-0.0914718
-0.09074
-0.0901916
-0.0898034
-0.089551
-0.0894091
-0.0893517
-0.0893523
-0.0893839
-0.089419
-0.0894297
-0.089388
-0.0892652
-0.0890326
-0.0886608
-0.0881205
-0.0873817
-0.0864145
-0.0851886
-0.0836734
-0.0818384
-0.0796527
-0.0770857
-0.0741069
-0.070686
-0.0667931
-0.0623992
-0.0574759
-0.0519963
-0.0459352
-0.0392696
-0.0319796
-0.0240489
-0.0154664
-0.00622726
0.00366516
0.0141972
0.0253422
0.0370575
0.0492803
0.0619241
0.0748738
0.0879816
0.101063
0.113892
0.126206
0.137699
0.148037
0.156863
0.163816
0.168545
0.170744
0.170243
0.166944
0.159828
0.148236
-0.131959
-0.139218
-0.143942
-0.146524
-0.147622
-0.147356
-0.145886
-0.143441
-0.140254
-0.13654
-0.132493
-0.128281
-0.124042
-0.119887
-0.115901
-0.112147
-0.108671
-0.105498
-0.102646
-0.100118
-0.0979115
-0.096015
-0.094414
-0.0930894
-0.0920196
-0.0911806
-0.0905472
-0.0900927
-0.08979
-0.0896112
-0.0895279
-0.0895116
-0.0895332
-0.0895638
-0.0895738
-0.0895338
-0.0894137
-0.0891837
-0.0888133
-0.0882719
-0.0875286
-0.0865524
-0.0853118
-0.0837752
-0.0819108
-0.0796865
-0.0770705
-0.0740305
-0.0705347
-0.0665512
-0.0620487
-0.0569964
-0.0513644
-0.0451241
-0.0382485
-0.0307132
-0.0224965
-0.0135812
-0.0039554
0.0063855
0.0174367
0.0291814
0.0415872
0.054602
0.0681497
0.082124
0.0963833
0.110745
0.124979
0.138806
0.151899
0.163881
0.174342
0.182851
0.188975
0.192313
0.192615
0.189703
0.182408
0.169998
-0.142939
-0.151312
-0.15655
-0.159134
-0.159881
-0.158987
-0.156686
-0.153284
-0.14908
-0.14434
-0.139298
-0.134146
-0.12904
-0.124098
-0.11941
-0.115038
-0.111021
-0.107383
-0.104132
-0.101265
-0.0987736
-0.0966398
-0.094843
-0.0933586
-0.0921599
-0.0912185
-0.0905052
-0.0899899
-0.0896422
-0.0894314
-0.0893268
-0.0892977
-0.089313
-0.0893421
-0.089354
-0.0893177
-0.089202
-0.0889757
-0.0886074
-0.0880654
-0.0873178
-0.0863324
-0.0850769
-0.0835186
-0.0816245
-0.0793615
-0.0766962
-0.073595
-0.0700243
-0.0659505
-0.0613399
-0.0561592
-0.0503756
-0.043957
-0.0368723
-0.029092
-0.0205891
-0.0113397
-0.00132408
0.00947111
0.0210513
0.0334109
0.0465301
0.0603702
0.0748684
0.0899317
0.105429
0.121185
0.136969
0.152494
0.167407
0.181294
0.193684
0.204067
0.211907
0.216689
0.218047
0.215692
0.208254
0.1949
-0.155602
-0.16533
-0.171127
-0.173597
-0.173787
-0.172002
-0.168585
-0.163945
-0.158464
-0.152469
-0.146237
-0.139985
-0.133885
-0.128058
-0.122594
-0.117549
-0.112955
-0.108827
-0.105162
-0.101951
-0.0991737
-0.0968058
-0.094819
-0.0931823
-0.0918633
-0.0908287
-0.0900445
-0.0894772
-0.0890927
-0.0888578
-0.088739
-0.0887033
-0.0887181
-0.0887507
-0.0887687
-0.0887398
-0.0886316
-0.0884118
-0.0880479
-0.0875073
-0.086757
-0.0857641
-0.0844951
-0.0829165
-0.0809942
-0.0786939
-0.075981
-0.0728205
-0.0691772
-0.0650155
-0.0602997
-0.0549939
-0.0490623
-0.042469
-0.0351789
-0.0271574
-0.0183716
-0.00879025
0.0016144
0.0128657
0.0249804
0.0379662
0.0518179
0.0665133
0.0820071
0.0982239
0.11505
0.132321
0.149817
0.167246
0.184238
0.20034
0.215021
0.227677
0.237652
0.244281
0.247045
0.245494
0.237979
0.223521
-0.170447
-0.181832
-0.188208
-0.190365
-0.189681
-0.186634
-0.181717
-0.175477
-0.168395
-0.160871
-0.153224
-0.145697
-0.138467
-0.131657
-0.125347
-0.119582
-0.114383
-0.109749
-0.105667
-0.102113
-0.0990576
-0.0964665
-0.0943026
-0.0925275
-0.0911024
-0.0899883
-0.0891469
-0.0885401
-0.0881307
-0.0878824
-0.0877592
-0.0877259
-0.087748
-0.0877912
-0.0878217
-0.0878059
-0.0877103
-0.0875014
-0.087146
-0.0866105
-0.0858612
-0.0848641
-0.0835851
-0.0819896
-0.0800427
-0.077709
-0.0749526
-0.0717373
-0.0680263
-0.0637822
-0.0589672
-0.0535427
-0.04747
-0.0407096
-0.033222
-0.0249675
-0.0159067
-0.00600111
0.00478625
0.0164894
0.0291378
0.0427541
0.0573506
0.0729248
0.0894533
0.106884
0.125127
0.144042
0.163423
0.182987
0.202355
0.221043
0.238456
0.253892
0.266547
0.27557
0.280232
0.279848
0.272373
0.256607
-0.188172
-0.201588
-0.208505
-0.210012
-0.207977
-0.203139
-0.196206
-0.187896
-0.178816
-0.16944
-0.160127
-0.151134
-0.142638
-0.134751
-0.127536
-0.121018
-0.115198
-0.110057
-0.105565
-0.101683
-0.0983685
-0.0955746
-0.0932549
-0.0913626
-0.089852
-0.0886781
-0.0877976
-0.0871683
-0.0867496
-0.086502
-0.0863872
-0.0863679
-0.0864078
-0.086471
-0.0865226
-0.0865276
-0.0864516
-0.0862605
-0.0859198
-0.0853954
-0.0846527
-0.0836573
-0.082374
-0.0807675
-0.0788021
-0.0764415
-0.0736487
-0.0703861
-0.0666156
-0.062298
-0.0573934
-0.0518608
-0.0456584
-0.0387432
-0.0310713
-0.0225975
-0.0132761
-0.00306066
0.00809538
0.0202377
0.0334097
0.0476509
0.0629935
0.0794586
0.0970498
0.115746
0.135488
0.15617
0.177616
0.199564
0.221644
0.243353
0.264038
0.282892
0.298944
0.311108
0.318368
0.319704
0.312485
0.295156
-0.209777
-0.225677
-0.232978
-0.233267
-0.229155
-0.221777
-0.212132
-0.201158
-0.189598
-0.177999
-0.166745
-0.156094
-0.146205
-0.137163
-0.129001
-0.121716
-0.11528
-0.109649
-0.104773
-0.100592
-0.0970487
-0.0940836
-0.091639
-0.0896591
-0.0880906
-0.0868826
-0.0859865
-0.0853563
-0.0849477
-0.0847185
-0.0846281
-0.0846373
-0.0847081
-0.0848034
-0.084887
-0.084923
-0.0848763
-0.0847117
-0.0843943
-0.0838893
-0.0831617
-0.082176
-0.0808969
-0.0792882
-0.0773135
-0.0749356
-0.0721166
-0.0688179
-0.0649998
-0.0606216
-0.0556414
-0.050016
-0.0437005
-0.0366485
-0.0288115
-0.0201393
-0.0105794
-7.71892e-05
0.0114237
0.0239814
0.0376544
0.0525008
0.0685754
0.0859264
0.10459
0.124582
0.145889
0.168448
0.192133
0.216726
0.241884
0.267111
0.291717
0.314794
0.335185
0.351513
0.36239
0.366298
0.359736
0.340542
-0.236742
-0.255648
-0.262928
-0.26104
-0.253749
-0.242771
-0.229492
-0.215109
-0.2005
-0.186265
-0.172789
-0.1603
-0.148914
-0.138669
-0.12955
-0.121513
-0.114493
-0.108414
-0.103198
-0.0987661
-0.0950409
-0.091949
-0.0894212
-0.0873923
-0.0858013
-0.0845913
-0.0837089
-0.0831039
-0.0827291
-0.0825397
-0.0824931
-0.0825483
-0.082666
-0.0828081
-0.0829372
-0.083017
-0.0830114
-0.0828849
-0.0826021
-0.0821275
-0.0814258
-0.0804611
-0.0791975
-0.0775985
-0.0756268
-0.0732447
-0.0704135
-0.0670936
-0.063244
-0.0588227
-0.0537859
-0.0480882
-0.041682
-0.0345174
-0.026542
-0.0177
-0.00793269
0.00282275
0.0146329
0.0275686
0.0417043
0.0571179
0.0738891
0.092097
0.111816
0.133107
0.15601
0.180528
0.206603
0.234087
0.262703
0.292002
0.321287
0.349582
0.375541
0.397451
0.413432
0.42126
0.416104
0.39474
-0.271354
-0.293771
-0.300119
-0.294441
-0.282296
-0.266232
-0.248115
-0.229413
-0.211113
-0.193815
-0.177856
-0.163388
-0.150448
-0.138999
-0.12896
-0.120227
-0.11269
-0.106234
-0.10075
-0.0961343
-0.0922909
-0.089131
-0.0865734
-0.0845436
-0.0829734
-0.0818001
-0.0809659
-0.0804173
-0.0801041
-0.0799796
-0.0799994
-0.0801212
-0.0803047
-0.0805109
-0.080702
-0.0808408
-0.0808912
-0.080817
-0.0805826
-0.0801523
-0.0794904
-0.0785609
-0.0773275
-0.0757532
-0.0738005
-0.071431
-0.0686055
-0.0652834
-0.0614229
-0.0569807
-0.0519114
-0.0461676
-0.0396993
-0.0324535
-0.0243738
-0.0153998
-0.00546626
0.00549733
0.0175676
0.0308278
0.045369
0.0612895
0.0786956
0.0976997
0.118419
0.140968
0.165453
0.191959
0.220521
0.251101
0.283535
0.317474
0.352296
0.387009
0.420121
0.449559
0.472839
0.486746
0.484415
0.46072
-0.317327
-0.343436
-0.346922
-0.334746
-0.315223
-0.292023
-0.267539
-0.243461
-0.220792
-0.200038
-0.181399
-0.164891
-0.150421
-0.13784
-0.126979
-0.117661
-0.109717
-0.102991
-0.097339
-0.0926312
-0.0887518
-0.0855973
-0.083075
-0.081102
-0.0796036
-0.0785123
-0.0777664
-0.0773097
-0.0770901
-0.077059
-0.077171
-0.0773831
-0.0776541
-0.0779447
-0.0782167
-0.0784328
-0.0785564
-0.0785516
-0.0783824
-0.0780132
-0.0774082
-0.0765312
-0.0753457
-0.0738147
-0.0719005
-0.0695642
-0.0667662
-0.0634653
-0.0596191
-0.055183
-0.0501106
-0.0443527
-0.0378574
-0.0305688
-0.0224273
-0.013368
-0.00332011
0.00779405
0.0200604
0.0335743
0.0484424
0.0647836
0.0827308
0.102432
0.124049
0.147758
0.173741
0.202182
0.233242
0.267032
0.303565
0.342678
0.383929
0.426442
0.468699
0.508307
0.542117
0.565584
0.568798
0.543201
-0.381053
-0.409808
-0.406422
-0.383228
-0.352593
-0.319516
-0.286819
-0.256232
-0.228572
-0.204086
-0.182713
-0.164237
-0.148379
-0.134841
-0.123339
-0.113611
-0.105425
-0.0985766
-0.0928872
-0.0882024
-0.0843877
-0.0813264
-0.0789159
-0.0770664
-0.0756979
-0.0747394
-0.0741267
-0.0738017
-0.073711
-0.0738052
-0.0740384
-0.0743671
-0.0747502
-0.0751481
-0.0755227
-0.0758368
-0.076054
-0.0761383
-0.0760541
-0.0757657
-0.0752376
-0.0744336
-0.0733173
-0.0718517
-0.0699989
-0.0677202
-0.0649755
-0.0617234
-0.057921
-0.0535229
-0.048482
-0.0427477
-0.0362665
-0.0289806
-0.0208275
-0.0117388
-0.0016391
0.00955545
0.0219388
0.035617
0.0507108
0.0673581
0.0857173
0.105971
0.128327
0.153024
0.180332
0.210545
0.243976
0.280934
0.321681
0.366357
0.414855
0.466621
0.520414
0.573673
0.622706
0.661369
0.675399
0.650168
-0.474187
-0.500779
-0.482266
-0.44063
-0.393552
-0.347143
-0.304213
-0.266093
-0.233056
-0.204827
-0.18091
-0.160752
-0.143819
-0.12963
-0.11777
-0.107885
-0.099676
-0.0928943
-0.08733
-0.0828067
-0.079175
-0.0763076
-0.0740953
-0.0724435
-0.0712692
-0.0704995
-0.070069
-0.069919
-0.0699958
-0.0702502
-0.0706362
-0.0711107
-0.071633
-0.0721638
-0.0726654
-0.073101
-0.0734347
-0.0736309
-0.0736542
-0.0734695
-0.0730413
-0.072334
-0.0713114
-0.0699366
-0.068172
-0.0659788
-0.063317
-0.0601454
-0.0564204
-0.0520969
-0.0471268
-0.0414591
-0.0350391
-0.0278079
-0.0197009
-0.0106473
-0.000568345
0.0106244
0.0230309
0.0367659
0.0519613
0.0687711
0.0873757
0.107988
0.13086
0.156291
0.184635
0.21631
0.251799
0.291646
0.336438
0.386748
0.443024
0.505374
0.573177
0.644438
0.715318
0.778215
0.813355
0.795817
-0.618267
-0.627979
-0.57797
-0.506187
-0.435492
-0.371819
-0.316851
-0.270658
-0.232385
-0.200872
-0.174982
-0.153716
-0.136236
-0.12186
-0.110036
-0.100323
-0.0923672
-0.085881
-0.0806314
-0.0764273
-0.0731102
-0.0705475
-0.0686271
-0.0672526
-0.0663411
-0.0658195
-0.0656231
-0.065694
-0.0659794
-0.066431
-0.0670038
-0.0676556
-0.0683465
-0.0690381
-0.0696936
-0.0702768
-0.0707526
-0.0710859
-0.0712421
-0.0711866
-0.0708844
-0.0703005
-0.0693989
-0.0681435
-0.0664967
-0.0644203
-0.0618746
-0.0588183
-0.0552085
-0.0509996
-0.0461439
-0.0405902
-0.0342835
-0.0271642
-0.0191672
-0.0102203
-0.000243085
0.0108554
0.0231789
0.0368472
0.0520001
0.0688023
0.0874504
0.108181
0.13128
0.1571
0.186071
0.218726
0.25572
0.297857
0.346103
0.401588
0.465552
0.539189
0.623253
0.717331
0.818829
0.91987
0.995469
1.00512
-0.853092
-0.807048
-0.695568
-0.57682
-0.473687
-0.388902
-0.320947
-0.267134
-0.22462
-0.190935
-0.164114
-0.142638
-0.125354
-0.111392
-0.100087
-0.0909336
-0.083539
-0.0775963
-0.0728619
-0.0691402
-0.0662716
-0.0641245
-0.0625885
-0.0615698
-0.0609878
-0.0607721
-0.0608604
-0.0611968
-0.0617309
-0.062416
-0.063209
-0.0640692
-0.0649581
-0.0658386
-0.066675
-0.0674323
-0.0680761
-0.0685726
-0.0688877
-0.0689877
-0.0688384
-0.0684053
-0.0676533
-0.0665466
-0.0650484
-0.0631211
-0.0607253
-0.0578204
-0.054364
-0.0503111
-0.0456144
-0.0402231
-0.0340828
-0.0271344
-0.0193129
-0.0105465
-0.000754857
0.0101532
0.022282
0.0357529
0.0507083
0.0673175
0.085785
0.10636
0.12935
0.155141
0.184221
0.217211
0.254917
0.298382
0.348969
0.40844
0.479046
0.563547
0.66508
0.786607
0.929284
1.08801
1.23795
1.32137
-1.26864
-1.05643
-0.827625
-0.641396
-0.49796
-0.390471
-0.31102
-0.252023
-0.207651
-0.173813
-0.147663
-0.127213
-0.111068
-0.0982336
-0.0879917
-0.0798136
-0.0733022
-0.0681542
-0.0641335
-0.0610528
-0.0587612
-0.057135
-0.0560708
-0.0554814
-0.0552917
-0.0554361
-0.0558565
-0.0565009
-0.0573217
-0.0582753
-0.0593208
-0.0604198
-0.0615356
-0.0626328
-0.0636772
-0.0646351
-0.0654734
-0.0661593
-0.0666599
-0.0669424
-0.0669733
-0.0667192
-0.0661457
-0.0652177
-0.0638994
-0.0621538
-0.0599425
-0.0572256
-0.0539614
-0.0501061
-0.0456131
-0.040433
-0.0345125
-0.0277939
-0.0202137
-0.0117021
-0.00218063
0.00843949
0.0202601
0.0333994
0.047997
0.0642192
0.0822679
0.102391
0.1249
0.150186
0.17876
0.211285
0.248654
0.292073
0.343216
0.404425
0.479012
0.571667
0.689011
0.839855
1.0331
1.27367
1.56092
1.84067
-2.10464
-1.38386
-0.918562
-0.6498
-0.47305
-0.35328
-0.272116
-0.215692
-0.175126
-0.145141
-0.122483
-0.105059
-0.0914875
-0.0808291
-0.0724293
-0.0658171
-0.0606452
-0.056651
-0.0536313
-0.0514255
-0.0499042
-0.0489611
-0.0485072
-0.0484667
-0.048774
-0.0493714
-0.0502075
-0.0512356
-0.0524129
-0.0536998
-0.0550588
-0.0564543
-0.0578522
-0.0592195
-0.0605238
-0.0617332
-0.0628163
-0.0637416
-0.0644776
-0.0649925
-0.0652544
-0.0652306
-0.0648879
-0.0641924
-0.0631092
-0.0616023
-0.0596346
-0.0571674
-0.0541603
-0.050571
-0.0463546
-0.0414636
-0.035847
-0.0294495
-0.0222112
-0.0140658
-0.00493961
0.00525059
0.0165996
0.0292173
0.0432323
0.058798
0.0760997
0.0953654
0.11688
0.141006
0.168215
0.199133
0.234608
0.275826
0.324489
0.383116
0.455557
0.547909
0.670244
0.838861
1.0763
1.41944
1.975
2.80762
-3.55944
-1.70838
-0.856587
-0.526641
-0.356116
-0.254287
-0.19174
-0.151053
-0.122741
-0.102072
-0.0865123
-0.0745595
-0.0652696
-0.0580182
-0.0523729
-0.0480212
-0.0447302
-0.0423209
-0.0406523
-0.039611
-0.0391033
-0.039051
-0.0393868
-0.0400524
-0.0409962
-0.0421718
-0.0435371
-0.0450531
-0.0466833
-0.0483935
-0.0501508
-0.0519236
-0.053681
-0.055393
-0.0570298
-0.0585618
-0.0599596
-0.0611935
-0.0622338
-0.0630503
-0.0636124
-0.0638889
-0.063848
-0.0634572
-0.062683
-0.0614908
-0.059845
-0.0577088
-0.0550434
-0.0518088
-0.0479625
-0.0434597
-0.038253
-0.0322911
-0.0255188
-0.0178761
-0.00929639
0.000294088
0.0109787
0.0228526
0.0360258
0.0506278
0.0668126
0.0847672
0.104722
0.126967
0.151874
0.179929
0.21179
0.248369
0.290979
0.341605
0.40342
0.481913
0.587531
0.740761
0.98047
1.40735
2.37717
4.35157
)
;

boundaryField
{
    movingWall
    {
        type            zeroGradient;
    }
    fixedWalls
    {
        type            zeroGradient;
    }
    frontAndBack
    {
        type            empty;
    }
}


// ************************************************************************* //
