/*--------------------------------*- C++ -*----------------------------------*\
  =========                 |
  \\      /  F ield         | OpenFOAM: The Open Source CFD Toolbox
   \\    /   O peration     | Website:  https://openfoam.org
    \\  /    A nd           | Version:  7
     \\/     M anipulation  |
\*---------------------------------------------------------------------------*/
FoamFile
{
    version     2.0;
    format      ascii;
    class       volScalarField;
    location    "0.075";
    object      p;
}
// * * * * * * * * * * * * * * * * * * * * * * * * * * * * * * * * * * * * * //

dimensions      [0 2 -2 0 0 0 0];

internalField   nonuniform List<scalar> 
6400
(
7.62597e-10
2.65012e-06
-2.02124e-05
-7.12411e-05
-0.000142243
-0.000219664
-0.000295095
-0.000362248
-0.000416497
-0.000454501
-0.000474096
-0.000474018
-0.000453497
-0.000412055
-0.000349519
-0.000266007
-0.000161822
-3.73527e-05
0.000106939
0.000270508
0.000452769
0.000653141
0.000871048
0.00110588
0.00135696
0.00162363
0.00190522
0.00220111
0.00251064
0.00283311
0.0031678
0.00351398
0.00387091
0.00423786
0.00461405
0.00499862
0.0053907
0.00578933
0.00619359
0.00660249
0.00701501
0.00743006
0.00784649
0.0082631
0.0086787
0.00909206
0.00950195
0.00990711
0.0103062
0.010698
0.0110811
0.0114541
0.0118159
0.012165
0.0125003
0.0128203
0.0131239
0.0134097
0.0136766
0.0139232
0.0141486
0.0143515
0.0145311
0.0146864
0.0148167
0.0149214
0.015
0.0150525
0.0150788
0.0150797
0.0150561
0.0150096
0.0149426
0.0148585
0.0147617
0.0146586
0.0145571
0.0144683
0.0144063
0.0143828
4.64388e-05
4.77333e-05
2.7976e-05
-1.19617e-05
-6.55066e-05
-0.000124383
-0.000181856
-0.000232673
-0.000272802
-0.000299144
-0.000309454
-0.000302241
-0.000276536
-0.000231714
-0.00016744
-8.36324e-05
1.96356e-05
0.000142165
0.000283622
0.000443567
0.000621523
0.000817005
0.00102951
0.00125848
0.00150329
0.0017633
0.00203789
0.00232648
0.00262841
0.00294299
0.00326951
0.00360727
0.00395555
0.00431362
0.0046807
0.00505596
0.0054385
0.00582741
0.00622176
0.0066206
0.00702292
0.00742763
0.00783359
0.00823964
0.00864459
0.00904727
0.00944646
0.00984094
0.0102294
0.0106106
0.0109833
0.011346
0.0116977
0.012037
0.0123627
0.0126736
0.0129684
0.0132461
0.0135053
0.013745
0.0139641
0.0141618
0.0143372
0.0144896
0.0146183
0.0147229
0.0148033
0.0148594
0.0148917
0.0149008
0.014888
0.0148549
0.0148042
0.0147388
0.0146631
0.0145823
0.014503
0.0144331
0.0143825
0.0143591
0.000140072
0.000123277
9.44578e-05
5.4996e-05
7.76486e-06
-4.21192e-05
-8.95577e-05
-0.000130382
-0.00016133
-0.000179736
-0.000183507
-0.000171121
-0.000141525
-9.40464e-05
-2.83009e-05
5.5907e-05
0.000158644
0.00027983
0.00041921
0.000576428
0.000751101
0.00094283
0.00115116
0.00137555
0.00161541
0.00187018
0.00213928
0.00242214
0.00271811
0.0030265
0.00334664
0.00367783
0.00401938
0.00437058
0.00473062
0.00509867
0.00547385
0.00585526
0.006242
0.00663312
0.00702761
0.00742439
0.00782233
0.00822028
0.00861709
0.00901161
0.00940267
0.00978904
0.0101695
0.0105427
0.0109075
0.0112625
0.0116067
0.0119387
0.0122574
0.0125615
0.01285
0.0131216
0.0133753
0.01361
0.0138248
0.0140188
0.0141913
0.0143416
0.0144693
0.0145741
0.0146559
0.0147148
0.0147514
0.0147664
0.0147611
0.0147372
0.0146971
0.0146437
0.0145806
0.0145123
0.014444
0.0143817
0.0143311
0.0142967
0.000256467
0.000215306
0.000172508
0.000127294
7.94087e-05
3.21204e-05
-1.087e-05
-4.63941e-05
-7.18577e-05
-8.51253e-05
-8.44389e-05
-6.83912e-05
-3.59571e-05
1.35152e-05
8.04263e-05
0.000165037
0.00026747
0.000387673
0.000525445
0.000680517
0.000852598
0.00104134
0.00124629
0.00146696
0.00170281
0.00195332
0.00221798
0.00249619
0.00278734
0.00309074
0.00340574
0.00373168
0.00406788
0.00441362
0.00476808
0.00513043
0.0054998
0.00587532
0.00625608
0.00664114
0.00702949
0.00742005
0.0078117
0.00820332
0.0085938
0.008982
0.00936676
0.00974688
0.0101211
0.0104883
0.0108471
0.0111963
0.0115348
0.0118614
0.0121748
0.0124741
0.0127578
0.0130251
0.0132748
0.0135059
0.0137175
0.0139089
0.0140794
0.0142284
0.0143555
0.0144605
0.0145434
0.0146044
0.014644
0.0146631
0.0146629
0.014645
0.0146115
0.014565
0.0145085
0.0144458
0.0143809
0.0143184
0.0142603
0.0142073
0.000377896
0.000312568
0.000254905
0.000201764
0.000150265
0.000102548
6.11506e-05
2.83732e-05
6.24046e-06
-3.58187e-06
3.22941e-07
1.91343e-05
5.37347e-05
0.000104734
0.000172558
0.000257492
0.000359653
0.000478992
0.000615355
0.000768556
0.000938368
0.00112447
0.00132643
0.00154379
0.00177609
0.00202285
0.00228358
0.00255771
0.00284461
0.00314363
0.00345417
0.00377557
0.00410716
0.00444819
0.00479785
0.00515531
0.00551972
0.00589022
0.0062659
0.00664582
0.00702895
0.00741423
0.00780056
0.00818685
0.008572
0.00895491
0.00933442
0.00970936
0.0100785
0.0104406
0.0107945
0.0111391
0.011473
0.0117952
0.0121045
0.0123998
0.0126799
0.0129437
0.0131903
0.0134186
0.0136278
0.0138172
0.0139862
0.0141342
0.0142609
0.0143662
0.01445
0.0145126
0.0145545
0.0145766
0.01458
0.0145662
0.014537
0.0144946
0.0144415
0.0143806
0.0143152
0.0142488
0.0141795
0.0141048
0.000496885
0.000408344
0.000335746
0.000273637
0.000216708
0.000166438
0.00012458
9.26375e-05
7.20838e-05
6.42337e-05
7.0203e-05
9.08962e-05
0.000127013
0.000179104
0.000247584
0.000332709
0.000434562
0.000553105
0.000688241
0.000839836
0.00100769
0.00119148
0.00139082
0.0016053
0.00183453
0.00207807
0.00233542
0.00260603
0.00288929
0.0031846
0.00349136
0.00380896
0.00413669
0.00447379
0.00481945
0.00517286
0.00553318
0.00589956
0.00627108
0.00664678
0.00702565
0.00740663
0.00778864
0.00817063
0.00855151
0.00893019
0.00930554
0.00967639
0.0100415
0.0103998
0.0107499
0.0110908
0.0114213
0.0117403
0.0120465
0.0123388
0.0126162
0.0128775
0.0131218
0.013348
0.0135556
0.0137436
0.0139116
0.014059
0.0141855
0.014291
0.0143755
0.0144393
0.0144829
0.0145071
0.0145128
0.0145015
0.0144746
0.0144341
0.0143819
0.0143201
0.0142515
0.0141786
0.0140965
0.0139999
0.000607836
0.000497536
0.000410451
0.000338974
0.000275503
0.000221177
0.000177288
0.000144694
0.000124363
0.000117279
0.00012427
0.000146
0.000183021
0.0002358
0.000304677
0.000389833
0.000491323
0.000609136
0.000743218
0.000893456
0.00105964
0.00124146
0.00143857
0.00165064
0.00187731
0.00211816
0.0023727
0.00264039
0.00292065
0.00321294
0.00351666
0.0038312
0.00415584
0.00448981
0.00483231
0.00518254
0.00553967
0.00590285
0.00627115
0.00664361
0.0070192
0.0073969
0.00777565
0.00815441
0.00853212
0.0089077
0.00928002
0.00964792
0.0100102
0.0103657
0.0107132
0.0110517
0.0113798
0.0116966
0.0120008
0.0122912
0.0125668
0.0128265
0.0130693
0.0132944
0.0135009
0.0136882
0.0138556
0.0140028
0.0141293
0.0142351
0.0143203
0.0143849
0.0144296
0.014455
0.0144621
0.0144518
0.0144257
0.0143852
0.0143318
0.0142673
0.0141936
0.0141128
0.0140174
0.0138998
0.000706432
0.000576189
0.000475357
0.000394526
0.000324046
0.000264782
0.000217767
0.000183425
0.000162316
0.000155069
0.000162241
0.000184314
0.000221723
0.000274819
0.000343828
0.000428854
0.00052994
0.000647099
0.000780289
0.000929381
0.00109415
0.00127433
0.00146962
0.00167974
0.00190435
0.00214303
0.00239531
0.00266067
0.00293859
0.00322853
0.00352993
0.00384214
0.00416444
0.00449606
0.00483621
0.00518411
0.00553894
0.00589982
0.00626583
0.00663599
0.00700929
0.00738472
0.00776125
0.00813787
0.00851351
0.00888711
0.00925752
0.0096236
0.00998417
0.0103381
0.0106841
0.0110212
0.0113481
0.0116637
0.0119669
0.0122564
0.0125311
0.0127901
0.0130323
0.0132569
0.0134631
0.0136502
0.0138176
0.0139649
0.0140917
0.0141979
0.0142835
0.0143488
0.0143942
0.0144202
0.0144277
0.0144175
0.0143909
0.0143491
0.0142932
0.0142244
0.0141446
0.0140552
0.0139467
0.0138099
0.000789459
0.000641232
0.000527526
0.000437588
0.000360018
0.000295383
0.000244575
0.000207734
0.000185083
0.000176942
0.000183651
0.000205548
0.00024293
0.000296007
0.000364895
0.000449656
0.000550329
0.000666922
0.000799364
0.000947501
0.00111112
0.00128998
0.00148386
0.00169248
0.00191552
0.00215254
0.00240311
0.00266675
0.00294296
0.00323124
0.003531
0.0038416
0.0041623
0.00449233
0.00483094
0.00517735
0.00553074
0.00589021
0.00625484
0.00662364
0.00699563
0.00736981
0.00774519
0.00812073
0.00849541
0.00886812
0.00923776
0.00960315
0.00996313
0.0103165
0.0106622
0.010999
0.0113257
0.0116412
0.0119443
0.0122338
0.0125086
0.0127678
0.0130102
0.013235
0.0134416
0.013629
0.0137969
0.0139446
0.014072
0.0141787
0.0142649
0.0143307
0.0143763
0.0144024
0.0144097
0.0143988
0.0143708
0.0143267
0.0142673
0.0141935
0.014107
0.0140088
0.013888
0.0137339
0.000854449
0.000690213
0.000564645
0.000465963
0.000381372
0.000311234
0.00025629
0.000216454
0.00019169
0.000182109
0.000187889
0.000209215
0.000246222
0.00029899
0.000367562
0.000451977
0.000552255
0.000668365
0.000800191
0.000947566
0.0011103
0.00128822
0.00148109
0.00168866
0.00191059
0.00214647
0.00239589
0.00265841
0.00293357
0.00322085
0.00351966
0.00382934
0.00414916
0.00447838
0.00481625
0.00516201
0.00551481
0.00587376
0.00623792
0.00660631
0.00697799
0.00735196
0.00772723
0.0081028
0.00847761
0.00885057
0.00922054
0.00958636
0.00994687
0.0103009
0.0106473
0.0109849
0.0113124
0.0116288
0.0119328
0.0122232
0.012499
0.0127591
0.0130025
0.0132283
0.0134358
0.0136243
0.0137931
0.0139417
0.0140699
0.0141773
0.014264
0.0143301
0.0143759
0.0144017
0.0144082
0.014396
0.014366
0.0143188
0.0142553
0.0141761
0.0140826
0.0139758
0.0138435
0.013674
0.000899494
0.000721133
0.000584791
0.000477835
0.000386418
0.000310795
0.000251549
0.000208399
0.000181149
0.000169769
0.000174287
0.00019472
0.000231063
0.000283304
0.000351445
0.000435488
0.000535406
0.000651111
0.000782457
0.000929287
0.00109145
0.00126877
0.00146105
0.00166801
0.00188931
0.00212457
0.00237341
0.00263543
0.00291017
0.0031971
0.00349563
0.00380509
0.00412477
0.00445395
0.00479189
0.00513783
0.0054909
0.00585021
0.00621483
0.00658379
0.00695616
0.00733097
0.00770723
0.00808392
0.00845997
0.00883429
0.00920572
0.0095731
0.00993526
0.010291
0.0106392
0.0109786
0.011308
0.0116263
0.0119321
0.0122244
0.012502
0.0127639
0.013009
0.0132366
0.0134457
0.0136357
0.0138059
0.0139558
0.0140851
0.0141934
0.0142807
0.0143471
0.0143927
0.014418
0.0144234
0.0144095
0.0143769
0.0143263
0.0142582
0.0141733
0.0140728
0.0139577
0.0138148
0.0136317
0.000923218
0.0007324
0.000586337
0.000471683
0.000373731
0.000292698
0.000229076
0.000182449
0.000152514
0.000139112
0.000142115
0.000161401
0.000196871
0.000248458
0.000316119
0.000399798
0.000499398
0.00061479
0.000745823
0.00089236
0.00105427
0.00123138
0.00142346
0.00163024
0.00185138
0.00208655
0.0023354
0.00259754
0.00287249
0.00315973
0.00345864
0.00376858
0.00408886
0.00441878
0.0047576
0.00510454
0.00545876
0.00581934
0.00618535
0.00655587
0.00692997
0.00730669
0.00768503
0.00806395
0.00844238
0.00881918
0.00919321
0.00956327
0.00992819
0.0102868
0.0106378
0.0109801
0.0113124
0.0116335
0.0119422
0.0122373
0.0125176
0.012782
0.0130297
0.0132597
0.0134711
0.0136632
0.0138353
0.0139869
0.0141175
0.0142269
0.0143148
0.0143815
0.0144269
0.0144514
0.0144554
0.0144394
0.0144039
0.0143495
0.0142768
0.014186
0.0140786
0.0139557
0.0138032
0.013608
0.000924743
0.000722837
0.000567982
0.000446198
0.000342034
0.000255719
0.00018774
0.000137599
0.000104882
8.93018e-05
9.06033e-05
0.000108576
0.000143062
0.000193947
0.000261121
0.000344456
0.000443802
0.000559009
0.000689938
0.000836463
0.000998448
0.0011757
0.00136798
0.00157502
0.00179651
0.00203214
0.00228158
0.00254444
0.00282023
0.00310841
0.00340837
0.0037195
0.00404114
0.00437258
0.00471309
0.00506189
0.00541812
0.00578088
0.00614926
0.00652236
0.00689925
0.00727896
0.00766049
0.00804277
0.00842469
0.00880511
0.00918286
0.00955674
0.00992554
0.0102881
0.0106431
0.0109893
0.0113255
0.0116505
0.0119629
0.0122617
0.0125456
0.0128135
0.0130645
0.0132976
0.0135119
0.0137067
0.0138812
0.0140347
0.014167
0.0142776
0.0143664
0.0144333
0.0144784
0.014502
0.0145044
0.0144861
0.0144475
0.0143892
0.0143115
0.014215
0.014101
0.0139707
0.0138093
0.0136033
0.000903512
0.000691581
0.000528679
0.00040025
0.000290185
0.000198786
0.000126558
7.29273e-05
3.73732e-05
1.95069e-05
1.89989e-05
3.55856e-05
6.906e-05
0.00011924
0.000185944
0.00026898
0.000368171
0.000483368
0.000614437
0.000761245
0.000923634
0.00110139
0.00129427
0.00150202
0.00172437
0.00196102
0.00221163
0.0024758
0.00275303
0.00304279
0.0033445
0.00365754
0.00398128
0.00431503
0.00465805
0.00500956
0.00536869
0.00573458
0.00610632
0.00648303
0.00686378
0.00724758
0.0076334
0.00802016
0.00840671
0.00879188
0.00917449
0.00955332
0.00992714
0.0102947
0.0106547
0.011006
0.0113472
0.011677
0.0119942
0.0122976
0.012586
0.0128583
0.0131134
0.0133503
0.0135682
0.0137661
0.0139434
0.0140994
0.0142336
0.0143456
0.0144353
0.0145025
0.0145473
0.01457
0.0145707
0.0145499
0.0145081
0.0144457
0.0143632
0.014261
0.0141406
0.0140032
0.0138337
0.0136179
0.000859093
0.000637947
0.000467564
0.000332896
0.000217246
0.000120987
4.46394e-05
-1.24447e-05
-5.08636e-05
-7.10597e-05
-7.34001e-05
-5.81952e-05
-2.57166e-05
2.378e-05
9.00496e-05
0.000172869
0.000272054
0.000387455
0.000518928
0.000666314
0.000829429
0.00100805
0.00120195
0.00141088
0.0016346
0.00187281
0.00212516
0.00239122
0.00267052
0.0029625
0.00326663
0.00358232
0.00390894
0.00424579
0.00459214
0.00494721
0.00531016
0.00568014
0.00605625
0.00643761
0.00682328
0.00721227
0.00760349
0.00799584
0.00838814
0.0087792
0.00916782
0.00955274
0.0099327
0.0103064
0.0106726
0.01103
0.0113772
0.011713
0.012036
0.012345
0.0126388
0.0129163
0.0131763
0.0134178
0.0136399
0.0138416
0.0140222
0.014181
0.0143174
0.0144311
0.0145218
0.0145894
0.014634
0.0146556
0.0146546
0.0146313
0.0145862
0.0145197
0.0144324
0.0143247
0.0141981
0.0140541
0.0138769
0.0136521
0.000791098
0.000561359
0.000383944
0.000243383
0.000122437
2.15106e-05
-5.88555e-05
-0.000119353
-0.000160618
-0.000183117
-0.000187251
-0.000173389
-0.000141876
-9.30244e-05
-2.7115e-05
5.56188e-05
0.000154989
0.00027083
0.000402971
0.000551225
0.000715391
0.000895251
0.00109059
0.00130119
0.0015268
0.0017671
0.00202174
0.00229028
0.00257224
0.00286712
0.00317437
0.00349344
0.0038237
0.00416445
0.00451497
0.00487448
0.00524218
0.00561721
0.0059987
0.00638575
0.00677742
0.00717266
0.00757038
0.00796942
0.0083686
0.00876669
0.00916245
0.00955461
0.00994188
0.0103229
0.0106964
0.011061
0.0114154
0.0117582
0.012088
0.0124037
0.0127039
0.0129874
0.0132532
0.0135
0.013727
0.0139331
0.0141175
0.0142795
0.0144185
0.0145342
0.0146262
0.0146943
0.0147387
0.0147594
0.0147566
0.0147308
0.0146825
0.014612
0.01452
0.0144068
0.0142742
0.0141238
0.0139393
0.013706
0.000699226
0.00046135
0.000277262
0.000131077
5.04107e-06
-0.000100418
-0.000184724
-0.000248572
-0.000292613
-0.000317342
-0.000323211
-0.000310653
-0.000280062
-0.000231788
-0.000166119
-8.3299e-05
1.64681e-05
0.000132988
0.000266058
0.00041547
0.000581023
0.000762514
0.00095974
0.00117248
0.00140048
0.00164341
0.00190088
0.00217247
0.00245773
0.00275616
0.00306726
0.00339045
0.00372512
0.00407058
0.00442611
0.00479097
0.00516434
0.0055454
0.00593329
0.00632707
0.00672578
0.00712835
0.00753364
0.00794047
0.00834762
0.00875386
0.00915792
0.00955848
0.00995421
0.0103438
0.0107257
0.0110988
0.0114614
0.0118124
0.0121502
0.0124735
0.0127811
0.0130717
0.0133441
0.0135971
0.0138296
0.0140407
0.0142295
0.0143952
0.0145373
0.0146552
0.0147487
0.0148177
0.014862
0.0148819
0.0148775
0.0148493
0.0147976
0.0147232
0.0146264
0.0145079
0.0143694
0.0142127
0.014021
0.0137794
0.000583248
0.000337533
0.000147004
-4.63619e-06
-0.000135646
-0.000245544
-0.000333703
-0.000400812
-0.00044754
-0.000474428
-0.000481986
-0.000470687
-0.000440954
-0.000393145
-0.00032756
-0.00024446
-0.000144081
-2.66491e-05
0.000107609
0.000258482
0.000425779
0.000609308
0.000808867
0.00102423
0.00125511
0.00150116
0.00176202
0.00203726
0.00232646
0.00262912
0.00294477
0.00327284
0.0036127
0.00396369
0.00432511
0.0046962
0.00507621
0.00546429
0.00585956
0.0062611
0.00666788
0.00707882
0.00749275
0.00790845
0.0083247
0.00874023
0.00915373
0.00956386
0.00996925
0.0103685
0.0107601
0.0111428
0.011515
0.0118752
0.0122222
0.0125543
0.0128704
0.013169
0.0134489
0.0137089
0.0139478
0.0141646
0.0143584
0.0145284
0.014674
0.0147946
0.0148901
0.01496
0.0150046
0.0150238
0.0150179
0.0149872
0.0149324
0.014854
0.0147525
0.0146286
0.0144842
0.0143211
0.0141223
0.0138724
0.000442933
0.000189508
-7.36297e-06
-0.000164389
-0.000300306
-0.000414562
-0.000506481
-0.000576767
-0.000626119
-0.000655126
-0.000664331
-0.000654228
-0.000625248
-0.000577759
-0.000512082
-0.00042851
-0.000327312
-0.000208737
-7.30181e-05
7.96399e-05
0.000249056
0.000435038
0.000637372
0.000855811
0.00109006
0.00133976
0.00160455
0.00188405
0.00217783
0.00248543
0.00280635
0.00314005
0.00348591
0.00384326
0.00421143
0.00458969
0.00497727
0.00537335
0.00577701
0.00618731
0.00660319
0.00702353
0.00744716
0.00787283
0.00829928
0.00872524
0.00914936
0.00957026
0.00998652
0.0103967
0.0107993
0.0111928
0.0115757
0.0119465
0.0123038
0.0126459
0.0129716
0.0132793
0.0135677
0.0138356
0.0140818
0.0143051
0.0145046
0.0146795
0.0148292
0.014953
0.0150507
0.0151221
0.015167
0.0151857
0.0151784
0.0151455
0.0150874
0.015005
0.0148987
0.0147692
0.0146188
0.0144492
0.0142432
0.0139847
0.000277982
1.68163e-05
-0.000186402
-0.000348802
-0.000489588
-0.000608145
-0.000703768
-0.000777189
-0.000829143
-0.000860239
-0.000871036
-0.000862034
-0.000833673
-0.000786346
-0.000720404
-0.000636174
-0.000533949
-0.000413985
-0.000276509
-0.00012172
5.02009e-05
0.000239049
0.00044459
0.00066656
0.000904652
0.00115853
0.00142783
0.0017122
0.00201123
0.00232445
0.00265138
0.00299147
0.00334412
0.00370868
0.00408448
0.00447083
0.00486695
0.00527199
0.00568503
0.00610508
0.00653107
0.00696187
0.00739626
0.00783299
0.00827079
0.00870835
0.00914429
0.00957719
0.0100056
0.0104279
0.0108427
0.0112484
0.0116434
0.0120261
0.0123949
0.0127482
0.0130846
0.0134025
0.0137006
0.0139774
0.0142317
0.0144624
0.0146685
0.014849
0.0150033
0.0151309
0.0152313
0.0153044
0.0153501
0.0153684
0.0153598
0.0153245
0.0152632
0.0151766
0.0150653
0.0149302
0.0147735
0.0145972
0.0143836
0.0141164
8.80275e-05
-0.000181035
-0.000390682
-0.000558484
-0.000704147
-0.000827009
-0.000926343
-0.00100291
-0.00105745
-0.0010906
-0.0011029
-0.00109488
-0.001067
-0.00101968
-0.000953309
-0.000868236
-0.000764759
-0.000643133
-0.000503579
-0.000346298
-0.000171486
2.06324e-05
0.000229804
0.000455756
0.000698186
0.000956768
0.00123117
0.00152104
0.00182597
0.00214551
0.00247917
0.00282641
0.00318665
0.00355926
0.0039436
0.00433895
0.00474453
0.00515949
0.00558288
0.00601368
0.00645081
0.00689311
0.00733935
0.00778828
0.0082386
0.00868897
0.00913797
0.00958415
0.010026
0.0104619
0.0108902
0.0113094
0.0117177
0.0121136
0.0124952
0.012861
0.0132094
0.0135387
0.0138475
0.0141343
0.0143979
0.0146369
0.0148503
0.0150373
0.015197
0.0153289
0.0154325
0.0155077
0.0155543
0.0155725
0.0155625
0.0155249
0.0154602
0.0153693
0.0152528
0.0151118
0.0149485
0.0147652
0.0145438
0.0142673
-0.000127335
-0.000404547
-0.000620782
-0.000794081
-0.000944702
-0.00107195
-0.00117505
-0.00125478
-0.0013119
-0.00134703
-0.00136074
-0.00135358
-0.00132604
-0.00127859
-0.00121163
-0.00112551
-0.00102053
-0.000896937
-0.000754969
-0.000594836
-0.000416755
-0.000220971
-7.7484e-06
0.000222642
0.000469911
0.000733749
0.00101384
0.00130982
0.00162131
0.00194784
0.00228895
0.0026441
0.00301273
0.00339424
0.00378797
0.00419322
0.00460919
0.00503501
0.00546971
0.00591225
0.00636154
0.00681641
0.00727563
0.00773793
0.00820198
0.00866642
0.0091298
0.00959059
0.0100472
0.010498
0.0109413
0.0113754
0.0117985
0.0122088
0.0126047
0.0129843
0.0133459
0.0136879
0.0140087
0.0143067
0.0145805
0.0148289
0.0150507
0.0152449
0.0154107
0.0155475
0.0156548
0.0157324
0.0157803
0.0157984
0.0157872
0.0157472
0.015679
0.0155836
0.0154617
0.0153143
0.0151442
0.0149536
0.0147239
0.0144377
-0.00036856
-0.00065427
-0.000877346
-0.00105632
-0.00121206
-0.0013438
-0.00145075
-0.00153366
-0.00159332
-0.00163036
-0.00164539
-0.00163899
-0.00161168
-0.00156395
-0.0014962
-0.0014088
-0.00130204
-0.00117617
-0.00103146
-0.000868121
-0.000686406
-0.000486568
-0.00026887
-3.35759e-05
0.000219039
0.000488677
0.000775024
0.00107773
0.00139641
0.0017306
0.00207986
0.00244366
0.00282147
0.00321268
0.00361666
0.00403268
0.00445995
0.00489755
0.0053445
0.00579978
0.00626227
0.00673081
0.00720417
0.00768104
0.0081601
0.00863992
0.00911902
0.00959581
0.0100686
0.0105358
0.0109954
0.0114459
0.0118852
0.0123115
0.012723
0.0131178
0.0134941
0.0138501
0.0141841
0.0144946
0.0147799
0.0150388
0.0152699
0.0154723
0.0156449
0.0157873
0.0158988
0.0159793
0.0160286
0.0160468
0.0160344
0.015992
0.0159201
0.0158199
0.0156923
0.0155385
0.0153611
0.0151628
0.0149243
0.0146278
-0.000636194
-0.000930855
-0.0011611
-0.00134602
-0.00150705
-0.00164343
-0.00175428
-0.00184039
-0.00190256
-0.00194146
-0.00195774
-0.00195201
-0.00192481
-0.00187663
-0.00180789
-0.00171894
-0.00161011
-0.00148167
-0.00133388
-0.001167
-0.000981297
-0.000777014
-0.000554413
-0.000313748
-5.5283e-05
0.000220688
0.000513852
0.000823866
0.00115034
0.00149284
0.00185093
0.00222411
0.00261185
0.00301357
0.00342861
0.00385626
0.00429568
0.00474597
0.00520614
0.00567515
0.00615191
0.00663525
0.00712392
0.00761663
0.00811199
0.00860856
0.00910478
0.00959902
0.0100895
0.0105745
0.011052
0.0115203
0.0119773
0.0124212
0.0128498
0.0132613
0.0136537
0.0140252
0.0143739
0.0146981
0.0149962
0.0152667
0.0155083
0.0157198
0.0159002
0.0160488
0.0161651
0.0162488
0.0162998
0.0163184
0.0163048
0.0162599
0.0161843
0.0160792
0.0159456
0.0157849
0.0155999
0.0153936
0.0151457
0.0148381
-0.00093089
-0.00123503
-0.00147284
-0.00166397
-0.00183052
-0.00197166
-0.0020865
-0.00217584
-0.00224052
-0.00228127
-0.00229874
-0.00229358
-0.00226635
-0.00221753
-0.00214756
-0.00205682
-0.00194564
-0.00181432
-0.00166315
-0.00149242
-0.00130236
-0.00109324
-0.000865308
-0.000618809
-0.000354007
-7.11915e-05
0.000229323
0.000547198
0.000882059
0.0012335
0.00160108
0.00198434
0.00238276
0.00279576
0.00322266
0.00366274
0.00411518
0.00457906
0.0050534
0.00553717
0.00602928
0.00652857
0.00703379
0.00754361
0.00805662
0.00857133
0.00908612
0.00959927
0.010109
0.0106133
0.0111103
0.011598
0.0120743
0.0125372
0.0129846
0.0134144
0.0138246
0.0142131
0.014578
0.0149174
0.0152296
0.0155131
0.0157662
0.0159878
0.0161768
0.0163325
0.0164542
0.0165416
0.0165948
0.0166138
0.0165993
0.0165518
0.0164724
0.0163622
0.0162224
0.0160545
0.0158615
0.0156464
0.0153886
0.0150689
-0.00125336
-0.00156756
-0.00181335
-0.002011
-0.00218328
-0.00232935
-0.00244828
-0.00254093
-0.00260818
-0.00265076
-0.00266938
-0.00266468
-0.00263725
-0.0025876
-0.00251618
-0.00242339
-0.0023096
-0.00217514
-0.0020203
-0.00184538
-0.00165062
-0.00143627
-0.00120258
-0.000949802
-0.000678196
-0.000388053
-7.96825e-05
0.000246591
0.000590412
0.000951394
0.00132912
0.00172315
0.00213297
0.00255798
0.00299752
0.00345086
0.00391717
0.00439555
0.00488504
0.00538461
0.00589319
0.00640962
0.00693265
0.00746091
0.00799294
0.00852721
0.00906202
0.00959558
0.010126
0.0106512
0.0111693
0.0116781
0.0121754
0.0126591
0.013127
0.0135768
0.0140064
0.0144136
0.0147963
0.0151525
0.0154803
0.015778
0.016044
0.0162769
0.0164755
0.016639
0.0167668
0.0168586
0.0169143
0.0169342
0.0169187
0.0168688
0.0167855
0.01667
0.0165237
0.0163481
0.0161465
0.0159221
0.0156534
0.0153206
-0.00160437
-0.00192926
-0.00218348
-0.00238796
-0.00256625
-0.00271745
-0.00284065
-0.00293672
-0.00300658
-0.00305099
-0.00307069
-0.00306634
-0.00303856
-0.00298788
-0.0029148
-0.00281975
-0.00270311
-0.00256524
-0.00240644
-0.00222699
-0.00202717
-0.0018072
-0.00156735
-0.00130787
-0.00102902
-0.00073109
-0.000414375
-7.91827e-05
0.000274158
0.000645284
0.0010338
0.00143926
0.00186116
0.00229892
0.00275186
0.00321926
0.00370031
0.00419413
0.00469977
0.00521622
0.00574243
0.00627723
0.00681935
0.00736738
0.00791983
0.00847508
0.00903139
0.00958689
0.0101396
0.0106874
0.0112282
0.0117598
0.0122798
0.0127862
0.0132764
0.0137481
0.0141989
0.0146266
0.0150288
0.0154035
0.0157485
0.016062
0.0163422
0.0165876
0.0167969
0.0169693
0.017104
0.0172008
0.0172595
0.0172805
0.0172644
0.0172121
0.0171247
0.0170036
0.0168504
0.0166665
0.0164556
0.0162211
0.0159405
0.0155935
-0.00198471
-0.00232097
-0.00258412
-0.00279581
-0.00298043
-0.00313704
-0.0032647
-0.00336432
-0.00343685
-0.00348308
-0.00350379
-0.00349968
-0.0034714
-0.00341953
-0.0033446
-0.00324707
-0.00312735
-0.0029858
-0.00282274
-0.00263845
-0.00243319
-0.00220724
-0.00196084
-0.00169425
-0.00140774
-0.00110158
-0.000776047
-0.000431424
-6.80139e-05
0.000313841
0.000713754
0.0011313
0.00156597
0.00201718
0.00248428
0.00296656
0.00346323
0.00397343
0.00449625
0.0050307
0.00557571
0.00613013
0.00669264
0.00726181
0.00783607
0.00841376
0.00899306
0.00957205
0.0101486
0.0107207
0.011286
0.0118421
0.0123869
0.0129177
0.0134322
0.0139277
0.0144018
0.0148519
0.0152756
0.0156705
0.0160345
0.0163653
0.0166612
0.0169205
0.0171419
0.0173242
0.0174667
0.0175692
0.0176316
0.0176541
0.0176375
0.0175828
0.0174911
0.0173641
0.0172034
0.0170106
0.0167895
0.0165439
0.0162504
0.015888
-0.00239531
-0.00274368
-0.00301632
-0.00323567
-0.00342698
-0.0035893
-0.00372163
-0.00382492
-0.00390017
-0.00394823
-0.00396989
-0.00396593
-0.00393703
-0.00388382
-0.00380687
-0.00370665
-0.0035836
-0.00343809
-0.00327045
-0.00308098
-0.00286996
-0.00263766
-0.00238435
-0.00211028
-0.00181571
-0.00150088
-0.00116606
-0.000811507
-0.000437493
-4.43435e-05
0.000367565
0.000797809
0.0012459
0.00171128
0.00219329
0.00269126
0.00320444
0.003732
0.00427305
0.00482661
0.00539162
0.00596689
0.0065511
0.00714276
0.00774025
0.00834184
0.00894567
0.00954973
0.0101519
0.01075
0.0113415
0.0119243
0.0124956
0.0130531
0.0135939
0.0141154
0.0146148
0.0150894
0.0155366
0.0159537
0.0163385
0.0166885
0.0170018
0.0172765
0.0175112
0.0177047
0.0178561
0.0179652
0.0180317
0.0180562
0.0180393
0.0179821
0.0178859
0.0177525
0.0175835
0.017381
0.0171488
0.0168911
0.0165836
0.0162044
-0.0028372
-0.0031985
-0.00348126
-0.00370875
-0.00390716
-0.00407549
-0.0042127
-0.0043198
-0.00439785
-0.00444773
-0.00447032
-0.00446642
-0.0044368
-0.00438211
-0.00430294
-0.00419981
-0.00407317
-0.00392342
-0.00375089
-0.00355592
-0.00333881
-0.00309984
-0.00283926
-0.00255735
-0.00225432
-0.00193041
-0.00158585
-0.00122088
-0.000835749
-0.000430764
-6.29378e-06
0.00043725
0.000899403
0.00137962
0.0018773
0.00239178
0.00292235
0.00346823
0.00402855
0.00460233
0.00518849
0.00578585
0.00639303
0.00700852
0.00763066
0.00825763
0.00888754
0.00951834
0.0101479
0.0107738
0.0113936
0.0120049
0.012605
0.0131912
0.0137606
0.0143103
0.0148373
0.0153387
0.0158116
0.0162531
0.0166607
0.0170319
0.0173645
0.0176564
0.0179059
0.0181119
0.0182734
0.0183899
0.0184613
0.0184881
0.0184711
0.0184112
0.0183102
0.0181698
0.0179918
0.0177786
0.0175344
0.0172636
0.0169409
0.0165434
-0.00331156
-0.00368666
-0.00398023
-0.00421637
-0.00442229
-0.00459694
-0.00473926
-0.00485033
-0.00493125
-0.004983
-0.00500649
-0.00500261
-0.00497214
-0.00491581
-0.00483422
-0.00472794
-0.00459743
-0.00444314
-0.00426544
-0.00406468
-0.00384117
-0.0035952
-0.00332704
-0.00303693
-0.00272507
-0.00239167
-0.00203693
-0.00166108
-0.00126435
-0.000847018
-0.000409449
4.7964e-05
0.000524789
0.00102053
0.0015346
0.00206638
0.00261522
0.00318036
0.00376095
0.00435601
0.00496446
0.00558507
0.00621648
0.00685711
0.00750527
0.00815913
0.00881673
0.00947598
0.0101346
0.0107904
0.0114406
0.0120826
0.0127137
0.013331
0.0139314
0.0145116
0.0150687
0.0155993
0.0161002
0.0165685
0.0170013
0.0173959
0.0177497
0.0180607
0.0183269
0.0185469
0.0187196
0.0188446
0.0189216
0.0189512
0.018934
0.0188715
0.0187652
0.0186171
0.0184295
0.0182047
0.0179474
0.0176623
0.0173231
0.0169058
-0.00381966
-0.00420951
-0.00451457
-0.00475991
-0.00497376
-0.00515507
-0.00530277
-0.00541797
-0.00550189
-0.00555554
-0.00557993
-0.00557598
-0.00554455
-0.00548638
-0.00540215
-0.00529246
-0.00515784
-0.00499874
-0.00481559
-0.00460876
-0.00437858
-0.00412532
-0.00384926
-0.0035506
-0.00322954
-0.00288625
-0.00252092
-0.00213376
-0.00172497
-0.00129482
-0.000843643
-0.000371813
0.000120277
0.000632177
0.00116336
0.00171323
0.00228116
0.00286646
0.00346827
0.00408563
0.00471742
0.00536242
0.00601923
0.00668628
0.00736186
0.00804409
0.008731
0.00942047
0.0101102
0.0107978
0.0114805
0.0121556
0.0128201
0.0134709
0.0141047
0.0147182
0.0153079
0.0158703
0.016402
0.0168996
0.0173601
0.0177805
0.018158
0.0184901
0.0187748
0.0190105
0.0191959
0.0193305
0.0194139
0.0194467
0.0194297
0.0193643
0.0192523
0.0190961
0.0188979
0.0186606
0.0183891
0.0180885
0.0177313
0.0172924
-0.00436283
-0.00476841
-0.00508572
-0.00534081
-0.00556308
-0.00575143
-0.00590478
-0.00602434
-0.00611137
-0.00616698
-0.00619223
-0.00618812
-0.00615556
-0.00609538
-0.0060083
-0.00589497
-0.00575598
-0.00559184
-0.00540299
-0.00518983
-0.0049527
-0.00469187
-0.00440759
-0.00410006
-0.00376944
-0.00341589
-0.00303958
-0.00264069
-0.00221941
-0.00177599
-0.00131072
-0.000823947
-0.000316016
0.000212677
0.000761647
0.00133035
0.00191818
0.00252447
0.0031484
0.00378899
0.00444513
0.00511557
0.00579894
0.00649366
0.00719801
0.00791014
0.00862803
0.00934953
0.0100723
0.0107938
0.0115114
0.0122219
0.0129223
0.0136092
0.0142792
0.0149286
0.0155537
0.0161508
0.0167161
0.017246
0.017737
0.0181859
0.0185895
0.0189452
0.0192506
0.0195039
0.0197036
0.0198489
0.0199397
0.0199763
0.0199596
0.0198914
0.0197735
0.0196084
0.0193989
0.019148
0.018861
0.0185435
0.0181666
0.0177039
-0.00494246
-0.00536485
-0.0056952
-0.00596067
-0.00619187
-0.00638768
-0.00654701
-0.00667113
-0.0067614
-0.00681901
-0.00684508
-0.00684071
-0.00680688
-0.0067445
-0.00665436
-0.00653718
-0.00639361
-0.00622419
-0.00602941
-0.00580967
-0.00556532
-0.00529663
-0.00500382
-0.00468708
-0.00434657
-0.0039824
-0.00359472
-0.00318372
-0.00274956
-0.00229243
-0.0018126
-0.00131037
-0.000786046
-0.000239961
0.000327451
0.000915675
0.00152414
0.00215221
0.00279908
0.00346378
0.0041452
0.0048421
0.00555313
0.00627675
0.00701126
0.00775479
0.00850533
0.00926071
0.0100185
0.0107762
0.0115308
0.0122792
0.0130181
0.0137438
0.0144528
0.0151411
0.0158046
0.0164395
0.0170416
0.0176069
0.0181316
0.018612
0.0190447
0.0194266
0.0197551
0.0200281
0.0202438
0.0204014
0.0205006
0.0205418
0.020526
0.0204548
0.0203307
0.0201563
0.0199345
0.0196687
0.0193648
0.0190286
0.0186298
0.0181409
-0.0055601
-0.00600043
-0.00634471
-0.00662123
-0.00686192
-0.00706565
-0.00723129
-0.00736019
-0.00745382
-0.00751345
-0.00754031
-0.00753558
-0.00750034
-0.00743559
-0.0073422
-0.00722098
-0.0070726
-0.00689769
-0.00669673
-0.00647015
-0.00621831
-0.00594146
-0.00563981
-0.00531354
-0.00496279
-0.00458765
-0.00418826
-0.00376478
-0.00331733
-0.00284608
-0.00235124
-0.00183307
-0.00129184
-0.000727806
-0.000141362
0.000467014
0.00109678
0.00174732
0.00241786
0.00310746
0.00381504
0.00453938
0.00527916
0.00603288
0.0067989
0.00757536
0.00836025
0.00915137
0.00994628
0.0107423
0.0115363
0.0123251
0.0131051
0.0138725
0.0146234
0.0153537
0.016059
0.0167351
0.0173774
0.0179815
0.0185433
0.0190586
0.0195236
0.0199347
0.0202891
0.0205841
0.0208181
0.0209897
0.0210987
0.0211454
0.0211309
0.021057
0.0209263
0.0207418
0.0205067
0.0202245
0.0199018
0.0195449
0.019122
0.0186041
-0.00621739
-0.00667691
-0.00703607
-0.00732437
-0.00757518
-0.0077873
-0.00795959
-0.00809351
-0.00819061
-0.0082523
-0.00827991
-0.00827473
-0.00823795
-0.00817067
-0.00807385
-0.00794838
-0.00779498
-0.00761432
-0.00740693
-0.00717323
-0.00691359
-0.00662827
-0.00631746
-0.00598133
-0.00562001
-0.00523357
-0.00482212
-0.0043858
-0.0039247
-0.00343893
-0.00292867
-0.00239413
-0.00183552
-0.00125305
-0.000647068
-1.80037e-05
0.000633626
0.00130723
0.00200209
0.00271731
0.00345184
0.00420451
0.00497407
0.00575908
0.00655794
0.00736884
0.00818976
0.00901846
0.00985244
0.0106889
0.0115247
0.0123564
0.0131803
0.0139923
0.0147884
0.015564
0.0163147
0.0170356
0.0177219
0.0183687
0.0189714
0.0195253
0.0200261
0.0204699
0.0208532
0.0211733
0.0214278
0.0216156
0.021736
0.0217893
0.0217768
0.0217004
0.0215629
0.0213674
0.0211175
0.0208173
0.0204738
0.0200938
0.0196442
0.0190943
-0.00691614
-0.0073962
-0.00777127
-0.00807216
-0.00833372
-0.00855475
-0.00873405
-0.00887321
-0.00897393
-0.00903772
-0.00906604
-0.00906033
-0.00902188
-0.0089519
-0.00885145
-0.00872149
-0.00856282
-0.00837614
-0.00816202
-0.0079209
-0.00765316
-0.00735905
-0.00703875
-0.00669245
-0.00632023
-0.00592217
-0.00549833
-0.00504883
-0.00457373
-0.0040731
-0.00354704
-0.00299575
-0.00241936
-0.00181806
-0.00119212
-0.000541942
0.000132006
0.000829174
0.00154889
0.00229033
0.00305251
0.00383434
0.00463463
0.00545203
0.006285
0.00713177
0.00799032
0.00885839
0.00973342
0.0106125
0.0114925
0.0123697
0.0132402
0.0141
0.0149445
0.0157691
0.0165689
0.0173386
0.0180731
0.0187668
0.0194146
0.0200113
0.020552
0.0210323
0.0214482
0.0217964
0.0220745
0.0222808
0.0224146
0.022476
0.0224664
0.0223877
0.0222428
0.0220354
0.0217694
0.0214492
0.0210825
0.0206771
0.0201977
0.0196123
-0.00765829
-0.00816037
-0.00855247
-0.0088668
-0.00913981
-0.00937026
-0.00955697
-0.00970164
-0.00980611
-0.00987205
-0.00990106
-0.00989471
-0.00985443
-0.00978154
-0.00967723
-0.00954251
-0.00937828
-0.00918528
-0.0089641
-0.00871524
-0.00843906
-0.00813584
-0.00780575
-0.00744894
-0.00706552
-0.00665552
-0.00621898
-0.00575599
-0.00526659
-0.00475078
-0.00420863
-0.00364027
-0.00304581
-0.00242536
-0.00177916
-0.00110754
-0.000410929
0.000310183
0.0010552
0.00182337
0.0026138
0.0034255
0.00425737
0.00510815
0.00597639
0.00686034
0.00775802
0.00866712
0.00958506
0.0105089
0.0114353
0.0123606
0.0132808
0.0141915
0.015088
0.0159655
0.0168184
0.0176413
0.0184284
0.0191736
0.0198712
0.0205153
0.0211004
0.0216216
0.0220742
0.0224545
0.0227596
0.0229873
0.0231368
0.023208
0.0232022
0.0231216
0.0229691
0.0227488
0.022465
0.0221226
0.0217304
0.0212966
0.0207844
0.0201594
-0.00844591
-0.00897162
-0.00938196
-0.00971065
-0.00999586
-0.0102363
-0.0104309
-0.0105813
-0.0106897
-0.0107578
-0.0107875
-0.0107803
-0.010738
-0.010662
-0.0105535
-0.0104137
-0.0102436
-0.010044
-0.0098154
-0.00955844
-0.0092735
-0.00896084
-0.00862062
-0.008253
-0.00785807
-0.00743583
-0.0069863
-0.00650955
-0.00600556
-0.00547432
-0.00491584
-0.00433018
-0.00371741
-0.00307761
-0.00241092
-0.00171764
-0.00099812
-0.000252784
0.000517857
0.00131316
0.00213234
0.00297452
0.00383869
0.00472372
0.00562821
0.00655049
0.00748861
0.00844026
0.00940284
0.0103734
0.0113486
0.0123246
0.0132974
0.0142623
0.0152146
0.0161488
0.0170594
0.0179401
0.0187846
0.0195864
0.0203388
0.0210355
0.0216703
0.0222373
0.0227315
0.0231483
0.0234843
0.0237369
0.0239049
0.023988
0.0239873
0.0239052
0.0237448
0.0235106
0.0232074
0.0228407
0.0224201
0.021955
0.0214059
0.0207366
-0.00928126
-0.00983234
-0.0102623
-0.0106063
-0.0109045
-0.0111557
-0.0113585
-0.011515
-0.0116274
-0.0116977
-0.0117279
-0.0117198
-0.0116752
-0.0115958
-0.0114828
-0.0113376
-0.0111612
-0.0109546
-0.0107182
-0.0104529
-0.0101588
-0.00983634
-0.00948566
-0.00910691
-0.00870014
-0.00826537
-0.00780258
-0.0073118
-0.00679301
-0.00624612
-0.00567112
-0.00506801
-0.00443679
-0.00377748
-0.00309019
-0.00237512
-0.00163254
-0.0008628
-6.63041e-05
0.000756419
0.00160472
0.00247783
0.00337489
0.00429484
0.00523639
0.00619795
0.00717761
0.00817312
0.00918192
0.0102011
0.0112272
0.0122565
0.0132849
0.0143075
0.0153193
0.0163146
0.0172873
0.0182307
0.0191379
0.0200017
0.0208147
0.0215699
0.02226
0.0228787
0.0234199
0.0238784
0.0242499
0.0245315
0.0247213
0.0248188
0.024825
0.0247421
0.0245738
0.0243248
0.0240005
0.0236071
0.0231551
0.0226548
0.0220642
0.021345
-0.0101667
-0.0107451
-0.0111961
-0.0115566
-0.0118688
-0.0121312
-0.0123428
-0.0125056
-0.0126222
-0.0126947
-0.0127253
-0.012716
-0.0126689
-0.0125856
-0.0124678
-0.0123168
-0.0121337
-0.0119196
-0.0116752
-0.0114009
-0.0110973
-0.0107647
-0.0104032
-0.010013
-0.00959407
-0.00914646
-0.00867015
-0.00816512
-0.00763132
-0.00706863
-0.00647698
-0.00585631
-0.00520656
-0.0045277
-0.00381976
-0.00308286
-0.00231718
-0.00152297
-0.000700525
0.000149768
0.00102739
0.00193173
0.00286204
0.00381737
0.00479656
0.00579811
0.0068202
0.00786069
0.00891709
0.00998653
0.0110657
0.0121509
0.0132378
0.0143215
0.0153967
0.0164574
0.0174969
0.0185082
0.0194837
0.0204154
0.0212953
0.0221153
0.0228674
0.0235443
0.0241388
0.0246449
0.0250576
0.025373
0.0255886
0.0257037
0.0257189
0.0256366
0.0254605
0.0251959
0.0248487
0.0244259
0.0239389
0.0233991
0.0227617
0.0219858
-0.011105
-0.0117129
-0.0121865
-0.0125647
-0.0128917
-0.0131662
-0.013387
-0.0135565
-0.0136773
-0.0137519
-0.0137826
-0.0137719
-0.0137218
-0.0136344
-0.0135112
-0.013354
-0.0131638
-0.0129418
-0.0126887
-0.0124052
-0.0120917
-0.0117484
-0.0113757
-0.0109736
-0.0105422
-0.0100815
-0.00959137
-0.00907188
-0.0085229
-0.00794429
-0.00733592
-0.00669765
-0.00602937
-0.00533098
-0.00460244
-0.00384379
-0.00305509
-0.00223649
-0.00138815
-0.000510321
0.000396633
0.00133225
0.00229591
0.00328684
0.00430397
0.00534595
0.0064111
0.00749743
0.0086026
0.00972388
0.0108581
0.0120015
0.0131497
0.0142979
0.0154403
0.0165707
0.017682
0.0187665
0.0198162
0.0208223
0.0217759
0.0226679
0.0234895
0.0242319
0.0248871
0.0254478
0.025908
0.026263
0.0265094
0.026646
0.0266732
0.0265931
0.0264098
0.026129
0.0257571
0.0253017
0.0247755
0.0241912
0.0235008
0.0226607
-0.0120988
-0.0127386
-0.0132366
-0.0136338
-0.0139767
-0.0142641
-0.0144946
-0.0146709
-0.0147961
-0.0148726
-0.0149033
-0.0148908
-0.0148373
-0.0147452
-0.0146163
-0.0144522
-0.0142544
-0.0140239
-0.0137617
-0.0134683
-0.0131443
-0.01279
-0.0124056
-0.0119912
-0.0115469
-0.0110727
-0.0105686
-0.0100345
-0.00947023
-0.00887561
-0.00825047
-0.00759462
-0.00690788
-0.00619007
-0.00544109
-0.00466086
-0.00384937
-0.00300661
-0.00213261
-0.0012275
-0.000291451
0.000675218
0.00167207
0.00269846
0.00375351
0.00483605
0.00594459
0.00707735
0.0082322
0.00940658
0.0105975
0.0118012
0.0130135
0.0142292
0.0154425
0.0166469
0.0178349
0.0189983
0.0201285
0.0212158
0.0222506
0.0232227
0.0241219
0.0249383
0.0256625
0.026286
0.0268014
0.0272029
0.0274862
0.0276493
0.0276922
0.0276168
0.0274274
0.0271298
0.0267311
0.0262398
0.0256698
0.0250353
0.0242849
0.0233715
-0.0131515
-0.0138257
-0.0143502
-0.0147678
-0.0151278
-0.0154287
-0.0156695
-0.0158529
-0.0159823
-0.0160607
-0.016091
-0.0160762
-0.0160188
-0.0159214
-0.015786
-0.0156145
-0.0154083
-0.0151688
-0.0148967
-0.0145929
-0.0142578
-0.0138918
-0.0134953
-0.0130682
-0.0126107
-0.0121228
-0.0116044
-0.0110555
-0.0104758
-0.00986509
-0.00922319
-0.00854983
-0.00784474
-0.0071077
-0.00633851
-0.00553701
-0.00470307
-0.00383655
-0.00293734
-0.0020054
-0.00104075
-4.35256e-05
0.000986016
0.00204743
0.00314004
0.0042629
0.0054148
0.00659421
0.00779927
0.00902766
0.0102765
0.0115423
0.0128208
0.0141069
0.0153947
0.0166772
0.0179468
0.0191949
0.0204121
0.0215882
0.0227123
0.0237731
0.0247592
0.0256592
0.026462
0.0271577
0.0277374
0.0281937
0.0285214
0.0287173
0.0287807
0.0287134
0.0285193
0.0282047
0.0277773
0.0272463
0.0266274
0.0259365
0.0251179
0.024121
-0.0142663
-0.014978
-0.0155311
-0.0159708
-0.016349
-0.0166644
-0.0169158
-0.0171066
-0.0172402
-0.0173201
-0.0173496
-0.0173318
-0.0172699
-0.0171665
-0.0170239
-0.0168441
-0.0166288
-0.0163794
-0.0160967
-0.0157817
-0.0154349
-0.0150567
-0.0146474
-0.0142071
-0.013736
-0.0132341
-0.0127012
-0.0121372
-0.011542
-0.0109152
-0.0102566
-0.00956576
-0.00884249
-0.00808646
-0.00729739
-0.00647503
-0.00561913
-0.0047294
-0.00380561
-0.00284753
-0.00185501
-0.00082801
0.000233426
0.00132908
0.00245852
0.00362109
0.0048159
0.00604175
0.00729708
0.00857987
0.0098875
0.0112166
0.0125631
0.0139219
0.0152871
0.0166517
0.0180078
0.0193464
0.0206575
0.0219301
0.0231523
0.0243114
0.0253946
0.0263888
0.0272814
0.0280603
0.0287149
0.0292361
0.0296172
0.0298537
0.0299439
0.0298888
0.0296924
0.029361
0.028903
0.0283287
0.0276554
0.0269012
0.0260051
0.0249124
-0.0154471
-0.0161997
-0.0167838
-0.0172473
-0.017645
-0.0179758
-0.0182384
-0.0184365
-0.0185742
-0.0186552
-0.0186832
-0.0186619
-0.0185946
-0.0184842
-0.0183335
-0.0181445
-0.0179191
-0.0176589
-0.0173648
-0.0170377
-0.0166784
-0.0162873
-0.0158646
-0.0154106
-0.0149255
-0.0144091
-0.0138614
-0.0132822
-0.0126712
-0.0120283
-0.0113529
-0.0106447
-0.00990348
-0.00912874
-0.0083202
-0.00747749
-0.00660024
-0.00568804
-0.00474048
-0.00375717
-0.0027378
-0.00168208
-0.000589869
0.000538885
0.00170405
0.00290531
0.00414212
0.00541367
0.00671876
0.00805571
0.00942221
0.0108152
0.0122308
0.0136641
0.0151093
0.0165596
0.0180067
0.0194416
0.0208534
0.0222306
0.02356
0.0248278
0.0260194
0.0271199
0.0281147
0.0289895
0.0297317
0.0303299
0.0307755
0.0310622
0.0311869
0.0311499
0.0309545
0.0306073
0.0301174
0.0294959
0.0287624
0.0279369
0.0269526
0.0257498
-0.0166981
-0.0174953
-0.0181131
-0.0186023
-0.019021
-0.019368
-0.0196422
-0.0198478
-0.0199893
-0.0200708
-0.0200966
-0.0200708
-0.019997
-0.0198786
-0.0197186
-0.0195193
-0.0192827
-0.0190105
-0.0187039
-0.0183639
-0.0179912
-0.0175863
-0.0171496
-0.0166813
-0.0161815
-0.0156502
-0.0150873
-0.0144925
-0.0138657
-0.0132064
-0.0125142
-0.0117888
-0.0110298
-0.0102367
-0.00940916
-0.00854672
-0.00764888
-0.00671509
-0.00574478
-0.00473741
-0.00369245
-0.00260941
-0.00148788
-0.000327545
0.000871805
0.00211022
0.00338758
0.00470346
0.00605711
0.00744724
0.00887194
0.0103285
0.0118135
0.0133224
0.0148496
0.0163885
0.0179309
0.0194673
0.0209868
0.0224767
0.0239231
0.0253105
0.0266227
0.0278429
0.0289541
0.0299396
0.0307841
0.0314737
0.0319971
0.0323459
0.0325151
0.0325037
0.0323143
0.0319535
0.0314308
0.0307587
0.0299586
0.0290528
0.0279679
0.0266387
-0.018024
-0.01887
-0.0195246
-0.0200416
-0.0204828
-0.0208469
-0.0211331
-0.0213461
-0.0214909
-0.0215721
-0.0215947
-0.0215632
-0.0214817
-0.021354
-0.0211832
-0.0209722
-0.0207231
-0.0204377
-0.0201175
-0.0197633
-0.0193761
-0.0189565
-0.0185049
-0.0180215
-0.0175064
-0.0169596
-0.016381
-0.0157703
-0.0151273
-0.0144514
-0.0137424
-0.0129999
-0.0122233
-0.0114122
-0.0105662
-0.00968478
-0.00876722
-0.00781288
-0.00682104
-0.00579098
-0.00472198
-0.00361332
-0.00246432
-0.00127435
-4.28479e-05
0.00123064
0.00254643
0.00390458
0.00530478
0.00674625
0.00822757
0.00974663
0.0113004
0.012885
0.0144953
0.016125
0.0177661
0.019409
0.0210425
0.0226533
0.0242263
0.0257449
0.027191
0.0285457
0.0297893
0.0309024
0.0318664
0.0326644
0.0332818
0.0337074
0.0339337
0.0339579
0.0337815
0.0334108
0.0328556
0.0321294
0.0312558
0.0302599
0.0290607
0.0275863
-0.0194299
-0.0203296
-0.0210245
-0.0215715
-0.0220368
-0.022419
-0.0227175
-0.0229376
-0.023085
-0.023165
-0.0231831
-0.0231443
-0.0230535
-0.0229147
-0.0227317
-0.0225073
-0.0222441
-0.021944
-0.0216085
-0.021239
-0.0208361
-0.0204006
-0.0199331
-0.0194336
-0.0189024
-0.0183394
-0.0177445
-0.0171174
-0.0164577
-0.0157651
-0.0150392
-0.0142795
-0.0134856
-0.0126569
-0.0117931
-0.0108934
-0.00995702
-0.00898327
-0.00797125
-0.00692007
-0.0058288
-0.00469652
-0.00352225
-0.00230504
-0.00104394
0.000261926
0.00161334
0.00301086
0.00445473
0.00594473
0.0074801
0.00905939
0.0106804
0.0123397
0.0140332
0.0157547
0.017497
0.0192504
0.0210036
0.0227428
0.0244522
0.0261138
0.0277079
0.0292131
0.030607
0.0318669
0.0329706
0.033897
0.034628
0.0351484
0.0354478
0.0355206
0.0353669
0.0349919
0.0344056
0.0336223
0.0326682
0.0315717
0.0302428
0.0286018
-0.020922
-0.0218808
-0.0226197
-0.0231994
-0.0236903
-0.0240915
-0.0244025
-0.0246293
-0.0247783
-0.0248556
-0.0248675
-0.0248197
-0.0247176
-0.0245658
-0.0243684
-0.0241287
-0.0238494
-0.0235328
-0.0231805
-0.0227939
-0.0223739
-0.0219213
-0.0214365
-0.0209199
-0.0203716
-0.0197916
-0.0191795
-0.0185353
-0.0178584
-0.0171487
-0.0164056
-0.0156287
-0.0148177
-0.0139719
-0.0130907
-0.0121735
-0.0112194
-0.0102274
-0.00919667
-0.00812608
-0.00701454
-0.00586089
-0.00466389
-0.00342225
-0.00213464
-0.000799718
0.000583779
0.00201697
0.00350069
0.00503541
0.00662114
0.00825728
0.00994249
0.0116744
0.0134496
0.0152628
0.0171072
0.0189738
0.0208513
0.0227258
0.0245809
0.0263976
0.0281543
0.0298274
0.0313913
0.0328196
0.0340857
0.0351643
0.0360321
0.0366696
0.037062
0.0372004
0.0370821
0.036711
0.0360968
0.0352544
0.0342132
0.0330049
0.0315292
0.0296976
-0.0225069
-0.023531
-0.0243182
-0.0249333
-0.0254518
-0.0258727
-0.0261961
-0.0264288
-0.026578
-0.0266509
-0.0266545
-0.0265954
-0.0264795
-0.0263123
-0.0260981
-0.0258407
-0.0255431
-0.0252079
-0.0248368
-0.0244312
-0.0239923
-0.0235209
-0.0230175
-0.0224824
-0.0219158
-0.0213174
-0.0206873
-0.0200251
-0.0193304
-0.0186029
-0.0178424
-0.0170482
-0.0162201
-0.0153573
-0.0144594
-0.0135254
-0.0125545
-0.0115456
-0.0104977
-0.00940952
-0.00827989
-0.0071074
-0.00589055
-0.00462771
-0.00331716
-0.00195712
-0.000545794
0.000918517
0.00243734
0.00401192
0.00564316
0.00733147
0.00907657
0.0108772
0.012731
0.0146339
0.0165798
0.0185606
0.0205655
0.022581
0.0245903
0.0265737
0.028508
0.030367
0.0321222
0.0337429
0.0351977
0.0364559
0.0374883
0.0382698
0.03878
0.0390053
0.0389395
0.038584
0.0379475
0.0370457
0.0359111
0.0345796
0.0329385
0.0308892
-0.0241925
-0.025289
-0.0261293
-0.0267828
-0.0273305
-0.0277719
-0.0281073
-0.0283447
-0.0284923
-0.0285584
-0.0285511
-0.0284777
-0.0283452
-0.0281595
-0.0279256
-0.0276478
-0.0273293
-0.0269728
-0.0265805
-0.0261538
-0.0256939
-0.0252018
-0.0246779
-0.0241227
-0.0235361
-0.0229181
-0.0222686
-0.0215873
-0.0208739
-0.020128
-0.0193495
-0.0185378
-0.0176925
-0.016813
-0.0158986
-0.0149485
-0.0139617
-0.0129372
-0.0118736
-0.0107699
-0.00962454
-0.00843598
-0.00720246
-0.00592204
-0.00459263
-0.00321197
-0.00177775
-0.000287654
0.00126058
0.00286909
0.00453976
0.00627415
0.00807321
0.00993704
0.0118645
0.0138529
0.0158975
0.0179915
0.0201252
0.0222856
0.0244563
0.0266171
0.0287436
0.0308073
0.0327763
0.0346156
0.0362885
0.0377577
0.0389875
0.0399453
0.0406039
0.0409432
0.0409519
0.040628
0.0399785
0.0390195
0.0377867
0.0363202
0.0344935
0.0321964
-0.0259876
-0.0271646
-0.0280635
-0.0287585
-0.0293373
-0.0297995
-0.0301463
-0.0303866
-0.0305301
-0.0305865
-0.0305649
-0.0304738
-0.030321
-0.0301133
-0.0298562
-0.0295545
-0.0292118
-0.0288311
-0.0284147
-0.0279642
-0.0274809
-0.0269657
-0.0264192
-0.0258417
-0.0252333
-0.024594
-0.0239236
-0.0232219
-0.0224885
-0.0217234
-0.0209261
-0.0200964
-0.0192337
-0.0183374
-0.0174069
-0.0164412
-0.0154394
-0.0144003
-0.0133228
-0.0122055
-0.0110468
-0.00984513
-0.00859837
-0.00730432
-0.00596049
-0.00456422
-0.00311267
-0.00160287
-3.17794e-05
0.00160365
0.00330643
0.00507934
0.00692473
0.00884418
0.0108382
0.0129057
0.015044
0.0172478
0.019509
0.0218162
0.0241536
0.0265011
0.0288333
0.0311202
0.0333264
0.0354125
0.0373358
0.039052
0.0405171
0.0416897
0.0425338
0.0430209
0.0431327
0.0428624
0.0422139
0.041203
0.0398687
0.038256
0.0362221
0.0336443
-0.0279027
-0.0291694
-0.0301328
-0.030873
-0.0314845
-0.0319677
-0.0323245
-0.0325653
-0.0327016
-0.0327444
-0.0327043
-0.032591
-0.0324136
-0.0321794
-0.0318949
-0.0315653
-0.0311946
-0.0307861
-0.0303422
-0.0298646
-0.0293549
-0.0288138
-0.0282421
-0.02764
-0.0270076
-0.0263448
-0.0256517
-0.0249278
-0.0241732
-0.0233875
-0.0225706
-0.021722
-0.0208414
-0.0199281
-0.0189814
-0.0180005
-0.0169844
-0.0159319
-0.0148418
-0.0137129
-0.0125435
-0.0113316
-0.0100751
-0.00877156
-0.00741806
-0.00601156
-0.00454871
-0.00302591
-0.00143933
0.000215051
0.00194139
0.0037438
0.00562615
0.00759172
0.00964291
0.0117809
0.014005
0.0163124
0.0186973
0.0211502
0.0236568
0.0261978
0.0287478
0.0312753
0.0337421
0.0361046
0.0383136
0.0403169
0.0420609
0.0434935
0.0445677
0.0452444
0.0454959
0.0453082
0.0446809
0.043628
0.0421915
0.0404221
0.0381588
0.0352644
-0.0299497
-0.0313168
-0.0323516
-0.0331406
-0.0337864
-0.0342903
-0.034655
-0.0348931
-0.0350179
-0.0350422
-0.0349782
-0.0348375
-0.0346298
-0.0343639
-0.0340469
-0.0336845
-0.0332812
-0.0328405
-0.032365
-0.0318567
-0.031317
-0.0307467
-0.0301466
-0.029517
-0.0288579
-0.0281693
-0.0274512
-0.0267033
-0.0259255
-0.0251178
-0.0242799
-0.0234114
-0.0225121
-0.0215812
-0.0206181
-0.0196221
-0.018592
-0.017527
-0.0164259
-0.0152872
-0.0141093
-0.0128902
-0.0116276
-0.0103186
-0.0089603
-0.00754915
-0.00608138
-0.00455277
-0.00295871
-0.00129421
0.00044607
0.00226764
0.00417598
0.0061763
0.00827319
0.0104703
0.0127698
0.0151717
0.0176731
0.0202672
0.0229422
0.0256805
0.0284575
0.0312412
0.0339915
0.0366603
0.0391925
0.0415268
0.0435987
0.0453438
0.0467012
0.0476185
0.0480556
0.0479886
0.04741
0.0463305
0.0447954
0.0428608
0.0403455
0.037096
-0.0321429
-0.0336227
-0.0347366
-0.0355781
-0.0362596
-0.0367831
-0.0371529
-0.0373838
-0.0374914
-0.0374909
-0.0373965
-0.0372214
-0.0369769
-0.0366727
-0.036317
-0.0359159
-0.0354745
-0.0349965
-0.0344847
-0.0339411
-0.0333671
-0.0327638
-0.0321318
-0.0314712
-0.0307823
-0.0300649
-0.0293191
-0.0285447
-0.0277417
-0.02691
-0.0260494
-0.0251597
-0.0242404
-0.0232911
-0.0223111
-0.0212997
-0.0202561
-0.0191792
-0.0180681
-0.0169214
-0.0157372
-0.0145137
-0.0132483
-0.011938
-0.0105797
-0.00916954
-0.00770338
-0.00617643
-0.00458334
-0.00291815
-0.00117438
0.000654927
0.00257698
0.00459904
0.00672817
0.00897086
0.0113325
0.0138165
0.0164237
0.0191508
0.0219894
0.0249248
0.0279346
0.0309874
0.034042
0.0370469
0.0399407
0.042653
0.0451073
0.0472244
0.0489273
0.0501465
0.0508262
0.0509283
0.0504354
0.0493529
0.0477279
0.0456228
0.0428333
0.0391879
-0.0344991
-0.0361058
-0.0373074
-0.0382056
-0.0389235
-0.0394647
-0.0398352
-0.0400527
-0.0401359
-0.0401026
-0.0399694
-0.0397514
-0.0394618
-0.0391115
-0.0387095
-0.0382628
-0.0377767
-0.0372553
-0.0367014
-0.0361173
-0.0355042
-0.0348633
-0.0341949
-0.0334995
-0.0327771
-0.0320276
-0.0312509
-0.0304472
-0.0296163
-0.0287583
-0.027873
-0.0269602
-0.0260195
-0.0250505
-0.0240527
-0.0230255
-0.0219682
-0.0208799
-0.0197598
-0.0186063
-0.0174178
-0.0161923
-0.0149272
-0.0136194
-0.0122658
-0.0108621
-0.00940408
-0.00788629
-0.00630274
-0.00464659
-0.00291021
-0.00108525
0.000837285
0.00286684
0.00501314
0.0072858
0.00969377
0.0122446
0.0149432
0.017791
0.0207842
0.0239123
0.0271563
0.0304872
0.0338639
0.0372328
0.0405265
0.0436659
0.0465613
0.0491171
0.0512371
0.052831
0.0538223
0.0541548
0.0537963
0.052744
0.0510455
0.0487691
0.0456842
0.0416001
-0.0370384
-0.0387885
-0.0400875
-0.0410464
-0.0418009
-0.0423563
-0.0427214
-0.0429174
-0.0429666
-0.0428901
-0.0427075
-0.0424363
-0.0420914
-0.0416854
-0.0412281
-0.0407273
-0.0401887
-0.0396166
-0.039014
-0.0383831
-0.0377252
-0.0370413
-0.0363317
-0.0355968
-0.0348366
-0.034051
-0.0332401
-0.0324037
-0.0315419
-0.0306548
-0.0297423
-0.0288042
-0.0278402
-0.02685
-0.0258333
-0.0247894
-0.023718
-0.0226184
-0.0214896
-0.0203304
-0.0191391
-0.0179136
-0.0166514
-0.0153497
-0.0140049
-0.012613
-0.0111691
-0.00966769
-0.00810203
-0.00646449
-0.00474639
-0.00293801
-0.0010286
0.00099352
0.00314083
0.00542629
0.00786277
0.0104623
0.0132348
0.0161873
0.0193216
0.0226332
0.0261081
0.0297213
0.0334337
0.0371908
0.0409213
0.0445372
0.0479356
0.0510031
0.0536211
0.0556744
0.0570604
0.0576988
0.0575377
0.0565613
0.0548152
0.0523726
0.0489735
0.0444063
-0.0397846
-0.0416976
-0.043105
-0.0441284
-0.0449183
-0.0454828
-0.0458339
-0.0459975
-0.0460002
-0.0458674
-0.045622
-0.0452845
-0.0448719
-0.0443984
-0.0438749
-0.0433098
-0.0427094
-0.0420781
-0.041419
-0.0407341
-0.0400247
-0.0392917
-0.0385353
-0.0377557
-0.036953
-0.0361269
-0.0352774
-0.0344046
-0.0335085
-0.0325892
-0.0316466
-0.0306806
-0.0296911
-0.0286778
-0.0276405
-0.026579
-0.0254928
-0.0243815
-0.0232442
-0.0220797
-0.0208865
-0.0196626
-0.0184056
-0.0171127
-0.0157804
-0.0144048
-0.0129806
-0.0115021
-0.00996202
-0.00835203
-0.00666253
-0.00488253
-0.0029996
-0.000999843
0.00113201
0.00341237
0.00585825
0.00848655
0.011313
0.0143509
0.0176093
0.0210906
0.0247879
0.0286819
0.0327381
0.0369032
0.0411036
0.0452442
0.0492093
0.0528663
0.0560718
0.0586809
0.0605594
0.0615959
0.0617118
0.060872
0.059116
0.0565207
0.0527921
0.0476968
-0.0427667
-0.0448655
-0.0463936
-0.047485
-0.0483077
-0.0488733
-0.0491984
-0.0493148
-0.0492548
-0.0490487
-0.0487238
-0.0483037
-0.047808
-0.0472527
-0.0466499
-0.0460086
-0.0453354
-0.0446349
-0.0439101
-0.0431629
-0.0423945
-0.0416054
-0.0407958
-0.0399657
-0.0391149
-0.0382434
-0.0373509
-0.0364374
-0.0355032
-0.0345481
-0.0335723
-0.0325756
-0.0315581
-0.0305195
-0.02946
-0.0283793
-0.0272772
-0.0261535
-0.0250073
-0.0238376
-0.022643
-0.0214217
-0.0201715
-0.0188897
-0.0175729
-0.0162172
-0.0148174
-0.0133673
-0.0118593
-0.0102847
-0.00863301
-0.00689209
-0.00504797
-0.00308463
-0.000984046
0.00127364
0.00370974
0.00634637
0.00920549
0.0123076
0.0156698
0.019303
0.0232092
0.0273772
0.0317791
0.036366
0.0410646
0.0457749
0.0503697
0.0546969
0.0585864
0.0618594
0.0643435
0.0658885
0.0663801
0.0657555
0.0640424
0.0613184
0.0572506
0.0515822
-0.0460198
-0.0483317
-0.0499945
-0.0511564
-0.0520065
-0.0525616
-0.0528442
-0.0528937
-0.0527498
-0.0524488
-0.0520231
-0.0515002
-0.0509026
-0.0502482
-0.0495502
-0.0488184
-0.0480596
-0.0472783
-0.0464773
-0.0456584
-0.0448223
-0.0439693
-0.0430994
-0.0422123
-0.0413077
-0.0403853
-0.0394448
-0.0384863
-0.0375098
-0.0365152
-0.0355028
-0.0344724
-0.0334241
-0.032358
-0.0312742
-0.0301727
-0.0290535
-0.0279163
-0.0267605
-0.0255852
-0.0243892
-0.0231709
-0.0219284
-0.0206591
-0.0193599
-0.0180269
-0.0166547
-0.0152372
-0.0137666
-0.0122335
-0.0106271
-0.00893415
-0.00713933
-0.00522461
-0.00316934
-0.000950258
0.00145824
0.00408365
0.00695451
0.0100991
0.0135433
0.0173081
0.0214058
0.0258356
0.0305793
0.0355953
0.0408143
0.0461342
0.0514186
0.0564974
0.0611722
0.0652273
0.0684455
0.0706287
0.0716159
0.0713063
0.0697076
0.0668927
0.0624833
0.0561973
-0.049587
-0.0521449
-0.053958
-0.0551915
-0.0560601
-0.0565875
-0.0568048
-0.0567612
-0.0565055
-0.0560818
-0.0555284
-0.0548776
-0.0541551
-0.0533806
-0.0525687
-0.0517296
-0.0508701
-0.0499946
-0.0491056
-0.0482042
-0.047291
-0.0463656
-0.0454278
-0.0444768
-0.0435121
-0.0425332
-0.0415396
-0.0405314
-0.0395083
-0.0384705
-0.0374181
-0.0363509
-0.0352693
-0.0341732
-0.0330631
-0.031939
-0.0308011
-0.0296492
-0.0284828
-0.0273012
-0.0261033
-0.024888
-0.0236534
-0.0223973
-0.0211168
-0.0198078
-0.0184653
-0.0170829
-0.0156529
-0.0141656
-0.0126097
-0.0109713
-0.00923358
-0.0073768
-0.00537787
-0.0032103
-0.00084427
0.00175306
0.00461691
0.00778366
0.0112888
0.015164
0.0194337
0.0241098
0.0291863
0.0346328
0.0403872
0.04635
0.0523789
0.0582883
0.0638525
0.068816
0.0729112
0.075882
0.0775086
0.0776387
0.0762483
0.0733975
0.0686535
0.061707
-0.0535215
-0.0563657
-0.0583468
-0.0596502
-0.0605225
-0.0609977
-0.0611182
-0.0609463
-0.0605425
-0.0599604
-0.0592457
-0.0584359
-0.0575602
-0.0566405
-0.0556923
-0.0547263
-0.0537489
-0.0527641
-0.0517737
-0.0507783
-0.0497775
-0.0487707
-0.0477568
-0.0467348
-0.0457036
-0.0446625
-0.0436108
-0.0425483
-0.0414747
-0.0403901
-0.0392944
-0.0381877
-0.0370702
-0.035942
-0.0348037
-0.0336554
-0.0324973
-0.0313293
-0.0301512
-0.0289623
-0.0277619
-0.026549
-0.025322
-0.024079
-0.0228171
-0.0215325
-0.0202201
-0.0188737
-0.0174856
-0.016046
-0.0145433
-0.0129626
-0.0112864
-0.00949305
-0.00755733
-0.00544977
-0.00313657
-0.00057969
0.00226271
0.00543517
0.00898303
0.0129496
0.0173725
0.0222782
0.0276757
0.033549
0.0398477
0.0464792
0.0533009
0.0601157
0.0666731
0.0726772
0.0778051
0.081733
0.0841685
0.0848912
0.0838298
0.0810194
0.0759602
0.0683123
-0.0578904
-0.0610706
-0.0632391
-0.0646065
-0.0654594
-0.0658468
-0.0658271
-0.0654797
-0.0648803
-0.0640941
-0.0631757
-0.0621685
-0.0611056
-0.0600107
-0.0589003
-0.0577846
-0.0566699
-0.0555589
-0.0544527
-0.0533506
-0.0522516
-0.0511539
-0.0500559
-0.0489558
-0.047852
-0.0467434
-0.0456289
-0.044508
-0.0433803
-0.0422458
-0.0411043
-0.0399557
-0.0388004
-0.0376385
-0.0364704
-0.0352965
-0.034117
-0.032932
-0.0317411
-0.030544
-0.0293402
-0.0281288
-0.0269087
-0.0256779
-0.0244337
-0.0231724
-0.0218892
-0.0205779
-0.0192308
-0.0178383
-0.0163883
-0.0148654
-0.0132508
-0.0115219
-0.00965119
-0.0076066
-0.00535064
-0.00284034
-2.74793e-05
0.00314051
0.00671885
0.0107628
0.015324
0.0204448
0.0261516
0.0324455
0.0392926
0.0466126
0.0542683
0.0620574
0.0697093
0.0768894
0.0832165
0.0882908
0.0917323
0.0932329
0.0926532
0.089986
0.0846465
0.0762592
-0.062779
-0.0663574
-0.0687345
-0.0701523
-0.0709502
-0.0711987
-0.0709787
-0.0703928
-0.0695356
-0.068487
-0.067312
-0.0660605
-0.0647694
-0.0634641
-0.0621612
-0.0608705
-0.0595968
-0.0583415
-0.0571041
-0.0558826
-0.0546744
-0.0534769
-0.0522871
-0.0511024
-0.0499207
-0.0487399
-0.0475589
-0.0463765
-0.0451923
-0.0440057
-0.0428167
-0.0416249
-0.0404307
-0.039234
-0.0380354
-0.0368352
-0.0356337
-0.0344308
-0.0332265
-0.0320206
-0.0308126
-0.0296019
-0.0283875
-0.0271675
-0.0259393
-0.0246993
-0.0234429
-0.0221641
-0.0208552
-0.0195066
-0.0181057
-0.0166366
-0.0150798
-0.0134111
-0.0116017
-0.0096167
-0.00741538
-0.0049501
-0.00216665
0.000995225
0.00460037
0.00871596
0.0134079
0.0187352
0.0247432
0.0314532
0.0388515
0.0468758
0.0554012
0.0642278
0.0730716
0.0815644
0.0892666
0.0956962
0.10037
0.102871
0.102964
0.100576
0.0950113
0.0858493
-0.0682978
-0.0723535
-0.0749609
-0.0764035
-0.0770912
-0.0771273
-0.0766241
-0.075715
-0.0745192
-0.0731342
-0.0716368
-0.0700842
-0.0685163
-0.0669599
-0.0654307
-0.0639368
-0.062481
-0.0610626
-0.0596786
-0.0583251
-0.0569978
-0.0556922
-0.0544042
-0.0531299
-0.0518662
-0.0506104
-0.0493605
-0.0481151
-0.0468732
-0.045634
-0.0443972
-0.0431622
-0.0419291
-0.0406981
-0.0394692
-0.038243
-0.0370197
-0.0357992
-0.0345815
-0.0333665
-0.0321539
-0.0309432
-0.0297333
-0.0285223
-0.0273078
-0.0260864
-0.0248534
-0.023603
-0.0223276
-0.0210172
-0.0196589
-0.0182362
-0.0167287
-0.0151113
-0.0133534
-0.0114181
-0.00926115
-0.00683078
-0.00406715
-0.000902852
0.00273608
0.00692831
0.0117539
0.0172889
0.0235983
0.0307258
0.0386815
0.0474263
0.0568549
0.0667781
0.076908
0.086851
0.0961134
0.104127
0.110293
0.114058
0.115063
0.113133
0.107424
0.0974537
-0.0745933
-0.0792281
-0.0820853
-0.0835065
-0.0839997
-0.083717
-0.0828158
-0.0814705
-0.0798312
-0.0780166
-0.0761164
-0.0741946
-0.0722939
-0.0704403
-0.0686475
-0.0669207
-0.0652593
-0.0636591
-0.0621142
-0.0606178
-0.0591631
-0.0577434
-0.0563529
-0.0549862
-0.0536389
-0.0523073
-0.0509886
-0.0496808
-0.0483823
-0.047092
-0.0458089
-0.0445326
-0.0432626
-0.0419988
-0.0407416
-0.039491
-0.0382473
-0.0370105
-0.0357804
-0.034557
-0.03334
-0.0321288
-0.0309224
-0.0297189
-0.0285157
-0.0273095
-0.0260958
-0.0248688
-0.0236204
-0.0223404
-0.0210155
-0.0196285
-0.0181583
-0.0165785
-0.0148572
-0.0129549
-0.0108246
-0.00841037
-0.00564723
-0.00246119
0.00123026
0.00551666
0.0104917
0.0162484
0.0228717
0.0304291
0.038957
0.0484443
0.0588119
0.0698912
0.0814017
0.0929356
0.103954
0.113803
0.121757
0.127104
0.12932
0.128082
0.122342
0.111533
-0.0818643
-0.0872099
-0.0903288
-0.0916479
-0.0918168
-0.0910618
-0.0896041
-0.0876721
-0.0854545
-0.0830942
-0.0806941
-0.0783239
-0.0760266
-0.0738257
-0.0717304
-0.0697409
-0.0678514
-0.0660531
-0.0643356
-0.0626884
-0.0611012
-0.0595649
-0.0580711
-0.0566125
-0.0551833
-0.0537784
-0.0523941
-0.0510275
-0.0496763
-0.0483389
-0.0470139
-0.0457002
-0.0443973
-0.0431048
-0.0418227
-0.0405512
-0.0392902
-0.0380397
-0.0367995
-0.0355693
-0.0343489
-0.0331376
-0.0319342
-0.0307367
-0.0295426
-0.0283484
-0.0271496
-0.0259399
-0.0247111
-0.0234523
-0.0221496
-0.0207852
-0.0193371
-0.0177777
-0.0160731
-0.0141819
-0.0120538
-0.00962913
-0.00683828
-0.00360101
0.000173182
0.00458411
0.00973848
0.0157455
0.0227102
0.0307243
0.0398526
0.0501155
0.0614672
0.0737689
0.0867606
0.100035
0.113021
0.124987
0.135073
0.142383
0.146186
0.145951
0.140346
0.128663
-0.090389
-0.0966161
-0.099988
-0.101066
-0.100711
-0.099262
-0.0970292
-0.0943118
-0.0913445
-0.0882963
-0.085282
-0.0823735
-0.0796106
-0.0770103
-0.0745744
-0.072295
-0.070159
-0.0681507
-0.0662539
-0.0644531
-0.0627338
-0.0610832
-0.0594901
-0.0579451
-0.0564401
-0.0549687
-0.0535259
-0.0521079
-0.0507115
-0.0493343
-0.0479744
-0.0466304
-0.0453011
-0.0439861
-0.0426851
-0.041398
-0.0401246
-0.0388647
-0.037618
-0.036384
-0.0351623
-0.0339522
-0.0327521
-0.0315601
-0.0303732
-0.029188
-0.0279995
-0.026801
-0.0255837
-0.0243361
-0.0230434
-0.0216872
-0.0202441
-0.0186852
-0.0169745
-0.0150681
-0.0129129
-0.0104456
-0.00759187
-0.00426568
-0.000368831
0.00420825
0.00958457
0.0158849
0.0232339
0.0317477
0.0415208
0.0526086
0.0650042
0.0786088
0.0931965
0.108378
0.123568
0.137972
0.150598
0.160341
0.166216
0.167404
0.162172
0.149584
-0.10057
-0.107897
-0.111467
-0.112067
-0.110879
-0.108415
-0.105108
-0.101346
-0.097415
-0.0935093
-0.0897503
-0.0862061
-0.082907
-0.079858
-0.0770485
-0.0744588
-0.0720652
-0.0698429
-0.0677681
-0.0658185
-0.0639747
-0.0622193
-0.0605377
-0.0589176
-0.0573488
-0.055823
-0.0543338
-0.0528762
-0.0514461
-0.0500402
-0.0486561
-0.0472917
-0.0459455
-0.0446168
-0.043305
-0.0420099
-0.040731
-0.0394678
-0.0382197
-0.0369862
-0.0357667
-0.0345601
-0.0333648
-0.0321784
-0.0309979
-0.0298192
-0.0286369
-0.0274438
-0.0262302
-0.0249838
-0.023689
-0.0223262
-0.0208704
-0.019291
-0.0175499
-0.0156006
-0.0133867
-0.0108415
-0.00788598
-0.00442824
-0.000362585
0.00442987
0.0100799
0.0167273
0.0245161
0.0335871
0.0440657
0.0560452
0.0695633
0.0845708
0.100891
0.118174
0.135844
0.153066
0.168726
0.181497
0.190084
0.193284
0.188782
0.175261
-0.113016
-0.121709
-0.125321
-0.125034
-0.122539
-0.118598
-0.113812
-0.108672
-0.103518
-0.0985594
-0.0939146
-0.0896366
-0.0857364
-0.0821988
-0.0789942
-0.0760861
-0.0734365
-0.0710084
-0.0687682
-0.0666857
-0.0647347
-0.0628931
-0.061142
-0.0594658
-0.0578518
-0.0562899
-0.0547719
-0.0532915
-0.0518437
-0.0504243
-0.0490301
-0.0476586
-0.046308
-0.0449771
-0.0436652
-0.0423718
-0.0410961
-0.0398373
-0.0385946
-0.0373674
-0.0361547
-0.0349553
-0.0337673
-0.0325879
-0.0314136
-0.0302399
-0.0290607
-0.027868
-0.0266512
-0.0253971
-0.024089
-0.0227056
-0.0212205
-0.0196006
-0.0178057
-0.0157863
-0.0134832
-0.0108255
-0.00772955
-0.00409726
0.000184319
0.00524314
0.0112215
0.0182741
0.0265645
0.0362587
0.0475144
0.0604659
0.0752017
0.0917327
0.109949
0.129562
0.150042
0.170545
0.189859
0.20643
0.218602
0.224663
0.22146
0.207015
-0.128684
-0.13903
-0.142315
-0.140444
-0.135907
-0.129834
-0.123029
-0.116096
-0.109415
-0.103193
-0.097522
-0.0924237
-0.0878748
-0.0838286
-0.0802279
-0.0770134
-0.0741279
-0.0715194
-0.069142
-0.066956
-0.0649278
-0.0630294
-0.0612374
-0.0595327
-0.0578999
-0.0563267
-0.0548034
-0.0533222
-0.0518772
-0.0504634
-0.0490769
-0.0477148
-0.0463749
-0.0450559
-0.0437567
-0.0424765
-0.0412144
-0.0399693
-0.0387402
-0.0375262
-0.0363263
-0.0351389
-0.0339619
-0.0327919
-0.0316249
-0.0304558
-0.0292778
-0.0280819
-0.0268567
-0.0255879
-0.0242571
-0.0228416
-0.0213129
-0.0196355
-0.0177667
-0.0156544
-0.0132357
-0.0104356
-0.00716533
-0.00332083
0.00121812
0.00658848
0.0129442
0.0204553
0.0293052
0.0396861
0.05179
0.0657963
0.0818514
0.100039
0.120334
0.142546
0.166226
0.190576
0.214334
0.235735
0.252718
0.262915
0.261962
0.246732
-0.14917
-0.161353
-0.163498
-0.158851
-0.151151
-0.142027
-0.132506
-0.123285
-0.114746
-0.107052
-0.100238
-0.0942646
-0.0890541
-0.0845136
-0.0805481
-0.0770679
-0.0739924
-0.071251
-0.0687839
-0.0665407
-0.0644795
-0.062566
-0.0607723
-0.0590757
-0.0574581
-0.0559051
-0.0544056
-0.0529505
-0.051533
-0.0501474
-0.0487895
-0.0474559
-0.0461442
-0.0448529
-0.0435808
-0.0423269
-0.04109
-0.039869
-0.0386626
-0.0374699
-0.0362897
-0.0351202
-0.0339588
-0.0328016
-0.0316441
-0.0304805
-0.0293033
-0.0281027
-0.0268662
-0.025578
-0.0242183
-0.0227626
-0.0211809
-0.0194334
-0.0174769
-0.0152554
-0.0127025
-0.0097388
-0.00627059
-0.00218782
0.00263693
0.00834975
0.0151165
0.0231227
0.0325725
0.0436853
0.0566903
0.0718169
0.0892786
0.109247
0.131808
0.156902
0.184226
0.213105
0.242313
0.269934
0.293491
0.309791
0.312753
0.297284
-0.177279
-0.190995
-0.190261
-0.180819
-0.168276
-0.154851
-0.141755
-0.129698
-0.118981
-0.109653
-0.101638
-0.0947963
-0.0889701
-0.0840023
-0.0797488
-0.0760825
-0.0728951
-0.0700955
-0.0676086
-0.0653727
-0.0633378
-0.0614635
-0.0597176
-0.0580741
-0.0565127
-0.0550173
-0.0535753
-0.052177
-0.0508148
-0.0494827
-0.0481762
-0.0468918
-0.0456271
-0.0443805
-0.0431509
-0.0419369
-0.0407375
-0.0395514
-0.0383775
-0.0372147
-0.0360618
-0.0349166
-0.033776
-0.0326359
-0.0314912
-0.0303356
-0.0291608
-0.0279562
-0.026708
-0.025399
-0.024008
-0.0225085
-0.0208675
-0.0190472
-0.0169973
-0.0146601
-0.0119654
-0.00883017
-0.00515565
-0.000826198
0.00429262
0.0103559
0.0175412
0.0260497
0.0361062
0.0479589
0.0618767
0.0781446
0.0970527
0.118877
0.143847
0.172083
0.203506
0.237674
0.273568
0.309261
0.34194
0.367453
0.377384
0.363355
-0.218242
-0.231569
-0.224285
-0.206682
-0.186864
-0.167537
-0.149898
-0.134486
-0.121365
-0.11036
-0.101202
-0.0936044
-0.0872982
-0.0820441
-0.0776389
-0.0739138
-0.0707305
-0.0679771
-0.0655635
-0.0634179
-0.0614831
-0.0597136
-0.0580737
-0.0565352
-0.0550762
-0.0536795
-0.0523318
-0.0510231
-0.0497456
-0.0484933
-0.0472618
-0.0460478
-0.0448491
-0.0436642
-0.0424921
-0.0413316
-0.0401817
-0.0390413
-0.0379095
-0.0367852
-0.035667
-0.0345527
-0.0334389
-0.0323209
-0.0311935
-0.0300498
-0.0288809
-0.0276753
-0.0264181
-0.0250909
-0.0236712
-0.0221309
-0.0204355
-0.0185439
-0.0164047
-0.0139569
-0.0111273
-0.0078292
-0.00395972
0.000601857
0.00599636
0.0123871
0.0199624
0.0289379
0.0395587
0.0521015
0.0668767
0.084228
0.104531
0.128184
0.15559
0.187111
0.222991
0.263195
0.307128
0.353231
0.398642
0.438309
0.460957
0.452991
-0.28198
-0.288557
-0.267233
-0.236069
-0.205656
-0.178562
-0.155478
-0.136398
-0.120893
-0.108394
-0.0983472
-0.0902641
-0.0837355
-0.0784289
-0.0740783
-0.0704733
-0.0674485
-0.0648738
-0.0626475
-0.0606903
-0.0589401
-0.0573486
-0.0558784
-0.0545004
-0.0531921
-0.0519363
-0.0507201
-0.0495336
-0.0483695
-0.0472224
-0.0460884
-0.0449647
-0.0438496
-0.042742
-0.0416411
-0.0405463
-0.0394569
-0.038372
-0.037291
-0.0362131
-0.0351368
-0.0340598
-0.0329785
-0.0318883
-0.0307835
-0.0296571
-0.0284996
-0.0272987
-0.0260386
-0.0247
-0.0232594
-0.0216875
-0.0199486
-0.017999
-0.0157861
-0.0132468
-0.0103054
-0.00687254
-0.00284212
0.00191052
0.00753116
0.0141895
0.0220827
0.0314385
0.0425196
0.0556289
0.0711155
0.0893817
0.110891
0.136174
0.165837
0.200541
0.240969
0.287702
0.340953
0.400111
0.463065
0.524466
0.570336
0.57972
-0.387422
-0.369582
-0.320141
-0.267497
-0.222317
-0.185579
-0.156529
-0.133945
-0.116505
-0.103043
-0.0926204
-0.084506
-0.0781418
-0.0731044
-0.0690737
-0.0658069
-0.0631199
-0.060872
-0.0589559
-0.0572895
-0.0558099
-0.0544689
-0.0532297
-0.0520643
-0.0509512
-0.0498747
-0.0488227
-0.0477868
-0.0467607
-0.0457401
-0.044722
-0.0437047
-0.0426872
-0.0416691
-0.0406503
-0.0396306
-0.0386101
-0.0375884
-0.0365651
-0.0355398
-0.0345111
-0.0334769
-0.0324336
-0.0313766
-0.0303004
-0.0291976
-0.0280584
-0.0268699
-0.0256161
-0.024277
-0.0228285
-0.0212407
-0.0194766
-0.0174917
-0.0152322
-0.0126339
-0.00962
-0.00609932
-0.00196415
0.00291238
0.00867877
0.0155085
0.023604
0.0332013
0.0445759
0.0580501
0.0740042
0.09289
0.11525
0.141747
0.173193
0.210593
0.255177
0.308385
0.371755
0.44658
0.532881
0.626691
0.713873
0.766028
-0.578199
-0.48321
-0.379505
-0.295676
-0.231876
-0.184631
-0.150279
-0.125356
-0.107153
-0.0937407
-0.0837628
-0.0762634
-0.0705653
-0.0661857
-0.0627766
-0.0600839
-0.0579204
-0.0561468
-0.0546591
-0.0533789
-0.0522475
-0.0512205
-0.0502646
-0.049355
-0.0484731
-0.0476056
-0.046743
-0.0458785
-0.0450081
-0.0441288
-0.0432394
-0.0423392
-0.0414283
-0.0405074
-0.0395773
-0.0386387
-0.0376923
-0.0367384
-0.0357772
-0.0348086
-0.0338317
-0.0328445
-0.0318439
-0.0308255
-0.0297838
-0.0287116
-0.0275991
-0.0264333
-0.025198
-0.0238734
-0.0224353
-0.0208535
-0.0190909
-0.0171027
-0.0148353
-0.0122244
-0.00919324
-0.0056508
-0.00148944
0.00341745
0.0092182
0.0160865
0.0242259
0.0338745
0.0453122
0.0588705
0.0749455
0.0940182
0.116684
0.1437
0.176049
0.215053
0.262515
0.320921
0.393698
0.485365
0.600345
0.739705
0.901636
1.06199
-0.973701
-0.630719
-0.417146
-0.295774
-0.216839
-0.164081
-0.129199
-0.105799
-0.0896955
-0.0783851
-0.0703184
-0.0644883
-0.0602244
-0.0570709
-0.0547109
-0.0529192
-0.0515332
-0.050434
-0.0495339
-0.0487683
-0.0480892
-0.0474614
-0.0468589
-0.0462631
-0.0456607
-0.0450426
-0.0444031
-0.0437387
-0.043048
-0.0423307
-0.0415874
-0.0408192
-0.0400279
-0.0392155
-0.0383841
-0.0375355
-0.0366713
-0.0357928
-0.0349009
-0.0339961
-0.0330782
-0.0321457
-0.0311961
-0.0302255
-0.029229
-0.0281997
-0.0271284
-0.0260025
-0.0248064
-0.0235211
-0.022123
-0.0205828
-0.0188644
-0.0169241
-0.01471
-0.0121594
-0.0091977
-0.00573624
-0.00167051
0.00312262
0.00878735
0.0154923
0.0234354
0.0328484
0.0440036
0.0572238
0.0728969
0.0914959
0.113612
0.140008
0.171708
0.210145
0.257427
0.316801
0.393524
0.496189
0.637016
0.83388
1.1375
1.59187
-1.68649
-0.778367
-0.376843
-0.229385
-0.155155
-0.111709
-0.0864166
-0.071258
-0.0616634
-0.0553643
-0.0511615
-0.0483447
-0.0464661
-0.0452305
-0.0444359
-0.0439393
-0.0436373
-0.0434548
-0.0433366
-0.0432429
-0.0431448
-0.0430222
-0.042861
-0.0426524
-0.0423909
-0.0420741
-0.0417016
-0.0412747
-0.0407957
-0.0402676
-0.039694
-0.0390783
-0.0384246
-0.0377366
-0.0370181
-0.0362723
-0.0355022
-0.0347101
-0.0338979
-0.0330673
-0.0322188
-0.0313519
-0.0304649
-0.0295549
-0.0286178
-0.0276477
-0.0266365
-0.0255726
-0.024442
-0.023227
-0.0219061
-0.0204518
-0.0188303
-0.0170007
-0.0149145
-0.0125131
-0.00972596
-0.00646966
-0.00264602
0.00186042
0.00718531
0.0134871
0.0209505
0.0297911
0.0402609
0.0526562
0.0673284
0.0847
0.10529
0.129757
0.158969
0.194133
0.237058
0.290693
0.360422
0.456958
0.601805
0.847162
1.36661
2.39672
)
;

boundaryField
{
    movingWall
    {
        type            zeroGradient;
    }
    fixedWalls
    {
        type            zeroGradient;
    }
    frontAndBack
    {
        type            empty;
    }
}


// ************************************************************************* //
