/*--------------------------------*- C++ -*----------------------------------*\
  =========                 |
  \\      /  F ield         | OpenFOAM: The Open Source CFD Toolbox
   \\    /   O peration     | Website:  https://openfoam.org
    \\  /    A nd           | Version:  7
     \\/     M anipulation  |
\*---------------------------------------------------------------------------*/
FoamFile
{
    version     2.0;
    format      ascii;
    class       volScalarField;
    location    "1.475";
    object      p;
}
// * * * * * * * * * * * * * * * * * * * * * * * * * * * * * * * * * * * * * //

dimensions      [0 2 -2 0 0 0 0];

internalField   nonuniform List<scalar> 
6400
(
1.58026e-06
-7.53829e-07
-0.000113632
-0.000333746
-0.000634766
-0.000992798
-0.0013867
-0.00179811
-0.00221163
-0.0026146
-0.00299669
-0.00334956
-0.00366654
-0.00394233
-0.0041728
-0.00435479
-0.00448593
-0.00456455
-0.00458954
-0.00456027
-0.00447651
-0.00433837
-0.00414626
-0.00390084
-0.003603
-0.00325385
-0.00285469
-0.00240702
-0.00191256
-0.00137321
-0.000791091
-0.00016855
0.000491847
0.00118729
0.00191474
0.00267087
0.00345212
0.00425469
0.0050745
0.00590724
0.00674838
0.00759315
0.00843663
0.0092737
0.0100991
0.0109076
0.0116938
0.0124523
0.0131779
0.0138653
0.0145096
0.015106
0.01565
0.0161377
0.0165652
0.0169296
0.0172283
0.0174592
0.0176212
0.0177137
0.017737
0.0176921
0.017581
0.0174065
0.0171724
0.0168833
0.016545
0.0161642
0.0157487
0.0153073
0.0148502
0.0143886
0.0139352
0.0135042
0.0131112
0.0127731
0.0125074
0.0123315
0.0122607
0.0122843
6.11109e-06
2.95574e-06
-9.71535e-05
-0.000284088
-0.000536264
-0.000836577
-0.00116896
-0.00151858
-0.00187238
-0.0022192
-0.00254969
-0.00285606
-0.00313193
-0.00337211
-0.00357247
-0.00372973
-0.00384142
-0.00390566
-0.00392118
-0.00388714
-0.00380312
-0.00366904
-0.00348513
-0.00325188
-0.00297001
-0.00264048
-0.00226444
-0.00184327
-0.00137853
-0.000871995
-0.000325648
0.000258313
0.000877471
0.00152918
0.00221056
0.0029185
0.00364964
0.0044004
0.00516696
0.00594528
0.00673111
0.00752003
0.00830743
0.00908857
0.00985861
0.0106126
0.0113456
0.0120528
0.0127291
0.01337
0.0139707
0.0145271
0.015035
0.0154908
0.0158913
0.0162335
0.0165154
0.0167352
0.016892
0.0169853
0.0170155
0.0169839
0.0168923
0.0167435
0.0165411
0.0162897
0.0159947
0.0156623
0.0152999
0.0149156
0.0145186
0.0141191
0.0137283
0.0133585
0.0130226
0.0127341
0.0125061
0.0123509
0.0122839
0.0123079
0.00011946
0.000103111
2.59205e-06
-0.000169933
-0.000396302
-0.000662958
-0.000957027
-0.00126622
-0.00157945
-0.001887
-0.0021805
-0.00245287
-0.00269817
-0.0029115
-0.00308887
-0.00322709
-0.00332366
-0.00337667
-0.00338477
-0.00334703
-0.0032629
-0.0031322
-0.00295503
-0.00273175
-0.00246297
-0.00214951
-0.00179243
-0.00139295
-0.000952535
-0.000472828
4.43134e-05
0.000596824
0.00118243
0.00179862
0.00244269
0.00311168
0.00380244
0.00451155
0.00523543
0.00597026
0.00671203
0.00745656
0.00819954
0.00893649
0.00966287
0.0103741
0.0110654
0.0117324
0.0123704
0.012975
0.0135419
0.0140673
0.0145472
0.0149784
0.0153578
0.015683
0.0159519
0.016163
0.0163154
0.016409
0.0164442
0.0164222
0.0163448
0.0162149
0.0160358
0.0158119
0.0155483
0.0152509
0.0149265
0.0145826
0.0142277
0.013871
0.0135224
0.0131927
0.0128928
0.0126342
0.0124275
0.0122828
0.0122164
0.0122378
0.000340578
0.000290586
0.000174212
5.2462e-07
-0.000217289
-0.000467904
-0.000740534
-0.00102491
-0.00131164
-0.00159233
-0.00185965
-0.00210726
-0.0023298
-0.00252277
-0.00268246
-0.00280585
-0.00289057
-0.00293476
-0.00293706
-0.00289653
-0.00281259
-0.00268497
-0.00251371
-0.00229908
-0.00204159
-0.00174198
-0.00140117
-0.00102031
-0.000600729
-0.000143959
0.000348263
0.000873999
0.00143111
0.00201722
0.00262979
0.003266
0.00392287
0.00459717
0.00528549
0.00598421
0.00668953
0.00739749
0.00810398
0.00880478
0.00949558
0.010172
0.0108296
0.0114642
0.0120713
0.0126468
0.0131867
0.0136872
0.0141448
0.0145564
0.0149191
0.0152306
0.015489
0.015693
0.0158418
0.0159352
0.0159738
0.0159586
0.0158917
0.0157755
0.0156134
0.0154095
0.0151686
0.0148963
0.0145989
0.0142833
0.0139572
0.013629
0.0133076
0.0130025
0.0127232
0.0124798
0.0122813
0.0121368
0.012061
0.0120637
0.000645083
0.000545014
0.000400549
0.000215135
-4.66298e-06
-0.000249496
-0.000510336
-0.000778764
-0.00104696
-0.00130782
-0.00155505
-0.00178312
-0.0019873
-0.00216356
-0.00230855
-0.00241952
-0.00249426
-0.00253105
-0.0025286
-0.00248597
-0.0024026
-0.00227818
-0.00211269
-0.00190635
-0.0016596
-0.00137307
-0.00104759
-0.000684217
-0.000284159
0.000151162
0.000620135
0.00112095
0.0016516
0.00220987
0.00279334
0.00339938
0.00402515
0.0046676
0.00532349
0.0059894
0.0066617
0.00733665
0.00801033
0.00867872
0.00933771
0.00998315
0.0106109
0.0112167
0.0117965
0.0123464
0.0128626
0.0133414
0.0137795
0.0141739
0.014522
0.0148215
0.0150707
0.0152683
0.0154136
0.0155065
0.0155475
0.0155377
0.0154789
0.0153736
0.015225
0.0150369
0.0148139
0.0145611
0.0142843
0.01399
0.0136853
0.0133775
0.0130748
0.0127853
0.0125176
0.0122801
0.012081
0.0119283
0.0118326
0.0118007
0.00101082
0.000850445
0.000668925
0.000463367
0.000233006
-1.45526e-05
-0.000271773
-0.000531912
-0.00078861
-0.00103598
-0.00126871
-0.00148213
-0.00167214
-0.00183524
-0.0019685
-0.00206947
-0.00213619
-0.00216709
-0.002161
-0.00211706
-0.00203471
-0.00191367
-0.00175388
-0.00155552
-0.00131896
-0.00104476
-0.000733677
-0.000386639
-4.76807e-06
0.000410634
0.000858078
0.00133588
0.00184218
0.00237489
0.00293175
0.00351027
0.00410779
0.0047214
0.00534805
0.00598447
0.00662723
0.00727275
0.00791728
0.008557
0.00918798
0.00980624
0.0104078
0.0109886
0.0115448
0.0120725
0.0125682
0.0130283
0.0134496
0.0138293
0.0141648
0.014454
0.0146952
0.0148872
0.0150293
0.0151214
0.015164
0.0151581
0.0151055
0.0150085
0.01487
0.0146938
0.014484
0.0142455
0.0139836
0.0137044
0.013414
0.0131193
0.0128275
0.0125458
0.0122816
0.0120422
0.0118347
0.0116662
0.0115421
0.0114647
0.00141823
0.00119188
0.000967229
0.000735035
0.000487184
0.000229821
-3.07571e-05
-0.000289293
-0.000540751
-0.000780363
-0.00100378
-0.00120712
-0.00138697
-0.00154037
-0.00166482
-0.00175823
-0.0018189
-0.00184548
-0.00183693
-0.00179251
-0.00171171
-0.00159428
-0.00144015
-0.00124948
-0.00102258
-0.000759954
-0.000462278
-0.000130392
0.000234686
0.000631767
0.00105948
0.00151627
0.00200041
0.00250995
0.00304278
0.00359656
0.00416877
0.00475667
0.00535736
0.00596772
0.00658449
0.00720424
0.00782339
0.00843826
0.00904507
0.00964
0.0102192
0.0107787
0.0113149
0.011824
0.0123025
0.0127469
0.0131543
0.0135218
0.0138469
0.0141276
0.0143621
0.0145493
0.0146886
0.0147797
0.0148231
0.0148198
0.0147714
0.0146802
0.0145488
0.0143807
0.0141799
0.0139509
0.0136985
0.0134283
0.013146
0.0128577
0.0125698
0.0122887
0.0120209
0.0117724
0.0115499
0.0113593
0.0112005
0.0110708
0.00185029
0.00155532
0.0012837
0.0010202
0.00074963
0.000476937
0.000207415
-5.49885e-05
-0.000306426
-0.000543156
-0.000761726
-0.000959019
-0.00113227
-0.00127909
-0.00139741
-0.00148552
-0.00154202
-0.00156579
-0.00155596
-0.00151191
-0.00143321
-0.00131966
-0.00117121
-0.000988001
-0.00077031
-0.000518588
-0.000233434
8.43929e-05
0.000433974
0.000814228
0.0012239
0.00166157
0.00212562
0.00261426
0.0031255
0.00365716
0.00420685
0.004772
0.00534983
0.00593738
0.00653153
0.00712898
0.0077263
0.00831993
0.00890621
0.00948145
0.0100419
0.0105837
0.0111034
0.0115971
0.0120615
0.0124933
0.0128895
0.0132472
0.0135639
0.0138377
0.0140669
0.0142503
0.0143871
0.0144772
0.0145209
0.0145192
0.0144734
0.0143858
0.0142588
0.0140956
0.0139
0.0136761
0.0134285
0.0131622
0.0128824
0.0125946
0.0123046
0.0120181
0.0117405
0.0114773
0.0112342
0.0110165
0.0108186
0.0106328
0.00229245
0.00192817
0.00160742
0.00130944
0.00101232
0.000720103
0.000437256
0.000166588
-8.91131e-05
-0.000327037
-0.000544556
-0.00073928
-0.000909079
-0.00105209
-0.00116671
-0.00125161
-0.00130569
-0.00132807
-0.00131807
-0.00127522
-0.0011992
-0.00108984
-0.00094714
-0.000771224
-0.000562356
-0.000320936
-4.75001e-05
0.000257274
0.00059256
0.00095738
0.0013506
0.00177091
0.00221683
0.0026867
0.00317867
0.00369069
0.00422051
0.0047657
0.00532362
0.00589143
0.00646615
0.00704459
0.00762344
0.00819925
0.00876847
0.00932748
0.0098726
0.0104002
0.0109065
0.0113881
0.0118416
0.0122635
0.012651
0.0130012
0.0133118
0.0135805
0.0138057
0.0139861
0.0141211
0.0142103
0.014254
0.0142529
0.0142085
0.0141226
0.0139977
0.0138367
0.013643
0.0134205
0.0131735
0.0129065
0.0126244
0.0123322
0.012035
0.0117378
0.0114454
0.0111626
0.0108946
0.0106461
0.0104061
0.0101624
0.0027324
0.00229929
0.00192844
0.00159392
0.00126758
0.000952699
0.000653142
0.000370715
0.000107268
-0.000135227
-0.000354901
-0.000550042
-0.000719117
-0.00086078
-0.000973882
-0.00105746
-0.00111072
-0.00113304
-0.00112395
-0.00108312
-0.00101032
-0.000905481
-0.000768622
-0.00059988
-0.000399501
-0.000167844
9.46131e-05
0.000387267
0.000709382
0.00106008
0.00143834
0.00184297
0.00227262
0.00272576
0.00320066
0.0036954
0.00420788
0.00473579
0.0052766
0.00582761
0.00638594
0.00694852
0.00751213
0.00807341
0.00862889
0.009175
0.00970813
0.0102247
0.010721
0.0111935
0.0116389
0.0120538
0.0124352
0.0127804
0.0130867
0.0133521
0.0135748
0.0137534
0.0138872
0.0139758
0.0140193
0.0140184
0.0139743
0.0138887
0.0137639
0.0136026
0.013408
0.0131838
0.0129338
0.0126623
0.0123737
0.0120727
0.0117638
0.0114516
0.0111403
0.010834
0.0105375
0.0102554
0.0099715
0.00966924
0.00315962
0.00265886
0.00223772
0.00186548
0.00150809
0.0011683
0.000849477
0.000552564
0.000278583
2.87537e-05
-0.000195746
-0.000393834
-0.000564537
-0.000707005
-0.000820513
-0.000904463
-0.000958373
-0.000981868
-0.000974677
-0.000936617
-0.000867594
-0.000767597
-0.000636694
-0.000475035
-0.000282852
-6.04712e-05
0.000191685
0.000473086
0.000783082
0.00112089
0.00148561
0.00187615
0.00229129
0.00272962
0.00318955
0.00366928
0.00416683
0.00468
0.0052064
0.00574342
0.0062883
0.00683804
0.00738951
0.00793941
0.00848434
0.00902078
0.00954514
0.0100538
0.0105432
0.0110097
0.01145
0.0118606
0.0122386
0.0125809
0.0128852
0.0131491
0.0133708
0.0135489
0.0136824
0.0137709
0.0138143
0.0138132
0.0137686
0.0136822
0.0135559
0.0133924
0.0131946
0.0129658
0.0127097
0.0124304
0.0121318
0.0118182
0.0114939
0.011163
0.0108292
0.0104961
0.0101686
0.00985072
0.00952172
0.00916107
0.00356497
0.00299813
0.00252708
0.00211656
0.00172699
0.00136073
0.00102076
0.000707276
0.00042057
0.000161182
-7.03396e-05
-0.000273491
-0.000447823
-0.000592949
-0.00070855
-0.000794378
-0.000850247
-0.000876029
-0.000871649
-0.000837082
-0.000772347
-0.000677512
-0.000552689
-0.000398044
-0.000213804
-2.58741e-07
0.00024222
0.00051317
0.000812028
0.00113811
0.00149061
0.00186857
0.00227087
0.00269623
0.00314318
0.00361005
0.00409496
0.00459584
0.00511041
0.00563615
0.00617038
0.00671019
0.00725251
0.00779411
0.0083316
0.0088615
0.00938022
0.00988416
0.0103697
0.0108332
0.0112712
0.0116803
0.0120574
0.0123995
0.0127039
0.0129683
0.0131907
0.0133696
0.0135038
0.0135928
0.0136365
0.0136352
0.0135897
0.0135016
0.0133727
0.0132053
0.0130022
0.0127666
0.0125019
0.0122119
0.0119002
0.0115709
0.011228
0.0108752
0.0105159
0.0101535
0.00979263
0.00943745
0.0090627
0.00864418
0.00394045
0.0033093
0.00278904
0.00234014
0.00191779
0.00152404
0.0011616
0.000830007
0.000528888
0.00025818
1.78586e-05
-0.000192105
-0.000371745
-0.000521108
-0.000640259
-0.000729281
-0.000788272
-0.000817341
-0.000816604
-0.000786187
-0.000726221
-0.000636851
-0.000518236
-0.000370559
-0.000194037
1.10697e-05
0.000244441
0.000505683
0.000794316
0.00110975
0.00145129
0.00181807
0.00220912
0.00262325
0.00305912
0.00351517
0.00398965
0.00448059
0.00498579
0.00550284
0.00602913
0.00656183
0.00709791
0.00763416
0.00816725
0.00869367
0.00920984
0.00971212
0.0101968
0.0106603
0.011099
0.0115094
0.0118883
0.0122325
0.0125394
0.0128063
0.0130312
0.0132125
0.0133487
0.0134392
0.0134837
0.0134824
0.013436
0.0133457
0.0132132
0.0130407
0.0128309
0.0125865
0.012311
0.0120078
0.0116805
0.0113328
0.0109685
0.0105911
0.010204
0.00980996
0.00941397
0.00902024
0.00859932
0.00812355
0.00427893
0.00358533
0.0030168
0.00252975
0.0020744
0.00165258
0.00126678
0.000915965
0.000599164
0.000315769
6.52317e-05
-0.000152965
-0.000339304
-0.000494234
-0.000618179
-0.000711536
-0.000774669
-0.000807913
-0.000811566
-0.000785897
-0.000731144
-0.000647526
-0.000535247
-0.000394504
-0.000225506
-2.84812e-05
0.000196303
0.000448521
0.000727775
0.00103357
0.00136532
0.00172227
0.00210354
0.0025081
0.00293469
0.00338188
0.00384802
0.00433125
0.00482946
0.00534032
0.00586129
0.0063896
0.00692225
0.00745607
0.00798771
0.00851367
0.00903034
0.00953401
0.0100209
0.0104874
0.0109297
0.0113443
0.0117277
0.0120767
0.0123884
0.0126601
0.0128896
0.0130749
0.0132146
0.0133078
0.0133539
0.0133531
0.0133058
0.0132131
0.0130766
0.0128981
0.0126803
0.0124257
0.0121376
0.0118192
0.0114741
0.0111057
0.0107178
0.0103136
0.00989639
0.00946892
0.0090363
0.00860298
0.00813556
0.00760306
0.00457401
0.00381979
0.00320406
0.00267933
0.00219105
0.00174091
0.00133122
0.000960426
0.000627025
0.000329908
6.80491e-05
-0.000159519
-0.000353691
-0.000515294
-0.000645086
-0.000743755
-0.000811917
-0.000850116
-0.000858823
-0.00083844
-0.000789308
-0.000711712
-0.000605895
-0.000472069
-0.000310427
-0.000121165
9.55024e-05
0.000339322
0.000609978
0.000907075
0.00123011
0.00157847
0.00195139
0.00234791
0.00276693
0.00320712
0.00366693
0.00414459
0.00463808
0.00514517
0.00566335
0.00618991
0.00672188
0.00725611
0.00778923
0.00831771
0.0088379
0.00934601
0.00983823
0.0103107
0.0107596
0.0111812
0.011572
0.0119285
0.0122477
0.0125265
0.0127627
0.0129541
0.0130989
0.0131962
0.0132451
0.0132456
0.0131979
0.013103
0.0129621
0.0127772
0.0125505
0.0122846
0.0119824
0.0116473
0.0112825
0.0108915
0.0104779
0.010045
0.0095959
0.00913335
0.00866279
0.00818893
0.00767467
0.00708577
0.00481981
0.00400679
0.00334501
0.00278321
0.0022623
0.00178383
0.00134999
0.00095875
0.000608116
0.000296521
2.24999e-05
-0.00021533
-0.00041825
-0.000587434
-0.00072395
-0.00082876
-0.000902714
-0.000946551
-0.0009609
-0.000946288
-0.000903148
-0.000831826
-0.000732599
-0.000605684
-0.000451259
-0.000269482
-6.05097e-05
0.000175475
0.000438245
0.0007275
0.00104285
0.00138378
0.00174963
0.00213959
0.00255265
0.00298759
0.00344297
0.00391711
0.00440808
0.00491371
0.00543156
0.00595895
0.00649293
0.00703035
0.00756783
0.0081018
0.00862852
0.00914415
0.00964474
0.0101263
0.0105849
0.0110167
0.0114178
0.0117846
0.0121139
0.0124025
0.0126478
0.0128474
0.0129993
0.0131024
0.0131555
0.0131583
0.013111
0.0130143
0.0128693
0.0126777
0.0124416
0.0121635
0.0118462
0.011493
0.0111071
0.0106919
0.0102509
0.00978761
0.00930498
0.0088059
0.00829615
0.00778086
0.00721926
0.00657403
0.0050109
0.00414083
0.00343418
0.00283604
0.00228294
0.00177634
0.00131831
0.000906382
0.000538117
0.00021152
-7.52812e-05
-0.000324057
-0.000536444
-0.000713943
-0.00085791
-0.00096956
-0.00104996
-0.00110002
-0.00112053
-0.00111213
-0.00107532
-0.00101051
-0.000918002
-0.000798011
-0.000650693
-0.000476163
-0.000274519
-4.58648e-05
0.000209659
0.000491855
0.000800435
0.001135
0.00149502
0.00187978
0.00228839
0.00271974
0.00317249
0.00364507
0.00413562
0.00464203
0.00516192
0.00569264
0.00623127
0.00677464
0.00731933
0.00786172
0.00839802
0.00892425
0.00943636
0.00993021
0.0104017
0.0108466
0.0112612
0.0116414
0.0119838
0.0122849
0.0125419
0.0127521
0.0129134
0.0130242
0.0130832
0.0130898
0.013044
0.0129462
0.0127975
0.0125993
0.0123537
0.0120629
0.0117298
0.0113575
0.0109493
0.0105085
0.0100387
0.00954348
0.00902588
0.00848889
0.00793876
0.00738108
0.00677151
0.00606965
0.00514217
0.00421675
0.00346641
0.00283275
0.00224802
0.00171361
0.00123152
0.000798855
0.000412752
7.08203e-05
-0.000229193
-0.00048942
-0.000711832
-0.00089823
-0.00105024
-0.00116931
-0.00125671
-0.00131352
-0.00134065
-0.00133884
-0.00130869
-0.00125062
-0.00116496
-0.00105192
-0.000911636
-0.000744162
-0.000549532
-0.000327771
-7.89257e-05
0.000196909
0.000499559
0.000828741
0.00118404
0.00156486
0.00197043
0.00239975
0.00285158
0.00332445
0.00381658
0.00432593
0.00485017
0.00538667
0.00593252
0.00648454
0.00703928
0.00759305
0.00814196
0.00868193
0.00920875
0.00971813
0.0102057
0.0106672
0.0110984
0.0114953
0.0118538
0.0121705
0.0124421
0.0126657
0.0128388
0.0129596
0.0130264
0.0130386
0.0129957
0.0128981
0.0127464
0.0125421
0.012287
0.0119834
0.0116341
0.011242
0.0108104
0.0103429
0.00984312
0.0093146
0.00876066
0.00818445
0.00759273
0.00699161
0.00633322
0.00557408
0.00520878
0.00422965
0.00343682
0.00276847
0.00215277
0.001591
0.00108511
0.000631791
0.000227795
-0.000129647
-0.000443151
-0.000715188
-0.000948042
-0.0011438
-0.00130433
-0.00143131
-0.00152618
-0.00159018
-0.00162434
-0.00162949
-0.00160628
-0.00155518
-0.00147652
-0.00137049
-0.00123719
-0.00107663
-0.000888764
-0.000673529
-0.000430874
-0.000160786
0.000136676
0.000461349
0.000812937
0.00119098
0.00159481
0.00202355
0.00247607
0.00295099
0.00344661
0.00396096
0.00449177
0.00503643
0.00559204
0.0061554
0.006723
0.0072911
0.00785569
0.00841258
0.00895738
0.00948563
0.00999276
0.0104742
0.0109255
0.0113424
0.0117205
0.012056
0.0123454
0.0125853
0.0127731
0.0129064
0.0129835
0.0130033
0.0129651
0.012869
0.0127156
0.012506
0.0122419
0.0119257
0.0115598
0.0111475
0.0106919
0.0101968
0.00966587
0.00910286
0.0085113
0.00789456
0.00725999
0.00661425
0.00590593
0.00508845
0.00520613
0.00417485
0.00334071
0.00263856
0.00199258
0.00140399
0.000874655
0.000400898
-2.09204e-05
-0.000393924
-0.00072107
-0.00100515
-0.00124875
-0.00145421
-0.00162365
-0.00175894
-0.00186168
-0.00193327
-0.00197483
-0.00198727
-0.00197129
-0.00192739
-0.00185589
-0.00175696
-0.00163065
-0.00147691
-0.00129562
-0.00108662
-0.000849751
-0.00058489
-0.000291973
2.8963e-05
0.00037775
0.000754051
0.00115733
0.00158683
0.00204154
0.00252015
0.00302108
0.00354242
0.00408193
0.00463706
0.00520491
0.00578224
0.00636551
0.00695089
0.00753427
0.0081113
0.00867745
0.00922802
0.00975822
0.0102632
0.0107383
0.0111788
0.0115801
0.0119379
0.0122485
0.0125081
0.0127136
0.0128625
0.0129526
0.0129824
0.0129511
0.0128584
0.0127046
0.0124909
0.0122187
0.0118902
0.011508
0.0110752
0.0105953
0.0100718
0.00950874
0.00891015
0.00827972
0.00762113
0.00694235
0.00625065
0.00549103
0.00461374
0.00512976
0.00404787
0.00317358
0.00243853
0.00176303
0.00114822
0.000595876
0.000101975
-0.000337499
-0.000726013
-0.00106685
-0.00136312
-0.00161767
-0.0018331
-0.00201175
-0.00215568
-0.00226665
-0.00234617
-0.00239547
-0.00241551
-0.00240705
-0.00237058
-0.00230643
-0.00221472
-0.00209546
-0.00194851
-0.00177368
-0.0015707
-0.00133931
-0.00107925
-0.000790343
-0.000472485
-0.000125711
0.000249777
0.000653578
0.00108506
0.00154331
0.00202716
0.0025351
0.0030653
0.00361559
0.00418343
0.00476593
0.00535984
0.00596156
0.00656718
0.00717248
0.00777295
0.00836388
0.00894034
0.0094973
0.0100297
0.0105323
0.0110002
0.0114286
0.0118127
0.0121482
0.0124311
0.0126579
0.0128256
0.0129318
0.0129745
0.0129525
0.0128654
0.0127133
0.0124969
0.0122177
0.0118778
0.0114797
0.0110266
0.0105219
0.0099695
0.00937357
0.00873835
0.00806784
0.00736604
0.00664159
0.00590242
0.00508984
0.00415085
0.00497537
0.00384435
0.00293109
0.00216407
0.00145983
0.000819433
0.000244586
-0.000269093
-0.000725978
-0.00112987
-0.00148437
-0.00179287
-0.00205851
-0.00228411
-0.00247222
-0.00262506
-0.00274456
-0.00283234
-0.00288969
-0.00291765
-0.00291699
-0.00288822
-0.00283162
-0.0027473
-0.00263518
-0.00249507
-0.00232666
-0.00212958
-0.00190345
-0.00164789
-0.00136257
-0.00104725
-0.000701825
-0.000326354
7.89034e-05
0.000513446
0.000976502
0.001467
0.00198354
0.00252438
0.0030874
0.0036701
0.00426961
0.00488266
0.00550561
0.00613444
0.00676481
0.00739207
0.0080113
0.00861735
0.0092049
0.00976854
0.0103028
0.0108024
0.0112619
0.0116763
0.0120409
0.0123512
0.0126032
0.0127935
0.0129191
0.012978
0.0129684
0.0128895
0.0127412
0.0125241
0.0122395
0.0118892
0.011476
0.0110028
0.0104734
0.00989176
0.00926225
0.00858944
0.00787764
0.00713122
0.00635951
0.00557119
0.0047037
0.00370069
0.00473879
0.00356012
0.00260904
0.00181098
0.00107881
0.000413506
-0.000183297
-0.000716332
-0.00119033
-0.0016094
-0.00197747
-0.0022982
-0.00257499
-0.0028109
-0.00300866
-0.00317067
-0.00329897
-0.00339529
-0.00346101
-0.0034972
-0.00350464
-0.00348383
-0.00343505
-0.00335833
-0.00325353
-0.00312036
-0.00295841
-0.00276721
-0.00254623
-0.00229496
-0.00201293
-0.00169974
-0.00135514
-0.000979027
-0.000571516
-0.000132961
0.000336004
0.000834433
0.00136104
0.00191416
0.00249177
0.00309141
0.00371022
0.00434492
0.00499181
0.0056468
0.00630544
0.0069629
0.00761405
0.00825349
0.00887563
0.00947471
0.0100449
0.0105805
0.0110756
0.0115249
0.011923
0.012265
0.0125465
0.0127635
0.0129127
0.0129913
0.0129975
0.0129299
0.0127882
0.0125727
0.0122845
0.0119254
0.011498
0.0110055
0.0104515
0.00984045
0.00917681
0.00846551
0.00771123
0.0069187
0.00609804
0.00525866
0.00433403
0.00326425
0.00441595
0.00319109
0.00220336
0.00137519
0.000615923
-7.35784e-05
-0.000691754
-0.00124368
-0.00173443
-0.00216845
-0.00254994
-0.00288285
-0.00317082
-0.00341713
-0.0036247
-0.00379607
-0.00393343
-0.00403858
-0.00411297
-0.0041577
-0.00417356
-0.00416103
-0.00412035
-0.0040515
-0.00395425
-0.00382821
-0.00367287
-0.00348762
-0.0032718
-0.00302475
-0.00274583
-0.0024345
-0.00209034
-0.00171308
-0.00130267
-0.000859305
-0.000383472
0.000124022
0.000662014
0.00122895
0.00182289
0.00244142
0.00308173
0.00374051
0.00441405
0.00509816
0.00578826
0.00647936
0.00716613
0.0078429
0.00850378
0.00914265
0.00975331
0.0103295
0.0108651
0.011354
0.0117905
0.0121691
0.0124848
0.0127331
0.0129101
0.0130128
0.0130386
0.0129859
0.0128539
0.0126428
0.0123533
0.0119873
0.0115471
0.0110361
0.0104582
0.00981763
0.00911944
0.00836884
0.00757086
0.00673069
0.00585924
0.00496672
0.00398239
0.00284268
0.00400292
0.00273331
0.00171008
0.000852769
6.7239e-05
-0.000645729
-0.00128467
-0.00185499
-0.00236212
-0.0028108
-0.00320552
-0.00355052
-0.00384966
-0.00410643
-0.00432394
-0.00450487
-0.00465152
-0.00476578
-0.00484913
-0.00490273
-0.00492735
-0.00492346
-0.00489122
-0.00483056
-0.00474116
-0.00462253
-0.00447403
-0.00429492
-0.00408437
-0.00384159
-0.00356576
-0.00325617
-0.00291222
-0.00253346
-0.00211966
-0.00167086
-0.00118736
-0.000669831
-0.000119284
0.00046285
0.00107471
0.00171399
0.00237788
0.00306312
0.00376593
0.00448208
0.00520685
0.00593509
0.00666125
0.0073794
0.00808332
0.00876654
0.00942241
0.0100442
0.0106253
0.0111591
0.0116392
0.0120596
0.0124147
0.0126994
0.0129093
0.0130406
0.0130904
0.0130567
0.0129382
0.0127346
0.0124467
0.0120759
0.0116248
0.0110966
0.0104953
0.00982556
0.00909254
0.00830189
0.00745904
0.00656962
0.00564542
0.00469747
0.00365062
0.00243738
0.00349584
0.00218293
0.00112538
0.000239872
-0.000571062
-0.00130675
-0.00196582
-0.00255403
-0.00307712
-0.00354015
-0.0039479
-0.00430485
-0.00461512
-0.0048824
-0.00510996
-0.00530062
-0.00545679
-0.00558042
-0.00567306
-0.00573587
-0.00576961
-0.00577473
-0.00575133
-0.00569925
-0.00561809
-0.00550723
-0.0053659
-0.00519321
-0.0049882
-0.00474987
-0.00447725
-0.00416943
-0.00382562
-0.00344518
-0.0030277
-0.002573
-0.00208122
-0.00155285
-0.000988746
-0.000390204
0.00024104
0.000902759
0.00159222
0.00230618
0.00304084
0.0037919
0.00455453
0.00532343
0.00609282
0.0068565
0.00760792
0.00834021
0.00904629
0.00971896
0.010351
0.0109352
0.0114646
0.0119325
0.0123327
0.0126594
0.0129076
0.0130728
0.0131516
0.0131414
0.0130406
0.0128484
0.0125653
0.0121926
0.0117327
0.0111889
0.0105653
0.00986673
0.00909879
0.00826744
0.00737855
0.00643824
0.00545919
0.00445334
0.00334083
0.00205004
0.00289096
0.00153623
0.000445512
-0.000467219
-0.00130269
-0.00206035
-0.00273891
-0.00334446
-0.00388308
-0.00436013
-0.00478067
-0.00514944
-0.00547078
-0.00574858
-0.00598628
-0.00618683
-0.00635273
-0.00648601
-0.00658826
-0.00666063
-0.0067039
-0.00671845
-0.00670432
-0.00666128
-0.00658881
-0.00648617
-0.00635246
-0.00618661
-0.0059875
-0.00575396
-0.00548482
-0.00517896
-0.0048354
-0.00445328
-0.00403198
-0.00357112
-0.00307064
-0.00253082
-0.00195235
-0.00133637
-0.00068446
1.25462e-06
0.000718125
0.00146294
0.00223192
0.0030207
0.00382437
0.00463744
0.00545394
0.0062674
0.0070709
0.0078572
0.00861873
0.00934776
0.0100365
0.010677
0.0112619
0.0117835
0.012235
0.0126099
0.0129024
0.0131074
0.0132208
0.0132394
0.0131609
0.0129845
0.0127099
0.0123385
0.0118725
0.0113151
0.0106705
0.00994393
0.00914114
0.00826855
0.00733251
0.00633961
0.00530352
0.0042371
0.0030555
0.00168273
0.00218466
0.000789571
-0.000333128
-0.00127211
-0.00213126
-0.00291012
-0.00360751
-0.00422986
-0.00478357
-0.00527429
-0.00570736
-0.00608779
-0.00642012
-0.00670844
-0.00695635
-0.00716693
-0.00734277
-0.00748597
-0.00759815
-0.00768048
-0.00773369
-0.00775813
-0.00775377
-0.00772028
-0.00765704
-0.00756316
-0.0074376
-0.00727913
-0.00708643
-0.00685815
-0.00659291
-0.00628939
-0.00594636
-0.00556276
-0.00513771
-0.00467063
-0.00416122
-0.00360955
-0.00301611
-0.00238185
-0.00170818
-0.000997104
-0.000251151
0.00052653
0.00133218
0.00216141
0.00300921
0.00386997
0.0047375
0.00560504
0.00646535
0.00731074
0.00813318
0.00892438
0.00967589
0.0103792
0.011026
0.011608
0.0121176
0.0125474
0.0128909
0.0131421
0.0132963
0.0133495
0.013299
0.0131432
0.0128816
0.0125153
0.0120462
0.0114776
0.0108139
0.0100603
0.00922291
0.00830871
0.00732443
0.00627723
0.00518179
0.00405196
0.00279757
0.00133797
0.00137341
-6.05407e-05
-0.00121404
-0.00217831
-0.00306027
-0.00385956
-0.00457513
-0.00521372
-0.00578205
-0.00628607
-0.00673141
-0.0071233
-0.00746652
-0.00776534
-0.00802352
-0.00824426
-0.00843025
-0.00858364
-0.00870608
-0.00879875
-0.00886234
-0.00889717
-0.00890312
-0.00887976
-0.00882634
-0.00874186
-0.00862509
-0.00847464
-0.00828901
-0.00806661
-0.00780586
-0.0075052
-0.00716318
-0.00677847
-0.00634997
-0.00587682
-0.00535848
-0.00479478
-0.00418599
-0.00353282
-0.00283653
-0.00209891
-0.00132239
-0.000510009
0.000334518
0.0012068
0.00210177
0.00301368
0.00393613
0.00486212
0.00578404
0.00669379
0.00758282
0.00844226
0.009263
0.0100358
0.0107516
0.0114012
0.0119762
0.0124682
0.01287
0.0131746
0.0133765
0.0134709
0.0134545
0.0133249
0.0130814
0.0127246
0.0122561
0.0116793
0.0109985
0.0102192
0.00934783
0.00839178
0.00735829
0.00625507
0.0050979
0.00390165
0.00257048
0.00101881
0.000453835
-0.0010175
-0.00220062
-0.00318921
-0.00409309
-0.00491206
-0.00564514
-0.0062994
-0.00688189
-0.00739884
-0.00785615
-0.00825929
-0.00861327
-0.00892255
-0.00919103
-0.00942204
-0.00961836
-0.00978219
-0.00991523
-0.0100186
-0.0100931
-0.0101388
-0.0101556
-0.010143
-0.0101001
-0.0100257
-0.0099185
-0.00977683
-0.00959902
-0.00938328
-0.00912777
-0.00883069
-0.00849034
-0.00810512
-0.00767365
-0.0071948
-0.00666777
-0.0060921
-0.00546781
-0.00479536
-0.00407579
-0.0033107
-0.00250233
-0.00165362
-0.000768178
0.000149616
0.00109466
0.0020611
0.00304236
0.00403117
0.00501959
0.00599908
0.00696057
0.00789457
0.0087913
0.00964076
0.0104329
0.0111579
0.0118062
0.0123685
0.0128364
0.0132024
0.0134596
0.0136025
0.013627
0.0135302
0.0133105
0.0129681
0.0125046
0.0119231
0.0112278
0.0104245
0.00952007
0.00852216
0.00743859
0.00627766
0.00505629
0.00379046
0.00237828
0.00072887
-0.000577342
-0.00208456
-0.00329613
-0.00430807
-0.00523303
-0.0060709
-0.00682083
-0.00749019
-0.00808635
-0.00861584
-0.00908479
-0.00949896
-0.00986355
-0.0101832
-0.010462
-0.0107033
-0.0109101
-0.0110847
-0.0112286
-0.0113431
-0.0114289
-0.011486
-0.0115143
-0.0115132
-0.0114815
-0.011418
-0.0113211
-0.0111891
-0.01102
-0.0108118
-0.0105625
-0.0102699
-0.00993203
-0.00954709
-0.00911337
-0.00862944
-0.00809418
-0.00750686
-0.00686717
-0.00617533
-0.00543209
-0.00463883
-0.00379759
-0.00291113
-0.00198295
-0.00101737
-1.94944e-05
0.00100475
0.00204862
0.00310461
0.00416444
0.00521915
0.00625913
0.00727427
0.00825405
0.00918766
0.0100642
0.0108728
0.0116028
0.012244
0.0127869
0.0132227
0.0135437
0.0137433
0.0138165
0.0137594
0.0135701
0.0132481
0.0127945
0.0122122
0.0115057
0.0106807
0.0097443
0.00870478
0.00757041
0.00635012
0.00506206
0.00372336
0.00222564
0.000472455
-0.00172324
-0.00326487
-0.00450372
-0.00553807
-0.00648325
-0.00733926
-0.00810537
-0.00878926
-0.0093986
-0.00994019
-0.0104205
-0.0108454
-0.0112204
-0.0115503
-0.0118393
-0.0120911
-0.0123085
-0.0124938
-0.012649
-0.012775
-0.0128725
-0.0129416
-0.012982
-0.012993
-0.0129733
-0.0129215
-0.0128359
-0.0127145
-0.0125552
-0.0123556
-0.0121134
-0.0118263
-0.0114921
-0.0111084
-0.0106734
-0.0101852
-0.00964245
-0.00904404
-0.00838935
-0.00767826
-0.00691125
-0.0060894
-0.00521452
-0.00428916
-0.00331666
-0.00230123
-0.00124795
-0.000162794
0.00094739
0.00207486
0.00321101
0.00434647
0.0054711
0.00657415
0.00764432
0.00866997
0.00963921
0.0105401
0.011361
0.0120904
0.0127177
0.0132328
0.0136268
0.0138921
0.0140225
0.0140134
0.0138618
0.0135667
0.0131287
0.0125506
0.0118365
0.0109924
0.0100258
0.00894518
0.0077595
0.0064783
0.00512101
0.00370602
0.00211804
0.000254626
-0.00298684
-0.00456141
-0.00582641
-0.00688225
-0.00784681
-0.00872023
-0.00950186
-0.0101997
-0.0108217
-0.0113749
-0.0118661
-0.0123015
-0.0126866
-0.0130266
-0.0133258
-0.0135879
-0.0138159
-0.0140123
-0.0141788
-0.0143166
-0.0144263
-0.0145079
-0.0145611
-0.0145848
-0.014578
-0.0145388
-0.0144655
-0.0143557
-0.0142072
-0.0140174
-0.0137836
-0.0135033
-0.0131738
-0.0127926
-0.0123574
-0.0118661
-0.0113168
-0.0107082
-0.0100391
-0.00930926
-0.00851865
-0.00766809
-0.0067591
-0.00579397
-0.00477584
-0.00370877
-0.00259775
-0.00144876
-0.000268726
0.000934404
0.00215175
0.00337351
0.00458904
0.00578691
0.00695507
0.00808096
0.00915169
0.0101542
0.0110757
0.0119033
0.0126251
0.0132297
0.0137069
0.0140478
0.014245
0.0142927
0.0141872
0.0139265
0.0135107
0.0129422
0.012225
0.0113652
0.0103704
0.00924961
0.00801234
0.00666879
0.00523977
0.00374499
0.00206176
8.12948e-05
-0.00437094
-0.00597707
-0.00726711
-0.00834354
-0.00932669
-0.0102168
-0.0110133
-0.0117244
-0.0123585
-0.0129229
-0.0134246
-0.01387
-0.014265
-0.0146148
-0.0149239
-0.0151963
-0.0154349
-0.0156424
-0.0158205
-0.0159703
-0.0160925
-0.0161871
-0.0162535
-0.0162908
-0.0162975
-0.0162719
-0.0162118
-0.0161148
-0.0159783
-0.0157995
-0.0155755
-0.0153033
-0.0149799
-0.0146027
-0.0141687
-0.0136755
-0.013121
-0.0125032
-0.0118207
-0.0110728
-0.0102591
-0.00938005
-0.0084368
-0.00743135
-0.00636659
-0.00524637
-0.00407554
-0.00286003
-0.00160683
-0.000324006
0.000979287
0.00229286
0.00360555
0.00490529
0.00617923
0.00741387
0.00859526
0.0097092
0.0107414
0.011678
0.0125052
0.0132104
0.0137819
0.0142093
0.0144837
0.0145983
0.0145481
0.0143303
0.0139443
0.0133918
0.0126767
0.011805
0.0107847
0.00962506
0.00833622
0.00692906
0.00542586
0.00384771
0.00206403
-4.06804e-05
-0.00587821
-0.00751454
-0.0088286
-0.00992478
-0.0109257
-0.0118318
-0.0126425
-0.0133663
-0.014012
-0.014587
-0.0150987
-0.0155536
-0.015958
-0.0163173
-0.0166361
-0.0169184
-0.0171675
-0.017386
-0.0175757
-0.0177377
-0.0178727
-0.0179806
-0.0180608
-0.0181122
-0.0181333
-0.0181221
-0.0180763
-0.0179932
-0.01787
-0.0177036
-0.0174907
-0.0172281
-0.0169126
-0.0165407
-0.0161096
-0.0156161
-0.0150578
-0.0144322
-0.0137376
-0.0129727
-0.0121367
-0.0112297
-0.0102524
-0.00920642
-0.00809436
-0.00691981
-0.00568743
-0.00440302
-0.00307357
-0.00170725
-0.000313413
0.00109739
0.0025135
0.00392219
0.00530984
0.00666198
0.00796355
0.0091991
0.010353
0.0114097
0.0123542
0.0131719
0.0138497
0.0143754
0.0147387
0.0149312
0.0149468
0.0147813
0.0144335
0.0139044
0.0131975
0.0123187
0.011276
0.0100794
0.00873936
0.00726755
0.00568779
0.00402265
0.00213315
-0.000103387
-0.00751113
-0.00917643
-0.0105136
-0.0116287
-0.0126467
-0.013568
-0.0143923
-0.0151282
-0.0157848
-0.0163698
-0.0168909
-0.0173548
-0.0177681
-0.0181363
-0.0184643
-0.0187562
-0.0190155
-0.0192448
-0.019446
-0.0196202
-0.0197682
-0.0198897
-0.0199841
-0.0200502
-0.0200863
-0.0200904
-0.0200598
-0.0199918
-0.0198831
-0.0197305
-0.0195303
-0.019279
-0.0189728
-0.0186082
-0.0181816
-0.0176896
-0.0171292
-0.0164976
-0.0157924
-0.0150118
-0.0141548
-0.0132207
-0.0122098
-0.0111235
-0.00996383
-0.00873414
-0.0074388
-0.00608345
-0.00467499
-0.00322162
-0.00173288
-0.000219606
0.00130607
0.00283081
0.00434018
0.00581875
0.00725032
0.00861812
0.00990504
0.011094
0.0121681
0.0131112
0.0139082
0.0145452
0.01501
0.0152927
0.0153855
0.0152831
0.0149831
0.0144857
0.013794
0.0129136
0.0118526
0.0106214
0.00923099
0.00769377
0.0060352
0.00427945
0.00227855
-9.77436e-05
-0.009272
-0.0109652
-0.0123245
-0.0134579
-0.0144924
-0.0154283
-0.0162654
-0.0170128
-0.0176795
-0.0182739
-0.0188036
-0.0192759
-0.0196973
-0.0200738
-0.0204103
-0.0207113
-0.0209803
-0.02122
-0.0214323
-0.0216186
-0.0217794
-0.0219147
-0.0220235
-0.0221048
-0.0221566
-0.0221767
-0.0221624
-0.0221105
-0.0220177
-0.0218802
-0.0216943
-0.0214559
-0.021161
-0.0208054
-0.0203853
-0.0198968
-0.0193363
-0.0187005
-0.0179865
-0.017192
-0.0163153
-0.0153554
-0.014312
-0.0131858
-0.0119787
-0.0106934
-0.00933413
-0.00790617
-0.00641629
-0.00487267
-0.00328494
-0.00166418
-2.29451e-05
0.00162484
0.00326396
0.00487801
0.00644961
0.00796064
0.00939244
0.0107262
0.0119432
0.0130254
0.0139555
0.0147178
0.015298
0.0156843
0.0158672
0.0158398
0.0155984
0.0151422
0.0144737
0.0135982
0.0125237
0.011261
0.00982145
0.00821839
0.00647895
0.00462898
0.00251097
-1.33713e-05
-0.011163
-0.0128831
-0.014264
-0.015415
-0.0164653
-0.0174152
-0.0182645
-0.0190226
-0.0196988
-0.0203017
-0.0208392
-0.0213189
-0.0217476
-0.0221314
-0.0224757
-0.0227849
-0.0230628
-0.0233123
-0.0235353
-0.0237332
-0.0239067
-0.0240555
-0.024179
-0.0242756
-0.0243436
-0.0243804
-0.0243831
-0.0243484
-0.0242726
-0.0241518
-0.0239817
-0.023758
-0.0234762
-0.0231317
-0.0227202
-0.0222373
-0.0216788
-0.0210409
-0.0203203
-0.0195138
-0.0186193
-0.0176351
-0.0165605
-0.0153955
-0.0141414
-0.0128006
-0.0113767
-0.00987493
-0.00830165
-0.00666495
-0.00497449
-0.00324154
-0.001479
0.000298667
0.00207548
0.00383409
0.00555592
0.00722144
0.00881039
0.0103021
0.011676
0.0129118
0.01399
0.0148926
0.0156033
0.0161079
0.0163949
0.0164557
0.0162851
0.015881
0.0152449
0.0143818
0.0132995
0.012009
0.0105223
0.0088534
0.00703126
0.00508353
0.00284256
0.000161542
-0.0131861
-0.0149325
-0.0163344
-0.0175026
-0.0185682
-0.0195315
-0.0203923
-0.0211604
-0.0218452
-0.0224556
-0.0229998
-0.0234858
-0.0239207
-0.0243107
-0.0246616
-0.0249779
-0.0252637
-0.0255219
-0.0257548
-0.0259637
-0.0261493
-0.0263114
-0.0264492
-0.0265613
-0.0266457
-0.0266997
-0.0267201
-0.0267036
-0.026646
-0.0265431
-0.0263904
-0.0261831
-0.0259163
-0.025585
-0.0251843
-0.0247093
-0.0241552
-0.0235176
-0.0227926
-0.0219765
-0.0210663
-0.0200598
-0.0189555
-0.017753
-0.0164529
-0.0150571
-0.0135686
-0.0119921
-0.0103339
-0.00860178
-0.00680528
-0.00495581
-0.00306653
-0.0011524
0.000769905
0.00268209
0.00456441
0.00639589
0.00815459
0.00981798
0.0113633
0.012768
0.0140102
0.0150695
0.0159268
0.0165657
0.0169724
0.0171361
0.0170497
0.0167098
0.0161168
0.0152747
0.0141914
0.0128778
0.0113465
0.00961223
0.00770586
0.00565695
0.00328706
0.000440393
-0.0153431
-0.0171155
-0.018538
-0.0197232
-0.0208036
-0.0217798
-0.0226515
-0.0234286
-0.0241211
-0.0247378
-0.0252876
-0.0257785
-0.0262181
-0.0266129
-0.0269688
-0.0272908
-0.0275831
-0.0278488
-0.0280903
-0.0283091
-0.0285059
-0.0286806
-0.0288324
-0.0289597
-0.0290605
-0.0291319
-0.0291706
-0.029173
-0.0291346
-0.029051
-0.0289171
-0.028728
-0.0284781
-0.028162
-0.0277743
-0.0273095
-0.0267623
-0.0261276
-0.0254008
-0.0245775
-0.0236541
-0.0226275
-0.0214957
-0.0202575
-0.0189128
-0.0174628
-0.01591
-0.0142587
-0.0125145
-0.010685
-0.00877962
-0.00680974
-0.0047887
-0.00273186
-0.000656531
0.0014181
0.00347112
0.00548012
0.00742145
0.00927058
0.0110025
0.0125923
0.0140154
0.0152485
0.0162701
0.0170607
0.0176039
0.0178867
0.0178997
0.0176376
0.0170995
0.0162885
0.015212
0.0138811
0.0123085
0.0105099
0.00851814
0.00636479
0.00385993
0.000838334
-0.017636
-0.0194343
-0.0208774
-0.0220793
-0.0231743
-0.0241629
-0.0250448
-0.0258301
-0.0265289
-0.0271508
-0.0277045
-0.0281987
-0.0286411
-0.0290387
-0.0293978
-0.0297236
-0.0300205
-0.0302919
-0.0305404
-0.0307677
-0.0309744
-0.0311607
-0.0313256
-0.0314676
-0.0315845
-0.0316733
-0.0317306
-0.0317523
-0.031734
-0.0316707
-0.0315571
-0.0313876
-0.0311565
-0.0308578
-0.0304854
-0.0300333
-0.0294955
-0.0288664
-0.0281404
-0.0273127
-0.0263787
-0.0253347
-0.0241778
-0.022906
-0.0215185
-0.0200157
-0.0183995
-0.0166735
-0.0148428
-0.0129147
-0.0108981
-0.00880446
-0.00664712
-0.00444175
-0.00220622
3.9458e-05
0.00227326
0.00447134
0.00660831
0.00865759
0.0105918
0.0123834
0.0140051
0.0154306
0.0166351
0.0175963
0.0182946
0.0187142
0.0188432
0.0186742
0.0182044
0.017436
0.0163756
0.015034
0.0134245
0.0115633
0.00948535
0.00722449
0.00457859
0.00137245
-0.0200662
-0.021891
-0.023355
-0.0245737
-0.0256832
-0.0266837
-0.027575
-0.0283674
-0.0290714
-0.0296966
-0.0302524
-0.0307477
-0.0311908
-0.0315889
-0.0319487
-0.0322758
-0.032575
-0.0328499
-0.0331033
-0.033337
-0.033552
-0.0337482
-0.033925
-0.0340807
-0.034213
-0.0343188
-0.0343946
-0.034436
-0.0344383
-0.0343962
-0.034304
-0.0341558
-0.0339453
-0.0336659
-0.033311
-0.032874
-0.0323483
-0.0317275
-0.0310053
-0.030176
-0.0292344
-0.0281758
-0.0269964
-0.0256935
-0.0242654
-0.0227117
-0.0210335
-0.0192335
-0.0173165
-0.0152888
-0.0131594
-0.0109392
-0.00864156
-0.00628235
-0.0038799
-0.00145493
0.000969462
0.00336805
0.00571371
0.00797775
0.0101304
0.0121413
0.0139802
0.0156174
0.0170249
0.0181768
0.0190502
0.019626
0.0198894
0.0198305
0.0194444
0.0187315
0.0176978
0.0163536
0.0147123
0.012791
0.0106268
0.0082556
0.00546257
0.00206198
-0.0226357
-0.0244878
-0.0259735
-0.0272093
-0.0283332
-0.0293453
-0.0302453
-0.0310436
-0.0317511
-0.0323777
-0.0329333
-0.0334272
-0.033868
-0.0342637
-0.0346213
-0.0349467
-0.0352452
-0.0355206
-0.0357761
-0.0360138
-0.0362346
-0.0364389
-0.0366257
-0.0367937
-0.0369403
-0.0370624
-0.0371562
-0.0372172
-0.0372404
-0.0372201
-0.0371503
-0.0370246
-0.0368361
-0.0365779
-0.0362428
-0.0358233
-0.0353123
-0.0347025
-0.0339871
-0.0331593
-0.032213
-0.0311429
-0.0299441
-0.0286129
-0.0271468
-0.0255444
-0.0238059
-0.0219334
-0.0199305
-0.0178033
-0.0155599
-0.0132109
-0.0107696
-0.00825188
-0.00567632
-0.00306431
-0.00043989
0.00217038
0.00473767
0.00723118
0.00961863
0.0118668
0.0139421
0.0158115
0.0174432
0.0188074
0.0198776
0.0206308
0.0210489
0.0211189
0.0208334
0.0201909
0.019196
0.0178586
0.0161921
0.0142141
0.0119639
0.00948
0.00653376
0.00292851
-0.025346
-0.0272271
-0.0287357
-0.0299893
-0.0311279
-0.0321512
-0.0330589
-0.0338618
-0.0345708
-0.0351965
-0.035749
-0.0362383
-0.0366736
-0.0370633
-0.0374148
-0.0377349
-0.0380288
-0.0383012
-0.0385554
-0.0387938
-0.0390176
-0.0392271
-0.0394217
-0.0395999
-0.0397592
-0.0398963
-0.0400073
-0.0400874
-0.0401313
-0.0401332
-0.0400864
-0.0399842
-0.0398193
-0.039584
-0.0392705
-0.0388709
-0.0383771
-0.0377812
-0.0370753
-0.0362521
-0.0353045
-0.034226
-0.0330109
-0.0316546
-0.0301533
-0.0285049
-0.0267085
-0.0247651
-0.0226776
-0.0204512
-0.0180933
-0.0156141
-0.0130265
-0.0103462
-0.00759196
-0.00478573
-0.00195234
0.000880415
0.00368204
0.00641966
0.00905844
0.0115622
0.0138939
0.0160168
0.017895
0.0194947
0.0207849
0.0217385
0.0223335
0.0225532
0.0223872
0.0218318
0.0208898
0.0195701
0.0178861
0.0158558
0.0135208
0.0109221
0.00781667
0.00399627
-0.0281991
-0.0301117
-0.0316448
-0.0329172
-0.0340708
-0.0351051
-0.0360197
-0.0368254
-0.0375336
-0.0381554
-0.0387015
-0.0391824
-0.039608
-0.0399872
-0.0403283
-0.0406383
-0.0409233
-0.0411882
-0.0414369
-0.0416719
-0.0418949
-0.0421064
-0.0423058
-0.0424915
-0.0426612
-0.0428116
-0.0429384
-0.0430367
-0.0431009
-0.0431247
-0.0431014
-0.0430234
-0.042883
-0.0426721
-0.0423821
-0.0420044
-0.0415302
-0.0409508
-0.0402575
-0.0394419
-0.0384961
-0.0374125
-0.0361846
-0.0348063
-0.0332732
-0.0315816
-0.0297299
-0.0277179
-0.0255475
-0.0232229
-0.0207507
-0.0181405
-0.0154045
-0.0125583
-0.00962065
-0.00661371
-0.00356303
-0.000497508
0.0025508
0.00554698
0.00845364
0.0112315
0.0138401
0.0162387
0.0183869
0.0202464
0.0217815
0.0229603
0.0237563
0.0241487
0.0241235
0.0236739
0.0228006
0.0215115
0.0198192
0.0177421
0.0153243
0.0126093
0.00933873
0.00529238
-0.0311971
-0.0331446
-0.0347045
-0.0359972
-0.0371665
-0.0382115
-0.0391318
-0.0399383
-0.040643
-0.0412574
-0.041793
-0.0422608
-0.0426715
-0.043035
-0.04336
-0.0436545
-0.043925
-0.0441771
-0.0444151
-0.044642
-0.0448596
-0.0450689
-0.0452693
-0.0454593
-0.0456367
-0.0457978
-0.0459385
-0.0460535
-0.046137
-0.0461824
-0.0461823
-0.0461289
-0.0460138
-0.0458284
-0.0455634
-0.0452095
-0.0447572
-0.0441968
-0.0435187
-0.0427138
-0.0417729
-0.0406876
-0.0394501
-0.0380534
-0.0364916
-0.0347603
-0.0328562
-0.0307782
-0.028527
-0.0261058
-0.0235202
-0.0207787
-0.0178932
-0.0148785
-0.0117534
-0.00853994
-0.00526436
-0.00195642
0.0013504
0.00461923
0.00781018
0.0108809
0.0137872
0.0164842
0.018927
0.021072
0.0228785
0.0243093
0.0253326
0.0259228
0.0260618
0.025739
0.0249526
0.0237086
0.0220189
0.019902
0.0174044
0.014572
0.0111305
0.00684716
-0.0343425
-0.0363294
-0.0379193
-0.0392341
-0.0404199
-0.0414755
-0.0424
-0.043205
-0.0439028
-0.0445056
-0.0450255
-0.0454746
-0.0458645
-0.0462057
-0.0465082
-0.0467804
-0.0470299
-0.0472627
-0.0474838
-0.0476967
-0.0479036
-0.0481056
-0.0483024
-0.0484927
-0.0486741
-0.048843
-0.0489951
-0.0491248
-0.0492261
-0.0492919
-0.0493145
-0.0492856
-0.0491963
-0.0490372
-0.0487984
-0.0484699
-0.0480413
-0.0475021
-0.0468419
-0.0460504
-0.0451175
-0.0440337
-0.04279
-0.0413783
-0.0397914
-0.0380235
-0.0360704
-0.0339293
-0.0316
-0.0290841
-0.0263864
-0.0235143
-0.0204786
-0.0172937
-0.0139778
-0.010553
-0.00704569
-0.00348642
9.01074e-05
0.0036452
0.00713655
0.0105187
0.0137439
0.0167626
0.0195253
0.0219829
0.0240889
0.0258002
0.0270793
0.027895
0.0282239
0.0280516
0.0273725
0.0261904
0.0245161
0.0223678
0.0197942
0.0168442
0.0132263
0.00869451
-0.0376384
-0.0396705
-0.0412944
-0.0426337
-0.0438371
-0.0449029
-0.0458302
-0.0466307
-0.0473175
-0.0479034
-0.0484016
-0.0488253
-0.0491869
-0.0494983
-0.0497702
-0.0500123
-0.0502329
-0.0504388
-0.0506357
-0.0508277
-0.0510173
-0.051206
-0.0513939
-0.0515796
-0.0517607
-0.0519337
-0.0520939
-0.0522357
-0.0523527
-0.0524374
-0.0524818
-0.0524768
-0.0524131
-0.0522807
-0.0520689
-0.051767
-0.0513637
-0.0508477
-0.0502077
-0.0494322
-0.0485101
-0.0474309
-0.0461843
-0.0447609
-0.0431523
-0.0413514
-0.0393525
-0.0371516
-0.0347469
-0.0321389
-0.0293309
-0.0263292
-0.0231436
-0.0197874
-0.0162783
-0.012638
-0.00889305
-0.00507435
-0.00121768
0.00263666
0.00644406
0.0101561
0.0137212
0.0170856
0.0201943
0.0229926
0.0254278
0.0274502
0.0290158
0.0300869
0.0306345
0.0306386
0.0300899
0.0289891
0.0273449
0.0251753
0.0225312
0.019464
0.0156643
0.0108723
-0.0410886
-0.0431732
-0.0448361
-0.0462029
-0.0474253
-0.0485011
-0.0494291
-0.0502216
-0.0508922
-0.051455
-0.0519242
-0.0523142
-0.0526388
-0.0529111
-0.0531432
-0.0533458
-0.0535282
-0.0536983
-0.0538624
-0.0540253
-0.0541901
-0.0543586
-0.0545311
-0.0547063
-0.0548821
-0.0550546
-0.0552192
-0.0553699
-0.0554999
-0.0556015
-0.0556659
-0.0556839
-0.0556453
-0.0555394
-0.0553551
-0.0550805
-0.0547038
-0.0542126
-0.0535945
-0.0528373
-0.0519286
-0.0508567
-0.0496102
-0.0481783
-0.0465514
-0.0447209
-0.0426796
-0.0404222
-0.0379452
-0.0352479
-0.0323319
-0.0292022
-0.0258673
-0.0223395
-0.0186356
-0.0147767
-0.0107889
-0.00670357
-0.00255715
0.00160867
0.00574722
0.0098072
0.0137334
0.0174673
0.0209489
0.0241172
0.0269127
0.0292788
0.0311639
0.0325232
0.0333206
0.0335304
0.0331379
0.0321402
0.0305435
0.0283647
0.0256566
0.0224736
0.018487
0.0134227
-0.044698
-0.0468442
-0.0485523
-0.0499502
-0.0511932
-0.0522785
-0.0532047
-0.0539847
-0.0546331
-0.055165
-0.0555963
-0.0559428
-0.05622
-0.0564424
-0.0566236
-0.0567756
-0.0569091
-0.0570329
-0.0571542
-0.0572786
-0.0574098
-0.05755
-0.0576997
-0.0578579
-0.0580223
-0.0581892
-0.0583535
-0.0585092
-0.058649
-0.0587647
-0.0588472
-0.0588865
-0.058872
-0.0587922
-0.0586351
-0.0583883
-0.0580388
-0.0575735
-0.056979
-0.0562418
-0.0553487
-0.0542866
-0.0530429
-0.0516055
-0.0499633
-0.0481064
-0.046026
-0.0437153
-0.0411693
-0.0383854
-0.035364
-0.0321083
-0.0286255
-0.0249264
-0.0210267
-0.0169467
-0.012712
-0.00835373
-0.00390886
0.000579861
0.00506394
0.00948942
0.0137975
0.0179252
0.021807
0.0253755
0.028564
0.0313082
0.0335482
0.035231
0.0363129
0.0367606
0.0365534
0.0356837
0.0341543
0.0319805
0.0292169
0.0259204
0.0217421
0.0163931
-0.0484726
-0.0506917
-0.0524527
-0.0538859
-0.0551514
-0.0562455
-0.0571667
-0.0579286
-0.0585472
-0.0590391
-0.0594218
-0.0597131
-0.0599303
-0.0600899
-0.0602072
-0.0602958
-0.0603677
-0.0604332
-0.0605003
-0.0605754
-0.060663
-0.0607656
-0.0608841
-0.0610177
-0.0611639
-0.0613191
-0.0614779
-0.0616339
-0.0617796
-0.0619063
-0.0620042
-0.0620628
-0.0620708
-0.062016
-0.0618857
-0.0616664
-0.0613445
-0.0609057
-0.0603357
-0.0596201
-0.0587442
-0.0576939
-0.0564552
-0.0550148
-0.0533602
-0.0514797
-0.0493634
-0.0470025
-0.0443905
-0.0415231
-0.0383989
-0.0350195
-0.0313903
-0.0275208
-0.0234251
-0.0191223
-0.0146373
-0.0100007
-0.00524958
-0.000427416
0.00441579
0.00922373
0.0139342
0.0184799
0.0227895
0.0267894
0.030405
0.0335636
0.0361964
0.0382413
0.0396452
0.0403665
0.0403773
0.0396638
0.0382247
0.0360727
0.0332637
0.0298573
0.0254828
0.0198359
-0.0524205
-0.0547262
-0.0565491
-0.0580229
-0.0593128
-0.0604146
-0.0613267
-0.0620636
-0.0626431
-0.0630835
-0.0634048
-0.0636268
-0.0637693
-0.063851
-0.0638892
-0.0638994
-0.0638954
-0.0638885
-0.0638883
-0.0639019
-0.0639345
-0.0639891
-0.064067
-0.0641673
-0.0642878
-0.0644244
-0.0645718
-0.064723
-0.0648702
-0.065004
-0.0651142
-0.0651895
-0.065218
-0.0651866
-0.0650819
-0.0648895
-0.0645949
-0.0641828
-0.0636379
-0.0629445
-0.062087
-0.06105
-0.0598181
-0.0583768
-0.056712
-0.0548106
-0.0526609
-0.0502527
-0.0475775
-0.0446295
-0.0414052
-0.0379044
-0.0341308
-0.030092
-0.0258005
-0.0212739
-0.016536
-0.0116165
-0.00655225
-0.001387
0.00382813
0.0090348
0.0141677
0.0191554
0.0239211
0.0283842
0.0324623
0.0360738
0.0391399
0.0415882
0.0433553
0.04439
0.0446552
0.0441299
0.0428074
0.0406968
0.0378549
0.0343435
0.0297687
0.0238101
-0.0565516
-0.0589607
-0.0608565
-0.0623768
-0.0636933
-0.064801
-0.0656985
-0.0664019
-0.0669307
-0.067306
-0.0675502
-0.0676863
-0.0677367
-0.0677227
-0.067664
-0.0675786
-0.0674819
-0.067387
-0.0673045
-0.0672428
-0.0672077
-0.0672027
-0.0672293
-0.067287
-0.0673732
-0.0674839
-0.0676131
-0.0677539
-0.0678974
-0.0680341
-0.0681529
-0.0682419
-0.0682883
-0.0682784
-0.0681977
-0.0680311
-0.067763
-0.0673772
-0.0668572
-0.0661864
-0.0653479
-0.064325
-0.0631012
-0.0616604
-0.0599872
-0.0580668
-0.055886
-0.0534328
-0.0506971
-0.0476709
-0.0443489
-0.0407291
-0.036813
-0.0326063
-0.0281195
-0.0233687
-0.0183758
-0.0131696
-0.00778611
-0.00226897
0.00333006
0.00895106
0.0145261
0.0199796
0.0252295
0.0301886
0.0347661
0.0388708
0.0424134
0.0453099
0.0474855
0.0488772
0.0494377
0.049137
0.0479613
0.0459151
0.0430552
0.0394451
0.0346663
0.0283815
-0.0608791
-0.0634116
-0.0653934
-0.0669669
-0.068312
-0.0694231
-0.0702991
-0.0709578
-0.0714218
-0.0717152
-0.0718638
-0.0718939
-0.0718315
-0.071701
-0.0715252
-0.0713242
-0.0711158
-0.0709149
-0.0707336
-0.0705811
-0.0704641
-0.0703868
-0.0703506
-0.0703553
-0.0703981
-0.0704746
-0.0705786
-0.0707025
-0.070837
-0.0709718
-0.0710951
-0.0711943
-0.0712557
-0.0712647
-0.071206
-0.0710636
-0.0708207
-0.0704602
-0.0699646
-0.069316
-0.0684965
-0.0674881
-0.0662728
-0.0648334
-0.0631528
-0.0612148
-0.0590045
-0.0565082
-0.0537138
-0.0506115
-0.0471941
-0.0434573
-0.0394005
-0.0350273
-0.030346
-0.0253706
-0.0201212
-0.0146251
-0.00891695
-0.00303985
0.00295432
0.00900457
0.0150407
0.0209838
0.0267466
0.032235
0.0373502
0.0419907
0.0460558
0.049449
0.0520823
0.0538796
0.0547813
0.0547464
0.0537523
0.0517973
0.0489372
0.0452367
0.0402506
0.0336239
-0.0654194
-0.0680997
-0.0701829
-0.0718172
-0.0731927
-0.0743032
-0.0751484
-0.0757488
-0.0761304
-0.0763214
-0.0763518
-0.0762523
-0.0760528
-0.0757817
-0.0754649
-0.0751257
-0.0747841
-0.0744571
-0.0741583
-0.073898
-0.0736838
-0.07352
-0.0734087
-0.0733492
-0.0733387
-0.0733723
-0.0734435
-0.0735438
-0.0736635
-0.0737913
-0.0739147
-0.0740203
-0.0740933
-0.0741184
-0.0740793
-0.0739588
-0.0737394
-0.0734028
-0.0729303
-0.0723031
-0.0715019
-0.0705075
-0.0693007
-0.0678627
-0.0661751
-0.0642203
-0.0619814
-0.059443
-0.0565914
-0.0534146
-0.0499033
-0.0460512
-0.0418552
-0.0373166
-0.0324414
-0.0272413
-0.0217342
-0.0159453
-0.00990756
-0.00366304
0.00273688
0.00923075
0.0157468
0.0222029
0.0285073
0.0345595
0.040252
0.0454732
0.05011
0.0540524
0.0571974
0.0594543
0.0607487
0.0610266
0.0602541
0.0584217
0.0555827
0.0518021
0.0466058
0.03962
-0.0701938
-0.073051
-0.0752536
-0.0769572
-0.0783643
-0.0794686
-0.0802708
-0.0807954
-0.0810728
-0.0811365
-0.0810216
-0.0807643
-0.0803992
-0.0799592
-0.0794743
-0.078971
-0.078472
-0.0779965
-0.0775596
-0.0771729
-0.0768446
-0.0765795
-0.0763796
-0.0762441
-0.0761699
-0.0761517
-0.076182
-0.0762518
-0.0763505
-0.076466
-0.0765848
-0.0766926
-0.0767738
-0.0768118
-0.0767894
-0.0766885
-0.0764903
-0.0761756
-0.0757247
-0.0751173
-0.0743331
-0.0733517
-0.0721525
-0.0707154
-0.0690205
-0.0670486
-0.0647812
-0.0622013
-0.059293
-0.0560425
-0.0524384
-0.0484719
-0.0441377
-0.0394346
-0.034366
-0.0289409
-0.0231748
-0.0170903
-0.0107185
-0.00409943
0.00271643
0.00966788
0.0166822
0.0236749
0.0305502
0.0372013
0.0435127
0.0493619
0.0546232
0.0591716
0.062888
0.0656644
0.0674096
0.0680538
0.0675494
0.0658764
0.0630838
0.0592359
0.0538268
0.0464631
-0.0752294
-0.0782983
-0.0806416
-0.0824236
-0.0838624
-0.084952
-0.0856954
-0.0861219
-0.0862681
-0.0861739
-0.0858812
-0.0854324
-0.0848683
-0.0842269
-0.0835427
-0.082846
-0.0821625
-0.0815137
-0.0809163
-0.080383
-0.0799226
-0.0795402
-0.0792378
-0.0790141
-0.0788655
-0.0787859
-0.0787673
-0.0787995
-0.078871
-0.0789688
-0.0790783
-0.0791842
-0.0792696
-0.0793172
-0.0793085
-0.0792243
-0.0790449
-0.0787498
-0.0783181
-0.0777286
-0.0769596
-0.0759895
-0.0747965
-0.073359
-0.0716557
-0.0696658
-0.0673693
-0.0647473
-0.0617822
-0.0584581
-0.0547613
-0.0506808
-0.0462088
-0.0413414
-0.0360794
-0.0304288
-0.0244022
-0.0180194
-0.0113088
-0.00430835
0.00293344
0.0103563
0.0178872
0.0254403
0.0329163
0.0402029
0.0471765
0.0537041
0.0596466
0.0648631
0.0692166
0.0725797
0.0748415
0.0759135
0.075731
0.0742606
0.0715449
0.0676456
0.0620217
0.0542587
-0.0805607
-0.0838832
-0.0863918
-0.0882617
-0.0897306
-0.0907936
-0.0914571
-0.0917572
-0.0917384
-0.0914489
-0.0909391
-0.0902591
-0.0894568
-0.0885764
-0.0876574
-0.0867344
-0.0858364
-0.0849869
-0.0842046
-0.0835032
-0.0828917
-0.0823755
-0.081956
-0.0816315
-0.0813977
-0.0812475
-0.0811718
-0.0811594
-0.0811977
-0.0812724
-0.081368
-0.0814677
-0.0815537
-0.0816074
-0.0816092
-0.0815389
-0.0813754
-0.0810972
-0.0806822
-0.0801081
-0.079352
-0.078391
-0.077202
-0.0757621
-0.0740485
-0.072039
-0.069712
-0.0670468
-0.0640238
-0.0606253
-0.0568353
-0.0526404
-0.0480302
-0.0429982
-0.037542
-0.0316648
-0.0253758
-0.0186917
-0.0116377
-0.00424873
0.00342904
0.0113371
0.0194033
0.0275411
0.0356484
0.0436085
0.0512902
0.05855
0.065235
0.0711877
0.0762513
0.0802766
0.0831302
0.0847008
0.0849032
0.0836868
0.0810845
0.0771535
0.0713132
0.0631264
-0.0862318
-0.089858
-0.0925604
-0.0945279
-0.0960225
-0.0970419
-0.0975977
-0.0977351
-0.0975091
-0.0969787
-0.0962045
-0.0952461
-0.0941599
-0.0929971
-0.0918032
-0.0906171
-0.0894712
-0.0883916
-0.0873984
-0.086506
-0.0857237
-0.0850565
-0.0845053
-0.0840676
-0.0837379
-0.0835079
-0.0833674
-0.0833038
-0.0833031
-0.0833497
-0.0834268
-0.0835164
-0.0835994
-0.0836559
-0.0836651
-0.0836055
-0.083455
-0.0831909
-0.0827899
-0.0822284
-0.0814824
-0.0805278
-0.0793402
-0.0778953
-0.0761691
-0.0741378
-0.0717781
-0.0690676
-0.0659851
-0.0625105
-0.0586259
-0.0543153
-0.0495659
-0.0443681
-0.0387165
-0.0326108
-0.026057
-0.0190681
-0.0116655
-0.00388066
0.00424347
0.0126511
0.0212717
0.0300191
0.03879
0.0474636
0.0559021
0.0639519
0.0714465
0.0782105
0.0840658
0.088839
0.0923704
0.0945223
0.0951839
0.0942827
0.0918383
0.0878999
0.081842
0.0732027
-0.0922991
-0.0962894
-0.0992185
-0.101292
-0.102804
-0.103756
-0.104167
-0.104095
-0.103609
-0.102782
-0.101686
-0.100394
-0.0989703
-0.0974756
-0.0959613
-0.0944713
-0.0930414
-0.0917
-0.0904683
-0.0893611
-0.0883878
-0.0875525
-0.0868552
-0.0862921
-0.0858563
-0.0855381
-0.0853256
-0.0852047
-0.0851598
-0.0851739
-0.0852286
-0.0853045
-0.0853812
-0.0854374
-0.085451
-0.0853993
-0.0852589
-0.0850059
-0.0846159
-0.084064
-0.0833252
-0.082374
-0.0811848
-0.0797321
-0.0779903
-0.0759342
-0.0735391
-0.0707808
-0.0676362
-0.0640834
-0.0601021
-0.055674
-0.0507834
-0.0454178
-0.0395688
-0.0332324
-0.0264107
-0.0191127
-0.0113558
-0.00316721
0.00541425
0.0143363
0.0235314
0.0329147
0.0423829
0.0518126
0.0610604
0.0699632
0.0783408
0.0859997
0.0927388
0.0983578
0.102667
0.105497
0.106706
0.106194
0.103962
0.100046
0.0937708
0.0846449
-0.098835
-0.103262
-0.106455
-0.108643
-0.110156
-0.111006
-0.111224
-0.110883
-0.110071
-0.108878
-0.107393
-0.1057
-0.103878
-0.101994
-0.100109
-0.0982703
-0.0965173
-0.0948803
-0.0933814
-0.0920354
-0.0908508
-0.0898307
-0.0889735
-0.0882738
-0.0877226
-0.0873086
-0.0870179
-0.0868345
-0.0867412
-0.0867191
-0.0867482
-0.0868075
-0.0868751
-0.0869283
-0.0869437
-0.0868972
-0.0867643
-0.0865196
-0.0861377
-0.0855926
-0.0848578
-0.0839069
-0.0827129
-0.081249
-0.0794884
-0.0774044
-0.0749707
-0.0721616
-0.0689521
-0.0653183
-0.0612376
-0.0566894
-0.0516552
-0.0461194
-0.0400703
-0.0335001
-0.0264068
-0.0187951
-0.0106776
-0.0020766
0.00697386
0.0164262
0.0262168
0.0362639
0.0464655
0.0566971
0.0668109
0.0766356
0.0859778
0.0946254
0.102353
0.108931
0.114134
0.117757
0.11962
0.119587
0.117635
0.113781
0.107289
0.097635
-0.105933
-0.110883
-0.114384
-0.116688
-0.118179
-0.11888
-0.118838
-0.118152
-0.116931
-0.115287
-0.11333
-0.111159
-0.108867
-0.106531
-0.104218
-0.101982
-0.0998641
-0.0978965
-0.0961012
-0.0944923
-0.0930769
-0.0918562
-0.0908265
-0.0899801
-0.0893058
-0.0887898
-0.088416
-0.0881664
-0.0880215
-0.0879605
-0.0879618
-0.0880025
-0.0880591
-0.0881073
-0.0881225
-0.0880791
-0.0879512
-0.0877124
-0.087336
-0.0867948
-0.0860611
-0.0851073
-0.0839053
-0.082427
-0.0806443
-0.0785291
-0.0760536
-0.0731905
-0.069913
-0.0661951
-0.0620121
-0.057341
-0.0521603
-0.0464516
-0.0401992
-0.0333918
-0.0260229
-0.0180923
-0.00960726
-0.000584721
0.00894717
0.0189465
0.0293551
0.0400958
0.0510693
0.0621522
0.073194
0.0840167
0.0944147
0.104157
0.112994
0.120661
0.126896
0.13145
0.134096
0.134654
0.133066
0.129325
0.122618
0.112386
-0.113712
-0.119293
-0.123148
-0.125565
-0.126995
-0.12748
-0.127092
-0.12596
-0.124226
-0.122029
-0.1195
-0.116761
-0.113916
-0.111056
-0.108254
-0.105568
-0.103041
-0.100707
-0.0985866
-0.0966917
-0.0950273
-0.093592
-0.0923791
-0.0913779
-0.0905745
-0.0899522
-0.0894923
-0.0891742
-0.0889761
-0.0888752
-0.0888476
-0.0888687
-0.0889133
-0.0889556
-0.0889692
-0.0889274
-0.0888029
-0.0885681
-0.088195
-0.0876553
-0.0869201
-0.0859607
-0.0847478
-0.0832521
-0.0814442
-0.0792947
-0.0767743
-0.073854
-0.0705054
-0.0667006
-0.0624125
-0.0576157
-0.0522859
-0.0464013
-0.0399427
-0.0328946
-0.0252458
-0.0169909
-0.00813138
0.00132222
0.0113485
0.0219124
0.0329626
0.0444283
0.0562154
0.0682031
0.080241
0.0921462
0.103702
0.114661
0.124745
0.133657
0.141088
0.146739
0.150328
0.151617
0.150503
0.146939
0.140022
0.12915
-0.12233
-0.12867
-0.132931
-0.135448
-0.136757
-0.136931
-0.13608
-0.134375
-0.131996
-0.129118
-0.1259
-0.122486
-0.118996
-0.115532
-0.112173
-0.108981
-0.106002
-0.103265
-0.100792
-0.0985895
-0.0966603
-0.0949988
-0.0935946
-0.0924333
-0.0914974
-0.0907669
-0.09022
-0.0898333
-0.0895824
-0.089442
-0.0893861
-0.0893881
-0.089421
-0.0894573
-0.0894693
-0.0894285
-0.0893066
-0.0890746
-0.0887033
-0.0881633
-0.0874248
-0.0864575
-0.0852314
-0.0837158
-0.0818802
-0.0796937
-0.0771258
-0.074146
-0.0707238
-0.0668296
-0.0624342
-0.0575094
-0.0520282
-0.0459654
-0.0392982
-0.0320064
-0.0240741
-0.0154899
-0.0062492
0.00364475
0.0141782
0.0253246
0.037041
0.0492649
0.0619096
0.0748601
0.0879685
0.10105
0.11388
0.126194
0.137688
0.148026
0.156852
0.163805
0.168535
0.170734
0.170234
0.166936
0.159821
0.14823
-0.131992
-0.13925
-0.143972
-0.146555
-0.147651
-0.147384
-0.145913
-0.143467
-0.140279
-0.136564
-0.132516
-0.128303
-0.124063
-0.119907
-0.11592
-0.112166
-0.108689
-0.105517
-0.102665
-0.100137
-0.0979309
-0.0960352
-0.0944352
-0.0931118
-0.0920432
-0.0912057
-0.0905737
-0.0901208
-0.0898197
-0.0896424
-0.0895606
-0.0895457
-0.0895688
-0.0896006
-0.0896118
-0.0895728
-0.0894537
-0.0892243
-0.0888544
-0.0883134
-0.0875703
-0.086594
-0.0853532
-0.0838162
-0.0819511
-0.0797262
-0.0771092
-0.0740681
-0.070571
-0.0665861
-0.0620821
-0.0570282
-0.0513946
-0.0451526
-0.0382753
-0.0307382
-0.0225198
-0.0136028
-0.00397531
0.00636717
0.0174199
0.029166
0.041573
0.054589
0.0681376
0.0821127
0.0963726
0.110734
0.124969
0.138797
0.15189
0.163872
0.174333
0.182843
0.188966
0.192306
0.192608
0.189697
0.182403
0.169994
-0.14297
-0.151342
-0.156579
-0.159162
-0.159909
-0.159014
-0.156712
-0.153309
-0.149103
-0.144362
-0.139319
-0.134166
-0.129058
-0.124116
-0.119427
-0.115054
-0.111037
-0.107399
-0.104148
-0.101282
-0.0987909
-0.0966581
-0.0948622
-0.093379
-0.0921816
-0.0912418
-0.09053
-0.0900162
-0.0896701
-0.0894609
-0.0893579
-0.0893303
-0.0893471
-0.0893775
-0.0893906
-0.0893553
-0.0892405
-0.0890149
-0.0886471
-0.0881055
-0.087358
-0.0863727
-0.0851169
-0.0835582
-0.0816635
-0.0793997
-0.0767335
-0.0736312
-0.0700592
-0.0659839
-0.0613718
-0.0561896
-0.0504043
-0.0439839
-0.0368974
-0.0291153
-0.0206107
-0.0113594
-0.00134211
0.00945474
0.0210365
0.0333975
0.046518
0.0603593
0.0748586
0.0899227
0.105421
0.121177
0.136962
0.152487
0.1674
0.181287
0.193677
0.20406
0.2119
0.216683
0.218041
0.215688
0.208251
0.194898
-0.155631
-0.165359
-0.171155
-0.173624
-0.173812
-0.172027
-0.168609
-0.163968
-0.158485
-0.15249
-0.146256
-0.140003
-0.133901
-0.128074
-0.122609
-0.117564
-0.112969
-0.108841
-0.105176
-0.101966
-0.099189
-0.0968221
-0.0948363
-0.0932009
-0.0918832
-0.0908501
-0.0900675
-0.0895018
-0.089119
-0.0888857
-0.0887685
-0.0887344
-0.0887506
-0.0887846
-0.0888038
-0.088776
-0.0886687
-0.0884496
-0.0880863
-0.087546
-0.0867959
-0.085803
-0.0845338
-0.0829548
-0.0810318
-0.0787308
-0.0760169
-0.0728553
-0.0692107
-0.0650476
-0.0603303
-0.0550229
-0.0490895
-0.0424944
-0.0352025
-0.0271792
-0.0183915
-0.00880834
0.00159809
0.0128511
0.0249674
0.0379547
0.0518078
0.0665044
0.0819993
0.098217
0.115043
0.132316
0.149812
0.167241
0.184233
0.200336
0.215016
0.227672
0.237647
0.244278
0.247042
0.245492
0.237977
0.22352
-0.170474
-0.181859
-0.188234
-0.19039
-0.189705
-0.186657
-0.18174
-0.175497
-0.168414
-0.160889
-0.153241
-0.145712
-0.138481
-0.13167
-0.125359
-0.119594
-0.114395
-0.109761
-0.105679
-0.102125
-0.0990709
-0.0964807
-0.094318
-0.0925442
-0.0911205
-0.090008
-0.0891681
-0.088563
-0.0881554
-0.0879087
-0.0877871
-0.0877555
-0.087779
-0.0878236
-0.0878554
-0.0878406
-0.0877459
-0.0875379
-0.0871831
-0.086648
-0.0858988
-0.0849018
-0.0836226
-0.0820267
-0.0800791
-0.0777446
-0.0749873
-0.0717709
-0.0680586
-0.0638131
-0.0589965
-0.0535704
-0.0474959
-0.0407337
-0.0332443
-0.0249879
-0.0159252
-0.00601774
0.00477144
0.0164763
0.0291265
0.0427444
0.0573423
0.0729177
0.0894474
0.106879
0.125123
0.144038
0.16342
0.182984
0.202352
0.22104
0.238454
0.253889
0.266544
0.275568
0.28023
0.279847
0.272373
0.256608
-0.188197
-0.201612
-0.208529
-0.210035
-0.208
-0.203161
-0.196226
-0.187915
-0.178834
-0.169456
-0.160142
-0.151147
-0.14265
-0.134763
-0.127546
-0.121028
-0.115208
-0.110067
-0.105575
-0.101694
-0.09838
-0.095587
-0.0932685
-0.0913776
-0.0898684
-0.0886961
-0.0878172
-0.0871897
-0.0867727
-0.0865267
-0.0864136
-0.086396
-0.0864374
-0.086502
-0.0865548
-0.086561
-0.086486
-0.0862956
-0.0859556
-0.0854315
-0.0846891
-0.0836937
-0.0824102
-0.0808034
-0.0788374
-0.076476
-0.0736822
-0.0704186
-0.0666468
-0.0623278
-0.0574216
-0.0518873
-0.0456832
-0.0387662
-0.0310924
-0.0226167
-0.0132934
-0.00307606
0.00808184
0.0202259
0.0333997
0.0476425
0.0629867
0.0794531
0.0970455
0.115742
0.135486
0.156168
0.177615
0.199564
0.221644
0.243352
0.264038
0.282892
0.298944
0.311107
0.318368
0.319704
0.312487
0.295158
-0.2098
-0.225699
-0.233
-0.233288
-0.229176
-0.221797
-0.21215
-0.201175
-0.189614
-0.178013
-0.166757
-0.156105
-0.146215
-0.137172
-0.129009
-0.121724
-0.115287
-0.109657
-0.104781
-0.100601
-0.0970584
-0.0940943
-0.0916509
-0.0896724
-0.0881054
-0.086899
-0.0860046
-0.0853761
-0.0849693
-0.0847418
-0.0846531
-0.084664
-0.0847364
-0.0848331
-0.084918
-0.0849551
-0.0849094
-0.0847456
-0.0844289
-0.0839243
-0.0831969
-0.0822113
-0.080932
-0.079323
-0.0773477
-0.0749691
-0.0721492
-0.0688493
-0.06503
-0.0606504
-0.0556687
-0.0500416
-0.0437244
-0.0366705
-0.0288317
-0.0201575
-0.0105957
-9.15937e-05
0.0114112
0.0239707
0.0376455
0.0524936
0.0685697
0.0859222
0.104587
0.124581
0.145888
0.168448
0.192134
0.216727
0.241885
0.267113
0.291719
0.314795
0.335186
0.351514
0.362391
0.3663
0.359739
0.340546
-0.236762
-0.255669
-0.262948
-0.26106
-0.253768
-0.242789
-0.229509
-0.215124
-0.200514
-0.186278
-0.1728
-0.16031
-0.148923
-0.138676
-0.129557
-0.12152
-0.114499
-0.10842
-0.103205
-0.0987733
-0.0950489
-0.0919582
-0.0894316
-0.0874041
-0.0858147
-0.0846063
-0.0837255
-0.0831223
-0.0827493
-0.0825617
-0.0825168
-0.0825736
-0.0826929
-0.0828364
-0.0829669
-0.0830479
-0.0830433
-0.0829177
-0.0826355
-0.0821614
-0.0814599
-0.0804954
-0.0792316
-0.0776322
-0.0756601
-0.0732773
-0.0704452
-0.0671241
-0.0632733
-0.0588506
-0.0538123
-0.048113
-0.041705
-0.0345387
-0.0265614
-0.0177175
-0.00794827
0.0028091
0.0146212
0.0275587
0.0416962
0.0571115
0.0738844
0.0920938
0.111814
0.133106
0.156011
0.180529
0.206605
0.234089
0.262705
0.292005
0.32129
0.349584
0.375544
0.397453
0.413435
0.421264
0.416108
0.394745
-0.271373
-0.293789
-0.300137
-0.294459
-0.282314
-0.266249
-0.24813
-0.229427
-0.211125
-0.193826
-0.177865
-0.163396
-0.150455
-0.139005
-0.128965
-0.120232
-0.112694
-0.106239
-0.100755
-0.0961401
-0.0922975
-0.0891388
-0.0865824
-0.084554
-0.0829854
-0.0818137
-0.0809813
-0.0804344
-0.0801231
-0.0800003
-0.0800218
-0.0801453
-0.0803305
-0.0805381
-0.0807305
-0.0808706
-0.080922
-0.0808487
-0.080615
-0.0801852
-0.0795236
-0.0785942
-0.0773607
-0.0757861
-0.0738329
-0.0714627
-0.0686364
-0.0653132
-0.0614516
-0.057008
-0.0519372
-0.0461917
-0.0397217
-0.0324742
-0.0243927
-0.0154168
-0.00548132
0.00548419
0.0175563
0.0308185
0.0453614
0.0612837
0.0786914
0.0976971
0.118417
0.140968
0.165455
0.191961
0.220524
0.251105
0.283539
0.317478
0.3523
0.387013
0.420125
0.449563
0.472844
0.48675
0.484421
0.460727
-0.317344
-0.343453
-0.346939
-0.334763
-0.315239
-0.292038
-0.267552
-0.243474
-0.220803
-0.200047
-0.181407
-0.164898
-0.150426
-0.137845
-0.126982
-0.117664
-0.109721
-0.102995
-0.0973429
-0.0926357
-0.0887572
-0.0856038
-0.0830828
-0.0811112
-0.0796144
-0.0785247
-0.0777806
-0.0773256
-0.0771078
-0.0770785
-0.0771923
-0.0774061
-0.0776787
-0.0779708
-0.0782442
-0.0784615
-0.0785862
-0.0785823
-0.0784138
-0.0780452
-0.0774405
-0.0765636
-0.0753781
-0.0738469
-0.0719322
-0.0695953
-0.0667964
-0.0634946
-0.0596472
-0.0552098
-0.0501359
-0.0443765
-0.0378795
-0.0305892
-0.0224459
-0.0133847
-0.00333487
0.00778118
0.0200494
0.0335652
0.0484351
0.0647781
0.082727
0.102429
0.124048
0.147758
0.173743
0.202185
0.233246
0.267037
0.30357
0.342683
0.383935
0.426447
0.468704
0.508313
0.542122
0.56559
0.568804
0.543209
-0.381069
-0.409824
-0.406438
-0.383243
-0.352608
-0.31953
-0.286832
-0.256243
-0.228582
-0.204094
-0.18272
-0.164243
-0.148384
-0.134845
-0.123342
-0.113614
-0.105428
-0.098579
-0.09289
-0.0882058
-0.0843921
-0.0813318
-0.0789226
-0.0770745
-0.0757076
-0.0747507
-0.0741398
-0.0738166
-0.0737276
-0.0738237
-0.0740586
-0.0743891
-0.0747738
-0.0751732
-0.0755492
-0.0758646
-0.0760829
-0.0761681
-0.0760847
-0.0757969
-0.0752691
-0.0744653
-0.073349
-0.0718832
-0.07003
-0.0677507
-0.0650053
-0.0617523
-0.0579487
-0.0535494
-0.048507
-0.0427712
-0.0362884
-0.0290008
-0.0208459
-0.0117554
-0.00165379
0.00954265
0.0219278
0.0356079
0.0507035
0.0673526
0.0857135
0.105968
0.128326
0.153025
0.180334
0.210548
0.24398
0.280939
0.321687
0.366363
0.414861
0.466628
0.520421
0.573679
0.622713
0.661376
0.675406
0.650176
-0.474202
-0.500793
-0.482281
-0.440645
-0.393566
-0.347156
-0.304225
-0.266103
-0.233065
-0.204835
-0.180917
-0.160757
-0.143822
-0.129633
-0.117772
-0.107886
-0.0996774
-0.0928958
-0.0873319
-0.0828092
-0.0791784
-0.0763121
-0.0741011
-0.0724506
-0.0712779
-0.0705098
-0.0700811
-0.0699328
-0.0700114
-0.0702676
-0.0706554
-0.0711317
-0.0716556
-0.072188
-0.072691
-0.073128
-0.0734628
-0.0736599
-0.0736841
-0.0735
-0.0730722
-0.0723652
-0.0713426
-0.0699676
-0.0682026
-0.0660089
-0.0633465
-0.0601739
-0.0564479
-0.0521232
-0.0471517
-0.0414825
-0.035061
-0.0278281
-0.0197194
-0.010664
-0.00058315
0.0106114
0.0230198
0.0367566
0.0519539
0.0687654
0.0873717
0.107986
0.130859
0.156292
0.184637
0.216313
0.251803
0.291651
0.336444
0.386754
0.443031
0.505382
0.573184
0.644445
0.715325
0.778223
0.813363
0.795826
-0.618281
-0.627994
-0.577985
-0.506201
-0.435506
-0.371832
-0.316863
-0.270669
-0.232394
-0.200879
-0.174988
-0.153721
-0.136239
-0.121862
-0.110037
-0.100324
-0.092368
-0.0858818
-0.0806325
-0.076429
-0.0731128
-0.0705512
-0.0686319
-0.0672589
-0.0663488
-0.0658288
-0.0656342
-0.0657069
-0.0659941
-0.0664475
-0.067022
-0.0676756
-0.0683682
-0.0690614
-0.0697184
-0.070303
-0.0707799
-0.0711142
-0.0712713
-0.0712165
-0.0709148
-0.0703311
-0.0694297
-0.0681742
-0.0665271
-0.0644503
-0.0619039
-0.0588468
-0.0552359
-0.0510259
-0.0461689
-0.0406137
-0.0343055
-0.0271846
-0.0191859
-0.0102372
-0.000258175
0.0108422
0.0231675
0.0368376
0.0519923
0.0687963
0.0874461
0.108178
0.131279
0.1571
0.186073
0.218729
0.255724
0.297862
0.346109
0.401594
0.46556
0.539197
0.623261
0.717339
0.818837
0.919878
0.995478
1.00513
-0.853106
-0.807062
-0.695582
-0.576834
-0.4737
-0.388915
-0.320958
-0.267144
-0.224628
-0.190942
-0.164119
-0.142641
-0.125357
-0.111393
-0.100088
-0.0909339
-0.0835391
-0.0775964
-0.0728623
-0.0691412
-0.0662734
-0.0641273
-0.0625925
-0.0615752
-0.0609947
-0.0607806
-0.0608705
-0.0612088
-0.0617446
-0.0624316
-0.0632264
-0.0640884
-0.064979
-0.0658612
-0.0666991
-0.0674578
-0.0681029
-0.0686004
-0.0689165
-0.0690172
-0.0688685
-0.0684357
-0.0676838
-0.0665771
-0.0650787
-0.063151
-0.0607546
-0.057849
-0.0543916
-0.0503376
-0.0456396
-0.0402469
-0.0341051
-0.0271551
-0.0193319
-0.0105638
-0.000770364
0.0101395
0.0222702
0.0357429
0.0507
0.067311
0.0857802
0.106357
0.129349
0.155141
0.184222
0.217213
0.25492
0.298387
0.348974
0.408446
0.479053
0.563554
0.665088
0.786615
0.929293
1.08802
1.23796
1.32138
-1.26865
-1.05644
-0.827639
-0.641411
-0.497974
-0.390484
-0.311032
-0.252033
-0.20766
-0.173819
-0.147668
-0.127217
-0.11107
-0.0982349
-0.0879922
-0.0798134
-0.0733017
-0.0681538
-0.0641333
-0.0610531
-0.0587622
-0.0571369
-0.0560739
-0.0554859
-0.0552976
-0.0554436
-0.0558658
-0.0565119
-0.0573346
-0.0582901
-0.0593375
-0.0604383
-0.0615558
-0.0626547
-0.0637007
-0.06466
-0.0654997
-0.0661867
-0.0666883
-0.0669716
-0.0670031
-0.0667494
-0.0661761
-0.0652482
-0.0639298
-0.0621838
-0.059972
-0.0572543
-0.0539892
-0.0501328
-0.0456387
-0.0404573
-0.0345353
-0.0278151
-0.0202333
-0.0117199
-0.00219666
0.00842527
0.0202477
0.0333889
0.0479882
0.0642122
0.0822626
0.102388
0.124898
0.150186
0.17876
0.211288
0.248657
0.292078
0.343221
0.404431
0.479019
0.571675
0.689019
0.839863
1.0331
1.27368
1.56093
1.84068
-2.10465
-1.38387
-0.918577
-0.649815
-0.473064
-0.353293
-0.272128
-0.215702
-0.175134
-0.145147
-0.122488
-0.105063
-0.0914895
-0.0808299
-0.0724291
-0.0658163
-0.060644
-0.0566497
-0.0536301
-0.0514247
-0.0499042
-0.048962
-0.0485093
-0.0484701
-0.0487789
-0.0493779
-0.0502157
-0.0512457
-0.0524249
-0.0537137
-0.0550746
-0.056472
-0.0578718
-0.0592408
-0.0605468
-0.0617577
-0.0628422
-0.0637687
-0.0645058
-0.0650217
-0.0652842
-0.0652609
-0.0649186
-0.0642232
-0.0631398
-0.0616327
-0.0596645
-0.0571966
-0.0541887
-0.0505983
-0.0463808
-0.0414885
-0.0358703
-0.0294714
-0.0222314
-0.0140843
-0.00495628
0.00523574
0.0165866
0.0292061
0.0432229
0.0587904
0.0760939
0.0953612
0.116877
0.141005
0.168216
0.199135
0.234611
0.27583
0.324494
0.383121
0.455564
0.547916
0.670252
0.838869
1.07631
1.41945
1.97501
2.80763
-3.55945
-1.7084
-0.856602
-0.526656
-0.356131
-0.254301
-0.191752
-0.151064
-0.122749
-0.102079
-0.0865171
-0.0745625
-0.065271
-0.0580183
-0.0523719
-0.0480194
-0.0447278
-0.0423183
-0.0406498
-0.0396089
-0.0391019
-0.0390505
-0.0393874
-0.0400544
-0.0409997
-0.042177
-0.0435441
-0.045062
-0.0466942
-0.0484064
-0.0501658
-0.0519405
-0.0536999
-0.0554138
-0.0570523
-0.058586
-0.0599853
-0.0612206
-0.062262
-0.0630795
-0.0636424
-0.0639195
-0.0638791
-0.0634884
-0.0627142
-0.0615218
-0.0598756
-0.0577387
-0.0550726
-0.0518369
-0.0479894
-0.0434854
-0.0382772
-0.0323137
-0.0255399
-0.0178953
-0.00931387
0.000278456
0.0109649
0.0228407
0.0360158
0.0506196
0.0668062
0.0847626
0.104719
0.126966
0.151874
0.17993
0.211793
0.248372
0.290983
0.341611
0.403426
0.48192
0.587538
0.740768
0.980478
1.40736
2.37718
4.35158
)
;

boundaryField
{
    movingWall
    {
        type            zeroGradient;
    }
    fixedWalls
    {
        type            zeroGradient;
    }
    frontAndBack
    {
        type            empty;
    }
}


// ************************************************************************* //
