/*--------------------------------*- C++ -*----------------------------------*\
  =========                 |
  \\      /  F ield         | OpenFOAM: The Open Source CFD Toolbox
   \\    /   O peration     | Website:  https://openfoam.org
    \\  /    A nd           | Version:  7
     \\/     M anipulation  |
\*---------------------------------------------------------------------------*/
FoamFile
{
    version     2.0;
    format      ascii;
    class       volScalarField;
    location    "0.925";
    object      p;
}
// * * * * * * * * * * * * * * * * * * * * * * * * * * * * * * * * * * * * * //

dimensions      [0 2 -2 0 0 0 0];

internalField   nonuniform List<scalar> 
6400
(
3.77984e-06
2.90719e-06
-0.000109427
-0.000328996
-0.000629289
-0.000986466
-0.00137942
-0.00178984
-0.00220233
-0.00260428
-0.00298538
-0.0033373
-0.00365335
-0.00392827
-0.0041579
-0.00433912
-0.00446956
-0.00454756
-0.00457201
-0.0045423
-0.00445819
-0.00431978
-0.00412748
-0.00388194
-0.00358405
-0.00323492
-0.00283584
-0.00238833
-0.00189409
-0.00135502
-0.00077325
-0.000151107
0.000508835
0.00120377
0.00193065
0.00268617
0.00346679
0.00426868
0.0050878
0.00591984
0.00676028
0.00760435
0.00844715
0.00928355
0.0101084
0.0109162
0.0117019
0.0124599
0.013185
0.013872
0.014516
0.0151121
0.015656
0.0161436
0.0165712
0.0169358
0.0172347
0.017466
0.0176284
0.0177214
0.0177453
0.0177011
0.0175908
0.0174172
0.0171839
0.0168958
0.0165585
0.0161787
0.0157642
0.0153238
0.0148676
0.0144069
0.0139544
0.0135242
0.0131317
0.0127941
0.0125287
0.0123529
0.0122823
0.0123059
9.83907e-06
6.86376e-06
-9.29263e-05
-0.000279378
-0.000530927
-0.000830498
-0.00116205
-0.00151079
-0.0018637
-0.00220963
-0.00253924
-0.00284475
-0.00311978
-0.00335914
-0.00355872
-0.00371525
-0.00382626
-0.00388991
-0.00390491
-0.00387043
-0.00378605
-0.00365168
-0.00346755
-0.00323415
-0.00295219
-0.00262263
-0.00224662
-0.00182554
-0.00136094
-0.000854616
-0.000308531
0.000275114
0.000893904
0.00154519
0.00222611
0.00293354
0.00366414
0.00441433
0.0051803
0.00595802
0.00674327
0.00753159
0.00831842
0.00909899
0.00986848
0.010622
0.0113545
0.0120612
0.0127372
0.0133777
0.0139782
0.0145344
0.0150422
0.015498
0.0158985
0.0162409
0.0165231
0.0167432
0.0169004
0.0169942
0.017025
0.016994
0.0169031
0.0167551
0.0165536
0.0163031
0.0160089
0.0156774
0.0153159
0.0149325
0.0145363
0.0141376
0.0137476
0.0133784
0.0130431
0.012755
0.0125273
0.0123722
0.0123053
0.0123292
0.000123328
0.00010696
6.69171e-06
-0.000165398
-0.000391206
-0.000657194
-0.000950516
-0.00125892
-0.00157135
-0.00187809
-0.00217079
-0.00244237
-0.00268689
-0.00289945
-0.00307609
-0.0032136
-0.00330952
-0.00336196
-0.00336955
-0.00333136
-0.00324687
-0.00311587
-0.00293845
-0.00271499
-0.00244608
-0.00213255
-0.00177544
-0.001376
-0.000935668
-0.000456104
6.0843e-05
0.000613109
0.00119842
0.00181427
0.00245795
0.00312652
0.00381682
0.00452545
0.00524883
0.00598314
0.00672441
0.00746844
0.00821092
0.00894739
0.0096733
0.0103841
0.011075
0.0117416
0.0123793
0.0129836
0.0135504
0.0140755
0.0145554
0.0149866
0.0153661
0.0156915
0.0159606
0.016172
0.0163248
0.0164189
0.0164546
0.0164332
0.0163565
0.0162273
0.016049
0.0158259
0.0155632
0.0152666
0.014943
0.0145999
0.0142458
0.0138898
0.0135419
0.0132127
0.0129134
0.0126552
0.0124488
0.0123043
0.0122378
0.0122591
0.000344091
0.000294131
0.000178008
4.74183e-06
-0.000212536
-0.000462523
-0.000734462
-0.00101812
-0.00130411
-0.00158405
-0.00185062
-0.00209749
-0.00231929
-0.00251153
-0.00267051
-0.00279323
-0.00287732
-0.00292094
-0.00292274
-0.00288177
-0.00279745
-0.00266952
-0.00249799
-0.00228315
-0.00202549
-0.00172576
-0.00138489
-0.00100401
-0.000584464
-0.000127781
0.000364306
0.00088986
0.00144674
0.00203258
0.00264483
0.0032807
0.00393718
0.00461107
0.00529896
0.00599725
0.00670213
0.00740966
0.00811573
0.00881612
0.00950651
0.0101825
0.0108399
0.0114741
0.0120809
0.0126562
0.0131959
0.0136963
0.0141539
0.0145655
0.0149283
0.01524
0.0154986
0.0157029
0.0158521
0.0159459
0.015985
0.0159705
0.0159041
0.0157887
0.0156273
0.0154242
0.0151841
0.0149125
0.0146158
0.014301
0.0139756
0.0136481
0.0133274
0.0130228
0.012744
0.0125009
0.0123026
0.0121584
0.0120826
0.0120851
0.000648008
0.000548068
0.000403893
0.000218913
-3.49864e-07
-0.000244578
-0.000504767
-0.000772518
-0.00104002
-0.00130018
-0.0015467
-0.00177406
-0.00197753
-0.00215309
-0.0022974
-0.00240772
-0.00248185
-0.00251809
-0.00251513
-0.00247207
-0.00238831
-0.00226355
-0.00209777
-0.00189119
-0.00164423
-0.00135754
-0.00103196
-0.00066852
-0.000268447
0.000166843
0.00063574
0.00113644
0.00166692
0.00222499
0.00280821
0.00341397
0.00403942
0.00468153
0.00533707
0.00600261
0.00667455
0.00734913
0.00802245
0.00869048
0.00934914
0.00999425
0.0106217
0.0112272
0.0118068
0.0123566
0.0128726
0.0133513
0.0137894
0.0141838
0.014532
0.0148317
0.0150811
0.015279
0.0154247
0.015518
0.0155595
0.0155503
0.0154921
0.0153875
0.0152396
0.0150522
0.0148299
0.0145778
0.0143017
0.0140082
0.0137041
0.013397
0.0130949
0.0128059
0.0125386
0.0123015
0.0121026
0.0119501
0.0118544
0.0118224
0.00101296
0.000852853
0.000671697
0.000466603
0.000236788
-1.01727e-05
-0.000266764
-0.000526254
-0.000782289
-0.00102898
-0.00126104
-0.00147376
-0.00166308
-0.00182551
-0.00195811
-0.00205845
-0.00212458
-0.00215493
-0.00214834
-0.00210395
-0.0020212
-0.00189981
-0.00173971
-0.00154107
-0.00130427
-0.00102987
-0.000718633
-0.000371486
1.04497e-05
0.000425874
0.000873299
0.00135105
0.00185724
0.00238981
0.00294649
0.0035248
0.00412206
0.00473541
0.00536177
0.00599789
0.00664034
0.00728555
0.00792978
0.00856921
0.0091999
0.00981788
0.0104192
0.0109997
0.0115557
0.0120833
0.0125789
0.0130389
0.0134603
0.01384
0.0141757
0.0144651
0.0147065
0.0148988
0.0150412
0.0151338
0.0151768
0.0151714
0.0151194
0.015023
0.0148852
0.0147097
0.0145006
0.0142628
0.0140016
0.013723
0.0134333
0.0131393
0.012848
0.0125668
0.012303
0.0120639
0.0118567
0.0116884
0.0115644
0.0114869
0.00141946
0.00119352
0.000969328
0.000737644
0.00049036
0.000233601
-2.63513e-05
-0.000284247
-0.000535052
-0.000774004
-0.000996754
-0.00119942
-0.00137859
-0.00153133
-0.00165514
-0.00174793
-0.00180802
-0.00183406
-0.00182502
-0.00178014
-0.00169893
-0.00158111
-0.00142665
-0.00123566
-0.00100849
-0.000745627
-0.000447754
-0.000115714
0.000249477
0.00064663
0.00107438
0.00153117
0.00201527
0.00252473
0.00305744
0.00361107
0.00418309
0.00477079
0.00537125
0.00598137
0.0065979
0.00721739
0.00783629
0.00845092
0.00905749
0.00965218
0.0102311
0.0107905
0.0113265
0.0118355
0.0123139
0.0127583
0.0131657
0.0135333
0.0138585
0.0141393
0.0143741
0.0145616
0.0147012
0.0147928
0.0148366
0.0148338
0.014786
0.0146954
0.0145646
0.0143972
0.0141971
0.0139687
0.013717
0.0134474
0.0131657
0.0128781
0.0125908
0.0123102
0.0120428
0.0117947
0.0115724
0.011382
0.0112233
0.0110936
0.0018505
0.0015561
0.00128504
0.00102211
0.000752142
0.000480075
0.000211193
-5.05624e-05
-0.000301344
-0.000537413
-0.000755316
-0.000951941
-0.00112453
-0.0012707
-0.00138839
-0.0014759
-0.00153183
-0.00155506
-0.00154473
-0.00150021
-0.00142108
-0.00130713
-0.00115831
-0.000974751
-0.00075675
-0.000504752
-0.00021936
9.86663e-05
0.000448408
0.000828785
0.00123855
0.00167627
0.00214034
0.00262896
0.00314014
0.00367171
0.00422128
0.00478628
0.00536394
0.00595131
0.00654526
0.00714251
0.00773962
0.00833305
0.00891914
0.00949418
0.0100544
0.0105961
0.0111156
0.0116093
0.0120736
0.0125054
0.0129016
0.0132594
0.0135763
0.0138503
0.0140797
0.0142633
0.0144005
0.014491
0.0145352
0.0145339
0.0144887
0.0144016
0.0142752
0.0141127
0.0139178
0.0136945
0.0134476
0.0131818
0.0129027
0.0126155
0.0123261
0.01204
0.0117629
0.0115001
0.0112573
0.0110399
0.0108421
0.0106564
0.00229158
0.00192802
0.00160794
0.0013106
0.00101414
0.000722577
0.000440397
0.000170397
-8.46334e-05
-0.000321885
-0.000538733
-0.00073279
-0.000901933
-0.0010443
-0.0011583
-0.00124261
-0.00129612
-0.00131796
-0.00130746
-0.00126413
-0.00118765
-0.00107787
-0.000934761
-0.000758467
-0.000549252
-0.000307517
-3.38009e-05
0.000271217
0.000606712
0.000971707
0.00136507
0.00178548
0.00223148
0.00270139
0.00319336
0.00370535
0.00423511
0.0047802
0.005338
0.00590568
0.00648025
0.00705854
0.00763722
0.00821287
0.00878193
0.00934078
0.00988575
0.0104132
0.0109194
0.011401
0.0118543
0.0122763
0.0126638
0.0130142
0.0133248
0.0135937
0.0138192
0.0139999
0.0141352
0.0142248
0.0142689
0.0142683
0.0142244
0.0141391
0.0140148
0.0138544
0.0136614
0.0134395
0.0131932
0.0129268
0.0126453
0.0123537
0.012057
0.0117603
0.0114685
0.0111861
0.0109184
0.0106702
0.0104304
0.0101868
0.00273043
0.00229819
0.00192811
0.00159431
0.00126867
0.000954509
0.000655656
0.000373926
0.000111172
-0.000130635
-0.000349627
-0.000544099
-0.000712521
-0.00085355
-0.000966038
-0.00104902
-0.00110172
-0.0011235
-0.00111389
-0.00107256
-0.000999291
-0.000893992
-0.000756694
-0.000587537
-0.000386772
-0.000154761
0.000108018
0.000400961
0.000723333
0.00107426
0.00145271
0.00185751
0.00228729
0.00274051
0.00321547
0.00371024
0.00422271
0.00475057
0.00529132
0.00584225
0.00640047
0.00696294
0.00752643
0.00808758
0.00864292
0.0091889
0.00972191
0.0102383
0.0107345
0.011207
0.0116524
0.0120673
0.0124488
0.012794
0.0131005
0.013366
0.013589
0.0137679
0.013902
0.013991
0.0140349
0.0140344
0.0139908
0.0139058
0.0137816
0.0136209
0.013427
0.0132034
0.012954
0.0126832
0.0123952
0.0120948
0.0117864
0.0114747
0.0111639
0.010858
0.010562
0.0102802
0.00999653
0.0096945
0.00315653
0.0026568
0.00223654
0.0018651
0.00150849
0.00116947
0.00085139
0.000555209
0.000281948
3.28254e-05
-0.000190982
-0.000388395
-0.000558446
-0.000700282
-0.000813178
-0.000896535
-0.000949872
-0.000972817
-0.000965094
-0.00092652
-0.000856996
-0.00075651
-0.000625134
-0.000463023
-0.000270415
-4.7638e-05
0.000204883
0.000486618
0.000796918
0.00113501
0.00149997
0.00189073
0.00230605
0.00274453
0.00320457
0.00368437
0.00418196
0.00469514
0.00522152
0.00575851
0.00630332
0.00685299
0.00740437
0.00795418
0.008499
0.00903533
0.00955959
0.0100682
0.0105575
0.011024
0.0114642
0.0118748
0.0122528
0.0125953
0.0128997
0.0131638
0.0133857
0.0135641
0.0136979
0.0137868
0.0138306
0.0138299
0.0137859
0.0137
0.0135743
0.0134114
0.0132142
0.012986
0.0127306
0.0124519
0.0121539
0.0118409
0.0115172
0.0111868
0.0108535
0.0105209
0.0101938
0.0098763
0.00954762
0.00918729
0.0035608
0.00299514
0.00252508
0.00211544
0.00172672
0.00136129
0.00102211
0.000709402
0.000423443
0.00016478
-6.60374e-05
-0.000268509
-0.000442184
-0.000586676
-0.000701663
-0.000786893
-0.00084218
-0.000867396
-0.000862464
-0.000827356
-0.000762091
-0.000666736
-0.000541407
-0.000386275
-0.000201569
1.24155e-05
0.000255304
0.000526635
0.000825846
0.00115226
0.00150505
0.00188328
0.00228582
0.00271138
0.00315849
0.00362548
0.00411049
0.00461143
0.00512602
0.00565176
0.00618596
0.00672574
0.00726801
0.00780953
0.00834695
0.00887676
0.0093954
0.00989926
0.0103847
0.0108482
0.0112862
0.0116953
0.0120725
0.0124146
0.0127191
0.0129837
0.0132063
0.0133855
0.0135201
0.0136094
0.0136535
0.0136526
0.0136077
0.0135201
0.0133917
0.013225
0.0130225
0.0127875
0.0125235
0.012234
0.011923
0.0115943
0.011252
0.0108997
0.010541
0.0101791
0.00981864
0.00946389
0.00908954
0.00867142
0.00393526
0.00330544
0.00278628
0.00233835
0.00191692
0.00152406
0.00116246
0.000831672
0.000531325
0.00026136
2.17536e-05
-0.000187522
-0.0003665
-0.000515223
-0.000633753
-0.000722167
-0.000780561
-0.000809043
-0.000807729
-0.000776742
-0.000716214
-0.00062629
-0.000507135
-0.000358934
-0.000181907
2.36821e-05
0.00025751
0.000519182
0.000808217
0.00112403
0.00146592
0.00183303
0.00222436
0.00263874
0.00307482
0.00353105
0.00400567
0.0044967
0.00500197
0.00551906
0.00604536
0.00657805
0.0071141
0.00765032
0.00818335
0.0087097
0.0092258
0.00972801
0.0102127
0.0106761
0.0111148
0.0115252
0.0119041
0.0122485
0.0125554
0.0128225
0.0130477
0.0132291
0.0133657
0.0134566
0.0135015
0.0135005
0.0134546
0.0133648
0.0132329
0.013061
0.0128518
0.0126081
0.0123332
0.0120306
0.0117039
0.0113569
0.0109932
0.0106164
0.0102298
0.00983634
0.00944086
0.00904759
0.00862713
0.00815184
0.00427282
0.00358068
0.00301336
0.00252736
0.002073
0.00165212
0.00126721
0.000917233
0.000601229
0.000318592
6.87813e-05
-0.000148719
-0.000334387
-0.000488668
-0.00061198
-0.000704713
-0.000767231
-0.000799863
-0.00080291
-0.000776639
-0.000721289
-0.000637083
-0.000524227
-0.000382922
-0.000213379
-1.58275e-05
0.000209461
0.000462159
0.000741867
0.00104809
0.00138024
0.00173756
0.00211918
0.00252403
0.00295088
0.00339829
0.00386462
0.00434799
0.00484631
0.00535725
0.00587826
0.00640659
0.00693924
0.00747304
0.00800464
0.00853055
0.00904716
0.00955076
0.0100376
0.0105041
0.0109463
0.0113609
0.0117443
0.0120934
0.0124052
0.0126771
0.0129068
0.0130923
0.0132323
0.0133258
0.0133724
0.013372
0.0133251
0.013233
0.013097
0.0129191
0.0127019
0.012448
0.0121605
0.0118427
0.0114982
0.0111305
0.0107432
0.0103397
0.00992306
0.00949616
0.00906409
0.00863127
0.00816438
0.00763244
0.00456708
0.00381446
0.00320004
0.00267643
0.00218921
0.00174005
0.00133129
0.000961364
0.000628782
0.00033244
7.13207e-05
-0.000155539
-0.000349031
-0.000509972
-0.000639114
-0.000737138
-0.000804659
-0.000842219
-0.00085029
-0.000829272
-0.000779508
-0.000701286
-0.000594854
-0.000460424
-0.000298195
-0.000108361
0.00010886
0.00035321
0.000624372
0.000921949
0.00124544
0.00159422
0.00196752
0.0023644
0.00278373
0.00322418
0.00368422
0.00416206
0.0046557
0.0051629
0.00568116
0.00620777
0.00673976
0.00727398
0.00780708
0.00833552
0.00885565
0.00936371
0.00985587
0.0103283
0.0107772
0.0111988
0.0115896
0.0119462
0.0122654
0.0125444
0.0127807
0.0129723
0.0131175
0.013215
0.0132643
0.0132652
0.013218
0.0131236
0.0129832
0.0127989
0.0125728
0.0123075
0.012006
0.0116715
0.0113074
0.0109171
0.0105041
0.0100719
0.00962341
0.00916147
0.00869149
0.0082182
0.00770451
0.00711625
0.00481219
0.00400089
0.00334051
0.0027799
0.0022601
0.00178266
0.00134978
0.000959432
0.000609636
0.000298834
2.55674e-05
-0.000211541
-0.000413765
-0.00058227
-0.000718116
-0.000822257
-0.000895542
-0.000938709
-0.000952389
-0.000937109
-0.000893301
-0.000821315
-0.000721431
-0.000593868
-0.000438809
-0.000256411
-4.6836e-05
0.000189733
0.000453062
0.000742851
0.0010587
0.0014001
0.0017664
0.00215676
0.00257018
0.00300543
0.00346107
0.00393543
0.00442659
0.00493236
0.00545032
0.00597778
0.0065118
0.00704924
0.0075867
0.00812064
0.00864731
0.00916287
0.0096634
0.0101449
0.0106035
0.0110352
0.0114363
0.0118032
0.0121326
0.0124213
0.0126667
0.0128665
0.0130187
0.013122
0.0131755
0.0131787
0.0131319
0.0130356
0.0128912
0.0127001
0.0124646
0.0121871
0.0118705
0.011518
0.0111327
0.0107182
0.010278
0.0098153
0.00933334
0.00883491
0.00832579
0.00781111
0.00725015
0.00660562
0.00500273
0.00413449
0.00342931
0.00283242
0.00228048
0.00177494
0.0013179
0.00090689
0.000539481
0.000213694
-7.23354e-05
-0.000320371
-0.000532043
-0.000708842
-0.000852115
-0.000963069
-0.00104277
-0.00109213
-0.00111194
-0.00110283
-0.00106532
-0.000999807
-0.000906597
-0.000785911
-0.000637908
-0.000462707
-0.000260406
-3.11145e-05
0.000225025
0.000507808
0.000816947
0.00115204
0.00151254
0.00189775
0.00230676
0.00273847
0.00319153
0.00366437
0.00415513
0.00466172
0.00518175
0.00571256
0.00625125
0.00679464
0.00733933
0.00788169
0.00841793
0.0089441
0.00945613
0.00994991
0.0104213
0.0108663
0.0112808
0.011661
0.0120034
0.0123047
0.0125618
0.0127722
0.0129337
0.0130447
0.013104
0.013111
0.0130657
0.0129684
0.0128202
0.0126225
0.0123775
0.0120873
0.0117549
0.0113833
0.0109757
0.0105356
0.0100666
0.00957202
0.00905511
0.00851881
0.00796936
0.00741233
0.00680346
0.00610237
0.00513359
0.00421009
0.0034613
0.00282893
0.0022454
0.00171209
0.00123101
0.000799282
0.000414052
7.29477e-05
-0.000226275
-0.000485741
-0.000707414
-0.000893088
-0.00104438
-0.00116273
-0.0012494
-0.00130547
-0.00133187
-0.00132932
-0.00129842
-0.0012396
-0.0011532
-0.00103942
-0.000898394
-0.000730193
-0.000534852
-0.000312398
-6.28814e-05
0.000213599
0.000516862
0.000846621
0.00120245
0.00158377
0.00198979
0.00241951
0.0028717
0.00334486
0.00383724
0.00434679
0.00487119
0.00540781
0.00595373
0.00650579
0.00706053
0.00761427
0.00816312
0.00870301
0.00922974
0.00973902
0.0102265
0.010688
0.0111192
0.011516
0.0118745
0.0121913
0.012463
0.0126867
0.0128601
0.012981
0.0130482
0.0130607
0.0130182
0.012921
0.0127699
0.0125661
0.0123116
0.0120087
0.0116599
0.0112685
0.0108377
0.0103709
0.0098718
0.00934401
0.00879079
0.0082153
0.0076243
0.00702388
0.00636623
0.00560792
0.00519995
0.00422281
0.00343159
0.00276457
0.0021501
0.00158947
0.0010846
0.000632242
0.000229139
-0.000127459
-0.000440153
-0.000711407
-0.000943498
-0.0011385
-0.00129829
-0.00142451
-0.00151863
-0.00158186
-0.00161525
-0.00161962
-0.00159562
-0.00154373
-0.00146428
-0.00135746
-0.00122337
-0.00106202
-0.000873383
-0.000657398
-0.000414015
-0.000143225
0.000154907
0.000480213
0.00083239
0.00121097
0.0016153
0.00204448
0.0024974
0.00297265
0.00346855
0.00398314
0.00451412
0.00505891
0.00561461
0.00617801
0.00674562
0.00731368
0.0078782
0.008435
0.00897969
0.00950782
0.0100149
0.0104962
0.0109475
0.0113643
0.0117424
0.0120779
0.0123673
0.0126074
0.0127953
0.0129288
0.0130062
0.0130263
0.0129885
0.0128928
0.0127399
0.0125308
0.0122674
0.0119517
0.0115865
0.0111748
0.01072
0.0102256
0.00969541
0.00913315
0.00854234
0.00792636
0.00729254
0.00664754
0.00594001
0.00512342
0.0051972
0.00416799
0.0033355
0.00263472
0.00199
0.00140256
0.000874278
0.000401494
-1.94137e-05
-0.000391555
-0.000717873
-0.00100115
-0.00124396
-0.00144865
-0.00161732
-0.00175182
-0.00185378
-0.00192457
-0.00196532
-0.00197694
-0.00196013
-0.00191538
-0.00184303
-0.00174326
-0.0016161
-0.00146152
-0.0012794
-0.00106959
-0.000831937
-0.000566317
-0.000272674
4.89508e-05
0.000398381
0.000775275
0.0011791
0.00160908
0.00206422
0.00254321
0.00304445
0.00356604
0.00410576
0.00466103
0.00522897
0.00580635
0.00638962
0.00697496
0.00755826
0.00813519
0.0087012
0.00925163
0.0097817
0.0102866
0.0107616
0.0112019
0.0116032
0.0119611
0.0122716
0.0125313
0.012737
0.012886
0.0129763
0.0130064
0.0129754
0.0128831
0.0127298
0.0125166
0.012245
0.0119171
0.0115356
0.0111035
0.0106242
0.0101014
0.00953916
0.00894133
0.00831168
0.00765389
0.00697589
0.00628497
0.00552619
0.00464984
0.00512091
0.00404113
0.00316855
0.00243489
0.00176068
0.00114703
0.000595759
0.000102847
-0.000335699
-0.000723333
-0.00106333
-0.00135877
-0.00161251
-0.00182715
-0.002005
-0.00214811
-0.00225827
-0.00233695
-0.0023854
-0.00240459
-0.00239525
-0.00235789
-0.00229283
-0.00220022
-0.00208005
-0.0019322
-0.00175648
-0.00155263
-0.00132039
-0.00105952
-0.000769832
-0.00045123
-0.000103759
0.000272375
0.000676763
0.00110877
0.0015675
0.00205175
0.00256004
0.00309052
0.00364103
0.00420902
0.00479162
0.00538558
0.00598731
0.00659288
0.00719808
0.00779843
0.0083892
0.0089655
0.00952229
0.0100545
0.010557
0.0110248
0.0114531
0.0118371
0.0121726
0.0124555
0.0126824
0.0128502
0.0129566
0.0129995
0.0129779
0.0128911
0.0127394
0.0125235
0.0122449
0.0119056
0.0115081
0.0110556
0.0105517
0.01
0.00940488
0.00877044
0.00810074
0.00739975
0.00667612
0.00593777
0.00512607
0.00418807
0.00496679
0.00383793
0.0029264
0.00216079
0.00145785
0.000818636
0.000244874
-0.000267803
-0.000723747
-0.00112674
-0.00148038
-0.00178805
-0.00205286
-0.00227764
-0.00246492
-0.00261693
-0.00273558
-0.00282248
-0.00287895
-0.002906
-0.00290442
-0.0028747
-0.00281714
-0.00273186
-0.00261878
-0.00247771
-0.00230834
-0.00211033
-0.0018833
-0.00162686
-0.0013407
-0.00102458
-0.000678406
-0.000302237
0.000103657
0.000538773
0.00100234
0.00149328
0.0020102
0.00255134
0.00311459
0.00369747
0.00429708
0.00491018
0.00553312
0.00616189
0.00679216
0.00741927
0.00803832
0.00864417
0.00923152
0.00979496
0.0103291
0.0108284
0.0112878
0.0117022
0.0120667
0.0123769
0.0126289
0.0128193
0.0129451
0.0130041
0.0129948
0.0129162
0.0127684
0.0125517
0.0122676
0.0119179
0.0115053
0.0110328
0.0105041
0.0099232
0.00929446
0.00862245
0.00791148
0.00716589
0.00639504
0.00560756
0.00474099
0.00373902
0.00473068
0.00355419
0.00260486
0.00180823
0.00107737
0.000413259
-0.000182451
-0.000714474
-0.00118752
-0.00160569
-0.00197288
-0.00229276
-0.00256871
-0.00280378
-0.00300069
-0.00316183
-0.00328925
-0.00338466
-0.00344945
-0.00348468
-0.00349115
-0.00346935
-0.00341955
-0.0033418
-0.00323598
-0.00310179
-0.00293883
-0.00274664
-0.00252469
-0.00227248
-0.00198955
-0.00167551
-0.00133011
-0.000953246
-0.000545049
-0.000105875
0.000363637
0.000862543
0.00138955
0.00194301
0.00252087
0.00312069
0.0037396
0.00437435
0.00502123
0.00567616
0.00633467
0.00699196
0.0076429
0.00828211
0.008904
0.00950284
0.0100728
0.0106081
0.0111031
0.0115522
0.0119502
0.0122921
0.0125736
0.0127906
0.0129398
0.0130186
0.013025
0.0129577
0.0128164
0.0126013
0.0123136
0.011955
0.0115282
0.0110364
0.0104832
0.0098728
0.00920994
0.00849946
0.00774601
0.00695434
0.00613455
0.00529605
0.00437237
0.00330368
0.00440854
0.00318586
0.00219988
0.00137315
0.000615189
-7.31123e-05
-0.00069019
-0.0012411
-0.0017309
-0.002164
-0.00254461
-0.00287666
-0.00316377
-0.00340922
-0.00361592
-0.0037864
-0.00392284
-0.00402704
-0.00410045
-0.00414418
-0.00415901
-0.00414544
-0.00410369
-0.00403375
-0.00393542
-0.0038083
-0.00365188
-0.00346558
-0.00324872
-0.00300067
-0.0027208
-0.00240856
-0.00206355
-0.00168549
-0.00127434
-0.000830313
-0.000353893
0.000154111
0.000692535
0.00125983
0.00185404
0.00247276
0.00311317
0.003772
0.00444551
0.00512955
0.00581951
0.00651042
0.00719695
0.00787345
0.00853404
0.00917261
0.00978299
0.0103589
0.0108943
0.0113829
0.0118192
0.0121977
0.0125133
0.0127615
0.0129386
0.0130413
0.0130673
0.0130148
0.0128832
0.0126724
0.0123834
0.0120179
0.0115783
0.011068
0.0104907
0.00985092
0.00915351
0.00840373
0.0076066
0.00676731
0.00589675
0.00500513
0.00402178
0.0028832
0.0039964
0.00272897
0.00170749
0.000851608
6.73858e-05
-0.000644386
-0.00128223
-0.00185154
-0.00235771
-0.00280547
-0.00319931
-0.00354343
-0.00384171
-0.00409761
-0.00431422
-0.00449423
-0.00463992
-0.00475319
-0.00483553
-0.00488807
-0.00491161
-0.00490661
-0.00487325
-0.00481145
-0.0047209
-0.00460113
-0.00445149
-0.00427126
-0.00405962
-0.00381578
-0.00353893
-0.00322838
-0.00288351
-0.0025039
-0.00208933
-0.00163982
-0.00115569
-0.000637616
-8.66079e-05
0.000495902
0.00110805
0.00174753
0.00241154
0.00309681
0.00379959
0.00451564
0.00524026
0.00596829
0.00669418
0.00741202
0.0081156
0.00879846
0.00945398
0.0100755
0.0106562
0.0111897
0.0116696
0.0120898
0.0124447
0.0127293
0.0129391
0.0130705
0.0131204
0.0130868
0.0129686
0.0127653
0.0124778
0.0121076
0.011657
0.0111294
0.0105288
0.0098598
0.00912757
0.00833774
0.00749575
0.00660722
0.00568393
0.0047369
0.00369105
0.00247896
0.00349043
0.00217969
0.00112387
0.000239778
-0.000569862
-0.00130437
-0.00196235
-0.00254955
-0.00307169
-0.00353381
-0.00394067
-0.00429675
-0.00460614
-0.00487252
-0.00509916
-0.00528887
-0.00544404
-0.00556664
-0.00565822
-0.00571993
-0.00575255
-0.0057565
-0.00573192
-0.00567864
-0.00559626
-0.00548419
-0.00534166
-0.00516779
-0.00496163
-0.00472218
-0.00444848
-0.00413964
-0.00379486
-0.00341352
-0.0029952
-0.00253975
-0.00204731
-0.00151836
-0.000953771
-0.000354829
0.00027672
0.000938651
0.00162823
0.00234222
0.00307683
0.00382777
0.00459023
0.00535889
0.00612799
0.00689132
0.00764235
0.00837423
0.0090799
0.00975216
0.0103838
0.0109676
0.0114967
0.0119643
0.0123643
0.0126908
0.0129389
0.0131041
0.013183
0.0131729
0.0130722
0.0128803
0.0125975
0.0122253
0.0117659
0.0112227
0.0105998
0.00990195
0.00913478
0.00830424
0.00741622
0.0064768
0.00549868
0.00449376
0.00338228
0.00209267
0.00288688
0.00153428
0.000445268
-0.000466069
-0.00130027
-0.00205677
-0.00273426
-0.00333881
-0.00387649
-0.00435263
-0.00477228
-0.00514017
-0.00546062
-0.00573751
-0.00597426
-0.00617383
-0.0063387
-0.00647091
-0.00657205
-0.00664328
-0.00668537
-0.0066987
-0.00668333
-0.00663903
-0.00656528
-0.00646137
-0.00632638
-0.00615929
-0.00595897
-0.00572425
-0.00545397
-0.00514703
-0.00480244
-0.00441937
-0.00399719
-0.00353554
-0.00303435
-0.00249392
-0.00191494
-0.00129853
-0.000646298
3.96386e-05
0.00075663
0.00150147
0.00227039
0.00305903
0.0038625
0.00467531
0.00549148
0.00630455
0.00710762
0.00789345
0.0086545
0.00938306
0.0100713
0.0107114
0.0112959
0.0118171
0.0122683
0.012643
0.0129353
0.0131402
0.0132535
0.0132721
0.0131938
0.0130176
0.0127434
0.0123723
0.0119068
0.0113499
0.010706
0.00998013
0.0091781
0.00830633
0.00737113
0.00637913
0.00534398
0.0042785
0.00309795
0.00172639
0.00218212
0.00078912
-0.000331921
-0.00126955
-0.00212746
-0.00290518
-0.00360153
-0.0042229
-0.00477568
-0.0052655
-0.00569769
-0.00607722
-0.00640865
-0.00669604
-0.00694298
-0.00715255
-0.00732733
-0.00746943
-0.00758046
-0.00766159
-0.00771356
-0.00773673
-0.00773107
-0.00769626
-0.00763167
-0.00753646
-0.00740956
-0.00724978
-0.00705581
-0.00682629
-0.00655985
-0.00625518
-0.00591107
-0.00552645
-0.00510048
-0.00463257
-0.00412241
-0.0035701
-0.00297612
-0.00234141
-0.0016674
-0.000956091
-0.000210012
0.00056769
0.00137326
0.00220233
0.0030499
0.00391037
0.00477753
0.00564464
0.00650447
0.00734934
0.00817124
0.00896189
0.00971286
0.0104157
0.0110619
0.0116435
0.0121527
0.0125822
0.0129254
0.0131764
0.0133305
0.0133837
0.0133332
0.0131775
0.0129163
0.0125503
0.0120816
0.0115136
0.0108504
0.0100974
0.00926084
0.00834743
0.007364
0.0063177
0.0052232
0.00409433
0.002841
0.00138264
0.00137263
-5.93115e-05
-0.00121121
-0.00217417
-0.00305492
-0.00385311
-0.00456767
-0.00520531
-0.00577273
-0.00627587
-0.00672032
-0.00711131
-0.00745362
-0.0077515
-0.00800868
-0.00822838
-0.00841328
-0.00856553
-0.00868677
-0.00877819
-0.0088405
-0.00887399
-0.00887858
-0.00885383
-0.00879901
-0.00871313
-0.00859496
-0.00844314
-0.00825616
-0.00803246
-0.00777045
-0.00746859
-0.00712543
-0.00673966
-0.00631018
-0.00583614
-0.00531702
-0.00475265
-0.00414329
-0.00348965
-0.002793
-0.00205514
-0.00127849
-0.000466088
0.000378351
0.00125045
0.00214515
0.00305672
0.00397878
0.0049043
0.00582569
0.00673486
0.00762329
0.0084821
0.00930222
0.0100744
0.0107896
0.0114387
0.0120132
0.0125048
0.0129062
0.0132105
0.0134122
0.0135065
0.01349
0.0133606
0.0131173
0.0127607
0.0122926
0.0117163
0.011036
0.0102573
0.00938672
0.00843145
0.0073988
0.00629647
0.00514023
0.00394495
0.00261486
0.00106444
0.000455
-0.0010144
-0.00219599
-0.00318332
-0.00408606
-0.00490396
-0.00563607
-0.00628941
-0.00687101
-0.00738708
-0.00784351
-0.00824576
-0.00859882
-0.00890714
-0.0091746
-0.00940455
-0.00959974
-0.00976239
-0.00989418
-0.00999629
-0.0100694
-0.0101137
-0.0101291
-0.0101151
-0.0100707
-0.00999486
-0.00988617
-0.00974306
-0.00956385
-0.00934673
-0.0090899
-0.00879157
-0.00845002
-0.00806368
-0.00763118
-0.00715141
-0.00662355
-0.00604718
-0.00542228
-0.00474935
-0.0040294
-0.00326405
-0.00245555
-0.00160681
-0.000721474
0.000196116
0.00114086
0.00210692
0.00308774
0.00407603
0.00506387
0.00604273
0.00700355
0.00793686
0.00883287
0.00968163
0.0104731
0.0111975
0.0118451
0.0124069
0.0128744
0.01324
0.0134969
0.0136397
0.0136641
0.0135672
0.0133476
0.0130055
0.0125423
0.0119611
0.0112664
0.0104637
0.00955991
0.00856276
0.00748001
0.00631996
0.00509952
0.00383466
0.00242356
0.000775428
-0.000574034
-0.00207943
-0.00328954
-0.0043003
-0.00522416
-0.00606102
-0.00681001
-0.00747848
-0.00807378
-0.0086024
-0.00907049
-0.00948376
-0.00984742
-0.0101661
-0.0104438
-0.0106841
-0.0108898
-0.0110631
-0.0112057
-0.0113189
-0.0114032
-0.0114589
-0.0114858
-0.0114831
-0.0114499
-0.0113849
-0.0112865
-0.011153
-0.0109824
-0.0107728
-0.010522
-0.0102281
-0.00988903
-0.00950293
-0.00906813
-0.00858322
-0.0080471
-0.00745903
-0.00681872
-0.00612636
-0.00538273
-0.0045892
-0.00374782
-0.00286134
-0.00193327
-0.000967911
2.96365e-05
0.00105346
0.00209684
0.00315226
0.00421146
0.00526547
0.00630472
0.00731909
0.00829808
0.0092309
0.0101067
0.0109145
0.0116438
0.0122844
0.0128267
0.013262
0.0135826
0.013782
0.013855
0.0137978
0.0136085
0.0132866
0.0128333
0.0122514
0.0115453
0.0107208
0.00978508
0.00874628
0.00761271
0.00639329
0.00510615
0.00376842
0.0022718
0.000519897
-0.00171761
-0.00325752
-0.00449501
-0.00552825
-0.0064724
-0.00732746
-0.00809268
-0.00877572
-0.00938422
-0.00992497
-0.0104044
-0.0108284
-0.0112025
-0.0115314
-0.0118194
-0.01207
-0.0122862
-0.0124703
-0.0126241
-0.0127487
-0.0128448
-0.0129124
-0.0129513
-0.0129607
-0.0129394
-0.0128861
-0.0127989
-0.0126759
-0.012515
-0.0123139
-0.0120703
-0.0117819
-0.0114463
-0.0110614
-0.0106253
-0.0101361
-0.00959243
-0.00899323
-0.00833788
-0.00762626
-0.00685883
-0.00603671
-0.00516168
-0.00423629
-0.00326391
-0.00224872
-0.0011958
-0.000111097
0.000998539
0.00212538
0.00326085
0.00439555
0.00551938
0.00662157
0.00769088
0.00871565
0.00968403
0.0105841
0.0114042
0.0121329
0.0127595
0.013274
0.0136675
0.0139324
0.0140625
0.0140532
0.0139015
0.0136065
0.0131687
0.0125908
0.0118771
0.0110335
0.0100675
0.00898757
0.00780266
0.00652231
0.00516594
0.00375191
0.00216502
0.000302907
-0.0029787
-0.00455169
-0.00581544
-0.00687024
-0.00783386
-0.00870638
-0.00948717
-0.0101842
-0.0108054
-0.0113578
-0.0118481
-0.0122826
-0.0126668
-0.0130058
-0.0133039
-0.0135649
-0.0137917
-0.0139868
-0.014152
-0.0142883
-0.0143965
-0.0144766
-0.0145281
-0.0145503
-0.0145417
-0.0145009
-0.014426
-0.0143146
-0.0141645
-0.0139731
-0.0137378
-0.0134561
-0.0131252
-0.0127428
-0.0123064
-0.011814
-0.0112638
-0.0106543
-0.00998458
-0.00925414
-0.0084631
-0.00761226
-0.00670312
-0.00573797
-0.00471996
-0.00365314
-0.0025425
-0.00139399
-0.000214561
0.000987887
0.00220448
0.00342542
0.00464007
0.00583702
0.00700423
0.00812915
0.00919893
0.0102005
0.0111211
0.0119479
0.0126688
0.0132728
0.0137494
0.0140898
0.0142866
0.014334
0.0142283
0.0139675
0.0135519
0.0129835
0.0122667
0.0114073
0.010413
0.00929287
0.00805633
0.0067136
0.00528549
0.00379166
0.00210952
0.000130364
-0.00436014
-0.00596482
-0.00725373
-0.00832922
-0.00931149
-0.0102008
-0.0109965
-0.0117069
-0.0123402
-0.0129038
-0.0134047
-0.0138492
-0.0142432
-0.014592
-0.0149001
-0.0151712
-0.0154087
-0.0156148
-0.0157915
-0.0159399
-0.0160605
-0.0161535
-0.0162183
-0.0162538
-0.0162589
-0.0162315
-0.0161697
-0.0160711
-0.0159329
-0.0157525
-0.0155269
-0.0152532
-0.0149285
-0.0145499
-0.0141147
-0.0136204
-0.0130649
-0.0124462
-0.0117631
-0.0110145
-0.0102004
-0.00932104
-0.00837763
-0.00737216
-0.00630753
-0.00518757
-0.00401714
-0.00280215
-0.00154959
-0.000267501
0.00103497
0.00234766
0.0036594
0.00495814
0.00623104
0.00746463
0.00864498
0.00975788
0.0107891
0.0117247
0.012551
0.0132554
0.0138262
0.0142529
0.0145269
0.0146411
0.0145906
0.0143726
0.0139866
0.0134342
0.0127194
0.0118481
0.0108282
0.00966917
0.00838102
0.00697465
0.00547232
0.00389511
0.00211253
9.11923e-06
-0.00586459
-0.00749964
-0.00881268
-0.00990801
-0.0109082
-0.0118135
-0.0126235
-0.0133466
-0.0139915
-0.0145658
-0.0150766
-0.0155308
-0.0159342
-0.0162925
-0.0166102
-0.0168913
-0.0171392
-0.0173563
-0.0175445
-0.0177051
-0.0178385
-0.0179447
-0.0180232
-0.0180729
-0.0180923
-0.0180793
-0.0180317
-0.0179469
-0.0178219
-0.0176538
-0.0174393
-0.0171752
-0.0168582
-0.016485
-0.0160526
-0.015558
-0.0149986
-0.0143721
-0.0136768
-0.0129113
-0.0120748
-0.0111675
-0.01019
-0.00914403
-0.00803211
-0.00685783
-0.00562586
-0.00434201
-0.00301322
-0.00164768
-0.000254727
0.00115511
0.0025702
0.00397782
0.00536434
0.00671534
0.00801578
0.00925019
0.010403
0.0114586
0.0124021
0.0132189
0.0138958
0.0144208
0.0147835
0.0149755
0.0149906
0.0148249
0.014477
0.0139479
0.0132412
0.0123626
0.0113204
0.0101243
0.00878493
0.00731388
0.00573496
0.00407074
0.00218232
-5.29223e-05
-0.00749455
-0.00915874
-0.010495
-0.0116094
-0.0126267
-0.0135474
-0.0143709
-0.0151063
-0.0157621
-0.0163464
-0.0168667
-0.0173298
-0.0177422
-0.0181093
-0.0184362
-0.018727
-0.018985
-0.0192129
-0.0194126
-0.0195853
-0.0197316
-0.0198514
-0.0199441
-0.0200084
-0.0200428
-0.020045
-0.0200126
-0.0199428
-0.0198323
-0.019678
-0.0194761
-0.0192232
-0.0189155
-0.0185495
-0.0181216
-0.0176284
-0.0170669
-0.0164344
-0.0157284
-0.0149472
-0.0140897
-0.0131552
-0.0121442
-0.0110579
-0.00989838
-0.00866897
-0.00737407
-0.0060193
-0.00461154
-0.00315899
-0.00167118
-0.000158926
0.00136565
0.00288924
0.00439741
0.00587475
0.00730508
0.00867164
0.00995735
0.0111451
0.0122181
0.0131602
0.0139562
0.0145923
0.0150564
0.0153385
0.0154308
0.015328
0.0150278
0.0145304
0.0138387
0.0129585
0.0118979
0.0106671
0.00927729
0.00774078
0.00608301
0.00432815
0.00232832
-4.66866e-05
-0.00925234
-0.0109446
-0.0123032
-0.013436
-0.0144698
-0.0154052
-0.0162417
-0.0169885
-0.0176546
-0.0182483
-0.0187772
-0.0192487
-0.0196692
-0.0200446
-0.0203801
-0.0206799
-0.0209475
-0.0211858
-0.0213967
-0.0215814
-0.0217406
-0.0218741
-0.0219812
-0.0220606
-0.0221106
-0.0221288
-0.0221126
-0.0220589
-0.0219642
-0.021825
-0.0216373
-0.0213973
-0.0211008
-0.0207438
-0.0203224
-0.0198326
-0.019271
-0.0186342
-0.0179194
-0.0171243
-0.0162471
-0.0152868
-0.0142432
-0.013117
-0.0119101
-0.0106251
-0.00926627
-0.0078389
-0.00634976
-0.004807
-0.00322024
-0.00160056
3.95196e-05
0.00168608
0.00332391
0.00493664
0.00650691
0.0080166
0.00944708
0.0107795
0.0119953
0.0130764
0.0140054
0.0147667
0.015346
0.0157316
0.0159138
0.0158859
0.0156442
0.0151879
0.0145194
0.013644
0.0125698
0.0113074
0.00986842
0.00826602
0.00652734
0.00467823
0.00256126
3.81954e-05
-0.0111402
-0.0128596
-0.0142398
-0.0153904
-0.0164402
-0.0173896
-0.0182384
-0.018996
-0.0196716
-0.0202738
-0.0208106
-0.0212894
-0.0217172
-0.0221001
-0.0224433
-0.0227513
-0.0230279
-0.0232759
-0.0234974
-0.0236937
-0.0238655
-0.0240126
-0.0241342
-0.024229
-0.0242951
-0.02433
-0.0243308
-0.0242942
-0.0242165
-0.0240939
-0.023922
-0.0236966
-0.0234132
-0.0230672
-0.0226543
-0.0221701
-0.0216105
-0.0209716
-0.0202501
-0.019443
-0.018548
-0.0175634
-0.0164886
-0.0153236
-0.0140696
-0.0127292
-0.0113058
-0.0098046
-0.00823208
-0.00659628
-0.00490684
-0.00317501
-0.00141369
0.00036268
0.00213813
0.00389533
0.00561574
0.00727982
0.00886735
0.0103577
0.0117302
0.0129647
0.0140417
0.0149432
0.0156529
0.0161566
0.0164429
0.0165031
0.016332
0.0159277
0.0152915
0.0144284
0.0133463
0.0120561
0.0105699
0.00890158
0.00708016
0.00513326
0.00289329
0.000213525
-0.01316
-0.0149059
-0.0163073
-0.0174752
-0.0185404
-0.0195033
-0.0203637
-0.0211313
-0.0218156
-0.0224254
-0.022969
-0.0234542
-0.0238881
-0.0242772
-0.0246269
-0.0249421
-0.0252265
-0.0254833
-0.0257147
-0.0259219
-0.0261058
-0.0262661
-0.0264021
-0.0265124
-0.0265948
-0.0266468
-0.0266653
-0.0266468
-0.0265873
-0.0264826
-0.0263281
-0.026119
-0.0258506
-0.0255177
-0.0251156
-0.0246392
-0.024084
-0.0234454
-0.0227195
-0.0219026
-0.0209919
-0.0199851
-0.0188806
-0.0176781
-0.0163782
-0.0149826
-0.0134946
-0.0119188
-0.0102614
-0.00853019
-0.00673475
-0.00488645
-0.00299844
-0.00108567
0.000835201
0.0027459
0.0046267
0.00645665
0.00821383
0.00987572
0.0114196
0.0128229
0.0140638
0.0151218
0.015978
0.0166159
0.0170217
0.0171847
0.0170978
0.0167575
0.0161642
0.0153221
0.0142389
0.0129255
0.0113946
0.00966089
0.00775518
0.00570706
0.00333813
0.000492689
-0.0153138
-0.0170859
-0.0185081
-0.019693
-0.0207731
-0.021749
-0.0226204
-0.0233971
-0.0240891
-0.0247053
-0.0252545
-0.0257446
-0.0261833
-0.0265771
-0.0269319
-0.0272527
-0.0275437
-0.027808
-0.0280479
-0.0282651
-0.0284602
-0.0286331
-0.028783
-0.0289084
-0.0290072
-0.0290767
-0.0291134
-0.0291137
-0.0290734
-0.0289879
-0.0288522
-0.0286612
-0.0284097
-0.028092
-0.0277029
-0.0272367
-0.0266883
-0.0260526
-0.0253248
-0.0245008
-0.0235768
-0.0225499
-0.0214179
-0.0201797
-0.0188351
-0.0173854
-0.0158332
-0.0141825
-0.0124391
-0.0106106
-0.00870632
-0.00673765
-0.00471794
-0.00266251
-0.000588681
0.00148439
0.00353581
0.00554319
0.00748291
0.00933043
0.0110608
0.012649
0.0140707
0.0153025
0.0163228
0.0171123
0.0176546
0.0179365
0.0179488
0.0176862
0.0171477
0.0163366
0.0152601
0.0139293
0.0123571
0.010559
0.00856779
0.00641516
0.00391123
0.000890823
-0.0176033
-0.0194015
-0.0208446
-0.0220463
-0.0231412
-0.0241295
-0.0250112
-0.0257962
-0.0264946
-0.027116
-0.0276691
-0.0281625
-0.0286041
-0.0290008
-0.0293588
-0.0296834
-0.0299789
-0.030249
-0.0304959
-0.0307215
-0.0309266
-0.031111
-0.031274
-0.0314141
-0.031529
-0.0316158
-0.031671
-0.0316907
-0.0316704
-0.0316051
-0.0314897
-0.0313184
-0.0310856
-0.0307852
-0.0304113
-0.0299578
-0.0294188
-0.0287886
-0.0280618
-0.0272333
-0.0262987
-0.0252543
-0.0240972
-0.0228254
-0.021438
-0.0199356
-0.01832
-0.0165946
-0.0147648
-0.0128376
-0.0108222
-0.00872979
-0.00657381
-0.00436991
-0.00213594
0.000108112
0.00234024
0.00453662
0.00667188
0.00871946
0.010652
0.012442
0.0140622
0.0154862
0.0166893
0.0176492
0.0183465
0.0187651
0.0188933
0.0187236
0.0182535
0.0174848
0.0164242
0.0150827
0.0134734
0.0116126
0.00953522
0.00727502
0.00463
0.001425
-0.0200302
-0.0218551
-0.0233192
-0.0245379
-0.0256474
-0.0266478
-0.027539
-0.0283311
-0.0290348
-0.0296595
-0.0302148
-0.0307094
-0.0311516
-0.0315488
-0.0319076
-0.0322336
-0.0325314
-0.0328049
-0.0330567
-0.0332888
-0.033502
-0.0336965
-0.0338714
-0.0340251
-0.0341553
-0.0342592
-0.0343329
-0.0343722
-0.0343725
-0.0343284
-0.0342343
-0.0340842
-0.0338719
-0.0335909
-0.0332345
-0.0327961
-0.0322691
-0.0316472
-0.0309241
-0.030094
-0.0291518
-0.0280928
-0.0269133
-0.0256103
-0.0241824
-0.022629
-0.0209513
-0.0191521
-0.0172359
-0.0152093
-0.013081
-0.0108621
-0.00856587
-0.00620819
-0.00380735
-0.00138407
0.00103858
0.0034354
0.00577926
0.00804152
0.0101924
0.0122016
0.0140388
0.0156744
0.0170805
0.018231
0.0191032
0.0196779
0.0199404
0.0198807
0.019494
0.0187808
0.0177468
0.0164026
0.0147615
0.0128405
0.0106767
0.00830617
0.00551395
0.00211445
-0.0225964
-0.0244488
-0.0259348
-0.0271708
-0.0282948
-0.0293069
-0.0302068
-0.031005
-0.0317122
-0.0323384
-0.0328935
-0.0333868
-0.0338268
-0.0342216
-0.0345782
-0.0349025
-0.0351996
-0.0354736
-0.0357276
-0.0359636
-0.0361828
-0.0363852
-0.0365701
-0.0367361
-0.0368806
-0.0370007
-0.0370924
-0.0371513
-0.0371724
-0.0371501
-0.0370784
-0.0369508
-0.0367606
-0.0365007
-0.036164
-0.0357431
-0.0352308
-0.0346199
-0.0339035
-0.0330749
-0.0321281
-0.0310575
-0.0298585
-0.0285274
-0.0270614
-0.0254594
-0.0237215
-0.0218496
-0.0198476
-0.0177215
-0.0154792
-0.0131316
-0.0106918
-0.00817558
-0.00560169
-0.00299142
-0.000368805
0.00223963
0.00480505
0.0072967
0.00968231
0.0119286
0.0140022
0.0158699
0.0175
0.0188628
0.0199316
0.0206837
0.0211007
0.0211698
0.0208836
0.0202407
0.0192454
0.0179079
0.0162415
0.0142636
0.0120138
0.00953046
0.00658498
0.00298076
-0.0253034
-0.0271852
-0.0286941
-0.0299481
-0.0310869
-0.0321103
-0.0330181
-0.0338208
-0.0345297
-0.035155
-0.0357071
-0.0361959
-0.0366304
-0.0370192
-0.0373698
-0.0376887
-0.0379814
-0.0382524
-0.0385051
-0.0387419
-0.0389639
-0.0391716
-0.0393643
-0.0395405
-0.0396977
-0.0398327
-0.0399416
-0.0400196
-0.0400615
-0.0400613
-0.0400126
-0.0399085
-0.0397417
-0.0395047
-0.0391897
-0.0387886
-0.0382935
-0.0376964
-0.0369896
-0.0361656
-0.0352174
-0.0341385
-0.0329232
-0.0315669
-0.0300658
-0.0284178
-0.0266219
-0.0246792
-0.0225927
-0.0203673
-0.0180106
-0.0155328
-0.0129467
-0.010268
-0.00751547
-0.00471104
-0.00187951
0.00095135
0.00375106
0.00648675
0.00912361
0.0116254
0.0139553
0.0160765
0.017953
0.0195511
0.0208398
0.0217921
0.0223859
0.0226047
0.0224379
0.0218819
0.0209394
0.0196195
0.0179355
0.0159052
0.0135706
0.0109724
0.00786758
0.00404814
-0.0281533
-0.0300668
-0.0316004
-0.0328734
-0.0340273
-0.0350619
-0.0359766
-0.0367822
-0.0374904
-0.0381119
-0.0386577
-0.039138
-0.0395629
-0.0399413
-0.0402814
-0.0405904
-0.0408742
-0.0411377
-0.0413849
-0.0416183
-0.0418396
-0.0420492
-0.0422467
-0.0424305
-0.0425981
-0.0427464
-0.042871
-0.0429672
-0.0430294
-0.0430512
-0.0430258
-0.0429459
-0.0428037
-0.042591
-0.0422995
-0.0419203
-0.0414448
-0.0408642
-0.0401699
-0.0393536
-0.0384071
-0.0373232
-0.036095
-0.0347168
-0.0331838
-0.0314927
-0.0296415
-0.0276303
-0.0254608
-0.0231372
-0.0206664
-0.0180575
-0.0153231
-0.0124785
-0.00954258
-0.00653747
-0.00348869
-0.000425122
0.00262121
0.0056154
0.00852008
0.011296
0.0139027
0.0162994
0.0184459
0.0203037
0.0218372
0.0230146
0.0238094
0.0242006
0.0241745
0.0237242
0.0228504
0.0215609
0.0198684
0.0177914
0.0153738
0.0126591
0.00938916
0.0053437
-0.0311483
-0.0330968
-0.0346575
-0.0359508
-0.0371206
-0.038166
-0.0390864
-0.0398931
-0.0405977
-0.041212
-0.0417472
-0.0422146
-0.0426247
-0.0429874
-0.0433116
-0.043605
-0.0438743
-0.0441251
-0.0443616
-0.0445869
-0.0448029
-0.0450103
-0.0452088
-0.0453969
-0.0455721
-0.0457312
-0.0458697
-0.0459827
-0.0460641
-0.0461073
-0.0461052
-0.0460499
-0.045933
-0.0457458
-0.0454792
-0.0451239
-0.0446702
-0.0441086
-0.0434296
-0.0426238
-0.0416824
-0.0405967
-0.039359
-0.0379623
-0.0364008
-0.0346698
-0.0327663
-0.0306891
-0.0284388
-0.0260187
-0.0234344
-0.0206944
-0.0178104
-0.0147974
-0.011674
-0.00846245
-0.00518881
-0.00188286
0.00142195
0.00468874
0.00787766
0.0109464
0.0138507
0.0165458
0.0189867
0.02113
0.0229348
0.0243641
0.025386
0.0259751
0.026113
0.0257894
0.0250023
0.0237579
0.0220679
0.0199509
0.0174534
0.0146213
0.0111803
0.00689776
-0.0342907
-0.0362789
-0.0378698
-0.0391853
-0.0403717
-0.0414277
-0.0423526
-0.0431578
-0.0438556
-0.0444583
-0.044978
-0.0454267
-0.045816
-0.0461566
-0.0464582
-0.0467295
-0.0469778
-0.0472094
-0.0474291
-0.0476404
-0.0478456
-0.0480458
-0.0482407
-0.048429
-0.0486084
-0.0487752
-0.0489251
-0.0490528
-0.0491519
-0.0492156
-0.0492362
-0.0492054
-0.0491142
-0.0489533
-0.0487129
-0.0483829
-0.047953
-0.0474126
-0.0467514
-0.0459591
-0.0450257
-0.0439415
-0.0426976
-0.0412859
-0.0396993
-0.0379318
-0.0359793
-0.033839
-0.0315106
-0.0289959
-0.0262995
-0.0234289
-0.0203948
-0.0172116
-0.0138975
-0.0104746
-0.00696923
-0.00341198
0.000162488
0.00371551
0.00720479
0.0105849
0.013808
0.0168248
0.0195856
0.0220414
0.0241456
0.0258554
0.027133
0.0279474
0.0282752
0.0281019
0.027422
0.0262394
0.0245647
0.0224162
0.0198426
0.0168928
0.0132753
0.00874422
-0.0375839
-0.0396174
-0.0412425
-0.0425826
-0.0437868
-0.0448532
-0.0457809
-0.0465817
-0.0472686
-0.0478545
-0.0483525
-0.0487759
-0.049137
-0.0494478
-0.049719
-0.0499602
-0.0501796
-0.0503844
-0.0505799
-0.0507703
-0.0509583
-0.0511453
-0.0513313
-0.051515
-0.0516941
-0.0518649
-0.0520231
-0.0521628
-0.0522776
-0.0523603
-0.0524026
-0.0523957
-0.0523301
-0.0521959
-0.0519825
-0.051679
-0.0512744
-0.0507573
-0.0501162
-0.0493399
-0.0484173
-0.0473377
-0.0460909
-0.0446676
-0.0430593
-0.0412588
-0.0392605
-0.0370605
-0.0346568
-0.03205
-0.0292433
-0.0262431
-0.0230591
-0.0197046
-0.0161973
-0.012559
-0.00881603
-0.00499938
-0.00114479
0.00270745
0.00651276
0.0102227
0.0137858
0.0171481
0.0202549
0.0230513
0.0254847
0.0275055
0.0290695
0.0301393
0.0306856
0.0306887
0.0301391
0.0290376
0.027393
0.0252231
0.0225788
0.0195117
0.0157123
0.0109209
-0.0410315
-0.0431178
-0.044782
-0.0461497
-0.047373
-0.0484495
-0.049378
-0.0501708
-0.0508417
-0.0514045
-0.0518737
-0.0522634
-0.0525877
-0.0528595
-0.0530909
-0.0532926
-0.053474
-0.053643
-0.0538058
-0.0539672
-0.0541304
-0.0542972
-0.0544678
-0.0546411
-0.0548148
-0.0549853
-0.0551477
-0.0552963
-0.0554242
-0.0555237
-0.0555861
-0.0556021
-0.0555616
-0.055454
-0.055268
-0.0549919
-0.0546138
-0.0541214
-0.0535024
-0.0527444
-0.0518352
-0.0507629
-0.0495162
-0.0480845
-0.0464578
-0.0446278
-0.0425872
-0.0403306
-0.0378547
-0.0351585
-0.0322439
-0.0291157
-0.0257825
-0.0222565
-0.0185544
-0.0146974
-0.0107117
-0.00662843
-0.00248411
0.0016796
0.00581603
0.00987391
0.013798
0.0175299
0.0210095
0.0241759
0.0269696
0.0293339
0.0312174
0.0325753
0.0333714
0.0335801
0.0331866
0.0321881
0.0305908
0.0284116
0.0257033
0.0225203
0.0185338
0.0134701
-0.0446384
-0.0467866
-0.0484962
-0.0498951
-0.0511391
-0.0522252
-0.0531521
-0.0539325
-0.0545812
-0.0551133
-0.0555446
-0.055891
-0.0561678
-0.0563898
-0.0565704
-0.0567216
-0.0568542
-0.0569769
-0.057097
-0.05722
-0.0573497
-0.0574882
-0.057636
-0.0577924
-0.0579547
-0.0581195
-0.0582817
-0.0584353
-0.0585729
-0.0586866
-0.058767
-0.0588044
-0.058788
-0.0587064
-0.0585477
-0.0582993
-0.0579485
-0.057482
-0.0568865
-0.0561486
-0.055255
-0.0541925
-0.0529487
-0.0515114
-0.0498695
-0.0480131
-0.0459334
-0.0436236
-0.0410787
-0.0382961
-0.035276
-0.0320219
-0.0285407
-0.0248435
-0.0209457
-0.0168676
-0.012635
-0.0082788
-0.00383604
0.000650559
0.00513251
0.00955588
0.0138619
0.0179876
0.0218673
0.0254339
0.0286206
0.031363
0.0336013
0.0352827
0.0363631
0.0368096
0.0366014
0.0357308
0.0342007
0.0320264
0.0292625
0.0259659
0.0217876
0.0164389
-0.0484109
-0.0506322
-0.0523947
-0.0538292
-0.0550957
-0.0561907
-0.0571127
-0.0578751
-0.0584941
-0.0589863
-0.0593691
-0.0596603
-0.0598774
-0.0600366
-0.0601534
-0.0602413
-0.0603124
-0.0603768
-0.0604428
-0.0605166
-0.0606027
-0.0607037
-0.0608204
-0.0609521
-0.0610963
-0.0612494
-0.0614061
-0.06156
-0.0617036
-0.0618282
-0.061924
-0.0619807
-0.0619868
-0.0619302
-0.0617982
-0.0615774
-0.0612541
-0.0608142
-0.0602433
-0.0595268
-0.0586504
-0.0575998
-0.056361
-0.0549208
-0.0532665
-0.0513866
-0.049271
-0.0469111
-0.0443002
-0.0414341
-0.0383113
-0.0349335
-0.0313061
-0.0274384
-0.0233446
-0.0190438
-0.0145608
-0.00992637
-0.00517737
-0.000357339
0.00448375
0.00928958
0.013998
0.0185416
0.0228493
0.0268472
0.030461
0.0336178
0.0362489
0.0382922
0.0396947
0.0404148
0.0404244
0.0397099
0.03827
0.0361174
0.033308
0.0299013
0.0255268
0.0198801
-0.0523569
-0.0546649
-0.0564896
-0.0579647
-0.0592558
-0.0603586
-0.0612715
-0.0620091
-0.062589
-0.0630299
-0.0633513
-0.0635734
-0.0637159
-0.0637973
-0.0638351
-0.0638447
-0.0638399
-0.0638322
-0.0638308
-0.0638432
-0.0638743
-0.0639274
-0.0640035
-0.064102
-0.0642205
-0.0643551
-0.0645003
-0.0646495
-0.0647945
-0.0649261
-0.0650343
-0.0651077
-0.0651342
-0.0651011
-0.0649946
-0.0648008
-0.0645048
-0.0640916
-0.0635457
-0.0628516
-0.0619936
-0.0609563
-0.0597244
-0.0582832
-0.0566188
-0.054718
-0.0525691
-0.0501619
-0.0474879
-0.0445412
-0.0413184
-0.0378193
-0.0340475
-0.0300105
-0.025721
-0.0211964
-0.0164606
-0.0115432
-0.00648107
-0.00131794
0.00389507
0.00909965
0.0142305
0.0192162
0.0239799
0.028441
0.0325174
0.036127
0.0391915
0.0416382
0.0434039
0.0444371
0.0447011
0.0441749
0.0428514
0.0407401
0.0378977
0.0343858
0.0298109
0.0238524
-0.0564864
-0.058898
-0.0607957
-0.0623174
-0.0636352
-0.064744
-0.0656424
-0.0663465
-0.0668759
-0.0672517
-0.0674963
-0.0676325
-0.0676829
-0.0676688
-0.0676099
-0.067524
-0.0674266
-0.0673308
-0.0672474
-0.0671845
-0.067148
-0.0671415
-0.0671664
-0.0672222
-0.0673065
-0.0674152
-0.0675424
-0.0676809
-0.0678224
-0.0679569
-0.0680736
-0.0681606
-0.0682051
-0.0681934
-0.068111
-0.0679429
-0.0676735
-0.0672865
-0.0667656
-0.0660941
-0.0652552
-0.064232
-0.0630082
-0.0615676
-0.0598948
-0.0579751
-0.0557952
-0.053343
-0.0506085
-0.0475837
-0.0442633
-0.0406453
-0.0367309
-0.0325261
-0.0280414
-0.0232926
-0.0183018
-0.0130977
-0.00771636
-0.00220134
0.00339559
0.00901451
0.0145875
0.020039
0.025287
0.0302442
0.0348199
0.0389229
0.0424637
0.0453587
0.0475327
0.0489231
0.0494823
0.0491806
0.0480038
0.0459568
0.0430962
0.0394857
0.0347066
0.0284217
-0.0608126
-0.0633478
-0.0653316
-0.0669066
-0.0682531
-0.0693654
-0.0702423
-0.0709019
-0.0713666
-0.0716606
-0.0718096
-0.0718401
-0.0717778
-0.0716473
-0.0714713
-0.0712699
-0.071061
-0.0708594
-0.0706771
-0.0705235
-0.0704052
-0.0703264
-0.0702886
-0.0702915
-0.0703324
-0.0704068
-0.0705088
-0.0706305
-0.0707629
-0.0708955
-0.0710168
-0.0711139
-0.0711734
-0.0711806
-0.0711202
-0.0709763
-0.070732
-0.0703704
-0.0698739
-0.0692247
-0.0684047
-0.067396
-0.0661809
-0.0647417
-0.0630615
-0.0611243
-0.0589149
-0.0564197
-0.0536266
-0.0505259
-0.0471101
-0.0433751
-0.0393201
-0.0349488
-0.0302696
-0.0252963
-0.0200491
-0.0145551
-0.00884904
-0.00297407
0.00301801
0.00906621
0.0151004
0.0210415
0.0268023
0.032289
0.0374024
0.0420412
0.0461046
0.0494963
0.0521281
0.053924
0.0548244
0.0547884
0.0537931
0.0518373
0.0489764
0.0452753
0.0402888
0.0336618
-0.065352
-0.0680351
-0.0701204
-0.0717563
-0.0731332
-0.074245
-0.0750913
-0.0756926
-0.076075
-0.0762667
-0.0762977
-0.0761987
-0.0759995
-0.0757284
-0.0754116
-0.0750721
-0.0747302
-0.0744025
-0.0741028
-0.0738415
-0.073626
-0.0734609
-0.0733479
-0.0732866
-0.0732742
-0.0733059
-0.073375
-0.0734732
-0.0735907
-0.0737163
-0.0738376
-0.0739411
-0.0740122
-0.0740355
-0.0739946
-0.0738727
-0.0736519
-0.0733142
-0.0728409
-0.072213
-0.0714113
-0.0704167
-0.0692101
-0.0677724
-0.0660853
-0.0641312
-0.0618933
-0.0593562
-0.0565059
-0.0533307
-0.0498211
-0.0459708
-0.0417768
-0.0372402
-0.0323671
-0.0271692
-0.0216642
-0.0158775
-0.0098419
-0.00359949
0.00279835
0.00929019
0.0158043
0.0222585
0.028561
0.0346114
0.0403023
0.0455218
0.050157
0.0540979
0.0572415
0.0594969
0.06079
0.0610667
0.0602931
0.0584597
0.0556198
0.0518385
0.0466416
0.0396554
-0.0701259
-0.0729859
-0.0751907
-0.076896
-0.0783046
-0.0794102
-0.0802136
-0.0807392
-0.0810176
-0.081082
-0.0809679
-0.0807111
-0.0803464
-0.0799068
-0.0794219
-0.0789185
-0.0784192
-0.0779431
-0.0775055
-0.0771179
-0.0767883
-0.0765219
-0.0763204
-0.0761832
-0.0761071
-0.0760868
-0.076115
-0.0761827
-0.0762792
-0.0763925
-0.0765092
-0.0766149
-0.0766941
-0.0767303
-0.0767062
-0.0766037
-0.0764043
-0.0760885
-0.0756366
-0.0750286
-0.0742441
-0.0732625
-0.0720635
-0.0706267
-0.0689324
-0.0669613
-0.064695
-0.0621163
-0.0592095
-0.0559607
-0.0523583
-0.0483937
-0.0440616
-0.0393606
-0.0342942
-0.0288713
-0.0231074
-0.0170251
-0.0106554
-0.0040385
0.00277529
0.00972473
0.0167371
0.023728
0.0306015
0.0372509
0.0435607
0.0494083
0.0546681
0.059215
0.06293
0.0657051
0.0674489
0.0680919
0.0675863
0.0659122
0.0631187
0.05927
0.0538602
0.0464959
-0.0751613
-0.0782331
-0.0805787
-0.0823624
-0.0838027
-0.0848938
-0.0856384
-0.0860661
-0.0862133
-0.08612
-0.0858281
-0.0853801
-0.0848165
-0.0841756
-0.0834916
-0.0827949
-0.0821112
-0.0814619
-0.0808639
-0.0803297
-0.0798682
-0.0794845
-0.0791805
-0.078955
-0.0788046
-0.078723
-0.0787022
-0.0787323
-0.0788016
-0.0788971
-0.0790045
-0.0791082
-0.0791917
-0.0792374
-0.079227
-0.0791413
-0.0789605
-0.0786643
-0.0782318
-0.0776416
-0.0768723
-0.0759021
-0.0747092
-0.0732721
-0.0715695
-0.0695805
-0.0672852
-0.0646645
-0.0617009
-0.0583785
-0.0546836
-0.0506052
-0.0461353
-0.0412701
-0.0360103
-0.030362
-0.0243376
-0.0179571
-0.0112487
-0.00425039
0.00298933
0.0104102
0.0179392
0.0254905
0.0329647
0.0402497
0.0472218
0.0537479
0.059689
0.0649041
0.0692563
0.0726181
0.0748786
0.0759493
0.0757656
0.0742941
0.0715773
0.0676772
0.0620524
0.0542886
-0.0804928
-0.0838183
-0.0863291
-0.0882009
-0.0896713
-0.0907359
-0.0914007
-0.091702
-0.0916843
-0.0913959
-0.0908871
-0.090208
-0.0894064
-0.0885265
-0.0876079
-0.086685
-0.0857869
-0.0849372
-0.0841543
-0.083452
-0.0828395
-0.0823219
-0.0819009
-0.0815747
-0.081339
-0.0811867
-0.0811089
-0.0810943
-0.0811304
-0.0812028
-0.0812961
-0.0813937
-0.0814777
-0.0815295
-0.0815296
-0.0814577
-0.0812929
-0.0810136
-0.0805978
-0.080023
-0.0792666
-0.0783055
-0.0771168
-0.0756773
-0.0739645
-0.071956
-0.0696302
-0.0669664
-0.0639451
-0.0605483
-0.0567603
-0.0525675
-0.0479595
-0.0429298
-0.037476
-0.0316011
-0.0253144
-0.0186326
-0.0115808
-0.00419405
0.00348163
0.0113877
0.0194521
0.027588
0.0356937
0.0436523
0.0513325
0.0585909
0.0652746
0.0712261
0.0762884
0.0803125
0.0831648
0.0847342
0.0849354
0.0837178
0.0811145
0.0771824
0.0713411
0.0631533
-0.0861645
-0.0897937
-0.0924985
-0.0944678
-0.095964
-0.0969849
-0.097542
-0.0976807
-0.0974561
-0.0969269
-0.0961538
-0.0951964
-0.0941111
-0.092949
-0.0917556
-0.0905698
-0.0894239
-0.0883442
-0.0873504
-0.0864572
-0.0856739
-0.0850054
-0.0844527
-0.0840133
-0.0836816
-0.0834496
-0.0833069
-0.083241
-0.083238
-0.0832824
-0.0833572
-0.0834446
-0.0835256
-0.0835801
-0.0835875
-0.0835264
-0.0833746
-0.0831093
-0.0827075
-0.0821454
-0.0813991
-0.0804445
-0.0792571
-0.0778128
-0.0760874
-0.0740571
-0.0716987
-0.0689897
-0.0659089
-0.0624363
-0.0585537
-0.0542454
-0.0494982
-0.0443028
-0.0386536
-0.0325504
-0.025999
-0.0190124
-0.0116121
-0.00382951
0.00429251
0.0126981
0.0213169
0.0300625
0.0388318
0.047504
0.0559411
0.0639897
0.071483
0.0782458
0.0841
0.0888721
0.0924024
0.094553
0.0952134
0.094311
0.0918655
0.087926
0.081867
0.0732265
-0.0922328
-0.0962261
-0.0991575
-0.101233
-0.102746
-0.1037
-0.104112
-0.104042
-0.103558
-0.102731
-0.101637
-0.100346
-0.0989235
-0.0974296
-0.095916
-0.0944264
-0.0929967
-0.0916551
-0.0904229
-0.089315
-0.0883407
-0.0875041
-0.0868053
-0.0862405
-0.0858028
-0.0854825
-0.0852677
-0.0851445
-0.0850973
-0.0851091
-0.0851615
-0.0852352
-0.0853097
-0.0853639
-0.0853757
-0.0853224
-0.0851807
-0.0849266
-0.0845357
-0.0839833
-0.0832442
-0.082293
-0.0811041
-0.0796519
-0.077911
-0.075856
-0.0734622
-0.0707056
-0.0675628
-0.064012
-0.0600329
-0.055607
-0.0507189
-0.0453558
-0.0395092
-0.0331754
-0.0263562
-0.0190607
-0.0113061
-0.0031198
0.0054595
0.0143795
0.0235727
0.0329544
0.042421
0.0518493
0.0610958
0.0699975
0.078374
0.0860318
0.0927699
0.0983879
0.102696
0.105525
0.106733
0.106219
0.103986
0.10007
0.0937927
0.0846655
-0.0987702
-0.1032
-0.106396
-0.108585
-0.1101
-0.110952
-0.11117
-0.110831
-0.110021
-0.108829
-0.107345
-0.105654
-0.103833
-0.101951
-0.100066
-0.098228
-0.0964753
-0.0948383
-0.093339
-0.0919923
-0.0908067
-0.0897853
-0.0889266
-0.0882251
-0.087672
-0.0872558
-0.0869628
-0.0867771
-0.0866814
-0.0866569
-0.0866836
-0.0867407
-0.0868061
-0.0868573
-0.0868709
-0.0868228
-0.0866884
-0.0864426
-0.0860599
-0.0855142
-0.0847792
-0.0838282
-0.0826346
-0.0811713
-0.0794116
-0.0773288
-0.0748966
-0.0720891
-0.0688815
-0.0652498
-0.0611714
-0.0566256
-0.0515939
-0.0460607
-0.0400142
-0.0334466
-0.026356
-0.0187468
-0.0106317
-0.00203308
0.00701518
0.0164654
0.0262542
0.0362996
0.0464996
0.0567299
0.0668425
0.0766661
0.0860074
0.094654
0.102381
0.108957
0.11416
0.117782
0.119643
0.11961
0.117656
0.113801
0.107307
0.0976523
-0.10587
-0.110823
-0.114326
-0.116632
-0.118124
-0.118827
-0.118787
-0.118102
-0.116883
-0.115241
-0.113285
-0.111116
-0.108825
-0.10649
-0.104178
-0.101943
-0.0998252
-0.0978576
-0.096062
-0.0944524
-0.093036
-0.0918141
-0.0907828
-0.0899346
-0.0892583
-0.0887401
-0.0883639
-0.0881119
-0.0879645
-0.0879011
-0.0878999
-0.0879383
-0.0879926
-0.0880388
-0.0880521
-0.088007
-0.0878778
-0.0876379
-0.0872606
-0.0867188
-0.0859849
-0.0850311
-0.0838295
-0.0823519
-0.0805701
-0.0784561
-0.0759822
-0.0731208
-0.0698452
-0.0661295
-0.0619489
-0.0572803
-0.0521023
-0.0463962
-0.0401466
-0.0333419
-0.0259757
-0.0180477
-0.00956524
-0.000545132
0.00898447
0.0189817
0.0293884
0.0401273
0.0510994
0.0621809
0.0732216
0.0840433
0.0944405
0.104182
0.113018
0.120684
0.126919
0.131472
0.134117
0.134674
0.133085
0.129342
0.122633
0.1124
-0.113651
-0.119235
-0.123092
-0.125511
-0.126943
-0.127429
-0.127042
-0.125913
-0.12418
-0.121985
-0.119458
-0.11672
-0.113877
-0.111019
-0.108217
-0.105532
-0.103006
-0.100672
-0.0985508
-0.0966553
-0.0949899
-0.0935532
-0.0923387
-0.0913357
-0.0905302
-0.0899056
-0.0894433
-0.0891227
-0.0889221
-0.0888186
-0.0887885
-0.0888072
-0.0888495
-0.0888897
-0.0889014
-0.0888579
-0.088732
-0.0884961
-0.0881221
-0.0875818
-0.0868464
-0.085887
-0.0846745
-0.0831795
-0.0813725
-0.0792243
-0.0767055
-0.0737871
-0.0704405
-0.0666379
-0.0623524
-0.0575581
-0.052231
-0.0463492
-0.0398935
-0.0328482
-0.0252022
-0.01695
-0.00809318
0.00135789
0.0113817
0.0219435
0.0329918
0.0444557
0.0562412
0.0682276
0.0802644
0.0921687
0.103724
0.114682
0.124766
0.133677
0.141108
0.146758
0.150345
0.151634
0.150518
0.146953
0.140035
0.129161
-0.122272
-0.128615
-0.132878
-0.135396
-0.136707
-0.136883
-0.136034
-0.13433
-0.131953
-0.129077
-0.125861
-0.122448
-0.11896
-0.115497
-0.11214
-0.108949
-0.10597
-0.103234
-0.100759
-0.0985566
-0.0966264
-0.0949635
-0.0935576
-0.0923944
-0.0914564
-0.0907236
-0.0901741
-0.0897848
-0.0895313
-0.0893883
-0.0893298
-0.0893294
-0.08936
-0.0893941
-0.0894041
-0.0893616
-0.0892382
-0.089005
-0.0886329
-0.0880923
-0.0873535
-0.0863863
-0.0851606
-0.0836457
-0.0818111
-0.079626
-0.0770597
-0.0740817
-0.0706617
-0.0667698
-0.0623769
-0.0574548
-0.0519764
-0.0459165
-0.0392522
-0.0319634
-0.024034
-0.0154527
-0.00621473
0.00367659
0.0142076
0.0253517
0.037066
0.0492881
0.0619312
0.0748804
0.0879877
0.101068
0.113898
0.126211
0.137704
0.148042
0.156868
0.16382
0.16855
0.170748
0.170246
0.166947
0.15983
0.148237
-0.131937
-0.139198
-0.143922
-0.146505
-0.147604
-0.147338
-0.145869
-0.143425
-0.140238
-0.136525
-0.13248
-0.128269
-0.12403
-0.119876
-0.11589
-0.112137
-0.108661
-0.105489
-0.102636
-0.100108
-0.0979006
-0.0960036
-0.0944018
-0.0930764
-0.0920056
-0.0911656
-0.0905311
-0.0900755
-0.0897716
-0.0895917
-0.0895073
-0.0894898
-0.0895105
-0.0895401
-0.0895493
-0.0895085
-0.0893878
-0.0891573
-0.0887865
-0.0882448
-0.0875015
-0.0865253
-0.0852848
-0.0837485
-0.0818846
-0.0796609
-0.0770456
-0.0740065
-0.0705116
-0.0665291
-0.0620277
-0.0569765
-0.0513458
-0.0451067
-0.0382325
-0.0306984
-0.022483
-0.013569
-0.00394439
0.00639535
0.0174455
0.0291892
0.0415941
0.0546081
0.0681551
0.0821288
0.0963876
0.110749
0.124982
0.13881
0.151902
0.163884
0.174345
0.182854
0.188977
0.192316
0.192617
0.189704
0.182409
0.169998
-0.142919
-0.151292
-0.156531
-0.159116
-0.159864
-0.158971
-0.15667
-0.153269
-0.149066
-0.144327
-0.139286
-0.134135
-0.129029
-0.124089
-0.119401
-0.115029
-0.111013
-0.107374
-0.104123
-0.101256
-0.0987643
-0.0966299
-0.0948323
-0.093347
-0.0921473
-0.0912049
-0.0904905
-0.089974
-0.0896251
-0.0894131
-0.0893074
-0.0892771
-0.0892915
-0.0893196
-0.0893306
-0.0892935
-0.0891772
-0.0889504
-0.0885816
-0.0880394
-0.0872916
-0.0863063
-0.085051
-0.083493
-0.0815994
-0.079337
-0.0766724
-0.073572
-0.0700023
-0.0659295
-0.06132
-0.0561405
-0.0503582
-0.0439409
-0.0368575
-0.0290785
-0.020577
-0.0113288
-0.00131449
0.0094795
0.0210585
0.0334171
0.0465353
0.0603746
0.0748721
0.0899348
0.105432
0.121187
0.136971
0.152496
0.167409
0.181295
0.193686
0.204068
0.211908
0.21669
0.218047
0.215692
0.208253
0.194899
-0.155583
-0.165312
-0.17111
-0.17358
-0.173771
-0.171986
-0.168571
-0.163932
-0.158451
-0.152458
-0.146226
-0.139976
-0.133876
-0.12805
-0.122587
-0.117542
-0.112949
-0.10882
-0.105155
-0.101944
-0.099166
-0.0967975
-0.0948098
-0.0931722
-0.0918522
-0.0908164
-0.0900311
-0.0894625
-0.0890769
-0.0888407
-0.0887208
-0.088684
-0.0886977
-0.0887293
-0.0887464
-0.0887167
-0.0886079
-0.0883875
-0.0880232
-0.0874822
-0.0867319
-0.085739
-0.0844702
-0.0828918
-0.08097
-0.0786703
-0.0759581
-0.0727985
-0.0691562
-0.0649956
-0.0602809
-0.0549763
-0.0490459
-0.042454
-0.0351652
-0.0271451
-0.0183606
-0.00878064
0.00162271
0.0128728
0.0249863
0.037971
0.0518217
0.0665162
0.0820092
0.0982254
0.115051
0.132322
0.149818
0.167246
0.184238
0.20034
0.215021
0.227677
0.237651
0.244281
0.247045
0.245493
0.237977
0.223518
-0.17043
-0.181816
-0.188192
-0.19035
-0.189667
-0.18662
-0.181704
-0.175464
-0.168384
-0.160861
-0.153215
-0.145689
-0.138459
-0.13165
-0.125341
-0.119577
-0.114378
-0.109744
-0.105661
-0.102107
-0.0990513
-0.0964596
-0.0942948
-0.0925188
-0.0910926
-0.0899774
-0.0891347
-0.0885267
-0.0881161
-0.0878665
-0.0877421
-0.0877077
-0.0877287
-0.0877709
-0.0878005
-0.0877838
-0.0876875
-0.0874781
-0.0871223
-0.0865865
-0.085837
-0.08484
-0.0835611
-0.0819659
-0.0800195
-0.0776863
-0.0749307
-0.0717163
-0.0680062
-0.0637632
-0.0589493
-0.0535261
-0.0474546
-0.0406956
-0.0332094
-0.0249563
-0.0158968
-0.00599258
0.00479344
0.0164953
0.0291425
0.0427577
0.0573531
0.0729263
0.089454
0.106884
0.125127
0.144041
0.163422
0.182985
0.202353
0.221041
0.238455
0.25389
0.266545
0.275569
0.28023
0.279846
0.27237
0.256602
-0.188157
-0.201573
-0.208491
-0.209998
-0.207964
-0.203127
-0.196194
-0.187885
-0.178806
-0.169432
-0.160119
-0.151128
-0.142633
-0.134746
-0.127531
-0.121014
-0.115194
-0.110053
-0.105561
-0.101679
-0.0983637
-0.0955691
-0.0932485
-0.0913552
-0.0898435
-0.0886685
-0.0877867
-0.0871562
-0.0867361
-0.0864873
-0.0863712
-0.0863508
-0.0863895
-0.0864518
-0.0865023
-0.0865065
-0.0864299
-0.0862381
-0.085897
-0.0853723
-0.0846295
-0.083634
-0.0823509
-0.0807447
-0.0787798
-0.0764197
-0.0736276
-0.0703659
-0.0665963
-0.0622798
-0.0573763
-0.051845
-0.0456439
-0.03873
-0.0310595
-0.0225871
-0.0132671
-0.00305305
0.00810163
0.0202426
0.0334133
0.0476534
0.0629949
0.079459
0.0970493
0.115744
0.135486
0.156167
0.177613
0.199562
0.221641
0.24335
0.264035
0.282889
0.298941
0.311104
0.318365
0.3197
0.312481
0.29515
-0.209763
-0.225664
-0.232965
-0.233254
-0.229143
-0.221766
-0.212122
-0.201149
-0.18959
-0.177992
-0.166739
-0.156089
-0.146201
-0.137159
-0.128998
-0.121713
-0.115277
-0.109647
-0.10477
-0.100589
-0.0970453
-0.0940794
-0.0916338
-0.0896529
-0.0880833
-0.0868741
-0.0859768
-0.0853453
-0.0849354
-0.0847049
-0.0846132
-0.0846212
-0.0846909
-0.0847852
-0.0848677
-0.0849029
-0.0848554
-0.0846903
-0.0843725
-0.0838671
-0.0831393
-0.0821536
-0.0808746
-0.0792662
-0.0772919
-0.0749146
-0.0720963
-0.0687984
-0.0649812
-0.0606041
-0.0556251
-0.0500009
-0.0436867
-0.036636
-0.0288004
-0.0201296
-0.0105711
-7.03068e-05
0.0114292
0.0239855
0.0376573
0.0525024
0.0685759
0.0859258
0.104588
0.12458
0.145886
0.168445
0.192129
0.216722
0.24188
0.267107
0.291713
0.31479
0.33518
0.351509
0.362385
0.366293
0.35973
0.340535
-0.236729
-0.255637
-0.262917
-0.261029
-0.253739
-0.242761
-0.229483
-0.215101
-0.200493
-0.186259
-0.172784
-0.160297
-0.148911
-0.138667
-0.129549
-0.121512
-0.114492
-0.108413
-0.103197
-0.0987645
-0.0950386
-0.091946
-0.0894173
-0.0873873
-0.0857952
-0.0845839
-0.0837002
-0.0830939
-0.0827178
-0.0825271
-0.0824792
-0.0825332
-0.0826497
-0.0827907
-0.0829189
-0.0829978
-0.0829915
-0.0828643
-0.082581
-0.0821061
-0.0814042
-0.0804395
-0.079176
-0.0775772
-0.0756059
-0.0732244
-0.0703939
-0.0670747
-0.0632261
-0.0588058
-0.0537701
-0.0480736
-0.0416687
-0.0345054
-0.0265314
-0.0176909
-0.00792493
0.00282909
0.0146379
0.0275721
0.0417065
0.0571189
0.073889
0.0920958
0.111813
0.133104
0.156006
0.180524
0.206598
0.234081
0.262697
0.291996
0.321281
0.349576
0.375535
0.397445
0.413426
0.421254
0.416097
0.394732
-0.271344
-0.29376
-0.300109
-0.294431
-0.282287
-0.266223
-0.248107
-0.229406
-0.211107
-0.193811
-0.177852
-0.163386
-0.150447
-0.138998
-0.12896
-0.120228
-0.11269
-0.106234
-0.10075
-0.0961338
-0.0922897
-0.089129
-0.0865705
-0.0845396
-0.0829682
-0.0817937
-0.0809583
-0.0804083
-0.0800938
-0.079968
-0.0799864
-0.080107
-0.0802894
-0.0804945
-0.0806845
-0.0808225
-0.0808721
-0.0807972
-0.0805623
-0.0801317
-0.0794696
-0.07854
-0.0773066
-0.0757326
-0.0737802
-0.0714113
-0.0685864
-0.0652651
-0.0614055
-0.0569642
-0.051896
-0.0461534
-0.0396864
-0.0324419
-0.0243636
-0.015391
-0.00545886
0.00550332
0.0175722
0.0308311
0.0453709
0.0612901
0.078695
0.097698
0.118416
0.140964
0.165449
0.191953
0.220515
0.251095
0.283529
0.317467
0.352289
0.387002
0.420114
0.449552
0.472832
0.486739
0.484407
0.460711
-0.317318
-0.343427
-0.346913
-0.334737
-0.315214
-0.292015
-0.267532
-0.243456
-0.220788
-0.200035
-0.181397
-0.16489
-0.15042
-0.13784
-0.126979
-0.117662
-0.109719
-0.102992
-0.0973399
-0.0926316
-0.0887515
-0.0855962
-0.083073
-0.0810989
-0.0795994
-0.0785068
-0.0777596
-0.0773016
-0.0770806
-0.0770482
-0.0771589
-0.0773697
-0.0776396
-0.0779291
-0.0782
-0.0784152
-0.0785381
-0.0785325
-0.0783629
-0.0779933
-0.077388
-0.0765109
-0.0753255
-0.0737947
-0.0718807
-0.0695449
-0.0667475
-0.0634474
-0.0596021
-0.055167
-0.0500956
-0.0443389
-0.0378447
-0.0305575
-0.0224173
-0.0133594
-0.00331289
0.00779986
0.0200648
0.0335774
0.0484441
0.064784
0.08273
0.10243
0.124046
0.147754
0.173737
0.202177
0.233236
0.267025
0.303557
0.342671
0.383922
0.426434
0.468691
0.5083
0.542109
0.565576
0.56879
0.543192
-0.381045
-0.4098
-0.406414
-0.38322
-0.352585
-0.319509
-0.286813
-0.256227
-0.228568
-0.204083
-0.182711
-0.164237
-0.14838
-0.134842
-0.123341
-0.113613
-0.105427
-0.0985786
-0.0928889
-0.0882036
-0.0843883
-0.0813261
-0.0789147
-0.0770641
-0.0756945
-0.0747347
-0.0741208
-0.0737944
-0.0737023
-0.0737952
-0.0740271
-0.0743546
-0.0747365
-0.0751333
-0.0755068
-0.07582
-0.0760363
-0.07612
-0.0760352
-0.0757464
-0.075218
-0.0744138
-0.0732975
-0.0718321
-0.0699796
-0.0677013
-0.0649572
-0.0617059
-0.0579042
-0.0535071
-0.0484672
-0.042734
-0.036254
-0.0289694
-0.0208176
-0.0117303
-0.00163192
0.00956125
0.0219432
0.03562
0.0507125
0.0673585
0.0857164
0.105968
0.128324
0.15302
0.180327
0.210539
0.24397
0.280927
0.321673
0.366349
0.414846
0.466613
0.520406
0.573664
0.622698
0.66136
0.67539
0.650158
-0.47418
-0.500771
-0.482258
-0.440622
-0.393545
-0.347137
-0.304208
-0.266088
-0.233053
-0.204825
-0.18091
-0.160752
-0.14382
-0.129632
-0.117772
-0.107887
-0.0996787
-0.092897
-0.0873324
-0.0828086
-0.0791762
-0.0763081
-0.0740948
-0.0724419
-0.0712665
-0.0704956
-0.0700638
-0.0699124
-0.0699879
-0.0702409
-0.0706256
-0.0710989
-0.0716199
-0.0721496
-0.0726501
-0.0730848
-0.0734177
-0.0736131
-0.0736359
-0.0734507
-0.0730222
-0.0723147
-0.0712921
-0.0699174
-0.068153
-0.0659602
-0.063299
-0.060128
-0.0564038
-0.0520812
-0.047112
-0.0414454
-0.0350267
-0.0277966
-0.019691
-0.0106387
-0.000561058
0.0106303
0.0230355
0.036769
0.0519631
0.0687716
0.087375
0.107986
0.130857
0.156287
0.18463
0.216304
0.251792
0.291639
0.33643
0.38674
0.443015
0.505366
0.573168
0.644429
0.715309
0.778206
0.813346
0.795807
-0.61826
-0.627972
-0.577963
-0.50618
-0.435486
-0.371813
-0.316846
-0.270654
-0.232383
-0.200871
-0.174982
-0.153717
-0.136238
-0.121862
-0.110039
-0.100326
-0.0923705
-0.0858842
-0.0806343
-0.0764298
-0.0731121
-0.0705486
-0.0686272
-0.0672518
-0.0663391
-0.0658162
-0.0656186
-0.0656881
-0.0659722
-0.0664224
-0.0669939
-0.0676444
-0.068334
-0.0690245
-0.0696789
-0.0702612
-0.070736
-0.0710686
-0.0712242
-0.0711682
-0.0708657
-0.0702815
-0.0693799
-0.0681245
-0.0664779
-0.0644019
-0.0618567
-0.058801
-0.0551919
-0.0509839
-0.0461291
-0.0405764
-0.0342709
-0.0271528
-0.019157
-0.0102115
-0.000235572
0.0108616
0.0231837
0.0368507
0.0520022
0.0688031
0.0874499
0.108179
0.131277
0.157096
0.186066
0.21872
0.255714
0.297849
0.346095
0.401579
0.465544
0.53918
0.623244
0.717322
0.81882
0.91986
0.995459
1.00511
-0.853086
-0.807041
-0.695561
-0.576813
-0.47368
-0.388896
-0.320942
-0.267131
-0.224617
-0.190934
-0.164113
-0.142638
-0.125356
-0.111394
-0.10009
-0.0909371
-0.0835427
-0.0775999
-0.0728653
-0.0691432
-0.0662741
-0.0641262
-0.0625893
-0.0615696
-0.0609865
-0.0607695
-0.0608565
-0.0611916
-0.0617243
-0.0624081
-0.0631997
-0.0640586
-0.0649462
-0.0658256
-0.0666608
-0.0674171
-0.06806
-0.0685557
-0.0688702
-0.0689696
-0.0688199
-0.0683866
-0.0676344
-0.0665277
-0.0650297
-0.0631027
-0.0607073
-0.0578031
-0.0543473
-0.0502953
-0.0455994
-0.0402092
-0.03407
-0.0271227
-0.0193024
-0.0105373
-0.000747025
0.0101597
0.0222872
0.0357567
0.0507107
0.0673187
0.0857849
0.106359
0.129348
0.155138
0.184216
0.217206
0.25491
0.298375
0.348961
0.408432
0.479037
0.563538
0.66507
0.786597
0.929275
1.088
1.23794
1.32136
-1.26863
-1.05642
-0.827618
-0.641389
-0.497954
-0.390465
-0.311015
-0.25202
-0.207649
-0.173812
-0.147663
-0.127214
-0.11107
-0.0982364
-0.0879952
-0.0798174
-0.0733063
-0.0681584
-0.0641375
-0.0610565
-0.0587643
-0.0571373
-0.0560722
-0.0554818
-0.055291
-0.0554342
-0.0558533
-0.0564963
-0.0573158
-0.058268
-0.0593122
-0.0604098
-0.0615243
-0.0626203
-0.0636634
-0.0646203
-0.0654577
-0.0661427
-0.0666426
-0.0669245
-0.066955
-0.0667005
-0.0661268
-0.0651988
-0.0638807
-0.0621353
-0.0599244
-0.057208
-0.0539445
-0.0500899
-0.0455979
-0.0404188
-0.0344994
-0.0277818
-0.0202029
-0.0116926
-0.00217241
0.00844637
0.0202656
0.0334036
0.0479998
0.0642207
0.0822681
0.10239
0.124898
0.150183
0.178755
0.21128
0.248648
0.292067
0.343208
0.404417
0.479004
0.571658
0.689002
0.839845
1.03309
1.27366
1.56091
1.84066
-2.10463
-1.38385
-0.918555
-0.649793
-0.473044
-0.353274
-0.272111
-0.215688
-0.175123
-0.145139
-0.122483
-0.105061
-0.0914898
-0.0808323
-0.0724332
-0.0658215
-0.06065
-0.0566558
-0.0536359
-0.0514298
-0.0499081
-0.0489643
-0.0485095
-0.0484679
-0.0487741
-0.0493703
-0.050205
-0.0512317
-0.0524077
-0.0536931
-0.0550507
-0.0564448
-0.0578414
-0.0592074
-0.0605104
-0.0617187
-0.0628008
-0.0637251
-0.0644604
-0.0649747
-0.065236
-0.0652119
-0.064869
-0.0641734
-0.0630902
-0.0615835
-0.0596162
-0.0571495
-0.054143
-0.0505545
-0.046339
-0.0414489
-0.0358333
-0.029437
-0.0221999
-0.0140558
-0.00493091
0.00525795
0.0166056
0.0292219
0.0432356
0.0587999
0.0761004
0.0953648
0.116878
0.141003
0.168211
0.199128
0.234603
0.27582
0.324482
0.383108
0.455549
0.5479
0.670235
0.838851
1.07629
1.41943
1.97499
2.80761
-3.55943
-1.70838
-0.856579
-0.526633
-0.356109
-0.254281
-0.191735
-0.151049
-0.122738
-0.102071
-0.0865125
-0.074561
-0.0652723
-0.058022
-0.0523775
-0.0480264
-0.0447358
-0.0423266
-0.040658
-0.0396163
-0.0391082
-0.0390551
-0.0393901
-0.0400547
-0.0409973
-0.0421716
-0.0435355
-0.0450501
-0.0466788
-0.0483875
-0.0501434
-0.0519146
-0.0536707
-0.0553813
-0.0570167
-0.0585475
-0.0599442
-0.0611771
-0.0622165
-0.0630323
-0.0635938
-0.0638699
-0.0638287
-0.0634378
-0.0626636
-0.0614716
-0.0598261
-0.0576903
-0.0550256
-0.0517916
-0.0479462
-0.0434444
-0.0382387
-0.0322779
-0.0255069
-0.0178654
-0.0092871
0.00030201
0.0109852
0.0228577
0.0360296
0.0506302
0.0668137
0.0847671
0.104721
0.126965
0.15187
0.179925
0.211785
0.248363
0.290972
0.341598
0.403412
0.481905
0.587522
0.740752
0.980461
1.40734
2.37716
4.35156
)
;

boundaryField
{
    movingWall
    {
        type            zeroGradient;
    }
    fixedWalls
    {
        type            zeroGradient;
    }
    frontAndBack
    {
        type            empty;
    }
}


// ************************************************************************* //
