/*--------------------------------*- C++ -*----------------------------------*\
  =========                 |
  \\      /  F ield         | OpenFOAM: The Open Source CFD Toolbox
   \\    /   O peration     | Website:  https://openfoam.org
    \\  /    A nd           | Version:  7
     \\/     M anipulation  |
\*---------------------------------------------------------------------------*/
FoamFile
{
    version     2.0;
    format      ascii;
    class       volScalarField;
    location    "0.2";
    object      p;
}
// * * * * * * * * * * * * * * * * * * * * * * * * * * * * * * * * * * * * * //

dimensions      [0 2 -2 0 0 0 0];

internalField   nonuniform List<scalar> 
6400
(
-2.05279e-08
-5.93421e-06
-1.71895e-05
-3.09898e-05
-4.4582e-05
-5.62201e-05
-6.47108e-05
-6.93167e-05
-6.96162e-05
-6.53957e-05
-5.65774e-05
-4.31702e-05
-2.52332e-05
-2.84966e-06
2.38903e-05
5.49002e-05
9.01029e-05
0.000129433
0.000172837
0.000220268
0.000271692
0.000327076
0.000386391
0.00044961
0.000516703
0.000587639
0.00066238
0.000740881
0.00082309
0.000908943
0.000998367
0.00109128
0.00118757
0.00128715
0.00138987
0.0014956
0.00160418
0.00171543
0.00182916
0.00194515
0.00206318
0.002183
0.00230433
0.0024269
0.00255039
0.00267449
0.00279885
0.00292313
0.00304694
0.0031699
0.00329163
0.00341172
0.00352975
0.00364531
0.00375799
0.00386736
0.003973
0.00407451
0.00417148
0.00426352
0.00435023
0.00443127
0.00450626
0.00457489
0.00463685
0.00469187
0.00473969
0.00478014
0.00481305
0.00483837
0.00485612
0.00486643
0.0048696
0.00486611
0.00485674
0.00484265
0.00482553
0.00480778
0.00479298
0.00478484
6.19783e-06
2.82661e-07
-8.56712e-06
-1.87308e-05
-2.85637e-05
-3.67277e-05
-4.22438e-05
-4.44403e-05
-4.28779e-05
-3.72879e-05
-2.75225e-05
-1.35186e-05
4.73316e-06
2.72099e-05
5.3871e-05
8.46693e-05
0.000119557
0.000158492
0.000201435
0.000248351
0.00029921
0.000353984
0.000412645
0.000475165
0.000541514
0.000611659
0.000685561
0.000763174
0.000844443
0.000929302
0.00101768
0.00110948
0.00120462
0.00130297
0.00140442
0.00150881
0.00161599
0.00172578
0.00183799
0.00195241
0.0020688
0.00218693
0.00230653
0.0024273
0.00254896
0.00267117
0.00279361
0.00291593
0.00303776
0.00315872
0.00327842
0.00339648
0.00351249
0.00362603
0.0037367
0.00384409
0.0039478
0.00404742
0.00414256
0.00423284
0.0043179
0.00439739
0.00447098
0.00453836
0.00459926
0.00465345
0.00470073
0.00474096
0.00477406
0.00480003
0.00481895
0.00483106
0.00483669
0.00483641
0.00483099
0.00482149
0.00480934
0.00479641
0.00478488
0.00477679
1.79859e-05
9.43874e-06
4.84055e-07
-8.39556e-06
-1.64764e-05
-2.27811e-05
-2.65411e-05
-2.72046e-05
-2.43814e-05
-1.78098e-05
-7.32622e-06
7.16142e-06
2.56957e-05
4.82865e-05
7.49236e-05
0.000105586
0.000140248
0.000178883
0.000221466
0.000267971
0.000318375
0.000372653
0.000430782
0.000492735
0.000558484
0.000627996
0.000701232
0.000778145
0.00085868
0.000942772
0.00103035
0.00112132
0.00121559
0.00131304
0.00141355
0.00151697
0.00162315
0.00173191
0.00184306
0.00195638
0.00207165
0.00218863
0.00230704
0.00242661
0.00254704
0.002668
0.00278918
0.00291021
0.00303074
0.00315039
0.00326879
0.00338554
0.00350024
0.00361249
0.00372188
0.00382802
0.00393049
0.00402891
0.0041229
0.00421209
0.00429611
0.00437463
0.00444734
0.00451396
0.00457423
0.00462795
0.00467494
0.00471509
0.00474836
0.0047748
0.00479452
0.00480777
0.00481494
0.00481654
0.00481331
0.00480616
0.00479627
0.00478506
0.00477354
0.00476229
3.23437e-05
1.9897e-05
9.45488e-06
4.89961e-07
-7.07122e-06
-1.25373e-05
-1.53346e-05
-1.50534e-05
-1.13864e-05
-4.11357e-06
6.91277e-06
2.17857e-05
4.05586e-05
6.32569e-05
8.98877e-05
0.000120447
0.000154924
0.000193306
0.000235579
0.000281726
0.000331729
0.000385572
0.000443233
0.000504691
0.000569919
0.000638886
0.000711553
0.000787877
0.000867803
0.000951267
0.0010382
0.0011285
0.00122209
0.00131885
0.00141865
0.00152135
0.0016268
0.00173481
0.0018452
0.00195775
0.00207225
0.00218844
0.00230606
0.00242483
0.00254445
0.0026646
0.00278496
0.00290518
0.00302489
0.00314374
0.00326133
0.00337727
0.00349118
0.00360264
0.00371127
0.00381665
0.00391839
0.0040161
0.00410941
0.00419794
0.00428136
0.00435932
0.00443154
0.00449772
0.00455765
0.00461111
0.00465797
0.00469813
0.00473156
0.00475833
0.00477857
0.00479253
0.00480057
0.00480319
0.00480101
0.00479478
0.00478548
0.00477417
0.00476089
0.00474499
4.64406e-05
2.9936e-05
1.75348e-05
7.89431e-06
2.65106e-07
-4.88688e-06
-7.15695e-06
-6.27414e-06
-2.02285e-06
5.76313e-06
1.72026e-05
3.23761e-05
5.13359e-05
7.41137e-05
0.000100727
0.000131182
0.00016548
0.000203621
0.000245597
0.000291401
0.000341023
0.00039445
0.00045167
0.000512662
0.000577404
0.000645867
0.000718016
0.000793809
0.000873193
0.000956108
0.00104248
0.00113223
0.00122525
0.00132145
0.00142068
0.00152282
0.0016277
0.00173515
0.00184498
0.00195698
0.00207093
0.00218658
0.00230366
0.00242191
0.00254101
0.00266065
0.00278051
0.00290023
0.00301946
0.00313783
0.00325495
0.00337045
0.00348391
0.00359494
0.00370314
0.00380811
0.00390946
0.00400679
0.00409974
0.00418793
0.00427103
0.0043487
0.00442066
0.00448663
0.00454639
0.00459975
0.00464657
0.00468678
0.00472035
0.00474736
0.00476794
0.00478233
0.00479086
0.00479399
0.00479222
0.00478619
0.00477667
0.00476448
0.00474885
0.0047282
5.85048e-05
3.81366e-05
2.36351e-05
1.29977e-05
4.92464e-06
-2.8649e-07
-2.36728e-06
-1.16974e-06
3.43412e-06
1.15536e-05
2.3272e-05
3.86502e-05
5.77318e-05
8.05476e-05
0.000107119
0.000137459
0.000171579
0.000209483
0.000251175
0.000296653
0.000345914
0.000398954
0.000455762
0.000516326
0.000580625
0.000648636
0.000720326
0.000795657
0.000874578
0.000957033
0.00104295
0.00113225
0.00122484
0.0013206
0.00141942
0.00152116
0.00162566
0.00173274
0.00184223
0.0019539
0.00206754
0.0021829
0.00229972
0.00241772
0.00253659
0.00265603
0.0027757
0.00289526
0.00301434
0.00313257
0.00324958
0.00336497
0.00347834
0.00358929
0.00369742
0.00380233
0.00390362
0.00400091
0.00409381
0.00418196
0.00426502
0.00434266
0.0044146
0.00448056
0.00454033
0.00459371
0.00464059
0.00468087
0.00471456
0.00474172
0.00476247
0.00477705
0.00478576
0.00478899
0.00478718
0.00478083
0.00477058
0.00475707
0.00473897
0.00471395
6.72359e-05
4.34021e-05
2.68509e-05
1.50692e-05
6.32818e-06
8.04081e-07
-1.33977e-06
-5.70576e-08
4.70284e-06
1.29947e-05
2.48651e-05
4.03517e-05
5.94851e-05
8.22911e-05
0.00010879
0.000139001
0.000172936
0.000210608
0.000252026
0.000297195
0.00034612
0.000398801
0.000455235
0.000515413
0.000579321
0.000646938
0.000718237
0.000793182
0.000871729
0.000953821
0.00103939
0.00112837
0.00122065
0.00131613
0.0014147
0.00151621
0.00162051
0.00172744
0.00183679
0.00194837
0.00206195
0.00217728
0.0022941
0.00241214
0.00253109
0.00265063
0.00277043
0.00289015
0.00300942
0.00312787
0.00324511
0.00336075
0.00347438
0.00358561
0.00369402
0.00379922
0.00390079
0.00399835
0.00409152
0.00417992
0.00426322
0.00434109
0.00441323
0.00447938
0.00453931
0.00459284
0.00463984
0.00468024
0.00471403
0.00474126
0.00476206
0.00477663
0.00478525
0.00478828
0.00478608
0.00477906
0.00476777
0.00475277
0.00473228
0.0047035
7.17351e-05
4.49086e-05
2.64719e-05
1.35253e-05
4.01298e-06
-1.97323e-06
-4.34861e-06
-3.14769e-06
1.61545e-06
9.94723e-06
2.18596e-05
3.73667e-05
5.64852e-05
7.92328e-05
0.000105628
0.000135688
0.00016943
0.000206871
0.000248024
0.000292902
0.000341514
0.000393868
0.000449966
0.000509805
0.000573374
0.00064066
0.000711638
0.000786279
0.000864541
0.000946372
0.00103171
0.00112048
0.00121259
0.00130795
0.00140642
0.00150788
0.00161218
0.00171914
0.00182858
0.00194029
0.00205405
0.00216961
0.00228671
0.00240506
0.00252438
0.00264433
0.00276459
0.00288479
0.00300459
0.00312359
0.00324141
0.00335764
0.00347189
0.00358374
0.00369277
0.00379859
0.00390077
0.00399892
0.00409266
0.00418161
0.00426541
0.00434374
0.00441629
0.0044828
0.00454305
0.00459684
0.00464404
0.00468458
0.00471845
0.00474569
0.00476643
0.00478085
0.0047892
0.00479181
0.00478899
0.00478111
0.00476866
0.00475213
0.00472948
0.00469758
7.13916e-05
4.20425e-05
2.19339e-05
7.87608e-06
-2.43305e-06
-8.95727e-06
-1.1669e-05
-1.06655e-05
-6.01322e-06
2.25376e-06
1.41169e-05
2.95689e-05
4.86122e-05
7.12562e-05
9.75148e-05
0.000127405
0.000160945
0.000198154
0.000239052
0.000283656
0.000331981
0.000384041
0.000439843
0.00049939
0.000562678
0.000629696
0.000700428
0.000774848
0.000852918
0.000934592
0.00101981
0.0011085
0.00120058
0.00129595
0.0013945
0.00149608
0.00160056
0.00170776
0.00181749
0.00192956
0.00204374
0.00215979
0.00227743
0.00239639
0.00251636
0.00263703
0.00275805
0.00287907
0.00299972
0.00311961
0.00323834
0.00335552
0.00347073
0.00358355
0.00369355
0.00380032
0.00390343
0.00400249
0.00409709
0.00418685
0.00427141
0.00435042
0.00442359
0.00449064
0.00455133
0.00460548
0.00465296
0.00469367
0.00472761
0.00475482
0.00477542
0.00478958
0.00479754
0.00479958
0.00479603
0.00478718
0.00477352
0.00475553
0.00473099
0.00469655
6.57976e-05
3.43536e-05
1.27958e-05
-2.2834e-06
-1.33688e-05
-2.0459e-05
-2.3567e-05
-2.28378e-05
-1.83786e-05
-1.02564e-05
1.48475e-06
1.68191e-05
3.57358e-05
5.82361e-05
8.43295e-05
0.000114031
0.000147361
0.000184341
0.000224993
0.000269341
0.000317406
0.000369206
0.000424755
0.00048406
0.000547124
0.000613943
0.000684504
0.000758787
0.000836761
0.000918382
0.0010036
0.00109234
0.00118452
0.00128006
0.00137883
0.00148071
0.00158556
0.00169319
0.00180344
0.0019161
0.00203094
0.00214772
0.00226618
0.00238602
0.00250694
0.00262863
0.00275073
0.00287288
0.00299472
0.00311584
0.00323584
0.00335431
0.00347083
0.00358496
0.00369626
0.00380432
0.00390869
0.00400896
0.00410471
0.00419555
0.00428111
0.00436104
0.00443501
0.00450276
0.00456403
0.00461864
0.00466644
0.00470736
0.00474137
0.00476853
0.00478893
0.00480276
0.00481023
0.00481164
0.00480727
0.00479742
0.00478258
0.00476324
0.00473706
0.00470056
5.46892e-05
2.15173e-05
-1.28125e-06
-1.72786e-05
-2.90952e-05
-3.67499e-05
-4.02834e-05
-3.98762e-05
-3.56671e-05
-2.77486e-05
-1.61852e-05
-1.01853e-06
1.77297e-05
4.00531e-05
6.59571e-05
9.54556e-05
0.000128569
0.000165322
0.000205741
0.000249854
0.000297686
0.000349261
0.000404599
0.000463715
0.000526615
0.000593302
0.000663769
0.000738001
0.000815972
0.000897645
0.000982969
0.00107188
0.00116431
0.00126016
0.00135933
0.00146168
0.00156708
0.00167535
0.00178633
0.0018998
0.00201554
0.00213331
0.00225284
0.00237385
0.00249602
0.00261903
0.00274253
0.00286615
0.00298951
0.00311221
0.00323383
0.00335394
0.00347212
0.00358791
0.00370086
0.00381054
0.00391649
0.00401827
0.00411546
0.00420766
0.00429446
0.00437551
0.00445048
0.00451907
0.00458105
0.00463621
0.00468441
0.00472557
0.00475967
0.00478675
0.00480693
0.00482037
0.00482732
0.00482803
0.00482282
0.00481198
0.004796
0.00477541
0.00474781
0.00470962
3.79026e-05
3.30419e-06
-2.05533e-05
-3.73671e-05
-4.98599e-05
-5.80611e-05
-6.20296e-05
-6.19719e-05
-5.80502e-05
-5.03769e-05
-3.90329e-05
-2.4072e-05
-5.52536e-06
1.65947e-05
4.22903e-05
7.15744e-05
0.000104468
0.000141
0.000181199
0.000225096
0.000272724
0.000324111
0.000379282
0.000438259
0.000501054
0.000567676
0.000638125
0.00071239
0.000790453
0.00087228
0.000957828
0.00104704
0.00113985
0.00123616
0.00133587
0.00143887
0.001545
0.00165412
0.00176603
0.00188054
0.00199742
0.00211644
0.00223732
0.00235978
0.00248349
0.00260814
0.00273336
0.00285879
0.00298402
0.00310864
0.00323224
0.00335435
0.00347455
0.00359235
0.00370731
0.00381894
0.0039268
0.00403041
0.00412933
0.00422314
0.00431142
0.00439381
0.00446996
0.00453956
0.00460236
0.00465817
0.00470684
0.00474827
0.00478247
0.00480948
0.00482941
0.00484244
0.00484882
0.00484882
0.00484275
0.00483092
0.00481385
0.00479211
0.00476326
0.00472364
1.53414e-05
-2.04458e-05
-4.52118e-05
-6.2751e-05
-7.5865e-05
-8.45875e-05
-8.89888e-05
-8.92942e-05
-8.56833e-05
-7.82837e-05
-6.71885e-05
-5.24618e-05
-3.41417e-05
-1.22451e-05
1.3228e-05
4.22903e-05
7.49648e-05
0.000111281
0.000151274
0.000194977
0.000242429
0.000293662
0.000348709
0.000407596
0.000470344
0.000536966
0.00060747
0.000681851
0.000760095
0.000842176
0.000928058
0.00101769
0.001111
0.00120792
0.00130834
0.00141215
0.0015192
0.00162935
0.00174241
0.00185819
0.00197646
0.00209698
0.00221948
0.00234368
0.00246925
0.00259585
0.00272313
0.0028507
0.00297815
0.00310507
0.003231
0.00335549
0.00347807
0.00359826
0.00371557
0.00382951
0.0039396
0.00404535
0.00414629
0.00424198
0.00433199
0.00441593
0.00449344
0.0045642
0.00462796
0.00468451
0.0047337
0.00477546
0.00480978
0.00483671
0.00485639
0.00486899
0.00487478
0.00487404
0.0048671
0.00485429
0.00483617
0.00481334
0.00478334
0.00474247
-1.30486e-05
-4.98445e-05
-7.54005e-05
-9.35896e-05
-0.000107276
-0.000116493
-0.000121319
-0.000121993
-0.000118706
-0.000111599
-0.000100774
-8.63016e-05
-6.82262e-05
-4.65675e-05
-2.13267e-05
7.50958e-06
3.9966e-05
7.60753e-05
0.000115875
0.000159405
0.000206706
0.00025782
0.000312782
0.000371627
0.000434381
0.000501065
0.000571692
0.000646265
0.000724777
0.000807209
0.00089353
0.000983696
0.00107765
0.00117531
0.00127659
0.00138137
0.00148952
0.0016009
0.00171532
0.00183259
0.00195249
0.00207478
0.00219918
0.00232541
0.00245314
0.00258203
0.00271171
0.00284178
0.00297182
0.0031014
0.00323005
0.00335729
0.00348264
0.00360558
0.00372562
0.00384222
0.00395488
0.00406309
0.00416635
0.00426419
0.00435617
0.00444188
0.00452093
0.00459301
0.00465785
0.00471524
0.00476503
0.00480716
0.00484163
0.00486849
0.0048879
0.00490005
0.00490522
0.00490371
0.00489589
0.00488209
0.00486292
0.00483902
0.00480794
0.00476592
-4.7296e-05
-8.49711e-05
-0.000111229
-0.000130009
-0.000144226
-0.000153915
-0.000159157
-0.000160199
-0.000157245
-0.000150442
-0.000139901
-0.000125698
-0.00010788
-8.64694e-05
-6.14674e-05
-3.28595e-05
-6.18739e-07
3.52907e-05
7.49101e-05
0.000118284
0.00016546
0.000216482
0.000271396
0.000330241
0.00039305
0.000459852
0.000530667
0.000605503
0.000684363
0.000767233
0.000854092
0.000944902
0.00103961
0.00113815
0.00124043
0.00134635
0.00145578
0.00156857
0.00168456
0.00180356
0.00192534
0.00204966
0.00217625
0.00230481
0.00243502
0.00256653
0.00269896
0.00283189
0.0029649
0.00309752
0.00322927
0.00335966
0.00348817
0.00361426
0.00373739
0.00385702
0.00397261
0.0040836
0.00418949
0.00428977
0.00438397
0.00447166
0.00455246
0.00462602
0.00469207
0.0047504
0.00480087
0.00484342
0.00487806
0.00490486
0.00492398
0.00493565
0.00494015
0.00493784
0.00492908
0.00491426
0.00489402
0.00486907
0.00483692
0.0047938
-8.74167e-05
-0.000125884
-0.000152781
-0.000172109
-0.000186828
-0.00019697
-0.000202618
-0.000204028
-0.000201411
-0.000194921
-0.000184674
-0.00017075
-0.0001532
-0.000132045
-0.000107287
-7.89087e-05
-4.68817e-05
-1.11664e-05
2.82829e-05
7.15159e-05
0.000118585
0.000169542
0.000224438
0.000283319
0.000346226
0.000413195
0.000484252
0.000559415
0.000638693
0.000722083
0.000809571
0.000901126
0.000996705
0.00109625
0.00119967
0.00130688
0.00141776
0.00153217
0.00164994
0.00177088
0.00189478
0.0020214
0.00215047
0.00228167
0.0024147
0.00254917
0.0026847
0.00282087
0.00295723
0.00309329
0.00322856
0.0033625
0.00349457
0.00362421
0.00375083
0.00387387
0.00399274
0.00410686
0.0042157
0.00431871
0.0044154
0.00450532
0.00458806
0.00466327
0.00473067
0.00479006
0.00484129
0.0048843
0.00491912
0.00494585
0.00496466
0.0049758
0.00497958
0.00497639
0.00496663
0.00495074
0.00492938
0.00490334
0.00487012
0.0048259
-0.000133422
-0.000172629
-0.000200128
-0.000219976
-0.000235176
-0.000245758
-0.000251806
-0.000253583
-0.000251307
-0.000245136
-0.000235192
-0.000221556
-0.00020428
-0.000183388
-0.000158878
-0.000130732
-9.89194e-05
-6.33953e-05
-2.41098e-05
1.89924e-05
6.59694e-05
0.00011688
0.000171782
0.000230727
0.000293766
0.000360941
0.000432286
0.00050783
0.000587589
0.000671569
0.000759766
0.000852158
0.000948711
0.00104937
0.00115408
0.00126273
0.00137523
0.00149143
0.00161119
0.00173431
0.00186058
0.00198977
0.0021216
0.00225576
0.00239192
0.00252971
0.00266872
0.00280851
0.00294862
0.00308853
0.00322773
0.00336564
0.0035017
0.0036353
0.00376583
0.00389267
0.00401521
0.00413283
0.00424495
0.00435101
0.00445047
0.00454287
0.00462778
0.00470483
0.00477374
0.00483429
0.00488635
0.00492988
0.0049649
0.00499153
0.00500998
0.00502051
0.00502349
0.00501933
0.00500848
0.00499143
0.0049689
0.00494173
0.00490741
0.00486207
-0.000185325
-0.000225249
-0.00025333
-0.000273682
-0.000289353
-0.000300368
-0.000306814
-0.000308961
-0.00030703
-0.000301185
-0.000291549
-0.000278209
-0.000261216
-0.000240593
-0.000216337
-0.00018843
-0.000156834
-0.000121502
-8.23788e-05
-3.94031e-05
7.48967e-06
5.83651e-05
0.000113287
0.000172317
0.000235512
0.000302921
0.000374591
0.000450557
0.000530847
0.000615477
0.000704451
0.000797762
0.000895384
0.000997278
0.00110338
0.00121363
0.0013279
0.00144608
0.00156803
0.00169355
0.00182245
0.00195447
0.00208936
0.00222679
0.00236643
0.00250789
0.00265075
0.00279456
0.00293883
0.00308302
0.00322658
0.00336891
0.00350939
0.00364739
0.00378226
0.00391333
0.00403994
0.00416145
0.00427722
0.00438666
0.00448921
0.00458437
0.00467168
0.00475078
0.00482135
0.00488319
0.00493617
0.00498024
0.00501545
0.00504195
0.00505996
0.0050698
0.00507187
0.00506662
0.00505458
0.00503627
0.00501249
0.00498412
0.00494866
0.00490217
-0.000243143
-0.000283784
-0.000312443
-0.000333295
-0.000349434
-0.000360882
-0.000367729
-0.000370249
-0.000368669
-0.000363156
-0.000353838
-0.000340803
-0.000324101
-0.000303756
-0.000279765
-0.000252103
-0.000220732
-0.000185599
-0.000146643
-0.000103797
-5.69884e-05
-6.14616e-06
4.88016e-05
0.000107924
0.000171285
0.000238947
0.000310963
0.000387381
0.000468239
0.000553565
0.000643375
0.000737673
0.000836448
0.000939671
0.0010473
0.00115926
0.00127547
0.00139581
0.00152013
0.00164828
0.00178004
0.00191517
0.0020534
0.00219442
0.00233788
0.00248338
0.00263048
0.00277872
0.00292757
0.00307647
0.00322484
0.00337205
0.00351742
0.0036603
0.00379996
0.00393571
0.00406684
0.00419266
0.00431248
0.00442568
0.00453166
0.00462988
0.00471986
0.00480122
0.00487364
0.00493689
0.00499085
0.00503549
0.00507087
0.00509717
0.00511465
0.00512367
0.00512469
0.00511823
0.00510486
0.00508519
0.00506007
0.00503045
0.00499379
0.00494608
-0.000306904
-0.000348277
-0.000377522
-0.00039888
-0.000415491
-0.000427378
-0.000434631
-0.000437531
-0.00043631
-0.00043114
-0.00042215
-0.00040943
-0.000393032
-0.000372979
-0.000349264
-0.000321862
-0.000290729
-0.000255807
-0.00021703
-0.000174324
-0.000127611
-7.68101e-05
-2.18436e-05
3.73664e-05
0.000100894
0.000168811
0.000241183
0.000318068
0.000399517
0.000485571
0.00057626
0.000671601
0.000771598
0.000876237
0.000985486
0.00109929
0.00121757
0.00134023
0.00146714
0.00159811
0.00173297
0.00187148
0.00201335
0.00215827
0.00230589
0.00245579
0.00260753
0.00276061
0.00291448
0.00306856
0.00322221
0.00337477
0.00352554
0.00367378
0.00381874
0.00395967
0.0040958
0.00422638
0.0043507
0.00446807
0.00457785
0.00467947
0.00477242
0.00485628
0.00493072
0.0049955
0.00505051
0.00509572
0.00513123
0.00515724
0.00517407
0.00518214
0.00518196
0.00517413
0.0051593
0.00513814
0.00511158
0.00508061
0.00504268
0.00499369
-0.000376642
-0.000418776
-0.000448625
-0.000470501
-0.000487595
-0.000499931
-0.000507601
-0.000510892
-0.000510041
-0.000505225
-0.000496577
-0.000484186
-0.000468108
-0.000448363
-0.000424943
-0.00039782
-0.000366945
-0.000332255
-0.000293678
-0.000251133
-0.000204535
-0.000153797
-9.88316e-05
-3.95519e-05
2.41273e-05
9.22879e-05
0.000165008
0.00024236
0.000324407
0.000411206
0.000502802
0.000599227
0.000700501
0.000806627
0.000917587
0.00103334
0.00115383
0.00127896
0.00140862
0.00154263
0.00168082
0.00182295
0.00196875
0.00211789
0.00227001
0.00242468
0.00258146
0.0027398
0.00289915
0.00305888
0.00321832
0.00337676
0.00353344
0.00368758
0.00383838
0.00398502
0.00412668
0.00426255
0.00439185
0.00451385
0.00462785
0.00473324
0.00482946
0.00491608
0.00499272
0.00505917
0.00511528
0.00516105
0.00519662
0.00522223
0.00523826
0.0052452
0.00524365
0.00523429
0.00521785
0.00519506
0.00516693
0.00513452
0.00509523
0.00504487
-0.000452403
-0.000495335
-0.000525813
-0.000548225
-0.000565819
-0.000578618
-0.000586719
-0.000590414
-0.000589948
-0.000585502
-0.000577212
-0.000565171
-0.000549432
-0.000530017
-0.000506917
-0.000480098
-0.000449508
-0.000415079
-0.000376732
-0.000334381
-0.000287932
-0.00023729
-0.00018236
-0.000123043
-5.92435e-05
9.13363e-06
8.21796e-05
0.000159981
0.000242617
0.00033016
0.000422672
0.000520204
0.000622792
0.000730459
0.000843203
0.000961002
0.00108381
0.00121155
0.00134411
0.00148135
0.00162309
0.00176909
0.00191908
0.00207275
0.00222971
0.00238954
0.00255176
0.00271581
0.00288111
0.00304699
0.00321274
0.0033776
0.00354077
0.0037014
0.00385863
0.00401158
0.00415935
0.00430107
0.0044359
0.00456303
0.00468171
0.00479127
0.00489111
0.00498075
0.0050598
0.005128
0.00518525
0.00523156
0.0052671
0.00529217
0.00530724
0.00531287
0.00530976
0.00529868
0.00528044
0.00525586
0.00522602
0.00519204
0.00515127
0.00509944
-0.000534239
-0.000578012
-0.00060915
-0.000632122
-0.000650236
-0.000663517
-0.000672066
-0.000676183
-0.000676121
-0.000672064
-0.000664153
-0.000652484
-0.000637111
-0.000618054
-0.000595304
-0.000568822
-0.000538554
-0.000504425
-0.00046635
-0.000424236
-0.000377982
-0.000327485
-0.000272639
-0.000213333
-0.00014946
-8.09109e-05
-7.57976e-06
7.06355e-05
0.000153832
0.000242098
0.000335517
0.000434158
0.000538079
0.000647318
0.000761896
0.000881809
0.00100703
0.00113749
0.00127311
0.00141374
0.00155922
0.00170932
0.00186378
0.00202227
0.00218441
0.00234977
0.00251784
0.00268806
0.0028598
0.00303236
0.00320498
0.00337686
0.00354714
0.0037149
0.0038792
0.0040391
0.00419363
0.00434183
0.00448278
0.00461561
0.00473948
0.00485365
0.00495747
0.00505041
0.00513205
0.00520213
0.00526055
0.00530734
0.00534273
0.00536712
0.00538103
0.00538514
0.00538024
0.00536722
0.00534697
0.0053204
0.00528866
0.00525294
0.00521057
0.00515717
-0.000622211
-0.000666874
-0.000698706
-0.000722265
-0.000740922
-0.000754708
-0.000763726
-0.000768287
-0.000768649
-0.000765005
-0.000757499
-0.00074623
-0.000731253
-0.00071259
-0.000690227
-0.000664125
-0.000634223
-0.000600443
-0.000562694
-0.000520874
-0.000474877
-0.000424588
-0.000369889
-0.00031066
-0.000246778
-0.00017812
-0.000104564
-2.59899e-05
5.77166e-05
0.000146666
0.00024096
0.00034069
0.000445935
0.000556756
0.000673193
0.000795264
0.00092296
0.00105624
0.00119502
0.0013392
0.0014886
0.00164301
0.00180219
0.00196579
0.00213345
0.00230471
0.00247906
0.00265591
0.0028346
0.0030144
0.0031945
0.00337403
0.00355208
0.00372765
0.00389974
0.00406731
0.0042293
0.00438468
0.00453242
0.00467155
0.00480116
0.00492042
0.00502862
0.00512516
0.0052096
0.00528166
0.00534125
0.00538847
0.00542359
0.0054471
0.00545963
0.00546198
0.00545505
0.00543982
0.0054173
0.00538848
0.00535462
0.00531698
0.00527287
0.00521782
-0.000716386
-0.000761991
-0.000794555
-0.000818731
-0.00083796
-0.000852275
-0.000861787
-0.000866816
-0.000867629
-0.000864425
-0.000857353
-0.000846517
-0.000831974
-0.000813745
-0.000791816
-0.000766144
-0.000736664
-0.000703294
-0.000665936
-0.000624482
-0.000578815
-0.000528812
-0.000474342
-0.000415272
-0.000351465
-0.00028278
-0.00020908
-0.000130225
-4.60807e-05
4.34857e-05
0.000138598
0.000239372
0.000345907
0.000458289
0.000576583
0.000700828
0.000831038
0.000967192
0.00110923
0.00125706
0.00141054
0.00156946
0.00173358
0.00190257
0.00207607
0.00225361
0.00243467
0.00261864
0.00280482
0.00299243
0.00318064
0.00336851
0.00355505
0.00373919
0.00391984
0.00409586
0.00426611
0.00442942
0.00458468
0.00473079
0.00486675
0.00499162
0.00510462
0.00520508
0.00529253
0.00536668
0.00542747
0.00547503
0.00550974
0.00553216
0.00554306
0.00554336
0.00553407
0.00551631
0.0054912
0.00545984
0.0054236
0.00538384
0.00533785
0.00528106
-0.00081684
-0.000863441
-0.000896778
-0.000921603
-0.000941434
-0.000956308
-0.000966341
-0.000971865
-0.000973157
-0.000970424
-0.000963822
-0.000953458
-0.000939392
-0.000921645
-0.000900203
-0.000875021
-0.000846029
-0.000813142
-0.000776254
-0.00073525
-0.000690004
-0.000640381
-0.000586239
-0.000527429
-0.000463799
-0.000395192
-0.000321451
-0.000242416
-0.00015793
-6.78384e-05
2.80085e-05
0.000129749
0.000237511
0.000351402
0.000471515
0.000597915
0.00073064
0.000869694
0.00101504
0.00116662
0.00132429
0.00148787
0.00165715
0.0018318
0.00201145
0.00219565
0.00238385
0.00257542
0.00276964
0.00296569
0.00316268
0.00335961
0.00355541
0.00374894
0.003939
0.00412434
0.00430369
0.00447579
0.00463936
0.0047932
0.00493617
0.00506724
0.0051855
0.00529024
0.00538094
0.0054573
0.00551929
0.00556712
0.00560124
0.00562234
0.0056313
0.00562919
0.00561716
0.00559648
0.0055684
0.00553416
0.00549524
0.00545314
0.00540512
0.00534654
-0.000923652
-0.000971305
-0.00100546
-0.00103097
-0.00105143
-0.0010669
-0.00107748
-0.00108353
-0.00108534
-0.00108311
-0.00107702
-0.00106717
-0.00105363
-0.00103642
-0.00101553
-0.000990904
-0.000962478
-0.000930157
-0.000893831
-0.000853376
-0.000808656
-0.000759525
-0.000705826
-0.000647397
-0.000584068
-0.000515665
-0.00044201
-0.000362922
-0.000278219
-0.000187721
-9.12551e-05
1.13444e-05
0.000120231
0.000235543
0.000357399
0.000485893
0.000621093
0.000763032
0.000911705
0.00106707
0.00122902
0.00139741
0.00157202
0.00175256
0.00193867
0.00212988
0.00232564
0.00252532
0.00272815
0.00293328
0.00313976
0.00334653
0.00355243
0.00375622
0.00395661
0.00415221
0.00434162
0.00452342
0.00469621
0.00485861
0.00500934
0.00514723
0.00527129
0.0053807
0.00547492
0.00555363
0.00561685
0.00566484
0.00569817
0.00571765
0.00572431
0.00571936
0.00570414
0.00568006
0.00564856
0.00561104
0.00556914
0.00552445
0.00547428
0.00541385
-0.00103691
-0.00108567
-0.00112069
-0.00114692
-0.00116806
-0.00118414
-0.00119531
-0.00120192
-0.00120427
-0.00120259
-0.00119705
-0.00118777
-0.00117481
-0.0011582
-0.00113793
-0.00111394
-0.00108617
-0.00105451
-0.00101885
-0.000979061
-0.000934988
-0.000886476
-0.000833355
-0.000775448
-0.000712566
-0.000644517
-0.0005711
-0.000492111
-0.000407344
-0.000316593
-0.000219658
-0.000116346
-6.47391e-06
0.000110127
0.000233605
0.000364088
0.000501677
0.000646438
0.000798402
0.000957558
0.00112384
0.00129713
0.00147722
0.00166387
0.0018567
0.00205526
0.00225902
0.00246729
0.00267931
0.00289419
0.0031109
0.00332832
0.00354521
0.00376022
0.00397193
0.00417882
0.00437933
0.00457187
0.00475486
0.00492674
0.00508606
0.00523151
0.00536196
0.00547651
0.00557456
0.00565581
0.00572027
0.00576832
0.00580061
0.00581811
0.00582201
0.00581371
0.00579473
0.00576671
0.00573128
0.00569005
0.0056448
0.00559728
0.0055448
0.00548249
-0.0011567
-0.00120664
-0.00124256
-0.00126955
-0.0012914
-0.00130814
-0.00131993
-0.00132714
-0.00133007
-0.00132898
-0.00132404
-0.00131538
-0.00130306
-0.00128713
-0.00126755
-0.00124429
-0.00121727
-0.00118639
-0.00115151
-0.00111251
-0.00106922
-0.00102147
-0.000969081
-0.000911857
-0.000849591
-0.00078207
-0.00070907
-0.000630363
-0.000545717
-0.000454901
-0.000357686
-0.000253849
-0.000143176
-2.54654e-05
9.94662e-05
0.000231783
0.000371623
0.000519093
0.000674266
0.00083717
0.00100778
0.00118601
0.0013717
0.00156461
0.0017644
0.00197064
0.00218278
0.00240014
0.00262193
0.00284722
0.00307493
0.00330387
0.00353269
0.00375995
0.00398408
0.00420339
0.00441614
0.00462056
0.00481484
0.00499724
0.00516611
0.00531995
0.00545748
0.00557772
0.00567998
0.00576395
0.00582969
0.00587764
0.0059086
0.00592368
0.00592428
0.00591199
0.00588861
0.00585602
0.00581609
0.00577063
0.00572165
0.00567102
0.00561607
0.00555186
-0.00128312
-0.00133429
-0.00137117
-0.00139897
-0.00142156
-0.001439
-0.00145144
-0.00145928
-0.00146285
-0.00146239
-0.0014581
-0.00145012
-0.00143852
-0.00142333
-0.00140454
-0.00138211
-0.00135594
-0.00132595
-0.00129199
-0.00125392
-0.00121156
-0.00116474
-0.00111326
-0.0010569
-0.000995442
-0.000928648
-0.000856272
-0.000778061
-0.000693757
-0.000603102
-0.000505837
-0.000401708
-0.000290468
-0.000171878
-4.57171e-05
8.82208e-05
0.000230117
0.000380126
0.000538366
0.000704913
0.000879788
0.00106295
0.00125428
0.00145357
0.00166052
0.00187471
0.0020956
0.00232252
0.00255464
0.00279102
0.00303052
0.00327187
0.00351364
0.00375425
0.00399195
0.00422492
0.00445119
0.00466875
0.00487557
0.00506967
0.00524916
0.00541235
0.00555779
0.00568434
0.00579125
0.00587818
0.00594523
0.00599291
0.00602216
0.00603428
0.0060309
0.00601391
0.00598538
0.00594748
0.00590239
0.00585216
0.00579899
0.00574492
0.00568733
0.0056212
-0.00141627
-0.00146874
-0.00150662
-0.00153527
-0.00155865
-0.00157682
-0.00158996
-0.00159848
-0.00160272
-0.00160295
-0.00159937
-0.00159212
-0.00158131
-0.00156695
-0.00154904
-0.00152754
-0.00150235
-0.00147338
-0.00144047
-0.00140349
-0.00136224
-0.00131652
-0.00126614
-0.00121085
-0.00115042
-0.00108457
-0.00101306
-0.000935592
-0.00085189
-0.000761663
-0.000664625
-0.000560487
-0.000448965
-0.000329782
-0.000202673
-6.73876e-05
7.63072e-05
0.000228617
0.000389714
0.000559729
0.000738737
0.00092675
0.0011237
0.00132942
0.00154366
0.00176601
0.00199598
0.00223287
0.00247589
0.00272402
0.00297612
0.00323081
0.00348658
0.00374169
0.00399426
0.00424222
0.0044834
0.00471552
0.00493628
0.00514342
0.00533479
0.00550844
0.00566273
0.00579635
0.00590844
0.00599862
0.00606699
0.00611417
0.00614125
0.00614977
0.00614165
0.00611909
0.00608454
0.00604052
0.00598951
0.00593385
0.00587596
0.00581808
0.00575765
0.00568963
-0.00155626
-0.00161009
-0.00164903
-0.00167857
-0.00170278
-0.00172173
-0.00173561
-0.00174484
-0.0017498
-0.00175076
-0.00174795
-0.00174152
-0.00173156
-0.00171813
-0.0017012
-0.00168074
-0.00165666
-0.00162884
-0.00159715
-0.00156142
-0.00152145
-0.00147705
-0.00142797
-0.00137398
-0.0013148
-0.00125017
-0.00117978
-0.00110334
-0.00102054
-0.000931056
-0.000834568
-0.000730755
-0.000619294
-0.000499865
-0.000372155
-0.000235862
-9.06996e-05
6.35978e-05
0.000227263
0.00040049
0.000583416
0.000776115
0.000978578
0.0011907
0.00141227
0.00164294
0.00188222
0.00212947
0.00238388
0.00264443
0.00290991
0.0031789
0.00344976
0.00372063
0.00398941
0.00425384
0.00451146
0.00475971
0.00499599
0.0052177
0.00542239
0.00560782
0.00577208
0.00591366
0.00603155
0.00612529
0.00619501
0.00624141
0.00626579
0.00626996
0.00625618
0.00622709
0.00618552
0.00613441
0.0060766
0.00601474
0.00595152
0.0058894
0.00582593
0.00575607
-0.00170318
-0.00175846
-0.00179852
-0.00182899
-0.00185407
-0.00187384
-0.00188849
-0.00189849
-0.00190421
-0.00190597
-0.00190398
-0.00189843
-0.00188942
-0.00187699
-0.00186115
-0.00184185
-0.00181901
-0.00179251
-0.00176219
-0.00172789
-0.00168941
-0.00164653
-0.00159899
-0.00154654
-0.00148889
-0.00142575
-0.00135679
-0.0012817
-0.00120014
-0.00111175
-0.00101619
-0.000913089
-0.000802091
-0.000682826
-0.000554932
-0.000418048
-0.000271828
-0.00011594
4.99155e-05
0.000226003
0.000412533
0.000609651
0.00081742
0.0010358
0.00126465
0.00150368
0.00175245
0.00201035
0.00227659
0.00255016
0.0028298
0.00311405
0.00340113
0.00368904
0.0039755
0.00425798
0.00453373
0.00479988
0.00505346
0.0052915
0.00551118
0.00570992
0.00588546
0.00603606
0.00616048
0.00625818
0.00632927
0.00637458
0.00639563
0.00639457
0.00637412
0.00633735
0.00628761
0.00622829
0.00616265
0.00609369
0.00602442
0.00595756
0.00589083
0.00581921
-0.00185716
-0.00191395
-0.00195518
-0.00198665
-0.00201264
-0.00203327
-0.00204875
-0.00205955
-0.00206609
-0.00206868
-0.00206759
-0.00206299
-0.00205501
-0.00204369
-0.00202905
-0.00201103
-0.00198957
-0.00196453
-0.00193577
-0.0019031
-0.00186631
-0.00182517
-0.00177942
-0.00172878
-0.00167295
-0.0016116
-0.00154442
-0.00147103
-0.00139109
-0.00130421
-0.00121
-0.00110806
-0.000997991
-0.000879372
-0.000751785
-0.000614809
-0.000468029
-0.000311044
-0.000143478
3.50115e-05
0.000224717
0.000425868
0.00063861
0.000862991
0.00109894
0.00134625
0.00160456
0.00187331
0.00215174
0.00243885
0.00273339
0.00303381
0.00333825
0.00364455
0.00395021
0.00425244
0.00454819
0.00483419
0.00510708
0.00536347
0.00560009
0.00581392
0.00600231
0.00616317
0.00629502
0.00639715
0.00646966
0.00651352
0.00653054
0.00652328
0.00649496
0.00644922
0.00638997
0.00632112
0.00624642
0.00616931
0.00609316
0.00602099
0.00595076
0.00587752
-0.00201832
-0.0020767
-0.00211917
-0.00215167
-0.00217863
-0.00220016
-0.0022165
-0.00222815
-0.00223555
-0.00223905
-0.00223891
-0.00223533
-0.00222846
-0.00221835
-0.00220501
-0.00218842
-0.00216848
-0.00214507
-0.00211804
-0.0020872
-0.00205232
-0.00201317
-0.00196947
-0.00192093
-0.00186723
-0.00180803
-0.00174298
-0.0016717
-0.0015938
-0.00150887
-0.0014165
-0.00131623
-0.00120762
-0.00109021
-0.000963499
-0.000827016
-0.000680272
-0.000522789
-0.000354108
-0.000173799
1.85212e-05
0.000223176
0.000440411
0.000670373
0.000913094
0.00116846
0.00143621
0.00171585
0.0020067
0.00230779
0.00261787
0.00293534
0.00325825
0.0035843
0.00391075
0.00423456
0.0045523
0.00486033
0.0051548
0.00543184
0.00568764
0.00591866
0.00612176
0.00629439
0.00643474
0.00654189
0.00661594
0.006658
0.00667021
0.00665565
0.0066181
0.00656188
0.00649153
0.00641159
0.00632641
0.00623993
0.00615596
0.00607785
0.00600383
0.0059291
-0.00218677
-0.00224684
-0.0022906
-0.00232419
-0.00235216
-0.00237464
-0.00239189
-0.00240444
-0.00241274
-0.00241719
-0.00241806
-0.00241558
-0.0024099
-0.00240109
-0.00238918
-0.00237413
-0.00235586
-0.00233426
-0.00230915
-0.00228034
-0.00224761
-0.00221071
-0.00216934
-0.00212321
-0.00207197
-0.00201528
-0.00195276
-0.00188402
-0.00180864
-0.00172617
-0.00163617
-0.00153814
-0.0014316
-0.00131602
-0.00119085
-0.00105554
-0.000909533
-0.000752268
-0.000583195
-0.000401791
-0.00020757
-1.01292e-07
0.000220974
0.000455924
0.000704901
0.000967918
0.00124481
0.00153524
0.00183857
0.0021539
0.00248002
0.0028153
0.00315773
0.00350485
0.00385373
0.00420101
0.00454292
0.00487536
0.00519397
0.00549428
0.00577187
0.00602254
0.00624252
0.00642872
0.00657889
0.00669187
0.00676767
0.0068076
0.0068142
0.00679108
0.00674276
0.00667429
0.00659099
0.00649817
0.00640085
0.0063036
0.00621071
0.00612591
0.00604778
0.0059717
-0.00236264
-0.00242449
-0.00246963
-0.00250437
-0.0025334
-0.00255687
-0.00257506
-0.00258854
-0.00259781
-0.00260325
-0.00260519
-0.00260387
-0.00259946
-0.00259205
-0.00258168
-0.0025683
-0.00255186
-0.00253222
-0.00250922
-0.00248266
-0.00245232
-0.00241793
-0.00237919
-0.00233579
-0.00228738
-0.0022336
-0.00217405
-0.00210831
-0.00203595
-0.0019565
-0.00186946
-0.00177431
-0.0016705
-0.00155746
-0.00143458
-0.00130123
-0.00115678
-0.00100058
-0.00083198
-0.000650362
-0.000455126
-0.000245719
-2.16519e-05
0.000217482
0.000471983
0.000742014
0.00102757
0.00132839
0.00164403
0.00197366
0.00231612
0.00266982
0.00303268
0.00340212
0.00377503
0.00414775
0.00451614
0.00487559
0.00522116
0.00554771
0.00585006
0.00612324
0.00636271
0.00656467
0.00672633
0.00684618
0.00692414
0.0069617
0.00696182
0.0069288
0.00686793
0.00678518
0.0066868
0.006579
0.00646766
0.00635803
0.00625496
0.00616258
0.0060799
0.00600259
-0.00254609
-0.00260982
-0.00265641
-0.00269235
-0.00272249
-0.002747
-0.00276618
-0.00278063
-0.00279088
-0.00279737
-0.00280043
-0.00280034
-0.00279728
-0.00279136
-0.00278262
-0.00277105
-0.00275658
-0.00273907
-0.00271837
-0.00269429
-0.00266657
-0.00263497
-0.00259916
-0.00255884
-0.00251363
-0.00246317
-0.00240705
-0.00234483
-0.00227605
-0.0022002
-0.00211677
-0.0020252
-0.00192487
-0.00181517
-0.00169542
-0.00156492
-0.00142296
-0.0012688
-0.0011017
-0.000920926
-0.00072575
-0.000515489
-0.000289505
-4.72318e-05
0.0002118
0.000487929
0.000781321
0.00109192
0.0014194
0.00176309
0.00212194
0.00249439
0.00287838
0.00327124
0.00366968
0.0040698
0.00446703
0.00485626
0.0052319
0.00558801
0.00591854
0.00621756
0.0064796
0.0067
0.00687526
0.00700341
0.00708421
0.00711931
0.00711214
0.00706773
0.00699233
0.00689298
0.00677708
0.00665195
0.00652442
0.00640057
0.00628584
0.00618482
0.00609702
0.00601851
-0.00273725
-0.00280298
-0.0028511
-0.00288831
-0.00291961
-0.0029452
-0.0029654
-0.00298086
-0.00299213
-0.0029997
-0.00300393
-0.00300511
-0.00300347
-0.00299912
-0.00299213
-0.00298248
-0.00297011
-0.00295491
-0.0029367
-0.0029153
-0.00289047
-0.00286192
-0.00282937
-0.00279247
-0.00275087
-0.00270417
-0.00265196
-0.00259379
-0.00252917
-0.00245758
-0.00237846
-0.00229121
-0.00219519
-0.0020897
-0.00197402
-0.00184738
-0.00170898
-0.001558
-0.00139359
-0.00121489
-0.00102106
-0.000811256
-0.000584685
-0.000340597
-7.83299e-05
0.000202659
0.000502746
0.00082209
0.00116057
0.00151771
0.00189259
0.00228379
0.00268928
0.00310638
0.00353168
0.00396102
0.00438947
0.00481135
0.00522036
0.00560969
0.00597224
0.00630097
0.00658927
0.00683139
0.00702296
0.00716137
0.00724611
0.00727893
0.00726375
0.00720643
0.00711434
0.00699584
0.0068597
0.00671456
0.00656841
0.00642822
0.0063001
0.00618914
0.00609546
0.00601562
-0.0029363
-0.00300415
-0.00305389
-0.00309243
-0.00312496
-0.00315166
-0.00317292
-0.0031894
-0.00320173
-0.00321039
-0.00321582
-0.00321834
-0.00321817
-0.00321546
-0.0032103
-0.00320269
-0.00319256
-0.00317981
-0.00316428
-0.00314578
-0.00312406
-0.00309887
-0.00306988
-0.00303677
-0.00299918
-0.0029567
-0.00290891
-0.00285535
-0.00279552
-0.00272886
-0.0026548
-0.0025727
-0.00248186
-0.00238155
-0.00227098
-0.00214932
-0.00201568
-0.00186916
-0.00170879
-0.00153362
-0.00134264
-0.00113487
-0.000909323
-0.000665062
-0.000401207
-0.000116983
0.000188235
0.000514862
0.000863024
0.00123249
0.00162256
0.002032
0.0024589
0.00290064
0.00335375
0.00381389
0.00427575
0.00473313
0.00517895
0.00560542
0.00600428
0.00636716
0.00668607
0.00695397
0.00716533
0.00731669
0.00740709
0.00743827
0.00741464
0.00734297
0.00723198
0.00709158
0.00693223
0.00676413
0.00659658
0.00643762
0.00629408
0.00617161
0.006071
0.00598935
-0.0031434
-0.00321352
-0.00326498
-0.00330493
-0.00333872
-0.00336658
-0.00338891
-0.00340645
-0.00341983
-0.00342962
-0.00343627
-0.00344014
-0.00344149
-0.00344049
-0.00343723
-0.00343174
-0.00342397
-0.00341383
-0.00340115
-0.00338575
-0.0033674
-0.00334582
-0.00332072
-0.00329177
-0.00325859
-0.0032208
-0.00317796
-0.0031296
-0.0030752
-0.00301421
-0.002946
-0.00286991
-0.0027852
-0.00269111
-0.00258679
-0.00247133
-0.0023438
-0.00220317
-0.0020484
-0.0018784
-0.00169203
-0.00148813
-0.00126554
-0.00102311
-0.000759712
-0.000474322
-0.000166032
0.000165868
0.000521805
0.000901867
0.00130563
0.00173213
0.00217969
0.00264583
0.00312712
0.00361912
0.00411623
0.00461172
0.00509773
0.00556542
0.00600521
0.00640724
0.00676191
0.00706055
0.00729619
0.00746421
0.00756293
0.00759389
0.0075619
0.0074748
0.0073428
0.00717772
0.00699201
0.00679771
0.00660569
0.00642515
0.00626381
0.00612789
0.00601886
0.00593441
-0.00335876
-0.0034313
-0.00348459
-0.00352602
-0.00356113
-0.00359018
-0.00361361
-0.00363219
-0.00364665
-0.00365756
-0.00366544
-0.00367067
-0.00367356
-0.0036743
-0.003673
-0.00366972
-0.00366441
-0.00365699
-0.00364733
-0.00363523
-0.00362046
-0.00360278
-0.00358188
-0.00355744
-0.0035291
-0.00349647
-0.00345911
-0.00341655
-0.00336826
-0.00331367
-0.00325214
-0.00318298
-0.00310543
-0.00301867
-0.00292182
-0.00281392
-0.00269394
-0.00256082
-0.00241338
-0.00225041
-0.00207065
-0.00187277
-0.00165541
-0.00141719
-0.00115675
-0.000872775
-0.000564048
-0.000229525
0.000131589
0.00051971
0.000934834
0.00137634
0.0018429
0.00233228
0.00284125
0.00336535
0.00389883
0.00443448
0.0049637
0.00547657
0.00596212
0.00640882
0.00680518
0.00714062
0.00740632
0.00759609
0.00770714
0.00774051
0.00770132
0.00759844
0.00744383
0.00725151
0.00703625
0.0068123
0.00659238
0.0063871
0.00620513
0.00605335
0.0059338
0.00584474
-0.00358259
-0.00365773
-0.00371297
-0.00375596
-0.00379244
-0.00382271
-0.00384724
-0.00386687
-0.00388237
-0.00389439
-0.00390347
-0.00391006
-0.00391449
-0.00391699
-0.00391769
-0.00391667
-0.0039139
-0.00390932
-0.0039028
-0.00389417
-0.00388321
-0.00386967
-0.00385327
-0.00383371
-0.00381062
-0.00378362
-0.00375228
-0.00371612
-0.00367462
-0.0036272
-0.00357321
-0.00351193
-0.0034426
-0.00336436
-0.00327629
-0.00317739
-0.00306658
-0.0029427
-0.0028045
-0.00265067
-0.00247978
-0.00229036
-0.00208086
-0.00184968
-0.00159519
-0.00131578
-0.00100992
-0.000676182
-0.000313379
7.93545e-05
0.000502464
0.000955798
0.00143848
0.0019487
0.00248353
0.00303872
0.00360847
0.00418527
0.00475988
0.00532136
0.00585734
0.00635449
0.00679925
0.00717876
0.00748188
0.00770035
0.00782972
0.00787012
0.00782664
0.00770911
0.00753137
0.00730989
0.00706217
0.00680506
0.00655353
0.0063199
0.00611394
0.00594319
0.00581018
0.00571354
-0.00381514
-0.00389308
-0.0039504
-0.00399503
-0.00403294
-0.00406445
-0.00409007
-0.00411073
-0.00412724
-0.00414032
-0.00415057
-0.00415847
-0.00416441
-0.00416865
-0.00417136
-0.00417262
-0.00417245
-0.00417079
-0.00416753
-0.00416251
-0.00415554
-0.00414638
-0.00413478
-0.00412042
-0.00410297
-0.00408206
-0.00405727
-0.00402813
-0.00399411
-0.00395464
-0.00390906
-0.00385666
-0.00379665
-0.00372817
-0.00365026
-0.0035619
-0.00346196
-0.00334922
-0.00322236
-0.00307995
-0.00292047
-0.00274227
-0.00254365
-0.00232276
-0.00207776
-0.00180671
-0.00150775
-0.00117907
-0.000819038
-0.000426289
1.35002e-07
0.00046067
0.000955014
0.00148194
0.00203902
0.0026224
0.00322645
0.00384361
0.00446422
0.0050765
0.00566679
0.00621999
0.00672033
0.00715235
0.00750214
0.0077587
0.00791523
0.00797027
0.00792834
0.00779989
0.00760055
0.00734941
0.00706708
0.00677355
0.00648654
0.00622046
0.00598642
0.00579274
0.00564216
0.00553339
-0.00405668
-0.00413765
-0.0041972
-0.00424355
-0.00428294
-0.0043157
-0.0043424
-0.00436403
-0.0043815
-0.00439557
-0.00440691
-0.00441606
-0.00442345
-0.00442939
-0.00443407
-0.00443761
-0.00444005
-0.00444135
-0.00444143
-0.00444014
-0.00443732
-0.00443275
-0.00442619
-0.00441736
-0.00440593
-0.00439155
-0.00437382
-0.00435228
-0.00432643
-0.00429568
-0.0042594
-0.00421688
-0.00416733
-0.00410988
-0.00404358
-0.00396737
-0.0038801
-0.00378052
-0.00366724
-0.00353877
-0.00339346
-0.00322957
-0.00304521
-0.00283837
-0.00260693
-0.00234872
-0.00206152
-0.00174313
-0.00139147
-0.00100466
-0.000581125
-0.000119802
0.000379726
0.000916957
0.00149018
0.00209616
0.00272976
0.0033837
0.00404823
0.00471115
0.00535781
0.00597158
0.00653452
0.00702843
0.00743617
0.00774329
0.00793976
0.00802151
0.00799155
0.00786021
0.0076444
0.00736581
0.00704845
0.00671605
0.00638976
0.00608663
0.00581954
0.00559777
0.00542399
0.00529646
-0.00430753
-0.00439179
-0.00445373
-0.00450191
-0.00454281
-0.00457682
-0.00460457
-0.00462711
-0.00464543
-0.00466038
-0.00467271
-0.004683
-0.00469174
-0.00469928
-0.00470586
-0.00471163
-0.00471666
-0.00472093
-0.00472439
-0.00472692
-0.00472837
-0.00472856
-0.00472727
-0.00472424
-0.00471917
-0.00471173
-0.00470155
-0.00468819
-0.00467115
-0.00464989
-0.00462378
-0.00459214
-0.00455419
-0.00450907
-0.00445584
-0.00439346
-0.00432075
-0.00423645
-0.00413914
-0.00402728
-0.00389916
-0.00375294
-0.00358661
-0.003398
-0.00318482
-0.00294462
-0.0026749
-0.0023731
-0.00203669
-0.00166328
-0.00125069
-0.000797146
-0.000301436
0.000236804
0.000816753
0.00143607
0.00209049
0.00277341
0.0034756
0.00418499
0.0048866
0.00556285
0.00619403
0.00675932
0.00723812
0.00761188
0.00786622
0.00799311
0.00799247
0.00787307
0.007652
0.00735296
0.00700348
0.00663162
0.00626282
0.00591763
0.0056114
0.00535489
0.00515031
0.00499486
-0.00456805
-0.0046559
-0.00472041
-0.00477052
-0.00481298
-0.00484823
-0.00487695
-0.0049003
-0.00491936
-0.00493505
-0.0049482
-0.00495948
-0.00496942
-0.00497842
-0.00498679
-0.00499469
-0.00500223
-0.00500943
-0.00501626
-0.00502264
-0.00502845
-0.00503352
-0.00503768
-0.00504068
-0.00504228
-0.00504215
-0.00503996
-0.0050353
-0.00502771
-0.00501667
-0.00500158
-0.00498179
-0.00495657
-0.00492508
-0.00488641
-0.00483954
-0.00478333
-0.0047165
-0.00463766
-0.00454523
-0.00443751
-0.00431258
-0.00416839
-0.00400266
-0.00381295
-0.00359666
-0.00335103
-0.00307323
-0.00276034
-0.00240951
-0.00201799
-0.00158331
-0.00110349
-0.000577154
-4.13202e-06
0.000614394
0.00127539
0.00197352
0.00270078
0.00344615
0.00419539
0.00493101
0.00563255
0.00627723
0.00684118
0.00730132
0.0076378
0.00783673
0.00789267
0.00781034
0.00760485
0.0073005
0.00692783
0.00651963
0.00610667
0.00571431
0.00536164
0.00506186
0.00481652
0.00462091
-0.00483866
-0.00493044
-0.00499773
-0.00504987
-0.00509393
-0.00513039
-0.00516
-0.00518403
-0.00520364
-0.00521988
-0.00523365
-0.0052457
-0.00525663
-0.00526691
-0.00527688
-0.00528676
-0.00529668
-0.00530672
-0.00531686
-0.00532707
-0.00533726
-0.00534729
-0.00535702
-0.00536625
-0.00537475
-0.00538225
-0.00538845
-0.00539297
-0.0053954
-0.00539525
-0.00539199
-0.00538499
-0.00537359
-0.005357
-0.00533436
-0.00530469
-0.0052669
-0.00521978
-0.00516195
-0.00509189
-0.00500791
-0.00490812
-0.00479046
-0.00465263
-0.00449215
-0.00430633
-0.00409229
-0.00384701
-0.00356734
-0.00325009
-0.00289206
-0.00249021
-0.00204178
-0.0015447
-0.000997525
-0.000400162
0.000245943
0.000937331
0.00166814
0.00242967
0.00320996
0.00399341
0.00476057
0.00548828
0.00615042
0.00671952
0.00716925
0.0074777
0.00763082
0.00762544
0.00747101
0.00718945
0.0068127
0.00637813
0.00592289
0.00547905
0.00507154
0.00471781
0.00441891
0.00416745
-0.00511986
-0.00521595
-0.00528626
-0.00534055
-0.00538624
-0.00542385
-0.00545423
-0.00547875
-0.0054987
-0.00551524
-0.00552936
-0.0055419
-0.00555355
-0.00556485
-0.00557617
-0.00558781
-0.00559993
-0.00561264
-0.00562597
-0.00563993
-0.00565445
-0.00566945
-0.00568482
-0.00570039
-0.00571598
-0.00573136
-0.00574627
-0.00576039
-0.00577335
-0.00578471
-0.00579401
-0.00580069
-0.00580414
-0.00580365
-0.00579844
-0.00578761
-0.00577016
-0.00574494
-0.00571069
-0.00566596
-0.00560916
-0.00553849
-0.00545196
-0.00534737
-0.00522229
-0.00507409
-0.00489993
-0.00469678
-0.00446144
-0.00419062
-0.0038809
-0.00352895
-0.00313155
-0.00268588
-0.00218968
-0.00164144
-0.00104071
-0.000388551
0.00031238
0.00105731
0.00183869
0.00264544
0.00346202
0.00426771
0.00503642
0.00573744
0.00633761
0.00680475
0.00711213
0.0072433
0.00719616
0.00698507
0.00663967
0.00620044
0.00571174
0.00521478
0.00474364
0.00432311
0.00395471
0.00362794
-0.00541221
-0.00551307
-0.00558666
-0.00564322
-0.00569055
-0.00572924
-0.00576023
-0.00578501
-0.00580501
-0.00582152
-0.00583564
-0.00584833
-0.00586036
-0.00587233
-0.0058847
-0.00589779
-0.00591184
-0.00592699
-0.00594332
-0.00596087
-0.00597962
-0.00599953
-0.00602052
-0.00604248
-0.00606527
-0.00608872
-0.00611259
-0.00613664
-0.00616054
-0.00618395
-0.00620646
-0.0062276
-0.00624683
-0.00626356
-0.0062771
-0.00628667
-0.00629137
-0.0062902
-0.00628202
-0.00626556
-0.00623936
-0.00620182
-0.00615113
-0.00608529
-0.00600209
-0.00589912
-0.00577379
-0.00562329
-0.00544469
-0.00523489
-0.00499068
-0.00470883
-0.00438614
-0.00401954
-0.00360624
-0.00314385
-0.00262953
-0.00206183
-0.00143902
-0.00076007
-2.53633e-05
0.000762095
0.00159488
0.00245912
0.00333267
0.00418444
0.00497525
0.00566095
0.00619769
0.00654888
0.00669256
0.00662704
0.00637283
0.00596959
0.00546856
0.00492293
0.00438063
0.00387874
0.00342173
0.00299625
-0.00571638
-0.00582253
-0.0058997
-0.00595866
-0.00600764
-0.0060473
-0.00607867
-0.00610341
-0.00612311
-0.00613919
-0.00615289
-0.00616529
-0.00617726
-0.00618947
-0.00620247
-0.00621665
-0.00623227
-0.00624955
-0.0062686
-0.0062895
-0.00631229
-0.00633697
-0.0063635
-0.00639182
-0.00642183
-0.00645342
-0.00648642
-0.00652063
-0.00655582
-0.0065917
-0.00662795
-0.00666422
-0.00670006
-0.006735
-0.00676847
-0.00679984
-0.00682838
-0.00685325
-0.00687352
-0.00688812
-0.00689586
-0.00689539
-0.00688522
-0.00686368
-0.00682895
-0.00677907
-0.00671192
-0.00662529
-0.00651682
-0.00638411
-0.00622468
-0.00603604
-0.0058157
-0.00556115
-0.00526972
-0.00493824
-0.00456347
-0.00413967
-0.00366006
-0.00311585
-0.00249704
-0.00179407
-0.00100076
-0.000118055
0.000841833
0.00185223
0.00287074
0.00384102
0.00469822
0.00537804
0.00582799
0.0060182
0.0059487
0.00565033
0.0051783
0.00460003
0.00398342
0.00338529
0.00281774
0.00226624
-0.00603316
-0.00614521
-0.00622631
-0.0062878
-0.00633842
-0.00637888
-0.00641036
-0.00643469
-0.00645363
-0.00646877
-0.00648153
-0.0064931
-0.00650446
-0.0065164
-0.00652953
-0.00654431
-0.00656107
-0.00658006
-0.00660147
-0.00662541
-0.00665196
-0.00668117
-0.00671305
-0.0067476
-0.00678477
-0.00682449
-0.00686667
-0.00691117
-0.00695785
-0.0070065
-0.00705692
-0.00710883
-0.00716195
-0.00721592
-0.00727034
-0.00732474
-0.0073786
-0.00743131
-0.00748218
-0.00753043
-0.00757521
-0.00761553
-0.00765034
-0.00767848
-0.00769871
-0.00770974
-0.00771026
-0.00769897
-0.00767462
-0.00763603
-0.00758217
-0.00751213
-0.0074251
-0.00732019
-0.00719605
-0.00705016
-0.00687792
-0.00667106
-0.00641656
-0.00609577
-0.00568474
-0.00515629
-0.00448404
-0.00364851
-0.00264424
-0.00148642
-0.000215437
0.0011024
0.00237943
0.00351692
0.00442014
0.00501557
0.00526615
0.00518004
0.00480851
0.00423309
0.00354845
0.0028415
0.00213974
0.00143119
-0.00636348
-0.00648213
-0.00656754
-0.00663172
-0.00668393
-0.00672499
-0.00675623
-0.00677967
-0.00679729
-0.00681089
-0.00682205
-0.00683212
-0.00684223
-0.00685325
-0.00686589
-0.00688069
-0.00689804
-0.00691824
-0.00694154
-0.00696809
-0.00699803
-0.00703145
-0.00706841
-0.00710896
-0.0071531
-0.00720084
-0.00725214
-0.00730694
-0.00736518
-0.00742677
-0.0074916
-0.00755953
-0.0076304
-0.00770402
-0.00778018
-0.00785862
-0.00793903
-0.00802108
-0.00810439
-0.00818856
-0.00827313
-0.0083576
-0.00844148
-0.00852429
-0.00860556
-0.00868497
-0.00876232
-0.00883767
-0.00891136
-0.00898416
-0.00905727
-0.00913239
-0.00921158
-0.00929694
-0.00938984
-0.00948972
-0.0095921
-0.00968623
-0.00975249
-0.00976051
-0.00966889
-0.00942749
-0.00898283
-0.00828684
-0.00730757
-0.00604004
-0.004515
-0.00280323
-0.00101338
0.000717904
0.00224354
0.00342954
0.00418058
0.00446089
0.00430221
0.00379454
0.00306483
0.0022429
0.00138337
0.000483534
-0.00670843
-0.00683451
-0.00692468
-0.0069917
-0.00704543
-0.00708682
-0.00711735
-0.00713932
-0.00715494
-0.00716624
-0.00717502
-0.0071828
-0.00719085
-0.00720018
-0.00721159
-0.0072257
-0.00724298
-0.00726378
-0.00728839
-0.00731703
-0.00734988
-0.00738707
-0.00742873
-0.00747494
-0.00752577
-0.00758129
-0.00764151
-0.00770649
-0.00777623
-0.00785076
-0.00793008
-0.00801419
-0.00810309
-0.00819677
-0.0082952
-0.00839837
-0.00850624
-0.00861879
-0.00873601
-0.00885792
-0.00898454
-0.00911598
-0.00925243
-0.00939424
-0.00954196
-0.00969645
-0.00985901
-0.0100315
-0.0102163
-0.010417
-0.0106379
-0.0108843
-0.0111626
-0.0114793
-0.0118403
-0.0122484
-0.0127008
-0.0131849
-0.0136742
-0.0141251
-0.0144756
-0.0146479
-0.0145549
-0.0141124
-0.0132534
-0.011944
-0.0101959
-0.008076
-0.00570713
-0.00326154
-0.000943448
0.00103868
0.00250826
0.00335762
0.00357313
0.00323802
0.00251187
0.00158104
0.000543175
-0.000584549
-0.00706932
-0.00720381
-0.00729926
-0.00736926
-0.0074244
-0.00746575
-0.00749501
-0.00751477
-0.00752754
-0.00753563
-0.00754106
-0.00754558
-0.00755063
-0.00755735
-0.00756665
-0.00757924
-0.00759565
-0.00761631
-0.00764155
-0.00767165
-0.00770682
-0.00774725
-0.0077931
-0.00784452
-0.00790164
-0.00796456
-0.00803341
-0.00810828
-0.0081893
-0.0082766
-0.00837031
-0.00847056
-0.00857753
-0.00869139
-0.00881234
-0.00894061
-0.00907648
-0.00922027
-0.00937237
-0.00953329
-0.00970362
-0.00988415
-0.0100759
-0.0102801
-0.0104986
-0.0107338
-0.0109886
-0.0112671
-0.0115746
-0.0119178
-0.012305
-0.0127466
-0.0132542
-0.0138405
-0.0145172
-0.0152926
-0.0161665
-0.0171254
-0.0181361
-0.0191403
-0.0200518
-0.0207643
-0.0211501
-0.0210836
-0.0204572
-0.0192001
-0.0172968
-0.0147992
-0.0118334
-0.00859746
-0.00534826
-0.00237444
4.72566e-05
0.001706
0.00250668
0.0024968
0.00185811
0.000843889
-0.00038606
-0.00177924
-0.00744771
-0.00759176
-0.00769308
-0.00776623
-0.0078226
-0.00786343
-0.0078907
-0.00790734
-0.00791622
-0.00791997
-0.00792091
-0.00792102
-0.00792193
-0.00792495
-0.0079311
-0.00794117
-0.00795579
-0.00797544
-0.00800051
-0.0080313
-0.00806809
-0.0081111
-0.00816055
-0.00821662
-0.00827949
-0.00834933
-0.00842634
-0.00851069
-0.00860261
-0.00870233
-0.00881011
-0.00892625
-0.00905107
-0.00918495
-0.00932833
-0.00948171
-0.00964568
-0.00982096
-0.0100084
-0.0102089
-0.0104239
-0.0106548
-0.0109035
-0.0111725
-0.0114648
-0.0117845
-0.0121368
-0.0125282
-0.0129671
-0.0134642
-0.0140327
-0.0146886
-0.0154501
-0.0163373
-0.0173693
-0.0185605
-0.019915
-0.0214187
-0.0230315
-0.0246801
-0.0262553
-0.0276108
-0.0285854
-0.0290079
-0.0287267
-0.027631
-0.0256714
-0.0228755
-0.0193585
-0.0153274
-0.0110765
-0.00696667
-0.003382
-0.000663215
0.000970705
0.00148731
0.00106285
1.78735e-05
-0.0014063
-0.00310141
-0.00784546
-0.00800044
-0.00810833
-0.00818476
-0.0082421
-0.0082818
-0.00830616
-0.00831854
-0.00832225
-0.0083203
-0.00831536
-0.00830968
-0.00830512
-0.00830315
-0.00830493
-0.00831135
-0.0083231
-0.00834074
-0.00836468
-0.0083953
-0.00843289
-0.00847772
-0.00853004
-0.00859007
-0.00865804
-0.00873419
-0.00881877
-0.00891203
-0.0090143
-0.0091259
-0.00924724
-0.00937875
-0.00952094
-0.00967439
-0.00983977
-0.0100179
-0.0102096
-0.0104161
-0.0106386
-0.0108787
-0.0111384
-0.0114199
-0.0117261
-0.0120608
-0.0124284
-0.0128347
-0.0132873
-0.0137954
-0.0143711
-0.0150294
-0.0157887
-0.0166713
-0.017703
-0.0189117
-0.0203247
-0.0219634
-0.0238363
-0.025929
-0.0281942
-0.030543
-0.0328404
-0.0349084
-0.0365472
-0.0375415
-0.0376986
-0.0368693
-0.034969
-0.0319944
-0.0280368
-0.0232919
-0.018066
-0.0127687
-0.0078806
-0.00388413
-0.00116113
0.000120128
8.13596e-05
-0.000908024
-0.00251172
-0.00454115
-0.00826481
-0.00843237
-0.00854762
-0.00862747
-0.00868541
-0.00872316
-0.00874344
-0.00875015
-0.00874711
-0.00873782
-0.00872533
-0.00871222
-0.0087006
-0.00869214
-0.00868813
-0.00868957
-0.00869723
-0.0087117
-0.00873346
-0.0087629
-0.00880036
-0.00884612
-0.00890047
-0.00896367
-0.00903598
-0.00911768
-0.00920909
-0.00931055
-0.00942244
-0.00954521
-0.00967938
-0.00982553
-0.00998434
-0.0101566
-0.0103432
-0.0105451
-0.0107638
-0.0110006
-0.0112574
-0.0115363
-0.0118398
-0.0121711
-0.0125342
-0.0129339
-0.0133763
-0.0138692
-0.0144222
-0.0150478
-0.0157615
-0.0165829
-0.0175359
-0.0186494
-0.0199566
-0.0214935
-0.0232955
-0.025391
-0.0277923
-0.0304844
-0.0334124
-0.0364717
-0.0395042
-0.0423034
-0.0446252
-0.0462262
-0.0468772
-0.0463956
-0.0446654
-0.0416519
-0.0374135
-0.0321159
-0.026048
-0.0196324
-0.013414
-0.00800554
-0.00397406
-0.0016802
-0.00112532
-0.00193597
-0.0036826
-0.00607098
-0.00870847
-0.00889059
-0.00901413
-0.0090975
-0.0091555
-0.00919023
-0.00920495
-0.00920421
-0.00919249
-0.00917384
-0.0091518
-0.00912931
-0.00910878
-0.00909208
-0.00908065
-0.0090756
-0.00907775
-0.00908776
-0.00910613
-0.00913327
-0.00916954
-0.00921525
-0.00927069
-0.00933614
-0.0094119
-0.00949829
-0.00959568
-0.00970445
-0.00982509
-0.00995814
-0.0101042
-0.010264
-0.0104384
-0.0106284
-0.010835
-0.0110596
-0.0113039
-0.0115697
-0.0118592
-0.0121751
-0.0125207
-0.0129001
-0.013318
-0.0137806
-0.0142955
-0.0148723
-0.0155231
-0.0162632
-0.0171116
-0.0180924
-0.0192348
-0.0205738
-0.0221498
-0.0240061
-0.0261854
-0.0287217
-0.0316304
-0.0348947
-0.0384519
-0.0421826
-0.045907
-0.0493915
-0.0523662
-0.054557
-0.0557092
-0.0556178
-0.0541437
-0.0512251
-0.046886
-0.0412495
-0.0345609
-0.0272154
-0.0197753
-0.0129454
-0.00747147
-0.0039476
-0.00257534
-0.00305072
-0.00487831
-0.00763829
-0.00917973
-0.00937882
-0.00951173
-0.00959863
-0.00965594
-0.00968626
-0.00969351
-0.00968311
-0.00966031
-0.00962986
-0.00959585
-0.00956168
-0.00953006
-0.0095031
-0.00948238
-0.00946911
-0.00946418
-0.00946828
-0.00948191
-0.00950551
-0.00953943
-0.00958398
-0.00963945
-0.00970614
-0.00978436
-0.00987446
-0.00997684
-0.0100919
-0.0102203
-0.0103625
-0.0105194
-0.0106917
-0.0108804
-0.0110867
-0.0113118
-0.0115575
-0.0118256
-0.0121183
-0.0124384
-0.012789
-0.0131741
-0.0135984
-0.0140678
-0.0145896
-0.0151728
-0.0158288
-0.0165718
-0.0174199
-0.0183955
-0.0195263
-0.0208465
-0.0223964
-0.0242223
-0.0263738
-0.0288989
-0.0318358
-0.0352009
-0.0389747
-0.0430867
-0.0474039
-0.0517287
-0.055807
-0.0593493
-0.0620609
-0.0636737
-0.0639702
-0.0627991
-0.0600801
-0.0558073
-0.0500579
-0.0430168
-0.0350177
-0.0265884
-0.0184677
-0.0115409
-0.00664428
-0.00424708
-0.00420898
-0.00602951
-0.00915789
-0.00968263
-0.00990162
-0.0100452
-0.0101355
-0.0101911
-0.0102151
-0.0102124
-0.0101896
-0.0101527
-0.0101075
-0.0100586
-0.01001
-0.0099648
-0.00992524
-0.0098931
-0.00986967
-0.0098559
-0.00985246
-0.00985989
-0.00987858
-0.00990887
-0.00995106
-0.0100054
-0.0100722
-0.0101518
-0.0102446
-0.0103508
-0.0104712
-0.0106061
-0.0107563
-0.0109226
-0.011106
-0.0113075
-0.0115285
-0.0117704
-0.0120351
-0.0123248
-0.012642
-0.0129899
-0.013372
-0.0137931
-0.0142584
-0.0147749
-0.0153507
-0.0159963
-0.0167246
-0.0175518
-0.0184983
-0.0195892
-0.0208557
-0.0223356
-0.0240735
-0.0261201
-0.0285291
-0.0313519
-0.0346284
-0.0383745
-0.0425666
-0.0471266
-0.0519108
-0.0567081
-0.0612507
-0.0652375
-0.0683642
-0.0703582
-0.0710003
-0.0701366
-0.0676785
-0.063599
-0.0579341
-0.0508047
-0.042462
-0.0333564
-0.0241962
-0.0159404
-0.00963672
-0.00605916
-0.00532778
-0.00703074
-0.0105057
-0.0102221
-0.0104646
-0.0106203
-0.0107138
-0.0107661
-0.0107814
-0.0107656
-0.0107267
-0.0106721
-0.0106085
-0.0105413
-0.0104751
-0.0104133
-0.0103584
-0.0103124
-0.0102767
-0.0102521
-0.0102394
-0.010239
-0.0102513
-0.0102766
-0.0103151
-0.0103671
-0.0104329
-0.0105127
-0.0106069
-0.0107159
-0.0108402
-0.0109804
-0.0111373
-0.0113116
-0.0115045
-0.0117171
-0.0119509
-0.0122075
-0.012489
-0.0127977
-0.0131365
-0.0135089
-0.013919
-0.0143718
-0.0148734
-0.0154314
-0.016055
-0.0167557
-0.0175478
-0.018449
-0.0194817
-0.0206731
-0.0220568
-0.0236734
-0.0255701
-0.0278002
-0.0304193
-0.0334798
-0.0370211
-0.0410563
-0.0455573
-0.0504393
-0.0555507
-0.0606725
-0.06553
-0.0698182
-0.0732333
-0.0755056
-0.0764214
-0.0758321
-0.0736496
-0.0698355
-0.0643952
-0.0573921
-0.0489914
-0.0395402
-0.0296621
-0.0203133
-0.0126869
-0.00785461
-0.00627328
-0.00773377
-0.011514
-0.0108044
-0.011075
-0.0112445
-0.0113406
-0.0113875
-0.0113906
-0.0113576
-0.0112981
-0.0112212
-0.0111347
-0.0110451
-0.0109574
-0.0108755
-0.0108024
-0.0107398
-0.0106893
-0.0106518
-0.0106278
-0.0106179
-0.0106222
-0.010641
-0.0106746
-0.010723
-0.0107864
-0.0108652
-0.0109596
-0.0110701
-0.0111971
-0.0113412
-0.0115033
-0.0116841
-0.0118849
-0.0121068
-0.0123513
-0.0126203
-0.012916
-0.0132409
-0.0135982
-0.0139915
-0.0144254
-0.0149053
-0.0154379
-0.0160313
-0.0166956
-0.0174431
-0.0182892
-0.019253
-0.0203579
-0.0216329
-0.023113
-0.0248402
-0.0268628
-0.0292348
-0.0320115
-0.0352438
-0.0389684
-0.0431944
-0.0478885
-0.0529608
-0.058255
-0.0635495
-0.0685698
-0.0730141
-0.0765858
-0.0790235
-0.0801244
-0.0797494
-0.0778159
-0.0742826
-0.0691361
-0.0623959
-0.0541514
-0.0446417
-0.0343725
-0.0242286
-0.0154632
-0.00939464
-0.00685225
-0.00794285
-0.0119694
-0.0114372
-0.0117416
-0.0119268
-0.0120245
-0.0120629
-0.0120493
-0.0119936
-0.0119078
-0.0118029
-0.011688
-0.0115709
-0.0114573
-0.0113515
-0.0112565
-0.0111743
-0.0111064
-0.0110536
-0.0110163
-0.0109949
-0.0109896
-0.0110005
-0.0110276
-0.011071
-0.0111308
-0.0112073
-0.0113007
-0.0114113
-0.0115396
-0.0116863
-0.011852
-0.0120378
-0.0122446
-0.0124738
-0.0127271
-0.0130061
-0.0133134
-0.0136515
-0.0140238
-0.0144343
-0.0148877
-0.0153898
-0.0159477
-0.0165701
-0.0172676
-0.0180533
-0.0189432
-0.0199574
-0.02112
-0.0224609
-0.0240156
-0.0258263
-0.0279411
-0.0304126
-0.0332939
-0.0366325
-0.0404604
-0.0447816
-0.0495577
-0.054695
-0.0600363
-0.0653621
-0.0704039
-0.0748694
-0.0784734
-0.0809661
-0.0821576
-0.0819195
-0.0801769
-0.07689
-0.0720366
-0.065608
-0.0576365
-0.048266
-0.0378759
-0.0272338
-0.0175693
-0.0103645
-0.00680802
-0.00741173
-0.0116123
-0.0121305
-0.0124761
-0.0126792
-0.0127766
-0.012802
-0.0127654
-0.0126799
-0.0125603
-0.01242
-0.0122702
-0.0121197
-0.0119749
-0.0118405
-0.0117197
-0.0116146
-0.0115263
-0.0114556
-0.0114029
-0.0113681
-0.0113514
-0.0113527
-0.0113718
-0.0114089
-0.0114637
-0.0115366
-0.0116276
-0.0117371
-0.0118654
-0.0120131
-0.0121811
-0.0123701
-0.0125812
-0.0128159
-0.0130756
-0.0133624
-0.0136786
-0.014027
-0.0144111
-0.0148349
-0.0153035
-0.015823
-0.0164007
-0.0170457
-0.017769
-0.0185842
-0.019508
-0.0205605
-0.0217666
-0.0231561
-0.0247644
-0.0266327
-0.0288076
-0.0313388
-0.0342756
-0.0376604
-0.0415193
-0.0458504
-0.0506107
-0.0557042
-0.0609754
-0.0662113
-0.0711538
-0.0755238
-0.0790508
-0.0814976
-0.0826871
-0.0824998
-0.0808671
-0.0777527
-0.0731314
-0.0669802
-0.0592949
-0.0501482
-0.0398068
-0.0289032
-0.0185796
-0.0103892
-0.00582206
-0.00584278
-0.0101378
-0.0128971
-0.0132933
-0.0135166
-0.0136107
-0.0136165
-0.0135483
-0.0134232
-0.0132602
-0.0130756
-0.0128827
-0.0126916
-0.0125095
-0.0123413
-0.0121903
-0.0120585
-0.0119467
-0.0118554
-0.0117848
-0.0117346
-0.0117047
-0.0116947
-0.0117044
-0.0117337
-0.0117823
-0.0118502
-0.0119375
-0.0120445
-0.0121714
-0.0123189
-0.0124875
-0.0126782
-0.0128919
-0.0131302
-0.0133944
-0.0136866
-0.0140093
-0.0143651
-0.0147578
-0.0151915
-0.0156714
-0.0162037
-0.0167961
-0.0174578
-0.0182001
-0.019037
-0.0199852
-0.0210653
-0.0223019
-0.0237243
-0.0253672
-0.0272701
-0.0294767
-0.0320332
-0.0349834
-0.0383637
-0.0421935
-0.0464646
-0.0511302
-0.056093
-0.0612016
-0.0662517
-0.0709986
-0.0751786
-0.0785357
-0.0808507
-0.0819511
-0.0817246
-0.0801059
-0.0770603
-0.0725625
-0.0665841
-0.059103
-0.0501484
-0.0399018
-0.0288697
-0.018073
-0.00905417
-0.00351979
-0.00288694
-0.00719649
-0.0137539
-0.0142131
-0.014459
-0.0145444
-0.0145209
-0.014409
-0.0142316
-0.0140127
-0.0137724
-0.0135264
-0.0132862
-0.0130596
-0.0128518
-0.0126657
-0.012503
-0.0123642
-0.0122495
-0.0121586
-0.0120908
-0.0120458
-0.0120229
-0.0120217
-0.0120417
-0.0120826
-0.0121443
-0.0122267
-0.0123299
-0.0124542
-0.0126
-0.0127679
-0.0129587
-0.0131736
-0.0134136
-0.0136805
-0.0139761
-0.014303
-0.0146639
-0.0150624
-0.015503
-0.0159907
-0.016532
-0.0171346
-0.017808
-0.0185636
-0.0194154
-0.0203803
-0.0214786
-0.0227347
-0.024177
-0.0258386
-0.0277569
-0.0299723
-0.0325261
-0.0354566
-0.0387931
-0.042548
-0.0467073
-0.0512199
-0.0559891
-0.0608683
-0.0656637
-0.0701447
-0.0740641
-0.0771812
-0.079287
-0.0802169
-0.0798595
-0.0781484
-0.0750465
-0.0705272
-0.0645615
-0.0571232
-0.0482225
-0.03799
-0.0268348
-0.0156536
-0.00592294
0.000522874
0.00185782
-0.00239099
-0.0147237
-0.0152624
-0.0155326
-0.0156005
-0.0155333
-0.0153606
-0.0151135
-0.0148225
-0.0145123
-0.0142011
-0.0139018
-0.0136225
-0.0133682
-0.0131415
-0.0129435
-0.0127742
-0.012633
-0.0125192
-0.0124317
-0.0123696
-0.0123322
-0.0123184
-0.0123278
-0.0123598
-0.012414
-0.0124902
-0.0125885
-0.0127089
-0.0128518
-0.0130178
-0.0132075
-0.013422
-0.0136625
-0.0139304
-0.0142278
-0.014557
-0.014921
-0.0153233
-0.0157682
-0.0162611
-0.0168084
-0.017418
-0.0180992
-0.0188637
-0.0197254
-0.020701
-0.0218105
-0.0230775
-0.0245296
-0.0261979
-0.0281172
-0.0303241
-0.0328548
-0.0357415
-0.0390066
-0.0426555
-0.0466681
-0.05099
-0.0555251
-0.0601325
-0.0646284
-0.0687964
-0.0724045
-0.0752256
-0.0770588
-0.0777427
-0.0771625
-0.0752451
-0.0719459
-0.0672334
-0.0610785
-0.0534581
-0.0443833
-0.0339669
-0.0225592
-0.0109563
-0.000547499
0.00677708
0.00885208
0.00473388
-0.015838
-0.0164782
-0.0167729
-0.0168084
-0.0166757
-0.016418
-0.0160777
-0.0156937
-0.0152958
-0.0149048
-0.0145345
-0.0141931
-0.0138849
-0.0136117
-0.0133737
-0.0131699
-0.0129991
-0.0128597
-0.0127503
-0.0126694
-0.0126156
-0.012588
-0.0125854
-0.0126072
-0.0126528
-0.0127218
-0.012814
-0.0129296
-0.0130686
-0.0132316
-0.0134192
-0.0136322
-0.013872
-0.0141398
-0.0144378
-0.0147681
-0.0151337
-0.0155383
-0.0159861
-0.0164825
-0.0170339
-0.0176483
-0.018335
-0.0191056
-0.0199739
-0.0209563
-0.0220724
-0.0233449
-0.0248001
-0.0264669
-0.0283774
-0.0305642
-0.0330584
-0.0358859
-0.0390624
-0.0425865
-0.0464325
-0.050543
-0.0548225
-0.059135
-0.0633065
-0.0671329
-0.0703953
-0.0728773
-0.074383
-0.0747496
-0.0738542
-0.0716112
-0.0679623
-0.0628656
-0.0562882
-0.048213
-0.0386635
-0.0277613
-0.0158417
-0.00364019
0.00753122
0.015765
0.0186275
0.0147133
-0.0171421
-0.0179134
-0.0182286
-0.0182065
-0.017975
-0.0175978
-0.0171326
-0.0166285
-0.0161207
-0.0156323
-0.0151774
-0.0147632
-0.014393
-0.0140669
-0.0137838
-0.0135416
-0.013338
-0.0131706
-0.0130371
-0.0129354
-0.0128639
-0.012821
-0.0128053
-0.0128159
-0.0128519
-0.0129128
-0.0129983
-0.0131082
-0.0132426
-0.0134019
-0.0135866
-0.0137976
-0.0140359
-0.0143031
-0.0146009
-0.0149317
-0.0152983
-0.0157045
-0.0161545
-0.0166538
-0.0172087
-0.0178271
-0.0185185
-0.0192941
-0.0201677
-0.0211553
-0.0222759
-0.0235512
-0.0250058
-0.026667
-0.0285633
-0.0307234
-0.0331735
-0.0359335
-0.0390125
-0.0424028
-0.0460734
-0.049964
-0.0539794
-0.0579881
-0.0618236
-0.0652925
-0.0681857
-0.070294
-0.0714229
-0.0714036
-0.0701001
-0.0674081
-0.0632491
-0.0575633
-0.0503083
-0.0414696
-0.0310886
-0.0193111
-0.00649852
0.00662473
0.0187885
0.0280685
0.0318091
0.0282015
-0.0187033
-0.0196447
-0.0199671
-0.0198444
-0.0194629
-0.0189171
-0.0182843
-0.0176253
-0.0169805
-0.016374
-0.0158187
-0.01532
-0.0148788
-0.0144932
-0.0141599
-0.0138754
-0.0136359
-0.013438
-0.0132785
-0.0131546
-0.0130641
-0.0130049
-0.0129753
-0.012974
-0.0129999
-0.0130522
-0.0131305
-0.0132344
-0.0133639
-0.0135193
-0.013701
-0.0139098
-0.0141466
-0.0144129
-0.0147106
-0.015042
-0.0154099
-0.0158179
-0.0162705
-0.016773
-0.0173318
-0.0179548
-0.0186514
-0.0194327
-0.0203121
-0.0213054
-0.0224306
-0.0237085
-0.0251621
-0.0268163
-0.0286967
-0.0308277
-0.0332307
-0.0359198
-0.0388981
-0.0421518
-0.0456451
-0.0493147
-0.0530654
-0.0567688
-0.0602644
-0.0633663
-0.0658723
-0.0675766
-0.0682818
-0.0678089
-0.0660036
-0.0627371
-0.0579031
-0.0514156
-0.0432136
-0.0332775
-0.0216634
-0.00855735
0.00564168
0.0201643
0.0337236
0.0443441
0.0491496
0.0460335
-0.0206273
-0.0217878
-0.0220837
-0.0217861
-0.0211756
-0.0203911
-0.0195337
-0.0186757
-0.0178609
-0.0171121
-0.0164389
-0.015843
-0.0153216
-0.0148696
-0.0144813
-0.0141508
-0.0138728
-0.0136425
-0.0134556
-0.0133086
-0.0131985
-0.0131226
-0.0130789
-0.0130657
-0.0130816
-0.0131255
-0.0131969
-0.0132952
-0.0134202
-0.0135722
-0.0137513
-0.0139584
-0.0141944
-0.0144607
-0.014759
-0.0150918
-0.0154619
-0.015873
-0.0163293
-0.0168365
-0.0174008
-0.0180301
-0.0187337
-0.0195227
-0.02041
-0.021411
-0.0225428
-0.0238253
-0.0252795
-0.026928
-0.0287931
-0.0308954
-0.0332512
-0.0358692
-0.0387467
-0.0418644
-0.0451818
-0.0486326
-0.0521209
-0.0555202
-0.0586741
-0.0614012
-0.063503
-0.0647733
-0.0650082
-0.0640141
-0.0616136
-0.0576473
-0.0519736
-0.0444709
-0.035048
-0.0236686
-0.010393
0.00455804
0.0207182
0.037275
0.0528638
0.0653418
0.0715841
0.0693215
-0.0230899
-0.0245218
-0.0247126
-0.024111
-0.02315
-0.0220278
-0.0208704
-0.0197586
-0.0187347
-0.0178162
-0.0170061
-0.0162997
-0.015689
-0.0151646
-0.0147171
-0.0143381
-0.0140201
-0.0137566
-0.0135422
-0.0133723
-0.0132431
-0.0131514
-0.0130946
-0.0130706
-0.0130778
-0.0131147
-0.0131805
-0.0132746
-0.0133966
-0.0135465
-0.0137247
-0.0139316
-0.0141683
-0.0144361
-0.0147369
-0.0150729
-0.0154471
-0.0158631
-0.0163255
-0.0168396
-0.0174118
-0.0180501
-0.0187636
-0.0195631
-0.0204615
-0.0214734
-0.0226152
-0.0239052
-0.0253629
-0.0270083
-0.0288603
-0.0309356
-0.0332456
-0.0357939
-0.0385719
-0.0415553
-0.044699
-0.0479335
-0.0511617
-0.0542575
-0.0570666
-0.0594099
-0.0610892
-0.0618947
-0.0616125
-0.0600308
-0.0569446
-0.0521584
-0.0454881
-0.0367664
-0.0258587
-0.0126947
0.00267937
0.0200264
0.0388221
0.0581475
0.0767096
0.091897
0.100304
0.0996009
-0.0264032
-0.0281328
-0.0280419
-0.0269121
-0.0254149
-0.0238174
-0.0222626
-0.02083
-0.0195521
-0.0184341
-0.0174676
-0.0166385
-0.015931
-0.0153299
-0.0148214
-0.0143936
-0.0140365
-0.0137416
-0.0135019
-0.0133118
-0.0131664
-0.013062
-0.0129952
-0.0129636
-0.0129651
-0.0129981
-0.0130615
-0.0131543
-0.0132762
-0.013427
-0.0136069
-0.0138164
-0.0140566
-0.0143287
-0.0146346
-0.0149766
-0.0153577
-0.0157816
-0.0162529
-0.0167769
-0.0173603
-0.0180109
-0.0187376
-0.0195514
-0.0204645
-0.021491
-0.0226463
-0.0239475
-0.025412
-0.027057
-0.0288985
-0.0309488
-0.0332148
-0.0356948
-0.038375
-0.0412258
-0.0441977
-0.0472179
-0.0501871
-0.0529788
-0.0554388
-0.0573879
-0.0586259
-0.0589368
-0.0580936
-0.0558636
-0.052011
-0.0462999
-0.0384969
-0.0283796
-0.0157552
-0.000498479
0.0173874
0.037684
0.0598531
0.0829364
0.105446
0.124802
0.136782
0.138977
-0.031161
-0.0330883
-0.0323223
-0.0302773
-0.0279668
-0.0257078
-0.0236333
-0.0218017
-0.0202211
-0.0188742
-0.0177347
-0.0167746
-0.0159677
-0.015291
-0.014725
-0.0142535
-0.0138634
-0.0135437
-0.0132858
-0.0130824
-0.0129279
-0.0128175
-0.0127474
-0.0127146
-0.0127165
-0.0127514
-0.0128178
-0.0129146
-0.0130413
-0.0131977
-0.0133839
-0.0136004
-0.0138481
-0.0141285
-0.0144434
-0.0147952
-0.0151869
-0.0156224
-0.0161062
-0.0166439
-0.0172421
-0.0179085
-0.0186522
-0.0194839
-0.0204153
-0.0214599
-0.0226322
-0.0239476
-0.0254216
-0.0270687
-0.0289015
-0.0309284
-0.0331518
-0.0355649
-0.0381488
-0.0408688
-0.0436711
-0.046479
-0.0491909
-0.0516785
-0.0537865
-0.0553339
-0.0561162
-0.0559096
-0.0544726
-0.05155
-0.0468734
-0.0401639
-0.031135
-0.0195004
-0.00499475
0.0125869
0.033323
0.0570694
0.0833387
0.111188
0.13912
0.164576
0.18254
0.190041
-0.0385676
-0.0401597
-0.0378394
-0.0342269
-0.0307082
-0.0275479
-0.0248088
-0.0224947
-0.020567
-0.0189712
-0.0176542
-0.016568
-0.0156724
-0.0149341
-0.0143264
-0.0138277
-0.0134209
-0.0130925
-0.0128317
-0.0126297
-0.0124797
-0.0123761
-0.0123146
-0.0122915
-0.0123042
-0.0123504
-0.0124285
-0.0125375
-0.0126765
-0.0128455
-0.0130444
-0.0132739
-0.0135349
-0.0138289
-0.0141577
-0.014524
-0.0149309
-0.0153821
-0.0158826
-0.0164378
-0.0170544
-0.0177403
-0.0185044
-0.0193572
-0.02031
-0.0213755
-0.0225671
-0.0238988
-0.0253839
-0.0270343
-0.0288595
-0.0308639
-0.0330457
-0.0353934
-0.0378831
-0.0404755
-0.0431122
-0.045713
-0.0481732
-0.0503624
-0.0521232
-0.0532717
-0.0535986
-0.0528695
-0.0508308
-0.0472039
-0.041689
-0.0339652
-0.0236915
-0.0105132
0.00592056
0.0259219
0.0497009
0.0772683
0.108302
0.142015
0.177101
0.211089
0.238683
0.255724
-0.0512355
-0.0506116
-0.0448408
-0.0386247
-0.0333598
-0.0290047
-0.0254459
-0.0225809
-0.0202903
-0.0184597
-0.016995
-0.0158204
-0.0148765
-0.0141169
-0.013506
-0.0130161
-0.012626
-0.0123192
-0.0120829
-0.011907
-0.0117839
-0.0117073
-0.0116724
-0.0116754
-0.0117133
-0.0117841
-0.0118859
-0.0120177
-0.0121788
-0.0123691
-0.0125888
-0.0128386
-0.0131194
-0.013433
-0.0137814
-0.0141672
-0.0145938
-0.0150651
-0.0155859
-0.0161621
-0.0168004
-0.0175085
-0.0182955
-0.0191714
-0.0201472
-0.0212349
-0.0224468
-0.0237952
-0.0252915
-0.0269454
-0.0287632
-0.030746
-0.0328879
-0.0351732
-0.0375736
-0.0400454
-0.0425263
-0.0449326
-0.047157
-0.0490663
-0.0505013
-0.0512754
-0.0511743
-0.0499529
-0.047347
-0.0430581
-0.0367594
-0.0280932
-0.0166688
-0.00206465
0.0161621
0.0384546
0.0652127
0.0967173
0.133006
0.17372
0.218001
0.263846
0.30619
0.34172
-0.0755929
-0.0661654
-0.0532449
-0.042917
-0.0351853
-0.0293304
-0.0248695
-0.0214941
-0.0189328
-0.0169771
-0.0154749
-0.0143147
-0.013415
-0.0127156
-0.0121724
-0.0117527
-0.0114322
-0.0111927
-0.0110203
-0.0109048
-0.010838
-0.010814
-0.010828
-0.0108766
-0.0109569
-0.0110671
-0.0112057
-0.0113719
-0.0115654
-0.011786
-0.0120345
-0.0123115
-0.0126185
-0.0129572
-0.0133298
-0.0137393
-0.0141891
-0.0146834
-0.0152271
-0.0158262
-0.0164875
-0.0172188
-0.0180291
-0.018928
-0.0199263
-0.0210351
-0.0222658
-0.0236293
-0.0251355
-0.026792
-0.0286025
-0.0305654
-0.0326714
-0.0349015
-0.0372237
-0.0395908
-0.0419376
-0.0441778
-0.0462021
-0.0478754
-0.0490358
-0.0494942
-0.0490313
-0.0474088
-0.0443387
-0.0395111
-0.0325823
-0.0231677
-0.010839
0.00487948
0.0245129
0.0486384
0.0778819
0.112913
0.154405
0.202967
0.258941
0.321829
0.389048
0.463993
-0.130556
-0.0861831
-0.0582982
-0.0426534
-0.0325997
-0.025696
-0.0209506
-0.0176711
-0.015354
-0.0136844
-0.0124692
-0.0115803
-0.0109286
-0.0104519
-0.0101069
-0.00986296
-0.00969816
-0.00959666
-0.00954694
-0.00954055
-0.00957129
-0.00963459
-0.00972709
-0.00984638
-0.00999074
-0.010159
-0.0103506
-0.0105652
-0.0108031
-0.0110647
-0.011351
-0.0116633
-0.0120031
-0.0123727
-0.0127745
-0.0132116
-0.0136877
-0.0142071
-0.0147752
-0.0153977
-0.0160817
-0.0168351
-0.0176667
-0.018586
-0.0196033
-0.0207293
-0.0219747
-0.0233495
-0.0248624
-0.0265197
-0.0283235
-0.0302704
-0.0323491
-0.0345382
-0.0368039
-0.0390975
-0.0413521
-0.0434808
-0.0453739
-0.0468964
-0.0478864
-0.0481441
-0.0474732
-0.0456129
-0.042278
-0.0371534
-0.0298859
-0.0200781
-0.00728282
0.00900511
0.0293621
0.0544597
0.0851073
0.122349
0.16763
0.223136
0.292174
0.379863
0.493768
0.646826
-0.263476
-0.101768
-0.0429813
-0.0265293
-0.0185998
-0.0134309
-0.0104442
-0.00884503
-0.0079498
-0.00742179
-0.00711834
-0.00696349
-0.00690768
-0.00691884
-0.00697695
-0.00706939
-0.00718795
-0.00732723
-0.00748377
-0.00765539
-0.0078408
-0.00803935
-0.00825083
-0.00847533
-0.00871319
-0.00896498
-0.00923143
-0.00951351
-0.00981235
-0.0101293
-0.010466
-0.0108243
-0.0112063
-0.0116145
-0.0120519
-0.0125218
-0.0130283
-0.0135758
-0.0141697
-0.0148162
-0.0155223
-0.0162958
-0.0171457
-0.0180813
-0.0191127
-0.0202505
-0.0215049
-0.0228857
-0.0244013
-0.0260575
-0.0278561
-0.029793
-0.0318567
-0.0340257
-0.0362664
-0.0385304
-0.0407521
-0.0428453
-0.0447012
-0.0461864
-0.0471451
-0.0474029
-0.0467171
-0.0448494
-0.0415242
-0.0364266
-0.0292032
-0.0194571
-0.00674072
0.00945434
0.0297148
0.0547408
0.0854097
0.122933
0.169182
0.227611
0.305159
0.417893
0.594869
0.8764
)
;

boundaryField
{
    movingWall
    {
        type            zeroGradient;
    }
    fixedWalls
    {
        type            zeroGradient;
    }
    frontAndBack
    {
        type            empty;
    }
}


// ************************************************************************* //
