/*--------------------------------*- C++ -*----------------------------------*\
  =========                 |
  \\      /  F ield         | OpenFOAM: The Open Source CFD Toolbox
   \\    /   O peration     | Website:  https://openfoam.org
    \\  /    A nd           | Version:  7
     \\/     M anipulation  |
\*---------------------------------------------------------------------------*/
FoamFile
{
    version     2.0;
    format      ascii;
    class       volScalarField;
    location    "2.9";
    object      p;
}
// * * * * * * * * * * * * * * * * * * * * * * * * * * * * * * * * * * * * * //

dimensions      [0 2 -2 0 0 0 0];

internalField   nonuniform List<scalar> 
6400
(
-3.37419e-07
1.44121e-05
4.13857e-06
-3.48461e-05
-0.000100342
-0.000189
-0.000297166
-0.000421497
-0.000559271
-0.000708431
-0.000867483
-0.00103537
-0.00121133
-0.00139478
-0.00158516
-0.00178188
-0.0019842
-0.0021912
-0.00240167
-0.00261418
-0.00282695
-0.00303791
-0.00324467
-0.00344454
-0.00363455
-0.00381152
-0.00397207
-0.00411269
-0.00422985
-0.00432009
-0.0043801
-0.00440687
-0.00439782
-0.00435091
-0.00426484
-0.00413909
-0.00397412
-0.00377144
-0.00353367
-0.00326465
-0.00296935
-0.00265371
-0.00232508
-0.00199143
-0.00166149
-0.00134443
-0.00104964
-0.000786314
-0.000563216
-0.000388273
-0.000268279
-0.000208602
-0.000212932
-0.000283113
-0.000419036
-0.00061863
-0.00087793
-0.00119124
-0.00155153
-0.00195029
-0.00237847
-0.00282648
-0.00328465
-0.00374361
-0.00419455
-0.0046295
-0.00504146
-0.00542452
-0.00577386
-0.00608566
-0.00635703
-0.00658585
-0.00677059
-0.00691027
-0.00700454
-0.00705402
-0.00706136
-0.00703318
-0.00698239
-0.00692796
-1.53153e-05
-5.7352e-07
-1.25747e-05
-4.99689e-05
-0.000109607
-0.000189324
-0.000286647
-0.0003991
-0.000524549
-0.000661278
-0.000807968
-0.000963616
-0.00112746
-0.00129888
-0.00147728
-0.00166204
-0.00185243
-0.00204757
-0.00224635
-0.00244743
-0.0026492
-0.00284978
-0.00304699
-0.0032384
-0.0034213
-0.00359277
-0.00374971
-0.0038889
-0.00400707
-0.00410097
-0.00416752
-0.00420388
-0.00420756
-0.00417661
-0.00410969
-0.00400622
-0.00386649
-0.00369179
-0.00348443
-0.00324785
-0.00298657
-0.00270608
-0.00241302
-0.00211479
-0.00181949
-0.00153563
-0.0012719
-0.0010369
-0.000838746
-0.000684831
-0.000581472
-0.000533649
-0.000544776
-0.000616536
-0.000748785
-0.000939551
-0.00118511
-0.00148013
-0.00181795
-0.00219085
-0.00259028
-0.00300743
-0.00343338
-0.00385952
-0.00427779
-0.00468091
-0.00506255
-0.00541735
-0.00574101
-0.0060302
-0.00628245
-0.00649608
-0.00667009
-0.00680409
-0.00689836
-0.00695409
-0.0069741
-0.00696359
-0.0069279
-0.00687341
-4.50021e-06
1.11199e-05
-1.63802e-06
-3.84638e-05
-9.51442e-05
-0.000169788
-0.000260398
-0.000364978
-0.00048178
-0.00060939
-0.000746697
-0.000892843
-0.00104716
-0.00120909
-0.0013781
-0.00155363
-0.00173503
-0.00192149
-0.00211202
-0.00230542
-0.00250021
-0.00269468
-0.00288684
-0.00307443
-0.00325493
-0.0034256
-0.00358351
-0.00372558
-0.00384866
-0.00394959
-0.00402533
-0.00407304
-0.0040902
-0.00407475
-0.00402523
-0.00394087
-0.00382173
-0.00366884
-0.00348422
-0.00327096
-0.00303317
-0.00277624
-0.00250626
-0.00223033
-0.0019562
-0.00169208
-0.0014464
-0.00122746
-0.00104318
-0.000900764
-0.000806366
-0.000764855
-0.000779565
-0.000852137
-0.000982426
-0.00116849
-0.00140669
-0.00169182
-0.00201735
-0.00237575
-0.00275885
-0.00315798
-0.00356464
-0.00397059
-0.00436817
-0.00475054
-0.00511179
-0.00544703
-0.0057524
-0.00602501
-0.00626285
-0.00646468
-0.0066299
-0.00675849
-0.00685094
-0.00690832
-0.00693288
-0.00692799
-0.00689237
-0.00682279
3.66784e-05
4.88193e-05
3.33092e-05
-4.74579e-06
-6.08242e-05
-0.000133026
-0.000219605
-0.000318835
-0.000429293
-0.000549853
-0.000679651
-0.000818032
-0.000964497
-0.00111863
-0.00128004
-0.00144829
-0.00162284
-0.00180305
-0.00198804
-0.00217677
-0.00236793
-0.00255994
-0.00275099
-0.00293894
-0.00312143
-0.00329581
-0.00345922
-0.00360863
-0.00374089
-0.0038528
-0.00394123
-0.0040032
-0.00403603
-0.00403744
-0.00400571
-0.00393979
-0.00383949
-0.00370549
-0.00353955
-0.00334448
-0.0031241
-0.00288354
-0.00262874
-0.00236663
-0.00210483
-0.00185149
-0.00161497
-0.0014036
-0.00122532
-0.00108739
-0.000996049
-0.00095623
-0.000971347
-0.0010431
-0.00117139
-0.00135431
-0.00158821
-0.00186787
-0.00218676
-0.00253732
-0.00291132
-0.00330023
-0.00369551
-0.00408907
-0.00447341
-0.00484192
-0.00518899
-0.00551007
-0.00580168
-0.00606137
-0.00628756
-0.00647942
-0.00663673
-0.00675973
-0.00684893
-0.00690509
-0.00692967
-0.00692442
-0.00688309
-0.00679596
0.000107167
0.000110078
8.85934e-05
4.71834e-05
-1.01899e-05
-8.1719e-05
-0.000165847
-0.000261182
-0.000366628
-0.000481368
-0.00060482
-0.000736584
-0.000876382
-0.001024
-0.00117924
-0.00134183
-0.00151143
-0.00168755
-0.00186951
-0.00205643
-0.00224716
-0.0024403
-0.00263415
-0.00282672
-0.0030157
-0.00319851
-0.00337228
-0.00353394
-0.00368022
-0.00380779
-0.0039133
-0.00399353
-0.0040455
-0.00406662
-0.00405484
-0.00400876
-0.00392783
-0.00381242
-0.00366398
-0.00348505
-0.00327924
-0.00305147
-0.00280759
-0.00255445
-0.00229968
-0.00205147
-0.00181831
-0.00160866
-0.00143066
-0.00129178
-0.00119847
-0.0011559
-0.00116767
-0.00123565
-0.00135986
-0.00153847
-0.00176782
-0.00204269
-0.00235643
-0.00270138
-0.00306916
-0.00345112
-0.00383865
-0.00422356
-0.00459839
-0.0049566
-0.00529275
-0.00560256
-0.00588285
-0.00613156
-0.00634752
-0.00653031
-0.00668009
-0.00679732
-0.00688257
-0.00693635
-0.0069595
-0.00695261
-0.00690622
-0.00680667
0.000204326
0.000192995
0.000162408
0.000115529
5.5106e-05
-1.73573e-05
-0.000100525
-0.000193369
-0.000295167
-0.000405452
-0.000523961
-0.00065059
-0.000785333
-0.000928225
-0.0010793
-0.00123852
-0.00140576
-0.00158074
-0.00176299
-0.00195182
-0.00214625
-0.00234504
-0.0025466
-0.002749
-0.00294998
-0.00314691
-0.00333684
-0.00351654
-0.00368256
-0.00383126
-0.003959
-0.00406219
-0.00413746
-0.00418181
-0.00419276
-0.00416853
-0.00410816
-0.00401166
-0.00388019
-0.00371608
-0.00352265
-0.00330474
-0.00306812
-0.00281964
-0.00256702
-0.0023186
-0.00208308
-0.00186918
-0.00168537
-0.00153945
-0.00143824
-0.00138725
-0.00139043
-0.00144995
-0.00156606
-0.00173707
-0.00195943
-0.00222789
-0.00253574
-0.00287514
-0.00323754
-0.00361403
-0.0039958
-0.00437447
-0.00474244
-0.00509312
-0.0054211
-0.00572221
-0.00599352
-0.00623327
-0.00644064
-0.00661557
-0.00675858
-0.00687039
-0.00695169
-0.00700287
-0.00702442
-0.00701621
-0.00696714
-0.00686169
0.000324359
0.000294572
0.000252365
0.000198266
0.000133018
5.81515e-05
-2.54232e-05
-0.000117146
-0.00021672
-0.000324073
-0.000439308
-0.000562653
-0.000694414
-0.00083492
-0.00098448
-0.00114333
-0.0013116
-0.00148925
-0.00167604
-0.00187148
-0.00207477
-0.00228478
-0.00250001
-0.00271856
-0.0029381
-0.00315591
-0.00336883
-0.00357339
-0.00376578
-0.00394201
-0.004098
-0.00422968
-0.00433321
-0.00440509
-0.00444237
-0.00444279
-0.00440497
-0.00432852
-0.00421433
-0.00406469
-0.00388208
-0.00367173
-0.00343929
-0.00319162
-0.00293658
-0.0026827
-0.00243897
-0.00221448
-0.00201809
-0.00185808
-0.00174177
-0.00167518
-0.00166275
-0.0017071
-0.00180887
-0.00196667
-0.00217717
-0.00243518
-0.00273398
-0.00306561
-0.0034213
-0.00379187
-0.00416819
-0.00454159
-0.00490419
-0.00524923
-0.00557116
-0.00586581
-0.00613038
-0.00636323
-0.00656384
-0.00673248
-0.00686996
-0.00697728
-0.00705532
-0.00710448
-0.00712513
-0.00711681
-0.00706799
-0.00696281
0.000462681
0.000411126
0.000354994
0.000291959
0.000220728
0.00014227
5.70774e-05
-3.48232e-05
-0.00013363
-0.000239717
-0.000353592
-0.000475859
-0.000607172
-0.000748189
-0.000899536
-0.00106175
-0.00123525
-0.00142027
-0.0016168
-0.00182455
-0.00204288
-0.00227077
-0.00250674
-0.00274884
-0.00299462
-0.00324112
-0.00348492
-0.00372216
-0.00394859
-0.00415973
-0.00435096
-0.00451766
-0.0046554
-0.00476013
-0.00482834
-0.00485728
-0.00484509
-0.00479098
-0.00469561
-0.0045615
-0.00438859
-0.00418432
-0.00395373
-0.00370363
-0.00344197
-0.00317752
-0.00291959
-0.00267769
-0.00246119
-0.00227896
-0.00213895
-0.00204785
-0.00201078
-0.002031
-0.00210974
-0.00224612
-0.00243717
-0.00267798
-0.00296191
-0.00328097
-0.0036262
-0.00398817
-0.00435738
-0.00472478
-0.00508213
-0.00542229
-0.00573949
-0.00602938
-0.00628909
-0.00651707
-0.00671292
-0.00687712
-0.00701075
-0.00711506
-0.00719114
-0.00723956
-0.0072607
-0.00725404
-0.00720847
-0.00710887
0.000614245
0.000538175
0.000466327
0.000393178
0.000314882
0.000231813
0.000143907
5.05527e-05
-4.90233e-05
-0.000155696
-0.000270423
-0.000394219
-0.000528121
-0.000673154
-0.000830286
-0.00100039
-0.00118419
-0.0013822
-0.00159467
-0.00182149
-0.00206216
-0.0023157
-0.00258059
-0.00285477
-0.00313557
-0.00341971
-0.00370336
-0.00398217
-0.00425137
-0.00450586
-0.00474039
-0.0049497
-0.00512872
-0.00527276
-0.00537771
-0.00544024
-0.00545798
-0.00542972
-0.00535534
-0.00523573
-0.00507555
-0.00487741
-0.00464722
-0.00439202
-0.0041199
-0.00383984
-0.00356149
-0.00329483
-0.00304983
-0.00283602
-0.00266214
-0.00253575
-0.00246283
-0.00244752
-0.00249191
-0.00259586
-0.00275703
-0.00297097
-0.00323134
-0.00353026
-0.00385872
-0.00420703
-0.00456536
-0.00492422
-0.00527488
-0.00560975
-0.00592262
-0.00620883
-0.00646526
-0.00669025
-0.0068834
-0.00704528
-0.00717712
-0.00728038
-0.00735637
-0.00740585
-0.00742932
-0.00742638
-0.00738686
-0.00729711
0.000773463
0.000670631
0.0005817
0.000497541
0.000411372
0.000322845
0.000231205
0.000135091
3.30796e-05
-7.62647e-05
-0.000194393
-0.000322769
-0.000462844
-0.000616035
-0.000783686
-0.000967022
-0.0011671
-0.00138471
-0.00162034
-0.00187406
-0.00214544
-0.00243351
-0.00273665
-0.00305257
-0.00337828
-0.00371009
-0.00404365
-0.00437404
-0.00469583
-0.00500323
-0.00529028
-0.00555099
-0.00577959
-0.00597066
-0.00611944
-0.00622195
-0.00627527
-0.00627763
-0.0062284
-0.00612804
-0.0059806
-0.00578879
-0.00555827
-0.00529592
-0.00500987
-0.00470929
-0.00440415
-0.00410491
-0.00382216
-0.00356623
-0.0033468
-0.00317243
-0.00305025
-0.00298554
-0.00298151
-0.00303909
-0.00315687
-0.00333117
-0.00355623
-0.00382448
-0.00412701
-0.00445403
-0.00479539
-0.00514114
-0.00548199
-0.00580976
-0.00611767
-0.00640053
-0.00665479
-0.00687848
-0.00707099
-0.00723285
-0.00736528
-0.00746986
-0.00754804
-0.00760078
-0.00762873
-0.00763164
-0.00760066
-0.00752395
0.000934179
0.000802784
0.00069576
0.000599967
0.00050533
0.000410618
0.000314247
0.000213994
0.000107705
-6.67082e-06
-0.000131123
-0.000267598
-0.000417992
-0.000584141
-0.000767785
-0.00097052
-0.00119373
-0.0014385
-0.00170552
-0.00199501
-0.00230656
-0.00263913
-0.00299091
-0.0033593
-0.00374089
-0.00413148
-0.00452611
-0.00491916
-0.00530447
-0.0056755
-0.00602547
-0.00634761
-0.00663535
-0.00688252
-0.0070836
-0.0072339
-0.0073298
-0.00736891
-0.00735003
-0.0072733
-0.00714155
-0.00695774
-0.00672712
-0.00645635
-0.00615349
-0.00582781
-0.00548955
-0.00514963
-0.00481931
-0.00450978
-0.00423177
-0.00399507
-0.00380815
-0.00367773
-0.0036085
-0.00360279
-0.00366053
-0.00377917
-0.00395386
-0.00417767
-0.00444205
-0.00473725
-0.00505293
-0.00537868
-0.00570464
-0.0060219
-0.00632295
-0.00660185
-0.00685442
-0.00707813
-0.00727197
-0.00743615
-0.00757174
-0.00768028
-0.00776326
-0.00782175
-0.0078565
-0.00786741
-0.00784709
-0.00778569
0.00108954
0.000928267
0.00080247
0.000694651
0.000591115
0.000489558
0.000387427
0.000281533
0.000168911
4.68387e-05
-8.72536e-05
-0.000235827
-0.000401252
-0.000585807
-0.000791644
-0.00102074
-0.00127481
-0.0015552
-0.0018628
-0.00219788
-0.00256004
-0.00294807
-0.00335988
-0.00379247
-0.00424192
-0.00470341
-0.00517127
-0.00563912
-0.00609998
-0.00654646
-0.00697093
-0.00736574
-0.00772347
-0.0080371
-0.00830028
-0.00850752
-0.00865441
-0.00873779
-0.00875581
-0.00870814
-0.00859642
-0.00842351
-0.00819416
-0.00791468
-0.00759295
-0.00723821
-0.00686091
-0.00647237
-0.00608449
-0.00570937
-0.00535887
-0.00504418
-0.00477533
-0.00456081
-0.00440708
-0.00431835
-0.00429627
-0.0043399
-0.00444572
-0.00460787
-0.00481848
-0.00506814
-0.00534646
-0.00564271
-0.00594639
-0.00624781
-0.00653852
-0.00681168
-0.00706218
-0.00728668
-0.00748348
-0.00765224
-0.00779364
-0.00790894
-0.00799951
-0.00806642
-0.00811041
-0.00813143
-0.00812353
-0.00807894
0.00123216
0.00104008
0.00089513
0.000775091
0.000662324
0.000553275
0.000444281
0.000331078
0.00020982
7.70595e-05
-7.03913e-05
-0.000235541
-0.000421259
-0.000630285
-0.000865199
-0.00112836
-0.00142179
-0.0017471
-0.0021053
-0.0024967
-0.00292078
-0.00337611
-0.00386022
-0.00436962
-0.00489978
-0.00544517
-0.00599934
-0.00655506
-0.00710445
-0.00763921
-0.00815078
-0.00863058
-0.00907023
-0.00946181
-0.00979806
-0.0100726
-0.0102801
-0.0104165
-0.0104792
-0.0104671
-0.010381
-0.0102231
-0.00999762
-0.00971031
-0.00936874
-0.00898202
-0.00856063
-0.0081162
-0.00766122
-0.00720865
-0.00677155
-0.0063626
-0.00599359
-0.00567501
-0.00541551
-0.00522154
-0.00509699
-0.00504304
-0.00505806
-0.00513774
-0.00527536
-0.00546223
-0.00568822
-0.0059424
-0.00621374
-0.00649168
-0.00676673
-0.00703087
-0.0072778
-0.00750306
-0.00770394
-0.00787925
-0.00802898
-0.00815386
-0.00825492
-0.00833299
-0.00838867
-0.00842184
-0.00842789
-0.00840097
0.00135399
0.00113064
0.000966429
0.000834124
0.000711854
0.00059463
0.000477547
0.000355171
0.000222705
7.59301e-05
-8.89944e-05
-0.000275654
-0.000487441
-0.000727574
-0.000999066
-0.00130465
-0.00164666
-0.00202688
-0.00244643
-0.00290558
-0.00340362
-0.0039388
-0.00450818
-0.00510771
-0.00573214
-0.00637514
-0.00702941
-0.00768678
-0.00833843
-0.00897505
-0.00958709
-0.0101649
-0.0106993
-0.0111811
-0.0116021
-0.0119551
-0.0122336
-0.0124328
-0.0125489
-0.0125801
-0.0125261
-0.0123885
-0.0121707
-0.0118777
-0.0115167
-0.0110965
-0.0106274
-0.0101211
-0.00959072
-0.00904985
-0.00851273
-0.00799356
-0.00750602
-0.00706279
-0.00667502
-0.00635182
-0.00609984
-0.00592293
-0.00582197
-0.00579484
-0.00583655
-0.00593965
-0.00609469
-0.00629085
-0.00651669
-0.00676083
-0.00701258
-0.00726255
-0.00750296
-0.00772789
-0.00793324
-0.00811659
-0.00827689
-0.00841403
-0.00852839
-0.00862037
-0.00869019
-0.00873747
-0.00875876
-0.00874999
0.00144649
0.00119185
0.00100853
0.000864029
0.000731996
0.000605839
0.000479287
0.00034565
0.000199128
3.46877e-05
-0.000152199
-0.000365719
-0.000609808
-0.000888177
-0.00120427
-0.00156119
-0.00196152
-0.00240723
-0.00289945
-0.00343832
-0.0040229
-0.00465098
-0.00531912
-0.00602254
-0.00675524
-0.00751
-0.00827857
-0.00905179
-0.00981979
-0.0105722
-0.0112984
-0.0119877
-0.0126297
-0.0132143
-0.0137322
-0.014175
-0.0145354
-0.0148073
-0.0149861
-0.0150689
-0.0150544
-0.0149433
-0.0147381
-0.0144431
-0.0140647
-0.0136113
-0.0130927
-0.0125207
-0.0119086
-0.0112705
-0.0106217
-0.00997785
-0.00935447
-0.00876657
-0.008228
-0.00775088
-0.0073451
-0.00701777
-0.00677296
-0.00661146
-0.00653075
-0.00652531
-0.00658693
-0.00670537
-0.00686907
-0.00706592
-0.00728404
-0.00751244
-0.00774159
-0.00796369
-0.00817286
-0.00836502
-0.00853767
-0.00868946
-0.00881979
-0.00892832
-0.00901463
-0.0090779
-0.00911565
-0.00912527
0.00150069
0.00121523
0.0010132
0.000856647
0.000714568
0.000578611
0.000441034
0.000293825
0.00013013
-5.59288e-05
-0.000269596
-0.000515685
-0.00079869
-0.00112282
-0.00149195
-0.00190951
-0.00237833
-0.00290047
-0.00347703
-0.00410794
-0.0047919
-0.00552622
-0.00630678
-0.00712806
-0.00798315
-0.00886388
-0.00976098
-0.0106642
-0.0115625
-0.0124445
-0.0132983
-0.0141121
-0.0148744
-0.0155739
-0.0162003
-0.016744
-0.0171967
-0.0175511
-0.0178018
-0.0179446
-0.0179774
-0.0178997
-0.017713
-0.017421
-0.0170289
-0.0165445
-0.0159772
-0.0153382
-0.0146408
-0.0138996
-0.0131305
-0.0123503
-0.0115763
-0.0108257
-0.0101152
-0.00946025
-0.00887422
-0.0083681
-0.00794983
-0.0076239
-0.00739113
-0.00724875
-0.00719061
-0.00720768
-0.00728875
-0.0074213
-0.00759227
-0.00778902
-0.00799992
-0.00821496
-0.00842599
-0.00862677
-0.00881286
-0.00898124
-0.00912991
-0.00925745
-0.00936253
-0.00944365
-0.00949894
-0.00952719
0.00150742
0.00119206
0.000971942
0.000803545
0.000651088
0.00050434
0.000354002
0.00019069
6.46367e-06
-0.000205429
-0.000450969
-0.000735613
-0.00106443
-0.00144212
-0.00187297
-0.00236073
-0.00290841
-0.00351811
-0.00419079
-0.00492613
-0.00572235
-0.00657616
-0.0074827
-0.00843556
-0.00942688
-0.0104474
-0.0114868
-0.0125335
-0.0135754
-0.0145998
-0.0155937
-0.0165441
-0.0174381
-0.0182635
-0.0190088
-0.0196633
-0.0202176
-0.0206635
-0.0209944
-0.0212053
-0.0212928
-0.0212556
-0.0210942
-0.0208111
-0.0204108
-0.0198999
-0.019287
-0.018583
-0.0178004
-0.016954
-0.0160598
-0.0151357
-0.0142002
-0.0132727
-0.0123725
-0.0115182
-0.0107271
-0.0100145
-0.00939283
-0.00887105
-0.00845431
-0.00814356
-0.00793569
-0.00782379
-0.00779773
-0.00784504
-0.00795179
-0.00810362
-0.00828666
-0.00848826
-0.0086975
-0.00890548
-0.00910522
-0.00929151
-0.00946051
-0.00960927
-0.00973525
-0.00983598
-0.00990998
-0.00995728
0.00145744
0.0011136
0.000876221
0.000696209
0.000532978
0.000374316
0.000209308
2.71679e-05
-0.000181152
-0.000423294
-0.000705993
-0.00103536
-0.00141704
-0.00185622
-0.00235759
-0.00292516
-0.00356207
-0.00427038
-0.00505085
-0.00590276
-0.0068238
-0.00780995
-0.0088555
-0.00995305
-0.0110937
-0.0122669
-0.0134611
-0.0146637
-0.015861
-0.0170392
-0.0181839
-0.019281
-0.0203163
-0.0212766
-0.0221492
-0.0229224
-0.0235858
-0.0241303
-0.0245484
-0.0248341
-0.0249833
-0.0249934
-0.0248641
-0.0245967
-0.0241948
-0.0236638
-0.0230113
-0.0222473
-0.0213836
-0.0204343
-0.0194155
-0.0183451
-0.0172428
-0.0161294
-0.0150265
-0.0139558
-0.0129386
-0.0119945
-0.011141
-0.0103923
-0.00975874
-0.00924617
-0.00885568
-0.00858359
-0.00842189
-0.00835894
-0.00838042
-0.0084705
-0.00861294
-0.00879215
-0.00899396
-0.00920615
-0.00941864
-0.0096234
-0.00981416
-0.00998606
-0.0101349
-0.010257
-0.010351
-0.0104179
0.0013417
0.000971266
0.000717644
0.000526266
0.000351793
0.000179969
-1.76741e-06
-0.000205617
-0.000441739
-0.000718675
-0.00104392
-0.00142425
-0.00186587
-0.00237446
-0.00295505
-0.00361188
-0.00434815
-0.00516579
-0.00606527
-0.00704537
-0.00810311
-0.00923365
-0.0104303
-0.0116845
-0.0129861
-0.0143235
-0.0156835
-0.0170523
-0.0184148
-0.0197558
-0.0210596
-0.0223109
-0.0234944
-0.0245957
-0.0256011
-0.0264982
-0.0272757
-0.0279237
-0.0284338
-0.0287995
-0.0290157
-0.029079
-0.0289882
-0.0287435
-0.0283475
-0.0278044
-0.0271207
-0.026305
-0.0253681
-0.024323
-0.0231852
-0.0219723
-0.0207043
-0.0194027
-0.018091
-0.0167934
-0.0155348
-0.0143391
-0.0132291
-0.0122247
-0.0113424
-0.0105941
-0.00998631
-0.00951998
-0.00919052
-0.00898824
-0.00889928
-0.00890682
-0.00899239
-0.00913726
-0.00932355
-0.00953513
-0.00975808
-0.00998089
-0.0101943
-0.0103908
-0.0105643
-0.0107095
-0.0108249
-0.0109125
0.00115157
0.000756867
0.000488207
0.000285721
9.94703e-05
-8.68659e-05
-0.000287505
-0.000516048
-0.000783758
-0.00110007
-0.00147325
-0.00191071
-0.00241923
-0.00300493
-0.00367317
-0.00442833
-0.0052736
-0.00621069
-0.00723966
-0.00835868
-0.00956397
-0.0108497
-0.012208
-0.0136293
-0.0151018
-0.0166126
-0.0181471
-0.0196899
-0.0212245
-0.0227344
-0.0242025
-0.0256122
-0.0269473
-0.0281925
-0.0293331
-0.0303561
-0.0312494
-0.0320028
-0.0326072
-0.0330556
-0.0333422
-0.0334631
-0.0334162
-0.033201
-0.0328187
-0.0322726
-0.0315677
-0.0307112
-0.0297125
-0.0285832
-0.0273376
-0.0259922
-0.0245664
-0.0230821
-0.0215634
-0.0200364
-0.0185287
-0.0170685
-0.0156834
-0.0143996
-0.01324
-0.0122236
-0.0113637
-0.0106675
-0.0101354
-0.00976107
-0.00953244
-0.00943251
-0.00944105
-0.00953621
-0.00969606
-0.00989996
-0.0101295
-0.0103687
-0.0106048
-0.0108271
-0.0110268
-0.0111967
-0.0113352
-0.0114448
0.00087907
0.000462868
0.000180532
-3.27955e-05
-0.000231411
-0.000433687
-0.000655471
-0.000911732
-0.00121481
-0.00157503
-0.00200139
-0.00250196
-0.00308406
-0.0037542
-0.00451802
-0.00537997
-0.00634314
-0.0074089
-0.00857678
-0.00984421
-0.0112064
-0.0126565
-0.0141854
-0.0157818
-0.0174329
-0.0191238
-0.0208385
-0.0225601
-0.0242705
-0.0259518
-0.0275857
-0.0291545
-0.030641
-0.032029
-0.0333034
-0.0344506
-0.0354583
-0.0363157
-0.0370137
-0.0375448
-0.037903
-0.038084
-0.038085
-0.0379048
-0.0375437
-0.0370038
-0.0362888
-0.0354043
-0.034358
-0.0331599
-0.0318223
-0.0303602
-0.0287917
-0.0271378
-0.0254224
-0.0236726
-0.0219177
-0.020189
-0.0185188
-0.0169388
-0.0154792
-0.0141664
-0.0130219
-0.0120605
-0.0112894
-0.0107076
-0.0103064
-0.01007
-0.00997727
-0.0100036
-0.0101228
-0.0103094
-0.0105396
-0.0107924
-0.0110503
-0.0112988
-0.0115261
-0.0117225
-0.0118858
-0.0120194
0.000517156
8.26075e-05
-0.000211893
-0.000435784
-0.000647383
-0.00086706
-0.00111224
-0.00139921
-0.00174135
-0.00214984
-0.00263439
-0.00320371
-0.0038656
-0.00462696
-0.00549358
-0.00646995
-0.0075589
-0.00876138
-0.0100762
-0.0115
-0.0130267
-0.0146483
-0.0163542
-0.0181316
-0.0199659
-0.0218406
-0.0237381
-0.0256396
-0.0275259
-0.0293774
-0.0311748
-0.0328993
-0.034533
-0.0360592
-0.0374624
-0.0387286
-0.0398455
-0.0408025
-0.0415903
-0.0422015
-0.04263
-0.0428713
-0.0429223
-0.0427812
-0.0424477
-0.0419227
-0.0412087
-0.0403098
-0.0392318
-0.0379827
-0.0365726
-0.0350145
-0.0333242
-0.0315211
-0.0296279
-0.027671
-0.0256806
-0.02369
-0.0217346
-0.0198516
-0.0180775
-0.0164468
-0.0149898
-0.0137305
-0.0126846
-0.0118587
-0.0112493
-0.0108438
-0.0106214
-0.0105558
-0.0106167
-0.0107733
-0.010996
-0.0112578
-0.0115356
-0.0118103
-0.0120663
-0.0122907
-0.0124808
-0.0126407
5.9931e-05
-0.000389465
-0.000694485
-0.000928637
-0.00115384
-0.00139237
-0.00166316
-0.00198372
-0.00236842
-0.00282925
-0.00337664
-0.00401986
-0.00476716
-0.00562574
-0.00660151
-0.00769883
-0.0089202
-0.010266
-0.0117342
-0.0133203
-0.0150171
-0.016815
-0.0187018
-0.020663
-0.0226822
-0.0247411
-0.0268204
-0.0288996
-0.0309579
-0.0329747
-0.0349294
-0.0368026
-0.0385757
-0.0402316
-0.0417549
-0.0431317
-0.0443498
-0.0453988
-0.0462699
-0.0469559
-0.0474509
-0.0477504
-0.0478515
-0.0477519
-0.0474508
-0.0469482
-0.0462456
-0.0453455
-0.044252
-0.0429709
-0.0415101
-0.0398797
-0.0380932
-0.036167
-0.0341219
-0.0319825
-0.0297782
-0.0275426
-0.0253134
-0.0231314
-0.0210389
-0.0190781
-0.0172883
-0.0157036
-0.0143502
-0.013244
-0.0123895
-0.0117794
-0.0113955
-0.0112108
-0.011192
-0.0113028
-0.0115072
-0.0117715
-0.012066
-0.0123662
-0.0126514
-0.0129054
-0.0131245
-0.0133135
-0.000497135
-0.000957586
-0.00127136
-0.00151543
-0.00175483
-0.0020136
-0.00231207
-0.00266891
-0.0030994
-0.00361629
-0.00423065
-0.00495229
-0.00578985
-0.00675075
-0.0078409
-0.00906445
-0.0104234
-0.0119174
-0.0135435
-0.0152958
-0.0171659
-0.0191423
-0.0212111
-0.0233559
-0.0255584
-0.0277986
-0.0300551
-0.0323061
-0.0345292
-0.0367026
-0.038805
-0.0408163
-0.0427177
-0.044492
-0.0461239
-0.0476
-0.0489086
-0.0500397
-0.0509853
-0.0517385
-0.052294
-0.0526476
-0.052797
-0.0527393
-0.0524734
-0.0519991
-0.0513166
-0.0504273
-0.0493337
-0.0480393
-0.0465497
-0.0448724
-0.0430174
-0.0409984
-0.0388326
-0.0365421
-0.0341539
-0.0317005
-0.0292198
-0.0267547
-0.0243519
-0.0220599
-0.019927
-0.0179976
-0.0163094
-0.0148899
-0.013754
-0.0129026
-0.0123225
-0.0119881
-0.0118642
-0.0119099
-0.0120824
-0.0123405
-0.0126471
-0.0129709
-0.0132857
-0.0135707
-0.013821
-0.0140421
-0.00115703
-0.0016245
-0.00194515
-0.00219875
-0.00245285
-0.00273313
-0.00306119
-0.00345672
-0.00393584
-0.00451201
-0.00519688
-0.00600071
-0.00693247
-0.0079997
-0.00920823
-0.0105618
-0.0120619
-0.0137073
-0.0154936
-0.0174138
-0.0194577
-0.0216121
-0.0238611
-0.0261863
-0.0285674
-0.0309825
-0.0334085
-0.035822
-0.0381993
-0.0405177
-0.0427552
-0.0448913
-0.0469072
-0.0487861
-0.050513
-0.0520751
-0.0534615
-0.0546631
-0.0556725
-0.0564838
-0.0570925
-0.0574953
-0.0576884
-0.0576709
-0.0574414
-0.0569989
-0.0563433
-0.0554748
-0.0543944
-0.0531039
-0.0516065
-0.0499068
-0.0480118
-0.0459315
-0.0436794
-0.0412737
-0.038738
-0.036102
-0.0334021
-0.0306812
-0.0279882
-0.0253766
-0.0229019
-0.0206189
-0.0185771
-0.0168172
-0.0153668
-0.0142379
-0.0134252
-0.0129075
-0.0126498
-0.0126075
-0.0127314
-0.0129723
-0.0132847
-0.0136293
-0.0139732
-0.0142904
-0.0145742
-0.0148309
-0.00192103
-0.00239131
-0.00271688
-0.00297953
-0.00324875
-0.00355163
-0.00391091
-0.0043472
-0.00487736
-0.00551543
-0.00627361
-0.00716254
-0.00819142
-0.00936781
-0.0106973
-0.0121833
-0.0138262
-0.0156239
-0.0175708
-0.0196582
-0.021874
-0.0242031
-0.0266276
-0.0291271
-0.0316791
-0.0342598
-0.0368446
-0.0394084
-0.0419267
-0.0443759
-0.0467335
-0.0489791
-0.0510941
-0.0530621
-0.054869
-0.0565027
-0.0579533
-0.0592127
-0.0602746
-0.0611339
-0.061787
-0.062231
-0.0624637
-0.0624836
-0.0622896
-0.0618807
-0.0612564
-0.0604161
-0.0593597
-0.0580875
-0.0566006
-0.054901
-0.0529926
-0.0508818
-0.048578
-0.046095
-0.043452
-0.0406744
-0.0377953
-0.0348555
-0.0319039
-0.0289964
-0.0261943
-0.0235609
-0.0211575
-0.0190384
-0.0172461
-0.0158062
-0.0147252
-0.0139891
-0.0135659
-0.0134094
-0.0134648
-0.0136748
-0.0139845
-0.0143459
-0.0147179
-0.0150682
-0.0153877
-0.0156835
-0.00278864
-0.00325741
-0.00358585
-0.00385698
-0.00414156
-0.00446791
-0.00485976
-0.00533846
-0.00592149
-0.00662346
-0.00745695
-0.00843293
-0.00956073
-0.0108478
-0.0122994
-0.0139183
-0.015704
-0.0176532
-0.0197587
-0.0220101
-0.0243934
-0.0268914
-0.0294841
-0.0321489
-0.0348614
-0.037596
-0.0403264
-0.0430263
-0.0456704
-0.0482344
-0.0506958
-0.0530344
-0.0552321
-0.0572731
-0.0591444
-0.0608349
-0.0623359
-0.0636403
-0.064743
-0.06564
-0.0663285
-0.0668065
-0.0670725
-0.0671255
-0.0669647
-0.0665893
-0.0659983
-0.0651911
-0.0641665
-0.0629237
-0.0614621
-0.0597817
-0.0578834
-0.0557701
-0.0534473
-0.050924
-0.0482144
-0.0453388
-0.0423252
-0.0392106
-0.0360413
-0.0328731
-0.0297703
-0.0268028
-0.024042
-0.0215559
-0.0194026
-0.0176239
-0.0162409
-0.0152512
-0.0146292
-0.0143295
-0.0142935
-0.0144561
-0.0147528
-0.0151254
-0.0155236
-0.0159074
-0.0162648
-0.0166033
-0.00375751
-0.00422041
-0.00454958
-0.00482851
-0.00512852
-0.00547895
-0.00590432
-0.00642659
-0.00706377
-0.00783087
-0.00874082
-0.00980478
-0.0110321
-0.01243
-0.0140034
-0.015754
-0.0176806
-0.0197783
-0.0220383
-0.0244483
-0.0269924
-0.0296512
-0.0324024
-0.0352214
-0.0380819
-0.0409565
-0.0438175
-0.0466377
-0.049391
-0.052053
-0.0546013
-0.0570161
-0.0592799
-0.0613781
-0.0632986
-0.0650316
-0.0665696
-0.0679068
-0.0690391
-0.0699637
-0.0706788
-0.0711832
-0.0714762
-0.0715573
-0.0714263
-0.0710824
-0.0705251
-0.0697531
-0.0687652
-0.0675595
-0.0661342
-0.0644876
-0.0626185
-0.0605264
-0.0582133
-0.0556836
-0.0529461
-0.0500156
-0.046914
-0.0436726
-0.040333
-0.0369483
-0.0335828
-0.0303099
-0.027209
-0.0243603
-0.0218374
-0.0196999
-0.0179866
-0.0167101
-0.0158553
-0.0153815
-0.0152285
-0.0153246
-0.0155956
-0.0159722
-0.0163936
-0.0168108
-0.017208
-0.0175928
-0.00482347
-0.00527613
-0.00560388
-0.00588978
-0.00620505
-0.00657984
-0.00703928
-0.00760579
-0.00829772
-0.00913042
-0.0101171
-0.0112689
-0.0125951
-0.0141027
-0.0157958
-0.0176755
-0.0197392
-0.0219805
-0.0243889
-0.0269502
-0.0296462
-0.0324555
-0.0353536
-0.0383139
-0.0413081
-0.0443075
-0.0472831
-0.050207
-0.0530527
-0.0557956
-0.058414
-0.0608884
-0.0632026
-0.0653429
-0.0672984
-0.0690607
-0.0706234
-0.0719821
-0.0731338
-0.0740769
-0.0748103
-0.0753339
-0.0756476
-0.0757517
-0.0756463
-0.0753312
-0.0748058
-0.0740693
-0.07312
-0.0719557
-0.0705739
-0.0689715
-0.0671456
-0.0650934
-0.0628134
-0.0603062
-0.0575754
-0.0546299
-0.0514851
-0.0481655
-0.0447062
-0.0411552
-0.0375734
-0.0340349
-0.0306239
-0.0274298
-0.0245408
-0.0220347
-0.0199699
-0.0183777
-0.0172577
-0.0165781
-0.0162804
-0.0162885
-0.0165188
-0.0168905
-0.017331
-0.0177806
-0.0182192
-0.0186538
-0.00598054
-0.00641871
-0.00674281
-0.0070347
-0.00736485
-0.00776394
-0.00825754
-0.00886836
-0.00961499
-0.010513
-0.0115756
-0.012814
-0.0142374
-0.0158521
-0.0176616
-0.019666
-0.0218614
-0.0242397
-0.0267886
-0.0294919
-0.0323293
-0.0352772
-0.038309
-0.0413963
-0.0445091
-0.0476173
-0.0506911
-0.0537019
-0.0566231
-0.0594305
-0.0621028
-0.0646215
-0.0669714
-0.0691401
-0.071118
-0.0728978
-0.0744746
-0.075845
-0.0770073
-0.0779607
-0.0787053
-0.0792416
-0.0795703
-0.0796922
-0.079608
-0.079318
-0.078822
-0.0781193
-0.0772083
-0.0760868
-0.074752
-0.0731999
-0.0714265
-0.0694273
-0.0671982
-0.0647363
-0.0620408
-0.059115
-0.0559678
-0.0526161
-0.0490876
-0.0454228
-0.0416771
-0.0379212
-0.0342405
-0.0307308
-0.027492
-0.0246191
-0.0221911
-0.0202606
-0.0188463
-0.0179299
-0.0174588
-0.0173552
-0.0175277
-0.0178838
-0.0183379
-0.0188185
-0.0192995
-0.0197872
-0.0072211
-0.00764064
-0.00795885
-0.00825562
-0.00859997
-0.00902292
-0.00955031
-0.0102049
-0.0110055
-0.0119677
-0.0131046
-0.0144274
-0.0159449
-0.0176629
-0.0195841
-0.0217074
-0.0240274
-0.0265345
-0.0292146
-0.0320492
-0.0350161
-0.0380894
-0.0412409
-0.0444401
-0.0476558
-0.0508566
-0.0540122
-0.0570936
-0.0600744
-0.0629308
-0.0656423
-0.0681915
-0.0705642
-0.0727494
-0.0747386
-0.0765261
-0.0781079
-0.079482
-0.0806476
-0.0816048
-0.0823544
-0.0828978
-0.0832364
-0.0833714
-0.0833042
-0.0830353
-0.0825652
-0.0818934
-0.0810188
-0.0799392
-0.0786517
-0.0771524
-0.0754364
-0.0734981
-0.0713318
-0.0689317
-0.0662935
-0.0634155
-0.0603005
-0.0569581
-0.0534076
-0.0496809
-0.0458252
-0.0419055
-0.0380041
-0.0342192
-0.0306591
-0.0274335
-0.0246415
-0.0223587
-0.0206266
-0.0194447
-0.0187716
-0.0185315
-0.0186272
-0.0189553
-0.0194161
-0.0199251
-0.0204491
-0.0209929
-0.00853597
-0.00893297
-0.00924306
-0.0095434
-0.009901
-0.010347
-0.0109073
-0.0116047
-0.0124578
-0.0134821
-0.0146909
-0.0160948
-0.0177024
-0.0195187
-0.0215455
-0.0237805
-0.0262169
-0.0288434
-0.0316439
-0.034598
-0.0376814
-0.0408664
-0.0441227
-0.0474186
-0.0507214
-0.0539992
-0.0572208
-0.0603576
-0.0633832
-0.0662747
-0.0690123
-0.0715799
-0.0739644
-0.076156
-0.0781478
-0.0799349
-0.0815146
-0.082886
-0.0840491
-0.0850048
-0.0857548
-0.0863008
-0.0866449
-0.086789
-0.0867346
-0.0864831
-0.086035
-0.0853906
-0.084549
-0.0835085
-0.0822666
-0.0808193
-0.0791618
-0.0772879
-0.0751908
-0.072863
-0.0702974
-0.0674883
-0.0644331
-0.0611346
-0.0576037
-0.0538631
-0.0499506
-0.0459221
-0.0418542
-0.0378429
-0.0340008
-0.0304485
-0.0273034
-0.0246645
-0.0225981
-0.0211265
-0.0202243
-0.0198223
-0.0198209
-0.0201067
-0.0205662
-0.0211
-0.0216671
-0.0222695
-0.00991466
-0.0102855
-0.0105852
-0.0108877
-0.0112573
-0.0117251
-0.012317
-0.0130555
-0.013959
-0.0150429
-0.01632
-0.017801
-0.0194934
-0.021402
-0.0235273
-0.0258658
-0.0284092
-0.0311445
-0.0340538
-0.0371148
-0.0403012
-0.0435835
-0.04693
-0.0503074
-0.0536823
-0.0570219
-0.060295
-0.0634731
-0.0665304
-0.0694447
-0.0721973
-0.0747731
-0.0771604
-0.0793505
-0.0813377
-0.0831184
-0.0846908
-0.0860547
-0.0872111
-0.0881616
-0.0889083
-0.0894535
-0.0897998
-0.0899494
-0.0899044
-0.0896664
-0.0892366
-0.0886156
-0.087803
-0.0867978
-0.0855978
-0.0841997
-0.0825988
-0.0807891
-0.0787632
-0.0765127
-0.0740288
-0.0713026
-0.0683273
-0.0650997
-0.061623
-0.0579106
-0.0539901
-0.0499069
-0.0457283
-0.0415447
-0.0374681
-0.0336259
-0.0301502
-0.0271621
-0.024754
-0.0229744
-0.0218189
-0.0212304
-0.0211108
-0.0213389
-0.0217875
-0.0223418
-0.0229511
-0.0236143
-0.0113456
-0.0116868
-0.011974
-0.012277
-0.0126571
-0.0131452
-0.0137668
-0.0145441
-0.0154953
-0.0166354
-0.0179768
-0.0195297
-0.0213011
-0.0232949
-0.0255106
-0.0279434
-0.0305836
-0.0334165
-0.0364224
-0.0395771
-0.0428528
-0.0462183
-0.0496404
-0.0530848
-0.0565173
-0.0599049
-0.0632163
-0.0664233
-0.0695008
-0.0724275
-0.0751858
-0.0777617
-0.0801448
-0.0823274
-0.084305
-0.0860748
-0.0876361
-0.0889895
-0.0901364
-0.091079
-0.09182
-0.0923621
-0.092708
-0.0928605
-0.0928218
-0.0925941
-0.0921788
-0.0915771
-0.0907893
-0.0898148
-0.0886522
-0.0872988
-0.0857504
-0.0840017
-0.0820454
-0.0798729
-0.0774742
-0.0748388
-0.0719563
-0.0688189
-0.0654232
-0.0617739
-0.057888
-0.0537997
-0.0495651
-0.0452652
-0.0410072
-0.0369204
-0.0331472
-0.0298278
-0.0270803
-0.024982
-0.0235537
-0.0227559
-0.0224969
-0.022651
-0.0230781
-0.0236472
-0.0242973
-0.0250229
-0.0128162
-0.013125
-0.0133975
-0.0136992
-0.014088
-0.0145944
-0.0152435
-0.0160569
-0.0170525
-0.0182446
-0.0196455
-0.0212645
-0.0231082
-0.0251794
-0.0274767
-0.029994
-0.0327201
-0.0356388
-0.0387287
-0.0419641
-0.0453154
-0.0487501
-0.0522339
-0.0557316
-0.0592086
-0.0626315
-0.0659695
-0.0691946
-0.0722828
-0.0752135
-0.0779701
-0.0805399
-0.0829135
-0.0850844
-0.0870488
-0.0888051
-0.0903531
-0.091694
-0.0928298
-0.0937632
-0.094497
-0.0950343
-0.0953782
-0.0955314
-0.0954966
-0.0952763
-0.0948723
-0.0942861
-0.0935187
-0.0925701
-0.0914397
-0.0901255
-0.0886243
-0.0869315
-0.0850405
-0.082943
-0.0806289
-0.0780865
-0.0753037
-0.0722687
-0.0689728
-0.0654132
-0.0615972
-0.0575473
-0.0533071
-0.0489459
-0.0445621
-0.040282
-0.0362531
-0.0326305
-0.0295563
-0.0271368
-0.025422
-0.0243954
-0.0239769
-0.0240401
-0.0244341
-0.0250117
-0.0257004
-0.0264893
-0.0143136
-0.0145872
-0.014843
-0.0151416
-0.0155371
-0.0160594
-0.0167333
-0.0175796
-0.0186156
-0.0198553
-0.0213101
-0.0229889
-0.0248974
-0.0270377
-0.0294072
-0.0319986
-0.0347994
-0.0377919
-0.0409532
-0.0442561
-0.0476697
-0.0511604
-0.0546928
-0.0582312
-0.0617406
-0.0651879
-0.0685423
-0.0717767
-0.0748676
-0.0777955
-0.080545
-0.0831042
-0.0854648
-0.0876212
-0.0895705
-0.0913118
-0.0928454
-0.0941732
-0.0952974
-0.0962209
-0.096947
-0.0974787
-0.0978192
-0.0979718
-0.0979391
-0.0977237
-0.0973281
-0.0967539
-0.0960028
-0.0950754
-0.0939718
-0.092691
-0.0912309
-0.0895876
-0.0877558
-0.0857279
-0.0834942
-0.0810431
-0.0783611
-0.0754344
-0.0722501
-0.068799
-0.0650799
-0.0611044
-0.0569031
-0.0525319
-0.0480773
-0.0436581
-0.0394218
-0.0355331
-0.0321544
-0.0294204
-0.0274126
-0.0261418
-0.0255454
-0.0255012
-0.0258499
-0.0264288
-0.0271531
-0.0280056
-0.0158244
-0.0160607
-0.0162978
-0.0165913
-0.0169912
-0.0175268
-0.0182223
-0.0190979
-0.02017
-0.021452
-0.0229548
-0.0246864
-0.026652
-0.0288524
-0.0312843
-0.0339392
-0.0368033
-0.0398575
-0.0430777
-0.0464354
-0.0498987
-0.0534327
-0.0570017
-0.0605694
-0.0641007
-0.0675627
-0.070925
-0.0741613
-0.0772488
-0.0801691
-0.0829075
-0.0854531
-0.0877986
-0.0899392
-0.0918727
-0.0935986
-0.0951179
-0.0964326
-0.0975454
-0.0984593
-0.0991775
-0.0997034
-0.10004
-0.100191
-0.100159
-0.0999468
-0.0995569
-0.0989917
-0.098253
-0.0973422
-0.0962603
-0.095007
-0.0935814
-0.0919808
-0.090201
-0.0882357
-0.0860761
-0.0837111
-0.0811273
-0.0783094
-0.0752419
-0.0719109
-0.0683079
-0.0644346
-0.0603093
-0.0559736
-0.0515002
-0.0469964
-0.0426046
-0.0384937
-0.0348415
-0.0318086
-0.0295087
-0.0279838
-0.0271941
-0.0270266
-0.0273177
-0.0278899
-0.0286462
-0.029562
-0.0173351
-0.0175324
-0.0177491
-0.0180354
-0.0184373
-0.0189832
-0.0196969
-0.0205976
-0.021701
-0.0230198
-0.0245641
-0.0263413
-0.0283555
-0.030607
-0.0330913
-0.0357988
-0.0387148
-0.0418189
-0.0450858
-0.0484862
-0.051987
-0.0555529
-0.0591474
-0.0627342
-0.0662782
-0.0697468
-0.0731102
-0.0763426
-0.0794221
-0.0823311
-0.0850559
-0.0875865
-0.089916
-0.0920406
-0.0939584
-0.0956695
-0.0971753
-0.0984778
-0.09958
-0.100485
-0.101196
-0.101716
-0.102049
-0.102198
-0.102165
-0.101955
-0.101568
-0.101009
-0.10028
-0.0993815
-0.0983163
-0.0970849
-0.0956874
-0.0941224
-0.092387
-0.0904762
-0.0883828
-0.0860967
-0.0836051
-0.0808925
-0.0779419
-0.0747361
-0.0712611
-0.06751
-0.0634897
-0.0592282
-0.0547826
-0.0502463
-0.0457521
-0.0414673
-0.0375798
-0.0342721
-0.0316889
-0.0299059
-0.0289109
-0.0286061
-0.0288273
-0.0293847
-0.0301687
-0.0311467
-0.0188326
-0.0189896
-0.0191842
-0.0194613
-0.0198625
-0.0204156
-0.0211436
-0.022065
-0.0231946
-0.0245442
-0.0261233
-0.0279383
-0.0299927
-0.0322858
-0.0348124
-0.0375618
-0.0405184
-0.0436607
-0.0469628
-0.0503942
-0.0539214
-0.0575084
-0.0611186
-0.0647156
-0.0682645
-0.071733
-0.0750919
-0.078316
-0.0813844
-0.08428
-0.0869899
-0.0895048
-0.0918185
-0.0939277
-0.0958309
-0.0975285
-0.099022
-0.100314
-0.101407
-0.102304
-0.103008
-0.103523
-0.103853
-0.103999
-0.103966
-0.103755
-0.103371
-0.102816
-0.102092
-0.101203
-0.10015
-0.0989349
-0.0975593
-0.0960229
-0.0943242
-0.0924598
-0.0904239
-0.0882081
-0.0858007
-0.0831869
-0.0803492
-0.0772685
-0.0739268
-0.0703104
-0.0664165
-0.0622598
-0.0578821
-0.0533611
-0.0488161
-0.0444079
-0.0403284
-0.036777
-0.0339269
-0.0318882
-0.0306806
-0.0302265
-0.0303662
-0.0309003
-0.0317073
-0.0327458
-0.0203041
-0.0204202
-0.0205913
-0.020857
-0.0212547
-0.0218116
-0.0225498
-0.0234871
-0.0246374
-0.0260117
-0.0276184
-0.0294634
-0.0315493
-0.0338746
-0.0364332
-0.0392139
-0.0422
-0.0453695
-0.0486955
-0.0521471
-0.0556903
-0.0592888
-0.062906
-0.0665054
-0.0700525
-0.0735154
-0.0768656
-0.0800784
-0.0831334
-0.0860145
-0.0887093
-0.0912089
-0.0935079
-0.095603
-0.0974932
-0.099179
-0.100662
-0.101945
-0.10303
-0.10392
-0.104619
-0.105131
-0.105457
-0.105601
-0.105566
-0.105355
-0.104971
-0.104418
-0.103697
-0.102813
-0.101769
-0.100566
-0.0992064
-0.0976921
-0.0960226
-0.0941963
-0.0922091
-0.0900542
-0.0877218
-0.0851981
-0.0824663
-0.0795065
-0.0762981
-0.0728227
-0.0690688
-0.0650399
-0.060763
-0.0562989
-0.0517513
-0.04727
-0.0430449
-0.0392865
-0.0361927
-0.0339071
-0.0324841
-0.0318718
-0.0319196
-0.032422
-0.0332469
-0.0343435
-0.0217377
-0.0218127
-0.0219588
-0.0222112
-0.0226025
-0.0231596
-0.0239038
-0.024852
-0.0260172
-0.0274095
-0.0290366
-0.0309036
-0.0330121
-0.0353601
-0.0379408
-0.0407423
-0.0437472
-0.046933
-0.0502725
-0.0537341
-0.0572838
-0.0608851
-0.0645015
-0.0680967
-0.0716366
-0.0750896
-0.0784279
-0.0816273
-0.084668
-0.0875344
-0.0902145
-0.0927001
-0.0949857
-0.0970686
-0.0989479
-0.100624
-0.102099
-0.103374
-0.104453
-0.105339
-0.106034
-0.106542
-0.106865
-0.107007
-0.10697
-0.106758
-0.106374
-0.105821
-0.105102
-0.10422
-0.10318
-0.101985
-0.100636
-0.099138
-0.0974908
-0.0956946
-0.0937473
-0.091644
-0.0893765
-0.0869332
-0.0842982
-0.0814521
-0.078373
-0.0750389
-0.0714324
-0.0675468
-0.0633957
-0.0590235
-0.0545164
-0.0500097
-0.0456862
-0.0417616
-0.038453
-0.0359355
-0.0342995
-0.0335229
-0.0334699
-0.0339328
-0.0347702
-0.0359221
-0.0231228
-0.0231564
-0.0232764
-0.0235136
-0.0238957
-0.0244491
-0.0251948
-0.0261486
-0.0273227
-0.0287264
-0.0303664
-0.0322471
-0.0343695
-0.0367308
-0.0393236
-0.0421356
-0.045149
-0.0483409
-0.0516838
-0.0551461
-0.0586935
-0.0622899
-0.0658986
-0.069484
-0.0730121
-0.076452
-0.0797761
-0.0829609
-0.085987
-0.0888392
-0.0915059
-0.0939791
-0.0962535
-0.0983265
-0.100197
-0.101866
-0.103335
-0.104605
-0.10568
-0.106563
-0.107255
-0.10776
-0.108082
-0.108222
-0.108183
-0.10797
-0.107584
-0.107029
-0.106309
-0.105428
-0.104389
-0.103197
-0.101855
-0.100367
-0.0987359
-0.0969625
-0.0950466
-0.0929855
-0.0907731
-0.0883997
-0.0858512
-0.0831094
-0.0801521
-0.0769557
-0.0734981
-0.0697647
-0.0657571
-0.0615043
-0.0570746
-0.0525863
-0.0482107
-0.0441625
-0.0406723
-0.0379434
-0.0361016
-0.0351583
-0.0349975
-0.0354135
-0.036258
-0.037462
-0.0244486
-0.0244413
-0.0245357
-0.0247552
-0.0251249
-0.0256709
-0.0264133
-0.0273673
-0.0285441
-0.0299522
-0.0315976
-0.0334838
-0.0356111
-0.0379763
-0.0405716
-0.0433841
-0.0463961
-0.0495843
-0.0529212
-0.0563754
-0.0599126
-0.0634969
-0.0670921
-0.0706628
-0.0741755
-0.0775996
-0.0809081
-0.0840779
-0.0870898
-0.0899289
-0.0925839
-0.0950467
-0.0973123
-0.0993779
-0.101243
-0.102907
-0.104372
-0.105639
-0.106712
-0.107593
-0.108284
-0.108789
-0.109109
-0.109247
-0.109207
-0.108991
-0.108603
-0.108046
-0.107324
-0.10644
-0.1054
-0.104208
-0.102868
-0.101385
-0.0997639
-0.0980063
-0.096114
-0.0940862
-0.091919
-0.0896049
-0.087132
-0.0844837
-0.0816388
-0.078573
-0.0752612
-0.0716829
-0.0678298
-0.0637167
-0.0593945
-0.0549631
-0.0505786
-0.0464496
-0.0428141
-0.0398985
-0.0378628
-0.036754
-0.0364804
-0.0368432
-0.0376896
-0.0389421
-0.0257066
-0.0256598
-0.0257274
-0.0259277
-0.0262824
-0.026817
-0.0275513
-0.0284998
-0.029673
-0.0310784
-0.0327214
-0.0346047
-0.0367281
-0.039088
-0.0416761
-0.0444796
-0.0474804
-0.0506557
-0.0539778
-0.0574156
-0.0609353
-0.0645012
-0.0680776
-0.0716294
-0.0751237
-0.0785302
-0.0818223
-0.0849771
-0.0879757
-0.0908032
-0.0934484
-0.0959034
-0.0981628
-0.100224
-0.102085
-0.103747
-0.105211
-0.106479
-0.107551
-0.108432
-0.109124
-0.109628
-0.109948
-0.110085
-0.110043
-0.109825
-0.109434
-0.108873
-0.108147
-0.107259
-0.106215
-0.105019
-0.103678
-0.102196
-0.100579
-0.0988312
-0.0969552
-0.0949523
-0.0928208
-0.0905556
-0.0881472
-0.085581
-0.0828375
-0.0798927
-0.0767201
-0.073295
-0.0696011
-0.0656411
-0.0614495
-0.0571074
-0.0527533
-0.0485847
-0.0448414
-0.0417671
-0.0395536
-0.0382839
-0.037895
-0.0381991
-0.0390425
-0.0403397
-0.0268895
-0.0268047
-0.0268452
-0.0270247
-0.0273615
-0.0278808
-0.0286022
-0.0295394
-0.0307024
-0.0320979
-0.0337306
-0.0356027
-0.0377134
-0.0400586
-0.0426302
-0.0454152
-0.0483956
-0.0515489
-0.0548478
-0.0582617
-0.061757
-0.0652987
-0.0688516
-0.072381
-0.0758545
-0.079242
-0.0825173
-0.0856575
-0.088644
-0.0914618
-0.0940996
-0.0965493
-0.0988054
-0.100865
-0.102726
-0.104389
-0.105854
-0.107123
-0.108198
-0.109081
-0.109774
-0.110279
-0.110599
-0.110736
-0.110693
-0.110472
-0.110077
-0.109512
-0.10878
-0.107886
-0.106836
-0.105634
-0.104288
-0.102803
-0.101186
-0.0994413
-0.0975748
-0.095589
-0.0934844
-0.0912581
-0.0889031
-0.0864074
-0.0837534
-0.0809183
-0.0778756
-0.0745978
-0.0710628
-0.067263
-0.0632182
-0.0589912
-0.0547013
-0.0505315
-0.0467177
-0.043515
-0.0411429
-0.0397202
-0.0392156
-0.039457
-0.0402929
-0.0416312
-0.0279911
-0.0278702
-0.0278837
-0.028041
-0.0283572
-0.0288574
-0.0295608
-0.0304809
-0.0316269
-0.0330051
-0.0346196
-0.0364719
-0.038561
-0.0408826
-0.0434284
-0.0461856
-0.0491366
-0.0522593
-0.055527
-0.0589096
-0.0623743
-0.0658865
-0.0694116
-0.0729155
-0.076366
-0.0797336
-0.0829919
-0.0861184
-0.0890943
-0.0919044
-0.0945373
-0.0969844
-0.09924
-0.101301
-0.103164
-0.104831
-0.1063
-0.107574
-0.108653
-0.10954
-0.110236
-0.110743
-0.111064
-0.111201
-0.111157
-0.110933
-0.110534
-0.109963
-0.109224
-0.108323
-0.107264
-0.106054
-0.1047
-0.103208
-0.101586
-0.0998399
-0.0979766
-0.0960007
-0.0939146
-0.0917177
-0.0894056
-0.0869687
-0.0843919
-0.0816543
-0.0787301
-0.0755907
-0.0722099
-0.0685718
-0.0646837
-0.0605908
-0.0563933
-0.0522567
-0.0484078
-0.0451079
-0.0425987
-0.0410339
-0.0404153
-0.0405912
-0.0414157
-0.0427915
-0.0290068
-0.0288522
-0.0288391
-0.0289729
-0.0292659
-0.0297431
-0.0304236
-0.0313205
-0.0324428
-0.0337962
-0.0353843
-0.0372083
-0.0392669
-0.0415556
-0.0440664
-0.0467868
-0.0496996
-0.0527834
-0.0560122
-0.0593566
-0.0627845
-0.0662622
-0.0697556
-0.0732311
-0.076657
-0.0800038
-0.0832454
-0.0863591
-0.089326
-0.0921306
-0.0947611
-0.0972085
-0.0994667
-0.101532
-0.103401
-0.105074
-0.10655
-0.10783
-0.108916
-0.109808
-0.110509
-0.11102
-0.111344
-0.111481
-0.111435
-0.111209
-0.110805
-0.110228
-0.109482
-0.108571
-0.107502
-0.106281
-0.104916
-0.103413
-0.101782
-0.10003
-0.098164
-0.0961912
-0.0941158
-0.0919394
-0.0896599
-0.0872704
-0.0847585
-0.0821056
-0.0792873
-0.076275
-0.0730401
-0.0695606
-0.065833
-0.061887
-0.0578037
-0.0537295
-0.0498784
-0.0465118
-0.0438888
-0.0421948
-0.0414662
-0.0415751
-0.0423847
-0.0437948
-0.0299333
-0.0297475
-0.0297086
-0.029818
-0.0300855
-0.030536
-0.0311886
-0.0320563
-0.0331478
-0.0344687
-0.0360221
-0.0378091
-0.0398281
-0.0420749
-0.0445416
-0.0472161
-0.0500821
-0.0531188
-0.0563012
-0.0596007
-0.0629861
-0.0664246
-0.0698825
-0.073327
-0.0767266
-0.080052
-0.0832771
-0.0863791
-0.0893386
-0.09214
-0.0947707
-0.0972213
-0.0994851
-0.101557
-0.103435
-0.105117
-0.106603
-0.107893
-0.108987
-0.109887
-0.110595
-0.111111
-0.111437
-0.111576
-0.111529
-0.1113
-0.110891
-0.110307
-0.109552
-0.108631
-0.10755
-0.106316
-0.104936
-0.10342
-0.101776
-0.100013
-0.0981398
-0.096164
-0.094092
-0.0919276
-0.089671
-0.087318
-0.0848588
-0.0822775
-0.0795515
-0.0766535
-0.0735534
-0.0702253
-0.0666569
-0.0628644
-0.0589108
-0.0549228
-0.0510985
-0.0476942
-0.044981
-0.0431723
-0.0423393
-0.0423809
-0.0431732
-0.0446147
-0.0307688
-0.0305549
-0.030491
-0.0305753
-0.0308153
-0.0312354
-0.0318552
-0.0326876
-0.0337413
-0.0350217
-0.036532
-0.0382731
-0.0402434
-0.042439
-0.0448524
-0.0474721
-0.0502827
-0.0532643
-0.0563929
-0.0596409
-0.0629783
-0.0663728
-0.0697918
-0.0732027
-0.0765744
-0.0798779
-0.0830868
-0.0861781
-0.089132
-0.0919323
-0.0945658
-0.0970226
-0.099295
-0.101378
-0.103268
-0.104962
-0.10646
-0.107762
-0.108867
-0.109777
-0.110493
-0.111015
-0.111345
-0.111486
-0.111439
-0.111207
-0.110794
-0.110202
-0.109437
-0.108504
-0.107409
-0.10616
-0.104764
-0.103232
-0.101571
-0.0997932
-0.0979071
-0.0959225
-0.093847
-0.0916866
-0.0894437
-0.0871167
-0.0846983
-0.0821753
-0.0795278
-0.0767298
-0.0737515
-0.0705642
-0.0671492
-0.0635112
-0.0596966
-0.0558125
-0.0520393
-0.0486238
-0.0458435
-0.0439356
-0.0430051
-0.0429801
-0.0437532
-0.045224
-0.0315128
-0.0312739
-0.0311864
-0.0312453
-0.0314557
-0.0318423
-0.0324244
-0.0332154
-0.0342239
-0.0354559
-0.0369143
-0.0386004
-0.0405128
-0.0426478
-0.0449985
-0.0475545
-0.0503012
-0.0532196
-0.0562871
-0.0594774
-0.0627611
-0.0661072
-0.0694836
-0.0728584
-0.0762008
-0.0794817
-0.0826746
-0.0857562
-0.0887062
-0.0915075
-0.0941466
-0.0966123
-0.0988965
-0.100993
-0.102898
-0.104607
-0.106121
-0.107437
-0.108556
-0.109478
-0.110204
-0.110734
-0.11107
-0.111213
-0.111167
-0.110932
-0.110513
-0.109914
-0.109138
-0.108192
-0.107082
-0.105816
-0.104402
-0.10285
-0.10117
-0.0993726
-0.0974693
-0.0954702
-0.093385
-0.091221
-0.0889831
-0.0866717
-0.0842825
-0.0818048
-0.0792215
-0.0765086
-0.0736374
-0.0705777
-0.0673063
-0.0638185
-0.0601463
-0.056378
-0.0526749
-0.049271
-0.0464452
-0.0444537
-0.0434335
-0.0433436
-0.0440964
-0.0455949
-0.032166
-0.0319056
-0.031796
-0.0318294
-0.0320088
-0.0323586
-0.0328984
-0.0336417
-0.0345979
-0.0357731
-0.0371708
-0.0387924
-0.0406373
-0.0427021
-0.044981
-0.0474641
-0.0501382
-0.0529856
-0.0559848
-0.0591107
-0.0623353
-0.0656284
-0.0689588
-0.072295
-0.0756064
-0.0788641
-0.0820413
-0.0851141
-0.0880616
-0.0908662
-0.0935132
-0.0959908
-0.0982897
-0.100403
-0.102326
-0.104054
-0.105586
-0.10692
-0.108055
-0.108991
-0.109729
-0.110268
-0.110611
-0.110759
-0.110713
-0.110477
-0.110053
-0.109445
-0.108658
-0.107698
-0.106572
-0.105287
-0.103852
-0.102278
-0.100575
-0.0987552
-0.0968302
-0.0948116
-0.0927104
-0.0905358
-0.0882943
-0.0859888
-0.0836174
-0.0811722
-0.0786387
-0.0759954
-0.073215
-0.0702676
-0.0671266
-0.0637804
-0.0602483
-0.0566015
-0.0529818
-0.0496082
-0.046756
-0.0446957
-0.0435939
-0.0434414
-0.0441733
-0.0456989
-0.0327304
-0.0324521
-0.0323223
-0.0323304
-0.0324776
-0.0327877
-0.0332806
-0.0339703
-0.0348666
-0.0359765
-0.0373042
-0.0388518
-0.0406193
-0.0426042
-0.0448015
-0.0472027
-0.0497955
-0.0525638
-0.0554875
-0.0585427
-0.0617027
-0.0649383
-0.0682191
-0.0715141
-0.0747929
-0.0780266
-0.081188
-0.0842529
-0.0871995
-0.0900093
-0.0926667
-0.0951589
-0.0974756
-0.099609
-0.101553
-0.103303
-0.104856
-0.106211
-0.107364
-0.108317
-0.109069
-0.109621
-0.109972
-0.110125
-0.110081
-0.109844
-0.109415
-0.108798
-0.108
-0.107025
-0.105881
-0.104576
-0.103119
-0.10152
-0.0997918
-0.0979457
-0.0959948
-0.0939517
-0.0918288
-0.0896365
-0.0873834
-0.0850743
-0.0827097
-0.0802842
-0.0777859
-0.0751962
-0.0724897
-0.0696372
-0.0666107
-0.063393
-0.0599935
-0.0564678
-0.052939
-0.0496092
-0.0467464
-0.0446309
-0.0434553
-0.0432426
-0.0439537
-0.0455065
-0.0332089
-0.0329166
-0.0327687
-0.0327521
-0.0328661
-0.0331339
-0.0335755
-0.0342054
-0.0350344
-0.0360704
-0.0373187
-0.0387822
-0.0404621
-0.042357
-0.044463
-0.0467728
-0.0492756
-0.0519568
-0.0547977
-0.0577759
-0.0608658
-0.0640393
-0.0672668
-0.070518
-0.0737625
-0.0769713
-0.0801171
-0.0831746
-0.0861217
-0.0889386
-0.0916087
-0.0941182
-0.0964557
-0.0986123
-0.100581
-0.102356
-0.103934
-0.105312
-0.106487
-0.10746
-0.108228
-0.108794
-0.109155
-0.109315
-0.109275
-0.109036
-0.108603
-0.107979
-0.107169
-0.106179
-0.105016
-0.103689
-0.102208
-0.100582
-0.0988256
-0.09695
-0.0949692
-0.092897
-0.0907466
-0.0885301
-0.0862574
-0.0839354
-0.0815666
-0.079148
-0.0766705
-0.0741179
-0.0714673
-0.0686909
-0.0657602
-0.0626547
-0.0593754
-0.0559645
-0.0525278
-0.0492497
-0.0463881
-0.0442284
-0.0429859
-0.0427154
-0.0434062
-0.0449872
-0.0336056
-0.0333031
-0.0331393
-0.0330989
-0.0331791
-0.0334023
-0.0337885
-0.0343526
-0.0351067
-0.0360599
-0.0372189
-0.0385882
-0.04017
-0.0419644
-0.043969
-0.0461779
-0.048582
-0.0511679
-0.0539187
-0.0568135
-0.0598278
-0.0629348
-0.0661055
-0.0693101
-0.0725186
-0.0757016
-0.0788314
-0.0818823
-0.0848309
-0.0876567
-0.0903418
-0.0928713
-0.0952325
-0.0974153
-0.0994117
-0.101215
-0.102821
-0.104225
-0.105426
-0.106421
-0.107209
-0.10779
-0.108165
-0.108333
-0.108298
-0.10806
-0.107623
-0.106991
-0.10617
-0.105164
-0.103982
-0.102633
-0.101125
-0.0994714
-0.0976837
-0.0957755
-0.0937612
-0.0916552
-0.0894719
-0.0872246
-0.0849246
-0.0825804
-0.0801965
-0.0777721
-0.0753006
-0.0727682
-0.0701548
-0.0674342
-0.0645785
-0.061565
-0.0583888
-0.0550808
-0.051731
-0.0485065
-0.045653
-0.0434571
-0.042153
-0.0418266
-0.0424976
-0.0441089
-0.0339249
-0.0336164
-0.0334394
-0.0333763
-0.0334225
-0.033599
-0.0339257
-0.0344182
-0.0350897
-0.035951
-0.0370106
-0.0382748
-0.0397477
-0.041431
-0.0433239
-0.0454222
-0.0477185
-0.0502011
-0.0528547
-0.0556596
-0.058593
-0.061629
-0.0647394
-0.0678949
-0.0710654
-0.0742217
-0.0773354
-0.08038
-0.0833313
-0.0861676
-0.0888699
-0.0914218
-0.0938096
-0.0960219
-0.0980493
-0.0998845
-0.101522
-0.102956
-0.104185
-0.105205
-0.106016
-0.106616
-0.107005
-0.107185
-0.107156
-0.10692
-0.106481
-0.105842
-0.10501
-0.103989
-0.102787
-0.101414
-0.0998799
-0.0981958
-0.096375
-0.0944314
-0.0923799
-0.0902359
-0.0880145
-0.0857299
-0.0833949
-0.0810193
-0.0786093
-0.0761662
-0.0736854
-0.071156
-0.0685599
-0.0658733
-0.0630696
-0.060125
-0.0570302
-0.0538077
-0.0505332
-0.0473576
-0.0445133
-0.0422851
-0.0409225
-0.0405408
-0.0411926
-0.0428371
-0.0341724
-0.0338619
-0.0336745
-0.0335903
-0.0336023
-0.0337305
-0.0339938
-0.0344087
-0.0349898
-0.03575
-0.0366999
-0.037848
-0.0392008
-0.0407619
-0.0425325
-0.0445105
-0.0466899
-0.0490612
-0.0516103
-0.0543194
-0.0571667
-0.0601273
-0.063174
-0.0662777
-0.0694086
-0.0725372
-0.0756344
-0.0786732
-0.0816282
-0.0844766
-0.0871981
-0.089775
-0.0921921
-0.0944369
-0.0964987
-0.0983689
-0.100041
-0.101509
-0.102769
-0.103818
-0.104654
-0.105276
-0.105683
-0.105876
-0.105856
-0.105624
-0.105184
-0.10454
-0.103697
-0.102661
-0.101441
-0.100044
-0.0984817
-0.0967661
-0.0949103
-0.0929287
-0.0908369
-0.0886506
-0.0863858
-0.0840577
-0.0816798
-0.0792635
-0.0768162
-0.0743411
-0.0718356
-0.0692908
-0.0666913
-0.0640155
-0.0612383
-0.0583362
-0.0552973
-0.0521368
-0.0489195
-0.0457812
-0.042941
-0.0406796
-0.0392584
-0.0388204
-0.039453
-0.0411346
-0.0343539
-0.0340458
-0.0338509
-0.0337472
-0.0337254
-0.0338035
-0.0339999
-0.0343313
-0.0348142
-0.0354636
-0.0362931
-0.0373138
-0.0385349
-0.0399625
-0.0416002
-0.0434478
-0.0455016
-0.0477535
-0.0501913
-0.0527985
-0.0555547
-0.058436
-0.0614158
-0.0644654
-0.0675551
-0.070655
-0.0737356
-0.076769
-0.0797287
-0.0825906
-0.0853333
-0.0879375
-0.0903868
-0.092667
-0.0947665
-0.0966752
-0.0983854
-0.0998906
-0.101186
-0.102267
-0.103132
-0.103779
-0.104207
-0.104416
-0.104407
-0.104181
-0.103743
-0.103095
-0.102243
-0.101193
-0.0999534
-0.0985331
-0.0969428
-0.0951947
-0.0933024
-0.0912807
-0.0891454
-0.0869129
-0.0845997
-0.0822216
-0.0797932
-0.0773265
-0.0748304
-0.0723095
-0.0697629
-0.0671837
-0.0645587
-0.0618687
-0.0590904
-0.0562011
-0.0531877
-0.0500607
-0.0468755
-0.0437554
-0.040907
-0.0386056
-0.0371216
-0.0366239
-0.0372367
-0.0389603
-0.0344757
-0.0341745
-0.0339753
-0.0338539
-0.0337989
-0.0338255
-0.0339511
-0.0341931
-0.0345697
-0.0350987
-0.0357967
-0.0366784
-0.0377559
-0.0390386
-0.0405326
-0.04224
-0.0441592
-0.046284
-0.0486039
-0.0511037
-0.0537643
-0.0565627
-0.0594728
-0.0624662
-0.0655134
-0.0685839
-0.0716478
-0.0746761
-0.0776415
-0.0805185
-0.0832842
-0.0859181
-0.0884022
-0.0907209
-0.0928611
-0.0948118
-0.0965638
-0.0981097
-0.0994436
-0.100561
-0.101458
-0.102134
-0.102585
-0.102814
-0.102819
-0.102602
-0.102167
-0.101518
-0.100659
-0.0995963
-0.0983389
-0.0968956
-0.0952773
-0.0934963
-0.0915665
-0.0895028
-0.0873213
-0.0850389
-0.0826722
-0.0802378
-0.0777507
-0.0752238
-0.0726669
-0.0700856
-0.0674806
-0.0648466
-0.0621725
-0.0594412
-0.0566314
-0.0537219
-0.0506993
-0.0475711
-0.0443861
-0.0412573
-0.0383805
-0.0360254
-0.0344695
-0.0339056
-0.0344966
-0.0362677
-0.0345444
-0.0342548
-0.0340546
-0.0339178
-0.03383
-0.0338036
-0.0338547
-0.0340012
-0.0342632
-0.0346617
-0.035217
-0.0359476
-0.0368697
-0.0379959
-0.0393353
-0.0408928
-0.0426689
-0.0446594
-0.0468552
-0.0492427
-0.0518037
-0.0545161
-0.0573541
-0.0602899
-0.0632935
-0.0663342
-0.0693815
-0.0724055
-0.0753776
-0.0782711
-0.0810618
-0.0837276
-0.086249
-0.0886091
-0.0907934
-0.0927893
-0.0945867
-0.0961769
-0.0975532
-0.0987102
-0.0996439
-0.100351
-0.100831
-0.101081
-0.101104
-0.1009
-0.100471
-0.0998224
-0.0989585
-0.0978858
-0.0966122
-0.0951472
-0.0935016
-0.0916878
-0.0897198
-0.0876127
-0.0853827
-0.0830467
-0.0806218
-0.0781246
-0.0755706
-0.0729731
-0.0703425
-0.0676854
-0.0650035
-0.0622929
-0.0595441
-0.0567419
-0.0538672
-0.0509006
-0.0478291
-0.0446591
-0.0414349
-0.0382619
-0.0353277
-0.0328974
-0.0312545
-0.0306138
-0.0311791
-0.0330042
-0.0345668
-0.0342937
-0.0340964
-0.0339462
-0.0338261
-0.0337452
-0.0337178
-0.0337623
-0.033901
-0.0341586
-0.0345596
-0.0351272
-0.0358818
-0.03684
-0.0380143
-0.0394125
-0.0410375
-0.0428869
-0.0449533
-0.0472242
-0.0496823
-0.0523062
-0.0550707
-0.0579477
-0.0609073
-0.0639184
-0.0669496
-0.06997
-0.07295
-0.0758616
-0.0786791
-0.0813791
-0.0839404
-0.0863447
-0.088576
-0.0906206
-0.0924668
-0.0941051
-0.0955276
-0.0967281
-0.0977018
-0.0984451
-0.0989559
-0.0992331
-0.0992767
-0.099088
-0.0986695
-0.0980248
-0.0971589
-0.0960783
-0.0947908
-0.0933058
-0.0916341
-0.0897882
-0.087782
-0.0856304
-0.0833499
-0.0809571
-0.0784691
-0.0759026
-0.073273
-0.070594
-0.0678762
-0.0651267
-0.0623478
-0.0595367
-0.0566851
-0.0537797
-0.0508032
-0.047738
-0.0445728
-0.0413138
-0.038003
-0.0347413
-0.0317108
-0.0291748
-0.0274224
-0.0266893
-0.0272226
-0.0291084
-0.0345498
-0.0342989
-0.0341082
-0.033947
-0.033795
-0.0336574
-0.033547
-0.0334825
-0.0334889
-0.0335948
-0.0338297
-0.0342221
-0.0347972
-0.0355761
-0.0365753
-0.0378054
-0.039272
-0.0409744
-0.0429068
-0.0450578
-0.0474108
-0.0499449
-0.052635
-0.0554531
-0.0583689
-0.0613509
-0.0643668
-0.0673848
-0.0703741
-0.0733056
-0.0761519
-0.0788882
-0.0814919
-0.0839432
-0.0862246
-0.0883209
-0.0902195
-0.0919094
-0.0933819
-0.0946298
-0.0956475
-0.0964309
-0.0969772
-0.0972848
-0.0973536
-0.0971844
-0.0967796
-0.0961425
-0.0952782
-0.0941928
-0.0928942
-0.0913916
-0.0896958
-0.087819
-0.0857749
-0.0835785
-0.0812456
-0.0787929
-0.0762371
-0.0735945
-0.0708805
-0.0681083
-0.0652887
-0.0624286
-0.0595309
-0.0565931
-0.053608
-0.0505635
-0.0474439
-0.0442339
-0.0409237
-0.0375211
-0.0340677
-0.0306627
-0.0274864
-0.0248035
-0.0229106
-0.0220634
-0.022555
-0.0245089
-0.0345005
-0.0342781
-0.0340983
-0.0339283
-0.0337443
-0.0335474
-0.0333485
-0.0331672
-0.0330314
-0.0329744
-0.0330313
-0.0332362
-0.0336202
-0.0342092
-0.0350238
-0.0360781
-0.0373799
-0.0389307
-0.0407258
-0.0427547
-0.0450014
-0.0474452
-0.0500612
-0.0528211
-0.0556943
-0.0586483
-0.0616504
-0.0646676
-0.0676681
-0.0706212
-0.0734983
-0.0762732
-0.0789218
-0.0814227
-0.083757
-0.0859083
-0.0878625
-0.0896076
-0.0911339
-0.092433
-0.0934988
-0.0943264
-0.0949124
-0.0952548
-0.095353
-0.0952077
-0.0948207
-0.0941955
-0.0933366
-0.0922503
-0.090944
-0.0894268
-0.0877093
-0.0858034
-0.0837225
-0.081481
-0.0790945
-0.076579
-0.0739506
-0.071225
-0.068417
-0.0655393
-0.062602
-0.0596118
-0.0565712
-0.053478
-0.0503251
-0.0471014
-0.0437927
-0.0403854
-0.0368723
-0.0332631
-0.0296013
-0.0259873
-0.0226034
-0.0197204
-0.0176459
-0.0166554
-0.0170912
-0.0191209
-0.0344262
-0.0342396
-0.0340756
-0.0338986
-0.0336819
-0.033422
-0.0331281
-0.032821
-0.0325323
-0.0323004
-0.032167
-0.0321726
-0.0323544
-0.0327437
-0.0333655
-0.0342372
-0.0353694
-0.0367652
-0.038421
-0.0403272
-0.0424679
-0.0448225
-0.0473658
-0.0500693
-0.0529016
-0.0558299
-0.0588202
-0.0618387
-0.0648523
-0.0678292
-0.0707393
-0.073555
-0.0762508
-0.0788039
-0.0811939
-0.0834032
-0.0854162
-0.08722
-0.0888036
-0.0901579
-0.0912758
-0.0921518
-0.0927819
-0.0931636
-0.0932958
-0.0931789
-0.0928144
-0.0922055
-0.0913566
-0.0902735
-0.0889634
-0.0874353
-0.0856991
-0.0837664
-0.0816501
-0.0793639
-0.0769227
-0.0743416
-0.0716358
-0.0688201
-0.0659081
-0.0629115
-0.0598394
-0.0566975
-0.0534877
-0.050207
-0.0468484
-0.0434008
-0.039851
-0.0361872
-0.0324048
-0.0285166
-0.0245697
-0.0206683
-0.0170013
-0.013851
-0.0115413
-0.0103695
-0.0107301
-0.0128436
-0.0343345
-0.0341928
-0.0340497
-0.0338675
-0.0336161
-0.0332879
-0.0328906
-0.0324472
-0.0319936
-0.0315745
-0.0312384
-0.0310332
-0.0310025
-0.0311836
-0.0316057
-0.0322901
-0.0332494
-0.0344886
-0.0360051
-0.0377894
-0.0398259
-0.0420937
-0.0445671
-0.0472171
-0.0500117
-0.052917
-0.0558983
-0.0589207
-0.0619499
-0.064953
-0.0678985
-0.0707573
-0.0735027
-0.0761104
-0.0785588
-0.0808287
-0.0829036
-0.0847693
-0.0864137
-0.0878269
-0.089001
-0.0899295
-0.0906081
-0.0910336
-0.0912046
-0.0911209
-0.0907838
-0.0901962
-0.089362
-0.0882867
-0.0869774
-0.0854423
-0.0836909
-0.0817342
-0.0795843
-0.077254
-0.0747572
-0.0721078
-0.0693197
-0.0664062
-0.0633795
-0.0602497
-0.0570242
-0.0537073
-0.0502992
-0.0467959
-0.0431891
-0.0394674
-0.035618
-0.0316305
-0.0275029
-0.0232521
-0.0189303
-0.0146488
-0.0106072
-0.00710587
-0.00449278
-0.00309071
-0.00334996
-0.00555573
-0.0342336
-0.0341484
-0.0340322
-0.0338454
-0.0335558
-0.0331517
-0.0326405
-0.0320481
-0.0314162
-0.0307966
-0.0302456
-0.0298188
-0.0295668
-0.0295326
-0.0297502
-0.0302443
-0.0310299
-0.0321131
-0.0334921
-0.0351575
-0.0370934
-0.0392783
-0.0416861
-0.0442868
-0.0470476
-0.0499338
-0.0529096
-0.0559391
-0.0589869
-0.0620187
-0.065002
-0.0679064
-0.0707037
-0.0733683
-0.0758774
-0.0782106
-0.0803502
-0.0822807
-0.0839892
-0.0854648
-0.0866988
-0.087684
-0.0884154
-0.0888893
-0.0891037
-0.0890582
-0.0887536
-0.0881922
-0.0873778
-0.0863155
-0.0850115
-0.0834737
-0.0817109
-0.0797332
-0.0775517
-0.0751781
-0.0726248
-0.0699043
-0.0670288
-0.0640096
-0.0608569
-0.0575785
-0.0541797
-0.0506622
-0.0470241
-0.0432591
-0.0393571
-0.0353053
-0.0310904
-0.0267027
-0.022143
-0.0174329
-0.0126314
-0.00786015
-0.00333342
0.000622471
0.00362529
0.00532011
0.00519656
0.00288938
-0.0341321
-0.0341205
-0.0340371
-0.033845
-0.0335109
-0.0330202
-0.0323813
-0.0316249
-0.0307996
-0.0299655
-0.0291875
-0.0285293
-0.0280486
-0.0277945
-0.0278053
-0.0281089
-0.0287222
-0.0296525
-0.0308982
-0.0324496
-0.0342904
-0.0363982
-0.038746
-0.041303
-0.0440352
-0.0469069
-0.0498815
-0.0529218
-0.0559914
-0.0590549
-0.0620786
-0.0650308
-0.0678822
-0.070606
-0.073178
-0.0755768
-0.0777834
-0.0797815
-0.0815571
-0.0830983
-0.0843956
-0.0854414
-0.0862296
-0.0867563
-0.0870189
-0.0870164
-0.0867492
-0.0862193
-0.0854298
-0.0843852
-0.0830914
-0.0815552
-0.0797848
-0.0777892
-0.075578
-0.0731618
-0.0705511
-0.0677566
-0.0647882
-0.0616549
-0.058364
-0.0549208
-0.0513271
-0.0475817
-0.0436792
-0.0396099
-0.0353608
-0.0309164
-0.0262618
-0.0213873
-0.016296
-0.0110148
-0.00561159
-0.000219216
0.00492556
0.00946366
0.0129657
0.0150332
0.0150899
0.0126715
-0.0340467
-0.0341242
-0.0340817
-0.0338817
-0.0334934
-0.0329011
-0.0321168
-0.031178
-0.0301422
-0.0290789
-0.0280622
-0.0271643
-0.0264499
-0.0259737
-0.0257783
-0.0258941
-0.0263397
-0.0271229
-0.028242
-0.0296868
-0.0314399
-0.0334781
-0.0357731
-0.038293
-0.0410028
-0.0438657
-0.0468438
-0.0498992
-0.0529943
-0.0560926
-0.0591593
-0.0621617
-0.0650692
-0.067854
-0.0704909
-0.0729572
-0.0752329
-0.0773008
-0.0791459
-0.0807555
-0.0821193
-0.0832289
-0.0840778
-0.0846613
-0.0849763
-0.0850212
-0.0847962
-0.0843024
-0.0835426
-0.0825205
-0.0812413
-0.0797109
-0.0779365
-0.0759256
-0.0736866
-0.0712282
-0.068559
-0.0656871
-0.06262
-0.0593637
-0.0559221
-0.0522967
-0.0484856
-0.044483
-0.0402791
-0.0358595
-0.0312065
-0.0263006
-0.0211236
-0.0156647
-0.00992831
-0.0039471
0.00220034
0.00837203
0.0142951
0.0195733
0.0237146
0.0262588
0.0265538
0.0240143
-0.0339919
-0.0341856
-0.034191
-0.0339762
-0.033518
-0.0328034
-0.0318509
-0.0307076
-0.0294419
-0.028134
-0.0268679
-0.0257237
-0.0247733
-0.0240762
-0.0236785
-0.0236127
-0.0238983
-0.0245432
-0.0255451
-0.0268929
-0.0285679
-0.0305456
-0.0327964
-0.0352871
-0.0379815
-0.0408417
-0.0438289
-0.046904
-0.0500283
-0.0531646
-0.0562769
-0.0593316
-0.0622971
-0.0651446
-0.0678477
-0.0703829
-0.0727294
-0.0748687
-0.0767852
-0.0784654
-0.0798981
-0.0810743
-0.0819868
-0.0826304
-0.0830014
-0.0830978
-0.0829188
-0.0824653
-0.0817393
-0.0807439
-0.0794831
-0.077962
-0.0761863
-0.0741625
-0.0718969
-0.0693963
-0.0666668
-0.0637139
-0.060542
-0.0571533
-0.0535478
-0.0497224
-0.0456703
-0.04138
-0.0368357
-0.0320167
-0.0268989
-0.0214565
-0.0156661
-0.00951354
-0.00300332
0.00382734
0.0108898
0.0180176
0.0249191
0.0311366
0.0360993
0.0392596
0.03987
0.0372032
-0.0339953
-0.0343397
-0.0343994
-0.0341565
-0.0336047
-0.032739
-0.0315889
-0.0302147
-0.0286973
-0.0271291
-0.0256036
-0.0242093
-0.0230236
-0.0221103
-0.0215181
-0.0212805
-0.0214173
-0.0219358
-0.0228326
-0.0240952
-0.0257035
-0.0276313
-0.0298478
-0.0323181
-0.0350049
-0.0378693
-0.0408712
-0.0439706
-0.0471281
-0.0503054
-0.0534658
-0.0565746
-0.0595995
-0.0625107
-0.065281
-0.067886
-0.0703039
-0.0725156
-0.0745045
-0.0762565
-0.0777596
-0.0790042
-0.0799824
-0.0806885
-0.081118
-0.0812685
-0.0811387
-0.0807285
-0.0800394
-0.0790734
-0.0778339
-0.0763246
-0.0745499
-0.0725143
-0.0702226
-0.067679
-0.0648871
-0.0618492
-0.0585658
-0.0550352
-0.0512526
-0.0472092
-0.042892
-0.0382829
-0.0333581
-0.0280888
-0.0224419
-0.016383
-0.00988066
-0.00291439
0.0045138
0.0123637
0.0205359
0.0288416
0.0369603
0.0443693
0.0503951
0.0543649
0.0553997
0.0526135
-0.0341005
-0.0346408
-0.0347574
-0.0344623
-0.0337813
-0.0327252
-0.0313398
-0.0297027
-0.0279096
-0.0260648
-0.0242717
-0.0226258
-0.0212093
-0.0200885
-0.0193133
-0.0189175
-0.0189201
-0.019327
-0.0201333
-0.0213247
-0.0228793
-0.0247692
-0.0269619
-0.0294213
-0.0321088
-0.0349842
-0.0380066
-0.0411351
-0.0443294
-0.0475504
-0.0507607
-0.0539249
-0.05701
-0.0599852
-0.0628227
-0.0654973
-0.0679865
-0.0702704
-0.0723317
-0.0741555
-0.0757292
-0.0770426
-0.0780873
-0.0788567
-0.0793459
-0.0795519
-0.0794726
-0.0791074
-0.0784567
-0.077522
-0.0763051
-0.0748088
-0.0730357
-0.0709888
-0.0686705
-0.0660825
-0.0632253
-0.0600978
-0.0566964
-0.0530145
-0.0490416
-0.0447627
-0.0401572
-0.0351984
-0.0298532
-0.0240821
-0.0178407
-0.0110825
-0.00376419
0.00414478
0.0126492
0.0217096
0.0312176
0.0409641
0.0505889
0.0595145
0.0669297
0.0719872
0.0736119
0.0707555
-0.0343806
-0.0351741
-0.0353413
-0.0349518
-0.0340881
-0.0327876
-0.0311192
-0.0291807
-0.0270845
-0.024947
-0.0228801
-0.0209841
-0.0193446
-0.0180288
-0.0170861
-0.0165491
-0.0164351
-0.0167479
-0.0174803
-0.018616
-0.0201311
-0.0219958
-0.024176
-0.0266341
-0.0293304
-0.0322235
-0.0352718
-0.0384335
-0.0416676
-0.0449343
-0.0481957
-0.0514157
-0.0545606
-0.0575991
-0.0605028
-0.0632456
-0.0658045
-0.0681589
-0.0702909
-0.0721849
-0.0738279
-0.0752089
-0.0763188
-0.0771507
-0.077699
-0.0779599
-0.0779308
-0.0776103
-0.0769981
-0.0760944
-0.0749001
-0.0734164
-0.0716446
-0.0695855
-0.0672392
-0.0646047
-0.0616792
-0.0584576
-0.0549318
-0.0510898
-0.0469147
-0.0423839
-0.0374684
-0.0321312
-0.0263279
-0.0200058
-0.0131059
-0.00556587
0.00267372
0.0116593
0.0214088
0.0318895
0.0429905
0.0544853
0.0659776
0.0768244
0.0860801
0.0926365
0.0951233
0.0923448
-0.0349605
-0.0360759
-0.0362672
-0.0357111
-0.0345848
-0.0329663
-0.0309536
-0.0286678
-0.0262378
-0.0237907
-0.0214448
-0.0193034
-0.0174521
-0.0159571
-0.0148656
-0.0142072
-0.0139965
-0.0142343
-0.0149109
-0.0160073
-0.0174974
-0.0193497
-0.0215283
-0.0239944
-0.0267069
-0.0296237
-0.0327023
-0.0359002
-0.039176
-0.0424893
-0.0458016
-0.0490763
-0.0522794
-0.0553789
-0.0583459
-0.0611539
-0.0637792
-0.0662007
-0.0683999
-0.0703607
-0.0720696
-0.0735148
-0.074687
-0.0755784
-0.076183
-0.0764964
-0.0765153
-0.0762375
-0.0756618
-0.0747874
-0.0736141
-0.0721416
-0.0703693
-0.0682962
-0.06592
-0.0632365
-0.0602396
-0.0569199
-0.0532642
-0.0492547
-0.0448673
-0.0400712
-0.0348272
-0.0290872
-0.0227928
-0.0158759
-0.0082595
0.000138743
0.00940026
0.0195943
0.0307606
0.0428842
0.0558621
0.0694612
0.0832574
0.0965428
0.108261
0.116934
0.120758
0.11841
-0.0360597
-0.037568
-0.0377135
-0.0368676
-0.0353597
-0.0333226
-0.0308872
-0.0281981
-0.0253988
-0.0226241
-0.0199951
-0.0176145
-0.015565
-0.0139089
-0.0126889
-0.0119306
-0.0116441
-0.0118267
-0.0124655
-0.0135386
-0.0150178
-0.0168695
-0.0190563
-0.0215381
-0.0242729
-0.0272177
-0.0303294
-0.033565
-0.0368826
-0.0402414
-0.0436026
-0.0469292
-0.0501868
-0.0533431
-0.0563688
-0.0592369
-0.0619232
-0.0644064
-0.0666673
-0.0686894
-0.0704586
-0.0719629
-0.0731922
-0.0741383
-0.0747948
-0.0751564
-0.0752193
-0.0749805
-0.0744379
-0.0735898
-0.0724347
-0.0709709
-0.069196
-0.0671068
-0.0646984
-0.0619639
-0.0588931
-0.0554724
-0.0516833
-0.0475013
-0.042895
-0.0378243
-0.0322393
-0.0260787
-0.019269
-0.0117238
-0.00334505
0.00597446
0.0163443
0.0278654
0.0406108
0.0545985
0.0697525
0.0858538
0.102472
0.118864
0.133856
0.145613
0.151632
0.150459
-0.038073
-0.0400136
-0.0399505
-0.0386055
-0.0365381
-0.0339445
-0.0309854
-0.0278244
-0.024614
-0.0214912
-0.0185743
-0.0159611
-0.0137276
-0.0119289
-0.0106013
-0.00976394
-0.00942178
-0.00956779
-0.0101852
-0.0112493
-0.0127294
-0.0145901
-0.0167927
-0.0192956
-0.0220563
-0.0250311
-0.0281762
-0.0314484
-0.0348055
-0.0382065
-0.0416123
-0.0449858
-0.0482922
-0.051499
-0.0545766
-0.0574977
-0.0602379
-0.0627753
-0.0650906
-0.0671668
-0.0689893
-0.0705457
-0.0718256
-0.0728202
-0.0735226
-0.073927
-0.0740288
-0.0738245
-0.073311
-0.0724856
-0.0713456
-0.0698877
-0.068108
-0.0660009
-0.0635592
-0.0607725
-0.0576272
-0.0541049
-0.0501816
-0.0458264
-0.0409997
-0.0356519
-0.0297216
-0.0231336
-0.0157977
-0.00760743
0.00155954
0.0118394
0.0233768
0.0363137
0.0507713
0.0668209
0.0844414
0.103463
0.12349
0.143791
0.163135
0.179444
0.189194
0.190638
-0.0417315
-0.0440089
-0.0433698
-0.0411669
-0.0382751
-0.0349362
-0.0313231
-0.0276057
-0.0239348
-0.02044
-0.0172297
-0.0143904
-0.0119867
-0.0100634
-0.0086473
-0.00774996
-0.00736992
-0.00749503
-0.00810447
-0.00917055
-0.0106602
-0.0125362
-0.0147586
-0.0172849
-0.0200719
-0.0230754
-0.0262515
-0.0295567
-0.0329485
-0.036386
-0.0398299
-0.0432431
-0.0465906
-0.0498399
-0.0529611
-0.0559268
-0.0587124
-0.0612956
-0.0636569
-0.065779
-0.067647
-0.0692481
-0.0705714
-0.0716079
-0.0723501
-0.0727916
-0.0729274
-0.0727532
-0.0722649
-0.0714591
-0.0703316
-0.0688779
-0.0670922
-0.064967
-0.0624922
-0.0596548
-0.0564371
-0.0528163
-0.048763
-0.0442395
-0.0391985
-0.0335807
-0.0273129
-0.0203061
-0.0124525
-0.00362474
0.00632582
0.017568
0.0302872
0.0446771
0.060923
0.0791753
0.0995055
0.121845
0.145899
0.171033
0.196114
0.218943
0.235003
0.241652
-0.0484407
-0.0505183
-0.0484679
-0.044792
-0.0406858
-0.0363463
-0.031915
-0.0275429
-0.0233595
-0.0194723
-0.0159684
-0.0129148
-0.010359
-0.00833144
-0.00684729
-0.00590875
-0.00550716
-0.00562489
-0.00623704
-0.00731293
-0.00881734
-0.0107116
-0.0129546
-0.0155034
-0.0183142
-0.0213426
-0.0245446
-0.0278768
-0.0312967
-0.0347634
-0.0382376
-0.0416823
-0.0450626
-0.0483458
-0.0515021
-0.0545039
-0.0573264
-0.0599473
-0.0623467
-0.0645072
-0.0664135
-0.0680527
-0.0694134
-0.0704862
-0.0712631
-0.0717374
-0.0719035
-0.0717561
-0.0712909
-0.070503
-0.0693875
-0.0679382
-0.0661478
-0.0640063
-0.061502
-0.0586187
-0.0553351
-0.0516242
-0.0474513
-0.0427727
-0.0375336
-0.0316656
-0.0250846
-0.0176879
-0.0093513
7.34808e-05
0.0107614
0.0229155
0.036766
0.0525666
0.0705837
0.0910761
0.114258
0.140237
0.168923
0.199911
0.232356
0.264184
0.290326
0.306634
-0.0610471
-0.0610364
-0.0557266
-0.0495539
-0.0436655
-0.0379892
-0.0325518
-0.0274366
-0.0227159
-0.0184486
-0.0146825
-0.0114535
-0.00878539
-0.00669032
-0.00516995
-0.00421654
-0.00381426
-0.00394041
-0.00456659
-0.00565974
-0.00718312
-0.00909713
-0.0113601
-0.0139289
-0.0167596
-0.019808
-0.0230302
-0.026383
-0.0298241
-0.0333128
-0.0368101
-0.0402789
-0.0436846
-0.0469945
-0.0501788
-0.0532099
-0.0560628
-0.0587152
-0.0611469
-0.0633405
-0.0652803
-0.066953
-0.0683472
-0.0694529
-0.0702619
-0.0707668
-0.0709615
-0.0708403
-0.0703979
-0.0696288
-0.068527
-0.0670852
-0.0652948
-0.0631421
-0.0606156
-0.0576957
-0.0543581
-0.0505719
-0.0462982
-0.0414879
-0.0360795
-0.029997
-0.0231468
-0.0154143
-0.00666101
0.00328002
0.0146078
0.0275575
0.0424039
0.0594643
0.0790974
0.101699
0.127682
0.157441
0.191269
0.229228
0.271008
0.315078
0.356495
0.391576
-0.0860748
-0.0773591
-0.0650746
-0.0548295
-0.0463674
-0.0389982
-0.0324624
-0.026651
-0.021501
-0.0169798
-0.0130742
-0.009779
-0.00709049
-0.00500252
-0.0035047
-0.00258155
-0.00221238
-0.0023716
-0.00302919
-0.00415132
-0.00570104
-0.00763886
-0.00992341
-0.012512
-0.0153612
-0.0184274
-0.021667
-0.0250371
-0.0284961
-0.0320035
-0.0355205
-0.0390103
-0.0424383
-0.0457721
-0.0489817
-0.0520396
-0.0549208
-0.0576027
-0.0600651
-0.0622903
-0.0642625
-0.065968
-0.0673952
-0.0685338
-0.069375
-0.0699114
-0.0701361
-0.070043
-0.0696258
-0.0688783
-0.0677946
-0.0663655
-0.06458
-0.062429
-0.0598927
-0.0569509
-0.0535777
-0.0497395
-0.0453938
-0.0404875
-0.0349543
-0.0287123
-0.0216608
-0.0136767
-0.00461038
0.00571895
0.0175289
0.0310803
0.0466853
0.064717
0.0856224
0.10994
0.138323
0.171562
0.210589
0.256435
0.310017
0.371383
0.438055
0.51296
-0.141981
-0.0983631
-0.0711773
-0.0555764
-0.0446742
-0.0361347
-0.0291842
-0.023354
-0.0183487
-0.0140263
-0.0103292
-0.00723258
-0.00472323
-0.00279165
-0.0014277
-0.000617832
-0.000343952
-0.000583174
-0.00130809
-0.00248729
-0.00408591
-0.00606631
-0.00838868
-0.0110117
-0.0138929
-0.0169896
-0.0202591
-0.023659
-0.0271481
-0.0306863
-0.0342352
-0.0377581
-0.0412204
-0.0445898
-0.0478363
-0.0509323
-0.0538527
-0.0565748
-0.0590781
-0.0613448
-0.0633588
-0.0651062
-0.0665751
-0.067755
-0.0686369
-0.0692129
-0.069476
-0.0694198
-0.0690375
-0.0683205
-0.0672647
-0.0658608
-0.064098
-0.0619622
-0.0594353
-0.0564959
-0.0531167
-0.0492625
-0.044889
-0.039941
-0.0343497
-0.0280302
-0.0208782
-0.0127663
-0.00353926
0.0069908
0.0190513
0.0329174
0.0489228
0.0674756
0.0890818
0.114385
0.14423
0.179789
0.222755
0.27571
0.342494
0.428764
0.542254
0.695538
-0.27531
-0.11439
-0.0563361
-0.0399668
-0.0312259
-0.0244445
-0.0192569
-0.0150921
-0.0114719
-0.00823355
-0.00537373
-0.0029243
-0.000916162
0.000625895
0.00168512
0.00225421
0.00233539
0.00193949
0.00108477
-0.00020433
-0.00189825
-0.00396339
-0.006363
-0.00905803
-0.0120079
-0.0151711
-0.0185059
-0.0219706
-0.0255245
-0.0291278
-0.0327422
-0.0363311
-0.0398598
-0.0432961
-0.0466096
-0.0497728
-0.0527602
-0.0555489
-0.0581184
-0.0604503
-0.0625287
-0.0643393
-0.06587
-0.0671101
-0.0680505
-0.068683
-0.0690005
-0.0689965
-0.0686651
-0.0680017
-0.0669925
-0.0656315
-0.0639095
-0.0618123
-0.0593222
-0.0564174
-0.0530704
-0.0492462
-0.0449005
-0.0399783
-0.034411
-0.0281141
-0.0209837
-0.0128928
-0.00368675
0.00682185
0.0188604
0.0327046
0.048691
0.0672344
0.088856
0.114232
0.144277
0.180326
0.224478
0.280539
0.355925
0.467234
0.643738
0.925395
)
;

boundaryField
{
    movingWall
    {
        type            zeroGradient;
    }
    fixedWalls
    {
        type            zeroGradient;
    }
    frontAndBack
    {
        type            empty;
    }
}


// ************************************************************************* //
