/*--------------------------------*- C++ -*----------------------------------*\
  =========                 |
  \\      /  F ield         | OpenFOAM: The Open Source CFD Toolbox
   \\    /   O peration     | Website:  https://openfoam.org
    \\  /    A nd           | Version:  7
     \\/     M anipulation  |
\*---------------------------------------------------------------------------*/
FoamFile
{
    version     2.0;
    format      ascii;
    class       volScalarField;
    location    "1.125";
    object      p;
}
// * * * * * * * * * * * * * * * * * * * * * * * * * * * * * * * * * * * * * //

dimensions      [0 2 -2 0 0 0 0];

internalField   nonuniform List<scalar> 
6400
(
2.6426e-06
1.0012e-06
-0.000111613
-0.000331447
-0.000632103
-0.000989713
-0.00138315
-0.00179408
-0.00220711
-0.00260961
-0.00299125
-0.0033437
-0.00366026
-0.00393565
-0.00416574
-0.00434736
-0.00447817
-0.00455651
-0.00458126
-0.0045518
-0.0044679
-0.00432966
-0.00413748
-0.00389203
-0.00359419
-0.00324506
-0.00284595
-0.00239837
-0.00190403
-0.00136482
-0.000782881
-0.000160545
0.000499618
0.0011948
0.00192195
0.00267777
0.0034587
0.00426093
0.00508039
0.00591279
0.00675358
0.00759801
0.00844115
0.0092779
0.010103
0.0109112
0.0116971
0.0124554
0.0131807
0.013868
0.0145121
0.0151084
0.0156524
0.01614
0.0165676
0.016932
0.0172308
0.0174619
0.0176241
0.0177169
0.0177404
0.0176959
0.0175851
0.017411
0.0171773
0.0168886
0.0165508
0.0161705
0.0157554
0.0153145
0.0148578
0.0143967
0.0139437
0.0135131
0.0131203
0.0127824
0.0125169
0.012341
0.0122703
0.0122939
7.89506e-06
4.81528e-06
-9.51261e-05
-0.000281804
-0.00053366
-0.000833605
-0.00116558
-0.00151477
-0.00186815
-0.00221457
-0.00254467
-0.00285066
-0.00312615
-0.00336595
-0.00356594
-0.00372287
-0.00383423
-0.00389821
-0.00391349
-0.00387926
-0.0037951
-0.00366091
-0.00347692
-0.00324362
-0.00296173
-0.0026322
-0.00225619
-0.00183507
-0.00137041
-0.000863986
-0.000317776
0.00026602
0.000884985
0.00153647
0.00221761
0.00292528
0.00365614
0.00440661
0.00517288
0.0059509
0.00673644
0.00752507
0.00831219
0.00909306
0.00986283
0.0106166
0.0113494
0.0120563
0.0127325
0.0133732
0.0139738
0.0145301
0.0150379
0.0154937
0.0158942
0.0162365
0.0165185
0.0167385
0.0168954
0.0169889
0.0170194
0.0169881
0.0168968
0.0167484
0.0165465
0.0162955
0.0160009
0.0156689
0.0153069
0.014923
0.0145264
0.0141273
0.0137369
0.0133673
0.0130317
0.0127434
0.0125155
0.0123604
0.0122934
0.0123174
0.000121313
0.000104961
4.57559e-06
-0.000167721
-0.000393802
-0.000660122
-0.000953821
-0.00126264
-0.0015755
-0.00188268
-0.00217583
-0.00244785
-0.0026928
-0.00290578
-0.0030828
-0.00322069
-0.00331695
-0.00336971
-0.00337758
-0.00333965
-0.00325537
-0.00312455
-0.00294729
-0.00272395
-0.00245512
-0.00214165
-0.00178457
-0.00138512
-0.000944755
-0.000465127
5.19096e-05
0.000604289
0.00118973
0.00180575
0.00244961
0.00311838
0.00380889
0.00451776
0.00524138
0.00597595
0.00671746
0.00746175
0.00820448
0.0089412
0.00966736
0.0103783
0.0110695
0.0117363
0.0123741
0.0129786
0.0135454
0.0140707
0.0145506
0.0149818
0.0153613
0.0156865
0.0159555
0.0161667
0.0163193
0.0164131
0.0164486
0.0164268
0.0163498
0.0162202
0.0160415
0.015818
0.0155548
0.0152578
0.0149337
0.0145902
0.0142357
0.0138793
0.0135311
0.0132015
0.0129019
0.0126435
0.0124369
0.0122923
0.0122259
0.0122472
0.00034228
0.000292318
0.000176076
2.60609e-06
-0.000214933
-0.000465231
-0.000737523
-0.00102156
-0.00130796
-0.00158832
-0.00185531
-0.00210259
-0.00232479
-0.00251742
-0.00267678
-0.00279986
-0.00288428
-0.00292821
-0.00293029
-0.00288958
-0.00280548
-0.00267774
-0.00250638
-0.00229167
-0.00203412
-0.00173447
-0.00139364
-0.00101279
-0.000593231
-0.000136514
0.000355631
0.000881265
0.00143824
0.00202421
0.0026366
0.00327263
0.00392929
0.00460338
0.00529148
0.00598998
0.00669508
0.00740283
0.00810911
0.00880971
0.00950031
0.0101765
0.010834
0.0114684
0.0120753
0.0126507
0.0131906
0.013691
0.0141486
0.0145602
0.014923
0.0152345
0.0154931
0.0156972
0.0158461
0.0159398
0.0159785
0.0159637
0.015897
0.0157812
0.0156194
0.0154159
0.0151754
0.0149034
0.0146063
0.014291
0.0139653
0.0136375
0.0133164
0.0130115
0.0127324
0.0124891
0.0122907
0.0121464
0.0120706
0.0120732
0.000646533
0.000546538
0.000402224
0.000217034
-2.49154e-06
-0.000247025
-0.000507554
-0.000775674
-0.00104357
-0.00130413
-0.00155104
-0.00177879
-0.00198264
-0.00215857
-0.00230324
-0.00241391
-0.00248837
-0.00252491
-0.00252224
-0.00247943
-0.00239589
-0.00227133
-0.00210573
-0.0018993
-0.00165247
-0.00136588
-0.00104037
-0.000676972
-0.00027692
0.000158373
0.000627296
0.00112804
0.00165859
0.00221674
0.00280008
0.00340596
0.00403155
0.00467382
0.00532953
0.00599525
0.00666737
0.00734214
0.00801564
0.00868385
0.00934268
0.00998796
0.0106155
0.0112212
0.0118009
0.0123507
0.0128668
0.0133456
0.0137837
0.0141781
0.0145262
0.0148258
0.0150751
0.0152728
0.0154183
0.0155114
0.0155526
0.0155431
0.0154846
0.0153796
0.0152313
0.0150436
0.0148209
0.0145684
0.014292
0.013998
0.0136936
0.0133861
0.0130837
0.0127944
0.0125269
0.0122896
0.0120906
0.011938
0.0118423
0.0118103
0.00101192
0.000851691
0.000670357
0.000465036
0.000234947
-1.23244e-05
-0.000269255
-0.000529107
-0.000785518
-0.00103259
-0.00126503
-0.00147813
-0.00166782
-0.0018306
-0.00196355
-0.00206423
-0.00213068
-0.00216134
-0.00215502
-0.00211089
-0.00202837
-0.00190719
-0.00174727
-0.0015488
-0.00131214
-0.00103787
-0.000726723
-0.000379647
2.24075e-06
0.000417639
0.000865057
0.00134282
0.00184905
0.00238167
0.00293842
0.00351682
0.0041142
0.00472767
0.00535417
0.00599043
0.00663304
0.0072784
0.00792278
0.00856236
0.00919319
0.00981131
0.0104127
0.0109934
0.0115495
0.0120772
0.0125728
0.0130328
0.0134542
0.0138339
0.0141695
0.0144588
0.0147001
0.0148922
0.0150345
0.0151267
0.0151695
0.0151639
0.0151115
0.0150148
0.0148766
0.0147007
0.0144913
0.0142531
0.0139916
0.0137126
0.0134225
0.0131282
0.0128366
0.0125552
0.0122911
0.0120518
0.0118444
0.011676
0.011552
0.0114745
0.00141893
0.0011928
0.000968369
0.000736429
0.000488851
0.000231767
-2.85306e-05
-0.000286787
-0.000537962
-0.000777285
-0.0010004
-0.00120343
-0.00138296
-0.00153605
-0.0016602
-0.00175332
-0.00181373
-0.00184007
-0.00183131
-0.00178669
-0.00170572
-0.00158812
-0.00143385
-0.00124305
-0.00101604
-0.000753318
-0.000455564
-0.00012362
0.000241496
0.000638595
0.00106631
0.00152308
0.00200718
0.00251667
0.00304942
0.00360311
0.00417521
0.004763
0.00536356
0.0059738
0.00659045
0.00721007
0.00782909
0.00844384
0.00905053
0.00964533
0.0102244
0.0107839
0.0113199
0.011829
0.0123074
0.0127518
0.0131592
0.0135268
0.0138519
0.0141327
0.0143673
0.0145546
0.014694
0.0147853
0.014829
0.0148259
0.0147778
0.0146868
0.0145557
0.014388
0.0141875
0.0139587
0.0137067
0.0134367
0.0131547
0.0128667
0.0125791
0.0122983
0.0120306
0.0117824
0.0115599
0.0113694
0.0112106
0.0110809
0.00185054
0.00155585
0.0012845
0.00102128
0.000750984
0.000478575
0.000209336
-5.27843e-05
-0.000303934
-0.000540369
-0.000758635
-0.000955617
-0.00112856
-0.00127507
-0.0013931
-0.00148094
-0.00153718
-0.00156071
-0.00155066
-0.0015064
-0.00142752
-0.0013138
-0.00116519
-0.000981836
-0.000764015
-0.000512177
-0.000226926
9.09789e-05
0.00044062
0.000820914
0.00123061
0.00166828
0.00213233
0.00262094
0.00313213
0.00366373
0.00421335
0.00477841
0.00535614
0.0059436
0.00653765
0.00713499
0.00773221
0.00832573
0.00891192
0.00948705
0.0100474
0.0105892
0.0111087
0.0116024
0.0120668
0.0124986
0.0128947
0.0132525
0.0135693
0.0138432
0.0140725
0.014256
0.0143929
0.0144832
0.0145271
0.0145256
0.0144801
0.0143927
0.014266
0.0141032
0.0139079
0.0136842
0.0134369
0.0131709
0.0128914
0.0126039
0.0123142
0.0120278
0.0117505
0.0114875
0.0112445
0.0110269
0.0108291
0.0106433
0.00229221
0.00192827
0.00160784
0.00131015
0.00101334
0.000721418
0.000438868
0.000168496
-8.6905e-05
-0.000324523
-0.000541732
-0.000736145
-0.000905636
-0.00104835
-0.00116269
-0.00124732
-0.00130114
-0.00132328
-0.00131306
-0.00127
-0.00119378
-0.00108424
-0.000941364
-0.000765285
-0.000556269
-0.000314715
-4.11629e-05
0.000263709
0.000599076
0.000963961
0.00135723
0.00177757
0.00222351
0.00269338
0.00318533
0.00369732
0.0042271
0.00477222
0.00533007
0.00589781
0.00647245
0.00705081
0.00762958
0.0082053
0.00877444
0.00933336
0.0098784
0.0104059
0.0109122
0.0113938
0.0118471
0.0122691
0.0126566
0.0130069
0.0133175
0.0135862
0.0138116
0.0139922
0.0141273
0.0142166
0.0142605
0.0142596
0.0142155
0.0141298
0.0140052
0.0138445
0.0136511
0.0134289
0.0131822
0.0129155
0.0126337
0.0123418
0.0120448
0.0117478
0.0114557
0.0111731
0.0109052
0.0106569
0.010417
0.0101733
0.00273165
0.00229895
0.00192845
0.00159427
0.00126825
0.000953692
0.000654453
0.000372342
0.000109211
-0.000132967
-0.000352324
-0.000547153
-0.000715924
-0.000857297
-0.000970121
-0.00105343
-0.00110644
-0.00112852
-0.00111921
-0.00107815
-0.00100514
-0.000900102
-0.000763052
-0.00059413
-0.000393583
-0.000161774
0.000100818
0.00039359
0.000715808
0.0010666
0.00144493
0.00184962
0.00227931
0.00273247
0.00320738
0.00370212
0.00421458
0.00474245
0.00528322
0.00583418
0.00639246
0.00695497
0.00751852
0.00807973
0.00863513
0.00918117
0.00971423
0.0102307
0.0107269
0.0111995
0.0116448
0.0120597
0.0124412
0.0127864
0.0130927
0.0133582
0.013581
0.0137598
0.0138937
0.0139825
0.0140261
0.0140254
0.0139815
0.0138962
0.0137717
0.0136107
0.0134164
0.0131925
0.0129428
0.0126716
0.0123833
0.0120825
0.0117739
0.0114619
0.0111508
0.0108447
0.0105485
0.0102665
0.00998268
0.00968053
0.00315834
0.00265806
0.00223733
0.00186546
0.00150842
0.00116899
0.000850506
0.00055393
0.000280282
3.07804e-05
-0.000193397
-0.000391172
-0.000561574
-0.000703754
-0.000816988
-0.000900675
-0.000954331
-0.000977581
-0.000970151
-0.00093186
-0.000862614
-0.000762401
-0.00063129
-0.000469432
-0.000277064
-5.45132e-05
0.000197798
0.000479338
0.000789458
0.00112738
0.00149219
0.00188282
0.00229803
0.00273642
0.00319638
0.00367613
0.00417368
0.00468684
0.00521322
0.00575021
0.00629505
0.00684475
0.00739617
0.00794602
0.00849089
0.00902727
0.00955157
0.0100602
0.0105495
0.011016
0.0114562
0.0118669
0.0122449
0.0125873
0.0128916
0.0131556
0.0133774
0.0135556
0.0136893
0.0137779
0.0138215
0.0138206
0.0137762
0.01369
0.0135641
0.0134008
0.0132033
0.0129748
0.012719
0.01244
0.0121417
0.0118284
0.0115043
0.0111736
0.01084
0.0105072
0.0101798
0.00986215
0.0095333
0.00917281
0.00356317
0.00299689
0.00252629
0.00211618
0.00172701
0.00136113
0.00102153
0.000708408
0.000422048
0.000162997
-6.81983e-05
-0.000271036
-0.000445068
-0.000589906
-0.000705233
-0.000790796
-0.000846407
-0.000871936
-0.000867309
-0.000832497
-0.000767524
-0.000672456
-0.000547408
-0.000392548
-0.000208104
5.6302e-06
0.000248283
0.000519394
0.000818399
0.00114462
0.00149724
0.00187531
0.00227771
0.00270314
0.00315015
0.00361706
0.004102
0.0046029
0.00511746
0.0056432
0.0061774
0.00671719
0.00725947
0.00780103
0.00833848
0.00886832
0.00938699
0.00989088
0.0103764
0.0108398
0.0112778
0.011687
0.0120641
0.0124062
0.0127106
0.0129751
0.0131976
0.0133766
0.013511
0.0136002
0.013644
0.0136429
0.0135977
0.0135098
0.0133811
0.013214
0.0130113
0.012776
0.0125116
0.0122218
0.0119104
0.0115814
0.0112387
0.0108861
0.0105272
0.0101649
0.00980427
0.00944929
0.00907472
0.0086564
0.00393817
0.00330765
0.0027879
0.00233946
0.00191753
0.0015242
0.00116215
0.000830935
0.000530173
0.000259808
1.98164e-05
-0.000189831
-0.00036917
-0.000518244
-0.000637117
-0.00072587
-0.000784596
-0.000813403
-0.000812406
-0.000781731
-0.00072151
-0.000631891
-0.000513034
-0.000365125
-0.000188381
1.69341e-05
0.0002505
0.000511925
0.000800729
0.00111632
0.00145801
0.00182493
0.0022161
0.00263033
0.00306628
0.0035224
0.00399693
0.0044879
0.00499312
0.00551018
0.00603647
0.00656915
0.00710521
0.00764144
0.00817448
0.00870086
0.00921699
0.00971922
0.0102039
0.0106673
0.011106
0.0115164
0.0118953
0.0122396
0.0125465
0.0128135
0.0130385
0.0132199
0.0133563
0.0134469
0.0134916
0.0134905
0.0134442
0.0133542
0.0132219
0.0130498
0.0128402
0.0125962
0.0123209
0.012018
0.011691
0.0113436
0.0109796
0.0106025
0.0102156
0.0098218
0.00942604
0.00903251
0.00861181
0.00813625
0.00427623
0.00358331
0.00301535
0.0025288
0.00207391
0.00165253
0.00126715
0.000916719
0.000600285
0.000317238
6.70332e-05
-0.000150845
-0.000336879
-0.000491516
-0.000615179
-0.000708259
-0.000771118
-0.000804088
-0.000807467
-0.000781524
-0.000726501
-0.000642617
-0.000530079
-0.000389087
-0.000219849
-2.25946e-05
0.000202406
0.00045483
0.000734279
0.00104026
0.00137218
0.00172929
0.00211071
0.00251539
0.00294209
0.00338937
0.00385558
0.00433886
0.00483711
0.005348
0.00586898
0.00639729
0.00692993
0.00746373
0.00799535
0.00852127
0.00903789
0.00954152
0.0100284
0.0104948
0.0109371
0.0113517
0.0117351
0.0120842
0.0123959
0.0126677
0.0128972
0.0130826
0.0132225
0.0133158
0.0133621
0.0133615
0.0133144
0.013222
0.0130857
0.0129075
0.0126899
0.0124357
0.0121478
0.0118298
0.0114849
0.0111169
0.0107292
0.0103253
0.00990838
0.00948117
0.0090488
0.00861571
0.00814853
0.00761628
0.00457095
0.00381748
0.00320236
0.00267816
0.00219037
0.00174069
0.00133143
0.000961037
0.00062801
0.000331246
6.97242e-05
-0.000157521
-0.000351384
-0.000512689
-0.00064219
-0.000740572
-0.000808447
-0.000846359
-0.000854777
-0.000834105
-0.000784686
-0.000706808
-0.000600715
-0.00046662
-0.000304719
-0.000115207
0.0001017
0.000345749
0.000616624
0.00091393
0.00123717
0.00158571
0.00195879
0.00235547
0.00277462
0.00321492
0.00367482
0.00415255
0.0046461
0.00515323
0.00567144
0.00619801
0.00672999
0.0072642
0.0077973
0.00832576
0.0088459
0.00935397
0.00984615
0.0103186
0.0107675
0.0111891
0.0115799
0.0119364
0.0122556
0.0125345
0.0127708
0.0129622
0.0131072
0.0132046
0.0132537
0.0132543
0.0132069
0.0131122
0.0129716
0.0127869
0.0125605
0.0122948
0.011993
0.0116582
0.0112937
0.010903
0.0104897
0.0100571
0.00960829
0.00914602
0.00867573
0.00820213
0.00768812
0.0070995
0.00481645
0.00400423
0.00334311
0.00278186
0.00226147
0.00178347
0.00135008
0.000959249
0.000608996
0.00029776
2.40811e-05
-0.000213421
-0.000416024
-0.000584902
-0.000721118
-0.000825629
-0.000899283
-0.000942817
-0.000956861
-0.000941945
-0.000898502
-0.000826881
-0.000727359
-0.000600155
-0.000445449
-0.0002634
-5.41643e-05
0.000182075
0.000445089
0.000734579
0.00105015
0.00139129
0.00175734
0.00214747
0.00256068
0.00299575
0.00345124
0.00392547
0.00441652
0.00492221
0.0054401
0.00596751
0.00650151
0.00703893
0.00757639
0.00811033
0.00863702
0.0091526
0.00965315
0.0101347
0.0105933
0.011025
0.0114261
0.011793
0.0121223
0.0124109
0.0126563
0.0128559
0.013008
0.0131112
0.0131644
0.0131675
0.0131204
0.0130239
0.0128791
0.0126877
0.0124519
0.0121741
0.0118572
0.0115042
0.0111186
0.0107038
0.0102631
0.0098001
0.00931778
0.00881899
0.00830953
0.00779452
0.00723321
0.00658829
0.0050073
0.00413809
0.00343212
0.00283456
0.002282
0.00177588
0.00131831
0.000906802
0.000538925
0.000212695
-7.37578e-05
-0.000322198
-0.000534261
-0.000711442
-0.000855097
-0.000966435
-0.00104652
-0.00109627
-0.00111646
-0.00110773
-0.0010706
-0.00100548
-0.000912653
-0.000792352
-0.00064473
-0.000469903
-0.00026797
-3.90359e-05
0.000216759
0.000499216
0.000808046
0.00114285
0.00150308
0.00188804
0.00229682
0.00272832
0.00318121
0.00365389
0.00414453
0.00465101
0.00517096
0.00570172
0.00624037
0.00678374
0.00732842
0.0078708
0.00840705
0.00893324
0.00944529
0.0099391
0.0104105
0.0108555
0.01127
0.0116502
0.0119926
0.0122938
0.0125508
0.0127611
0.0129226
0.0130334
0.0130925
0.0130994
0.0130537
0.0129562
0.0128077
0.0126098
0.0123644
0.0120739
0.0117411
0.0113691
0.0109612
0.0105207
0.0100513
0.00955637
0.00903908
0.0085024
0.00795259
0.00739521
0.00678595
0.00608444
0.00513839
0.00421387
0.00346425
0.00283118
0.00224701
0.0017131
0.00123148
0.000799235
0.000413528
7.19706e-05
-0.000227686
-0.000487569
-0.000709646
-0.000895715
-0.0010474
-0.00116615
-0.00125321
-0.00130969
-0.00133648
-0.00133434
-0.00130384
-0.00124544
-0.00115945
-0.00104608
-0.000905464
-0.000737666
-0.000542721
-0.000320653
-7.1509e-05
0.000204614
0.00050754
0.000836983
0.00119252
0.00157356
0.00197932
0.00240882
0.0028608
0.0033338
0.00382603
0.00433547
0.00485977
0.00539632
0.0059422
0.00649424
0.00704897
0.00760272
0.00815159
0.0086915
0.00921827
0.00972759
0.0102151
0.0106766
0.0111078
0.0115046
0.0118632
0.0121799
0.0124515
0.0126752
0.0128484
0.0129692
0.0130362
0.0130486
0.0130059
0.0129084
0.012757
0.0125529
0.0122981
0.0119948
0.0116457
0.0112539
0.0108227
0.0103556
0.00985608
0.0093279
0.00877428
0.0081984
0.00760701
0.00700621
0.00634816
0.0055894
0.00520491
0.0042267
0.00343461
0.00276687
0.00215173
0.00159048
0.00108506
0.000632178
0.000228586
-0.000128474
-0.000441612
-0.000713294
-0.000945802
-0.00114122
-0.00130141
-0.00142805
-0.00152257
-0.00158623
-0.00162003
-0.00162483
-0.00160126
-0.0015498
-0.00147079
-0.00136441
-0.00123075
-0.00106984
-0.00088163
-0.000666059
-0.000423078
-0.000152674
0.000145091
0.00047005
0.000821904
0.00120019
0.00160423
0.00203317
0.00248586
0.00296092
0.00345666
0.00397112
0.004502
0.00504672
0.00560236
0.00616573
0.00673333
0.0073014
0.00786596
0.00842279
0.00896753
0.00949571
0.0100028
0.0104842
0.0109355
0.0113523
0.0117304
0.0120659
0.0123553
0.0125953
0.0127831
0.0129165
0.0129938
0.0130137
0.0129757
0.0128798
0.0127265
0.0125172
0.0122534
0.0119374
0.0115719
0.0111598
0.0107046
0.0102098
0.00967923
0.00911658
0.00852536
0.00790897
0.00727473
0.00662933
0.00592137
0.0051043
0.00520222
0.0041719
0.00333851
0.00263699
0.00199159
0.00140353
0.000874665
0.000401348
-2.00585e-05
-0.000392672
-0.000719443
-0.00100316
-0.0012464
-0.00145151
-0.0016206
-0.00175553
-0.00185792
-0.00192914
-0.00197033
-0.0019824
-0.00196604
-0.00192176
-0.00184988
-0.00175057
-0.00162388
-0.00146977
-0.0012881
-0.00107873
-0.000841511
-0.000576306
-0.000283059
3.81891e-05
0.000387267
0.000763834
0.00116736
0.00159707
0.00205196
0.00253073
0.0030318
0.00355325
0.00409285
0.00464805
0.00521593
0.00579328
0.00637655
0.0069619
0.00754523
0.0081222
0.00868828
0.00923877
0.0097689
0.0102739
0.0107489
0.0111893
0.0115906
0.0119484
0.012259
0.0125186
0.0127242
0.0128731
0.0129633
0.0129933
0.0129621
0.0128696
0.012716
0.0125025
0.0122306
0.0119024
0.0115205
0.011088
0.0106084
0.0100852
0.00952252
0.00892428
0.00829421
0.00763599
0.00695756
0.00626622
0.00550698
0.00463012
0.00512589
0.00404498
0.00317147
0.00243706
0.00176215
0.00114787
0.000596007
0.000102552
-0.000336504
-0.00072462
-0.00106507
-0.00136097
-0.00161515
-0.00183022
-0.00200851
-0.00215207
-0.00226267
-0.00234181
-0.00239072
-0.00241037
-0.00240151
-0.00236464
-0.00230008
-0.00220797
-0.00208829
-0.00194094
-0.00176571
-0.00156233
-0.00133056
-0.00107013
-0.000780864
-0.000462668
-0.000115579
0.0002602
0.000664263
0.00109598
0.00155444
0.00203846
0.00254655
0.00307688
0.00362726
0.00419517
0.00477771
0.00537164
0.00597336
0.00657895
0.0071842
0.0077846
0.00837544
0.00895182
0.00950869
0.010041
0.0105436
0.0110114
0.0114397
0.0118238
0.0121593
0.0124422
0.012669
0.0128368
0.012943
0.0129858
0.012964
0.0128771
0.0127251
0.012509
0.0122301
0.0118904
0.0114926
0.0110398
0.0105354
0.00998336
0.00938778
0.00875292
0.00808278
0.00738135
0.00665727
0.00591848
0.00510629
0.00416776
0.00497163
0.00384161
0.00292915
0.00216277
0.00145912
0.000819263
0.000244907
-0.000268319
-0.000724781
-0.00112827
-0.00148238
-0.0017905
-0.00205576
-0.00228099
-0.00246872
-0.00262119
-0.0027403
-0.00282768
-0.00288463
-0.00291218
-0.0029111
-0.0028819
-0.00282487
-0.00274011
-0.00262756
-0.00248701
-0.00231817
-0.00212067
-0.00189413
-0.00163816
-0.00135246
-0.00103677
-0.000691009
-0.000315224
9.03177e-05
0.000525116
0.000988397
0.00147909
0.0019958
0.00253677
0.00309989
0.00368267
0.00428222
0.00489529
0.00551822
0.00614703
0.00677734
0.00740453
0.00802366
0.00862961
0.00921705
0.0097806
0.0103148
0.0108143
0.0112737
0.0116881
0.0120526
0.0123629
0.0126149
0.0128052
0.0129309
0.0129898
0.0129804
0.0129017
0.0127536
0.0125367
0.0122523
0.0119023
0.0114893
0.0110164
0.0104874
0.00990605
0.00927689
0.00860445
0.00789303
0.00714699
0.00637567
0.00558773
0.00472066
0.00371812
0.00473528
0.00355761
0.00260734
0.00180993
0.00107836
0.000413595
-0.000182711
-0.00071529
-0.00118886
-0.00160752
-0.00197519
-0.00229554
-0.00257195
-0.00280747
-0.00300485
-0.00316647
-0.00329437
-0.00339028
-0.00345557
-0.00349133
-0.00349833
-0.00347707
-0.00342783
-0.00335064
-0.00324538
-0.00311174
-0.00294934
-0.00275768
-0.00253626
-0.00228456
-0.00200212
-0.00168854
-0.00134357
-0.000967124
-0.000559306
-0.000120474
0.000348735
0.000847376
0.00137416
0.00192743
0.00250515
0.00310487
0.00372372
0.00435843
0.00500531
0.00566028
0.00631885
0.00697623
0.00762727
0.00826659
0.0088886
0.00948757
0.0100577
0.0105931
0.0110882
0.0115374
0.0119354
0.0122774
0.0125588
0.0127758
0.012925
0.0130037
0.01301
0.0129426
0.012801
0.0125857
0.0122977
0.0119389
0.0115118
0.0110195
0.0104659
0.00985518
0.00919189
0.00848097
0.00772707
0.00693493
0.00611467
0.00527569
0.00435149
0.0032822
0.00441277
0.00318891
0.00220198
0.00137447
0.000615802
-7.31528e-05
-0.00069083
-0.0012423
-0.00173262
-0.00216623
-0.00254732
-0.00287983
-0.00316742
-0.00341334
-0.00362051
-0.00379149
-0.00392843
-0.00403315
-0.0041071
-0.00415137
-0.00416676
-0.00415376
-0.0041126
-0.00404325
-0.0039455
-0.00381897
-0.00366314
-0.00347741
-0.00326112
-0.00301361
-0.00273425
-0.00242251
-0.00207796
-0.00170033
-0.00128959
-0.000845934
-0.000369838
0.000137884
0.000676069
0.00124317
0.00183722
0.00245583
0.00309618
0.00375498
0.0044285
0.00511257
0.00580261
0.00649362
0.00718027
0.00785691
0.00851764
0.00915637
0.00976689
0.010343
0.0108784
0.0113672
0.0118036
0.0121821
0.0124978
0.0127461
0.0129231
0.0130258
0.0130517
0.0129991
0.0128673
0.0126563
0.0123671
0.0120012
0.0115614
0.0110507
0.010473
0.00983281
0.00913497
0.00838475
0.00758716
0.00674739
0.00587635
0.00498423
0.00400036
0.00286115
0.00400016
0.00273155
0.00170912
0.000852463
6.7532e-05
-0.000644891
-0.00128333
-0.0018532
-0.00235989
-0.00280816
-0.00320248
-0.00354708
-0.00384583
-0.00410221
-0.00431931
-0.00449984
-0.00464606
-0.00475987
-0.00484276
-0.00489588
-0.00492001
-0.00491561
-0.00488286
-0.00482168
-0.00473176
-0.0046126
-0.00446358
-0.00428396
-0.00407292
-0.00382965
-0.00355335
-0.00324332
-0.00289895
-0.00251981
-0.00210566
-0.00165654
-0.00117276
-0.000654984
-0.00010423
0.000478072
0.00109006
0.00172942
0.00239336
0.00307861
0.0037814
0.0044975
0.0052222
0.00595034
0.00667638
0.00739438
0.00809813
0.00878117
0.00943687
0.0100585
0.0106395
0.0111731
0.0116531
0.0120734
0.0124284
0.012713
0.0129229
0.0130542
0.0131041
0.0130705
0.0129521
0.0127486
0.0124609
0.0120904
0.0116395
0.0111116
0.0105106
0.0098412
0.00910854
0.00831826
0.00747581
0.00658679
0.00566301
0.00471548
0.00366908
0.00245636
0.0034936
0.00218169
0.00112492
0.000240066
-0.000570275
-0.00130542
-0.001964
-0.00255175
-0.00307441
-0.00353703
-0.00394438
-0.00430094
-0.00461081
-0.00487769
-0.00510483
-0.00529507
-0.00545079
-0.00557396
-0.00566612
-0.00572843
-0.00576166
-0.00576624
-0.0057423
-0.00568967
-0.00560796
-0.00549654
-0.00535467
-0.00518144
-0.0049759
-0.00473706
-0.00446394
-0.00415566
-0.0038114
-0.00343055
-0.00301269
-0.00255766
-0.00206558
-0.00153695
-0.000972629
-0.000373907
0.000257472
0.000919283
0.00160879
0.00232276
0.00305739
0.00380839
0.00457094
0.00533973
0.00610898
0.0068725
0.00762373
0.00835582
0.00906171
0.00973418
0.010366
0.01095
0.0114793
0.0119471
0.0123472
0.0126738
0.0129219
0.0130871
0.013166
0.0131558
0.0130551
0.012863
0.01258
0.0122075
0.0117479
0.0112044
0.010581
0.00988284
0.00911525
0.00828427
0.00739578
0.00645588
0.00547726
0.00447183
0.00335978
0.00206953
0.00288935
0.00153559
0.000445653
-0.000466443
-0.00130134
-0.00205846
-0.00273653
-0.00334163
-0.00387983
-0.00435647
-0.00477661
-0.00514499
-0.00546593
-0.00574332
-0.00598059
-0.0061807
-0.00634614
-0.00647894
-0.00658069
-0.00665254
-0.00669527
-0.00670925
-0.00669456
-0.00665094
-0.00657789
-0.00647467
-0.00634037
-0.00617396
-0.0059743
-0.00574021
-0.00547055
-0.0051642
-0.00482017
-0.00443762
-0.00401592
-0.0035547
-0.0030539
-0.00251381
-0.00193511
-0.00131893
-0.000666879
1.89321e-05
0.000735852
0.00148067
0.00224962
0.00303834
0.0038419
0.00465486
0.00547121
0.00628448
0.00708778
0.00787386
0.00863516
0.00936396
0.0100524
0.0106928
0.0112774
0.0117989
0.0122503
0.0126251
0.0129174
0.0131224
0.0132358
0.0132544
0.013176
0.0129996
0.0127253
0.012354
0.0118882
0.011331
0.0106868
0.00996051
0.00915806
0.00828585
0.0073502
0.00635771
0.00532205
0.00425606
0.00307494
0.00170272
0.00218377
0.000789636
-0.000332309
-0.00127068
-0.00212926
-0.0029076
-0.00360452
-0.00422642
-0.00477971
-0.00527003
-0.00570271
-0.00608273
-0.00641466
-0.00670257
-0.00695004
-0.00716017
-0.00733554
-0.00747824
-0.0075899
-0.00767167
-0.00772432
-0.00774817
-0.00774322
-0.00770912
-0.00764526
-0.00755078
-0.0074246
-0.00726554
-0.00707226
-0.00684341
-0.00657762
-0.00627357
-0.00593005
-0.00554599
-0.00512053
-0.00465307
-0.00414332
-0.00359137
-0.00299768
-0.00236321
-0.00168939
-0.000978208
-0.000232204
0.00054548
0.00135109
0.00218024
0.00302794
0.00388856
0.00475592
0.00562326
0.00648334
0.00732849
0.00815068
0.00894162
0.00969286
0.0103959
0.0110425
0.0116243
0.0121337
0.0125634
0.0129067
0.0131579
0.013312
0.0133652
0.0133147
0.0131589
0.0128975
0.0125314
0.0120625
0.0114941
0.0108306
0.0100773
0.00924031
0.00832646
0.00734257
0.00629578
0.00520078
0.00407139
0.00281748
0.00135845
0.00137334
-5.96933e-05
-0.00121247
-0.00217614
-0.00305755
-0.00385634
-0.00457145
-0.0052096
-0.00577753
-0.00628116
-0.0067261
-0.00711759
-0.0074604
-0.0077588
-0.00801654
-0.00823681
-0.00842231
-0.00857518
-0.00869708
-0.00878917
-0.00885218
-0.00888639
-0.00889172
-0.00886772
-0.00881366
-0.00872854
-0.00861113
-0.00846005
-0.0082738
-0.00805081
-0.00778948
-0.00748828
-0.00714573
-0.00676054
-0.0063316
-0.00585805
-0.00533936
-0.00477536
-0.00416631
-0.00351292
-0.00281646
-0.00207874
-0.00130216
-0.000489778
0.000354701
0.00122689
0.00212174
0.0030335
0.00395577
0.00488153
0.00580321
0.00671269
0.00760144
0.00846058
0.00928102
0.0100536
0.010769
0.0114184
0.0119932
0.0124851
0.0128866
0.0131911
0.0133929
0.0134873
0.0134708
0.0133413
0.0130979
0.0127412
0.0122729
0.0116963
0.0110157
0.0102367
0.00936569
0.00840999
0.00737688
0.00627407
0.00511733
0.00392152
0.00259085
0.00103974
0.000454665
-0.00101579
-0.00219821
-0.00318623
-0.00408959
-0.00490807
-0.00564071
-0.00629456
-0.00687665
-0.00739321
-0.00785012
-0.00825287
-0.00860644
-0.00891529
-0.00918332
-0.00941385
-0.00960966
-0.00977296
-0.00990542
-0.0100082
-0.0100821
-0.0101271
-0.0101433
-0.0101301
-0.0100865
-0.0100114
-0.00990352
-0.0097612
-0.00958274
-0.00936637
-0.00911026
-0.00881261
-0.0084717
-0.00808598
-0.00765404
-0.00717477
-0.00664737
-0.00607138
-0.00544682
-0.00477415
-0.00405441
-0.00328919
-0.00248076
-0.00163204
-0.000746662
0.00017103
0.00111593
0.0020822
0.00306326
0.00405183
0.00503998
0.00601917
0.00698034
0.00791402
0.00881042
0.00965955
0.0104514
0.0111761
0.0118241
0.0123862
0.0128539
0.0132197
0.0134767
0.0136196
0.0136441
0.0135472
0.0133276
0.0129853
0.012522
0.0119406
0.0112455
0.0104425
0.00953838
0.00854081
0.00745761
0.00629708
0.00507615
0.00381076
0.00239907
0.000750245
-0.000575524
-0.00208191
-0.00329282
-0.00430422
-0.00522868
-0.00606609
-0.0068156
-0.00748456
-0.00808034
-0.00860944
-0.00907801
-0.00949178
-0.00985595
-0.0101752
-0.0104535
-0.0106944
-0.0109006
-0.0110746
-0.0112179
-0.0113318
-0.0114169
-0.0114734
-0.0115011
-0.0114992
-0.0114668
-0.0114026
-0.0113051
-0.0111724
-0.0110026
-0.0107938
-0.0105438
-0.0102506
-0.00991216
-0.00952669
-0.00909248
-0.0086081
-0.00807245
-0.00748479
-0.00684483
-0.00615275
-0.00540934
-0.00461595
-0.00377464
-0.00288817
-0.00196005
-0.000994582
3.13366e-06
0.00102718
0.00207083
0.00312656
0.00418609
0.00524047
0.00628011
0.0072949
0.00827431
0.00920756
0.0100837
0.010892
0.0116217
0.0122626
0.0128052
0.0132408
0.0135616
0.0137611
0.0138342
0.0137771
0.0135878
0.0132658
0.0128124
0.0122302
0.0115239
0.0106991
0.00976305
0.00872386
0.00758986
0.00636996
0.00508232
0.00374406
0.00224685
0.000494249
-0.00172035
-0.0032612
-0.00449943
-0.00553328
-0.00647799
-0.00733358
-0.00809929
-0.00878279
-0.00939176
-0.00993297
-0.0104129
-0.0108374
-0.011212
-0.0115414
-0.01183
-0.0120812
-0.0122981
-0.0124829
-0.0126374
-0.0127628
-0.0128596
-0.0129281
-0.0129678
-0.012978
-0.0129576
-0.0129051
-0.0128188
-0.0126967
-0.0125366
-0.0123363
-0.0120935
-0.0118058
-0.0114709
-0.0110867
-0.0106512
-0.0101625
-0.00961936
-0.00902059
-0.0083656
-0.00765427
-0.00688708
-0.00606512
-0.00519015
-0.00426477
-0.00329233
-0.00227703
-0.00122392
-0.000138982
0.000970946
0.00209812
0.00323396
0.00436907
0.00549333
0.00659598
0.00766575
0.008691
0.00965984
0.0105604
0.0113809
0.01211
0.0127369
0.0132517
0.0136456
0.0139107
0.014041
0.0140317
0.0138801
0.013585
0.0131471
0.0125691
0.0118552
0.0110113
0.010045
0.00896468
0.00777935
0.00649854
0.00514167
0.00372712
0.00213964
0.000276819
-0.0029828
-0.00455666
-0.00582109
-0.00687646
-0.00784059
-0.0087136
-0.00949486
-0.0101923
-0.010814
-0.0113668
-0.0118577
-0.0122926
-0.0126773
-0.0130169
-0.0133156
-0.0135772
-0.0138046
-0.0140005
-0.0141664
-0.0143035
-0.0144125
-0.0144934
-0.0145458
-0.0145688
-0.0145612
-0.0145213
-0.0144472
-0.0143367
-0.0141874
-0.0139969
-0.0137624
-0.0134815
-0.0131513
-0.0127696
-0.0123339
-0.0118421
-0.0112923
-0.0106833
-0.010014
-0.00928382
-0.00849302
-0.00764232
-0.00673327
-0.00576813
-0.00475006
-0.00368312
-0.00257228
-0.00142353
-0.000243779
0.000959034
0.00217603
0.00339741
0.00461253
0.00580997
0.0069777
0.00810315
0.00917345
0.0101756
0.0110966
0.0119238
0.0126452
0.0132495
0.0137265
0.0140672
0.0142642
0.0143118
0.0142061
0.0139454
0.0135297
0.0129612
0.0122442
0.0113846
0.01039
0.00926951
0.00803258
0.00668941
0.00526081
0.00376646
0.00208373
0.000103865
-0.00436568
-0.00597116
-0.00726069
-0.00833669
-0.00931944
-0.0102092
-0.0110053
-0.0117161
-0.0123499
-0.0129139
-0.0134152
-0.0138602
-0.0142548
-0.0146042
-0.0149128
-0.0151846
-0.0154227
-0.0156296
-0.015807
-0.0159562
-0.0160777
-0.0161715
-0.0162372
-0.0162737
-0.0162796
-0.0162532
-0.0161923
-0.0160945
-0.0159573
-0.0157777
-0.015553
-0.0152801
-0.0149562
-0.0145783
-0.0141438
-0.0136501
-0.0130951
-0.0124769
-0.0117941
-0.0110459
-0.010232
-0.00935282
-0.0084095
-0.00740404
-0.00633934
-0.00521924
-0.00404861
-0.00283336
-0.00158046
-0.000297982
0.00100493
0.00231809
0.00363035
0.00492962
0.00620308
0.00743724
0.00861816
0.00973163
0.0107634
0.0116995
0.0125263
0.0132312
0.0138023
0.0142294
0.0145036
0.0146181
0.0145677
0.0143498
0.0139638
0.0134113
0.0126964
0.0118248
0.0108047
0.00964537
0.00835684
0.00695005
0.00544725
0.00386953
0.00208636
-1.77574e-05
-0.00587166
-0.00750741
-0.00882101
-0.00991681
-0.0109174
-0.0118231
-0.0126335
-0.013357
-0.0140024
-0.0145771
-0.0150883
-0.0155429
-0.0159469
-0.0163057
-0.016624
-0.0169058
-0.0171543
-0.0173722
-0.0175612
-0.0177226
-0.0178568
-0.017964
-0.0180434
-0.018094
-0.0181143
-0.0181023
-0.0180556
-0.0179718
-0.0178477
-0.0176805
-0.017467
-0.0172037
-0.0168874
-0.016515
-0.0160832
-0.0155893
-0.0150304
-0.0144045
-0.0137095
-0.0129444
-0.0121082
-0.011201
-0.0102236
-0.00917764
-0.00806564
-0.00689122
-0.00565903
-0.00437489
-0.00304576
-0.00167981
-0.000286386
0.00112397
0.0025396
0.00394781
0.00533493
0.00668655
0.00798761
0.00922264
0.010376
0.0114323
0.0123763
0.0131936
0.013871
0.0143963
0.0147594
0.0149517
0.014967
0.0148014
0.0144536
0.0139244
0.0132176
0.0123389
0.0112965
0.0101001
0.00876036
0.0072889
0.00570952
0.00404481
0.0021558
-8.01378e-05
-0.00750321
-0.00916802
-0.0105047
-0.0116196
-0.0126373
-0.0135583
-0.0143822
-0.0151179
-0.0157741
-0.0163589
-0.0168795
-0.0173431
-0.017756
-0.0181237
-0.0184512
-0.0187426
-0.0190013
-0.01923
-0.0194305
-0.019604
-0.0197512
-0.0198719
-0.0199655
-0.0200309
-0.0200662
-0.0200694
-0.020038
-0.0199691
-0.0198596
-0.0197062
-0.0195053
-0.0192532
-0.0189464
-0.0185811
-0.0181539
-0.0176614
-0.0171005
-0.0164684
-0.0157628
-0.014982
-0.0141247
-0.0131905
-0.0121796
-0.0110932
-0.00993365
-0.00870409
-0.00740895
-0.00605387
-0.00464574
-0.00319276
-0.00170446
-0.000191659
0.00133351
0.00285772
0.00436654
0.00584454
0.00727555
0.00864278
0.00992915
0.0111176
0.0121912
0.0131338
0.0139303
0.0145669
0.0150314
0.0153139
0.0154064
0.0153039
0.0150037
0.0145063
0.0138146
0.0129343
0.0118735
0.0106425
0.00925234
0.00771544
0.00605725
0.00430191
0.0023015
-7.41986e-05
-0.00926267
-0.0109554
-0.0123144
-0.0134476
-0.0144818
-0.0154174
-0.0162543
-0.0170014
-0.0176679
-0.0182619
-0.0187913
-0.0192631
-0.0196842
-0.0200602
-0.0203962
-0.0206967
-0.0209651
-0.0212041
-0.0214158
-0.0216014
-0.0217614
-0.0218959
-0.0220039
-0.0220844
-0.0221353
-0.0221546
-0.0221394
-0.0220866
-0.0219929
-0.0218547
-0.021668
-0.0214288
-0.0211332
-0.020777
-0.0203563
-0.0198672
-0.0193061
-0.0186699
-0.0179555
-0.0171607
-0.0162838
-0.0153237
-0.0142802
-0.0131541
-0.011947
-0.0106619
-0.00930284
-0.00787516
-0.00638562
-0.0048424
-0.00325512
-0.00163487
5.82887e-06
0.00165305
0.00329157
0.00490502
0.00647602
0.00798643
0.00941763
0.0107508
0.0119673
0.0130489
0.0139786
0.0147403
0.0153202
0.0157061
0.0158887
0.0158611
0.0156195
0.0151633
0.0144948
0.0136193
0.012545
0.0112824
0.00984312
0.00824037
0.00650129
0.00465172
0.00253419
1.04322e-05
-0.0111522
-0.012872
-0.0142526
-0.0154035
-0.0164535
-0.0174032
-0.0182523
-0.0190101
-0.0196861
-0.0202886
-0.0208258
-0.0213051
-0.0217334
-0.0221168
-0.0224606
-0.0227693
-0.0230466
-0.0232954
-0.0235177
-0.0237149
-0.0238876
-0.0240356
-0.0241582
-0.0242541
-0.0243212
-0.0243571
-0.0243589
-0.0243233
-0.0242467
-0.024125
-0.0239541
-0.0237296
-0.0234471
-0.023102
-0.0226898
-0.0222063
-0.0216473
-0.021009
-0.0202879
-0.0194811
-0.0185864
-0.017602
-0.0165273
-0.0153623
-0.0141083
-0.0127677
-0.011344
-0.00984252
-0.00826958
-0.0066333
-0.00494331
-0.00321088
-0.0014489
0.000328164
0.00210435
0.00386232
0.0055835
0.00724836
0.00883666
0.0103278
0.011701
0.0129362
0.0140139
0.014916
0.0156262
0.0161304
0.016417
0.0164776
0.0163067
0.0159025
0.0152664
0.0144033
0.0133211
0.0120308
0.0105443
0.00887566
0.00705385
0.00510651
0.002866
0.00018556
-0.0131738
-0.01492
-0.0163217
-0.0174898
-0.0185551
-0.0195183
-0.020379
-0.0211468
-0.0218313
-0.0224415
-0.0229854
-0.0234711
-0.0239055
-0.0242951
-0.0246454
-0.0249613
-0.0252464
-0.025504
-0.0257362
-0.0259443
-0.0261291
-0.0262904
-0.0264274
-0.0265387
-0.0266222
-0.0266752
-0.0266948
-0.0266773
-0.0266189
-0.0265152
-0.0263616
-0.0261535
-0.025886
-0.025554
-0.0251526
-0.0246769
-0.0241223
-0.0234843
-0.0227588
-0.0219424
-0.021032
-0.0200253
-0.018921
-0.0177185
-0.0164185
-0.0150228
-0.0135345
-0.0119584
-0.0103005
-0.00856878
-0.00677277
-0.00492383
-0.00303514
-0.00112164
0.000800008
0.00271151
0.00459314
0.00642392
0.00818193
0.00984463
0.0113893
0.0127933
0.014035
0.0150936
0.0159505
0.0165889
0.0169952
0.0171586
0.0170719
0.0167318
0.0161387
0.0152966
0.0142133
0.0128999
0.0113688
0.00963473
0.00772867
0.00568012
0.00331067
0.000464577
-0.0153294
-0.0171016
-0.018524
-0.019709
-0.0207893
-0.0217654
-0.022637
-0.0234139
-0.0241061
-0.0247227
-0.0252722
-0.0257627
-0.0262019
-0.0265962
-0.0269516
-0.0272731
-0.0275648
-0.0278298
-0.0280706
-0.0282887
-0.0284847
-0.0286586
-0.0288095
-0.028936
-0.0290359
-0.0291064
-0.0291442
-0.0291456
-0.0291063
-0.0290218
-0.0288872
-0.0286972
-0.0284465
-0.0281297
-0.0277413
-0.0272759
-0.0267281
-0.026093
-0.0253657
-0.0245421
-0.0236184
-0.0225917
-0.0214598
-0.0202216
-0.018877
-0.0174271
-0.0158746
-0.0142236
-0.0124797
-0.0106507
-0.00874582
-0.0067765
-0.00475606
-0.00269988
-0.000625236
0.00144868
0.00350097
0.00550923
0.00744982
0.00929822
0.0110294
0.0126185
0.0140409
0.0152735
0.0162944
0.0170846
0.0176274
0.0179097
0.0179224
0.0176601
0.0171218
0.0163107
0.0152343
0.0139034
0.012331
0.0105326
0.00854112
0.0063881
0.00388367
0.000862625
-0.0176207
-0.019419
-0.0208621
-0.0220639
-0.0231588
-0.0241473
-0.0250291
-0.0258143
-0.026513
-0.0271345
-0.027688
-0.0281818
-0.0286239
-0.0290211
-0.0293796
-0.0297049
-0.0300012
-0.030272
-0.0305198
-0.0307463
-0.0309523
-0.0311377
-0.0313017
-0.0314429
-0.0315588
-0.0316467
-0.031703
-0.0317238
-0.0317046
-0.0316404
-0.0315259
-0.0313557
-0.0311238
-0.0308243
-0.0304512
-0.0299985
-0.0294601
-0.0288305
-0.0281041
-0.027276
-0.0263418
-0.0252976
-0.0241406
-0.0228688
-0.0214814
-0.0199787
-0.0183628
-0.0166371
-0.0148069
-0.0128791
-0.0108631
-0.00877002
-0.0066133
-0.00440861
-0.00217379
7.11414e-05
0.00230418
0.00450148
0.00663766
0.00868616
0.0106196
0.0124105
0.0140315
0.0154563
0.0166602
0.0176208
0.0183186
0.0187377
0.0188663
0.018697
0.0182271
0.0174586
0.0163981
0.0150565
0.0134471
0.0115861
0.00950845
0.00724789
0.0046024
0.00139679
-0.0200494
-0.0218742
-0.0233383
-0.024557
-0.0256665
-0.026667
-0.0275582
-0.0283505
-0.0290543
-0.0296794
-0.0302349
-0.0307299
-0.0311726
-0.0315703
-0.0319296
-0.0322562
-0.0325548
-0.032829
-0.0330817
-0.0333147
-0.0335289
-0.0337243
-0.0339002
-0.034055
-0.0341864
-0.0342913
-0.0343661
-0.0344065
-0.0344079
-0.0343649
-0.0342718
-0.0341228
-0.0339114
-0.0336312
-0.0332757
-0.032838
-0.0323118
-0.0316904
-0.0309678
-0.0301381
-0.0291962
-0.0281375
-0.026958
-0.0256551
-0.0242271
-0.0226736
-0.0209956
-0.019196
-0.0172793
-0.0152522
-0.0131233
-0.0109036
-0.00860663
-0.00624813
-0.00384641
-0.00142222
0.00100138
0.00339915
0.00574398
0.00800721
0.0101591
0.0121692
0.0140073
0.0156438
0.0170506
0.0182018
0.0190747
0.01965
0.019913
0.0198537
0.0194673
0.0187543
0.0177205
0.0163763
0.0147351
0.0128139
0.0106499
0.00827903
0.00548637
0.00208629
-0.0226173
-0.0244696
-0.0259555
-0.0271914
-0.0283154
-0.0293274
-0.0302274
-0.0310257
-0.031733
-0.0323594
-0.0329148
-0.0334084
-0.0338489
-0.0342442
-0.0346013
-0.0349262
-0.035224
-0.0354989
-0.0357537
-0.0359906
-0.0362106
-0.036414
-0.0366
-0.0367671
-0.0369127
-0.0370339
-0.0371267
-0.0371867
-0.037209
-0.0371878
-0.0371171
-0.0369905
-0.0368013
-0.0365423
-0.0362064
-0.0357863
-0.0352747
-0.0346644
-0.0339485
-0.0331203
-0.0321738
-0.0311035
-0.0299046
-0.0285734
-0.0271074
-0.0255052
-0.023767
-0.0218947
-0.0198923
-0.0177655
-0.0155227
-0.0131743
-0.0107337
-0.00821666
-0.00564186
-0.00303065
-0.00040706
0.00220237
0.0047688
0.00726145
0.00964805
0.0118954
0.0139699
0.0158385
0.0174695
0.018833
0.0199026
0.0206553
0.0210729
0.0211425
0.0208566
0.0202139
0.0192189
0.0178814
0.016215
0.014237
0.011987
0.00950339
0.0065575
0.00295274
-0.0253262
-0.0272076
-0.0287163
-0.0299701
-0.0311088
-0.0321322
-0.03304
-0.0338428
-0.0345517
-0.0351772
-0.0357296
-0.0362186
-0.0366536
-0.0370428
-0.037394
-0.0377135
-0.0380069
-0.0382787
-0.0385322
-0.0387698
-0.0389928
-0.0392015
-0.0393952
-0.0395725
-0.0397308
-0.0398669
-0.0399769
-0.0400561
-0.0400991
-0.0400999
-0.0400523
-0.0399492
-0.0397835
-0.0395474
-0.0392332
-0.0388329
-0.0383385
-0.037742
-0.0370357
-0.0362122
-0.0352642
-0.0341856
-0.0329704
-0.0316141
-0.030113
-0.0284647
-0.0266685
-0.0247255
-0.0226384
-0.0204125
-0.0180551
-0.0155766
-0.0129896
-0.01031
-0.00755663
-0.00475123
-0.00191869
0.000913184
0.00371393
0.00645066
0.00908855
0.0115914
0.0139223
0.0160444
0.0179218
0.0195208
0.0208103
0.0217633
0.0223577
0.022577
0.0224107
0.021855
0.0209127
0.019593
0.017909
0.0158787
0.0135439
0.0109454
0.00784028
0.00402033
-0.0281778
-0.0300909
-0.0316242
-0.0328969
-0.0340506
-0.0350851
-0.0359997
-0.0368054
-0.0375136
-0.0381353
-0.0386812
-0.0391619
-0.0395871
-0.039966
-0.0403066
-0.0406161
-0.0409005
-0.0411649
-0.0414128
-0.0416471
-0.0418694
-0.04208
-0.0422785
-0.0424633
-0.0426321
-0.0427815
-0.0429073
-0.0430046
-0.0430678
-0.0430907
-0.0430664
-0.0429876
-0.0428464
-0.0426347
-0.0423439
-0.0419656
-0.0414908
-0.0409108
-0.040217
-0.0394011
-0.038455
-0.0373713
-0.0361432
-0.034765
-0.0332319
-0.0315406
-0.0296891
-0.0276774
-0.0255074
-0.0231833
-0.0207118
-0.0181022
-0.0153669
-0.0125214
-0.00958458
-0.00657848
-0.00352868
-0.000464063
0.00258334
0.0055786
0.00848434
0.0112613
0.013869
0.0162667
0.0184142
0.0202729
0.0218072
0.0229855
0.0237809
0.0241727
0.0241471
0.0236972
0.0228237
0.0215344
0.019842
0.0177649
0.0153473
0.0126324
0.00936212
0.00531619
-0.0311744
-0.0331225
-0.0346827
-0.0359757
-0.0371452
-0.0381904
-0.0391108
-0.0399173
-0.040622
-0.0412364
-0.0417718
-0.0422394
-0.0426499
-0.043013
-0.0433376
-0.0436316
-0.0439016
-0.0441531
-0.0443904
-0.0446165
-0.0448334
-0.0450418
-0.0452413
-0.0454305
-0.0456069
-0.045767
-0.0459067
-0.0460208
-0.0461033
-0.0461477
-0.0461467
-0.0460924
-0.0459765
-0.0457903
-0.0455245
-0.0451699
-0.044717
-0.044156
-0.0434775
-0.0426722
-0.0417311
-0.0406456
-0.039408
-0.0380113
-0.0364497
-0.0347185
-0.0328147
-0.030737
-0.0284863
-0.0260655
-0.0234805
-0.0207397
-0.0178549
-0.014841
-0.0117167
-0.00850413
-0.00522944
-0.00192242
0.00138346
0.00465136
0.00784137
0.0109111
0.0138166
0.0165127
0.0189546
0.0210988
0.0229045
0.0243346
0.0253573
0.025947
0.0260855
0.0257623
0.0249756
0.0237314
0.0220416
0.0199247
0.0174271
0.0145948
0.0111536
0.00687064
-0.0343185
-0.036306
-0.0378964
-0.0392115
-0.0403976
-0.0414534
-0.0423781
-0.0431832
-0.043881
-0.0444837
-0.0450035
-0.0454525
-0.0458421
-0.046183
-0.0464851
-0.0467569
-0.0470058
-0.0472381
-0.0474585
-0.0476707
-0.0478768
-0.0480779
-0.0482739
-0.0484633
-0.0486437
-0.0488117
-0.0489627
-0.0490915
-0.0491918
-0.0492567
-0.0492783
-0.0492485
-0.0491584
-0.0489984
-0.0487589
-0.0484297
-0.0480004
-0.0474607
-0.0468001
-0.0460082
-0.0450751
-0.0439911
-0.0427473
-0.0413356
-0.0397488
-0.0379812
-0.0360283
-0.0338876
-0.0315587
-0.0290434
-0.0263462
-0.0234748
-0.0204398
-0.0172557
-0.0139406
-0.0105167
-0.00701035
-0.00345201
0.000123564
0.0036777
0.00716809
0.0105493
0.0137735
0.0167914
0.0195532
0.0220099
0.0241151
0.0258257
0.0271041
0.0279192
0.0282477
0.0280748
0.0273954
0.0262131
0.0245386
0.0223902
0.0198167
0.0168668
0.0132491
0.00871758
-0.0376132
-0.039646
-0.0412704
-0.0426101
-0.0438138
-0.0448799
-0.0458074
-0.0466081
-0.0472949
-0.0478808
-0.0483789
-0.0488024
-0.0491638
-0.0494749
-0.0497465
-0.0499882
-0.0502083
-0.0504137
-0.0506099
-0.0508012
-0.0509901
-0.051178
-0.0513649
-0.0515497
-0.0517299
-0.0519019
-0.0520612
-0.052202
-0.052318
-0.0524018
-0.0524452
-0.0524393
-0.0523748
-0.0522415
-0.052029
-0.0517263
-0.0513224
-0.0508059
-0.0501653
-0.0493895
-0.0484672
-0.0473878
-0.0461411
-0.0447177
-0.0431093
-0.0413086
-0.03931
-0.0371095
-0.0347052
-0.0320978
-0.0292904
-0.0262894
-0.0231045
-0.0197491
-0.0162409
-0.0126015
-0.00885743
-0.00503968
-0.00118398
0.00266939
0.00647583
0.0101869
0.0137511
0.0171145
0.0202223
0.0230198
0.0254541
0.0274758
0.0290406
0.0301112
0.0306581
0.0306618
0.0301127
0.0290115
0.0273672
0.0251975
0.0225533
0.0194861
0.0156865
0.0108949
-0.0410622
-0.0431476
-0.0448111
-0.0461783
-0.0474011
-0.0484772
-0.0494055
-0.0501981
-0.0508689
-0.0514317
-0.0519009
-0.0522907
-0.0526152
-0.0528873
-0.053119
-0.0533212
-0.0535032
-0.0536727
-0.0538363
-0.0539984
-0.0541625
-0.0543302
-0.0545018
-0.0546762
-0.054851
-0.0550226
-0.0551862
-0.0553359
-0.0554649
-0.0555655
-0.055629
-0.0556461
-0.0556066
-0.0554999
-0.0553148
-0.0550395
-0.0546622
-0.0541704
-0.0535519
-0.0527943
-0.0518854
-0.0508133
-0.0495667
-0.0481349
-0.0465081
-0.0446778
-0.0426368
-0.0403798
-0.0379033
-0.0352065
-0.0322911
-0.0291622
-0.025828
-0.0223011
-0.018598
-0.01474
-0.0107532
-0.00666881
-0.00252337
0.00164148
0.00577905
0.00983806
0.0137633
0.0174963
0.0209769
0.0241443
0.026939
0.0293043
0.0311886
0.0325473
0.0333442
0.0335534
0.0331605
0.0321624
0.0305655
0.0283864
0.0256783
0.0224953
0.0185087
0.0134447
-0.0446705
-0.0468176
-0.0485264
-0.0499248
-0.0511682
-0.0522539
-0.0531804
-0.0539606
-0.0546091
-0.0551412
-0.0555725
-0.0559189
-0.0561959
-0.0564181
-0.056599
-0.0567507
-0.0568837
-0.057007
-0.0571278
-0.0572516
-0.0573821
-0.0575215
-0.0576703
-0.0578276
-0.0579911
-0.058157
-0.0583203
-0.058475
-0.0586138
-0.0587286
-0.0588101
-0.0588486
-0.0588332
-0.0587525
-0.0585947
-0.0583471
-0.057997
-0.0575312
-0.0569362
-0.0561987
-0.0553053
-0.0542431
-0.0529993
-0.0515619
-0.0499199
-0.0480632
-0.0459832
-0.0436729
-0.0411273
-0.0383441
-0.0353233
-0.0320683
-0.0285862
-0.024888
-0.0209892
-0.0169101
-0.0126763
-0.00831905
-0.00387517
0.000612576
0.00509567
0.00952018
0.0138273
0.0179541
0.0218349
0.0254025
0.0285902
0.0313335
0.0335728
0.035255
0.0363362
0.0367833
0.0365757
0.0357055
0.0341758
0.0320018
0.0292381
0.0259415
0.0217632
0.0164144
-0.0484441
-0.0506643
-0.0524259
-0.0538598
-0.0551257
-0.0562202
-0.0571418
-0.057904
-0.0585227
-0.0590147
-0.0593975
-0.0596887
-0.0599059
-0.0600653
-0.0601823
-0.0602706
-0.0603422
-0.0604072
-0.0604737
-0.0605483
-0.0606352
-0.060737
-0.0608547
-0.0609874
-0.0611327
-0.0612869
-0.0614447
-0.0615998
-0.0617445
-0.0618702
-0.0619672
-0.0620249
-0.062032
-0.0619764
-0.0618452
-0.0616252
-0.0613027
-0.0608633
-0.0602929
-0.0595769
-0.0587008
-0.0576503
-0.0564116
-0.0549713
-0.0533168
-0.0514366
-0.0493206
-0.0469601
-0.0443486
-0.0414819
-0.0383583
-0.0349797
-0.0313513
-0.0274826
-0.0233878
-0.019086
-0.0146019
-0.00996628
-0.00521615
-0.000394973
0.00444725
0.00925422
0.0139637
0.0185085
0.0228172
0.0268161
0.0304309
0.0335887
0.0362207
0.0382649
0.0396681
0.0403889
0.0403991
0.0396852
0.0382457
0.0360934
0.0332843
0.0298778
0.0255033
0.0198564
-0.0523911
-0.054698
-0.0565217
-0.0579961
-0.0592866
-0.0603888
-0.0613013
-0.0620385
-0.0626181
-0.0630588
-0.0633801
-0.0636022
-0.0637447
-0.0638262
-0.0638642
-0.0638742
-0.0638698
-0.0638625
-0.0638618
-0.0638748
-0.0639067
-0.0639606
-0.0640377
-0.0641371
-0.0642567
-0.0643924
-0.0645388
-0.0646891
-0.0648352
-0.064968
-0.0650772
-0.0651517
-0.0651792
-0.0651471
-0.0650415
-0.0648485
-0.0645532
-0.0641406
-0.0635952
-0.0629015
-0.0620437
-0.0610066
-0.0597747
-0.0583335
-0.0566688
-0.0547677
-0.0526184
-0.0502106
-0.047536
-0.0445886
-0.0413649
-0.037865
-0.0340922
-0.0300542
-0.0257636
-0.021238
-0.016501
-0.0115825
-0.00651927
-0.00135501
0.00385914
0.00906484
0.0141968
0.0191836
0.0239483
0.0284105
0.0324878
0.0360985
0.0391638
0.0416113
0.0433778
0.0444118
0.0446765
0.0441508
0.0428278
0.0407169
0.0378748
0.0343631
0.0297883
0.0238298
-0.0565216
-0.0589318
-0.0608286
-0.0623494
-0.0636665
-0.0647748
-0.0656727
-0.0663764
-0.0669054
-0.067281
-0.0675254
-0.0676615
-0.0677119
-0.0676978
-0.0676391
-0.0675534
-0.0674564
-0.0673611
-0.0672782
-0.0672159
-0.0671801
-0.0671745
-0.0672003
-0.0672571
-0.0673424
-0.0674521
-0.0675805
-0.0677202
-0.0678628
-0.0679984
-0.0681162
-0.0682043
-0.0682498
-0.0682391
-0.0681576
-0.0679903
-0.0677215
-0.0673352
-0.0668148
-0.0661436
-0.0653049
-0.0642819
-0.0630581
-0.0616174
-0.0599443
-0.0580243
-0.0558439
-0.0533912
-0.050656
-0.0476304
-0.0443092
-0.0406902
-0.0367749
-0.0325691
-0.0280833
-0.0233334
-0.0183415
-0.0131363
-0.00775378
-0.00223762
0.00336043
0.00898047
0.0145545
0.0200071
0.0252562
0.0302143
0.0347911
0.0388949
0.0424367
0.0453325
0.0475074
0.0488984
0.0494584
0.0491572
0.047981
0.0459345
0.0430743
0.0394639
0.0346851
0.0284002
-0.0608485
-0.0633823
-0.065365
-0.0669392
-0.0682849
-0.0693966
-0.070273
-0.0709321
-0.0713964
-0.07169
-0.0718388
-0.0718691
-0.0718068
-0.0716763
-0.0715003
-0.0712992
-0.0710905
-0.0708893
-0.0707075
-0.0705545
-0.070437
-0.0703589
-0.0703221
-0.0703259
-0.0703677
-0.0704433
-0.0705464
-0.0706693
-0.0708028
-0.0709366
-0.0710589
-0.0711572
-0.0712176
-0.0712258
-0.0711663
-0.0710231
-0.0707796
-0.0704186
-0.0699226
-0.0692737
-0.0684539
-0.0674454
-0.0662302
-0.0647908
-0.0631104
-0.0611728
-0.058963
-0.0564671
-0.0536733
-0.0505718
-0.0471551
-0.0434191
-0.0393632
-0.0349909
-0.0303105
-0.0253361
-0.0200878
-0.0145926
-0.00888545
-0.00300933
0.00298386
0.00903316
0.0150684
0.0210105
0.0267724
0.03226
0.0373744
0.0420141
0.0460784
0.0494709
0.0521035
0.0539002
0.0548013
0.0547659
0.0537712
0.0518159
0.0489554
0.0452546
0.0402684
0.0336415
-0.0653884
-0.06807
-0.0701542
-0.0717892
-0.0731653
-0.0742765
-0.0751221
-0.075723
-0.076105
-0.0762963
-0.0763269
-0.0762276
-0.0760283
-0.0757572
-0.0754404
-0.075101
-0.0747593
-0.074432
-0.0741327
-0.073872
-0.0736572
-0.0734928
-0.0733807
-0.0733203
-0.073309
-0.0733417
-0.0734119
-0.0735112
-0.0736299
-0.0737566
-0.0738791
-0.0739836
-0.0740558
-0.07408
-0.0740401
-0.0739189
-0.0736988
-0.0733617
-0.0728888
-0.0722613
-0.0714599
-0.0704654
-0.0692586
-0.0678208
-0.0661334
-0.0641789
-0.0619405
-0.0594027
-0.0565517
-0.0533756
-0.0498651
-0.0460138
-0.0418187
-0.0372811
-0.0324069
-0.0272078
-0.0217017
-0.0159138
-0.00987707
-0.00363353
0.00276542
0.00925835
0.0157735
0.0222287
0.0285322
0.0345836
0.0402753
0.0454957
0.0501318
0.0540735
0.0572179
0.0594741
0.0607678
0.0610452
0.0602722
0.0584394
0.0555999
0.051819
0.0466224
0.0396365
-0.0701626
-0.0730211
-0.0752248
-0.0769291
-0.0783369
-0.0794418
-0.0802446
-0.0807696
-0.0810475
-0.0811114
-0.0809969
-0.0807398
-0.0803749
-0.0799351
-0.0794502
-0.0789468
-0.0784477
-0.0779719
-0.0775347
-0.0771476
-0.0768187
-0.076553
-0.0763523
-0.076216
-0.076141
-0.0761218
-0.0761511
-0.0762199
-0.0763176
-0.076432
-0.0765499
-0.0766567
-0.0767369
-0.0767741
-0.0767508
-0.0766492
-0.0764504
-0.0761352
-0.0756838
-0.0750761
-0.0742917
-0.0733102
-0.0721111
-0.0706742
-0.0689796
-0.067008
-0.0647412
-0.0621618
-0.0592541
-0.0560044
-0.0524011
-0.0484355
-0.0441023
-0.0394002
-0.0343326
-0.0289086
-0.0231435
-0.01706
-0.0106892
-0.00407111
0.00274378
0.0096943
0.0167077
0.0236996
0.030574
0.0372244
0.043535
0.0493834
0.054644
0.0591918
0.0629075
0.0656833
0.0674279
0.0680715
0.0675665
0.065893
0.0631
0.0592518
0.0538424
0.0464784
-0.0751981
-0.0782684
-0.0806127
-0.0823955
-0.083835
-0.0849253
-0.0856693
-0.0860963
-0.086243
-0.0861491
-0.0858568
-0.0854084
-0.0848445
-0.0842033
-0.0835192
-0.0828225
-0.082139
-0.0814899
-0.0808922
-0.0803585
-0.0798976
-0.0795146
-0.0792114
-0.0789869
-0.0788374
-0.0787569
-0.0787373
-0.0787685
-0.078839
-0.0789356
-0.0790442
-0.079149
-0.0792335
-0.0792802
-0.0792707
-0.0791858
-0.0790058
-0.0787101
-0.078278
-0.0776882
-0.0769191
-0.0759489
-0.0747559
-0.0733186
-0.0716156
-0.0696261
-0.0673302
-0.0647088
-0.0617444
-0.058421
-0.0547251
-0.0506456
-0.0461746
-0.0413082
-0.0360472
-0.0303977
-0.0243721
-0.0179904
-0.0112808
-0.00428138
0.00295944
0.0103813
0.0179114
0.0254637
0.0329388
0.0402247
0.0471976
0.0537245
0.0596663
0.0648822
0.069235
0.0725975
0.0748587
0.0759301
0.0757471
0.0742762
0.07156
0.0676603
0.062036
0.0542726
-0.0805295
-0.0838534
-0.0863631
-0.0882338
-0.0897034
-0.0907672
-0.0914313
-0.0917319
-0.0917136
-0.0914246
-0.0909153
-0.0902357
-0.0894337
-0.0885535
-0.0876347
-0.0867118
-0.0858136
-0.0849641
-0.0841815
-0.0834796
-0.0828677
-0.0823508
-0.0819306
-0.0816054
-0.0813707
-0.0812195
-0.0811428
-0.0811294
-0.0811666
-0.0812402
-0.0813347
-0.0814334
-0.0815185
-0.0815713
-0.0815723
-0.0815012
-0.0813371
-0.0810583
-0.080643
-0.0800686
-0.0793123
-0.0783512
-0.0771623
-0.0757226
-0.0740094
-0.0720004
-0.0696739
-0.0670093
-0.0639871
-0.0605894
-0.0568003
-0.0526064
-0.0479973
-0.0429663
-0.0375112
-0.0316351
-0.0253472
-0.0186641
-0.0116112
-0.00422325
0.00345354
0.0113607
0.019426
0.0275629
0.0356695
0.0436289
0.0513099
0.058569
0.0652534
0.0712055
0.0762685
0.0802933
0.0831462
0.0847163
0.0849182
0.0837012
0.0810985
0.077167
0.0713262
0.0631389
-0.086201
-0.0898286
-0.0925321
-0.0945004
-0.0959957
-0.0970158
-0.0975722
-0.0977102
-0.0974848
-0.096955
-0.0961813
-0.0952234
-0.0941375
-0.0929751
-0.0917813
-0.0905954
-0.0894495
-0.0883699
-0.0873764
-0.0864836
-0.0857008
-0.085033
-0.0844811
-0.0840426
-0.083712
-0.0834811
-0.0833395
-0.0832748
-0.083273
-0.0833186
-0.0833946
-0.0834832
-0.0835652
-0.0836207
-0.0836291
-0.0835688
-0.0834176
-0.083153
-0.0827516
-0.0821898
-0.0814437
-0.080489
-0.0793015
-0.0778569
-0.076131
-0.0741002
-0.0717411
-0.0690313
-0.0659495
-0.0624759
-0.0585922
-0.0542827
-0.0495343
-0.0443376
-0.0386871
-0.0325826
-0.02603
-0.0190421
-0.0116406
-0.0038568
0.00426635
0.012673
0.0212928
0.0300394
0.0388095
0.0474824
0.0559203
0.0639695
0.0714635
0.0782269
0.0840817
0.0888544
0.0923853
0.0945366
0.0951976
0.0942959
0.0918509
0.087912
0.0818537
0.0732138
-0.0922688
-0.0962604
-0.0991906
-0.101265
-0.102778
-0.10373
-0.104142
-0.104071
-0.103586
-0.102759
-0.101664
-0.100372
-0.0989489
-0.0974545
-0.0959405
-0.0944507
-0.0930209
-0.0916794
-0.0904475
-0.08934
-0.0883662
-0.0875303
-0.0868323
-0.0862684
-0.0858317
-0.0855125
-0.0852989
-0.0851769
-0.0851309
-0.0851439
-0.0851976
-0.0852724
-0.0853481
-0.0854033
-0.085416
-0.0853636
-0.0852225
-0.084969
-0.0845786
-0.0840265
-0.0832875
-0.0823363
-0.0811472
-0.0796947
-0.0779533
-0.0758977
-0.0735032
-0.0707457
-0.067602
-0.0640501
-0.0600698
-0.0556427
-0.0507532
-0.0453888
-0.0395409
-0.0332057
-0.0263852
-0.0190884
-0.0113326
-0.00314505
0.0054354
0.0143565
0.0235507
0.0329332
0.0424007
0.0518297
0.0610769
0.0699792
0.0783563
0.0860146
0.0927533
0.0983718
0.10268
0.10551
0.106718
0.106206
0.103973
0.100057
0.093781
0.0846545
-0.0988054
-0.103233
-0.106428
-0.108616
-0.11013
-0.110981
-0.111199
-0.110859
-0.110048
-0.108856
-0.107371
-0.105679
-0.103857
-0.101975
-0.100089
-0.0982509
-0.0964981
-0.0948611
-0.093362
-0.0920157
-0.0908306
-0.0898099
-0.088952
-0.0882514
-0.0876994
-0.0872843
-0.0869925
-0.086808
-0.0867136
-0.0866904
-0.0867183
-0.0867766
-0.0868432
-0.0868954
-0.0869099
-0.0868626
-0.086729
-0.0864838
-0.0861015
-0.0855561
-0.0848212
-0.0838702
-0.0826764
-0.0812128
-0.0794525
-0.0773691
-0.0749361
-0.0721278
-0.0689192
-0.0652863
-0.0612067
-0.0566596
-0.0516265
-0.046092
-0.040044
-0.033475
-0.026383
-0.0187725
-0.0106561
-0.00205622
0.00699321
0.0164446
0.0262343
0.0362806
0.0464815
0.0567124
0.0668256
0.0766498
0.0859916
0.0946388
0.102366
0.108943
0.114146
0.117768
0.119631
0.119598
0.117645
0.113791
0.107297
0.0976431
-0.105904
-0.110856
-0.114357
-0.116662
-0.118154
-0.118855
-0.118814
-0.118129
-0.116909
-0.115266
-0.113309
-0.111139
-0.108848
-0.106513
-0.1042
-0.101964
-0.0998463
-0.0978787
-0.0960833
-0.0944741
-0.0930582
-0.0918369
-0.0908065
-0.0899592
-0.089284
-0.0887669
-0.088392
-0.0881412
-0.0879952
-0.0879331
-0.0879332
-0.0879728
-0.0880283
-0.0880756
-0.0880898
-0.0880456
-0.087917
-0.0876778
-0.087301
-0.0867594
-0.0860256
-0.0850718
-0.08387
-0.082392
-0.0806097
-0.078495
-0.0760202
-0.0731579
-0.0698813
-0.0661644
-0.0619826
-0.0573126
-0.0521331
-0.0464256
-0.0401746
-0.0333684
-0.0260008
-0.0180714
-0.00958755
-0.000566145
0.00896467
0.018963
0.0293707
0.0401106
0.0510834
0.0621656
0.0732069
0.0840292
0.0944268
0.104169
0.113005
0.120672
0.126907
0.13146
0.134106
0.134663
0.133075
0.129333
0.122625
0.112393
-0.113684
-0.119266
-0.123122
-0.125541
-0.126971
-0.127456
-0.127069
-0.125939
-0.124205
-0.122009
-0.119481
-0.116742
-0.113899
-0.111039
-0.108237
-0.105551
-0.103025
-0.100691
-0.0985703
-0.0966751
-0.0950102
-0.0935743
-0.0923606
-0.0913586
-0.0905542
-0.0899308
-0.0894697
-0.0891505
-0.0889512
-0.0888491
-0.0888203
-0.0888402
-0.0888837
-0.088925
-0.0889377
-0.0888951
-0.0887699
-0.0885346
-0.0881611
-0.087621
-0.0868858
-0.0859264
-0.0847136
-0.0832182
-0.0814107
-0.0792618
-0.0767421
-0.0738227
-0.0704751
-0.0666713
-0.0623844
-0.0575887
-0.0522601
-0.0463768
-0.0399196
-0.0328728
-0.0252254
-0.0169717
-0.00811342
0.001339
0.0113641
0.021927
0.0329763
0.0444412
0.0562275
0.0682146
0.080252
0.0921568
0.103713
0.114671
0.124755
0.133666
0.141097
0.146748
0.150336
0.151625
0.15051
0.146946
0.140028
0.129155
-0.122304
-0.128645
-0.132907
-0.135424
-0.136734
-0.136909
-0.136059
-0.134355
-0.131977
-0.129099
-0.125882
-0.122469
-0.11898
-0.115516
-0.112158
-0.108966
-0.105987
-0.103251
-0.100777
-0.0985745
-0.0966449
-0.0949827
-0.0935777
-0.0924155
-0.0914786
-0.090747
-0.0901989
-0.089811
-0.0895588
-0.0894172
-0.0893601
-0.0893609
-0.0893927
-0.089428
-0.089439
-0.0893974
-0.0892748
-0.0890422
-0.0886706
-0.0881303
-0.0873915
-0.0864243
-0.0851983
-0.0836831
-0.0818479
-0.079662
-0.0770949
-0.0741159
-0.0706947
-0.0668016
-0.0624074
-0.0574838
-0.0520039
-0.0459425
-0.0392766
-0.0319862
-0.0240552
-0.0154724
-0.00623295
0.00365976
0.0141921
0.0253374
0.0370528
0.0492758
0.0619198
0.0748697
0.0879776
0.101059
0.113889
0.126202
0.137695
0.148033
0.156859
0.163812
0.168542
0.17074
0.17024
0.166941
0.159825
0.148234
-0.131967
-0.139226
-0.143949
-0.146532
-0.14763
-0.147363
-0.145893
-0.143448
-0.14026
-0.136546
-0.1325
-0.128287
-0.124048
-0.119893
-0.115907
-0.112153
-0.108676
-0.105504
-0.102652
-0.100124
-0.0979171
-0.0960208
-0.09442
-0.0930956
-0.092026
-0.0911873
-0.0905541
-0.0901
-0.0897976
-0.089619
-0.089536
-0.0895199
-0.0895418
-0.0895726
-0.0895828
-0.0895429
-0.0894231
-0.0891931
-0.0888228
-0.0882814
-0.0875382
-0.0865619
-0.0853213
-0.0837846
-0.08192
-0.0796956
-0.0770794
-0.0740392
-0.0705432
-0.0665594
-0.0620566
-0.057004
-0.0513717
-0.045131
-0.0382552
-0.0307195
-0.0225024
-0.0135868
-0.0039607
0.00638049
0.017432
0.029177
0.041583
0.054598
0.0681458
0.0821203
0.0963797
0.110741
0.124975
0.138803
0.151896
0.163878
0.174339
0.182848
0.188972
0.19231
0.192612
0.1897
0.182406
0.169996
-0.142947
-0.15132
-0.156557
-0.159141
-0.159889
-0.158994
-0.156693
-0.153291
-0.149086
-0.144346
-0.139304
-0.134152
-0.129045
-0.124104
-0.119416
-0.115043
-0.111026
-0.107388
-0.104137
-0.10127
-0.0987788
-0.0966453
-0.0948486
-0.0933644
-0.092166
-0.0912249
-0.0905119
-0.0899968
-0.0896494
-0.0894389
-0.0893346
-0.0893057
-0.0893213
-0.0893507
-0.0893627
-0.0893266
-0.089211
-0.0889849
-0.0886166
-0.0880747
-0.0873271
-0.0863417
-0.0850862
-0.0835277
-0.0816335
-0.0793704
-0.0767048
-0.0736034
-0.0700325
-0.0659584
-0.0613475
-0.0561665
-0.0503826
-0.0439636
-0.0368786
-0.029098
-0.0205947
-0.0113449
-0.00132903
0.00946648
0.0210469
0.0334068
0.0465262
0.0603666
0.074865
0.0899285
0.105426
0.121182
0.136966
0.152491
0.167404
0.181291
0.193681
0.204064
0.211904
0.216686
0.218044
0.21569
0.208252
0.194899
-0.155609
-0.165338
-0.171134
-0.173604
-0.173793
-0.172008
-0.168592
-0.163952
-0.15847
-0.152475
-0.146242
-0.139991
-0.13389
-0.128063
-0.122599
-0.117554
-0.11296
-0.108831
-0.105167
-0.101956
-0.0991786
-0.0968109
-0.0948243
-0.0931879
-0.0918691
-0.0908347
-0.0900509
-0.0894838
-0.0890997
-0.088865
-0.0887465
-0.0887111
-0.0887261
-0.0887589
-0.0887772
-0.0887484
-0.0886404
-0.0884207
-0.0880569
-0.0875163
-0.0867661
-0.0857731
-0.0845041
-0.0829254
-0.0810029
-0.0787025
-0.0759894
-0.0728287
-0.0691851
-0.0650232
-0.0603071
-0.055001
-0.049069
-0.0424754
-0.0351849
-0.0271631
-0.0183769
-0.00879521
0.00160978
0.0128614
0.0249764
0.0379624
0.0518144
0.06651
0.0820041
0.098221
0.115047
0.132319
0.149815
0.167243
0.184235
0.200338
0.215019
0.227674
0.237649
0.244279
0.247043
0.245492
0.237977
0.223519
-0.170454
-0.181839
-0.188215
-0.190372
-0.189688
-0.18664
-0.181724
-0.175483
-0.1684
-0.160877
-0.153229
-0.145702
-0.138471
-0.131661
-0.125351
-0.119587
-0.114387
-0.109753
-0.105671
-0.102117
-0.0990621
-0.0964712
-0.0943075
-0.0925327
-0.0911078
-0.0899941
-0.0891529
-0.0885464
-0.0881374
-0.0878893
-0.0877664
-0.0877334
-0.0877558
-0.0877992
-0.0878299
-0.0878143
-0.0877188
-0.0875101
-0.0871548
-0.0866193
-0.08587
-0.0848729
-0.0835939
-0.0819983
-0.0800512
-0.0777173
-0.0749608
-0.0717453
-0.068034
-0.0637897
-0.0589743
-0.0535496
-0.0474765
-0.0407158
-0.0332278
-0.0249729
-0.0159118
-0.00600579
0.00478191
0.0164854
0.0291341
0.0427507
0.0573475
0.0729219
0.0894506
0.106882
0.125125
0.14404
0.163421
0.182985
0.202353
0.221041
0.238455
0.25389
0.266545
0.275569
0.28023
0.279847
0.272372
0.256605
-0.188179
-0.201594
-0.208512
-0.210019
-0.207984
-0.203145
-0.196211
-0.187902
-0.178821
-0.169445
-0.160132
-0.151139
-0.142643
-0.134755
-0.12754
-0.121022
-0.115202
-0.110061
-0.105569
-0.101687
-0.0983727
-0.095579
-0.0932595
-0.0913675
-0.0898571
-0.0886835
-0.0878033
-0.0871743
-0.0867559
-0.0865086
-0.0863941
-0.0863751
-0.0864152
-0.0864788
-0.0865305
-0.0865357
-0.0864599
-0.0862689
-0.0859283
-0.085404
-0.0846613
-0.0836659
-0.0823825
-0.080776
-0.0788104
-0.0764496
-0.0736566
-0.0703939
-0.0666231
-0.0623052
-0.0574003
-0.0518674
-0.0456647
-0.0387491
-0.0310768
-0.0226027
-0.013281
-0.00306511
0.00809128
0.0202339
0.0334062
0.0476477
0.0629907
0.079456
0.0970474
0.115743
0.135486
0.156168
0.177614
0.199563
0.221643
0.243351
0.264037
0.282891
0.298943
0.311106
0.318367
0.319702
0.312484
0.295155
-0.209783
-0.225683
-0.232984
-0.233273
-0.229161
-0.221783
-0.212138
-0.201164
-0.189603
-0.178003
-0.166749
-0.156098
-0.146209
-0.137166
-0.129004
-0.121719
-0.115283
-0.109653
-0.104776
-0.100596
-0.0970526
-0.0940877
-0.0916433
-0.0896636
-0.0880954
-0.0868877
-0.085992
-0.085362
-0.0849537
-0.0847249
-0.0846348
-0.0846443
-0.0847154
-0.0848109
-0.0848947
-0.0849309
-0.0848843
-0.0847199
-0.0844026
-0.0838977
-0.0831701
-0.0821844
-0.0809052
-0.0792965
-0.0773216
-0.0749435
-0.0721244
-0.0688254
-0.0650071
-0.0606286
-0.0556482
-0.0500224
-0.0437066
-0.0366542
-0.0288169
-0.0201443
-0.010584
-8.14553e-05
0.0114198
0.0239778
0.0376512
0.0524979
0.0685728
0.085924
0.104588
0.12458
0.145887
0.168447
0.192132
0.216725
0.241883
0.26711
0.291716
0.314793
0.335183
0.351512
0.362389
0.366297
0.359735
0.340541
-0.236747
-0.255654
-0.262934
-0.261046
-0.253755
-0.242777
-0.229497
-0.215113
-0.200505
-0.186269
-0.172793
-0.160304
-0.148918
-0.138672
-0.129554
-0.121517
-0.114496
-0.108417
-0.103202
-0.0987695
-0.0950445
-0.0919528
-0.0894253
-0.0873966
-0.0858059
-0.0845962
-0.083714
-0.0831094
-0.0827349
-0.0825458
-0.0824995
-0.082555
-0.082673
-0.0828153
-0.0829447
-0.0830246
-0.0830192
-0.0828929
-0.0826101
-0.0821357
-0.081434
-0.0804693
-0.0792057
-0.0776065
-0.0756347
-0.0732525
-0.0704211
-0.067101
-0.0632511
-0.0588296
-0.0537925
-0.0480944
-0.0416879
-0.034523
-0.0265472
-0.0177049
-0.00793719
0.00281862
0.0146292
0.0275651
0.0417012
0.0571151
0.0738867
0.0920949
0.111814
0.133105
0.156009
0.180527
0.206602
0.234086
0.262701
0.292001
0.321286
0.349581
0.37554
0.39745
0.413431
0.421259
0.416103
0.394739
-0.27136
-0.293776
-0.300124
-0.294447
-0.282302
-0.266237
-0.24812
-0.229418
-0.211117
-0.19382
-0.17786
-0.163392
-0.150452
-0.139002
-0.128963
-0.12023
-0.112693
-0.106237
-0.100753
-0.0961375
-0.0922942
-0.0891346
-0.0865772
-0.0845476
-0.0829777
-0.0818047
-0.0809709
-0.0804225
-0.0801097
-0.0799855
-0.0800056
-0.0801277
-0.0803115
-0.080518
-0.0807092
-0.0808483
-0.0808988
-0.0808248
-0.0805905
-0.0801603
-0.0794984
-0.078569
-0.0773355
-0.0757611
-0.0738083
-0.0714386
-0.0686129
-0.0652906
-0.0614299
-0.0569874
-0.0519178
-0.0461737
-0.0397051
-0.032459
-0.024379
-0.0154046
-0.00547066
0.0054933
0.0175639
0.0308245
0.045366
0.0612869
0.0786932
0.0976977
0.118417
0.140966
0.165452
0.191957
0.22052
0.2511
0.283535
0.317473
0.352295
0.387008
0.42012
0.449558
0.472839
0.486745
0.484415
0.46072
-0.317333
-0.343441
-0.346927
-0.334751
-0.315228
-0.292028
-0.267543
-0.243466
-0.220796
-0.200042
-0.181403
-0.164895
-0.150424
-0.137843
-0.126981
-0.117663
-0.10972
-0.102994
-0.0973418
-0.0926341
-0.0887549
-0.0856006
-0.0830786
-0.0811058
-0.0796077
-0.0785167
-0.0777711
-0.0773147
-0.0770954
-0.0770647
-0.077177
-0.0773893
-0.0776607
-0.0779516
-0.0782237
-0.07844
-0.0785638
-0.0785592
-0.0783901
-0.078021
-0.077416
-0.076539
-0.0753535
-0.0738225
-0.0719081
-0.0695717
-0.0667735
-0.0634725
-0.059626
-0.0551897
-0.050117
-0.0443588
-0.0378631
-0.0305743
-0.0224324
-0.0133727
-0.00332445
0.00779007
0.0200568
0.0335711
0.0484395
0.064781
0.0827285
0.10243
0.124047
0.147756
0.17374
0.202181
0.233241
0.267031
0.303564
0.342678
0.383929
0.426441
0.468698
0.508307
0.542116
0.565584
0.568798
0.543201
-0.381058
-0.409813
-0.406427
-0.383233
-0.352598
-0.319521
-0.286824
-0.256236
-0.228576
-0.20409
-0.182716
-0.164241
-0.148382
-0.134844
-0.123342
-0.113614
-0.105428
-0.0985792
-0.0928898
-0.0882051
-0.0843906
-0.0813295
-0.0789193
-0.07707
-0.0757018
-0.0747436
-0.0741312
-0.0738065
-0.0737161
-0.0738107
-0.0740442
-0.0743732
-0.0747566
-0.0751548
-0.0755296
-0.0758439
-0.0760613
-0.0761457
-0.0760617
-0.0757734
-0.0752453
-0.0744413
-0.073325
-0.0718593
-0.0700065
-0.0677276
-0.0649828
-0.0617305
-0.0579278
-0.0535296
-0.0484883
-0.0427537
-0.0362722
-0.028986
-0.0208326
-0.0117435
-0.00164343
0.00955148
0.0219352
0.0356137
0.0507078
0.0673555
0.085715
0.105969
0.128325
0.153023
0.180331
0.210544
0.243975
0.280934
0.321681
0.366356
0.414854
0.466621
0.520414
0.573672
0.622706
0.661369
0.675398
0.650168
-0.474192
-0.500783
-0.48227
-0.440635
-0.393556
-0.347148
-0.304218
-0.266097
-0.23306
-0.204831
-0.180914
-0.160755
-0.143821
-0.129633
-0.117772
-0.107887
-0.0996783
-0.0928967
-0.0873325
-0.0828093
-0.0791777
-0.0763105
-0.0740985
-0.0724469
-0.0712729
-0.0705035
-0.0700733
-0.0699236
-0.0700008
-0.0702554
-0.0706418
-0.0711166
-0.0716392
-0.0721703
-0.0726721
-0.073108
-0.0734419
-0.0736382
-0.0736617
-0.073477
-0.0730489
-0.0723417
-0.071319
-0.0699442
-0.0681794
-0.0659861
-0.0633243
-0.0601524
-0.0564273
-0.0521035
-0.0471331
-0.0414651
-0.0350449
-0.0278133
-0.019706
-0.010652
-0.000572701
0.0106204
0.0230273
0.0367626
0.0519584
0.0687685
0.0873734
0.107986
0.130858
0.15629
0.184634
0.216309
0.251798
0.291645
0.336438
0.386748
0.443023
0.505374
0.573177
0.644437
0.715318
0.778215
0.813355
0.795817
-0.618272
-0.627984
-0.577975
-0.506192
-0.435497
-0.371824
-0.316855
-0.270662
-0.232389
-0.200875
-0.174986
-0.153719
-0.136239
-0.121862
-0.110038
-0.100326
-0.0923695
-0.0858832
-0.0806337
-0.0764297
-0.0731128
-0.0705503
-0.06863
-0.0672559
-0.0663446
-0.0658233
-0.0656273
-0.0656984
-0.0659842
-0.0664361
-0.0670092
-0.0676613
-0.0683525
-0.0690444
-0.0697001
-0.0702836
-0.0707596
-0.0710931
-0.0712494
-0.071194
-0.0708919
-0.070308
-0.0694065
-0.068151
-0.0665041
-0.0644276
-0.0618818
-0.0588254
-0.0552153
-0.0510062
-0.0461502
-0.0405962
-0.0342892
-0.0271697
-0.0191723
-0.0102251
-0.000247494
0.0108514
0.0231752
0.0368439
0.051997
0.0687996
0.087448
0.108179
0.131279
0.157098
0.18607
0.218725
0.255719
0.297856
0.346102
0.401588
0.465552
0.539189
0.623253
0.717331
0.818829
0.91987
0.995469
1.00512
-0.853097
-0.807053
-0.695572
-0.576825
-0.473691
-0.388907
-0.320951
-0.267138
-0.224623
-0.190939
-0.164117
-0.14264
-0.125357
-0.111394
-0.100089
-0.0909357
-0.0835411
-0.0775984
-0.0728641
-0.0691425
-0.0662741
-0.0641271
-0.0625913
-0.0615729
-0.0609912
-0.0607757
-0.0608643
-0.0612011
-0.0617355
-0.0624209
-0.0632142
-0.0640748
-0.064964
-0.0658448
-0.0666814
-0.0674389
-0.068083
-0.0685796
-0.068895
-0.0689951
-0.0688459
-0.0684128
-0.0676608
-0.066554
-0.0650558
-0.0631284
-0.0607325
-0.0578275
-0.0543708
-0.0503177
-0.0456208
-0.0402292
-0.0340886
-0.0271399
-0.019318
-0.0105513
-0.000759344
0.010149
0.0222783
0.0357495
0.0507052
0.0673148
0.0857826
0.106358
0.129349
0.15514
0.184219
0.21721
0.254916
0.298382
0.348968
0.40844
0.479046
0.563547
0.66508
0.786607
0.929284
1.08801
1.23795
1.32137
-1.26864
-1.05643
-0.82763
-0.641401
-0.497965
-0.390476
-0.311024
-0.252027
-0.207655
-0.173816
-0.147666
-0.127216
-0.111071
-0.098236
-0.0879939
-0.0798156
-0.0733042
-0.0681563
-0.0641356
-0.061055
-0.0587635
-0.0571374
-0.0560735
-0.0554843
-0.0552949
-0.0554396
-0.0558603
-0.056505
-0.0573262
-0.0582801
-0.0593259
-0.0604253
-0.0615413
-0.0626389
-0.0636835
-0.0646417
-0.0654802
-0.0661663
-0.0666671
-0.0669497
-0.0669807
-0.0667266
-0.0661531
-0.0652252
-0.0639069
-0.0621611
-0.0599497
-0.0572326
-0.0539683
-0.0501127
-0.0456196
-0.0404392
-0.0345184
-0.0277995
-0.020219
-0.011707
-0.00218522
0.00843525
0.0202562
0.0333959
0.0479938
0.0642163
0.0822653
0.102389
0.124898
0.150185
0.178758
0.211284
0.248653
0.292073
0.343215
0.404424
0.479012
0.571667
0.689011
0.839855
1.0331
1.27367
1.56092
1.84067
-2.10464
-1.38386
-0.918567
-0.649805
-0.473055
-0.353284
-0.27212
-0.215696
-0.17513
-0.145144
-0.122486
-0.105062
-0.09149
-0.0808314
-0.0724314
-0.0658191
-0.0606471
-0.0566529
-0.0536332
-0.0514275
-0.0499063
-0.0489634
-0.0485097
-0.0484694
-0.048777
-0.0493747
-0.0502111
-0.0512395
-0.0524172
-0.0537044
-0.0550637
-0.0564596
-0.0578578
-0.0592254
-0.06053
-0.0617397
-0.062823
-0.0637485
-0.0644847
-0.0649998
-0.0652618
-0.0652381
-0.0648954
-0.0641999
-0.0631167
-0.0616097
-0.0596419
-0.0571746
-0.0541673
-0.0505778
-0.0463612
-0.0414699
-0.035853
-0.0294553
-0.0222166
-0.0140709
-0.00494432
0.00524624
0.0165956
0.0292136
0.043229
0.058795
0.0760971
0.0953631
0.116878
0.141004
0.168214
0.199132
0.234607
0.275826
0.324488
0.383115
0.455557
0.547909
0.670244
0.838861
1.0763
1.41944
1.975
2.80762
-3.55944
-1.70839
-0.856592
-0.526646
-0.356121
-0.254292
-0.191745
-0.151057
-0.122744
-0.102076
-0.0865153
-0.0745622
-0.0652719
-0.0580204
-0.0523748
-0.048023
-0.0447319
-0.0423225
-0.0406539
-0.0396127
-0.0391052
-0.039053
-0.039389
-0.0400549
-0.0409989
-0.0421749
-0.0435405
-0.0450568
-0.0466874
-0.0483979
-0.0501556
-0.0519287
-0.0536865
-0.0553988
-0.0570359
-0.0585682
-0.0599663
-0.0612004
-0.0622409
-0.0630576
-0.0636198
-0.0638964
-0.0638556
-0.0634648
-0.0626906
-0.0614983
-0.0598525
-0.057716
-0.0550505
-0.0518157
-0.0479692
-0.0434662
-0.0382591
-0.0322969
-0.0255244
-0.0178813
-0.00930125
0.000289586
0.0109746
0.0228488
0.0360224
0.0506247
0.0668099
0.0847648
0.10472
0.126965
0.151872
0.179928
0.211789
0.248368
0.290978
0.341605
0.40342
0.481913
0.58753
0.740761
0.98047
1.40735
2.37717
4.35157
)
;

boundaryField
{
    movingWall
    {
        type            zeroGradient;
    }
    fixedWalls
    {
        type            zeroGradient;
    }
    frontAndBack
    {
        type            empty;
    }
}


// ************************************************************************* //
