/*--------------------------------*- C++ -*----------------------------------*\
  =========                 |
  \\      /  F ield         | OpenFOAM: The Open Source CFD Toolbox
   \\    /   O peration     | Website:  https://openfoam.org
    \\  /    A nd           | Version:  7
     \\/     M anipulation  |
\*---------------------------------------------------------------------------*/
FoamFile
{
    version     2.0;
    format      ascii;
    class       volScalarField;
    location    "2.35";
    object      p;
}
// * * * * * * * * * * * * * * * * * * * * * * * * * * * * * * * * * * * * * //

dimensions      [0 2 -2 0 0 0 0];

internalField   nonuniform List<scalar> 
6400
(
1.68252e-06
-4.00952e-07
-6.44245e-05
-0.000186947
-0.000352877
-0.000548818
-0.000763098
-0.000985844
-0.00120897
-0.00142601
-0.00163191
-0.0018227
-0.00199539
-0.0021477
-0.00227794
-0.00238489
-0.00246765
-0.00252562
-0.00255838
-0.00256563
-0.00254719
-0.00250295
-0.00243284
-0.00233685
-0.00221501
-0.00206739
-0.00189413
-0.00169545
-0.00147166
-0.00122319
-0.000950605
-0.000654634
-0.000336189
3.61779e-06
0.000363452
0.000741743
0.00113667
0.00154617
0.00196791
0.00239931
0.00283754
0.00327956
0.00372211
0.00416176
0.00459492
0.00501793
0.00542704
0.00581851
0.00618865
0.00653388
0.00685078
0.00713615
0.00738711
0.00760111
0.00777601
0.00791013
0.0080023
0.0080519
0.00805888
0.00802381
0.00794784
0.0078328
0.00768108
0.00749573
0.00728036
0.00703915
0.00677684
0.00649867
0.00621035
0.00591804
0.00562836
0.00534828
0.00508514
0.0048466
0.00464052
0.0044746
0.00435578
0.00428918
0.00427674
0.00430565
5.84711e-06
2.85618e-06
-5.378e-05
-0.00015764
-0.000296585
-0.000461127
-0.000642301
-0.000832206
-0.00102399
-0.00121195
-0.00139143
-0.00155871
-0.00171083
-0.00184549
-0.00196091
-0.00205575
-0.00212898
-0.00217987
-0.00220785
-0.00221252
-0.00219361
-0.00215091
-0.00208431
-0.00199374
-0.00187918
-0.0017407
-0.00157842
-0.00139256
-0.00118341
-0.000951408
-0.000697103
-0.000421207
-0.000124597
0.000191659
0.000526292
0.000877816
0.00124452
0.00162446
0.00201546
0.00241513
0.00282084
0.00322977
0.00363892
0.00404512
0.00444511
0.0048355
0.00521288
0.00557385
0.00591503
0.00623319
0.00652522
0.00678825
0.00701969
0.00721725
0.00737906
0.00750363
0.00758996
0.00763757
0.00764648
0.00761729
0.00755114
0.00744976
0.00731543
0.00715099
0.00695981
0.00674576
0.0065132
0.00626693
0.00601217
0.00575447
0.00549976
0.00525419
0.00502412
0.00481601
0.00463625
0.00449087
0.00438476
0.00432142
0.00430539
0.00433449
7.05143e-05
5.94793e-05
2.35225e-06
-9.37031e-05
-0.000218674
-0.000365052
-0.00052577
-0.000694264
-0.000864741
-0.00103225
-0.00119266
-0.00134255
-0.00147917
-0.00160031
-0.00170423
-0.00178957
-0.00185529
-0.00190058
-0.00192483
-0.00192759
-0.0019085
-0.00186733
-0.0018039
-0.00171811
-0.00160991
-0.00147935
-0.00132652
-0.0011516
-0.000954892
-0.000736785
-0.000497809
-0.000238634
3.99046e-05
0.000336798
0.000650845
0.000980643
0.00132458
0.00168083
0.00204734
0.00242187
0.00280196
0.00318497
0.00356808
0.00394836
0.00432272
0.00468804
0.00504113
0.00537881
0.00569797
0.00599558
0.00626878
0.00651492
0.0067316
0.00691673
0.00706859
0.00718583
0.00726758
0.00731343
0.00732345
0.00729824
0.00723894
0.0071472
0.00702518
0.00687559
0.00670159
0.00650682
0.00629534
0.00607159
0.0058404
0.00560685
0.00537629
0.00515427
0.00494639
0.00475829
0.00459544
0.00446293
0.00436484
0.00430443
0.00428895
0.00432256
0.000194402
0.000163822
9.74081e-05
3.60019e-07
-0.000120209
-0.000258065
-0.000407357
-0.000562651
-0.000719083
-0.000872429
-0.00101909
-0.00115607
-0.00128089
-0.00139154
-0.0014864
-0.00156419
-0.00162391
-0.00166477
-0.00168614
-0.00168756
-0.00166865
-0.00162914
-0.00156882
-0.00148757
-0.00138531
-0.00126204
-0.00111783
-0.000952831
-0.000767293
-0.000561576
-0.00033616
-9.16659e-05
0.000171131
0.000451287
0.000747679
0.00105899
0.0013837
0.00172009
0.00206624
0.00242002
0.0027791
0.00314101
0.00350308
0.00386252
0.00421643
0.00456184
0.00489574
0.00521513
0.00551705
0.00579865
0.00605722
0.00629025
0.00649548
0.00667095
0.00681504
0.0069265
0.00700451
0.00704871
0.00705921
0.0070366
0.00698198
0.00689695
0.00678359
0.00664447
0.0064826
0.00630141
0.00610473
0.00589673
0.00568188
0.00546491
0.0052507
0.0050443
0.00485078
0.00467515
0.00452231
0.00439682
0.00430246
0.00424261
0.00422561
0.00425771
0.000363867
0.000304503
0.000221948
0.000118008
-3.98233e-06
-0.000138913
-0.000281946
-0.000428699
-0.000575201
-0.000717939
-0.000853889
-0.000980491
-0.00109561
-0.00119749
-0.0012847
-0.00135609
-0.00141073
-0.00144789
-0.00146699
-0.00146754
-0.00144919
-0.00141165
-0.00135468
-0.00127813
-0.0011819
-0.00106594
-0.000930291
-0.000775056
-0.000600439
-0.000406746
-0.000194401
3.60398e-05
0.000283871
0.000548227
0.000828068
0.00112217
0.00142911
0.00174727
0.00207486
0.00240985
0.00275005
0.00309312
0.00343651
0.00377758
0.00411357
0.00444165
0.00475893
0.00506256
0.0053497
0.00561762
0.00586374
0.00608564
0.00628117
0.00644845
0.00658592
0.0066924
0.00676712
0.00680973
0.00682035
0.00679956
0.00674842
0.00666847
0.00656171
0.0064306
0.00627801
0.0061072
0.00592179
0.00572569
0.00552308
0.00531835
0.00511602
0.00492068
0.00473694
0.00456934
0.00442227
0.00429987
0.00420568
0.00414305
0.00411986
0.0041421
0.00056649
0.000472571
0.000368811
0.00025329
0.000125159
-1.14667e-05
-0.00015261
-0.000294854
-0.000435065
-0.000570425
-0.000698479
-0.000817133
-0.000924622
-0.00101948
-0.0011005
-0.0011667
-0.00121728
-0.00125159
-0.00126909
-0.00126935
-0.00125202
-0.0012168
-0.00116346
-0.0010918
-0.00100171
-0.000893085
-0.000765925
-0.000620288
-0.000456316
-0.000274253
-7.44542e-05
0.000142597
0.000376277
0.000625803
0.000890226
0.00116842
0.00145906
0.00176064
0.00207146
0.00238963
0.00271306
0.00303952
0.00336658
0.00369172
0.00401228
0.00432554
0.00462873
0.00491908
0.00519385
0.0054504
0.00568622
0.00589896
0.00608653
0.0062471
0.00637914
0.00648151
0.00655345
0.00659461
0.00660511
0.00658549
0.00653679
0.00646048
0.00635848
0.00623315
0.00608724
0.00592386
0.00574644
0.00555869
0.00536454
0.00516807
0.00497348
0.00478501
0.00460687
0.00444318
0.00429792
0.00417485
0.00407728
0.00400841
0.00397459
0.00398038
0.000791251
0.00065942
0.000531031
0.000400332
0.000262277
0.000120142
-2.28211e-05
-0.000164063
-0.000301225
-0.000432148
-0.000554936
-0.000667959
-0.000769841
-0.000859427
-0.000935761
-0.000998053
-0.00104565
-0.00107802
-0.00109469
-0.0010953
-0.00107951
-0.00104704
-0.000997634
-0.000931099
-0.000847265
-0.000746011
-0.000627273
-0.000491053
-0.000337429
-0.000166573
2.12364e-05
0.000225599
0.000445977
0.000681682
0.00093186
0.00119548
0.00147133
0.001758
0.00205389
0.00235721
0.00266599
0.00297808
0.00329117
0.0036028
0.00391043
0.0042114
0.00450302
0.00478258
0.00504741
0.00529491
0.0055226
0.00572819
0.00590958
0.00606498
0.00619286
0.00629208
0.00636186
0.00640184
0.00641211
0.00639319
0.00634605
0.0062721
0.00617321
0.00605164
0.00591003
0.00575135
0.0055789
0.00539619
0.00520694
0.00501501
0.00482432
0.0046388
0.00446234
0.00429871
0.00415155
0.00402426
0.00391995
0.0038416
0.0037935
0.0037782
0.00102843
0.000857035
0.000701792
0.000553328
0.000402512
0.000251919
0.000104191
-3.89057e-05
-0.000175725
-0.000304722
-0.000424536
-0.000533998
-0.000632118
-0.000718064
-0.000791145
-0.00085078
-0.000896487
-0.000927851
-0.000944512
-0.000946151
-0.000932477
-0.000903223
-0.000858142
-0.000797008
-0.000719625
-0.000625829
-0.0005155
-0.000388575
-0.000245064
-8.50574e-05
9.12501e-05
0.000283549
0.000491395
0.000714198
0.000951204
0.00120148
0.00146392
0.00173722
0.00201987
0.00231019
0.00260629
0.0029061
0.0032074
0.00350781
0.00380484
0.00409589
0.00437832
0.00464945
0.00490664
0.0051473
0.00536897
0.00556934
0.00574633
0.0058981
0.00602312
0.00612021
0.00618856
0.00622777
0.00623789
0.00621937
0.00617315
0.00610058
0.00600344
0.00588391
0.00574455
0.00558822
0.00541808
0.00523751
0.00505005
0.00485936
0.00466914
0.00448309
0.00430481
0.00413782
0.00398543
0.00385074
0.00373668
0.00364602
0.00358077
0.00354123
0.00126958
0.00105804
0.000874656
0.000706665
0.000541037
0.00037977
0.000224988
7.77511e-05
-6.09437e-05
-0.000190125
-0.000308941
-0.000416664
-0.000512686
-0.000596499
-0.00066768
-0.00072587
-0.00077076
-0.000802073
-0.000819553
-0.00082295
-0.000812019
-0.000786514
-0.000746187
-0.000690798
-0.000620114
-0.000533926
-0.000432057
-0.000314374
-0.000180807
-3.13645e-05
0.000133853
0.00031463
0.000510626
0.00072135
0.000946155
0.00118421
0.00143452
0.00169586
0.00196684
0.00224584
0.00253108
0.00282057
0.00311213
0.00340345
0.00369207
0.00397545
0.00425094
0.00451589
0.00476765
0.00500363
0.00522133
0.00541841
0.00559276
0.00574248
0.005866
0.00596208
0.00602985
0.00606886
0.00607907
0.0060609
0.00601521
0.00594327
0.00584682
0.00572795
0.00558913
0.00543314
0.00526304
0.00508207
0.00489366
0.0047013
0.00450852
0.00431883
0.00413564
0.00396222
0.00380163
0.00365674
0.00353031
0.00342497
0.00334035
0.00327458
0.00150737
0.00125575
0.00104362
0.000854988
0.000673121
0.000499548
0.00033596
0.00018278
4.04067e-05
-9.07207e-05
-0.000210227
-0.000317809
-0.000413227
-0.000496291
-0.000566843
-0.000624749
-0.000669878
-0.000702094
-0.000721246
-0.00072716
-0.00071964
-0.00069846
-0.000663377
-0.00061413
-0.000550454
-0.000472088
-0.000378793
-0.000270363
-0.000146644
-7.55181e-06
0.000146909
0.000316628
0.000501367
0.000700745
0.000914222
0.00114108
0.0013804
0.0016311
0.00189184
0.00216112
0.00243721
0.00271818
0.00300193
0.00328618
0.0035685
0.00384634
0.00411708
0.00437803
0.00462653
0.00485993
0.0050757
0.00527144
0.00544495
0.00559427
0.00571775
0.00581406
0.00588225
0.00592179
0.00593256
0.0059149
0.00586958
0.00579783
0.00570128
0.00558197
0.0054423
0.00528497
0.00511294
0.00492939
0.00473762
0.00454103
0.00434301
0.00414693
0.00395604
0.00377345
0.00360204
0.00344445
0.0033034
0.00318137
0.00307575
0.00298248
0.00173534
0.00144413
0.0012031
0.000993198
0.000794161
0.000607132
0.000433434
0.000272912
0.000125416
-9.10963e-06
-0.000130737
-0.000239567
-0.000335713
-0.00041929
-0.000490402
-0.000549133
-0.000595528
-0.000629594
-0.000651284
-0.000660501
-0.000657095
-0.000640865
-0.000611566
-0.000568919
-0.00051262
-0.000442356
-0.000357819
-0.000258725
-0.000144832
-1.59571e-05
0.000127998
0.00028703
0.000461014
0.00064968
0.000852599
0.00106916
0.00129856
0.00153979
0.00179163
0.00205265
0.00232118
0.00259536
0.00287312
0.00315221
0.00343022
0.0037046
0.00397269
0.00423179
0.00447916
0.0047121
0.004928
0.00512438
0.00529892
0.00544959
0.0055746
0.00567253
0.00574231
0.00578332
0.00579532
0.00577856
0.00573373
0.00566196
0.00556483
0.00544428
0.00530266
0.00514261
0.00496702
0.004779
0.00458179
0.00437871
0.00417307
0.00396814
0.00376708
0.00357288
0.00338829
0.00321581
0.00305816
0.00291779
0.00278988
0.00266836
0.0019477
0.00161766
0.0013479
0.00111646
0.000899706
0.000698454
0.00051371
0.00034479
0.000191033
5.19259e-05
-7.30253e-05
-0.000184302
-0.000282356
-0.000367592
-0.000440369
-0.000500977
-0.000549637
-0.000586489
-0.000611592
-0.000624919
-0.000626367
-0.000615753
-0.000592832
-0.0005573
-0.000508813
-0.000446999
-0.00037148
-0.000281886
-0.00017788
-5.91777e-05
7.44286e-05
0.00022305
0.000386678
0.000565158
0.000758178
0.000965239
0.00118565
0.00141849
0.00166264
0.00191673
0.00217918
0.00244817
0.00272167
0.00299744
0.00327306
0.00354598
0.00381349
0.00407284
0.00432121
0.00455583
0.00477396
0.00497301
0.00515057
0.00530443
0.00543269
0.0055338
0.00560654
0.00565016
0.0056643
0.0056491
0.00560513
0.00553343
0.0054355
0.00531321
0.00516885
0.00500499
0.0048245
0.00463044
0.004426
0.00421446
0.0039991
0.00378314
0.00356968
0.00336168
0.0031618
0.00297247
0.00279649
0.00263635
0.00248514
0.00233484
0.00213919
0.00177123
0.00147315
0.00122017
0.000985457
0.000769521
0.000573095
0.000395001
0.000234106
8.94641e-05
-3.98143e-05
-0.00015457
-0.000255574
-0.000343511
-0.000418977
-0.000482464
-0.000534354
-0.000574918
-0.000604312
-0.000622577
-0.00062965
-0.000625365
-0.000609468
-0.000581629
-0.000541456
-0.000488517
-0.000422355
-0.00034251
-0.000248546
-0.000140069
-1.67565e-05
0.000121622
0.00027518
0.000443887
0.000627548
0.000825783
0.00103801
0.00126341
0.00150095
0.00174936
0.00200709
0.00227239
0.00254325
0.00281744
0.00309253
0.00336593
0.0036349
0.00389659
0.00414811
0.00438656
0.00460909
0.00481297
0.00499561
0.00515467
0.00528807
0.0053941
0.00547138
0.00551899
0.00553643
0.00552369
0.00548123
0.00540999
0.00531134
0.00518711
0.0050395
0.00487107
0.00468462
0.00448321
0.00427002
0.00404832
0.00382138
0.00359244
0.00336461
0.00314082
0.00292375
0.00271581
0.00251993
0.00233875
0.00216334
0.00198385
0.00230495
0.0019001
0.00157426
0.00129997
0.00104727
0.00081643
0.000607923
0.000420112
0.000251415
0.00010048
-3.39588e-05
-0.000153081
-0.000257958
-0.000349542
-0.000428651
-0.000495966
-0.000552024
-0.000597215
-0.000631785
-0.000655837
-0.00066934
-0.000672139
-0.000663969
-0.000644465
-0.000613184
-0.000569624
-0.000513246
-0.000443495
-0.000359827
-0.000261736
-0.000148775
-2.05884e-05
0.000123064
0.000282282
0.000456996
0.000646947
0.000851665
0.00107045
0.00130235
0.00154616
0.00180043
0.00206343
0.00233318
0.00260745
0.0028838
0.0031596
0.00343203
0.00369816
0.003955
0.0041995
0.00442867
0.00463961
0.00482955
0.00499597
0.0051366
0.0052495
0.00533314
0.00538637
0.00540854
0.00539947
0.00535947
0.00528935
0.00519038
0.00506429
0.00491325
0.00473974
0.00454657
0.00433678
0.00411358
0.00388026
0.00364014
0.00339649
0.00315248
0.0029111
0.0026751
0.00244692
0.00222971
0.0020263
0.00182585
0.00161673
0.00244045
0.00199981
0.0016469
0.00135166
0.00108114
0.000835372
0.000614579
0.000416693
0.000239706
8.18787e-05
-5.841e-05
-0.000182662
-0.000292235
-0.000388327
-0.00047197
-0.000544022
-0.00060516
-0.000655886
-0.000696525
-0.000727234
-0.000748009
-0.000758698
-0.000759015
-0.000748557
-0.000726822
-0.000693234
-0.000647164
-0.000587955
-0.00051495
-0.000427521
-0.000325094
-0.00020718
-7.34023e-05
7.64719e-05
0.000242508
0.000424574
0.000622321
0.000835158
0.00106224
0.00130244
0.00155436
0.00181634
0.00208641
0.00236235
0.00264169
0.00292174
0.00319963
0.00347231
0.00373666
0.0039895
0.00422765
0.00444802
0.00464765
0.00482377
0.00497391
0.00509589
0.00518794
0.00524872
0.00527735
0.00527345
0.00523716
0.00516915
0.00507056
0.00494304
0.00478865
0.00460988
0.0044095
0.00419059
0.00395637
0.00371021
0.0034555
0.0031956
0.00293379
0.00267318
0.00241661
0.00216666
0.00192673
0.00169994
0.00147358
0.00123429
0.00254141
0.00206615
0.00168696
0.00137126
0.00108323
0.000822638
0.000589507
0.000381336
0.000195712
3.05262e-05
-0.000116184
-0.000246228
-0.000361231
-0.000462627
-0.000551644
-0.000629303
-0.000696416
-0.000753581
-0.000801195
-0.000839459
-0.000868387
-0.000887822
-0.000897452
-0.000896825
-0.000885377
-0.000862448
-0.000827313
-0.000779207
-0.000717353
-0.000640993
-0.000549419
-0.000442
-0.000318218
-0.000177694
-2.02236e-05
0.000154199
0.000345352
0.000552765
0.000775693
0.00101311
0.00126368
0.00152579
0.00179751
0.00207661
0.0023606
0.00264674
0.00293205
0.00321341
0.00348752
0.00375106
0.00400064
0.00423295
0.0044448
0.00463319
0.00479535
0.00492887
0.00503169
0.00510223
0.00513935
0.00514246
0.00511148
0.00504691
0.00494974
0.00482152
0.00466423
0.0044803
0.00427253
0.00404399
0.003798
0.003538
0.00326749
0.00298999
0.00270891
0.00242753
0.00214887
0.00187567
0.00161168
0.00136032
0.00110709
0.000836906
0.00260378
0.00209512
0.00169051
0.00135494
0.00104979
0.000774626
0.000529223
0.000310679
0.000116185
-5.67235e-05
-0.000210334
-0.000346746
-0.000467845
-0.000575283
-0.000670473
-0.000754588
-0.000828557
-0.000893069
-0.000948582
-0.00099533
-0.00103334
-0.00106243
-0.00108227
-0.00109234
-0.00109201
-0.00108053
-0.00105707
-0.00102075
-0.000970673
-0.000905932
-0.00082568
-0.000729137
-0.000615632
-0.000484635
-0.00033579
-0.000168944
1.58197e-05
0.000218157
0.000437441
0.000672741
0.00092281
0.00118608
0.00146065
0.00174431
0.00203454
0.00232853
0.00262324
0.00291539
0.00320157
0.00347824
0.00374181
0.00398873
0.00421555
0.00441896
0.00459593
0.00474372
0.00485998
0.00494282
0.00499082
0.00500312
0.00497942
0.00491998
0.00482564
0.00469781
0.00453838
0.00434974
0.00413467
0.00389631
0.00363803
0.00336342
0.00307611
0.0027798
0.00247811
0.00217454
0.00187231
0.00157442
0.00128499
0.00100784
0.000726663
0.000424631
0.00262368
0.0020829
0.0016538
0.00129902
0.00097726
0.000687845
0.000430331
0.000201415
-2.09273e-06
-0.000183003
-0.000343916
-0.000487212
-0.000615018
-0.000729193
-0.000831326
-0.000922726
-0.00100443
-0.00107721
-0.00114157
-0.00119777
-0.00124583
-0.00128556
-0.00131657
-0.0013383
-0.00135002
-0.00135089
-0.00133998
-0.00131627
-0.00127872
-0.00122631
-0.00115801
-0.0010729
-0.000970132
-0.000849024
-0.000709053
-0.000549909
-0.000371525
-0.000174102
4.18586e-05
0.000275537
0.000525778
0.000791078
0.00106958
0.00135909
0.00165705
0.00196062
0.00226665
0.00257175
0.00287233
0.00316465
0.0034449
0.00370926
0.00395397
0.00417543
0.00437024
0.00453535
0.00466804
0.00476608
0.00482773
0.0048518
0.00483772
0.00478551
0.0046958
0.00456982
0.00440938
0.0042168
0.00399487
0.00374676
0.00347597
0.00318618
0.00288127
0.00256511
0.00224158
0.00191447
0.00158726
0.00126322
0.000946942
0.000642688
0.000332312
-2.76439e-06
0.00259742
0.00202585
0.00157325
0.00119999
0.000862184
0.000558919
0.000289528
5.03171e-05
-0.000162281
-0.000351409
-0.000519971
-0.000670614
-0.000805698
-0.000927279
-0.00103711
-0.00113661
-0.00122694
-0.00130892
-0.0013831
-0.00144976
-0.00150891
-0.00156033
-0.00160357
-0.001638
-0.00166281
-0.00167706
-0.00167968
-0.00166955
-0.00164547
-0.00160625
-0.00155072
-0.00147778
-0.00138642
-0.00127576
-0.00114512
-0.000994021
-0.000822217
-0.00062976
-0.000417009
-0.000184656
6.6248e-05
0.000334281
0.000617641
0.000914149
0.00122125
0.00153604
0.00185529
0.00217547
0.00249282
0.0028034
0.00310314
0.00338792
0.00365366
0.00389641
0.00411242
0.0042982
0.00445068
0.00456721
0.00464567
0.00468452
0.00468285
0.00464038
0.00455751
0.00443528
0.00427536
0.00408
0.00385197
0.00359452
0.00331122
0.00300597
0.00268282
0.00234593
0.00199946
0.00164753
0.00129393
0.000942289
0.000597688
0.000264897
-7.61019e-05
-0.000445707
0.00252146
0.00192048
0.00144543
0.00105449
0.000701256
0.000384602
0.000103626
-0.000145751
-0.000367462
-0.000564978
-0.000741493
-0.000899914
-0.00104282
-0.00117246
-0.00129072
-0.00139916
-0.00149901
-0.00159115
-0.00167617
-0.00175435
-0.00182568
-0.0018899
-0.00194651
-0.0019948
-0.00203386
-0.00206264
-0.00207995
-0.00208451
-0.00207498
-0.00205002
-0.00200827
-0.00194844
-0.00186936
-0.00176995
-0.00164933
-0.00150684
-0.00134206
-0.00115485
-0.000945425
-0.000714325
-0.000462479
-0.000191208
9.77546e-05
0.000402266
0.000719775
0.00104733
0.00138163
0.00171901
0.00205554
0.00238704
0.00270918
0.00301754
0.00330767
0.00357524
0.00381606
0.00402624
0.00420223
0.00434095
0.00443984
0.00449692
0.00451091
0.00448118
0.00440784
0.0042917
0.00413425
0.00393767
0.0037047
0.00343863
0.00314317
0.00282239
0.00248059
0.00212224
0.00175185
0.00137387
0.000992516
0.00061177
0.000237295
-0.000125589
-0.000498842
-0.000904759
0.00239239
0.00176349
0.0012671
0.000859293
0.000491315
0.000161782
-0.000130442
-0.000389815
-0.000620625
-0.000826663
-0.00101141
-0.00117801
-0.00132927
-0.00146761
-0.00159505
-0.00171326
-0.00182355
-0.00192685
-0.00202376
-0.00211457
-0.00219924
-0.00227747
-0.00234869
-0.0024121
-0.00246669
-0.00251129
-0.00254457
-0.00256512
-0.00257143
-0.00256197
-0.00253521
-0.00248968
-0.00242398
-0.00233685
-0.00222719
-0.00209414
-0.00193707
-0.00175566
-0.00154993
-0.00132026
-0.00106743
-0.000792647
-0.000497543
-0.000184207
0.000144825
0.000486581
0.000837673
0.00119433
0.00155242
0.00190757
0.00225514
0.00259037
0.00290846
0.00320462
0.00347421
0.00371286
0.0039165
0.00408155
0.00420493
0.00428421
0.00431762
0.00430415
0.00424353
0.00413632
0.00398379
0.003788
0.00355164
0.00327806
0.00297109
0.002635
0.00227438
0.00189402
0.00149882
0.00109366
0.000683174
0.00027179
-0.000134204
-0.000528879
-0.000936231
-0.00138056
0.002207
0.00155172
0.00103514
0.000611368
0.000229361
-0.000112506
-0.000415607
-0.000684771
-0.00092464
-0.00113931
-0.00133255
-0.00150773
-0.00166787
-0.00181554
-0.00195291
-0.00208175
-0.00220342
-0.00231891
-0.00242883
-0.00253344
-0.00263269
-0.00272622
-0.00281338
-0.00289328
-0.00296481
-0.00302666
-0.00307738
-0.00311538
-0.003139
-0.0031465
-0.00313618
-0.00310634
-0.00305538
-0.00298182
-0.00288433
-0.00276182
-0.00261345
-0.00243867
-0.0022373
-0.00200952
-0.00175594
-0.00147761
-0.00117607
-0.000853309
-0.000511827
-0.000154604
0.000214914
0.000592839
0.000974884
0.00135641
0.00173252
0.00209808
0.00244787
0.00277665
0.00307928
0.00335083
0.00358669
0.00378267
0.00393514
0.00404109
0.00409824
0.00410509
0.00406097
0.00396608
0.00382145
0.00362895
0.00339123
0.00311166
0.00279419
0.00244333
0.00206396
0.00166123
0.00124048
0.000807062
0.000366087
-7.75158e-05
-0.00051677
-0.00094508
-0.0013886
-0.00187375
0.00196224
0.00128219
0.000746652
0.000307837
-8.74425e-05
-0.000441065
-0.000754643
-0.00103337
-0.00128224
-0.00150565
-0.00170762
-0.00189178
-0.00206132
-0.00221898
-0.00236705
-0.00250739
-0.00264142
-0.00277017
-0.00289424
-0.0030139
-0.00312904
-0.00323924
-0.00334378
-0.00344167
-0.00353168
-0.00361239
-0.00368216
-0.00373927
-0.00378185
-0.003808
-0.00381578
-0.00380329
-0.0037687
-0.00371027
-0.00362645
-0.00351589
-0.0033775
-0.0032105
-0.00301445
-0.00278933
-0.00253554
-0.00225395
-0.00194595
-0.00161342
-0.00125879
-0.000885023
-0.000495605
-9.45209e-05
0.00031378
0.000724432
0.00113222
0.00153167
0.0019171
0.00228279
0.00262304
0.00293231
0.00320537
0.00343738
0.00362405
0.00376173
0.00384753
0.00387939
0.00385615
0.00377758
0.0036444
0.00345827
0.00322173
0.00293815
0.00261162
0.00224686
0.00184908
0.00142385
0.000976952
0.000514284
4.14892e-05
-0.000435953
-0.000910307
-0.00137425
-0.00185624
-0.00238495
0.00165524
0.000952112
0.000398898
-5.3987e-05
-0.00046175
-0.000826521
-0.00115016
-0.00143822
-0.00169601
-0.00192825
-0.00213921
-0.00233273
-0.00251221
-0.00268052
-0.00284007
-0.00299282
-0.00314022
-0.00328333
-0.00342278
-0.00355878
-0.00369119
-0.00381953
-0.003943
-0.0040605
-0.00417068
-0.00427196
-0.00436259
-0.00444064
-0.00450407
-0.00455076
-0.00457857
-0.00458535
-0.00456901
-0.00452759
-0.00445924
-0.00436236
-0.00423557
-0.00407782
-0.00388841
-0.00366707
-0.00341394
-0.0031297
-0.00281553
-0.00247318
-0.00210498
-0.00171384
-0.00130325
-0.000877279
-0.000440518
1.94381e-06
0.000444592
0.00088156
0.00130673
0.00171383
0.00209657
0.00244876
0.00276445
0.00303808
0.00326463
0.0034397
0.00355971
0.00362193
0.00362461
0.00356703
0.00344951
0.00327343
0.00304118
0.00275611
0.00242242
0.00204504
0.00162952
0.00118188
0.000708425
0.000215618
-0.000290297
-0.000803234
-0.00131462
-0.00181635
-0.00233933
-0.00291469
0.00128332
0.000558904
-1.0652e-05
-0.000476596
-0.000896021
-0.00127131
-0.00160457
-0.00190171
-0.00216836
-0.00240951
-0.0026297
-0.002833
-0.00302295
-0.00320259
-0.00337444
-0.00354051
-0.00370233
-0.00386097
-0.00401704
-0.00417075
-0.0043219
-0.00446994
-0.00461398
-0.00475282
-0.00488498
-0.00500875
-0.0051222
-0.00522321
-0.00530957
-0.00537894
-0.00542893
-0.00545716
-0.00546128
-0.00543902
-0.00538828
-0.00530714
-0.00519392
-0.00504727
-0.00486619
-0.0046501
-0.00439889
-0.00411297
-0.0037933
-0.00344143
-0.00305956
-0.0026505
-0.00221772
-0.00176534
-0.00129808
-0.000821216
-0.000340574
0.000137599
0.000606707
0.00105992
0.0014903
0.00189094
0.00225514
0.0025765
0.00284918
0.00306794
0.00322838
0.00332701
0.0033614
0.00333021
0.00323328
0.00307163
0.00284744
0.00256398
0.00222552
0.00183725
0.00140505
0.000935394
0.00043517
-8.85363e-05
-0.000628824
-0.00117893
-0.00172938
-0.00227119
-0.00283793
-0.00346333
0.000844022
0.000100188
-0.000484315
-0.000962271
-0.00139251
-0.00177767
-0.0021201
-0.00242605
-0.00270148
-0.00295165
-0.00318133
-0.00339479
-0.00359577
-0.00378743
-0.0039724
-0.00415275
-0.00433007
-0.00450543
-0.00467945
-0.00485229
-0.00502371
-0.0051931
-0.00535946
-0.00552148
-0.00567758
-0.00582587
-0.00596426
-0.00609047
-0.00620205
-0.00629645
-0.00637104
-0.00642318
-0.00645022
-0.00644962
-0.00641894
-0.00635595
-0.00625864
-0.00612532
-0.00595465
-0.00574572
-0.00549809
-0.00521187
-0.00488775
-0.00452705
-0.00413178
-0.00370461
-0.00324894
-0.00276891
-0.00226931
-0.00175562
-0.00123394
-0.000710901
-0.000193585
0.000310589
0.000794002
0.00124898
0.00166796
0.00204367
0.00236931
0.00263871
0.00284653
0.00298839
0.00306105
0.00306244
0.00299182
0.00284973
0.00263808
0.00235999
0.00201979
0.00162286
0.00117545
0.000684519
0.000157563
-0.000397643
-0.00097348
-0.00156245
-0.00215406
-0.00273839
-0.00335187
-0.00403105
0.000335129
-0.000426176
-0.00102418
-0.00151306
-0.00195324
-0.0023476
-0.00269875
-0.00301326
-0.00329738
-0.00355664
-0.00379607
-0.00402012
-0.00423269
-0.00443708
-0.004636
-0.00483162
-0.00502553
-0.00521884
-0.00541215
-0.0056056
-0.0057989
-0.00599135
-0.00618186
-0.00636904
-0.00655113
-0.00672612
-0.00689176
-0.00704555
-0.00718485
-0.00730687
-0.00740872
-0.00748749
-0.00754023
-0.00756407
-0.00755627
-0.00751421
-0.00743553
-0.00731817
-0.0071604
-0.00696094
-0.00671899
-0.00643431
-0.00610725
-0.00573886
-0.00533087
-0.0048858
-0.00440692
-0.00389831
-0.00336484
-0.00281213
-0.00224653
-0.00167505
-0.00110526
-0.000545178
-3.15197e-06
0.000512324
0.000992774
0.00142993
0.00181595
0.00214361
0.00240649
0.0025992
0.00271752
0.00275855
0.0027208
0.00260426
0.00241042
0.00214222
0.00180396
0.00140119
0.000940536
0.000429465
-0.000123886
-0.000710994
-0.00132345
-0.00195294
-0.00258788
-0.00321731
-0.00388075
-0.00461777
-0.00024533
-0.00102208
-0.00163209
-0.00213078
-0.00258
-0.00298289
-0.00334228
-0.00366507
-0.0039578
-0.00422626
-0.00447569
-0.00471074
-0.00493547
-0.00515329
-0.00536702
-0.00557888
-0.00579052
-0.00600304
-0.00621703
-0.00643261
-0.00664943
-0.00686672
-0.00708331
-0.00729767
-0.00750794
-0.00771196
-0.00790727
-0.00809121
-0.00826092
-0.00841335
-0.00854536
-0.00865374
-0.00873524
-0.00878665
-0.00880484
-0.00878686
-0.00872992
-0.00863155
-0.00848962
-0.00830241
-0.00806872
-0.00778787
-0.00745987
-0.00708538
-0.00666586
-0.00620356
-0.00570159
-0.0051639
-0.00459538
-0.00400176
-0.0033896
-0.00276626
-0.0021398
-0.00151885
-0.000912509
-0.000330135
0.000218807
0.000724974
0.00117936
0.00157356
0.00189994
0.00215193
0.00232421
0.00241284
0.00241546
0.00233136
0.0021615
0.00190851
0.00157663
0.00117153
0.000700167
0.000170548
-0.000408509
-0.00102768
-0.00167768
-0.00234932
-0.0030298
-0.00370701
-0.00442383
-0.00522307
-0.000899052
-0.00168916
-0.00230962
-0.00281698
-0.00327433
-0.00368505
-0.00405221
-0.00438299
-0.00468425
-0.00496199
-0.00522167
-0.00546814
-0.00570559
-0.00593756
-0.00616695
-0.00639604
-0.00662653
-0.00685952
-0.0070956
-0.00733486
-0.00757688
-0.00782085
-0.00806549
-0.00830917
-0.00854989
-0.00878534
-0.0090129
-0.00922971
-0.00943267
-0.0096185
-0.00978379
-0.00992501
-0.0100386
-0.010121
-0.0101687
-0.0101782
-0.0101465
-0.0100706
-0.0099479
-0.00977618
-0.00955379
-0.0092796
-0.00895315
-0.00857472
-0.00814537
-0.00766704
-0.00714258
-0.0065758
-0.0059715
-0.00533546
-0.00467443
-0.00399608
-0.00330892
-0.00262222
-0.00194581
-0.00128998
-0.000665239
-8.20993e-05
0.000449176
0.000918836
0.00131791
0.00163847
0.00187389
0.00201906
0.00207055
0.00202677
0.00188803
0.00165652
0.0013363
0.000933118
0.00045424
-9.1795e-05
-0.00069545
-0.00134653
-0.00203483
-0.00275016
-0.0034784
-0.00420619
-0.00498002
-0.00584619
-0.00162744
-0.00242875
-0.00305809
-0.00357295
-0.00403749
-0.00445533
-0.00482977
-0.00516827
-0.00547795
-0.00576505
-0.00603523
-0.00629351
-0.00654422
-0.00679103
-0.00703692
-0.00728423
-0.00753468
-0.00778941
-0.00804899
-0.00831348
-0.00858242
-0.00885491
-0.00912962
-0.00940479
-0.0096783
-0.00994769
-0.0102102
-0.0104627
-0.0107019
-0.0109243
-0.0111262
-0.0113037
-0.011453
-0.01157
-0.0116509
-0.0116919
-0.0116893
-0.0116397
-0.01154
-0.0113875
-0.01118
-0.0109158
-0.010594
-0.0102143
-0.00977738
-0.00928479
-0.00873903
-0.00814368
-0.00750339
-0.00682392
-0.00611214
-0.00537597
-0.00462437
-0.00386718
-0.00311502
-0.00237912
-0.00167107
-0.00100266
-0.000385515
0.000169149
0.000650838
0.0010501
0.00135881
0.00157046
0.00168036
0.00168587
0.00158643
0.00138367
0.00108134
0.000685178
0.000202718
-0.000356981
-0.000983632
-0.00166612
-0.00239322
-0.00315366
-0.00393188
-0.00471314
-0.00554778
-0.00648591
-0.0024316
-0.00324191
-0.00387851
-0.00439969
-0.00487047
-0.00529471
-0.00567593
-0.00602186
-0.00633984
-0.00663636
-0.00691726
-0.00718773
-0.00745224
-0.00771455
-0.00797774
-0.00824422
-0.00851573
-0.00879344
-0.0090779
-0.00936915
-0.0096667
-0.00996958
-0.0102764
-0.0105852
-0.0108939
-0.0111998
-0.0114999
-0.0117911
-0.0120697
-0.0123319
-0.0125739
-0.0127914
-0.0129801
-0.0131357
-0.013254
-0.0133306
-0.0133613
-0.0133423
-0.0132698
-0.0131407
-0.0129521
-0.0127017
-0.0123881
-0.0120105
-0.011569
-0.0110645
-0.0104993
-0.00987649
-0.00920061
-0.00847727
-0.00771338
-0.00691708
-0.00609766
-0.00526556
-0.00443214
-0.00360958
-0.00281065
-0.00204842
-0.00133603
-0.000686278
-0.000111359
0.000377554
0.000770637
0.00105975
0.00123872
0.0013036
0.00125279
0.00108716
0.000809995
0.000426912
-5.43563e-05
-0.000624251
-0.00127172
-0.00198468
-0.00275079
-0.00355761
-0.00438796
-0.00522562
-0.00612508
-0.00714048
-0.00331229
-0.00412936
-0.0047716
-0.00529789
-0.00577396
-0.00620387
-0.00659136
-0.0069444
-0.00727056
-0.00757654
-0.00786835
-0.00815134
-0.00843012
-0.00870856
-0.00898982
-0.00927636
-0.00956997
-0.00987183
-0.0101825
-0.010502
-0.0108298
-0.0111649
-0.0115058
-0.0118506
-0.0121968
-0.0125417
-0.0128823
-0.0132151
-0.0135362
-0.0138418
-0.0141274
-0.0143886
-0.0146208
-0.0148192
-0.0149791
-0.0150957
-0.0151643
-0.0151805
-0.0151399
-0.0150388
-0.0148736
-0.0146415
-0.0143404
-0.0139687
-0.013526
-0.0130127
-0.0124305
-0.0117822
-0.0110718
-0.0103048
-0.00948808
-0.00862988
-0.0077398
-0.00682877
-0.00590889
-0.00499329
-0.00409592
-0.00323122
-0.00241392
-0.00165855
-0.000979163
-0.00038886
0.000100601
0.000479204
0.000739031
0.00087457
0.000882934
0.000763996
0.000520411
0.000157525
-0.000316831
-0.000892643
-0.00155809
-0.00230006
-0.00310503
-0.00395926
-0.00484384
-0.00574086
-0.00670929
-0.00780757
-0.00426995
-0.00509154
-0.00573778
-0.00626798
-0.00674838
-0.00718322
-0.00757645
-0.00793627
-0.00827045
-0.00858588
-0.00888874
-0.00918455
-0.00947802
-0.00977314
-0.0100731
-0.0103806
-0.0106972
-0.0110244
-0.0113625
-0.0117117
-0.0120714
-0.0124404
-0.0128173
-0.0132001
-0.0135862
-0.0139728
-0.0143566
-0.014734
-0.0151009
-0.0154531
-0.0157861
-0.0160949
-0.0163747
-0.0166202
-0.0168263
-0.0169876
-0.0170989
-0.0171551
-0.0171515
-0.0170834
-0.0169467
-0.0167378
-0.0164538
-0.0160926
-0.0156529
-0.0151346
-0.0145386
-0.0138673
-0.0131242
-0.0123146
-0.011445
-0.0105239
-0.00956093
-0.00856752
-0.00755645
-0.00654177
-0.00553858
-0.0045628
-0.00363076
-0.00275891
-0.00196329
-0.00125916
-0.000660434
-0.00017929
0.000174321
0.000393038
0.000472391
0.000411003
0.000210658
-0.00012375
-0.000584416
-0.00116095
-0.00184077
-0.00260968
-0.00345293
-0.00435534
-0.00529608
-0.00625542
-0.0072971
-0.00848416
-0.00530467
-0.00612853
-0.00677713
-0.00731005
-0.00779381
-0.00823285
-0.00863128
-0.00899751
-0.00933951
-0.00966434
-0.00997834
-0.0102872
-0.0105957
-0.0109079
-0.0112273
-0.0115563
-0.0118969
-0.0122502
-0.012617
-0.0129972
-0.0133901
-0.0137948
-0.0142096
-0.0146324
-0.0150607
-0.0154914
-0.0159211
-0.016346
-0.0167619
-0.0171643
-0.0175483
-0.0179087
-0.0182403
-0.0185373
-0.0187941
-0.019005
-0.019164
-0.0192656
-0.0193042
-0.0192745
-0.0191717
-0.0189914
-0.0187298
-0.0183842
-0.0179523
-0.0174334
-0.0168276
-0.0161367
-0.0153636
-0.0145131
-0.0135916
-0.0126072
-0.01157
-0.0104914
-0.00938506
-0.00826574
-0.00714975
-0.00605444
-0.00499789
-0.00399849
-0.00307449
-0.00224348
-0.00152181
-0.000924095
-0.000462636
-0.000146974
1.65101e-05
2.48769e-05
-0.000121233
-0.000417607
-0.000856639
-0.00142766
-0.00211737
-0.00291048
-0.0037909
-0.0047419
-0.00574057
-0.00676513
-0.00788445
-0.00916645
-0.00641618
-0.00724009
-0.00788944
-0.0084239
-0.00891007
-0.00935254
-0.00975563
-0.0101279
-0.0104774
-0.0108116
-0.0111367
-0.0114587
-0.0117824
-0.0121122
-0.0124513
-0.0128025
-0.0131677
-0.0135481
-0.0139445
-0.0143567
-0.0147843
-0.0152261
-0.0156805
-0.0161453
-0.0166178
-0.0170949
-0.0175731
-0.0180484
-0.0185164
-0.0189723
-0.019411
-0.019827
-0.0202144
-0.0205675
-0.0208798
-0.0211452
-0.0213572
-0.0215095
-0.0215959
-0.0216103
-0.0215472
-0.0214012
-0.0211679
-0.0208434
-0.0204249
-0.0199104
-0.0192996
-0.0185932
-0.0177935
-0.0169049
-0.0159332
-0.0148863
-0.0137742
-0.0126086
-0.0114036
-0.0101748
-0.00893954
-0.00771667
-0.00652601
-0.00538801
-0.00432325
-0.00335185
-0.00249288
-0.00176366
-0.0011792
-0.00075159
-0.000489483
-0.000397743
-0.000477205
-0.000724617
-0.00113279
-0.00169092
-0.00238505
-0.00319882
-0.00411467
-0.00511427
-0.00617236
-0.00726499
-0.00846641
-0.00984975
-0.00760386
-0.00842565
-0.00907418
-0.00960902
-0.0100967
-0.0105418
-0.010949
-0.0113268
-0.0116836
-0.0120268
-0.012363
-0.0126981
-0.0130372
-0.0133846
-0.0137438
-0.0141175
-0.0145079
-0.014916
-0.0153428
-0.0157881
-0.0162514
-0.0167316
-0.017227
-0.0177354
-0.0182541
-0.0187799
-0.019309
-0.0198374
-0.0203604
-0.0208731
-0.02137
-0.0218453
-0.0222928
-0.0227063
-0.0230789
-0.0234038
-0.023674
-0.0238825
-0.0240224
-0.0240869
-0.0240694
-0.023964
-0.0237651
-0.0234679
-0.0230687
-0.0225645
-0.021954
-0.0212371
-0.0204153
-0.0194921
-0.0184729
-0.0173652
-0.0161787
-0.0149252
-0.0136192
-0.0122768
-0.0109167
-0.0095588
-0.00822485
-0.0069374
-0.00571947
-0.00459392
-0.00358273
-0.00270631
-0.0019827
-0.00142693
-0.00105036
-0.000860181
-0.000859096
-0.00104515
-0.00141185
-0.00194845
-0.00264044
-0.00347038
-0.00441925
-0.00546692
-0.00658565
-0.00774902
-0.00903705
-0.0105284
-0.00886673
-0.00968433
-0.0103305
-0.0108646
-0.0113528
-0.0117999
-0.0122105
-0.0125935
-0.0129572
-0.0133091
-0.0136561
-0.0140042
-0.0143586
-0.0147236
-0.015103
-0.0154995
-0.0159152
-0.0163515
-0.0168091
-0.0172882
-0.0177881
-0.0183077
-0.0188454
-0.0193989
-0.0199654
-0.0205417
-0.0211239
-0.0217078
-0.0222886
-0.0228611
-0.0234195
-0.0239578
-0.0244694
-0.0249475
-0.025385
-0.0257743
-0.026108
-0.0263783
-0.0265775
-0.0266981
-0.0267326
-0.0266741
-0.0265161
-0.0262528
-0.0258793
-0.0253918
-0.0247878
-0.0240661
-0.0232274
-0.0222743
-0.0212113
-0.0200455
-0.0187861
-0.017445
-0.0160366
-0.0145778
-0.0130879
-0.0115885
-0.0101027
-0.00865539
-0.00727209
-0.00597855
-0.00479992
-0.00375996
-0.00288016
-0.00217891
-0.00167072
-0.00136559
-0.00126853
-0.00137929
-0.00169241
-0.00219744
-0.00287952
-0.00372013
-0.00469878
-0.00579342
-0.00697359
-0.00821019
-0.00958936
-0.0111955
-0.0102035
-0.0110149
-0.0116574
-0.0121897
-0.0126775
-0.0131258
-0.0135392
-0.0139267
-0.0142968
-0.0146571
-0.0150146
-0.0153753
-0.0157446
-0.0161271
-0.0165264
-0.0169456
-0.0173867
-0.0178512
-0.01834
-0.0188532
-0.0193902
-0.01995
-0.0205308
-0.0211305
-0.0217463
-0.0223747
-0.0230119
-0.0236535
-0.0242945
-0.0249295
-0.0255525
-0.0261572
-0.0267366
-0.0272835
-0.0277902
-0.0282488
-0.028651
-0.0289885
-0.0292528
-0.0294355
-0.0295283
-0.0295233
-0.0294129
-0.0291903
-0.0288495
-0.0283856
-0.0277947
-0.0270747
-0.0262251
-0.0252475
-0.0241456
-0.0229255
-0.021596
-0.0201686
-0.0186579
-0.0170809
-0.0154577
-0.0138111
-0.0121659
-0.010549
-0.00898865
-0.00751347
-0.00615206
-0.00493183
-0.00387808
-0.00301302
-0.00235482
-0.00191679
-0.00170676
-0.00172669
-0.00197253
-0.0024345
-0.00309752
-0.00394217
-0.00494641
-0.00608622
-0.00732818
-0.00864026
-0.010115
-0.0118429
-0.0116124
-0.0124159
-0.0130533
-0.0135828
-0.0140695
-0.0145182
-0.0149338
-0.0153252
-0.0157011
-0.0160692
-0.0164365
-0.0168093
-0.0171931
-0.0175925
-0.0180114
-0.0184528
-0.018919
-0.0194115
-0.0199313
-0.0204786
-0.0210529
-0.0216532
-0.0222777
-0.0229244
-0.0235903
-0.0242721
-0.0249657
-0.0256668
-0.0263701
-0.02707
-0.0277604
-0.0284344
-0.0290851
-0.0297045
-0.0302846
-0.0308169
-0.0312926
-0.0317025
-0.0320375
-0.0322883
-0.0324457
-0.0325007
-0.0324448
-0.03227
-0.0319691
-0.0315359
-0.0309654
-0.0302542
-0.0294005
-0.0284048
-0.0272696
-0.0260002
-0.0246045
-0.0230937
-0.0214818
-0.0197862
-0.0180276
-0.0162294
-0.0144184
-0.0126232
-0.0108747
-0.00920475
-0.00764539
-0.00622799
-0.00498205
-0.00393403
-0.0031063
-0.00251605
-0.00217454
-0.00208644
-0.00224966
-0.00265544
-0.00328882
-0.00412959
-0.00515422
-0.0063366
-0.00764014
-0.00902961
-0.0106044
-0.0124612
-0.0130916
-0.0138855
-0.0145167
-0.0150425
-0.0155272
-0.0159756
-0.0163926
-0.0167872
-0.0171682
-0.0175434
-0.0179198
-0.0183039
-0.0187014
-0.0191169
-0.0195545
-0.0200173
-0.0205079
-0.0210278
-0.0215781
-0.0221591
-0.0227704
-0.0234111
-0.0240795
-0.0247734
-0.0254901
-0.026226
-0.0269772
-0.027739
-0.0285062
-0.029273
-0.030033
-0.0307792
-0.031504
-0.0321993
-0.0328566
-0.0334668
-0.0340204
-0.0345077
-0.0349188
-0.0352434
-0.0354714
-0.035593
-0.0355984
-0.0354784
-0.0352247
-0.0348298
-0.0342872
-0.0335923
-0.032742
-0.0317353
-0.0305735
-0.0292608
-0.0278041
-0.0262138
-0.0245035
-0.0226904
-0.0207954
-0.018843
-0.016861
-0.01488
-0.0129335
-0.0110563
-0.00928433
-0.007653
-0.00619636
-0.00494563
-0.00392788
-0.00316485
-0.00267183
-0.00245687
-0.00252042
-0.00285522
-0.00344679
-0.00427438
-0.00531303
-0.00653447
-0.00789873
-0.00936712
-0.0110461
-0.0130391
-0.0146388
-0.0154218
-0.0160457
-0.016567
-0.0170489
-0.0174963
-0.017914
-0.0183111
-0.0186963
-0.0190776
-0.0194621
-0.0198564
-0.0202663
-0.0206968
-0.0211519
-0.0216351
-0.0221489
-0.0226951
-0.023275
-0.0238888
-0.0245364
-0.0252169
-0.0259287
-0.0266697
-0.0274371
-0.0282275
-0.0290367
-0.0298602
-0.0306925
-0.0315276
-0.032359
-0.0331794
-0.0339809
-0.034755
-0.0354928
-0.0361845
-0.0368202
-0.0373894
-0.0378814
-0.0382852
-0.0385897
-0.038784
-0.0388573
-0.0387992
-0.0386
-0.0382508
-0.0377441
-0.0370734
-0.0362343
-0.0352243
-0.0340435
-0.0326944
-0.031183
-0.0295185
-0.0277138
-0.0257859
-0.0237554
-0.0216475
-0.019491
-0.0173183
-0.0151651
-0.0130695
-0.0110709
-0.00920935
-0.00752358
-0.00605002
-0.00482105
-0.00386356
-0.0031976
-0.00283535
-0.00278042
-0.0030277
-0.00356363
-0.00436721
-0.00541222
-0.0066682
-0.00809159
-0.00963993
-0.0114272
-0.0135635
-0.0162515
-0.0170225
-0.0176383
-0.0181545
-0.018633
-0.0190786
-0.0194962
-0.0198948
-0.0202832
-0.0206694
-0.0210607
-0.0214638
-0.0218847
-0.0223285
-0.0227996
-0.0233014
-0.0238368
-0.0244077
-0.0250155
-0.0256608
-0.0263434
-0.0270626
-0.0278169
-0.0286043
-0.029422
-0.0302665
-0.0311338
-0.0320192
-0.0329171
-0.0338215
-0.0347256
-0.0356218
-0.0365019
-0.0373571
-0.038178
-0.0389544
-0.0396756
-0.0403307
-0.0409081
-0.041396
-0.0417823
-0.0420551
-0.0422025
-0.042213
-0.0420754
-0.0417796
-0.0413164
-0.040678
-0.0398584
-0.0388534
-0.0376616
-0.036284
-0.0347251
-0.032993
-0.0310995
-0.0290608
-0.0268974
-0.0246345
-0.0223017
-0.019933
-0.0175662
-0.0152422
-0.0130044
-0.010897
-0.00896404
-0.00724751
-0.00578562
-0.0046111
-0.00374953
-0.00321798
-0.00302405
-0.00316546
-0.00363016
-0.0043973
-0.00543959
-0.00672444
-0.00820451
-0.0098333
-0.0117325
-0.0140196
-0.017927
-0.0186852
-0.0192924
-0.0198029
-0.0202774
-0.0207206
-0.0211372
-0.0215363
-0.0219266
-0.0223163
-0.0227127
-0.0231228
-0.0235528
-0.0240079
-0.0244927
-0.025011
-0.0255658
-0.0261593
-0.026793
-0.0274677
-0.0281835
-0.0289397
-0.029735
-0.0305674
-0.0314342
-0.0323321
-0.0332569
-0.0342038
-0.0351674
-0.0361413
-0.0371186
-0.0380915
-0.0390516
-0.0399896
-0.0408956
-0.0417592
-0.0425689
-0.0433132
-0.0439798
-0.044556
-0.0450289
-0.0453855
-0.0456128
-0.045698
-0.0456288
-0.0453935
-0.0449816
-0.0443835
-0.0435916
-0.0426002
-0.0414059
-0.0400083
-0.0384101
-0.0366179
-0.0346423
-0.0324985
-0.0302063
-0.0277908
-0.0252819
-0.0227148
-0.0201291
-0.0175687
-0.0150802
-0.0127127
-0.0105153
-0.00853597
-0.0068193
-0.00540454
-0.0043236
-0.00359933
-0.00324421
-0.00325958
-0.00363562
-0.00435214
-0.00538112
-0.00668791
-0.00822126
-0.00993033
-0.011945
-0.0143899
-0.0196624
-0.0204074
-0.0210057
-0.0215102
-0.0219803
-0.0224203
-0.0228351
-0.0232335
-0.0236243
-0.0240156
-0.0244152
-0.0248301
-0.0252666
-0.0257304
-0.0262263
-0.0267583
-0.0273297
-0.027943
-0.0285999
-0.0293014
-0.0300479
-0.0308387
-0.0316728
-0.0325483
-0.0334625
-0.0344122
-0.0353933
-0.0364008
-0.0374294
-0.0384724
-0.0395229
-0.0405728
-0.0416134
-0.0426352
-0.0436278
-0.0445802
-0.0454806
-0.0463167
-0.0470755
-0.0477436
-0.0483071
-0.0487521
-0.0490644
-0.04923
-0.0492354
-0.0490674
-0.0487139
-0.0481639
-0.0474079
-0.0464386
-0.0452506
-0.0438418
-0.0422132
-0.0403694
-0.0383196
-0.0360776
-0.0336624
-0.0310983
-0.0284154
-0.0256495
-0.0228419
-0.0200387
-0.0172902
-0.0146496
-0.0121716
-0.00991033
-0.0079172
-0.00623865
-0.00491376
-0.00397209
-0.00343196
-0.00329932
-0.00356739
-0.00421731
-0.00522074
-0.00654117
-0.00812333
-0.00991177
-0.0120449
-0.0146547
-0.0214547
-0.0221867
-0.0227761
-0.0232745
-0.0237398
-0.024176
-0.0245879
-0.0249842
-0.0253737
-0.0257647
-0.026165
-0.0265818
-0.027022
-0.0274913
-0.0279949
-0.0285372
-0.0291218
-0.0297514
-0.0304281
-0.0311532
-0.0319271
-0.0327496
-0.0336196
-0.0345356
-0.0354948
-0.0364942
-0.0375295
-0.0385961
-0.0396882
-0.0407994
-0.0419223
-0.0430488
-0.0441698
-0.0452756
-0.0463554
-0.0473976
-0.0483901
-0.0493198
-0.0501731
-0.0509358
-0.0515932
-0.0521302
-0.0525318
-0.0527828
-0.0528681
-0.0527735
-0.0524852
-0.0519905
-0.0512783
-0.0503393
-0.0491664
-0.0477555
-0.0461054
-0.0442191
-0.0421039
-0.0397719
-0.0372407
-0.0345338
-0.0316809
-0.028718
-0.0256874
-0.0226374
-0.0196213
-0.0166966
-0.0139234
-0.011362
-0.00907131
-0.00710544
-0.00551147
-0.00432666
-0.00357625
-0.00327187
-0.00341076
-0.0039762
-0.00494009
-0.00626436
-0.00788965
-0.00975573
-0.0120098
-0.0147915
-0.0233008
-0.0240205
-0.0246015
-0.0250939
-0.0255541
-0.0259859
-0.0263939
-0.0267865
-0.0271727
-0.0275608
-0.0279588
-0.0283744
-0.0288146
-0.0292855
-0.0297929
-0.0303413
-0.0309349
-0.0315766
-0.032269
-0.0330136
-0.0338111
-0.0346615
-0.035564
-0.036517
-0.0375182
-0.0385644
-0.0396515
-0.0407748
-0.0419284
-0.0431059
-0.0442998
-0.0455017
-0.0467024
-0.0478916
-0.0490584
-0.0501907
-0.0512758
-0.0523001
-0.0532493
-0.0541084
-0.0548619
-0.0554939
-0.0559882
-0.0563284
-0.0564984
-0.0564823
-0.056265
-0.0558322
-0.0551709
-0.0542701
-0.0531207
-0.0517164
-0.0500542
-0.0481348
-0.0459635
-0.0435504
-0.0409116
-0.0380691
-0.0350518
-0.0318955
-0.0286432
-0.0253445
-0.0220556
-0.0188379
-0.0157565
-0.0128785
-0.01027
-0.00799363
-0.00610522
-0.00465073
-0.00366347
-0.00316195
-0.00314856
-0.00360969
-0.00451822
-0.0058349
-0.00749638
-0.00943739
-0.0118143
-0.0147747
-0.0251978
-0.0259065
-0.0264799
-0.0269667
-0.0274218
-0.0278486
-0.0282514
-0.0286385
-0.029019
-0.0294012
-0.0297935
-0.0302039
-0.0306398
-0.0311078
-0.0316141
-0.0321638
-0.0327614
-0.0334104
-0.0341135
-0.0348728
-0.0356892
-0.0365631
-0.0374938
-0.0384799
-0.0395193
-0.0406087
-0.0417444
-0.0429213
-0.0441338
-0.0453753
-0.046638
-0.0479134
-0.0491921
-0.0504636
-0.0517163
-0.0529381
-0.0541155
-0.0552345
-0.05628
-0.0572365
-0.0580875
-0.0588163
-0.0594056
-0.059838
-0.0600962
-0.0601629
-0.0600215
-0.0596561
-0.0590521
-0.0581965
-0.0570783
-0.0556891
-0.0540237
-0.0520805
-0.0498626
-0.047378
-0.0446407
-0.041671
-0.0384965
-0.0351523
-0.0316813
-0.0281344
-0.0245698
-0.0210523
-0.0176521
-0.0144425
-0.0114974
-0.00888815
-0.00668007
-0.00492885
-0.0036771
-0.00295149
-0.00276087
-0.00309589
-0.00393128
-0.00522721
-0.0069165
-0.00892872
-0.0114299
-0.0145752
-0.0271428
-0.0278424
-0.0284096
-0.0288916
-0.0293416
-0.0297629
-0.0301591
-0.0305387
-0.0309106
-0.0312834
-0.0316659
-0.0320665
-0.032493
-0.0329528
-0.0334524
-0.0339976
-0.0345933
-0.0352437
-0.035952
-0.0367203
-0.0375503
-0.0384424
-0.0393964
-0.0404109
-0.041484
-0.0426126
-0.0437928
-0.0450198
-0.0462878
-0.0475901
-0.0489188
-0.0502653
-0.0516197
-0.0529714
-0.0543084
-0.0556182
-0.0568868
-0.0580996
-0.0592411
-0.0602948
-0.0612437
-0.06207
-0.0627557
-0.0632822
-0.0636309
-0.0637835
-0.0637217
-0.0634282
-0.0628868
-0.0620824
-0.0610022
-0.0596356
-0.0579752
-0.0560171
-0.053762
-0.0512155
-0.0483892
-0.0453016
-0.0419783
-0.0384531
-0.0347686
-0.030976
-0.027135
-0.0233135
-0.019586
-0.016032
-0.0127331
-0.00976959
-0.0072171
-0.00514194
-0.0035972
-0.00261917
-0.00222459
-0.00240969
-0.00315218
-0.00441238
-0.00611956
-0.00819811
-0.010824
-0.0141604
-0.0291331
-0.0298265
-0.0303894
-0.0308676
-0.031313
-0.031728
-0.0321162
-0.0324859
-0.0328458
-0.0332052
-0.033573
-0.0339583
-0.0343695
-0.0348147
-0.0353011
-0.0358352
-0.0364224
-0.0370676
-0.0377743
-0.0385454
-0.0393828
-0.0402872
-0.0412587
-0.0422963
-0.043398
-0.044561
-0.0457813
-0.0470541
-0.0483736
-0.049733
-0.0511243
-0.0525386
-0.0539658
-0.055395
-0.0568139
-0.0582094
-0.0595673
-0.0608723
-0.0621084
-0.0632583
-0.0643044
-0.0652281
-0.0660102
-0.0666314
-0.0670719
-0.0673121
-0.0673324
-0.067114
-0.066639
-0.0658906
-0.064854
-0.0635165
-0.0618684
-0.0599035
-0.0576199
-0.0550207
-0.0521151
-0.048919
-0.0454559
-0.0417579
-0.0378665
-0.0338325
-0.0297167
-0.0255892
-0.0215284
-0.0176194
-0.0139513
-0.0106138
-0.00769297
-0.00526678
-0.00340003
-0.00214004
-0.00151307
-0.00152246
-0.00215022
-0.00335776
-0.00507128
-0.00721003
-0.00996042
-0.0134936
-0.0311663
-0.0318574
-0.0324187
-0.0328945
-0.0333357
-0.033744
-0.0341224
-0.0344792
-0.0348234
-0.0351643
-0.0355118
-0.0358754
-0.0362645
-0.0366879
-0.0371536
-0.0376688
-0.03824
-0.0388723
-0.0395702
-0.0403369
-0.0411746
-0.0420848
-0.0430676
-0.0441221
-0.0452468
-0.0464387
-0.047694
-0.0490079
-0.0503744
-0.0517867
-0.0532365
-0.0547149
-0.0562114
-0.0577148
-0.0592124
-0.0606908
-0.0621353
-0.06353
-0.0648584
-0.0661026
-0.0672442
-0.0682639
-0.0691416
-0.0698569
-0.0703891
-0.0707174
-0.0708209
-0.0706793
-0.0702731
-0.069584
-0.0685951
-0.0672917
-0.0656618
-0.063697
-0.0613926
-0.0587493
-0.0557733
-0.0524779
-0.0488843
-0.0450223
-0.0409315
-0.0366621
-0.0322749
-0.0278415
-0.0234437
-0.0191714
-0.015121
-0.0113913
-0.00807941
-0.00527557
-0.00305747
-0.00148503
-0.000595667
-0.000401609
-0.000890683
-0.00202659
-0.00373313
-0.00592459
-0.00879835
-0.0125336
-0.0332407
-0.0339344
-0.0344973
-0.0349728
-0.0354105
-0.0358113
-0.036178
-0.0365186
-0.0368423
-0.0371593
-0.0374797
-0.0378143
-0.0381733
-0.0385665
-0.0390029
-0.0394907
-0.040037
-0.0406481
-0.0413288
-0.042083
-0.0429136
-0.0438222
-0.0448092
-0.0458742
-0.0470156
-0.0482305
-0.0495153
-0.050865
-0.0522736
-0.053734
-0.055238
-0.0567761
-0.0583379
-0.0599116
-0.0614843
-0.063042
-0.0645697
-0.066051
-0.0674686
-0.0688043
-0.0700388
-0.0711521
-0.0721232
-0.072931
-0.0735536
-0.073969
-0.0741552
-0.0740907
-0.0737543
-0.073126
-0.0721873
-0.0709213
-0.069314
-0.0673544
-0.0650355
-0.0623551
-0.0593167
-0.0559307
-0.0522154
-0.048198
-0.0439161
-0.0394181
-0.0347643
-0.0300271
-0.0252905
-0.0206489
-0.0162052
-0.0120671
-0.0083428
-0.00513543
-0.00253666
-0.000620462
0.000562718
0.000989897
0.000665619
-0.000377559
-0.00206191
-0.00429711
-0.00729217
-0.0112342
-0.0353549
-0.0360575
-0.0366264
-0.0371039
-0.037539
-0.0379317
-0.0382842
-0.0386046
-0.0389025
-0.0391887
-0.0394744
-0.0397714
-0.0400912
-0.0404446
-0.0408419
-0.0412925
-0.0418044
-0.0423847
-0.0430391
-0.0437722
-0.0445872
-0.0454861
-0.04647
-0.0475383
-0.0486897
-0.0499215
-0.0512298
-0.0526097
-0.054055
-0.0555586
-0.0571118
-0.0587051
-0.0603276
-0.0619673
-0.0636108
-0.0652439
-0.0668508
-0.0684148
-0.069918
-0.0713415
-0.0726654
-0.0738689
-0.0749304
-0.0758277
-0.076538
-0.0770383
-0.0773055
-0.0773166
-0.0770492
-0.0764816
-0.0755936
-0.0743665
-0.0727841
-0.0708332
-0.0685041
-0.065792
-0.0626975
-0.0592281
-0.0553989
-0.0512343
-0.0467691
-0.0420497
-0.037135
-0.0320973
-0.027022
-0.022007
-0.0171611
-0.0126003
-0.0084438
-0.004808
-0.00179945
0.000492368
0.00200212
0.00269397
0.00256281
0.00163571
-9.22758e-06
-0.00227766
-0.0053909
-0.0095441
-0.0375087
-0.0382279
-0.0388081
-0.0392906
-0.0397242
-0.0401079
-0.0404433
-0.0407387
-0.0410043
-0.0412519
-0.0414939
-0.0417434
-0.0420133
-0.0423161
-0.0426635
-0.0430658
-0.0435326
-0.0440717
-0.0446899
-0.0453922
-0.0461826
-0.0470635
-0.0480362
-0.0491004
-0.0502547
-0.0514967
-0.0528223
-0.0542265
-0.0557031
-0.0572444
-0.0588418
-0.0604854
-0.0621639
-0.0638649
-0.0655748
-0.0672786
-0.0689603
-0.0706026
-0.072187
-0.073694
-0.075103
-0.0763926
-0.0775403
-0.0785231
-0.0793174
-0.079899
-0.0802438
-0.0803276
-0.0801267
-0.0796179
-0.0787793
-0.0775905
-0.0760332
-0.074092
-0.0717548
-0.0690143
-0.065868
-0.0623204
-0.0583835
-0.0540785
-0.0494371
-0.044503
-0.0393333
-0.033999
-0.0285862
-0.0231954
-0.0179401
-0.0129441
-0.00833717
-0.00424908
-0.000802008
0.00189771
0.00376799
0.00475795
0.00485048
0.00406516
0.002479
0.000189577
-0.0030377
-0.00740601
-0.0397027
-0.0404482
-0.0410461
-0.0415371
-0.0419705
-0.0423439
-0.0426588
-0.0429234
-0.0431491
-0.0433487
-0.0435364
-0.043727
-0.0439351
-0.044175
-0.04446
-0.0448021
-0.0452118
-0.0456985
-0.0462695
-0.0469309
-0.0476871
-0.0485411
-0.0494941
-0.0505464
-0.0516965
-0.0529418
-0.0542784
-0.055701
-0.057203
-0.0587768
-0.0604132
-0.062102
-0.0638315
-0.065589
-0.0673603
-0.0691302
-0.0708818
-0.0725975
-0.0742582
-0.0758438
-0.077333
-0.0787037
-0.0799327
-0.080996
-0.0818693
-0.0825274
-0.0829452
-0.0830972
-0.0829586
-0.0825047
-0.0817122
-0.0805589
-0.0790246
-0.0770919
-0.0747464
-0.071978
-0.0687817
-0.0651588
-0.0611181
-0.0566774
-0.0518652
-0.046722
-0.0413022
-0.0356752
-0.0299267
-0.0241585
-0.018488
-0.0130457
-0.00797157
-0.00340839
0.000505519
0.00364578
0.00591173
0.00723508
0.00758425
0.00696892
0.00546323
0.00316685
-0.000169165
-0.00475618
-0.041939
-0.0427226
-0.043346
-0.0438498
-0.0442842
-0.0446458
-0.0449356
-0.0451625
-0.0453391
-0.0454798
-0.0456009
-0.0457193
-0.045852
-0.0460151
-0.0462239
-0.0464922
-0.0468321
-0.047254
-0.0477664
-0.0483761
-0.0490881
-0.0499057
-0.0508306
-0.0518629
-0.0530014
-0.0542433
-0.0555845
-0.0570194
-0.0585412
-0.060142
-0.0618122
-0.0635411
-0.0653167
-0.0671257
-0.0689536
-0.0707844
-0.072601
-0.074385
-0.0761167
-0.0777755
-0.0793394
-0.0807855
-0.08209
-0.083228
-0.0841744
-0.084903
-0.0853877
-0.0856021
-0.0855199
-0.0851154
-0.0843636
-0.0832409
-0.0817253
-0.0797973
-0.0774404
-0.074642
-0.0713945
-0.0676962
-0.0635527
-0.0589785
-0.0539983
-0.0486495
-0.0429832
-0.0370664
-0.0309833
-0.0248363
-0.0187454
-0.0128469
-0.00728967
-0.00222941
0.00217933
0.00579317
0.00849113
0.0101852
0.0108264
0.010412
0.00901094
0.00672364
0.00328533
-0.00152373
-0.0442216
-0.0450576
-0.0457157
-0.0462371
-0.0466739
-0.0470216
-0.0472807
-0.0474613
-0.0475776
-0.0476465
-0.0476866
-0.0477177
-0.0477592
-0.0478299
-0.0479473
-0.0481271
-0.0483832
-0.0487271
-0.0491686
-0.0497153
-0.0503726
-0.0511444
-0.0520324
-0.0530369
-0.0541565
-0.0553882
-0.0567277
-0.0581691
-0.0597053
-0.0613278
-0.0630267
-0.0647907
-0.0666075
-0.0684632
-0.0703426
-0.0722293
-0.0741056
-0.0759526
-0.0777499
-0.0794761
-0.0811087
-0.0826241
-0.0839976
-0.0852038
-0.0862164
-0.0870085
-0.0875531
-0.0878225
-0.0877895
-0.087427
-0.0867087
-0.0856095
-0.0841058
-0.0821761
-0.079802
-0.0769686
-0.0736657
-0.0698887
-0.0656401
-0.0609311
-0.0557829
-0.050229
-0.0443171
-0.0381113
-0.0316935
-0.0251655
-0.0186488
-0.0122842
-0.00622842
-0.000649427
0.00428212
0.00840319
0.0115709
0.013675
0.0146466
0.0144669
0.0131975
0.0109375
0.00740452
0.00237016
-0.0465568
-0.0474625
-0.0481664
-0.0487109
-0.0491512
-0.0494817
-0.0497029
-0.0498266
-0.0498693
-0.0498509
-0.0497933
-0.0497195
-0.0496521
-0.049613
-0.049622
-0.0496973
-0.0498544
-0.0501065
-0.0504643
-0.0509362
-0.0515284
-0.0522447
-0.0530872
-0.054056
-0.0551495
-0.0563646
-0.0576965
-0.0591389
-0.0606842
-0.0623235
-0.0640462
-0.0658407
-0.0676939
-0.0695915
-0.0715176
-0.0734552
-0.0753861
-0.0772905
-0.0791476
-0.0809354
-0.0826304
-0.0842085
-0.0856442
-0.0869112
-0.0879825
-0.0888303
-0.0894264
-0.0897425
-0.0897499
-0.0894205
-0.0887268
-0.087642
-0.0861411
-0.084201
-0.0818011
-0.0789245
-0.0755586
-0.0716961
-0.0673366
-0.0624879
-0.0571677
-0.0514057
-0.0452459
-0.0387488
-0.0319937
-0.0250805
-0.0181312
-0.0112896
-0.00471953
0.00140019
0.0068831
0.0115461
0.0152231
0.0177793
0.0191225
0.0192149
0.0181072
0.0158951
0.0122763
0.00701319
-0.0489536
-0.0499502
-0.0507131
-0.0512867
-0.0517311
-0.0520398
-0.0522139
-0.0522675
-0.0522204
-0.0520963
-0.0519213
-0.0517223
-0.051526
-0.0513574
-0.0512396
-0.0511929
-0.051235
-0.0513805
-0.0516414
-0.0520267
-0.052543
-0.0531944
-0.0539829
-0.0549086
-0.0559694
-0.0571618
-0.0584805
-0.0599188
-0.0614685
-0.06312
-0.0648622
-0.0666828
-0.068568
-0.0705029
-0.072471
-0.0744547
-0.076435
-0.0783915
-0.0803028
-0.0821459
-0.0838969
-0.0855308
-0.0870213
-0.0883415
-0.0894633
-0.0903581
-0.0909968
-0.0913499
-0.0913879
-0.0910814
-0.0904015
-0.0893203
-0.0878111
-0.0858493
-0.0834124
-0.0804816
-0.0770418
-0.0730835
-0.0686033
-0.0636059
-0.0581055
-0.0521281
-0.0457139
-0.0389194
-0.0318205
-0.0245148
-0.0171235
-0.00979226
-0.00269033
0.00399351
0.0100578
0.0152993
0.0195275
0.022581
0.0243407
0.0247465
0.0238343
0.0216934
0.017999
0.0125031
-0.0514254
-0.0525382
-0.0533755
-0.0539847
-0.0544331
-0.0547135
-0.0548284
-0.0547952
-0.0546384
-0.0543867
-0.0540712
-0.0537239
-0.0533758
-0.053056
-0.0527909
-0.0526036
-0.0525137
-0.0525375
-0.0526878
-0.0529746
-0.0534045
-0.0539819
-0.0547086
-0.055584
-0.056606
-0.0577702
-0.0590709
-0.0605007
-0.0620505
-0.0637102
-0.0654679
-0.0673106
-0.0692239
-0.071192
-0.0731978
-0.0752229
-0.0772477
-0.079251
-0.0812106
-0.083103
-0.0849034
-0.086586
-0.0881239
-0.089489
-0.0906526
-0.0915853
-0.0922568
-0.0926367
-0.0926943
-0.0923992
-0.0917212
-0.0906311
-0.0891006
-0.0871037
-0.0846161
-0.0816172
-0.0780897
-0.0740217
-0.0694072
-0.0642478
-0.0585546
-0.0523499
-0.0456697
-0.0385667
-0.0311131
-0.0234031
-0.0155564
-0.00771927
-6.49206e-05
0.00720921
0.0138876
0.0197471
0.024572
0.0281718
0.030398
0.031163
0.0304844
0.0284415
0.0246829
0.0189494
-0.0539903
-0.0552502
-0.0561798
-0.0568315
-0.0572822
-0.057525
-0.0575647
-0.0574239
-0.057133
-0.0567273
-0.0562442
-0.0557217
-0.0551962
-0.0547011
-0.0542666
-0.0539186
-0.053679
-0.0535654
-0.0535917
-0.0537681
-0.0541017
-0.0545965
-0.0552538
-0.0560729
-0.0570505
-0.058182
-0.0594605
-0.0608779
-0.0624244
-0.0640889
-0.0658588
-0.0677203
-0.0696581
-0.0716556
-0.0736951
-0.0757573
-0.0778218
-0.0798668
-0.0818692
-0.0838048
-0.085648
-0.0873721
-0.0889495
-0.0903513
-0.0915478
-0.0925086
-0.0932026
-0.0935983
-0.0936639
-0.0933678
-0.0926786
-0.0915656
-0.0899995
-0.0879522
-0.0853982
-0.0823148
-0.0786828
-0.074488
-0.0697218
-0.0643832
-0.0584799
-0.0520308
-0.0450679
-0.03764
-0.0298148
-0.0216833
-0.0133624
-0.00499795
0.00323417
0.0111293
0.0184589
0.0249804
0.0304524
0.0346534
0.0374016
0.0385779
0.0381766
0.0362623
0.0324525
0.0264747
-0.0566732
-0.0581177
-0.0591606
-0.0598613
-0.0603102
-0.060502
-0.0604456
-0.0601706
-0.0597157
-0.0591243
-0.0584418
-0.0577134
-0.0569813
-0.0562844
-0.0556566
-0.0551268
-0.0547189
-0.0544521
-0.0543409
-0.0543958
-0.0546236
-0.0550279
-0.0556095
-0.0563668
-0.0572957
-0.0583906
-0.0596436
-0.0610458
-0.0625862
-0.0642529
-0.0660324
-0.0679098
-0.0698691
-0.0718928
-0.0739624
-0.0760577
-0.0781575
-0.0802392
-0.082279
-0.0842518
-0.0861312
-0.0878898
-0.0894989
-0.0909289
-0.0921491
-0.0931282
-0.093834
-0.0942341
-0.0942954
-0.0939852
-0.0932708
-0.0921202
-0.0905026
-0.0883885
-0.0857506
-0.0825642
-0.0788085
-0.074467
-0.0695286
-0.0639895
-0.0578545
-0.0511389
-0.0438712
-0.0360956
-0.0278759
-0.0192988
-0.0104781
-0.00155812
0.00728383
0.0158372
0.0238619
0.0310963
0.0372728
0.0421374
0.0454712
0.0471187
0.0470451
0.0452952
0.0414488
0.0352179
-0.059508
-0.0611826
-0.062363
-0.0631182
-0.0635576
-0.0636794
-0.0634991
-0.0630562
-0.0624002
-0.0615849
-0.0606657
-0.0596958
-0.0587247
-0.0577967
-0.0569499
-0.0562161
-0.0556212
-0.0551854
-0.0549237
-0.0548464
-0.0549599
-0.0552671
-0.0557676
-0.0564589
-0.0573357
-0.0583912
-0.0596166
-0.0610015
-0.062534
-0.0642011
-0.0659881
-0.0678793
-0.0698577
-0.0719049
-0.0740013
-0.0761261
-0.0782571
-0.0803709
-0.0824429
-0.0844471
-0.0863563
-0.0881421
-0.0897752
-0.0912248
-0.0924596
-0.0934469
-0.0941538
-0.0945465
-0.094591
-0.0942533
-0.0934993
-0.0922958
-0.0906102
-0.0884117
-0.0856711
-0.0823621
-0.0784617
-0.0739512
-0.0688172
-0.0630532
-0.0566609
-0.0496522
-0.0420518
-0.0338999
-0.0252557
-0.0162015
-0.00684735
0.00266487
0.0121576
0.0214156
0.0301884
0.0381963
0.045145
0.0507459
0.0547397
0.0569288
0.0572426
0.0556995
0.0518336
0.045337
-0.0625406
-0.0645008
-0.0658461
-0.0666593
-0.0670758
-0.0671006
-0.0667593
-0.0661053
-0.0652023
-0.0641172
-0.0629171
-0.0616651
-0.0604186
-0.0592276
-0.0581344
-0.0571737
-0.0563729
-0.0557528
-0.0553284
-0.0551095
-0.0551014
-0.0553058
-0.0557213
-0.0563436
-0.0571663
-0.0581809
-0.0593774
-0.0607441
-0.0622678
-0.0639342
-0.0657276
-0.0676312
-0.0696268
-0.0716952
-0.0738158
-0.0759668
-0.0781252
-0.0802668
-0.0823659
-0.0843958
-0.0863285
-0.0881347
-0.089784
-0.091245
-0.092485
-0.0934706
-0.0941677
-0.0945415
-0.0945567
-0.0941779
-0.0933698
-0.0920977
-0.0903275
-0.0880267
-0.0851642
-0.081712
-0.0776447
-0.0729416
-0.0675867
-0.0615708
-0.0548924
-0.04756
-0.0395944
-0.0310315
-0.0219258
-0.012355
-0.00242468
0.00772654
0.0179218
0.0279428
0.0375294
0.0463845
0.0541871
0.0606119
0.0653549
0.0681701
0.0689438
0.0676591
0.0637935
0.0570138
-0.065833
-0.0681467
-0.0696877
-0.0705582
-0.0709299
-0.0708194
-0.0702678
-0.0693472
-0.0681399
-0.0667295
-0.0651968
-0.0636162
-0.0620536
-0.0605649
-0.0591966
-0.0579855
-0.0569602
-0.0561413
-0.0555432
-0.0551745
-0.0550391
-0.055137
-0.0554648
-0.0560168
-0.0567847
-0.0577583
-0.058926
-0.0602746
-0.0617895
-0.0634551
-0.0652545
-0.0671696
-0.0691812
-0.071269
-0.0734115
-0.0755859
-0.0777682
-0.0799334
-0.082055
-0.0841053
-0.0860554
-0.0878752
-0.0895333
-0.0909972
-0.0922336
-0.0932078
-0.0938846
-0.094228
-0.0942015
-0.0937685
-0.0928922
-0.0915362
-0.089665
-0.0872441
-0.0842407
-0.0806245
-0.0763682
-0.0714483
-0.0658463
-0.05955
-0.0525546
-0.044865
-0.0364976
-0.0274839
-0.0178734
-0.00773846
0.00282046
0.0136687
0.0246314
0.0354882
0.0459706
0.0557649
0.0645222
0.0718786
0.0774806
0.0810265
0.0823498
0.0813879
0.0775469
0.0704602
-0.0694695
-0.07222
-0.0739902
-0.0749101
-0.0752021
-0.0749022
-0.0740738
-0.0728152
-0.0712325
-0.0694296
-0.0675037
-0.0655415
-0.0636177
-0.0617943
-0.0601209
-0.0586361
-0.0573682
-0.0563374
-0.0555563
-0.0550316
-0.054765
-0.0547543
-0.054994
-0.0554759
-0.0561898
-0.0571236
-0.0582639
-0.0595956
-0.0611029
-0.0627684
-0.0645741
-0.0665005
-0.0685275
-0.0706334
-0.0727959
-0.0749912
-0.0771944
-0.0793794
-0.081519
-0.0835845
-0.0855462
-0.087373
-0.0890327
-0.0904918
-0.0917159
-0.0926693
-0.0933157
-0.0936179
-0.0935382
-0.0930384
-0.0920804
-0.0906261
-0.0886383
-0.0860806
-0.0829182
-0.0791184
-0.0746515
-0.0694913
-0.0636164
-0.0570112
-0.0496672
-0.0415851
-0.0327769
-0.0232687
-0.0131045
-0.00235045
0.0088989
0.0205142
0.0323238
0.0441068
0.0555875
0.0664359
0.0762748
0.0846984
0.0912979
0.0957068
0.0976946
0.0971389
0.0933536
0.0859269
-0.0735651
-0.076855
-0.0788895
-0.0798386
-0.0799965
-0.07943
-0.0782358
-0.076547
-0.0745001
-0.0722237
-0.0698335
-0.0674296
-0.0650954
-0.0628978
-0.0608889
-0.0591073
-0.0575806
-0.0563265
-0.0553553
-0.0546706
-0.0542713
-0.0541522
-0.0543051
-0.0547192
-0.0553818
-0.0562786
-0.0573941
-0.0587115
-0.0602131
-0.0618803
-0.0636933
-0.0656316
-0.0676737
-0.0697971
-0.0719781
-0.0741921
-0.0764133
-0.0786148
-0.0807682
-0.0828441
-0.0848119
-0.0866397
-0.0882942
-0.089741
-0.0909447
-0.0918687
-0.0924754
-0.0927264
-0.0925827
-0.0920047
-0.0909528
-0.0893873
-0.0872689
-0.0845593
-0.0812215
-0.0772204
-0.0725234
-0.0671014
-0.0609295
-0.0539883
-0.0462651
-0.0377558
-0.028467
-0.0184187
-0.00764804
0.0037859
0.0157961
0.0282604
0.041012
0.0538313
0.0664373
0.0784843
0.0895657
0.0992298
0.107005
0.11245
0.115253
0.115215
0.111527
0.103716
-0.0782779
-0.0822348
-0.0845668
-0.0855038
-0.0854434
-0.0845009
-0.0828206
-0.0805822
-0.0779606
-0.0751132
-0.0721762
-0.069263
-0.0664649
-0.0638522
-0.0614775
-0.0593779
-0.0575781
-0.0560922
-0.0549265
-0.0540809
-0.0535501
-0.0533256
-0.0533955
-0.0537461
-0.0543618
-0.0552261
-0.0563209
-0.0576277
-0.0591268
-0.060798
-0.0626202
-0.0645716
-0.0666293
-0.0687697
-0.0709683
-0.0731993
-0.0754361
-0.0776508
-0.0798143
-0.0818962
-0.0838651
-0.0856882
-0.0873313
-0.0887592
-0.0899353
-0.090822
-0.0913807
-0.0915717
-0.0913548
-0.0906889
-0.0895327
-0.0878449
-0.0855843
-0.0827104
-0.0791837
-0.0749665
-0.0700232
-0.0643211
-0.0578315
-0.0505306
-0.0424007
-0.0334321
-0.0236246
-0.012991
-0.00156022
0.0106179
0.0234661
0.0368715
0.0506755
0.0646626
0.0785492
0.0919751
0.104504
0.115633
0.124818
0.131527
0.13535
0.135983
0.132456
0.124199
-0.0838287
-0.0886105
-0.091265
-0.092114
-0.0917057
-0.0902312
-0.0879023
-0.08496
-0.0816262
-0.078091
-0.0745119
-0.0710146
-0.0676957
-0.0646266
-0.0618574
-0.0594212
-0.0573375
-0.0556151
-0.0542545
-0.0532505
-0.052593
-0.0522688
-0.0522622
-0.0525561
-0.0531317
-0.0539695
-0.0550494
-0.0563505
-0.0578513
-0.0595301
-0.0613641
-0.0633302
-0.0654045
-0.0675622
-0.0697778
-0.0720245
-0.0742749
-0.0765002
-0.0786704
-0.0807545
-0.0827201
-0.0845336
-0.0861599
-0.087563
-0.0887053
-0.0895483
-0.0900521
-0.0901761
-0.0898785
-0.089117
-0.0878487
-0.0860304
-0.0836189
-0.0805716
-0.0768464
-0.0724025
-0.0672011
-0.0612056
-0.0543829
-0.046704
-0.0381454
-0.0286904
-0.018331
-0.00707094
0.00507146
0.018058
0.0318242
0.0462704
0.0612505
0.076558
0.0919109
0.106938
0.121173
0.134058
0.144965
0.153249
0.158376
0.159901
0.156628
0.147847
-0.0905294
-0.0963325
-0.0993128
-0.0999388
-0.0989839
-0.0967544
-0.093557
-0.0897115
-0.0854954
-0.081134
-0.0768047
-0.072642
-0.0687441
-0.0651786
-0.0619898
-0.0592031
-0.0568299
-0.0548712
-0.0533203
-0.052165
-0.0513895
-0.0509753
-0.050902
-0.0511486
-0.0516929
-0.0525125
-0.0535848
-0.0548865
-0.0563945
-0.0580852
-0.0599345
-0.0619179
-0.0640104
-0.0661862
-0.0684187
-0.0706804
-0.072943
-0.0751768
-0.0773512
-0.0794343
-0.0813929
-0.0831928
-0.0847981
-0.0861718
-0.0872756
-0.0880699
-0.0885139
-0.0885658
-0.0881826
-0.0873206
-0.0859353
-0.0839818
-0.0814149
-0.0781895
-0.0742609
-0.0695852
-0.0641199
-0.0578242
-0.05066
-0.0425924
-0.033591
-0.0236309
-0.0126947
-0.000774584
0.012124
0.0259781
0.0407403
0.0563295
0.0726183
0.0894166
0.106452
0.123349
0.139614
0.154632
0.167677
0.177964
0.184798
0.187542
0.184677
0.175272
-0.0988321
-0.105897
-0.109157
-0.109326
-0.107519
-0.104215
-0.0998526
-0.0948481
-0.0895415
-0.0841923
-0.0789929
-0.07408
-0.0695462
-0.0654496
-0.0618226
-0.0586788
-0.056018
-0.0538304
-0.0521001
-0.0508066
-0.0499269
-0.0494365
-0.04931
-0.0495219
-0.0500465
-0.0508583
-0.051932
-0.0532424
-0.0547642
-0.0564722
-0.0583412
-0.0603453
-0.0624584
-0.0646537
-0.0669038
-0.0691805
-0.0714545
-0.0736956
-0.0758724
-0.0779524
-0.0799017
-0.0816853
-0.0832667
-0.0846082
-0.0856706
-0.0864134
-0.0867951
-0.0867726
-0.0863018
-0.0853378
-0.0838346
-0.0817454
-0.0790231
-0.0756202
-0.0714894
-0.0665834
-0.0608558
-0.0542613
-0.0467561
-0.0382989
-0.0288513
-0.0183788
-0.00685272
0.0057484
0.0194356
0.034205
0.0500319
0.0668609
0.084592
0.103062
0.122022
0.141103
0.159798
0.177432
0.19317
0.206056
0.215181
0.21964
0.217447
0.207304
-0.109411
-0.118018
-0.12141
-0.120719
-0.117588
-0.112755
-0.106828
-0.100339
-0.0936924
-0.0871724
-0.0809755
-0.0752293
-0.0700102
-0.0653576
-0.0612854
-0.0577892
-0.0548532
-0.052454
-0.0505637
-0.0491523
-0.0481885
-0.0476411
-0.0474792
-0.0476727
-0.0481921
-0.049009
-0.0500953
-0.0514239
-0.0529676
-0.0546998
-0.0565939
-0.058623
-0.06076
-0.0629773
-0.0652467
-0.0675392
-0.069825
-0.0720732
-0.074252
-0.076328
-0.0782671
-0.0800335
-0.0815901
-0.0828985
-0.083919
-0.0846103
-0.08493
-0.0848341
-0.0842776
-0.0832141
-0.0815964
-0.0793762
-0.0765042
-0.0729309
-0.0686058
-0.0634787
-0.0574991
-0.0506167
-0.042782
-0.0339462
-0.0240622
-0.0130848
-0.000972031
0.0123138
0.0268034
0.0425171
0.0594592
0.0776084
0.0969043
0.117227
0.138366
0.159986
0.181583
0.202441
0.221608
0.237924
0.250197
0.257148
0.256092
0.245114
-0.123308
-0.133749
-0.136907
-0.134664
-0.129484
-0.122474
-0.114454
-0.106079
-0.0978006
-0.0899125
-0.0825933
-0.0759427
-0.0700057
-0.0647911
-0.0602846
-0.0564576
-0.0532739
-0.050693
-0.0486733
-0.0471734
-0.0461532
-0.0455742
-0.0453998
-0.0455953
-0.0461275
-0.0469651
-0.0480776
-0.0494358
-0.0510112
-0.0527758
-0.0547018
-0.0567614
-0.0589268
-0.0611696
-0.0634611
-0.0657716
-0.068071
-0.0703278
-0.0725096
-0.0745828
-0.0765127
-0.0782631
-0.0797964
-0.0810738
-0.0820549
-0.0826978
-0.0829595
-0.0827953
-0.0821591
-0.0810036
-0.0792803
-0.0769394
-0.0739299
-0.0701999
-0.0656967
-0.0603664
-0.0541547
-0.0470063
-0.0388655
-0.0296761
-0.0193814
-0.00792428
0.00475201
0.0187035
0.0339843
0.0506436
0.0687216
0.0882416
0.109197
0.131529
0.155098
0.17963
0.204667
0.229487
0.253041
0.27394
0.29063
0.301303
0.302236
0.290439
-0.142219
-0.154669
-0.15678
-0.151801
-0.143464
-0.133372
-0.122574
-0.111828
-0.1016
-0.0921507
-0.083606
-0.0760097
-0.0693542
-0.063602
-0.0586999
-0.054588
-0.0512043
-0.0484886
-0.0463836
-0.0448359
-0.0437959
-0.0432178
-0.0430596
-0.043282
-0.0438487
-0.0447256
-0.0458803
-0.0472819
-0.0489006
-0.0507073
-0.0526735
-0.0547707
-0.0569704
-0.0592439
-0.0615618
-0.0638943
-0.0662108
-0.0684794
-0.0706676
-0.0727415
-0.0746658
-0.0764043
-0.0779189
-0.0791705
-0.0801183
-0.08072
-0.080932
-0.0807089
-0.0800042
-0.0787695
-0.0769554
-0.0745106
-0.0713827
-0.0675179
-0.0628608
-0.0573547
-0.0509413
-0.0435607
-0.0351509
-0.025648
-0.0149855
-0.00309403
0.010099
0.02467
0.0406988
0.0582681
0.0774609
0.0983553
0.121014
0.145466
0.171671
0.199473
0.228518
0.258153
0.287298
0.314356
0.33734
0.353712
0.358213
0.346008
-0.16906
-0.183188
-0.182511
-0.172791
-0.159629
-0.145216
-0.13079
-0.117135
-0.104648
-0.0934861
-0.0836683
-0.075143
-0.0678223
-0.0616042
-0.0563851
-0.0520663
-0.0485565
-0.0457736
-0.0436439
-0.0421017
-0.0410884
-0.0405516
-0.0404442
-0.0407234
-0.0413501
-0.0422881
-0.0435036
-0.0449644
-0.04664
-0.0485006
-0.0505171
-0.0526607
-0.0549025
-0.0572136
-0.0595645
-0.061925
-0.0642644
-0.0665508
-0.0687514
-0.0708322
-0.0727579
-0.0744919
-0.0759961
-0.0772311
-0.078156
-0.0787282
-0.0789036
-0.0786366
-0.07788
-0.076585
-0.0747011
-0.0721762
-0.0689566
-0.0649866
-0.060209
-0.0545641
-0.0479903
-0.0404231
-0.031795
-0.0220346
-0.0110658
0.0011928
0.01483
0.0299431
0.0466392
0.0650374
0.0852688
0.107476
0.131806
0.158399
0.187359
0.218706
0.252287
0.287643
0.323806
0.359103
0.391118
0.41638
0.427451
0.41638
-0.209168
-0.223012
-0.215872
-0.198055
-0.177645
-0.157313
-0.138294
-0.121213
-0.106247
-0.0933332
-0.0823069
-0.0729694
-0.0651208
-0.0585763
-0.053172
-0.0487655
-0.0452351
-0.0424764
-0.0404003
-0.0389305
-0.0380006
-0.0375532
-0.0375373
-0.0379078
-0.0386236
-0.0396476
-0.040945
-0.0424833
-0.0442315
-0.0461597
-0.0482387
-0.0504397
-0.0527337
-0.0550918
-0.0574846
-0.059882
-0.0622532
-0.0645664
-0.0667888
-0.0688865
-0.0708242
-0.0725653
-0.0740718
-0.0753042
-0.0762214
-0.0767808
-0.0769383
-0.076648
-0.0758624
-0.0745323
-0.0726066
-0.0700325
-0.0667554
-0.0627183
-0.0578621
-0.0521252
-0.0454428
-0.0377467
-0.0289644
-0.0190179
-0.00782284
0.00471389
0.0186959
0.0342404
0.0514816
0.0705751
0.0917023
0.115075
0.140936
0.169561
0.201238
0.236233
0.274714
0.316601
0.361306
0.407388
0.452284
0.491544
0.514941
0.5095
-0.272542
-0.279686
-0.258586
-0.227276
-0.196291
-0.168165
-0.143641
-0.122819
-0.105393
-0.0909152
-0.0789362
-0.0690553
-0.0609326
-0.054288
-0.0488937
-0.0445651
-0.0411523
-0.0385328
-0.0366057
-0.0352872
-0.0345064
-0.0342028
-0.0343239
-0.0348236
-0.0356609
-0.0367981
-0.038201
-0.0398372
-0.041676
-0.0436878
-0.0458439
-0.0481156
-0.0504745
-0.0528918
-0.0553385
-0.0577848
-0.0602001
-0.0625528
-0.0648104
-0.0669392
-0.068904
-0.0706685
-0.0721947
-0.0734434
-0.0743736
-0.0749427
-0.0751067
-0.0748197
-0.0740341
-0.0727005
-0.0707677
-0.0681824
-0.0648892
-0.0608305
-0.055946
-0.0501724
-0.0434427
-0.0356858
-0.0268254
-0.0167783
-0.00545299
0.00725268
0.021455
0.0372884
0.0549108
0.0745111
0.0963179
0.120611
0.147732
0.178103
0.212226
0.250683
0.294091
0.342986
0.397563
0.457243
0.520062
0.581124
0.627446
0.63883
-0.378121
-0.36084
-0.311685
-0.25894
-0.213178
-0.17536
-0.144798
-0.120397
-0.100964
-0.0854556
-0.0730373
-0.0630646
-0.0550471
-0.0486128
-0.0434792
-0.0394293
-0.0362949
-0.0339435
-0.032269
-0.0311855
-0.0306217
-0.0305175
-0.0308216
-0.031489
-0.0324799
-0.033758
-0.0352902
-0.0370451
-0.0389932
-0.0411058
-0.0433548
-0.0457124
-0.0481507
-0.0506418
-0.0531569
-0.0556668
-0.0581414
-0.0605495
-0.0628591
-0.0650367
-0.0670475
-0.0688556
-0.0704232
-0.0717115
-0.0726796
-0.0732855
-0.073485
-0.0732326
-0.0724808
-0.0711802
-0.0692797
-0.0667259
-0.0634632
-0.0594335
-0.054576
-0.0488263
-0.0421163
-0.0343731
-0.0255177
-0.0154637
-0.0041149
0.00863732
0.022918
0.038874
0.0566809
0.076553
0.0987565
0.123628
0.151599
0.183227
0.219239
0.260569
0.308401
0.364147
0.429331
0.50525
0.591982
0.685716
0.773206
0.826832
-0.569412
-0.474926
-0.371525
-0.287597
-0.223174
-0.174785
-0.138855
-0.11205
-0.091792
-0.0762708
-0.0642338
-0.054809
-0.0473866
-0.0415356
-0.0369465
-0.0333923
-0.0307033
-0.0287495
-0.0274292
-0.0266611
-0.0263787
-0.0265263
-0.0270564
-0.0279275
-0.0291025
-0.030548
-0.0322327
-0.0341275
-0.0362041
-0.0384355
-0.0407947
-0.043255
-0.0457896
-0.0483711
-0.0509719
-0.0535632
-0.0561157
-0.0585987
-0.0609807
-0.0632287
-0.0653086
-0.0671846
-0.0688197
-0.0701752
-0.0712109
-0.0718848
-0.0721534
-0.0719713
-0.0712914
-0.0700647
-0.0682403
-0.0657649
-0.0625831
-0.058637
-0.0538654
-0.0482042
-0.0415847
-0.0339334
-0.0251706
-0.0152086
-0.00394925
0.0087186
0.0229239
0.0388191
0.0565881
0.0764581
0.0987161
0.123732
0.151994
0.184159
0.22113
0.264164
0.315029
0.376203
0.451119
0.544314
0.660238
0.800057
0.962179
1.12362
-0.965527
-0.622975
-0.409705
-0.28823
-0.208648
-0.154712
-0.118212
-0.0928778
-0.0746535
-0.0611556
-0.050938
-0.0430807
-0.0369837
-0.0322465
-0.0285938
-0.02583
-0.023812
-0.0224318
-0.0216055
-0.021266
-0.0213582
-0.0218357
-0.0226584
-0.0237909
-0.0252012
-0.0268597
-0.0287388
-0.030812
-0.0330537
-0.0354387
-0.0379419
-0.0405381
-0.0432019
-0.045907
-0.0486268
-0.0513337
-0.0539989
-0.0565929
-0.0590847
-0.061442
-0.0636314
-0.0656177
-0.0673644
-0.0688334
-0.0699851
-0.070778
-0.0711691
-0.0711136
-0.0705648
-0.0694742
-0.0677914
-0.0654638
-0.0624364
-0.0586519
-0.05405
-0.0485669
-0.0421351
-0.034682
-0.026129
-0.0163898
-0.00536824
0.0070447
0.020975
0.0365712
0.0540126
0.0735202
0.0953739
0.119936
0.14769
0.179299
0.215698
0.258255
0.309041
0.371294
0.450295
0.554683
0.69673
0.894361
1.19845
1.65352
-1.67871
-0.771015
-0.369879
-0.222414
-0.147604
-0.103006
-0.0760715
-0.0589081
-0.0470819
-0.0384532
-0.0319371
-0.0269198
-0.0230313
-0.0200382
-0.0177843
-0.0161595
-0.015082
-0.0144887
-0.0143289
-0.0145603
-0.0151469
-0.0160568
-0.0172613
-0.018734
-0.0204501
-0.022386
-0.0245189
-0.0268261
-0.0292854
-0.0318744
-0.0345704
-0.0373503
-0.0401904
-0.0430662
-0.0459525
-0.0488227
-0.0516495
-0.0544042
-0.0570569
-0.0595763
-0.0619296
-0.0640825
-0.0659994
-0.0676428
-0.0689737
-0.0699514
-0.0705336
-0.0706761
-0.0703329
-0.0694564
-0.0679968
-0.0659024
-0.0631193
-0.0595911
-0.055259
-0.0500609
-0.0439311
-0.0367997
-0.0285913
-0.0192238
-0.00860665
0.00336174
0.0167973
0.0318351
0.0486353
0.0673927
0.0883497
0.111815
0.138194
0.168035
0.202107
0.241538
0.28808
0.344663
0.416689
0.514934
0.660997
0.907191
1.42724
2.45791
)
;

boundaryField
{
    movingWall
    {
        type            zeroGradient;
    }
    fixedWalls
    {
        type            zeroGradient;
    }
    frontAndBack
    {
        type            empty;
    }
}


// ************************************************************************* //
