/*--------------------------------*- C++ -*----------------------------------*\
  =========                 |
  \\      /  F ield         | OpenFOAM: The Open Source CFD Toolbox
   \\    /   O peration     | Website:  https://openfoam.org
    \\  /    A nd           | Version:  7
     \\/     M anipulation  |
\*---------------------------------------------------------------------------*/
FoamFile
{
    version     2.0;
    format      ascii;
    class       volScalarField;
    location    "1.45";
    object      p;
}
// * * * * * * * * * * * * * * * * * * * * * * * * * * * * * * * * * * * * * //

dimensions      [0 2 -2 0 0 0 0];

internalField   nonuniform List<scalar> 
6400
(
6.46056e-10
3.5756e-06
-1.19328e-05
-4.62959e-05
-9.60526e-05
-0.000157958
-0.000229157
-0.000307382
-0.000390934
-0.000478739
-0.000570056
-0.000664471
-0.000761693
-0.000861483
-0.000963584
-0.00106765
-0.00117321
-0.00127965
-0.00138618
-0.00149183
-0.00159548
-0.00169582
-0.00179142
-0.00188069
-0.00196193
-0.00203336
-0.00209313
-0.00213939
-0.0021703
-0.00218413
-0.00217928
-0.00215436
-0.00210828
-0.00204033
-0.00195021
-0.00183814
-0.00170493
-0.00155202
-0.00138151
-0.00119617
-0.000999445
-0.000795452
-0.00058885
-0.000384781
-0.000188739
-6.41486e-06
0.00015648
0.000294409
0.000402211
0.000475299
0.000509852
0.000502982
0.000452868
0.000358859
0.000221512
4.25985e-05
-0.000174961
-0.000427209
-0.000709275
-0.0010156
-0.00134011
-0.0016765
-0.00201838
-0.00235953
-0.00269408
-0.00301662
-0.00332234
-0.00360706
-0.00386726
-0.00410001
-0.00430297
-0.00447424
-0.0046124
-0.00471642
-0.00478581
-0.00482099
-0.00482405
-0.00480026
-0.00475979
-0.00471808
-4.22679e-06
-7.31902e-07
-1.54089e-05
-4.61548e-05
-8.9842e-05
-0.000144246
-0.000207342
-0.000277462
-0.000353057
-0.000433225
-0.000517255
-0.000604647
-0.000695031
-0.00078809
-0.000883496
-0.000980865
-0.00107972
-0.00117945
-0.00127932
-0.00137846
-0.00147583
-0.00157028
-0.00166049
-0.00174506
-0.00182244
-0.00189105
-0.0019492
-0.00199523
-0.00202749
-0.00204437
-0.00204443
-0.0020264
-0.00198928
-0.00193238
-0.00185543
-0.00175859
-0.0016426
-0.00150872
-0.00135885
-0.00119555
-0.00102192
-0.00084172
-0.000659217
-0.000479129
-0.000306501
-0.00014656
-4.55466e-06
0.000114427
0.000205647
0.000264898
0.000288686
0.000274385
0.000220363
0.000126069
-7.9244e-06
-0.000179927
-0.000387186
-0.000625992
-0.000891825
-0.00117951
-0.00148345
-0.00179781
-0.00211673
-0.0024345
-0.00274575
-0.00304556
-0.00332957
-0.00359402
-0.00383574
-0.00405219
-0.00424136
-0.00440176
-0.00453238
-0.00463268
-0.00470268
-0.00474323
-0.00475651
-0.00474667
-0.00471813
-0.00467635
1.0941e-05
1.3052e-05
-2.09081e-06
-3.15413e-05
-7.22509e-05
-0.000122475
-0.00018059
-0.000245212
-0.000315187
-0.000389688
-0.000468096
-0.000549955
-0.000634907
-0.000722634
-0.000812807
-0.000905047
-0.000998896
-0.00109379
-0.00118904
-0.00128385
-0.00137727
-0.00146824
-0.00155558
-0.00163797
-0.00171402
-0.00178223
-0.00184106
-0.00188894
-0.00192429
-0.00194561
-0.00195148
-0.00194066
-0.00191215
-0.00186523
-0.00179955
-0.0017152
-0.00161275
-0.00149333
-0.00135867
-0.0012111
-0.00105345
-0.00088933
-0.000722726
-0.000558106
-0.000400272
-0.000254219
-0.000124974
-1.74209e-05
6.38827e-05
0.000114889
0.000132236
0.000113399
5.68194e-05
-3.80126e-05
-0.000170514
-0.000339021
-0.000540838
-0.000772349
-0.00102916
-0.00130626
-0.00159825
-0.00189952
-0.00220446
-0.00250765
-0.002804
-0.00308892
-0.00335834
-0.00360883
-0.00383755
-0.00404229
-0.00422136
-0.00437359
-0.00449828
-0.00459515
-0.00466438
-0.00470668
-0.00472378
-0.00471838
-0.00468977
-0.00463584
4.63674e-05
4.34684e-05
2.55842e-05
-4.64703e-06
-4.46303e-05
-9.28341e-05
-0.000147937
-0.000208825
-0.000274621
-0.000344678
-0.000418519
-0.000495795
-0.000576222
-0.000659537
-0.000745461
-0.000833659
-0.000923718
-0.00101513
-0.00110728
-0.00119943
-0.00129073
-0.0013802
-0.00146674
-0.00154914
-0.00162608
-0.00169615
-0.00175787
-0.00180971
-0.00185013
-0.00187763
-0.00189076
-0.00188825
-0.00186899
-0.00183219
-0.00177736
-0.00170443
-0.00161383
-0.00150651
-0.00138403
-0.0012486
-0.00110263
-0.000949807
-0.000793929
-0.000639316
-0.000490665
-0.000352891
-0.00023096
-0.00012972
-5.37101e-05
-6.97357e-06
7.12032e-06
-1.39636e-05
-7.17978e-05
-0.000166903
-0.000298702
-0.000465533
-0.000664697
-0.000892573
-0.00114476
-0.00141628
-0.00170174
-0.00199557
-0.00229226
-0.00258649
-0.00287332
-0.00314834
-0.00340772
-0.00364827
-0.00386743
-0.00406329
-0.00423446
-0.00438006
-0.00449963
-0.00459306
-0.0046605
-0.00470236
-0.00471972
-0.00471403
-0.00468068
-0.00461246
9.93801e-05
8.77892e-05
6.48378e-05
3.21559e-05
-8.6093e-06
-5.61411e-05
-0.000109391
-0.000167545
-0.000230001
-0.000296336
-0.000366256
-0.000439558
-0.000516072
-0.000595635
-0.000678044
-0.00076304
-0.00085028
-0.00093933
-0.00102965
-0.00112059
-0.00121138
-0.00130112
-0.00138879
-0.00147327
-0.0015533
-0.0016275
-0.00169444
-0.00175258
-0.00180035
-0.00183621
-0.00185863
-0.00186621
-0.00185774
-0.00183223
-0.00178903
-0.00172789
-0.00164904
-0.00155323
-0.0014418
-0.00131667
-0.00118062
-0.0010367
-0.000888744
-0.000741034
-0.000598245
-0.000465298
-0.000347201
-0.000248866
-0.000174915
-0.00012949
-0.000116059
-0.000137253
-0.000194728
-0.000289068
-0.000419737
-0.00058508
-0.000782384
-0.00100799
-0.00125743
-0.00152566
-0.00180722
-0.00209651
-0.00238795
-0.00267624
-0.00295651
-0.00322444
-0.00347633
-0.0037092
-0.00392075
-0.0041093
-0.00427378
-0.00441357
-0.00452844
-0.0046184
-0.00468359
-0.00472416
-0.00474068
-0.00473363
-0.00469584
-0.00461692
0.000166927
0.000143696
0.000113762
7.71227e-05
3.42629e-05
-1.37653e-05
-6.61961e-05
-0.000122544
-0.000182501
-0.000245898
-0.000312657
-0.000382752
-0.000456166
-0.000532859
-0.000612739
-0.000695645
-0.000781328
-0.000869445
-0.000959546
-0.00105107
-0.00114333
-0.00123551
-0.00132666
-0.00141572
-0.00150145
-0.00158252
-0.00165744
-0.00172466
-0.00178253
-0.00182938
-0.00186356
-0.00188349
-0.00188776
-0.00187517
-0.00184485
-0.00179632
-0.00172956
-0.00164513
-0.00154417
-0.00142844
-0.00130053
-0.00116347
-0.001021
-0.000877414
-0.000737417
-0.000606006
-0.000488307
-0.000389382
-0.000314025
-0.000266566
-0.000250663
-0.000269129
-0.000323784
-0.000415343
-0.000543363
-0.000706237
-0.000901256
-0.00112471
-0.00137207
-0.00163815
-0.00191738
-0.00220402
-0.00249238
-0.00277708
-0.00305319
-0.00331641
-0.00356311
-0.00379043
-0.00399625
-0.00417914
-0.00433825
-0.00447322
-0.00458404
-0.00467087
-0.00473385
-0.00477299
-0.00478851
-0.00478031
-0.00473975
-0.00465481
0.000245583
0.000208558
0.000170019
0.0001282
8.21479e-05
3.26263e-05
-1.99005e-05
-7.53043e-05
-0.000133602
-0.000194901
-0.000259367
-0.000327181
-0.000398503
-0.000473445
-0.000552049
-0.000634274
-0.000719989
-0.000808956
-0.000900827
-0.000995136
-0.00109128
-0.00118854
-0.001286
-0.00138264
-0.00147724
-0.00156843
-0.00165469
-0.00173435
-0.00180564
-0.00186671
-0.00191571
-0.00195084
-0.00197043
-0.001973
-0.00195742
-0.00192291
-0.00186922
-0.00179664
-0.00170611
-0.00159927
-0.00147845
-0.00134668
-0.00120768
-0.00106573
-0.000925632
-0.000792508
-0.000671664
-0.000568381
-0.00048771
-0.000434253
-0.000411953
-0.000423902
-0.000472176
-0.000557714
-0.000680247
-0.000838288
-0.00102918
-0.00124921
-0.00149375
-0.00175753
-0.00203479
-0.00231961
-0.00260613
-0.00288879
-0.00316254
-0.00342296
-0.00366645
-0.00389017
-0.0040921
-0.00427102
-0.00442623
-0.00455761
-0.00466533
-0.00474973
-0.00481102
-0.00484916
-0.00486421
-0.00485574
-0.00481455
-0.00472812
0.000331853
0.000279312
0.000230936
0.000182964
0.000132849
8.10313e-05
2.76379e-05
-2.75975e-05
-8.50438e-05
-0.000145115
-0.000208242
-0.000274836
-0.000345257
-0.000419789
-0.000498631
-0.000581888
-0.000669557
-0.000761525
-0.000857561
-0.0009573
-0.00106023
-0.0011657
-0.00127284
-0.00138065
-0.00148788
-0.00159311
-0.0016947
-0.00179085
-0.00187959
-0.00195885
-0.00202652
-0.00208048
-0.00211877
-0.00213958
-0.00214143
-0.00212324
-0.00208443
-0.00202502
-0.00194573
-0.00184806
-0.00173394
-0.00160653
-0.00146946
-0.00132704
-0.00118417
-0.00104612
-0.000918438
-0.000806675
-0.000716213
-0.000652016
-0.000618414
-0.000618885
-0.000655881
-0.00073068
-0.000843304
-0.000992487
-0.00117572
-0.00138934
-0.00162873
-0.00188848
-0.00216269
-0.00244523
-0.00272999
-0.00301119
-0.00328355
-0.0035425
-0.0037843
-0.00400608
-0.00420588
-0.00438242
-0.00453528
-0.00466448
-0.00477035
-0.0048534
-0.00491395
-0.00495202
-0.0049676
-0.00496018
-0.00492064
-0.00483671
0.00042214
0.000352701
0.000293522
0.000238658
0.000183817
0.000129066
7.4152e-05
1.83733e-05
-3.90234e-05
-9.87843e-05
-0.000161629
-0.000228218
-0.000299129
-0.000374841
-0.00045573
-0.000542062
-0.000633985
-0.000731527
-0.000834584
-0.000942902
-0.00105606
-0.00117347
-0.0012943
-0.00141753
-0.00154187
-0.00166578
-0.0017875
-0.00190501
-0.00201611
-0.00211842
-0.00220951
-0.00228692
-0.00234827
-0.00239139
-0.00241441
-0.00241585
-0.00239478
-0.00235088
-0.00228462
-0.00219742
-0.00209022
-0.00196687
-0.00183073
-0.0016861
-0.00153795
-0.00139175
-0.00125327
-0.0011284
-0.00102294
-0.000942285
-0.000891276
-0.000873907
-0.000893142
-0.000950753
-0.0010472
-0.00118159
-0.0013517
-0.00155404
-0.00178405
-0.0020363
-0.00230476
-0.00258308
-0.00286489
-0.00314412
-0.00341519
-0.00367328
-0.00391441
-0.00413558
-0.00433469
-0.00451055
-0.00466273
-0.00479134
-0.00489689
-0.00497999
-0.00504113
-0.00508042
-0.00509791
-0.00509309
-0.00505735
-0.00497922
0.00051263
0.000425215
0.000354497
0.000292203
0.000232143
0.000173952
0.000116946
5.99463e-05
1.77755e-06
-5.86641e-05
-0.000122407
-0.00019038
-0.000263398
-0.000342154
-0.000427221
-0.000519043
-0.000617941
-0.000724098
-0.00083755
-0.000958165
-0.00108562
-0.00121936
-0.00135861
-0.00150228
-0.00164902
-0.00179715
-0.00194471
-0.00208942
-0.00222878
-0.00236006
-0.00248044
-0.00258702
-0.00267699
-0.00274771
-0.00279683
-0.00282243
-0.00282314
-0.00279824
-0.00274767
-0.00267201
-0.00257409
-0.00245548
-0.00231991
-0.00217173
-0.00201599
-0.00185832
-0.00170478
-0.00156162
-0.0014351
-0.00133117
-0.0012553
-0.00121213
-0.00120533
-0.00123733
-0.00130924
-0.00142073
-0.00157002
-0.001754
-0.0019683
-0.00220757
-0.00246572
-0.00273621
-0.00301242
-0.00328791
-0.00355677
-0.0038138
-0.0040547
-0.00427617
-0.00447594
-0.00465267
-0.00480586
-0.00493566
-0.00504263
-0.00512751
-0.00519088
-0.00523298
-0.00525396
-0.00525338
-0.0052234
-0.00515371
0.000599374
0.000493096
0.000410292
0.000340188
0.00027455
0.000212508
0.000152894
9.39982e-05
3.41904e-05
-2.80176e-05
-9.3984e-05
-0.000164926
-0.000241916
-0.00032588
-0.000417603
-0.000517735
-0.000626785
-0.000745112
-0.000872905
-0.00101016
-0.00115665
-0.00131189
-0.00147507
-0.00164508
-0.00182044
-0.0019993
-0.00217944
-0.0023583
-0.00253299
-0.00270039
-0.00285718
-0.003
-0.00312549
-0.00323046
-0.00331203
-0.00336772
-0.00339563
-0.00339452
-0.00336392
-0.00330414
-0.00321689
-0.00310423
-0.00296951
-0.00281693
-0.00265155
-0.00247913
-0.002306
-0.00213882
-0.00198434
-0.00184919
-0.00173956
-0.00166094
-0.00161787
-0.00161369
-0.00165037
-0.0017284
-0.00184671
-0.00200274
-0.00219256
-0.00241104
-0.00265213
-0.00290922
-0.00317541
-0.00344393
-0.00370842
-0.00396322
-0.00420357
-0.00442576
-0.00462717
-0.00480617
-0.00496209
-0.00509497
-0.00520534
-0.00529394
-0.00536144
-0.00540819
-0.0054344
-0.00543972
-0.00541727
-0.00535803
0.000678139
0.000552309
0.000457032
0.000378873
0.000307399
0.000241162
0.00017844
0.000116948
5.4563e-05
-1.06155e-05
-8.02996e-05
-0.000156016
-0.00023911
-0.000330764
-0.000432001
-0.000543694
-0.000666566
-0.000801169
-0.000947866
-0.00110679
-0.00127782
-0.0014605
-0.00165404
-0.00185723
-0.00206845
-0.00228563
-0.00250627
-0.00272745
-0.00294584
-0.00315785
-0.00335962
-0.00354719
-0.00371661
-0.00386405
-0.00398595
-0.0040792
-0.00414123
-0.00417019
-0.00416501
-0.00412553
-0.00405274
-0.00394849
-0.00381577
-0.0036586
-0.00348195
-0.00329168
-0.00309434
-0.00289697
-0.00270693
-0.00253154
-0.0023779
-0.00225248
-0.00216093
-0.00210774
-0.00209603
-0.00212738
-0.00220176
-0.00231747
-0.00247124
-0.00265841
-0.00287319
-0.00310897
-0.00335867
-0.00361516
-0.0038716
-0.00412176
-0.00436031
-0.00458295
-0.00478652
-0.00496897
-0.00512924
-0.00526712
-0.00538296
-0.00547743
-0.00555118
-0.00560458
-0.00563788
-0.00565077
-0.00563738
-0.0055901
0.000744425
0.000598543
0.000490552
0.000404196
0.000326701
0.000255953
0.000189616
0.000124774
5.87752e-05
-1.07221e-05
-8.58077e-05
-0.000168339
-0.00025996
-0.000362129
-0.000476134
-0.0006031
-0.000743986
-0.000899562
-0.00107038
-0.00125673
-0.00145859
-0.00167555
-0.0019068
-0.00215103
-0.00240645
-0.00267074
-0.00294104
-0.00321402
-0.00348588
-0.00375245
-0.00400927
-0.0042517
-0.00447506
-0.00467479
-0.00484656
-0.00498646
-0.00509115
-0.00515801
-0.00518523
-0.00517198
-0.00511858
-0.00502635
-0.00489783
-0.00473672
-0.00454782
-0.00433699
-0.00411093
-0.0038771
-0.0036434
-0.00341798
-0.0032089
-0.00302383
-0.00286971
-0.00275247
-0.00267668
-0.0026454
-0.00265996
-0.00271988
-0.00282293
-0.00296524
-0.00314151
-0.00334533
-0.00356957
-0.00380679
-0.00404964
-0.00429124
-0.00452551
-0.00474741
-0.00495304
-0.00513967
-0.0053057
-0.00545044
-0.0055739
-0.00567649
-0.00575873
-0.00582093
-0.00586325
-0.00588539
-0.00588245
-0.00584823
0.000793462
0.000627219
0.000506405
0.000411798
0.000328139
0.000252569
0.000182069
0.000113043
4.22716e-05
-3.30589e-05
-0.00011544
-0.000207083
-0.000309959
-0.00042583
-0.000556277
-0.000702706
-0.000866343
-0.0010482
-0.00124905
-0.00146934
-0.00170916
-0.00196814
-0.00224544
-0.00253965
-0.00284875
-0.00317013
-0.00350055
-0.0038362
-0.00417272
-0.0045053
-0.00482877
-0.00513772
-0.00542665
-0.00569011
-0.00592288
-0.00612014
-0.00627761
-0.00639175
-0.00645985
-0.00648027
-0.0064525
-0.00637714
-0.00625617
-0.00609281
-0.00589157
-0.00565816
-0.00539939
-0.00512302
-0.00483754
-0.00455189
-0.00427521
-0.00401648
-0.00378417
-0.00358588
-0.00342801
-0.00331544
-0.00325128
-0.00323676
-0.00327109
-0.00335159
-0.00347382
-0.00363187
-0.00381876
-0.00402685
-0.00424827
-0.00447545
-0.00470143
-0.00492019
-0.00512688
-0.00531785
-0.00549067
-0.00564394
-0.0057771
-0.00589012
-0.00598318
-0.00605639
-0.00610975
-0.00614281
-0.00615158
-0.00613122
0.000820228
0.000633519
0.000499899
0.00039705
0.00030711
0.000226385
0.000151111
7.69609e-05
1.11037e-07
-8.27508e-05
-0.000174546
-0.000277871
-0.000395049
-0.00052818
-0.000679172
-0.000849746
-0.00104143
-0.00125551
-0.00149298
-0.00175449
-0.00204024
-0.00234992
-0.00268261
-0.00303679
-0.0034102
-0.00379988
-0.00420215
-0.00461267
-0.00502643
-0.00543788
-0.00584106
-0.00622966
-0.00659723
-0.00693735
-0.00724373
-0.00751049
-0.00773227
-0.00790445
-0.00802331
-0.00808618
-0.0080916
-0.00803924
-0.00793041
-0.0077677
-0.00755515
-0.00729821
-0.00700364
-0.00667941
-0.0063345
-0.00597864
-0.00562207
-0.00527516
-0.00494806
-0.00465032
-0.00439044
-0.00417555
-0.00401101
-0.00390023
-0.00384441
-0.00384256
-0.0038916
-0.00398652
-0.00412078
-0.00428675
-0.00447617
-0.00468071
-0.00489241
-0.00510409
-0.00530966
-0.00550427
-0.00568434
-0.00584746
-0.00599223
-0.00611791
-0.00622414
-0.00631064
-0.00637707
-0.00642273
-0.00644442
-0.00643857
0.000819488
0.000612426
0.00046614
0.000355111
0.000258774
0.000172518
9.17704e-05
1.14321e-05
-7.29616e-05
-0.000165252
-0.00026882
-0.000386674
-0.000521527
-0.000675852
-0.000851923
-0.00105182
-0.00127739
-0.00153025
-0.00181164
-0.00212241
-0.00246289
-0.00283281
-0.00323121
-0.00365637
-0.00410579
-0.00457611
-0.00506314
-0.00556191
-0.0060667
-0.00657112
-0.00706828
-0.00755088
-0.00801139
-0.00844222
-0.00883594
-0.00918544
-0.00948416
-0.00972626
-0.00990681
-0.010022
-0.0100692
-0.0100473
-0.00995649
-0.00979865
-0.00957718
-0.00929711
-0.008965
-0.00858888
-0.00817807
-0.007743
-0.00729495
-0.00684568
-0.00640712
-0.00599092
-0.00560797
-0.00526801
-0.00497914
-0.00474747
-0.00457682
-0.00446851
-0.0044214
-0.00443195
-0.00449453
-0.00460183
-0.00474541
-0.00491623
-0.00510525
-0.00530392
-0.00550466
-0.00570105
-0.00588803
-0.00606181
-0.00621977
-0.00636017
-0.00648186
-0.00658391
-0.00666548
-0.00672543
-0.00676126
-0.00677049
0.000785857
0.000558788
0.000400094
0.000280989
0.000178124
8.59e-05
-1.12236e-06
-8.88537e-05
-0.00018243
-0.000286253
-0.000404192
-0.000539705
-0.000695928
-0.000875751
-0.00108186
-0.00131672
-0.00158257
-0.00188134
-0.00221459
-0.00258337
-0.00298815
-0.00342868
-0.00390395
-0.00441204
-0.0049501
-0.00551434
-0.0061
-0.00670137
-0.00731191
-0.00792429
-0.00853057
-0.00912229
-0.00969074
-0.010227
-0.0107225
-0.0111685
-0.0115574
-0.0118818
-0.0121357
-0.0123138
-0.0124124
-0.0124292
-0.0123634
-0.0122159
-0.0119893
-0.0116882
-0.0113186
-0.0108884
-0.0104071
-0.00988571
-0.00933627
-0.0087719
-0.00820626
-0.00765315
-0.00712606
-0.00663762
-0.00619909
-0.00581985
-0.00550696
-0.00526479
-0.00509488
-0.00499585
-0.00496363
-0.00499175
-0.0050719
-0.00519454
-0.00534953
-0.00552684
-0.00571708
-0.00591191
-0.00610435
-0.00628881
-0.00646106
-0.00661798
-0.00675725
-0.00687708
-0.00697585
-0.00705184
-0.00710301
-0.00712798
0.000713873
0.000467389
0.000296666
0.000169617
6.00676e-05
-3.86371e-05
-0.000132848
-0.000229324
-0.0003339
-0.000451566
-0.000586714
-0.000743284
-0.000924881
-0.00113486
-0.00137634
-0.00165226
-0.00196525
-0.00231763
-0.00271125
-0.00314741
-0.0036267
-0.00414892
-0.00471293
-0.00531657
-0.00595663
-0.00662877
-0.00732755
-0.00804645
-0.00877797
-0.00951371
-0.0102445
-0.0109607
-0.0116522
-0.0123088
-0.0129202
-0.0134766
-0.0139687
-0.0143878
-0.0147265
-0.0149783
-0.0151382
-0.0152025
-0.0151695
-0.015039
-0.0148127
-0.0144943
-0.0140893
-0.0136053
-0.0130516
-0.0124394
-0.0117814
-0.0110919
-0.0103859
-0.00967948
-0.00898862
-0.00832905
-0.0077155
-0.00716113
-0.00667687
-0.00627091
-0.0059483
-0.00571072
-0.00555647
-0.00548065
-0.00547566
-0.00553178
-0.00563796
-0.00578259
-0.00595422
-0.00614223
-0.00633726
-0.00653143
-0.00671839
-0.00689317
-0.00705194
-0.00719164
-0.00730965
-0.00740345
-0.00747131
-0.00751282
0.000598097
0.000333046
0.00015079
1.59493e-05
-0.000100478
-0.000206256
-0.00030869
-0.00041541
-0.000532977
-0.000666996
-0.000822412
-0.00100369
-0.00121495
-0.00146004
-0.0017426
-0.00206604
-0.00243345
-0.00284756
-0.00331054
-0.00382393
-0.00438847
-0.00500393
-0.00566902
-0.00638131
-0.00713709
-0.0079314
-0.00875801
-0.00960946
-0.0104771
-0.0113514
-0.0122219
-0.0130774
-0.0139064
-0.0146972
-0.015438
-0.0161176
-0.016725
-0.0172505
-0.0176849
-0.0180205
-0.0182511
-0.0183718
-0.0183798
-0.0182737
-0.0180542
-0.0177241
-0.0172882
-0.0167532
-0.0161282
-0.0154243
-0.0146544
-0.0138335
-0.0129778
-0.0121052
-0.0112342
-0.0103834
-0.0095712
-0.00881492
-0.0081299
-0.00752891
-0.00702142
-0.00661319
-0.00630588
-0.00609717
-0.00598095
-0.00594797
-0.00598659
-0.0060837
-0.00622568
-0.00639926
-0.00659221
-0.00679379
-0.00699496
-0.00718837
-0.00736818
-0.0075297
-0.00766895
-0.00778238
-0.00786841
-0.00792752
0.000433217
0.000150708
-4.24719e-05
-0.000184933
-0.000308471
-0.000422001
-0.000533808
-0.000652415
-0.000785125
-0.000938186
-0.00111713
-0.00132699
-0.00157243
-0.00185786
-0.00218748
-0.0025652
-0.00299463
-0.00347891
-0.00402056
-0.00462136
-0.00528214
-0.00600263
-0.00678134
-0.00761543
-0.00850063
-0.00943123
-0.0104001
-0.0113986
-0.0124169
-0.013444
-0.0144681
-0.0154764
-0.0164559
-0.0173932
-0.0182751
-0.0190889
-0.0198221
-0.0204635
-0.0210029
-0.0214312
-0.021741
-0.0219263
-0.0219832
-0.0219092
-0.0217039
-0.0213692
-0.0209087
-0.0203285
-0.0196369
-0.0188443
-0.0179637
-0.0170101
-0.0160005
-0.0149542
-0.0138914
-0.0128338
-0.0118032
-0.0108211
-0.00990772
-0.00908095
-0.00835564
-0.00774265
-0.00724827
-0.0068739
-0.0066161
-0.00646698
-0.00641495
-0.00644574
-0.00654357
-0.00669224
-0.00687619
-0.0070812
-0.00729491
-0.00750696
-0.00770889
-0.00789393
-0.00805636
-0.00819127
-0.00829711
-0.00837519
0.000214165
-8.44304e-05
-0.00028781
-0.000437707
-0.000568631
-0.000690672
-0.000813111
-0.000945374
-0.00109552
-0.00127047
-0.00147636
-0.00171884
-0.00200317
-0.00233436
-0.00271719
-0.00315616
-0.00365538
-0.00421843
-0.00484819
-0.00554665
-0.00631468
-0.00715192
-0.00805658
-0.0090253
-0.0100531
-0.0111334
-0.0122579
-0.0134168
-0.0145988
-0.0157915
-0.0169812
-0.0181537
-0.0192942
-0.0203879
-0.02142
-0.0223762
-0.0232429
-0.0240076
-0.0246588
-0.0251865
-0.0255822
-0.025839
-0.0259516
-0.0259169
-0.0257336
-0.0254022
-0.0249254
-0.0243082
-0.0235579
-0.022684
-0.0216988
-0.0206168
-0.0194554
-0.0182341
-0.0169749
-0.0157014
-0.0144385
-0.0132119
-0.0120466
-0.0109661
-0.00999127
-0.00913922
-0.00842209
-0.00784647
-0.00741296
-0.00711632
-0.00694604
-0.00688736
-0.00692258
-0.0070325
-0.0071978
-0.00740022
-0.00762333
-0.00785302
-0.00807756
-0.00828749
-0.00847492
-0.00863323
-0.00876072
-0.00885951
-6.37528e-05
-0.000376803
-0.00058955
-0.000746685
-0.000885307
-0.00101669
-0.00115111
-0.00129891
-0.0014689
-0.00166869
-0.00190507
-0.00218432
-0.00251234
-0.00289479
-0.00333708
-0.00384431
-0.00442111
-0.00507152
-0.00579873
-0.0066049
-0.00749091
-0.00845619
-0.00949852
-0.0106139
-0.0117965
-0.0130387
-0.0143308
-0.0156615
-0.0170182
-0.0183864
-0.0197511
-0.0210962
-0.0224053
-0.0236619
-0.0248498
-0.0259535
-0.026958
-0.0278499
-0.0286168
-0.0292477
-0.0297334
-0.0300662
-0.0302401
-0.0302512
-0.030097
-0.0297773
-0.0292936
-0.0286497
-0.0278515
-0.0269075
-0.0258286
-0.0246285
-0.0233237
-0.0219338
-0.0204811
-0.0189906
-0.0174897
-0.0160074
-0.0145731
-0.0132163
-0.0119642
-0.0108408
-0.00986565
-0.00905184
-0.00840578
-0.00792651
-0.00760604
-0.0074302
-0.00738004
-0.00743354
-0.00756739
-0.0077587
-0.00798625
-0.00823134
-0.00847821
-0.008714
-0.00892808
-0.00911171
-0.00926289
-0.00938453
-0.00040473
-0.00073035
-0.000951527
-0.00111569
-0.00126235
-0.00140396
-0.0015518
-0.00171707
-0.00190938
-0.00213703
-0.00240749
-0.00272769
-0.00310423
-0.00354344
-0.00405138
-0.00463377
-0.00529578
-0.00604187
-0.00687552
-0.00779899
-0.00881307
-0.00991685
-0.0111075
-0.0123803
-0.0137284
-0.0151426
-0.0166121
-0.0181238
-0.0196631
-0.0212142
-0.0227598
-0.0242824
-0.0257637
-0.0271859
-0.0285314
-0.0297835
-0.0309264
-0.0319458
-0.0328285
-0.0335633
-0.0341402
-0.0345511
-0.0347896
-0.0348511
-0.0347323
-0.0344322
-0.0339513
-0.033292
-0.032459
-0.0314591
-0.0303017
-0.0289988
-0.0275657
-0.0260209
-0.0243861
-0.0226868
-0.0209514
-0.0192114
-0.0175003
-0.0158525
-0.0143018
-0.0128799
-0.0116142
-0.0105261
-0.00962961
-0.00892999
-0.00842366
-0.00809865
-0.00793588
-0.00791109
-0.00799704
-0.00816581
-0.00839064
-0.00864738
-0.00891532
-0.00917741
-0.00941958
-0.00963046
-0.00980754
-0.00995456
-0.00081233
-0.0011484
-0.00137696
-0.00154792
-0.00170299
-0.00185575
-0.00201846
-0.0022032
-0.00242034
-0.00267887
-0.00298697
-0.00335227
-0.00378205
-0.00428337
-0.00486296
-0.00552714
-0.00628161
-0.00713123
-0.00807968
-0.00912924
-0.0102805
-0.011532
-0.0128803
-0.0143195
-0.0158415
-0.0174357
-0.0190896
-0.0207882
-0.0225152
-0.0242526
-0.0259814
-0.0276823
-0.0293355
-0.0309218
-0.0324225
-0.03382
-0.0350977
-0.0362409
-0.0372361
-0.0380718
-0.0387379
-0.0392263
-0.03953
-0.0396443
-0.0395656
-0.0392919
-0.038823
-0.03816
-0.0373062
-0.0362666
-0.0350489
-0.033663
-0.0321221
-0.0304428
-0.0286454
-0.0267543
-0.024798
-0.0228092
-0.0208239
-0.0188807
-0.0170195
-0.0152793
-0.0136964
-0.0123015
-0.011118
-0.0101595
-0.0094291
-0.00891919
-0.00861228
-0.00848298
-0.00850063
-0.00863209
-0.00884447
-0.00910727
-0.00939382
-0.00968195
-0.00995334
-0.0101933
-0.0103987
-0.010574
-0.00128936
-0.00163354
-0.00186836
-0.00204586
-0.00220968
-0.00237453
-0.00255359
-0.00275978
-0.00300421
-0.0032966
-0.0036458
-0.00406018
-0.00454774
-0.00511625
-0.00577311
-0.00652525
-0.00737886
-0.00833911
-0.00940982
-0.0105931
-0.0118893
-0.0132962
-0.0148094
-0.0164218
-0.0181239
-0.0199033
-0.0217455
-0.0236338
-0.0255495
-0.0274729
-0.0293832
-0.0312592
-0.0330798
-0.0348245
-0.0364739
-0.0380095
-0.0394147
-0.0406744
-0.0417752
-0.0427057
-0.043456
-0.044018
-0.0443851
-0.0445525
-0.0445164
-0.0442743
-0.0438251
-0.0431693
-0.0423086
-0.0412463
-0.0399881
-0.0385415
-0.0369173
-0.0351293
-0.0331954
-0.0311379
-0.028984
-0.0267658
-0.0245204
-0.0222892
-0.0201168
-0.0180492
-0.016131
-0.0144034
-0.0129002
-0.0116458
-0.0106525
-0.0099194
-0.00943313
-0.00916893
-0.00909371
-0.00916943
-0.00935668
-0.00961778
-0.00991905
-0.0102321
-0.0105334
-0.0108043
-0.0110404
-0.0112473
-0.00183777
-0.00218752
-0.00242737
-0.00261112
-0.00278405
-0.0029619
-0.00315874
-0.0033883
-0.00366241
-0.00399147
-0.00438506
-0.00485226
-0.0054018
-0.00604216
-0.00678141
-0.00762704
-0.00858566
-0.00966267
-0.0108619
-0.0121853
-0.0136324
-0.0152005
-0.0168838
-0.0186738
-0.0205592
-0.0225258
-0.024557
-0.026634
-0.028736
-0.0308412
-0.0329272
-0.034971
-0.0369506
-0.0388443
-0.0406321
-0.0422953
-0.0438172
-0.0451828
-0.0463793
-0.0473955
-0.0482221
-0.0488517
-0.0492782
-0.0494963
-0.049503
-0.0492954
-0.0488722
-0.0482328
-0.0473778
-0.0463091
-0.04503
-0.043546
-0.0418648
-0.0399972
-0.0379578
-0.0357658
-0.0334455
-0.0310271
-0.0285469
-0.0260473
-0.0235757
-0.0211836
-0.0189235
-0.0168465
-0.0149982
-0.0134153
-0.0121217
-0.0111265
-0.0104232
-0.00998999
-0.0097933
-0.00979101
-0.00993721
-0.0101864
-0.0104967
-0.0108325
-0.0111639
-0.0114672
-0.0117367
-0.0119786
-0.00245854
-0.00281116
-0.00305473
-0.0032444
-0.00342674
-0.00361845
-0.00383444
-0.00408917
-0.00439517
-0.00476353
-0.00520452
-0.00572792
-0.0063432
-0.00705952
-0.00788558
-0.00882938
-0.00989787
-0.0110966
-0.0124292
-0.0138973
-0.0154997
-0.0172324
-0.0190885
-0.0210577
-0.0231268
-0.0252795
-0.0274969
-0.0297581
-0.0320402
-0.0343195
-0.0365718
-0.0387728
-0.0408994
-0.0429295
-0.0448424
-0.0466197
-0.0482449
-0.0497035
-0.0509833
-0.0520741
-0.0529673
-0.0536562
-0.0541353
-0.0544003
-0.0544479
-0.0542759
-0.0538824
-0.0532665
-0.0524279
-0.051367
-0.0500854
-0.0485862
-0.0468742
-0.0449569
-0.0428453
-0.0405544
-0.0381048
-0.0355231
-0.0328431
-0.0301058
-0.0273596
-0.0246592
-0.0220634
-0.0196324
-0.0174236
-0.0154869
-0.0138603
-0.0125657
-0.0116066
-0.0109678
-0.0106175
-0.0105111
-0.0105969
-0.010821
-0.0111329
-0.011488
-0.0118489
-0.0121859
-0.0124912
-0.0127718
-0.00315161
-0.00350427
-0.00375017
-0.00394537
-0.00413735
-0.0043437
-0.00458008
-0.00486163
-0.00520152
-0.0056115
-0.00610252
-0.00668505
-0.00736926
-0.00816496
-0.00908143
-0.0101271
-0.0113091
-0.0126331
-0.0141024
-0.015718
-0.0174777
-0.0193764
-0.0214053
-0.0235526
-0.0258027
-0.0281371
-0.0305348
-0.0329725
-0.0354253
-0.0378677
-0.0402738
-0.0426184
-0.0448776
-0.0470287
-0.0490514
-0.0509273
-0.0526407
-0.0541778
-0.0555274
-0.0566803
-0.0576289
-0.0583675
-0.0588915
-0.0591974
-0.0592825
-0.0591448
-0.0587827
-0.058195
-0.0573806
-0.0563391
-0.0550706
-0.0535759
-0.0518573
-0.049919
-0.047768
-0.0454151
-0.0428761
-0.0401729
-0.0373349
-0.0344001
-0.0314152
-0.0284355
-0.0255238
-0.0227477
-0.0201751
-0.0178696
-0.0158847
-0.0142576
-0.0130055
-0.0121234
-0.0115847
-0.0113447
-0.0113472
-0.0115304
-0.0118338
-0.0122032
-0.0125922
-0.0129637
-0.0133074
-0.0136306
-0.00391583
-0.0042656
-0.00451238
-0.00471265
-0.00491442
-0.00513606
-0.00539389
-0.00570368
-0.00607918
-0.00653274
-0.00707597
-0.00772001
-0.00847566
-0.00935335
-0.0103628
-0.0115129
-0.0128109
-0.0142621
-0.0158696
-0.0176335
-0.0195505
-0.0216139
-0.0238134
-0.0261347
-0.0285602
-0.0310693
-0.0336383
-0.0362419
-0.0388532
-0.0414449
-0.0439902
-0.0464627
-0.0488381
-0.0510937
-0.0532094
-0.0551676
-0.0569532
-0.0585538
-0.0599591
-0.0611611
-0.0621535
-0.0629316
-0.063492
-0.063832
-0.0639497
-0.0638436
-0.0635124
-0.0629549
-0.0621699
-0.0611562
-0.0599127
-0.0584387
-0.0567341
-0.0548002
-0.0526401
-0.0502604
-0.0476716
-0.0448903
-0.0419403
-0.0388542
-0.0356751
-0.0324562
-0.0292614
-0.0261627
-0.0232369
-0.0205602
-0.0182017
-0.0162164
-0.0146382
-0.0134761
-0.0127127
-0.0123071
-0.0122002
-0.0123234
-0.0126061
-0.0129831
-0.0133977
-0.013804
-0.0141881
-0.0145578
-0.00474891
-0.00509282
-0.00533897
-0.00554376
-0.00575536
-0.00599276
-0.00627291
-0.00661207
-0.00702454
-0.00752323
-0.00812033
-0.0088276
-0.00965644
-0.0106178
-0.0117219
-0.0129777
-0.0143925
-0.0159714
-0.0177168
-0.0196277
-0.0216997
-0.0239244
-0.0262894
-0.0287783
-0.0313712
-0.034045
-0.036774
-0.0395305
-0.042286
-0.0450117
-0.0476797
-0.0502632
-0.0527375
-0.0550804
-0.0572722
-0.0592962
-0.0611384
-0.0627876
-0.0642348
-0.0654733
-0.0664981
-0.0673057
-0.0678938
-0.0682607
-0.0684053
-0.0683268
-0.0680244
-0.0674972
-0.0667439
-0.0657632
-0.064553
-0.0631117
-0.0614372
-0.0595284
-0.0573852
-0.0550099
-0.0524081
-0.0495904
-0.0465745
-0.0433864
-0.040063
-0.0366533
-0.0332189
-0.0298331
-0.0265784
-0.0235417
-0.0208071
-0.0184476
-0.0165167
-0.0150413
-0.0140177
-0.0134126
-0.0131678
-0.013209
-0.0134561
-0.0138322
-0.0142686
-0.0147093
-0.0151358
-0.0155558
-0.00564744
-0.00598252
-0.00622648
-0.00643516
-0.00665647
-0.00690994
-0.007213
-0.00758235
-0.00803275
-0.0085776
-0.00922963
-0.0100011
-0.0109041
-0.0119498
-0.0131489
-0.0145104
-0.0160415
-0.0177468
-0.0196279
-0.0216828
-0.0239054
-0.0262855
-0.0288088
-0.0314565
-0.0342065
-0.0370331
-0.0399086
-0.0428035
-0.0456875
-0.0485307
-0.0513044
-0.0539815
-0.0565375
-0.0589506
-0.0612021
-0.0632762
-0.0651603
-0.0668443
-0.0683207
-0.0695841
-0.0706308
-0.0714586
-0.0720661
-0.0724528
-0.0726184
-0.0725628
-0.0722859
-0.0717872
-0.0710657
-0.0701199
-0.0689478
-0.0675468
-0.0659137
-0.0640455
-0.0619395
-0.0595944
-0.0570112
-0.0541949
-0.0511564
-0.0479146
-0.0444989
-0.0409514
-0.0373286
-0.0337018
-0.0301555
-0.0267838
-0.0236838
-0.0209463
-0.0186455
-0.0168294
-0.0155128
-0.0146744
-0.0142612
-0.014196
-0.0143903
-0.0147548
-0.0152078
-0.0156816
-0.0161521
-0.0166259
-0.00660694
-0.00693022
-0.00717039
-0.00738224
-0.00761298
-0.00788258
-0.00820886
-0.00860886
-0.00909769
-0.0096892
-0.0103966
-0.0112326
-0.0122096
-0.0133394
-0.0146327
-0.0160985
-0.0177438
-0.0195726
-0.0215855
-0.0237792
-0.026146
-0.0286739
-0.0313462
-0.0341421
-0.0370369
-0.040003
-0.0430104
-0.0460278
-0.0490239
-0.0519677
-0.0548301
-0.0575839
-0.0602051
-0.0626725
-0.0649684
-0.0670784
-0.068991
-0.0706976
-0.072192
-0.0734702
-0.0745298
-0.0753695
-0.0759891
-0.076389
-0.0765698
-0.0765323
-0.0762768
-0.0758035
-0.0751119
-0.0742008
-0.0730682
-0.0717112
-0.0701261
-0.0683087
-0.0662544
-0.0639589
-0.0614195
-0.0586361
-0.0556132
-0.0523622
-0.0489042
-0.0452729
-0.0415171
-0.0377026
-0.0339122
-0.0302434
-0.0268025
-0.0236962
-0.0210196
-0.018844
-0.0172063
-0.0161028
-0.0154902
-0.0152924
-0.0154141
-0.0157545
-0.0162176
-0.0167222
-0.0172375
-0.0177687
-0.00762184
-0.00793046
-0.00816523
-0.00837941
-0.00861913
-0.00890468
-0.00925416
-0.00968484
-0.0102121
-0.0108502
-0.0116126
-0.0125126
-0.0135628
-0.0147752
-0.0161607
-0.0177282
-0.0194841
-0.0214319
-0.023571
-0.0258967
-0.0283996
-0.0310658
-0.0338763
-0.0368081
-0.0398344
-0.0429253
-0.0460491
-0.0491732
-0.0522649
-0.0552928
-0.0582274
-0.061042
-0.063713
-0.0662203
-0.0685472
-0.0706806
-0.0726104
-0.0743293
-0.0758325
-0.0771171
-0.0781818
-0.0790266
-0.0796521
-0.0800596
-0.0802505
-0.0802262
-0.0799878
-0.0795362
-0.0788713
-0.0779926
-0.0768982
-0.0755857
-0.0740511
-0.0722897
-0.0702957
-0.0680629
-0.0655856
-0.0628594
-0.0598832
-0.0566614
-0.0532065
-0.0495428
-0.0457098
-0.0417647
-0.0377849
-0.0338669
-0.0301222
-0.0266699
-0.0236242
-0.0210805
-0.019101
-0.0177043
-0.0168622
-0.0165046
-0.0165324
-0.0168341
-0.0172991
-0.0178314
-0.0183918
-0.0189832
-0.00868567
-0.00897687
-0.00920461
-0.00942017
-0.00966824
-0.00996927
-0.0103416
-0.0108026
-0.0113678
-0.0120518
-0.0128682
-0.0138308
-0.0149523
-0.0162449
-0.0177194
-0.0193846
-0.0212463
-0.023307
-0.0255651
-0.0280145
-0.030644
-0.0334375
-0.0363741
-0.0394286
-0.042572
-0.0457728
-0.0489975
-0.0522122
-0.0553836
-0.0584798
-0.0614715
-0.0643324
-0.0670397
-0.0695743
-0.0719208
-0.0740673
-0.076005
-0.077728
-0.0792325
-0.080517
-0.0815811
-0.0824256
-0.0830521
-0.0834625
-0.083659
-0.0836436
-0.0834182
-0.082984
-0.0823419
-0.0814919
-0.0804328
-0.0791625
-0.0776775
-0.0759731
-0.074043
-0.07188
-0.0694762
-0.0668243
-0.0639183
-0.0607563
-0.057343
-0.0536931
-0.0498353
-0.0458168
-0.0417058
-0.0375937
-0.0335925
-0.0298291
-0.026434
-0.0235253
-0.0211924
-0.0194804
-0.0183816
-0.0178372
-0.0177485
-0.0179953
-0.0184526
-0.0190081
-0.0196131
-0.0202674
-0.00979109
-0.0100623
-0.0102814
-0.0104973
-0.0107528
-0.0110686
-0.011463
-0.0119535
-0.0125556
-0.0132841
-0.014153
-0.0151759
-0.0163659
-0.0177353
-0.0192946
-0.0210522
-0.0230134
-0.0251798
-0.0275486
-0.030112
-0.0328572
-0.0357661
-0.0388158
-0.041979
-0.045225
-0.0485205
-0.0518307
-0.0551208
-0.058357
-0.0615072
-0.0645423
-0.0674369
-0.0701689
-0.0727203
-0.075077
-0.0772284
-0.0791668
-0.0808876
-0.0823882
-0.0836678
-0.084727
-0.0855674
-0.0861912
-0.0866009
-0.0867994
-0.0867892
-0.0865727
-0.086152
-0.0855284
-0.0847026
-0.0836744
-0.0824423
-0.0810036
-0.0793538
-0.0774871
-0.0753959
-0.0730712
-0.0705035
-0.0676834
-0.0646039
-0.0612626
-0.057665
-0.0538294
-0.049791
-0.0456069
-0.0413593
-0.0371562
-0.0331272
-0.0294142
-0.0261559
-0.0234687
-0.0214268
-0.0200484
-0.0192917
-0.0190636
-0.0192382
-0.0196766
-0.0202499
-0.0208984
-0.0216175
-0.0109301
-0.0111789
-0.0113877
-0.0116028
-0.0118648
-0.0121943
-0.0126097
-0.0131283
-0.0137658
-0.0145369
-0.0154558
-0.016536
-0.0177909
-0.0192326
-0.0208713
-0.0227151
-0.0247685
-0.0270322
-0.0295021
-0.0321689
-0.035018
-0.0380296
-0.0411789
-0.0444368
-0.0477708
-0.0511462
-0.0545273
-0.0578786
-0.0611657
-0.064357
-0.0674238
-0.0703412
-0.0730883
-0.0756482
-0.078008
-0.080158
-0.0820921
-0.0838063
-0.0852993
-0.0865709
-0.0876225
-0.0884562
-0.0890749
-0.0894815
-0.0896792
-0.0896711
-0.0894602
-0.089049
-0.0884396
-0.0876335
-0.0866311
-0.0854321
-0.0840344
-0.0824347
-0.0806277
-0.0786061
-0.0763609
-0.0738813
-0.0711559
-0.0681736
-0.0649262
-0.0614113
-0.0576369
-0.0536263
-0.0494237
-0.0450993
-0.0407526
-0.0365108
-0.0325221
-0.0289412
-0.0259098
-0.0235327
-0.0218578
-0.0208664
-0.0204766
-0.0205608
-0.0209683
-0.0215527
-0.0222426
-0.023028
-0.012094
-0.0123183
-0.0125154
-0.0127283
-0.0129955
-0.0133374
-0.0137722
-0.0143173
-0.0149881
-0.0157993
-0.016765
-0.017899
-0.0192142
-0.0207228
-0.0224347
-0.0243574
-0.0264948
-0.0288464
-0.0314069
-0.0341656
-0.0371064
-0.0402076
-0.0434427
-0.0467812
-0.050189
-0.0536304
-0.0570687
-0.060468
-0.063794
-0.0670153
-0.0701036
-0.0730351
-0.0757897
-0.0783517
-0.0807091
-0.0828537
-0.0847799
-0.0864851
-0.0879683
-0.0892302
-0.0902728
-0.0910985
-0.0917106
-0.0921124
-0.0923074
-0.0922992
-0.0920909
-0.0916859
-0.0910867
-0.0902955
-0.0893137
-0.0881419
-0.0867792
-0.0852234
-0.0834702
-0.0815133
-0.0793441
-0.0769517
-0.0743235
-0.0714459
-0.0683064
-0.064896
-0.0612134
-0.0572704
-0.0530979
-0.0487523
-0.0443208
-0.0399234
-0.0357088
-0.0318427
-0.0284883
-0.0257804
-0.0237997
-0.0225556
-0.0219834
-0.0219591
-0.0223225
-0.0229107
-0.0236392
-0.0244914
-0.0132739
-0.0134718
-0.0136557
-0.0138652
-0.0141361
-0.0144887
-0.0149412
-0.0155106
-0.0162121
-0.0170602
-0.0180691
-0.0192522
-0.0206226
-0.022192
-0.02397
-0.0259635
-0.0281757
-0.030605
-0.0332451
-0.0360838
-0.0391035
-0.0422811
-0.0455885
-0.0489938
-0.0524619
-0.055956
-0.0594391
-0.0628748
-0.0662291
-0.0694708
-0.0725725
-0.075511
-0.0782674
-0.0808269
-0.0831786
-0.085315
-0.0872317
-0.0889265
-0.0903991
-0.0916509
-0.092684
-0.0935013
-0.0941063
-0.0945025
-0.0946936
-0.0946834
-0.0944757
-0.0940738
-0.0934811
-0.0927005
-0.0917342
-0.0905838
-0.0892496
-0.0877306
-0.0860241
-0.0841248
-0.0820254
-0.0797155
-0.0771823
-0.0744111
-0.0713863
-0.0680939
-0.064525
-0.0606809
-0.0565794
-0.0522623
-0.0478021
-0.0433074
-0.0389217
-0.0348159
-0.0311698
-0.0281457
-0.0258581
-0.0243488
-0.0235764
-0.0234262
-0.0237322
-0.0243158
-0.0250793
-0.0259983
-0.0144606
-0.0146307
-0.0147999
-0.0150045
-0.0152775
-0.015639
-0.0161069
-0.0166979
-0.017427
-0.0183085
-0.0193561
-0.0205834
-0.022003
-0.0236264
-0.0254627
-0.0275183
-0.0297954
-0.0322919
-0.0349999
-0.0379064
-0.0409922
-0.044233
-0.0475995
-0.0510585
-0.0545741
-0.0581088
-0.0616253
-0.0650872
-0.0684607
-0.071715
-0.0748236
-0.077764
-0.0805181
-0.0830722
-0.0854161
-0.0875432
-0.0894496
-0.091134
-0.0925964
-0.0938384
-0.0948624
-0.0956717
-0.0962697
-0.09666
-0.0968466
-0.0968334
-0.0966244
-0.0962233
-0.095634
-0.09486
-0.0939044
-0.0927697
-0.0914575
-0.0899682
-0.0883004
-0.0864507
-0.0844129
-0.0821782
-0.0797344
-0.0770664
-0.0741572
-0.0709893
-0.0675478
-0.0638251
-0.0598271
-0.0555807
-0.0511428
-0.046607
-0.0421071
-0.0378128
-0.0339146
-0.0305983
-0.0280114
-0.026231
-0.0252446
-0.0249526
-0.0251877
-0.0257579
-0.026552
-0.027537
-0.015645
-0.0157859
-0.0159392
-0.0161374
-0.0164108
-0.016779
-0.0172598
-0.0178694
-0.0186226
-0.0195331
-0.0206147
-0.0218805
-0.0233428
-0.0250127
-0.0268989
-0.0290072
-0.0313392
-0.0338916
-0.0366559
-0.0396177
-0.0427569
-0.046048
-0.0494607
-0.052961
-0.0565122
-0.0600766
-0.0636166
-0.0670959
-0.0704809
-0.0737417
-0.0768521
-0.0797906
-0.0825398
-0.0850868
-0.0874221
-0.0895398
-0.0914366
-0.0931113
-0.0945644
-0.0957977
-0.0968139
-0.097616
-0.0982075
-0.0985923
-0.0987743
-0.0987574
-0.0985458
-0.0981436
-0.097555
-0.0967841
-0.0958349
-0.0947106
-0.0934143
-0.0919475
-0.0903106
-0.0885018
-0.0865169
-0.0843484
-0.0819857
-0.0794144
-0.076617
-0.0735741
-0.0702666
-0.0666798
-0.0628089
-0.0586673
-0.0542955
-0.0497705
-0.0452122
-0.0407833
-0.0366789
-0.0331028
-0.0302328
-0.0281825
-0.0269728
-0.0265253
-0.0266769
-0.0272245
-0.0280443
-0.0290937
-0.0168179
-0.0169288
-0.0170651
-0.0172554
-0.0175272
-0.0178998
-0.0183906
-0.0190154
-0.0197886
-0.0207237
-0.0218339
-0.023132
-0.0246299
-0.0263384
-0.0282657
-0.0304169
-0.032793
-0.0353901
-0.0381987
-0.0412035
-0.0443836
-0.0477125
-0.0511593
-0.0546892
-0.0582653
-0.0618494
-0.065404
-0.0688932
-0.0722836
-0.0755459
-0.0786545
-0.0815886
-0.0843316
-0.0868709
-0.0891979
-0.091307
-0.0931952
-0.0948618
-0.0963072
-0.0975335
-0.0985432
-0.0993393
-0.0999255
-0.100305
-0.100483
-0.100462
-0.100247
-0.0998422
-0.0992521
-0.0984814
-0.0975346
-0.0964162
-0.09513
-0.0936791
-0.0920655
-0.0902891
-0.0883477
-0.0862359
-0.0839446
-0.0814611
-0.0787684
-0.0758464
-0.0726734
-0.0692295
-0.0655012
-0.0614898
-0.0572201
-0.0527514
-0.0481869
-0.0436777
-0.0394168
-0.0356199
-0.0324909
-0.030179
-0.0287421
-0.0281284
-0.0281847
-0.0287008
-0.0295409
-0.0306526
-0.0179705
-0.018051
-0.0181692
-0.0183502
-0.0186184
-0.0189927
-0.0194905
-0.0201268
-0.0209157
-0.0218702
-0.0230031
-0.0243269
-0.025853
-0.0275917
-0.0295509
-0.031735
-0.0341445
-0.0367748
-0.0396158
-0.0426515
-0.0458602
-0.049215
-0.0526843
-0.056233
-0.0598239
-0.0634189
-0.0669806
-0.0704732
-0.0738641
-0.0771241
-0.0802284
-0.0831567
-0.0858929
-0.088425
-0.0907446
-0.0928466
-0.094728
-0.0963883
-0.0978281
-0.0990492
-0.100054
-0.100846
-0.101428
-0.101804
-0.101977
-0.101952
-0.101733
-0.101325
-0.100731
-0.0999584
-0.0990108
-0.097894
-0.0966129
-0.0951719
-0.0935745
-0.0918224
-0.0899154
-0.0878503
-0.0856202
-0.0832141
-0.0806167
-0.0778081
-0.0747656
-0.0714655
-0.0678881
-0.064024
-0.0598839
-0.0555096
-0.0509859
-0.0464482
-0.0420819
-0.0381078
-0.0347504
-0.0321923
-0.0305298
-0.0297429
-0.0296938
-0.0301696
-0.0310243
-0.0321955
-0.0190947
-0.0191447
-0.019244
-0.0194142
-0.0196766
-0.02005
-0.0205512
-0.021195
-0.0219949
-0.0229634
-0.0241129
-0.0254553
-0.0270018
-0.0287621
-0.0307435
-0.0329503
-0.0353823
-0.0380344
-0.040896
-0.0439506
-0.0471762
-0.0505454
-0.0540263
-0.0575837
-0.0611805
-0.0647785
-0.0683406
-0.0718315
-0.0752187
-0.0784737
-0.0815722
-0.0844941
-0.0872238
-0.0897496
-0.0920634
-0.09416
-0.0960369
-0.0976931
-0.0991294
-0.100347
-0.10135
-0.102139
-0.102718
-0.103091
-0.103261
-0.103232
-0.103009
-0.102595
-0.101997
-0.10122
-0.100269
-0.0991501
-0.0978697
-0.0964331
-0.0948454
-0.0931101
-0.091229
-0.089201
-0.0870216
-0.0846821
-0.0821691
-0.0794641
-0.0765444
-0.0733844
-0.0699597
-0.0662527
-0.0622616
-0.0580118
-0.053569
-0.0490503
-0.0446287
-0.0405236
-0.0369735
-0.0341908
-0.0323099
-0.0313465
-0.031184
-0.0316115
-0.0324751
-0.0337024
-0.0201831
-0.0202025
-0.0202821
-0.0204403
-0.0206946
-0.0210643
-0.0215654
-0.0222124
-0.0230182
-0.0239949
-0.0251544
-0.0265082
-0.0280669
-0.0298398
-0.0318339
-0.0340529
-0.0364964
-0.039159
-0.0420296
-0.0450916
-0.0483227
-0.0516953
-0.0551777
-0.0587346
-0.0623289
-0.0659229
-0.0694797
-0.0729643
-0.0763448
-0.0795928
-0.0826845
-0.0856
-0.0883241
-0.0908451
-0.0931549
-0.0952485
-0.0971231
-0.0987777
-0.100213
-0.10143
-0.102431
-0.10322
-0.103797
-0.104168
-0.104335
-0.104303
-0.104075
-0.103657
-0.103053
-0.102269
-0.101312
-0.100189
-0.0989051
-0.0974683
-0.0958846
-0.0941593
-0.0922961
-0.0902961
-0.0881573
-0.0858735
-0.0834335
-0.0808209
-0.0780138
-0.0749864
-0.0717113
-0.0681647
-0.0643344
-0.060231
-0.0559017
-0.051444
-0.0470141
-0.0428245
-0.039121
-0.0361404
-0.0340535
-0.0329144
-0.0326328
-0.0330047
-0.0338716
-0.0351515
-0.0212282
-0.0212176
-0.0212778
-0.0214225
-0.0216662
-0.0220293
-0.0225266
-0.0231722
-0.0239786
-0.0249575
-0.0261202
-0.0274777
-0.0290402
-0.0308166
-0.0328135
-0.0350344
-0.0374785
-0.0401402
-0.0430086
-0.0460667
-0.0492924
-0.0526581
-0.0561323
-0.0596799
-0.0632643
-0.0668481
-0.0703945
-0.0738691
-0.0772403
-0.08048
-0.0835645
-0.0864742
-0.0891938
-0.0917117
-0.0940198
-0.0961127
-0.0979875
-0.099643
-0.10108
-0.102298
-0.103301
-0.104089
-0.104667
-0.105037
-0.105202
-0.105167
-0.104935
-0.10451
-0.1039
-0.103109
-0.102144
-0.101013
-0.0997227
-0.0982815
-0.0966967
-0.0949754
-0.0931229
-0.0911426
-0.0890349
-0.0867961
-0.0844176
-0.0818854
-0.0791796
-0.0762747
-0.0731421
-0.0697537
-0.0660894
-0.0621468
-0.0579559
-0.0535941
-0.0491985
-0.0449692
-0.0411531
-0.0380051
-0.0357294
-0.0344193
-0.0340154
-0.0343258
-0.0351907
-0.0365194
-0.0222242
-0.0221847
-0.0222249
-0.0223545
-0.0225867
-0.0229398
-0.0234291
-0.0240686
-0.0248701
-0.0258448
-0.0270036
-0.0283569
-0.0299147
-0.0316853
-0.0336752
-0.0358875
-0.0383214
-0.0409713
-0.0438262
-0.0468696
-0.0500793
-0.0534283
-0.0568853
-0.0604157
-0.0639832
-0.067551
-0.0710827
-0.074544
-0.0779038
-0.0811342
-0.0842116
-0.0871163
-0.0898329
-0.0923497
-0.0946583
-0.096753
-0.0986306
-0.10029
-0.10173
-0.102952
-0.103958
-0.104749
-0.105328
-0.105698
-0.105862
-0.105824
-0.105587
-0.105157
-0.104539
-0.10374
-0.102765
-0.101624
-0.100325
-0.0988757
-0.0972856
-0.0955628
-0.0937146
-0.0917465
-0.0896609
-0.087457
-0.0851289
-0.0826652
-0.0800481
-0.0772539
-0.0742539
-0.0710175
-0.0675185
-0.0637442
-0.059709
-0.0554707
-0.051146
-0.0469187
-0.0430306
-0.0397481
-0.0373046
-0.035832
-0.035305
-0.0355495
-0.0364074
-0.037781
-0.023166
-0.0230989
-0.023119
-0.0232328
-0.0234509
-0.023791
-0.0242687
-0.0248971
-0.0256878
-0.0266518
-0.0277993
-0.0291405
-0.0306847
-0.0324402
-0.034413
-0.0366064
-0.0390194
-0.0416467
-0.0444775
-0.0474955
-0.0506792
-0.0540021
-0.0574332
-0.0609388
-0.064483
-0.0680297
-0.0715425
-0.0749879
-0.0783346
-0.0815551
-0.0846255
-0.0875262
-0.0902414
-0.0927591
-0.0950705
-0.0971696
-0.0990525
-0.100717
-0.102164
-0.103392
-0.104403
-0.105198
-0.10578
-0.106151
-0.106315
-0.106274
-0.106034
-0.105597
-0.104972
-0.104162
-0.103177
-0.102025
-0.100714
-0.0992533
-0.0976539
-0.095925
-0.0940755
-0.0921126
-0.0900412
-0.0878629
-0.0855744
-0.0831673
-0.0806263
-0.07793
-0.0750506
-0.0719566
-0.0686177
-0.0650129
-0.0611435
-0.0570491
-0.0528255
-0.0486372
-0.0447158
-0.0413328
-0.0387452
-0.0371216
-0.0364735
-0.0366487
-0.0374955
-0.0389104
-0.0240494
-0.0239563
-0.0239567
-0.0240537
-0.0242556
-0.0245798
-0.0250417
-0.025654
-0.0264281
-0.0273745
-0.0285033
-0.029824
-0.0313459
-0.0330766
-0.0350226
-0.0371867
-0.0395683
-0.0421623
-0.0449584
-0.0479409
-0.051089
-0.0543766
-0.0577739
-0.0612475
-0.0647622
-0.0682834
-0.0717735
-0.0752001
-0.0785323
-0.0817423
-0.0848062
-0.0877039
-0.0904194
-0.0929402
-0.0952567
-0.0973625
-0.0992533
-0.100927
-0.102381
-0.103617
-0.104635
-0.105437
-0.106023
-0.106397
-0.106561
-0.106518
-0.106274
-0.105831
-0.105197
-0.104378
-0.103381
-0.102215
-0.10089
-0.0994161
-0.0978042
-0.0960651
-0.0942091
-0.0922454
-0.0901809
-0.0880195
-0.0857606
-0.0833986
-0.0809213
-0.0783096
-0.0755375
-0.0725738
-0.069386
-0.065947
-0.0622471
-0.0583097
-0.0542101
-0.0500924
-0.0461732
-0.042723
-0.0400165
-0.0382562
-0.0374911
-0.0375952
-0.0384273
-0.0398803
-0.0248711
-0.024754
-0.0247352
-0.0248148
-0.0249986
-0.025304
-0.025746
-0.0263371
-0.0270885
-0.0280104
-0.0291126
-0.0304044
-0.0318948
-0.0335915
-0.0355005
-0.0376251
-0.0399649
-0.0425152
-0.0452665
-0.0482037
-0.0513067
-0.0545507
-0.0579063
-0.0613413
-0.0648212
-0.0683109
-0.0717752
-0.075181
-0.0784974
-0.0816965
-0.0847542
-0.08765
-0.0903673
-0.092893
-0.095217
-0.097332
-0.0992333
-0.100917
-0.102383
-0.103629
-0.104656
-0.105465
-0.106057
-0.106435
-0.1066
-0.106556
-0.106308
-0.10586
-0.105217
-0.104387
-0.103377
-0.102196
-0.100856
-0.0993661
-0.0977388
-0.0959859
-0.0941191
-0.092149
-0.0900848
-0.0879323
-0.0856938
-0.0833662
-0.0809402
-0.0783996
-0.0757208
-0.0728738
-0.0698251
-0.0665438
-0.0630113
-0.0592372
-0.0552777
-0.0512556
-0.0473696
-0.0438839
-0.0410843
-0.0392032
-0.0383271
-0.0383597
-0.0391744
-0.0406627
-0.025629
-0.0254902
-0.0254529
-0.0255145
-0.0256787
-0.0259623
-0.0263803
-0.0269451
-0.0276675
-0.0285578
-0.0296255
-0.0308799
-0.0323297
-0.0339826
-0.0358448
-0.0379197
-0.0402075
-0.042704
-0.0454005
-0.0482828
-0.051332
-0.0545239
-0.0578304
-0.0612202
-0.0646597
-0.0681142
-0.0715492
-0.0749317
-0.0782309
-0.0814186
-0.0844704
-0.0873653
-0.090086
-0.0926185
-0.0949521
-0.0970788
-0.0989928
-0.10069
-0.102169
-0.103427
-0.104465
-0.105284
-0.105883
-0.106265
-0.106433
-0.106389
-0.106138
-0.105683
-0.105032
-0.10419
-0.103167
-0.101971
-0.100613
-0.0991058
-0.0974605
-0.0956906
-0.093809
-0.0918278
-0.0897578
-0.0876071
-0.0853801
-0.0830767
-0.0806902
-0.0782075
-0.0756076
-0.0728623
-0.0699387
-0.0668034
-0.0634314
-0.0598207
-0.0560104
-0.0521022
-0.0482752
-0.0447822
-0.0419147
-0.0399295
-0.0389499
-0.0389119
-0.0397071
-0.0412286
-0.026322
-0.0261638
-0.0261091
-0.0261524
-0.0262954
-0.0265546
-0.0269447
-0.0274778
-0.028165
-0.0290164
-0.0300415
-0.0312497
-0.0326496
-0.0342491
-0.0360545
-0.0380697
-0.0402954
-0.0427283
-0.0453604
-0.0481787
-0.0511652
-0.0542972
-0.0575475
-0.0608859
-0.0642796
-0.0676947
-0.0710972
-0.0744542
-0.0777347
-0.0809106
-0.0839567
-0.0868515
-0.0895769
-0.092118
-0.0944634
-0.0966039
-0.0985331
-0.100246
-0.10174
-0.103013
-0.104065
-0.104894
-0.105502
-0.105891
-0.106062
-0.106019
-0.105764
-0.105304
-0.104644
-0.103791
-0.102754
-0.101541
-0.100166
-0.0986384
-0.0969732
-0.0951832
-0.0932834
-0.0912866
-0.0892054
-0.0870497
-0.0848263
-0.0825372
-0.080179
-0.0777411
-0.0752054
-0.0725464
-0.069732
-0.0667282
-0.0635056
-0.0600528
-0.0563941
-0.0526113
-0.0488629
-0.0453868
-0.0424745
-0.0404022
-0.0393274
-0.0392203
-0.0399949
-0.0415482
-0.0269496
-0.0267749
-0.026704
-0.026729
-0.0268496
-0.0270818
-0.0274399
-0.0279362
-0.0285817
-0.0293867
-0.0303611
-0.0315141
-0.0328547
-0.0343911
-0.0361298
-0.0380754
-0.0402292
-0.0425887
-0.0451471
-0.0478925
-0.0508082
-0.0538726
-0.05706
-0.060341
-0.0636839
-0.0670555
-0.0704222
-0.0737513
-0.0770118
-0.0801751
-0.0832157
-0.0861111
-0.0888424
-0.0913938
-0.0937528
-0.0959095
-0.0978561
-0.0995873
-0.101099
-0.102389
-0.103455
-0.104298
-0.104917
-0.105313
-0.105489
-0.105447
-0.105191
-0.104726
-0.104057
-0.103193
-0.102141
-0.100912
-0.0995167
-0.0979685
-0.0962812
-0.0944691
-0.0925476
-0.0905313
-0.0884338
-0.0862669
-0.0840394
-0.0817557
-0.0794147
-0.0770088
-0.0745228
-0.0719337
-0.0692116
-0.0663225
-0.0632345
-0.0599292
-0.0564182
-0.0527655
-0.0491087
-0.0456687
-0.0427316
-0.0405881
-0.0394266
-0.0392527
-0.0400061
-0.0415909
-0.0275128
-0.0273244
-0.0272388
-0.0272456
-0.0273428
-0.0275455
-0.0278679
-0.0283221
-0.0289194
-0.0296706
-0.0305856
-0.0316744
-0.0329462
-0.0344097
-0.0360719
-0.037938
-0.0400102
-0.0422871
-0.0447628
-0.0474268
-0.0502637
-0.0532534
-0.0563713
-0.0595893
-0.0628765
-0.0662005
-0.0695283
-0.0728272
-0.0760662
-0.0792162
-0.0822511
-0.0851476
-0.0878859
-0.0904491
-0.0928236
-0.0949984
-0.0969647
-0.0987163
-0.100248
-0.101557
-0.102641
-0.103499
-0.10413
-0.104536
-0.104718
-0.104679
-0.104422
-0.103952
-0.103276
-0.1024
-0.101334
-0.100087
-0.0986723
-0.0971021
-0.095391
-0.0935546
-0.0916086
-0.0895689
-0.0874505
-0.0852667
-0.0830279
-0.0807406
-0.0784062
-0.0760197
-0.0735688
-0.0710332
-0.0683853
-0.0655923
-0.0626211
-0.0594482
-0.0560753
-0.0525505
-0.0489915
-0.0456006
-0.042655
-0.040454
-0.039214
-0.0389757
-0.039708
-0.0413247
-0.0280128
-0.027814
-0.0277154
-0.0277044
-0.0277774
-0.0279483
-0.0282312
-0.0286381
-0.0291808
-0.0298703
-0.0307175
-0.0317328
-0.0329262
-0.0343069
-0.0358827
-0.0376597
-0.0396409
-0.0418259
-0.0442104
-0.046785
-0.0495357
-0.0524438
-0.0554861
-0.0586356
-0.0618625
-0.0651352
-0.0684209
-0.0716874
-0.0749032
-0.0780391
-0.081068
-0.0839661
-0.0867122
-0.0892885
-0.0916802
-0.093875
-0.0958633
-0.0976374
-0.0991917
-0.100522
-0.101626
-0.102501
-0.103147
-0.103564
-0.103754
-0.103719
-0.103463
-0.10299
-0.102307
-0.10142
-0.10034
-0.0990755
-0.09764
-0.0960467
-0.0943107
-0.0924478
-0.0904749
-0.0884085
-0.0862648
-0.0840583
-0.0818013
-0.0795019
-0.0771637
-0.0747842
-0.0723536
-0.0698545
-0.0672619
-0.0645446
-0.0616697
-0.0586103
-0.0553605
-0.0519547
-0.0484926
-0.0451573
-0.0422143
-0.0399669
-0.038655
-0.0383545
-0.0390659
-0.0407162
-0.0284521
-0.0282462
-0.0281365
-0.0281085
-0.0281565
-0.0282937
-0.0285334
-0.0288878
-0.029369
-0.0299891
-0.0307596
-0.031692
-0.0327972
-0.0340852
-0.0355649
-0.0372432
-0.0391242
-0.0412088
-0.0434938
-0.0459714
-0.0486289
-0.0514491
-0.0544101
-0.0574862
-0.0606486
-0.0638662
-0.067107
-0.0703387
-0.0735298
-0.0766505
-0.0796733
-0.082573
-0.0853277
-0.0879183
-0.0903286
-0.0925453
-0.0945576
-0.0963566
-0.0979358
-0.09929
-0.100416
-0.10131
-0.101973
-0.102404
-0.102604
-0.102575
-0.102321
-0.101847
-0.101157
-0.100261
-0.0991665
-0.0978851
-0.0964291
-0.0948123
-0.0930502
-0.0911593
-0.089157
-0.0870607
-0.0848875
-0.0826531
-0.080371
-0.0780511
-0.0756987
-0.0733136
-0.0708885
-0.0684085
-0.0658514
-0.063188
-0.0603863
-0.0574178
-0.0542708
-0.0509689
-0.0475953
-0.0443151
-0.0413799
-0.039093
-0.037714
-0.0373522
-0.0380431
-0.0397296
-0.0288337
-0.0286241
-0.0285055
-0.0284613
-0.028484
-0.0285855
-0.0287783
-0.0290749
-0.029488
-0.0300306
-0.0307156
-0.0315555
-0.0325626
-0.0337481
-0.0351219
-0.0366921
-0.0384641
-0.0404399
-0.0426178
-0.0449913
-0.0475493
-0.0502759
-0.0531505
-0.0561486
-0.0592424
-0.0624017
-0.0655948
-0.0687896
-0.0719545
-0.0750591
-0.0780751
-0.0809766
-0.0837404
-0.0863463
-0.0887767
-0.0910171
-0.0930553
-0.0948815
-0.0964878
-0.0978684
-0.0990187
-0.0999359
-0.100618
-0.101065
-0.101277
-0.101257
-0.101006
-0.100531
-0.0998377
-0.0989327
-0.0978257
-0.0965277
-0.0950513
-0.0934107
-0.0916219
-0.0897016
-0.0876678
-0.0855386
-0.0833319
-0.0810643
-0.0787503
-0.0764014
-0.0740244
-0.0716209
-0.0691859
-0.0667071
-0.0641646
-0.0615317
-0.0587778
-0.055874
-0.0528047
-0.0495851
-0.0462846
-0.0430512
-0.0401221
-0.0377977
-0.036353
-0.0359296
-0.0366002
-0.0383265
-0.029161
-0.0289516
-0.0288265
-0.0287672
-0.0287644
-0.0288282
-0.0289706
-0.029204
-0.029542
-0.0299989
-0.0305892
-0.0313269
-0.0322259
-0.0332989
-0.0345573
-0.0360103
-0.0376648
-0.0395242
-0.0415879
-0.043851
-0.0463037
-0.0489315
-0.0517152
-0.0546314
-0.0576534
-0.0607514
-0.0638945
-0.0670505
-0.0701876
-0.0732752
-0.076284
-0.0791873
-0.0819606
-0.0845826
-0.0870344
-0.0893
-0.0913661
-0.0932216
-0.0948576
-0.0962671
-0.0974447
-0.0983868
-0.0990911
-0.0995565
-0.0997835
-0.0997736
-0.0995299
-0.0990568
-0.0983605
-0.0974486
-0.0963302
-0.0950166
-0.0935205
-0.0918564
-0.0900403
-0.0880896
-0.0860225
-0.0838577
-0.0816135
-0.0793073
-0.0769547
-0.0745681
-0.0721557
-0.0697207
-0.0672599
-0.0647633
-0.0622134
-0.0595859
-0.0568518
-0.0539831
-0.0509618
-0.0477967
-0.0445462
-0.0413431
-0.0384108
-0.0360448
-0.034532
-0.0340442
-0.0346937
-0.0364645
-0.0294384
-0.0292331
-0.029104
-0.0290309
-0.0290024
-0.0290267
-0.029115
-0.0292798
-0.0295356
-0.0298984
-0.0303845
-0.0310101
-0.031791
-0.0327417
-0.0338752
-0.0352024
-0.0367315
-0.0384672
-0.0404104
-0.0425574
-0.0448999
-0.0474247
-0.0501138
-0.0529449
-0.0558921
-0.0589266
-0.0620176
-0.0651332
-0.0682415
-0.0713111
-0.0743123
-0.0772173
-0.0800006
-0.0826394
-0.0851138
-0.0874062
-0.0895021
-0.091389
-0.093057
-0.0944979
-0.0957056
-0.0966756
-0.0974048
-0.0978917
-0.0981363
-0.0981399
-0.0979052
-0.0974367
-0.0967403
-0.0958234
-0.0946956
-0.0933679
-0.0918532
-0.0901661
-0.0883228
-0.0863409
-0.0842389
-0.0820357
-0.0797502
-0.0774003
-0.075002
-0.0725686
-0.0701095
-0.0676291
-0.0651258
-0.0625914
-0.0600105
-0.0573612
-0.0546166
-0.0517496
-0.0487415
-0.0455969
-0.0423655
-0.0391679
-0.0362145
-0.0337955
-0.032207
-0.0316487
-0.0322754
-0.0340963
-0.0296703
-0.0294736
-0.0293434
-0.0292579
-0.0292035
-0.0291864
-0.0292166
-0.029307
-0.0294732
-0.0297331
-0.0301055
-0.030609
-0.0312618
-0.0320804
-0.03308
-0.034273
-0.0356692
-0.0372748
-0.0390919
-0.0411183
-0.0433467
-0.0457651
-0.0483568
-0.0511005
-0.053971
-0.0569402
-0.0599778
-0.0630518
-0.0661303
-0.0691814
-0.0721747
-0.0750815
-0.0778751
-0.0805315
-0.0830294
-0.0853501
-0.0874774
-0.0893979
-0.0911002
-0.0925752
-0.0938158
-0.0948166
-0.0955738
-0.0960854
-0.0963508
-0.096371
-0.0961485
-0.0956875
-0.0949937
-0.0940747
-0.0929397
-0.0915999
-0.0900681
-0.0883591
-0.086489
-0.0844756
-0.0823373
-0.0800933
-0.0777626
-0.0753634
-0.0729121
-0.0704226
-0.0679048
-0.0653642
-0.0628004
-0.0602066
-0.0575694
-0.0548688
-0.0520801
-0.0491776
-0.046143
-0.0429783
-0.0397273
-0.0365008
-0.0334992
-0.0310075
-0.0293293
-0.0286905
-0.0292905
-0.0311679
-0.0298619
-0.0296785
-0.0295503
-0.0294538
-0.0293734
-0.0293127
-0.0292807
-0.0292904
-0.0293592
-0.0295072
-0.029756
-0.0301272
-0.0306418
-0.031319
-0.0321759
-0.0332271
-0.0344838
-0.0359537
-0.0376402
-0.0395422
-0.0416536
-0.0439636
-0.0464561
-0.049111
-0.0519038
-0.0548069
-0.0577902
-0.0608222
-0.0638704
-0.0669028
-0.0698881
-0.0727967
-0.0756011
-0.0782758
-0.0807983
-0.0831486
-0.0853091
-0.0872652
-0.0890042
-0.0905159
-0.0917922
-0.0928268
-0.0936153
-0.0941549
-0.0944446
-0.0944849
-0.0942781
-0.093828
-0.0931402
-0.092222
-0.0910827
-0.0897333
-0.0881866
-0.0864571
-0.0845611
-0.082516
-0.0803404
-0.0780532
-0.0756735
-0.0732194
-0.0707074
-0.0681516
-0.0655624
-0.0629456
-0.0603017
-0.0576252
-0.0549039
-0.0521197
-0.0492498
-0.0462704
-0.0431638
-0.0399316
-0.0366137
-0.0333146
-0.0302271
-0.0276332
-0.0258438
-0.0251092
-0.0256762
-0.0276169
-0.0300187
-0.0298539
-0.0297311
-0.0296252
-0.0295184
-0.0294115
-0.0293124
-0.0292347
-0.0291976
-0.0292242
-0.0293393
-0.029568
-0.0299345
-0.0304611
-0.0311673
-0.0320696
-0.0331812
-0.0345109
-0.0360634
-0.0378387
-0.0398315
-0.042032
-0.0444249
-0.0469908
-0.0497058
-0.0525429
-0.0554722
-0.0584622
-0.0614803
-0.0644941
-0.0674717
-0.0703826
-0.0731981
-0.0758919
-0.0784401
-0.0808212
-0.0830167
-0.0850102
-0.0867881
-0.0883392
-0.0896541
-0.0907257
-0.0915488
-0.09212
-0.0924377
-0.0925019
-0.0923146
-0.0918792
-0.0912011
-0.0902874
-0.0891472
-0.0877913
-0.0862322
-0.0844843
-0.0825635
-0.0804871
-0.0782733
-0.0759407
-0.073508
-0.070993
-0.0684122
-0.0657792
-0.0631045
-0.0603942
-0.057649
-0.0548641
-0.0520283
-0.0491247
-0.0461324
-0.0430293
-0.0397995
-0.0364447
-0.0330037
-0.0295773
-0.0263549
-0.0236184
-0.0216872
-0.0208349
-0.0213589
-0.0233706
-0.0301466
-0.0300065
-0.0298931
-0.0297792
-0.029645
-0.0294887
-0.0293168
-0.0291441
-0.028992
-0.028887
-0.028858
-0.028934
-0.0291429
-0.0295103
-0.0300583
-0.0308059
-0.0317677
-0.032954
-0.0343705
-0.0360179
-0.0378921
-0.0399834
-0.0422776
-0.0447556
-0.0473941
-0.0501663
-0.0530426
-0.0559916
-0.0589804
-0.0619763
-0.0649468
-0.0678606
-0.0706882
-0.0734019
-0.0759767
-0.0783901
-0.0806219
-0.0826549
-0.084474
-0.0860669
-0.0874233
-0.0885351
-0.0893963
-0.0900028
-0.0903524
-0.0904446
-0.0902809
-0.0898645
-0.0892002
-0.0882951
-0.0871578
-0.0857988
-0.0842303
-0.0824664
-0.0805225
-0.0784154
-0.0761627
-0.0737824
-0.0712927
-0.0687107
-0.0660521
-0.0633302
-0.0605549
-0.057732
-0.054862
-0.0519403
-0.0489562
-0.0458936
-0.0427328
-0.0394536
-0.0360419
-0.0325013
-0.0288707
-0.025251
-0.0218318
-0.0188997
-0.0167853
-0.0157857
-0.0162524
-0.0183427
-0.0302521
-0.0301442
-0.0300442
-0.0299236
-0.0297606
-0.0295504
-0.029299
-0.0290224
-0.0287452
-0.028498
-0.0283142
-0.0282273
-0.0282695
-0.0284697
-0.0288534
-0.0294414
-0.0302501
-0.0312912
-0.0325711
-0.0340913
-0.035848
-0.0378323
-0.0400301
-0.0424226
-0.044987
-0.0476967
-0.0505222
-0.053432
-0.0563931
-0.0593725
-0.0623371
-0.0652548
-0.0680953
-0.07083
-0.0734326
-0.0758794
-0.0781493
-0.0802234
-0.0820859
-0.0837232
-0.0851239
-0.0862791
-0.0871819
-0.0878274
-0.0882129
-0.0883374
-0.0882017
-0.0878087
-0.0871629
-0.0862708
-0.0851406
-0.0837825
-0.0822081
-0.080431
-0.0784659
-0.0763288
-0.0740367
-0.0716066
-0.0690556
-0.0663998
-0.063654
-0.0608304
-0.0579379
-0.0549813
-0.0519608
-0.0488709
-0.0457007
-0.0424346
-0.0390536
-0.035539
-0.0318789
-0.0280792
-0.0241817
-0.0202895
-0.0165973
-0.0134018
-0.0110502
-0.00986434
-0.0102534
-0.0124305
-0.0303428
-0.0302758
-0.0301941
-0.0300676
-0.0298731
-0.0296032
-0.0292637
-0.0288729
-0.0284594
-0.0280585
-0.0277089
-0.0274492
-0.0273161
-0.0273424
-0.0275565
-0.0279816
-0.0286357
-0.0295314
-0.0306759
-0.0320712
-0.0337136
-0.0355943
-0.0376995
-0.0400105
-0.0425047
-0.0451554
-0.0479333
-0.0508067
-0.0537426
-0.0567074
-0.0596678
-0.0625909
-0.0654456
-0.0682025
-0.0708342
-0.0733158
-0.0756252
-0.0777424
-0.0796503
-0.0813343
-0.082782
-0.0839837
-0.0849316
-0.0856201
-0.0860456
-0.0862067
-0.0861036
-0.0857387
-0.0851161
-0.0842416
-0.0831231
-0.08177
-0.0801935
-0.0784061
-0.076422
-0.0742559
-0.0719238
-0.0694414
-0.0668246
-0.064088
-0.0612447
-0.0583054
-0.0552775
-0.0521644
-0.0489647
-0.0456717
-0.0422736
-0.0387542
-0.0350946
-0.0312773
-0.0272926
-0.0231496
-0.0188946
-0.0146363
-0.0105784
-0.00703494
-0.00437672
-0.00295422
-0.0032384
-0.00551052
-0.0304269
-0.0304123
-0.0303542
-0.0302219
-0.0299917
-0.0296541
-0.0292158
-0.0286986
-0.028136
-0.0275691
-0.0270425
-0.0266004
-0.0262844
-0.0261312
-0.0261722
-0.0264328
-0.0269324
-0.0276846
-0.0286969
-0.0299712
-0.031504
-0.0332865
-0.0353045
-0.0375395
-0.0399686
-0.0425652
-0.0452997
-0.0481406
-0.0510545
-0.0540076
-0.056966
-0.0598965
-0.0627671
-0.0655475
-0.0682096
-0.0707275
-0.0730779
-0.0752398
-0.0771951
-0.0789281
-0.0804256
-0.0816767
-0.082673
-0.0834081
-0.0838778
-0.0840798
-0.0840139
-0.0836819
-0.0830872
-0.0822352
-0.081133
-0.0797892
-0.0782143
-0.0764199
-0.0744187
-0.0722246
-0.0698518
-0.0673147
-0.064627
-0.0618017
-0.0588498
-0.0557799
-0.052597
-0.0493022
-0.045892
-0.0423574
-0.0386847
-0.0348562
-0.0308522
-0.0266558
-0.0222592
-0.0176758
-0.0129575
-0.00822194
-0.00368672
0.000309694
0.00336244
0.00508597
0.00494274
0.00256703
-0.0305153
-0.0305679
-0.0305389
-0.0303995
-0.0301269
-0.0297107
-0.0291601
-0.0285017
-0.0277755
-0.0270294
-0.0263145
-0.0256812
-0.0251757
-0.024839
-0.0247053
-0.024802
-0.0251495
-0.025762
-0.0266471
-0.0278065
-0.0292365
-0.0309276
-0.0328656
-0.0350314
-0.0374018
-0.0399503
-0.042647
-0.04546
-0.0483561
-0.0513009
-0.0542603
-0.0572004
-0.0600889
-0.0628946
-0.0655886
-0.0681442
-0.070537
-0.0727452
-0.0747497
-0.0765338
-0.0780834
-0.0793868
-0.0804347
-0.0812199
-0.0817375
-0.0819846
-0.0819604
-0.0816658
-0.0811037
-0.0802788
-0.0791973
-0.0778671
-0.0762974
-0.0744987
-0.0724825
-0.070261
-0.0678466
-0.0652516
-0.0624878
-0.0595655
-0.0564931
-0.0532762
-0.0499171
-0.0464135
-0.0427586
-0.0389401
-0.0349412
-0.0307413
-0.026319
-0.0216567
-0.0167485
-0.0116122
-0.00630704
-0.000962436
0.00418466
0.00876347
0.0123222
0.0144292
0.0144737
0.0119856
-0.0306226
-0.0307606
-0.0307673
-0.0306171
-0.0302917
-0.0297821
-0.0291019
-0.0282844
-0.0273782
-0.0264387
-0.0255244
-0.0246916
-0.0239919
-0.0234697
-0.0231618
-0.0230973
-0.0232974
-0.0237763
-0.0245415
-0.0255942
-0.0269297
-0.0285381
-0.0304045
-0.0325093
-0.0348289
-0.0373363
-0.0400015
-0.0427924
-0.0456755
-0.0486161
-0.0515798
-0.0545325
-0.057441
-0.0602739
-0.0630014
-0.0655961
-0.0680328
-0.0702888
-0.0723441
-0.0741812
-0.075785
-0.077143
-0.0782452
-0.0790836
-0.0796526
-0.0799485
-0.0799698
-0.0797168
-0.0791916
-0.078398
-0.0773412
-0.0760282
-0.0744669
-0.0726664
-0.0706367
-0.0683879
-0.0659304
-0.0632742
-0.0604283
-0.0573999
-0.0541943
-0.0508133
-0.0472553
-0.0435138
-0.0395774
-0.0354292
-0.0310475
-0.0264074
-0.0214841
-0.016258
-0.0107241
-0.00490473
0.00113132
0.0072422
0.0131636
0.018485
0.0226922
0.0252893
0.0255824
0.0229735
-0.0307683
-0.0310163
-0.031065
-0.0308967
-0.0305029
-0.0298793
-0.029047
-0.0280496
-0.0269444
-0.0257964
-0.0246716
-0.0236326
-0.0227355
-0.022028
-0.0215492
-0.0213289
-0.0213887
-0.0217426
-0.0223973
-0.0233531
-0.0246044
-0.0261403
-0.027945
-0.0299981
-0.0322757
-0.0347501
-0.037391
-0.0401662
-0.0430416
-0.0459827
-0.0489546
-0.0519229
-0.054854
-0.0577161
-0.0604788
-0.0631139
-0.0655957
-0.0679007
-0.070008
-0.0718994
-0.073559
-0.0749736
-0.0761323
-0.0770263
-0.0776494
-0.0779971
-0.0780672
-0.0778591
-0.0773742
-0.0766151
-0.0755863
-0.0742933
-0.0727428
-0.0709422
-0.0688996
-0.066623
-0.0641205
-0.061399
-0.0584644
-0.0553205
-0.0519683
-0.0484053
-0.0446247
-0.0406147
-0.0363578
-0.0318307
-0.0270051
-0.0218498
-0.016334
-0.0104344
-0.00414542
0.00250695
0.00944388
0.0165045
0.0234004
0.0296645
0.0347042
0.0379334
0.0385554
0.0358219
-0.0309818
-0.0313722
-0.0314682
-0.031268
-0.0307823
-0.0300165
-0.0290039
-0.0278004
-0.0264752
-0.0251029
-0.0237571
-0.0225064
-0.0214111
-0.0205213
-0.0198772
-0.0195092
-0.0194386
-0.0196783
-0.0202339
-0.0211046
-0.0222834
-0.0237583
-0.0255123
-0.0275243
-0.0297693
-0.0322195
-0.0348439
-0.0376101
-0.0404839
-0.0434304
-0.0464145
-0.0494017
-0.0523581
-0.0552513
-0.0580506
-0.0607274
-0.0632551
-0.0656098
-0.0677699
-0.0697164
-0.0714327
-0.0729049
-0.0741212
-0.0750724
-0.0757513
-0.0761528
-0.0762737
-0.0761127
-0.0756701
-0.0749478
-0.073949
-0.0726777
-0.0711392
-0.0693392
-0.0672834
-0.0649777
-0.0624272
-0.0596358
-0.0566056
-0.0533361
-0.0498236
-0.0460603
-0.042033
-0.037723
-0.0331052
-0.0281478
-0.0228138
-0.0170626
-0.010855
-0.00416102
0.00302847
0.010685
0.0187196
0.0269507
0.035066
0.0425248
0.0486398
0.0526966
0.0537595
0.0509128
-0.031309
-0.0318842
-0.0320289
-0.0317724
-0.0311595
-0.0302133
-0.0289839
-0.0275433
-0.0259739
-0.0243605
-0.0227845
-0.0213182
-0.0200263
-0.0189598
-0.0181592
-0.0176543
-0.0174654
-0.0176039
-0.0180738
-0.0188727
-0.0199921
-0.0214184
-0.0231335
-0.0251153
-0.0273379
-0.0297729
-0.032389
-0.0351532
-0.0380313
-0.0409882
-0.0439887
-0.0469979
-0.0499819
-0.0529079
-0.055745
-0.058464
-0.0610381
-0.0634425
-0.0656553
-0.0676567
-0.0694296
-0.0709592
-0.0722333
-0.0732418
-0.0739768
-0.0744324
-0.0746047
-0.0744914
-0.074092
-0.0734071
-0.0724386
-0.0711894
-0.0696628
-0.0678626
-0.0657924
-0.0634553
-0.0608534
-0.0579868
-0.0548537
-0.0514487
-0.0477624
-0.0437804
-0.0394825
-0.0348412
-0.0298218
-0.0243821
-0.018473
-0.0120419
-0.00503725
0.00258179
0.0108318
0.0196858
0.0290471
0.0387153
0.0483345
0.0573163
0.0648342
0.0699985
0.0716709
0.0687643
-0.0318242
-0.032638
-0.0328239
-0.032469
-0.0316763
-0.030497
-0.0290041
-0.0272891
-0.0254483
-0.0235763
-0.0217607
-0.0200784
-0.0185936
-0.0173587
-0.0164129
-0.0157844
-0.0154914
-0.0155435
-0.0159426
-0.0166842
-0.0177579
-0.0191487
-0.0208371
-0.0227997
-0.0250101
-0.0274389
-0.0300545
-0.0328236
-0.0357117
-0.0386836
-0.041704
-0.044738
-0.0477514
-0.0507114
-0.0535867
-0.0563478
-0.0589675
-0.0614207
-0.0636849
-0.0657398
-0.0675677
-0.0691533
-0.0704836
-0.0715479
-0.0723375
-0.072846
-0.0730684
-0.0730017
-0.0726442
-0.0719956
-0.0710564
-0.0698278
-0.0683116
-0.0665094
-0.0644225
-0.0620509
-0.0593935
-0.0564465
-0.0532033
-0.049653
-0.04578
-0.0415625
-0.0369712
-0.0319689
-0.0265091
-0.0205362
-0.0139865
-0.00679117
0.00111815
0.00979866
0.0192807
0.0295449
0.0404924
0.0519063
0.0633929
0.0743057
0.0836755
0.0903579
0.0929138
0.0901003
-0.032651
-0.0337684
-0.033968
-0.0334426
-0.0323911
-0.0309066
-0.0290909
-0.0270563
-0.0249131
-0.0227642
-0.0207012
-0.0188025
-0.0171317
-0.0157391
-0.0146615
-0.0139246
-0.0135436
-0.0135253
-0.0138691
-0.0145681
-0.0156102
-0.0169785
-0.0186519
-0.0206061
-0.0228137
-0.0252446
-0.0278669
-0.0306469
-0.0335499
-0.0365406
-0.0395838
-0.0426443
-0.045688
-0.0486819
-0.0515945
-0.0543963
-0.0570597
-0.0595593
-0.0618722
-0.0639776
-0.0658573
-0.0674955
-0.0688787
-0.0699954
-0.0708365
-0.0713945
-0.071664
-0.0716409
-0.0713225
-0.0707074
-0.0697947
-0.0685842
-0.0670757
-0.0652686
-0.0631618
-0.0607523
-0.0580352
-0.0550026
-0.0516427
-0.0479388
-0.043868
-0.0394
-0.0344957
-0.0291061
-0.0231711
-0.0166192
-0.00936841
-0.00132942
0.00758843
0.0174658
0.0283553
0.0402559
0.0530772
0.0665956
0.0803901
0.0937478
0.10559
0.114407
0.118321
0.115959
-0.0340032
-0.0354912
-0.0356333
-0.0348144
-0.033386
-0.0314978
-0.0292828
-0.0268739
-0.0243929
-0.0219472
-0.0196293
-0.0175157
-0.0156669
-0.014129
-0.0129347
-0.0121055
-0.011653
-0.0115805
-0.0118844
-0.0125554
-0.0135791
-0.0149368
-0.016606
-0.0185613
-0.0207742
-0.0232143
-0.0258489
-0.0286443
-0.0315656
-0.0345775
-0.0376445
-0.0407317
-0.043805
-0.0468313
-0.0497791
-0.0526186
-0.0553221
-0.0578641
-0.0602211
-0.0623723
-0.0642989
-0.0659848
-0.0674157
-0.0685798
-0.0694673
-0.0700701
-0.0703819
-0.0703978
-0.0701143
-0.0695286
-0.0686386
-0.0674425
-0.0659382
-0.0641231
-0.0619931
-0.0595423
-0.0567619
-0.0536396
-0.050158
-0.0462942
-0.0420173
-0.037288
-0.032056
-0.0262593
-0.0198221
-0.0126546
-0.00465327
0.00429633
0.0143135
0.0255108
0.037975
0.051738
0.0667366
0.0827608
0.0993826
0.115851
0.130979
0.142889
0.149017
0.147853
-0.0362609
-0.0381564
-0.0380763
-0.0367533
-0.0347711
-0.0323436
-0.0296312
-0.0267815
-0.0239211
-0.0211566
-0.018576
-0.0162498
-0.0142319
-0.0125617
-0.011266
-0.0103607
-0.00985271
-0.00974134
-0.0100197
-0.0106756
-0.0116924
-0.0130496
-0.0147234
-0.016687
-0.0189114
-0.0213653
-0.0240159
-0.0268291
-0.02977
-0.0328032
-0.0358934
-0.0390057
-0.042106
-0.0451613
-0.0481402
-0.0510127
-0.0537512
-0.0563299
-0.0587252
-0.0609159
-0.0628831
-0.0646101
-0.0660824
-0.0672876
-0.0682154
-0.068857
-0.0692055
-0.0692552
-0.0690015
-0.0684406
-0.0675691
-0.0663836
-0.0648802
-0.063054
-0.0608982
-0.0584037
-0.055558
-0.0523438
-0.0487384
-0.0447119
-0.0402256
-0.0352301
-0.0296636
-0.0234499
-0.0164962
-0.00869235
8.97541e-05
0.00999406
0.0211751
0.033787
0.0479646
0.0637934
0.0812648
0.100217
0.120255
0.140641
0.160124
0.176588
0.186458
0.187935
-0.0401289
-0.0423353
-0.0416618
-0.0394725
-0.0366717
-0.0335196
-0.0301838
-0.0268122
-0.0235246
-0.020417
-0.017566
-0.0150303
-0.0128533
-0.0110648
-0.00968315
-0.00871755
-0.00816924
-0.00803302
-0.00829834
-0.00895009
-0.00996932
-0.0113337
-0.0130182
-0.0149949
-0.0172341
-0.0197041
-0.0223717
-0.0252027
-0.0281621
-0.0312147
-0.0343253
-0.0374591
-0.0405821
-0.0436615
-0.0466658
-0.0495655
-0.0523326
-0.0549413
-0.057368
-0.0595914
-0.0615921
-0.0633534
-0.0648603
-0.0661001
-0.0670618
-0.0677363
-0.068116
-0.0681943
-0.0679658
-0.0674257
-0.0665692
-0.0653914
-0.0638866
-0.0620476
-0.0598651
-0.0573268
-0.0544163
-0.0511116
-0.0473846
-0.0431983
-0.0385061
-0.0332487
-0.0273525
-0.0207267
-0.013261
-0.00482376
0.00473971
0.0156063
0.0279716
0.0420414
0.0580149
0.0760561
0.0962487
0.118531
0.142608
0.167832
0.193049
0.216033
0.232212
0.238911
-0.0469722
-0.0489535
-0.0468434
-0.0431671
-0.0391592
-0.0350327
-0.0309154
-0.0269283
-0.0231643
-0.0196943
-0.0165724
-0.013838
-0.0115186
-0.00963093
-0.00818296
-0.0071756
-0.00660372
-0.00645722
-0.00672175
-0.00737936
-0.00840892
-0.00978656
-0.0114859
-0.0134784
-0.0157338
-0.0182199
-0.0209035
-0.0237503
-0.0267255
-0.029794
-0.0329208
-0.0360714
-0.0392119
-0.0423098
-0.0453338
-0.0482544
-0.0510437
-0.0536761
-0.0561279
-0.0583775
-0.0604056
-0.0621951
-0.0637308
-0.0649997
-0.0659904
-0.0666932
-0.0670998
-0.0672031
-0.0669968
-0.066475
-0.0656318
-0.0644609
-0.0629547
-0.061104
-0.0588966
-0.0563177
-0.0533471
-0.0499584
-0.046118
-0.0417828
-0.0368982
-0.0313958
-0.0251905
-0.0181778
-0.0102304
-0.00119538
0.0091085
0.0208925
0.0343974
0.0498888
0.0676466
0.0879428
0.111002
0.13694
0.165662
0.196748
0.229329
0.261295
0.287545
0.303907
-0.0595894
-0.0594579
-0.0540537
-0.0478645
-0.0420884
-0.0366603
-0.0315809
-0.0268946
-0.0226318
-0.0188126
-0.0154514
-0.0125579
-0.010137
-0.00818881
-0.00670904
-0.00568967
-0.00511911
-0.00498256
-0.00526237
-0.00593822
-0.00698732
-0.00838466
-0.0101031
-0.0121138
-0.0143861
-0.0168878
-0.0195859
-0.0224463
-0.0254344
-0.0285153
-0.0316544
-0.0348174
-0.037971
-0.0410828
-0.0441218
-0.0470586
-0.0498656
-0.0525171
-0.0549894
-0.057261
-0.0593125
-0.0611264
-0.0626875
-0.0639824
-0.0649992
-0.065728
-0.0661598
-0.0662868
-0.066102
-0.0655985
-0.0647695
-0.0636074
-0.062103
-0.060245
-0.0580185
-0.0554069
-0.0523862
-0.0489265
-0.0449893
-0.040526
-0.0354752
-0.0297605
-0.0232869
-0.0159378
-0.0075711
0.00198495
0.012936
0.0255255
0.0400389
0.0568049
0.0761952
0.0986176
0.124496
0.15423
0.188107
0.226172
0.268085
0.312278
0.353778
0.388903
-0.0844842
-0.0756288
-0.0632171
-0.0529515
-0.0446285
-0.0375495
-0.0314166
-0.0260753
-0.0214177
-0.0173718
-0.013892
-0.0109484
-0.00851977
-0.00658911
-0.00514114
-0.00416066
-0.00363153
-0.00353618
-0.00385522
-0.0045674
-0.00564947
-0.00707628
-0.00882081
-0.0108543
-0.0131465
-0.0156657
-0.0183792
-0.0212533
-0.0242539
-0.0273467
-0.0304974
-0.0336723
-0.0368382
-0.0399632
-0.0430164
-0.0459689
-0.0487929
-0.0514631
-0.0539557
-0.0562491
-0.0583238
-0.0601623
-0.0617491
-0.0630704
-0.0641141
-0.0648698
-0.0653282
-0.0654809
-0.06532
-0.0648377
-0.0640263
-0.0628779
-0.0613813
-0.0595233
-0.0572901
-0.0546594
-0.0516056
-0.0480962
-0.044089
-0.0395313
-0.0343565
-0.0284821
-0.0218058
-0.0142019
-0.00551731
0.00443405
0.0158765
0.0290793
0.0443647
0.062117
0.0827955
0.10695
0.135242
0.168466
0.20755
0.253507
0.307219
0.368694
0.435427
0.510354
-0.140205
-0.096439
-0.0691139
-0.0535012
-0.0427626
-0.0345415
-0.0280212
-0.0226855
-0.0181935
-0.0143647
-0.01111
-0.00838074
-0.00614668
-0.00438783
-0.00308921
-0.00223744
-0.0018187
-0.0018178
-0.00221765
-0.00299903
-0.00414052
-0.00561856
-0.00740753
-0.0094799
-0.0118064
-0.0143564
-0.017098
-0.0199982
-0.0230236
-0.0261405
-0.0293151
-0.032514
-0.0357045
-0.038855
-0.0419348
-0.044915
-0.0477682
-0.0504688
-0.0529931
-0.0553195
-0.0574283
-0.0593017
-0.0609242
-0.0622816
-0.0633616
-0.0641535
-0.0646475
-0.064835
-0.0647077
-0.0642573
-0.063473
-0.0623494
-0.0608745
-0.0590346
-0.056812
-0.0541849
-0.0511263
-0.0476018
-0.0435675
-0.0389682
-0.0337348
-0.0277815
-0.0210023
-0.0132671
-0.00441697
0.00574133
0.0174419
0.0309682
0.0466635
0.0649468
0.0863351
0.111482
0.141241
0.176787
0.219806
0.272866
0.339773
0.426145
0.539684
0.69297
-0.273455
-0.11238
-0.0541802
-0.0377913
-0.0292065
-0.0227389
-0.0179804
-0.0143131
-0.0112142
-0.00848217
-0.00608178
-0.00402004
-0.00230982
-0.000964236
5.82883e-06
0.000593885
0.000798637
0.000623858
7.79475e-05
-0.000826543
-0.00207335
-0.00364291
-0.00551274
-0.00765782
-0.0100509
-0.0126628
-0.015463
-0.0184196
-0.0215
-0.024671
-0.0278995
-0.0311524
-0.0343974
-0.0376028
-0.0407382
-0.0437746
-0.0466846
-0.0494426
-0.0520246
-0.0544089
-0.0565757
-0.0585069
-0.0601867
-0.0616008
-0.0627367
-0.0635832
-0.0641305
-0.0643696
-0.064292
-0.0638904
-0.0631586
-0.0620798
-0.0606461
-0.0588454
-0.05666
-0.0540681
-0.0510422
-0.0475479
-0.0435414
-0.0389675
-0.0337573
-0.0278253
-0.021066
-0.0133497
-0.00451809
0.00562145
0.0173027
0.0308096
0.0464878
0.0647623
0.0861649
0.111381
0.141333
0.177358
0.22155
0.277702
0.353201
0.464606
0.64116
0.922822
)
;

boundaryField
{
    movingWall
    {
        type            zeroGradient;
    }
    fixedWalls
    {
        type            zeroGradient;
    }
    frontAndBack
    {
        type            empty;
    }
}


// ************************************************************************* //
