/*--------------------------------*- C++ -*----------------------------------*\
  =========                 |
  \\      /  F ield         | OpenFOAM: The Open Source CFD Toolbox
   \\    /   O peration     | Website:  https://openfoam.org
    \\  /    A nd           | Version:  7
     \\/     M anipulation  |
\*---------------------------------------------------------------------------*/
FoamFile
{
    version     2.0;
    format      ascii;
    class       volScalarField;
    location    "2.925";
    object      p;
}
// * * * * * * * * * * * * * * * * * * * * * * * * * * * * * * * * * * * * * //

dimensions      [0 2 -2 0 0 0 0];

internalField   nonuniform List<scalar> 
6400
(
1.3478e-06
5.62326e-06
-2.63093e-05
-9.36342e-05
-0.000188739
-0.00030461
-0.000435012
-0.000574737
-0.000719751
-0.000867001
-0.00101429
-0.00116004
-0.00130315
-0.00144281
-0.00157836
-0.00170925
-0.00183489
-0.00195462
-0.00206767
-0.00217316
-0.00227004
-0.00235717
-0.00243326
-0.00249696
-0.00254686
-0.00258153
-0.00259955
-0.00259959
-0.00258041
-0.00254093
-0.0024803
-0.0023979
-0.00229342
-0.0021669
-0.00201877
-0.00184987
-0.0016615
-0.00145543
-0.00123389
-0.000999596
-0.000755707
-0.000505809
-0.000253857
-4.11615e-06
0.00023892
0.000470618
0.00068631
0.000881404
0.00105151
0.00119254
0.00130085
0.00137336
0.0014076
0.00140186
0.00135524
0.00126764
0.00113988
0.000973593
0.000771264
0.000536138
0.000272156
-1.61438e-05
-0.000323738
-0.000645226
-0.00097496
-0.00130715
-0.00163599
-0.00195571
-0.00226073
-0.00254566
-0.00280539
-0.00303513
-0.0032305
-0.00338767
-0.00350357
-0.00357638
-0.00360646
-0.00359805
-0.00356119
-0.00351405
-1.6221e-06
1.96231e-06
-2.73993e-05
-8.61499e-05
-0.0001678
-0.000267415
-0.000380551
-0.000502959
-0.000631367
-0.000763104
-0.000896115
-0.00102885
-0.00116014
-0.00128908
-0.00141492
-0.001537
-0.00165466
-0.0017672
-0.00187384
-0.00197371
-0.00206584
-0.00214913
-0.00222243
-0.0022845
-0.00233406
-0.00236981
-0.00239048
-0.00239486
-0.00238183
-0.00235044
-0.0022999
-0.00222965
-0.00213943
-0.00202926
-0.00189954
-0.00175103
-0.00158491
-0.00140279
-0.0012067
-0.000999112
-0.000782892
-0.000561307
-0.000337959
-0.000116729
9.82922e-05
0.00030289
0.00049282
0.000663911
0.000812176
0.00093392
0.00102585
0.00108518
0.00110971
0.00109793
0.00104906
0.000963094
0.000840803
0.000683758
0.000494273
0.000275366
3.06765e-05
-0.000235616
-0.000518898
-0.000814233
-0.00111646
-0.00142033
-0.00172058
-0.00201203
-0.00228967
-0.00254877
-0.00278487
-0.00299393
-0.00317236
-0.0033172
-0.00342628
-0.00349862
-0.00353512
-0.00353913
-0.00351421
-0.00346698
3.10523e-05
3.10832e-05
1.00245e-06
-5.44217e-05
-0.000129315
-0.000219773
-0.000322214
-0.000433305
-0.000550271
-0.000670848
-0.000793236
-0.000916027
-0.00103812
-0.00115865
-0.00127685
-0.00139207
-0.00150362
-0.00161082
-0.00171289
-0.00180901
-0.00189823
-0.00197953
-0.00205182
-0.00211393
-0.00216466
-0.00220281
-0.00222718
-0.00223662
-0.00223009
-0.00220666
-0.00216557
-0.00210629
-0.00202852
-0.00193225
-0.00181781
-0.00168587
-0.00153749
-0.00137412
-0.00119764
-0.00101031
-0.000814791
-0.000614117
-0.00041164
-0.000210984
-1.59735e-05
0.000169442
0.000341281
0.000495629
0.000628739
0.000737142
0.000817748
0.000867943
0.000885681
0.000869559
0.000818868
0.000733634
0.000614632
0.00046338
0.000282102
7.36813e-05
-0.000158416
-0.000410227
-0.000677392
-0.00095526
-0.001239
-0.00152371
-0.00180451
-0.00207663
-0.00233552
-0.00257689
-0.00279679
-0.00299168
-0.00315849
-0.00329476
-0.00339868
-0.00346938
-0.00350747
-0.00351492
-0.00348958
-0.00342981
0.00010057
9.02631e-05
5.48023e-05
-1.79523e-06
-7.48574e-05
-0.000161062
-0.000257432
-0.000361285
-0.000470351
-0.000582775
-0.000697069
-0.000812058
-0.000926805
-0.00104054
-0.0011526
-0.00126236
-0.0013692
-0.00147247
-0.00157143
-0.00166527
-0.00175312
-0.00183398
-0.0019068
-0.00197049
-0.00202387
-0.00206578
-0.00209505
-0.00211057
-0.00211129
-0.0020963
-0.00206481
-0.00201624
-0.00195025
-0.00186674
-0.00176596
-0.00164846
-0.00151518
-0.00136743
-0.00120693
-0.00103579
-0.000856469
-0.00067186
-0.000485133
-0.000299738
-0.000119334
5.22894e-05
0.0002113
0.00035392
0.000476529
0.000575766
0.000648635
0.000692604
0.000705688
0.000686528
0.000634446
0.00054948
0.000432397
0.00028469
0.000108536
-9.32478e-05
-0.000317287
-0.000559735
-0.000816374
-0.00108273
-0.00135416
-0.00162601
-0.00189364
-0.00215261
-0.00239867
-0.00262788
-0.00283665
-0.00302181
-0.00318062
-0.00331088
-0.00341086
-0.00347951
-0.0035169
-0.0035237
-0.00349372
-0.00342034
0.000200665
0.000173621
0.000128554
6.74266e-05
-6.97883e-06
-9.18797e-05
-0.000184848
-0.000283797
-0.000386981
-0.000492975
-0.000600645
-0.000709095
-0.000817603
-0.000925568
-0.00103245
-0.00113773
-0.00124085
-0.00134123
-0.00143818
-0.00153094
-0.00161867
-0.00170042
-0.00177518
-0.00184185
-0.00189932
-0.00194641
-0.00198196
-0.00200486
-0.00201402
-0.0020085
-0.00198745
-0.00195022
-0.00189638
-0.00182573
-0.00173839
-0.0016348
-0.00151575
-0.0013824
-0.00123633
-0.00107946
-0.000914202
-0.000743219
-0.000569568
-0.000396581
-0.000227805
-6.69368e-05
8.22739e-05
0.000216115
0.000331018
0.00042366
0.000491073
0.000530738
0.000540681
0.000519542
0.000466636
0.000381992
0.000266363
0.000121218
-5.12881e-05
-0.000248376
-0.000466718
-0.000702527
-0.00095167
-0.00120977
-0.00147233
-0.00173484
-0.00199286
-0.00224217
-0.00247878
-0.00269902
-0.00289959
-0.00307761
-0.00323059
-0.00335648
-0.00345362
-0.00352072
-0.00355739
-0.0035634
-0.00353014
-0.0034483
0.000324716
0.000276532
0.000218366
0.000149866
7.14329e-05
-1.468e-05
-0.000106549
-0.000202677
-0.000301841
-0.000403068
-0.000505603
-0.000608863
-0.000712382
-0.000815762
-0.000918628
-0.00102059
-0.00112119
-0.00121993
-0.00131618
-0.00140923
-0.00149828
-0.00158242
-0.00166066
-0.0017319
-0.00179502
-0.00184884
-0.00189219
-0.00192387
-0.00194278
-0.00194787
-0.00193822
-0.00191307
-0.00187187
-0.00181429
-0.00174031
-0.00165023
-0.00154467
-0.00142466
-0.00129162
-0.00114737
-0.000994134
-0.000834502
-0.000671427
-0.000508158
-0.000348185
-0.000195161
-5.28177e-05
7.51379e-05
0.000185124
0.000273792
0.000338138
0.000375602
0.000384161
0.000362411
0.000309625
0.000225792
0.000111636
-3.13963e-05
-0.000201172
-0.000394928
-0.00060935
-0.000840675
-0.0010848
-0.0013374
-0.00159404
-0.0018503
-0.00210188
-0.00234472
-0.00257498
-0.00278923
-0.00298439
-0.00315778
-0.00330712
-0.00343049
-0.00352622
-0.00359291
-0.00362984
-0.00363622
-0.00360234
-0.00351788
0.000466512
0.00039393
0.000320057
0.000241883
0.0001572
6.77544e-05
-2.50055e-05
-0.000120166
-0.000217037
-0.000315102
-0.000414005
-0.000513499
-0.000613399
-0.000713542
-0.00081374
-0.000913747
-0.00101324
-0.0011118
-0.00120887
-0.00130381
-0.00139584
-0.00148407
-0.00156752
-0.00164509
-0.00171563
-0.00177792
-0.00183072
-0.00187279
-0.00190291
-0.00191992
-0.00192279
-0.00191062
-0.00188271
-0.00183858
-0.00177805
-0.00170123
-0.00160862
-0.00150107
-0.00137987
-0.00124669
-0.00110366
-0.000953285
-0.000798439
-0.000642333
-0.00048844
-0.000340421
-0.000202037
-7.70502e-05
3.08875e-05
0.000118344
0.000182218
0.000219852
0.000229122
0.000208531
0.000157266
7.52465e-05
-3.68605e-05
-0.000177648
-0.000345005
-0.000536176
-0.000747849
-0.000976251
-0.00121727
-0.00146659
-0.00171979
-0.00197248
-0.00222044
-0.00245966
-0.00268646
-0.00289754
-0.00308997
-0.00326124
-0.0034092
-0.00353203
-0.00362811
-0.00369596
-0.00373469
-0.00374321
-0.00371165
-0.00362978
0.000619844
0.000520617
0.000429115
0.000339504
0.000246842
0.000152386
5.71153e-05
-3.86435e-05
-0.000134734
-0.000231109
-0.000327821
-0.000424974
-0.000522684
-0.000621035
-0.000720043
-0.000819628
-0.000919595
-0.00101962
-0.00111924
-0.00121785
-0.00131471
-0.00140895
-0.00149957
-0.00158544
-0.00166537
-0.00173808
-0.00180224
-0.0018565
-0.00189952
-0.00193002
-0.00194679
-0.00194877
-0.00193508
-0.00190507
-0.00185836
-0.00179491
-0.00171501
-0.00161938
-0.00150913
-0.00138585
-0.00125153
-0.00110861
-0.000959936
-0.00080869
-0.000658366
-0.00051267
-0.000375439
-0.000250535
-0.000141734
-5.26057e-05
1.3599e-05
5.40652e-05
6.65176e-05
4.93107e-05
1.49994e-06
-7.71095e-05
-0.000185941
-0.000323653
-0.000488175
-0.000676768
-0.000886114
-0.00111242
-0.00135155
-0.00159914
-0.00185075
-0.00210198
-0.00234861
-0.00258666
-0.00281252
-0.00302294
-0.00321512
-0.00338663
-0.00353545
-0.00365983
-0.00375819
-0.00382906
-0.00387145
-0.00388418
-0.00385784
-0.00378291
0.000778767
0.00065139
0.000540882
0.000438534
0.000336597
0.000235835
0.000136755
3.90882e-05
-5.75505e-05
-0.00015359
-0.000249498
-0.000345742
-0.000442746
-0.000540848
-0.000640278
-0.000741125
-0.000843331
-0.000946675
-0.00105077
-0.00115506
-0.00125884
-0.00136122
-0.00146119
-0.00155759
-0.00164913
-0.00173446
-0.00181214
-0.00188068
-0.00193858
-0.0019844
-0.00201674
-0.00203435
-0.00203614
-0.00202126
-0.00198912
-0.00193947
-0.00187242
-0.0017885
-0.00168871
-0.00157447
-0.00144769
-0.00131075
-0.00116645
-0.00101799
-0.00086889
-0.000722945
-0.000584099
-0.000456355
-0.000343658
-0.000249767
-0.000178137
-0.000131795
-0.000113229
-0.000124286
-0.0001661
-0.000239031
-0.00034264
-0.000475693
-0.00063619
-0.000821428
-0.0010281
-0.00125238
-0.0014901
-0.00173684
-0.00198809
-0.00223941
-0.00248652
-0.00272542
-0.00295249
-0.00316452
-0.00335872
-0.00353276
-0.00368463
-0.00381267
-0.00391536
-0.00399124
-0.00403932
-0.00405837
-0.00403988
-0.00397542
0.000937581
0.000781045
0.000650596
0.000534607
0.000422456
0.000314406
0.000210482
0.000109805
1.1438e-05
-8.55296e-05
-0.000181988
-0.000278771
-0.000376612
-0.000476111
-0.000577708
-0.000681666
-0.000788061
-0.000896777
-0.0010075
-0.00111972
-0.00123273
-0.00134566
-0.00145743
-0.00156683
-0.00167249
-0.00177294
-0.00186659
-0.00195179
-0.00202688
-0.0020902
-0.00214013
-0.00217521
-0.00219412
-0.00219575
-0.0021793
-0.00214428
-0.0020906
-0.00201862
-0.00192914
-0.00182346
-0.00170339
-0.00157124
-0.00142977
-0.00128221
-0.00113213
-0.000983425
-0.000840179
-0.00070657
-0.000586753
-0.000484725
-0.000404199
-0.000348474
-0.000320312
-0.000321829
-0.000354411
-0.00041865
-0.000514303
-0.000640296
-0.000794746
-0.000975027
-0.00117785
-0.00139941
-0.00163547
-0.00188154
-0.00213305
-0.00238544
-0.00263436
-0.00287572
-0.00310585
-0.00332149
-0.00351983
-0.00369853
-0.00385563
-0.00398946
-0.00409856
-0.00418152
-0.00423733
-0.00426478
-0.00425646
-0.00420524
0.00109071
0.000904384
0.00075341
0.000623195
0.000500184
0.000384124
0.000274534
0.000169914
6.87589e-05
-3.03309e-05
-0.000128673
-0.000227468
-0.000327758
-0.0004304
-0.000536044
-0.000645124
-0.000757848
-0.000874199
-0.000993928
-0.00111656
-0.00124139
-0.00136752
-0.00149383
-0.00161901
-0.0017416
-0.00185998
-0.0019724
-0.00207702
-0.00217196
-0.00225533
-0.00232529
-0.00238009
-0.00241816
-0.00243813
-0.00243893
-0.00241983
-0.00238051
-0.0023211
-0.00224222
-0.00214502
-0.00203118
-0.00190294
-0.00176304
-0.00161469
-0.00146156
-0.00130763
-0.00115715
-0.00101451
-0.00088411
-0.000770233
-0.000676904
-0.000607755
-0.000565892
-0.000553776
-0.000573122
-0.000624827
-0.000708922
-0.000824562
-0.000970044
-0.00114287
-0.00133983
-0.00155711
-0.00179047
-0.00203536
-0.00228708
-0.00254096
-0.00279252
-0.00303755
-0.00327223
-0.00349322
-0.00369763
-0.00388304
-0.00404746
-0.00418921
-0.00430682
-0.00439892
-0.00446448
-0.00450229
-0.00450617
-0.00447042
0.00123264
0.0010162
0.000844397
0.000699625
0.000565348
0.000440763
0.00032486
0.000215494
0.00011058
8.21896e-06
-9.33351e-05
-0.000195648
-0.000300068
-0.000407703
-0.000519411
-0.000635788
-0.00075717
-0.000883631
-0.00101498
-0.00115075
-0.00129026
-0.00143254
-0.00157642
-0.0017205
-0.00186317
-0.00200264
-0.002137
-0.00226417
-0.00238204
-0.00248847
-0.00258132
-0.00265857
-0.00271834
-0.00275897
-0.0027791
-0.00277772
-0.00275423
-0.00270852
-0.00264101
-0.00255266
-0.00244499
-0.00232014
-0.00218082
-0.00203023
-0.0018721
-0.00171053
-0.00154994
-0.00139495
-0.00125024
-0.00112043
-0.0010099
-0.000922705
-0.000862354
-0.000831739
-0.000832995
-0.000867417
-0.0009354
-0.00103642
-0.00116902
-0.00133092
-0.00151903
-0.00172961
-0.0019584
-0.00220078
-0.00245197
-0.00270715
-0.00296166
-0.00321111
-0.0034515
-0.00367932
-0.00389152
-0.00408556
-0.00425932
-0.00441107
-0.00453928
-0.00464257
-0.00471985
-0.00476988
-0.00478775
-0.00476924
0.00135784
0.00111124
0.00091855
0.000759102
0.000613344
0.000479883
0.000357152
0.000242333
0.000132747
2.59914e-05
-8.01133e-05
-0.000187495
-0.000297801
-0.00041239
-0.000532314
-0.000658329
-0.000790888
-0.000930144
-0.00107595
-0.00122787
-0.00138517
-0.00154686
-0.00171167
-0.00187809
-0.00204435
-0.00220848
-0.00236835
-0.00252165
-0.002666
-0.00279895
-0.00291807
-0.00302102
-0.00310558
-0.00316976
-0.00321187
-0.00323057
-0.00322497
-0.00319467
-0.00313983
-0.00306121
-0.00296008
-0.00283852
-0.00269913
-0.00254512
-0.00238023
-0.00220868
-0.00203507
-0.00186426
-0.00170124
-0.00155102
-0.0014184
-0.0013079
-0.00122354
-0.00116873
-0.00114612
-0.00115753
-0.00120381
-0.00128486
-0.00139961
-0.00154604
-0.00172128
-0.00192172
-0.00214313
-0.00238086
-0.00263002
-0.00288563
-0.00314282
-0.00339696
-0.00364383
-0.00387965
-0.00410115
-0.00430557
-0.00449061
-0.00465438
-0.00479525
-0.00491175
-0.00500266
-0.00506669
-0.00510016
-0.00510037
0.00146079
0.00118423
0.000970797
0.000796731
0.000639429
0.000496868
0.000366886
0.000245972
0.000130838
1.85667e-05
-9.34529e-05
-0.000207508
-0.000325543
-0.000449155
-0.000579589
-0.000717748
-0.00086419
-0.00101914
-0.00118249
-0.0013538
-0.00153232
-0.00171698
-0.00190642
-0.00209897
-0.00229273
-0.0024855
-0.00267491
-0.00285838
-0.00303324
-0.00319673
-0.00334606
-0.00347853
-0.00359157
-0.00368281
-0.00375018
-0.00379197
-0.00380695
-0.00379438
-0.00375411
-0.00368656
-0.00359299
-0.00347511
-0.00333544
-0.00317712
-0.00300394
-0.00282019
-0.00263066
-0.00244046
-0.00225491
-0.00207943
-0.00191932
-0.00177963
-0.00166498
-0.00157941
-0.0015262
-0.0015078
-0.00152566
-0.00158025
-0.00167098
-0.00179623
-0.00195343
-0.00213919
-0.00234939
-0.00257937
-0.00282414
-0.00307855
-0.0033375
-0.00359609
-0.00384977
-0.00409443
-0.00432648
-0.00454286
-0.00474099
-0.00491873
-0.00507426
-0.00520596
-0.0053124
-0.00539209
-0.00544267
-0.0054629
0.00153594
0.00122988
0.000996028
0.000807548
0.000638761
0.000486968
0.000349379
0.000221765
0.000100215
-1.87062e-05
-0.000138044
-0.000260444
-0.00038814
-0.000522962
-0.000666338
-0.000819307
-0.000982527
-0.00115628
-0.0013405
-0.00153472
-0.00173816
-0.00194967
-0.00216777
-0.00239066
-0.00261621
-0.00284203
-0.00306547
-0.00328367
-0.00349363
-0.00369222
-0.00387631
-0.00404277
-0.00418864
-0.00431111
-0.00440771
-0.00447632
-0.00451528
-0.00452346
-0.00450035
-0.00444607
-0.00436151
-0.00424821
-0.00410849
-0.00394541
-0.00376271
-0.00356476
-0.0033565
-0.00314328
-0.00293079
-0.00272489
-0.00253142
-0.00235604
-0.00220408
-0.00208029
-0.00198873
-0.00193262
-0.00191417
-0.00193455
-0.0019938
-0.00209086
-0.0022236
-0.00238893
-0.00258291
-0.00280096
-0.00303802
-0.00328877
-0.00354784
-0.00380999
-0.0040703
-0.00432424
-0.0045678
-0.00479751
-0.00501039
-0.00520397
-0.0053761
-0.00552495
-0.00564876
-0.00574578
-0.00581491
-0.00585637
0.00157775
0.00124287
0.000989123
0.000786561
0.000606442
0.000445352
0.000299838
0.000164934
3.60946e-05
-9.06424e-05
-0.000218756
-0.000351245
-0.00049063
-0.000638965
-0.000797852
-0.00096846
-0.00115154
-0.00134742
-0.00155605
-0.00177697
-0.00200932
-0.00225189
-0.00250305
-0.00276083
-0.00302291
-0.00328664
-0.0035491
-0.00380711
-0.00405731
-0.00429619
-0.0045202
-0.00472579
-0.00490952
-0.00506815
-0.0051987
-0.00529859
-0.00536568
-0.00539839
-0.00539578
-0.00535756
-0.00528424
-0.00517707
-0.00503815
-0.00487034
-0.00467731
-0.00446346
-0.00423383
-0.00399404
-0.00375013
-0.0035084
-0.00327531
-0.0030572
-0.00286018
-0.00268986
-0.00255121
-0.00244836
-0.00238446
-0.00236156
-0.00238052
-0.00244098
-0.00254142
-0.0026792
-0.00285068
-0.00305141
-0.00327632
-0.00351995
-0.00377664
-0.00404077
-0.00430694
-0.00457013
-0.0048258
-0.00506994
-0.00529907
-0.00551022
-0.00570085
-0.00586875
-0.00601176
-0.00612777
-0.00621688
-0.00628078
0.00158072
0.00121798
0.000944999
0.000728793
0.000537572
0.000367167
0.000213431
7.06439e-05
-6.6385e-05
-0.000202147
-0.000340554
-0.000484958
-0.000638157
-0.000802424
-0.000979526
-0.00117076
-0.00137695
-0.00159848
-0.00183532
-0.00208697
-0.00235252
-0.00263066
-0.00291961
-0.00321724
-0.00352099
-0.00382797
-0.00413493
-0.00443837
-0.00473452
-0.00501948
-0.00528924
-0.00553978
-0.00576715
-0.00596759
-0.00613759
-0.00627402
-0.00637421
-0.00643604
-0.00645805
-0.00643948
-0.00638039
-0.00628165
-0.00614501
-0.00597311
-0.00576947
-0.00553844
-0.00528515
-0.00501542
-0.00473563
-0.00445259
-0.00417335
-0.00390503
-0.00365459
-0.00342863
-0.00323317
-0.00307345
-0.00295371
-0.0028771
-0.00284548
-0.00285944
-0.00291824
-0.00301984
-0.00316108
-0.00333775
-0.00354484
-0.00377676
-0.00402757
-0.00429123
-0.00456181
-0.00483368
-0.00510162
-0.00536098
-0.00560762
-0.00583795
-0.00604887
-0.00623769
-0.00640173
-0.0065384
-0.00664896
-0.00673657
0.00153945
0.00115003
0.000858656
0.000629343
0.000427312
0.000247604
8.53523e-05
-6.59298e-05
-0.000212084
-0.000358134
-0.000508424
-0.00066665
-0.000835884
-0.00101861
-0.00121676
-0.00143175
-0.00166447
-0.00191538
-0.00218442
-0.00247109
-0.0027744
-0.00309292
-0.00342476
-0.00376756
-0.00411854
-0.00447454
-0.00483198
-0.00518698
-0.00553539
-0.00587284
-0.00619483
-0.00649682
-0.00677433
-0.00702299
-0.00723871
-0.00741775
-0.00755682
-0.0076532
-0.0077048
-0.00771032
-0.00766926
-0.00758201
-0.00744992
-0.00727529
-0.0070614
-0.00681249
-0.0065337
-0.00623102
-0.00591115
-0.00558136
-0.00524935
-0.00492305
-0.00461038
-0.00431902
-0.00405619
-0.0038284
-0.00364122
-0.00349909
-0.00340515
-0.00336113
-0.0033673
-0.00342249
-0.00352415
-0.00366847
-0.00385063
-0.00406496
-0.00430526
-0.00456502
-0.00483772
-0.005117
-0.00539687
-0.00567183
-0.00593697
-0.0061879
-0.00642081
-0.00663239
-0.00681927
-0.00697831
-0.00711186
-0.00722457
0.00144867
0.00103402
0.000725242
0.000483448
0.000270948
8.19667e-05
-8.91039e-05
-0.000249522
-0.000405785
-0.000563445
-0.000727274
-0.000901309
-0.00108889
-0.00129271
-0.00151486
-0.00175687
-0.00201972
-0.00230389
-0.00260934
-0.00293553
-0.0032814
-0.00364542
-0.00402552
-0.00441917
-0.00482334
-0.00523456
-0.00564891
-0.00606214
-0.00646963
-0.00686655
-0.00724787
-0.00760849
-0.00794331
-0.00824734
-0.00851582
-0.00874433
-0.00892888
-0.00906604
-0.00915307
-0.00918796
-0.00916959
-0.00909778
-0.00897333
-0.00879813
-0.00857513
-0.00830835
-0.00800289
-0.0076648
-0.00730105
-0.00691937
-0.00652812
-0.00613602
-0.00575204
-0.00538505
-0.00504361
-0.00473567
-0.00446833
-0.00424758
-0.00407808
-0.003963
-0.00390389
-0.00390068
-0.00395168
-0.00405369
-0.0042022
-0.00439158
-0.00461539
-0.00486668
-0.00513823
-0.00542286
-0.00571367
-0.00600417
-0.00628844
-0.00656116
-0.00681763
-0.00705372
-0.00726529
-0.00744844
-0.00760663
-0.00774601
0.00130335
0.000865153
0.000540117
0.000286547
6.39603e-05
-0.000134256
-0.000314465
-0.000484698
-0.000652101
-0.00082275
-0.00100184
-0.00119375
-0.00140207
-0.00162972
-0.00187893
-0.00215134
-0.00244803
-0.0027695
-0.00311574
-0.00348614
-0.00387961
-0.00429448
-0.00472853
-0.00517902
-0.00564266
-0.00611567
-0.00659379
-0.00707234
-0.00754624
-0.00801014
-0.00845845
-0.00888545
-0.00928539
-0.00965259
-0.00998156
-0.0102671
-0.0105045
-0.0106895
-0.0108186
-0.010889
-0.0108989
-0.0108473
-0.0107345
-0.0105618
-0.0103317
-0.0100479
-0.00971542
-0.00934021
-0.00892947
-0.00849133
-0.00803473
-0.00756927
-0.00710494
-0.0066519
-0.00622017
-0.00581932
-0.00545818
-0.00514455
-0.00488489
-0.00468409
-0.00454533
-0.00446993
-0.00445734
-0.00450523
-0.0046096
-0.00476501
-0.00496487
-0.00520175
-0.00546773
-0.00575471
-0.0060547
-0.00636008
-0.00666371
-0.00695912
-0.00724054
-0.00750286
-0.00774093
-0.00795
-0.00813462
-0.00830244
0.00109873
0.000638939
0.000298928
3.43603e-05
-0.0001979
-0.000405313
-0.000595001
-0.000775762
-0.000955383
-0.00114046
-0.00133659
-0.0015485
-0.00178003
-0.0020343
-0.00231371
-0.00262002
-0.00295437
-0.00331731
-0.00370883
-0.00412833
-0.0045746
-0.00504587
-0.00553977
-0.00605333
-0.00658302
-0.00712472
-0.00767379
-0.00822511
-0.00877314
-0.00931196
-0.00983537
-0.010337
-0.0108104
-0.0112492
-0.0116469
-0.0119978
-0.012296
-0.0125366
-0.0127151
-0.0128279
-0.0128724
-0.0128468
-0.0127505
-0.0125843
-0.0123502
-0.0120513
-0.0116923
-0.0112793
-0.0108193
-0.010321
-0.00979366
-0.00924782
-0.00869449
-0.00814516
-0.00761138
-0.0071045
-0.00663529
-0.0062136
-0.00584796
-0.00554536
-0.00531092
-0.00514772
-0.00505672
-0.00503673
-0.00508455
-0.00519512
-0.00536183
-0.00557685
-0.00583152
-0.00611673
-0.00642326
-0.00674213
-0.00706484
-0.0073835
-0.00769104
-0.00798117
-0.00824757
-0.00848443
-0.0086974
-0.00889569
0.000830437
0.000351237
-2.32424e-06
-0.000277045
-0.000518536
-0.000735106
-0.000934635
-0.00112667
-0.00131963
-0.00152061
-0.00173562
-0.00196969
-0.00222696
-0.00251072
-0.00282353
-0.00316727
-0.00354317
-0.00395183
-0.00439325
-0.00486679
-0.00537119
-0.00590456
-0.00646437
-0.00704743
-0.00764992
-0.00826741
-0.00889486
-0.0095267
-0.0101569
-0.0107788
-0.0113858
-0.0119707
-0.0125263
-0.0130453
-0.0135206
-0.0139454
-0.014313
-0.0146175
-0.0148535
-0.0150163
-0.0151025
-0.0151093
-0.0150354
-0.0148808
-0.0146465
-0.0143355
-0.0139519
-0.0135013
-0.0129912
-0.0124299
-0.0118276
-0.0111953
-0.0105452
-0.00988987
-0.00924264
-0.00861668
-0.00802489
-0.00747936
-0.00699106
-0.00656935
-0.00622171
-0.00595339
-0.00576723
-0.00566361
-0.00564044
-0.00569331
-0.0058158
-0.00599978
-0.00623586
-0.00651386
-0.00682321
-0.00715339
-0.00749424
-0.00783627
-0.00817084
-0.00849023
-0.00878673
-0.00905333
-0.00929672
-0.00952777
0.000494543
-1.65159e-06
-0.000367209
-0.000651176
-0.000901431
-0.00112712
-0.00133687
-0.00154095
-0.0017484
-0.00196679
-0.00220254
-0.00246099
-0.00274653
-0.00306266
-0.0034121
-0.00379685
-0.00421822
-0.00467688
-0.00517284
-0.00570543
-0.00627335
-0.00687458
-0.00750642
-0.00816547
-0.00884763
-0.00954811
-0.0102615
-0.0109817
-0.0117021
-0.0124156
-0.0131147
-0.0137916
-0.0144383
-0.0150466
-0.0156085
-0.0161161
-0.016562
-0.0169391
-0.0172409
-0.0174619
-0.0175974
-0.0176439
-0.017599
-0.0174617
-0.0172325
-0.0169134
-0.0165081
-0.0160219
-0.0154618
-0.0148365
-0.0141563
-0.0134328
-0.0126792
-0.0119094
-0.0111381
-0.0103806
-0.009652
-0.0089668
-0.00833865
-0.00777969
-0.00730012
-0.00690781
-0.00660798
-0.00640298
-0.00629228
-0.0062725
-0.00633764
-0.00647949
-0.006688
-0.00695188
-0.00725909
-0.00759738
-0.00795472
-0.00831969
-0.00868184
-0.00903177
-0.00936011
-0.00965841
-0.00993446
-0.0102008
8.7643e-05
-0.000422916
-0.000798794
-0.00109104
-0.00134957
-0.00158432
-0.00180468
-0.0020216
-0.0022447
-0.00248204
-0.0027404
-0.00302544
-0.0033418
-0.00369317
-0.00408245
-0.00451175
-0.0049825
-0.00549541
-0.00605052
-0.00664715
-0.00728393
-0.00795874
-0.00866871
-0.00941021
-0.0101789
-0.0109695
-0.0117763
-0.0125926
-0.0134114
-0.0142248
-0.0150246
-0.0158022
-0.0165488
-0.0172553
-0.0179128
-0.0185123
-0.0190453
-0.0195038
-0.0198801
-0.0201677
-0.0203607
-0.0204546
-0.0204459
-0.0203326
-0.0201144
-0.0197925
-0.0193697
-0.018851
-0.0182429
-0.0175541
-0.0167948
-0.0159773
-0.0151152
-0.0142239
-0.0133195
-0.0124192
-0.0115404
-0.0107001
-0.00991504
-0.00920032
-0.00856931
-0.00803297
-0.00759937
-0.00727342
-0.00705662
-0.00694707
-0.00693961
-0.00702616
-0.0071962
-0.00743737
-0.00773606
-0.00807811
-0.00844938
-0.00883626
-0.00922613
-0.00960762
-0.00996945
-0.0103015
-0.0106125
-0.0109171
-0.000393069
-0.000915163
-0.00129957
-0.00159908
-0.00186535
-0.00210913
-0.00234047
-0.00257103
-0.00281095
-0.00306875
-0.00335158
-0.0036654
-0.00401508
-0.00440452
-0.00483679
-0.00531413
-0.00583806
-0.00640938
-0.00702815
-0.00769368
-0.00840455
-0.00915853
-0.00995257
-0.0107828
-0.0116446
-0.0125323
-0.0134398
-0.0143599
-0.0152848
-0.0162061
-0.0171149
-0.0180017
-0.0188568
-0.0196702
-0.0204319
-0.021132
-0.0217609
-0.0223094
-0.0227688
-0.0231313
-0.0233901
-0.0235393
-0.0235745
-0.0234926
-0.0232923
-0.0229737
-0.0225391
-0.0219925
-0.02134
-0.0205899
-0.0197524
-0.0188399
-0.0178668
-0.0168491
-0.0158045
-0.014752
-0.013711
-0.0127016
-0.0117433
-0.0108546
-0.0100524
-0.00935127
-0.00876265
-0.00829459
-0.00795123
-0.00773271
-0.00763518
-0.00765111
-0.00776975
-0.00797775
-0.00825994
-0.0086001
-0.00898172
-0.00938867
-0.00980589
-0.0102197
-0.0106165
-0.0109842
-0.0113329
-0.0116787
-0.000949728
-0.00148035
-0.00187141
-0.00217711
-0.00245057
-0.00270329
-0.002946
-0.00319096
-0.00344885
-0.0037286
-0.00403771
-0.00438242
-0.00476785
-0.0051981
-0.00567639
-0.00620511
-0.0067859
-0.00741962
-0.00810637
-0.00884546
-0.00963541
-0.0104739
-0.0113576
-0.0122826
-0.0132438
-0.0142353
-0.0152503
-0.0162813
-0.0173197
-0.0183565
-0.019382
-0.0203858
-0.0213574
-0.0222857
-0.0231598
-0.0239687
-0.0247016
-0.0253483
-0.0258989
-0.0263445
-0.026677
-0.0268896
-0.0269765
-0.0269337
-0.0267587
-0.0264507
-0.0260108
-0.0254424
-0.0247508
-0.0239437
-0.0230311
-0.0220252
-0.0209408
-0.0197946
-0.0186053
-0.0173935
-0.0161809
-0.0149902
-0.0138438
-0.012764
-0.0117715
-0.0108847
-0.0101192
-0.00948671
-0.00899474
-0.00864612
-0.00843895
-0.00836674
-0.00841886
-0.00858124
-0.00883717
-0.00916829
-0.00955549
-0.00997982
-0.0104234
-0.0108698
-0.0113029
-0.0117084
-0.0120972
-0.0124877
-0.00158374
-0.00211973
-0.00251546
-0.00282622
-0.00310629
-0.00336785
-0.00362228
-0.00388239
-0.00415934
-0.00446246
-0.00479958
-0.00517721
-0.00560069
-0.00607432
-0.0066015
-0.00718477
-0.00782586
-0.00852572
-0.00928449
-0.0101015
-0.0109752
-0.0119031
-0.0128818
-0.013907
-0.0149734
-0.0160747
-0.0172035
-0.0183518
-0.0195104
-0.0206696
-0.0218187
-0.0229466
-0.0240417
-0.0250922
-0.0260859
-0.0270108
-0.0278551
-0.0286073
-0.0292565
-0.0297927
-0.0302065
-0.0304901
-0.0306365
-0.0306405
-0.0304986
-0.0302088
-0.0297714
-0.0291885
-0.0284646
-0.0276068
-0.0266243
-0.0255293
-0.0243362
-0.0230622
-0.0217269
-0.0203521
-0.0189614
-0.0175798
-0.0162331
-0.014947
-0.0137463
-0.0126538
-0.0116896
-0.0108699
-0.0102061
-0.00970465
-0.0093663
-0.00918627
-0.00915459
-0.00925679
-0.0094748
-0.00978807
-0.0101747
-0.0106127
-0.0110809
-0.0115599
-0.0120304
-0.0124754
-0.0129071
-0.0133459
-0.00229572
-0.00283381
-0.00323215
-0.00354682
-0.00383287
-0.00410313
-0.00436957
-0.00464551
-0.00494255
-0.00527037
-0.0056371
-0.00604952
-0.00651318
-0.00703259
-0.0076113
-0.008252
-0.00895654
-0.00972594
-0.0105604
-0.0114592
-0.0124208
-0.0134425
-0.0145209
-0.0156513
-0.016828
-0.0180443
-0.0192925
-0.0205637
-0.0218483
-0.0231355
-0.0244142
-0.0256721
-0.0268969
-0.0280755
-0.0291948
-0.0302419
-0.0312037
-0.0320677
-0.0328219
-0.0334551
-0.033957
-0.0343184
-0.0345315
-0.0345899
-0.0344888
-0.0342254
-0.0337985
-0.0332095
-0.0324617
-0.0315612
-0.0305165
-0.029339
-0.0280429
-0.0266453
-0.0251662
-0.0236282
-0.0220565
-0.0204783
-0.0189222
-0.0174175
-0.015993
-0.0146765
-0.0134927
-0.012463
-0.0116038
-0.0109257
-0.010433
-0.0101235
-0.00998864
-0.0100139
-0.0101803
-0.0104652
-0.0108437
-0.0112905
-0.0117807
-0.0122915
-0.0128002
-0.0132866
-0.0137639
-0.0142547
-0.00308547
-0.0036223
-0.00402115
-0.00433851
-0.00462986
-0.00490864
-0.00518731
-0.00547969
-0.00579772
-0.00615143
-0.00654923
-0.00699813
-0.00750389
-0.0080712
-0.00870379
-0.00940447
-0.0101752
-0.0110171
-0.0119305
-0.0129145
-0.0139676
-0.015087
-0.016269
-0.0175086
-0.0187999
-0.0201357
-0.0215076
-0.0229064
-0.0243214
-0.0257415
-0.0271543
-0.0285469
-0.0299058
-0.0312172
-0.0324668
-0.0336406
-0.0347246
-0.0357052
-0.0365693
-0.0373048
-0.0379003
-0.0383456
-0.0386318
-0.0387514
-0.0386986
-0.0384695
-0.0380618
-0.0374757
-0.0367134
-0.0357798
-0.0346825
-0.0334318
-0.0320413
-0.0305276
-0.0289105
-0.0272132
-0.0254619
-0.0236855
-0.0219151
-0.0201832
-0.0185228
-0.0169664
-0.0155442
-0.0142831
-0.0132051
-0.012326
-0.0116548
-0.0111926
-0.0109331
-0.0108627
-0.0109617
-0.0112056
-0.0115668
-0.0120161
-0.0125249
-0.0130663
-0.0136134
-0.0141427
-0.0146684
-0.0152153
-0.00395195
-0.0044841
-0.00488132
-0.00520011
-0.00549605
-0.00578307
-0.00607413
-0.00638342
-0.00672323
-0.00710386
-0.00753398
-0.0080208
-0.0085703
-0.00918733
-0.00987577
-0.0106386
-0.0114779
-0.0123948
-0.0133896
-0.0144616
-0.0156091
-0.0168292
-0.0181179
-0.01947
-0.0208792
-0.0223377
-0.0238368
-0.0253663
-0.0269152
-0.0284713
-0.0300214
-0.0315518
-0.0330479
-0.0344949
-0.0358777
-0.0371812
-0.0383904
-0.0394908
-0.0404683
-0.0413097
-0.0420029
-0.0425366
-0.0429011
-0.0430879
-0.0430902
-0.0429029
-0.0425228
-0.0419489
-0.0411822
-0.0402264
-0.0390877
-0.0377753
-0.0363018
-0.0346827
-0.0329374
-0.031089
-0.029164
-0.0271925
-0.0252075
-0.0232444
-0.0213403
-0.0195321
-0.0178556
-0.0163437
-0.0150248
-0.0139209
-0.0130464
-0.0124071
-0.012
-0.0118131
-0.011827
-0.0120156
-0.0123485
-0.0127927
-0.0133155
-0.0138852
-0.0144707
-0.0150444
-0.0156211
-0.0162281
-0.00489326
-0.00541729
-0.0058107
-0.00612964
-0.00642938
-0.00672431
-0.0070278
-0.00735435
-0.00771654
-0.00812491
-0.00858835
-0.00911427
-0.00970882
-0.010377
-0.0111229
-0.0119495
-0.0128591
-0.0138528
-0.0149311
-0.0160931
-0.0173371
-0.01866
-0.0200576
-0.0215244
-0.0230536
-0.024637
-0.0262653
-0.0279276
-0.0296121
-0.0313058
-0.0329948
-0.0346643
-0.0362989
-0.0378828
-0.0393999
-0.0408342
-0.0421698
-0.0433912
-0.0444837
-0.045433
-0.0462263
-0.0468516
-0.0472981
-0.0475568
-0.0476198
-0.0474811
-0.0471367
-0.0465841
-0.0458233
-0.0448567
-0.0436891
-0.0423284
-0.0407854
-0.0390747
-0.0372146
-0.0352272
-0.033139
-0.0309805
-0.028786
-0.0265933
-0.0244425
-0.0223752
-0.0204326
-0.018654
-0.0170745
-0.0157232
-0.0146211
-0.0137799
-0.0132009
-0.0128753
-0.0127843
-0.0129012
-0.0131931
-0.0136232
-0.014154
-0.0147492
-0.0153724
-0.0159914
-0.0166217
-0.017293
-0.00590662
-0.00641914
-0.00680657
-0.00712432
-0.00742703
-0.00772943
-0.00804525
-0.00838925
-0.00877422
-0.00921092
-0.00970841
-0.0102743
-0.0109148
-0.0116352
-0.0124395
-0.0133311
-0.0143121
-0.015384
-0.0165469
-0.0178002
-0.0191418
-0.0205687
-0.0220763
-0.0236588
-0.025309
-0.0270181
-0.0287761
-0.0305717
-0.0323921
-0.0342235
-0.0360512
-0.0378595
-0.0396321
-0.0413521
-0.0430028
-0.044567
-0.0460283
-0.0473702
-0.0485772
-0.0496346
-0.0505286
-0.0512467
-0.0517775
-0.0521112
-0.0522393
-0.0521549
-0.0518531
-0.0513304
-0.0505858
-0.04962
-0.0484367
-0.0470419
-0.0454451
-0.043659
-0.0417003
-0.0395901
-0.0373536
-0.0350213
-0.0326278
-0.0302124
-0.0278179
-0.0254898
-0.0232744
-0.0212174
-0.0193611
-0.0177423
-0.0163896
-0.015322
-0.0145465
-0.0140585
-0.0138414
-0.0138685
-0.0141047
-0.01451
-0.0150418
-0.0156585
-0.016318
-0.016983
-0.0176693
-0.018409
-0.00698847
-0.00748612
-0.0078654
-0.00818063
-0.00848539
-0.00879471
-0.00912263
-0.00948407
-0.009892
-0.0103573
-0.0108893
-0.0114955
-0.0121825
-0.0129556
-0.013819
-0.014776
-0.0158291
-0.0169794
-0.0182275
-0.0195723
-0.0210119
-0.0225429
-0.0241605
-0.0258586
-0.0276293
-0.0294635
-0.0313505
-0.0332782
-0.0352331
-0.0372007
-0.0391652
-0.0411101
-0.0430182
-0.0448719
-0.0466534
-0.0483449
-0.0499291
-0.051389
-0.0527084
-0.053872
-0.0548656
-0.0556761
-0.0562916
-0.0567018
-0.0568978
-0.0568721
-0.0566187
-0.0561336
-0.0554144
-0.0544608
-0.0532749
-0.0518611
-0.050227
-0.0483834
-0.0463451
-0.0441311
-0.0417653
-0.0392768
-0.0367001
-0.0340749
-0.0314457
-0.0288612
-0.0263723
-0.0240306
-0.0218859
-0.019983
-0.0183593
-0.017042
-0.0160455
-0.0153709
-0.0150051
-0.0149226
-0.0150871
-0.0154552
-0.0159795
-0.0166127
-0.0173066
-0.0180176
-0.0187622
-0.0195742
-0.0081344
-0.00861396
-0.00898297
-0.00929429
-0.00960011
-0.00991571
-0.0102553
-0.010634
-0.0110648
-0.0115587
-0.0121251
-0.0127718
-0.0135054
-0.0143312
-0.0152536
-0.0162759
-0.0174007
-0.0186293
-0.019962
-0.0213978
-0.0229346
-0.0245687
-0.0262951
-0.0281073
-0.0299968
-0.0319541
-0.0339678
-0.036025
-0.0381115
-0.0402119
-0.0423097
-0.0443873
-0.0464268
-0.0484098
-0.0503176
-0.0521319
-0.0538346
-0.0554082
-0.0568359
-0.0581022
-0.0591923
-0.0600929
-0.060792
-0.0612787
-0.0615437
-0.0615792
-0.0613787
-0.0609373
-0.0602518
-0.0593209
-0.058145
-0.056727
-0.0550725
-0.0531903
-0.0510928
-0.0487967
-0.0463236
-0.0437009
-0.0409616
-0.0381449
-0.0352961
-0.032466
-0.0297091
-0.0270827
-0.0246434
-0.0224447
-0.0205331
-0.0189452
-0.0177045
-0.0168191
-0.0162814
-0.0160682
-0.0161432
-0.0164602
-0.0169672
-0.0176108
-0.018336
-0.0190928
-0.0198975
-0.0207859
-0.00933928
-0.00979766
-0.0101543
-0.0104604
-0.0107662
-0.0110873
-0.011438
-0.0118334
-0.0122867
-0.0128089
-0.0134094
-0.0140962
-0.0148758
-0.0157537
-0.0167344
-0.0178213
-0.0190169
-0.0203226
-0.0217385
-0.0232637
-0.0248959
-0.0266311
-0.0284639
-0.0303874
-0.0323928
-0.0344698
-0.0366064
-0.038789
-0.0410026
-0.043231
-0.0454567
-0.0476615
-0.0498267
-0.0519329
-0.053961
-0.0558919
-0.0577069
-0.0593882
-0.0609187
-0.0622824
-0.0634645
-0.0644514
-0.065231
-0.0657923
-0.0661259
-0.0662237
-0.0660788
-0.065686
-0.0650411
-0.0641418
-0.0629875
-0.0615793
-0.059921
-0.0580191
-0.0558835
-0.0535282
-0.0509723
-0.0482402
-0.0453628
-0.042378
-0.0393305
-0.0362718
-0.0332594
-0.0303548
-0.0276212
-0.0251204
-0.0229086
-0.0210328
-0.0195266
-0.0184073
-0.0176742
-0.0173085
-0.0172749
-0.0175255
-0.0180039
-0.0186508
-0.0194036
-0.0202051
-0.0210713
-0.0220399
-0.0105973
-0.0110316
-0.011374
-0.0116733
-0.011978
-0.0123036
-0.0126646
-0.0130761
-0.0135512
-0.0141009
-0.0147348
-0.0154608
-0.0162854
-0.0172144
-0.018252
-0.019402
-0.0206666
-0.0220473
-0.0235442
-0.0251563
-0.0268809
-0.0287139
-0.0306496
-0.0326805
-0.0347975
-0.0369895
-0.0392438
-0.0415463
-0.043881
-0.046231
-0.048578
-0.0509031
-0.0531867
-0.0554087
-0.0575495
-0.0595893
-0.0615092
-0.0632909
-0.064917
-0.0663716
-0.0676396
-0.0687075
-0.0695633
-0.070196
-0.0705962
-0.0707557
-0.0706676
-0.0703262
-0.0697271
-0.068867
-0.0677441
-0.0663584
-0.0647117
-0.0628083
-0.0606555
-0.0582644
-0.055651
-0.0528365
-0.0498487
-0.0467231
-0.0435026
-0.0402383
-0.0369891
-0.0338197
-0.0307989
-0.0279961
-0.0254775
-0.0233008
-0.0215112
-0.0201367
-0.0191855
-0.018645
-0.0184829
-0.0186505
-0.0190877
-0.0197293
-0.0205051
-0.0213498
-0.0222786
-0.0233309
-0.0119021
-0.0123097
-0.0126358
-0.012927
-0.0132294
-0.0135585
-0.0139288
-0.0143554
-0.0148512
-0.0154274
-0.0160934
-0.0168571
-0.0177253
-0.0187034
-0.0197961
-0.0210067
-0.0223378
-0.0237907
-0.0253654
-0.0270608
-0.0288739
-0.0308005
-0.0328343
-0.0349676
-0.0371905
-0.0394915
-0.0418572
-0.0442727
-0.0467213
-0.0491854
-0.0516458
-0.0540829
-0.0564763
-0.0588056
-0.0610503
-0.0631904
-0.0652065
-0.0670801
-0.0687938
-0.0703315
-0.0716782
-0.0728208
-0.0737471
-0.0744465
-0.0749099
-0.0751291
-0.0750974
-0.0748088
-0.0742587
-0.0734434
-0.0723601
-0.0710077
-0.0693862
-0.067498
-0.0653477
-0.0629436
-0.0602981
-0.0574289
-0.0543602
-0.0511238
-0.04776
-0.0443182
-0.0408568
-0.0374426
-0.0341485
-0.0310509
-0.028225
-0.0257399
-0.0236531
-0.0220049
-0.0208143
-0.0200773
-0.0197661
-0.019833
-0.0202154
-0.0208422
-0.0216352
-0.0225208
-0.0235128
-0.024652
-0.0132468
-0.0136251
-0.0139333
-0.014215
-0.0145139
-0.0148452
-0.0152236
-0.0156639
-0.0161792
-0.0167803
-0.0174767
-0.0182763
-0.0191858
-0.0202108
-0.0213557
-0.022624
-0.0240182
-0.0255395
-0.027188
-0.0289621
-0.0308589
-0.0328736
-0.0349998
-0.0372292
-0.0395514
-0.0419542
-0.0444238
-0.0469443
-0.0494986
-0.052068
-0.0546328
-0.0571727
-0.0596666
-0.0620936
-0.0644327
-0.0666635
-0.0687664
-0.0707227
-0.072515
-0.0741273
-0.0755449
-0.0767547
-0.0777451
-0.0785056
-0.0790274
-0.0793032
-0.0793259
-0.0790899
-0.0785905
-0.0778236
-0.0767859
-0.0754753
-0.0738906
-0.0720321
-0.0699022
-0.0675062
-0.064853
-0.0619565
-0.0588367
-0.0555211
-0.0520464
-0.0484587
-0.0448148
-0.0411817
-0.0376349
-0.0342564
-0.0311296
-0.0283347
-0.025942
-0.0240052
-0.0225565
-0.021602
-0.0211213
-0.0210694
-0.0213821
-0.0219834
-0.0227871
-0.0237105
-0.0247658
-0.0259947
-0.014624
-0.0149711
-0.0152596
-0.0155305
-0.0158244
-0.0161567
-0.0165418
-0.0169943
-0.0175272
-0.0181513
-0.018876
-0.019709
-0.0206571
-0.0217258
-0.0229195
-0.0242418
-0.0256949
-0.0272802
-0.0289973
-0.0308448
-0.0328193
-0.0349159
-0.0371278
-0.039446
-0.0418598
-0.0443565
-0.0469213
-0.0495381
-0.0521887
-0.0548539
-0.0575134
-0.0601461
-0.0627304
-0.0652449
-0.0676682
-0.0699797
-0.0721594
-0.0741888
-0.0760505
-0.0777285
-0.0792085
-0.0804778
-0.081525
-0.0823404
-0.0829158
-0.0832433
-0.0833172
-0.083132
-0.0826831
-0.0819664
-0.0809783
-0.0797159
-0.0781769
-0.0763602
-0.074266
-0.0718968
-0.0692582
-0.0663602
-0.0632182
-0.0598553
-0.056303
-0.0526036
-0.0488106
-0.0449895
-0.0412166
-0.0375776
-0.0341632
-0.0310635
-0.0283619
-0.0261266
-0.024404
-0.0232131
-0.0225431
-0.0223537
-0.0225813
-0.0231455
-0.0239522
-0.0249096
-0.0260278
-0.0273488
-0.0160262
-0.0163402
-0.0166077
-0.0168665
-0.0171541
-0.0174857
-0.0178758
-0.0183388
-0.0188872
-0.0195319
-0.0202821
-0.0211456
-0.022129
-0.0232377
-0.0244762
-0.0258479
-0.027355
-0.0289988
-0.0307788
-0.0326934
-0.034739
-0.0369103
-0.0392
-0.041599
-0.044096
-0.0466775
-0.0493284
-0.0520318
-0.0547688
-0.0575198
-0.0602636
-0.0629786
-0.0656429
-0.0682344
-0.0707315
-0.0731133
-0.07536
-0.0774526
-0.0793742
-0.0811089
-0.0826427
-0.0839634
-0.08506
-0.0859235
-0.0865459
-0.0869205
-0.0870416
-0.0869044
-0.0865045
-0.0858379
-0.0849013
-0.083691
-0.0822043
-0.0804386
-0.0783925
-0.0760659
-0.0734615
-0.0705851
-0.0674481
-0.0640681
-0.0604716
-0.0566956
-0.0527891
-0.0488143
-0.0448468
-0.0409738
-0.0372914
-0.0338988
-0.0308915
-0.0283526
-0.0263445
-0.0249009
-0.0240229
-0.0236778
-0.0238042
-0.0243188
-0.0251204
-0.0261072
-0.0272872
-0.0287022
-0.0174457
-0.0177252
-0.0179704
-0.0182157
-0.0184956
-0.018825
-0.0192182
-0.0196894
-0.020251
-0.0209135
-0.0216861
-0.0225765
-0.0235912
-0.0247356
-0.026014
-0.0274299
-0.0289855
-0.0306816
-0.032518
-0.0344926
-0.0366017
-0.0388397
-0.041199
-0.04367
-0.0462408
-0.0488977
-0.0516248
-0.0544046
-0.0572177
-0.0600439
-0.0628614
-0.0656481
-0.0683817
-0.0710397
-0.0736003
-0.0760423
-0.0783459
-0.0804922
-0.0824644
-0.0842469
-0.0858262
-0.0871902
-0.0883289
-0.0892335
-0.0898968
-0.0903127
-0.0904763
-0.0903832
-0.0900295
-0.0894117
-0.0885264
-0.0873702
-0.0859397
-0.0842314
-0.0822426
-0.0799712
-0.0774169
-0.0745823
-0.0714742
-0.0681051
-0.064496
-0.0606779
-0.0566942
-0.0526024
-0.0484752
-0.0443995
-0.0404747
-0.0368072
-0.0335037
-0.0306622
-0.0283614
-0.026652
-0.0255493
-0.0250309
-0.0250399
-0.025492
-0.0262792
-0.0272902
-0.0285303
-0.0300409
-0.0188747
-0.0191186
-0.0193404
-0.0195711
-0.0198418
-0.0201673
-0.0205616
-0.0210385
-0.0216103
-0.0222875
-0.0230788
-0.023992
-0.0250335
-0.0262086
-0.0275216
-0.0289759
-0.0305734
-0.0323152
-0.0342006
-0.0362275
-0.0383919
-0.040688
-0.0431078
-0.0456414
-0.0482764
-0.0509986
-0.0537916
-0.0566373
-0.059516
-0.0624067
-0.0652872
-0.0681351
-0.0709275
-0.0736416
-0.0762555
-0.0787479
-0.0810988
-0.0832897
-0.0853036
-0.0871255
-0.0887421
-0.090142
-0.0913155
-0.0922545
-0.0929524
-0.093404
-0.0936049
-0.0935513
-0.0932401
-0.0926684
-0.091833
-0.0907306
-0.0893578
-0.0877107
-0.0857853
-0.0835781
-0.0810865
-0.0783098
-0.0752508
-0.0719173
-0.0683243
-0.0644966
-0.060471
-0.0562993
-0.0520494
-0.0478059
-0.043669
-0.0397504
-0.0361665
-0.0330289
-0.0304335
-0.0284489
-0.0271074
-0.0263993
-0.026275
-0.0266511
-0.0274141
-0.0284434
-0.0297414
-0.0313485
-0.0203054
-0.0205131
-0.0207107
-0.0209256
-0.0211857
-0.0215054
-0.0218985
-0.0223785
-0.0229574
-0.0236454
-0.0244514
-0.0253828
-0.026446
-0.0276462
-0.0289878
-0.0304738
-0.0321064
-0.0338862
-0.0358128
-0.0378836
-0.0400946
-0.0424396
-0.0449105
-0.0474968
-0.0501859
-0.052963
-0.0558115
-0.0587126
-0.0616462
-0.0645908
-0.0675239
-0.0704225
-0.0732634
-0.0760239
-0.0786815
-0.0812149
-0.0836043
-0.0858311
-0.0878786
-0.0897321
-0.0913786
-0.0928071
-0.0940087
-0.0949757
-0.0957023
-0.0961838
-0.0964166
-0.0963978
-0.0961249
-0.0955954
-0.094807
-0.0937567
-0.092441
-0.0908561
-0.0889974
-0.0868601
-0.0844398
-0.0817332
-0.0787395
-0.075462
-0.07191
-0.0681019
-0.0640678
-0.0598522
-0.055517
-0.0511424
-0.0468275
-0.0426863
-0.038843
-0.0354217
-0.0325349
-0.0302703
-0.0286787
-0.0277663
-0.0274934
-0.0277799
-0.0285084
-0.0295494
-0.0309025
-0.0326067
-0.0217303
-0.0219016
-0.0220743
-0.0222725
-0.0225206
-0.0228326
-0.023222
-0.0237021
-0.0242845
-0.0249794
-0.0257953
-0.0267398
-0.027819
-0.0290382
-0.0304016
-0.0319123
-0.0335723
-0.0353823
-0.0373415
-0.0394474
-0.0416957
-0.0440801
-0.0465921
-0.049221
-0.0519539
-0.0547756
-0.057669
-0.060615
-0.063593
-0.0665811
-0.0695566
-0.0724959
-0.0753759
-0.0781732
-0.0808655
-0.0834315
-0.085851
-0.088106
-0.0901797
-0.0920576
-0.0937274
-0.0951783
-0.0964018
-0.097391
-0.0981406
-0.0986466
-0.0989062
-0.0989172
-0.0986778
-0.0981863
-0.097441
-0.0964396
-0.0951789
-0.0936551
-0.0918635
-0.0897986
-0.0874546
-0.0848263
-0.0819097
-0.0787039
-0.0752134
-0.0714502
-0.0674371
-0.0632111
-0.0588268
-0.0543585
-0.0499013
-0.0455697
-0.0414929
-0.0378055
-0.0346358
-0.0320906
-0.0302412
-0.0291118
-0.0286759
-0.0288594
-0.0295428
-0.0305885
-0.0319934
-0.0337946
-0.0231423
-0.0232773
-0.0234249
-0.0236055
-0.0238401
-0.0241423
-0.0245255
-0.0250024
-0.0255845
-0.0262817
-0.0271025
-0.0280544
-0.0291434
-0.0303749
-0.0317529
-0.0332806
-0.0349599
-0.0367914
-0.0387743
-0.040906
-0.0431821
-0.045596
-0.0481391
-0.0508004
-0.0535667
-0.0564225
-0.0593504
-0.062331
-0.0653432
-0.068365
-0.071373
-0.0743438
-0.0772537
-0.0800793
-0.0827981
-0.0853888
-0.0878313
-0.0901074
-0.0922008
-0.0940971
-0.0957842
-0.0972519
-0.098492
-0.0994982
-0.100266
-0.100791
-0.101073
-0.101109
-0.100898
-0.10044
-0.0997332
-0.0987764
-0.097567
-0.0961014
-0.0943751
-0.0923823
-0.0901164
-0.0875705
-0.0847383
-0.0816157
-0.0782022
-0.074504
-0.0705371
-0.0663306
-0.0619309
-0.0574047
-0.0528416
-0.0483539
-0.0440729
-0.0401415
-0.0367021
-0.0338804
-0.031769
-0.0304126
-0.0298007
-0.0298682
-0.0304955
-0.0315383
-0.0329912
-0.034889
-0.0245346
-0.0246338
-0.0247562
-0.0249185
-0.0251383
-0.0254287
-0.0258028
-0.026273
-0.0268506
-0.0275452
-0.0283654
-0.0293185
-0.0304106
-0.0316471
-0.033032
-0.0345684
-0.0362584
-0.0381025
-0.0400998
-0.0422477
-0.0445417
-0.0469751
-0.0495391
-0.0522225
-0.0550119
-0.0578917
-0.0608439
-0.0638491
-0.0668859
-0.0699318
-0.0729634
-0.0759569
-0.0788885
-0.0817346
-0.0844726
-0.0870811
-0.0895401
-0.0918314
-0.0939389
-0.0958484
-0.0975479
-0.0990277
-0.10028
-0.101299
-0.10208
-0.102621
-0.10292
-0.102976
-0.102789
-0.102359
-0.101686
-0.100769
-0.0996064
-0.0981946
-0.0965299
-0.0946064
-0.0924172
-0.0899545
-0.0872101
-0.0841771
-0.0808512
-0.0772333
-0.0733326
-0.0691707
-0.0647852
-0.0602345
-0.0556008
-0.0509915
-0.0465379
-0.0423882
-0.0386966
-0.0356067
-0.0332328
-0.031642
-0.0308427
-0.0307815
-0.0313419
-0.032374
-0.0338707
-0.0358642
-0.0259008
-0.0259653
-0.0260628
-0.0262062
-0.0264098
-0.0266864
-0.0270485
-0.0275084
-0.0280768
-0.0287635
-0.0295771
-0.0305247
-0.0316127
-0.0328464
-0.0342299
-0.0357665
-0.0374581
-0.0393054
-0.0413075
-0.0434618
-0.0457636
-0.0482064
-0.0507812
-0.0534766
-0.0562791
-0.0591728
-0.0621397
-0.06516
-0.0682121
-0.0712734
-0.0743202
-0.0773285
-0.0802743
-0.083134
-0.0858847
-0.0885051
-0.0909752
-0.0932767
-0.0953937
-0.0973121
-0.0990201
-0.100508
-0.101769
-0.102797
-0.103588
-0.10414
-0.104452
-0.104525
-0.104357
-0.103951
-0.103307
-0.102424
-0.101303
-0.0999393
-0.0983308
-0.0964719
-0.0943556
-0.0919736
-0.0893166
-0.0863755
-0.0831428
-0.0796149
-0.0757951
-0.0716975
-0.0673512
-0.0628054
-0.0581335
-0.0534365
-0.0488424
-0.0445022
-0.0405792
-0.0372332
-0.0346
-0.0327701
-0.0317736
-0.0315721
-0.0320546
-0.033068
-0.0346038
-0.036692
-0.0272352
-0.0272666
-0.0273396
-0.0274638
-0.0276501
-0.0279107
-0.0282578
-0.0287033
-0.0292578
-0.029931
-0.0307314
-0.0316665
-0.0327426
-0.0339652
-0.0353386
-0.0368661
-0.03855
-0.0403908
-0.0423878
-0.0445385
-0.0468382
-0.0492803
-0.0518558
-0.0545533
-0.0573591
-0.0602572
-0.0632296
-0.0662561
-0.0693151
-0.0723837
-0.0754381
-0.0784541
-0.0814076
-0.0842748
-0.0870328
-0.0896602
-0.0921368
-0.0944445
-0.0965673
-0.0984912
-0.100205
-0.101698
-0.102964
-0.103998
-0.104796
-0.105357
-0.105679
-0.105764
-0.105612
-0.105226
-0.104605
-0.103751
-0.102665
-0.101344
-0.099785
-0.0979844
-0.0959352
-0.0936287
-0.0910553
-0.0882044
-0.085066
-0.0816328
-0.077903
-0.0738837
-0.0695958
-0.0650792
-0.0603979
-0.0556444
-0.0509413
-0.0464392
-0.0423079
-0.038721
-0.0358347
-0.0337638
-0.0325622
-0.0322096
-0.0326037
-0.0335899
-0.0351601
-0.0373415
-0.0285328
-0.0285331
-0.0285825
-0.0286873
-0.0288551
-0.0290976
-0.0294266
-0.0298536
-0.030389
-0.0310426
-0.031823
-0.0327379
-0.0337939
-0.0349966
-0.0363507
-0.0378598
-0.039526
-0.0413505
-0.0433325
-0.0454695
-0.047757
-0.0501885
-0.0527549
-0.0554449
-0.0582447
-0.0611383
-0.0641074
-0.0671318
-0.0701899
-0.0732585
-0.0763138
-0.0793313
-0.0822868
-0.0851564
-0.0879172
-0.0905475
-0.0930271
-0.0953379
-0.0974637
-0.0993908
-0.101107
-0.102604
-0.103874
-0.104912
-0.105715
-0.106282
-0.106611
-0.106706
-0.106566
-0.106194
-0.105592
-0.104762
-0.103705
-0.102419
-0.100903
-0.0991535
-0.0971636
-0.0949256
-0.0924293
-0.0896633
-0.0866162
-0.0832775
-0.0796411
-0.0757082
-0.0714921
-0.0670234
-0.0623563
-0.0575736
-0.0527907
-0.0481549
-0.0438394
-0.0400288
-0.0368983
-0.034587
-0.0331741
-0.0326606
-0.0329557
-0.0339064
-0.0355058
-0.0377789
-0.0297894
-0.0297609
-0.029788
-0.0298733
-0.0300218
-0.0302441
-0.0305518
-0.0309558
-0.0314667
-0.0320942
-0.0328473
-0.0337338
-0.0347609
-0.0359346
-0.0372598
-0.0387405
-0.0403792
-0.0421772
-0.044134
-0.0462473
-0.0485128
-0.050924
-0.0534719
-0.0561452
-0.0589302
-0.0618107
-0.0647686
-0.0677836
-0.0708337
-0.0738959
-0.0769461
-0.0799598
-0.0829126
-0.0857804
-0.0885403
-0.0911703
-0.0936503
-0.0959619
-0.098089
-0.100018
-0.101736
-0.103235
-0.104507
-0.105548
-0.106355
-0.106925
-0.10726
-0.107361
-0.10723
-0.10687
-0.106282
-0.105471
-0.104436
-0.103179
-0.101699
-0.0999915
-0.0980523
-0.0958736
-0.0934456
-0.0907566
-0.0877938
-0.084545
-0.0810005
-0.0771563
-0.0730191
-0.0686108
-0.0639756
-0.0591863
-0.0543491
-0.0496058
-0.0451297
-0.0411139
-0.03775
-0.0352008
-0.0335719
-0.0328886
-0.0330747
-0.0339812
-0.0356046
-0.0379678
-0.0310014
-0.0309471
-0.0309532
-0.0310195
-0.0311477
-0.0313478
-0.0316308
-0.0320074
-0.0324879
-0.0330825
-0.0338004
-0.0346501
-0.0356391
-0.036774
-0.0380604
-0.0395025
-0.0411034
-0.0428647
-0.0447862
-0.0468659
-0.0490997
-0.0514811
-0.0540014
-0.0566494
-0.0594114
-0.0622712
-0.0652106
-0.0682093
-0.0712454
-0.0742955
-0.0773356
-0.080341
-0.0832872
-0.08615
-0.0889061
-0.0915336
-0.0940121
-0.0963232
-0.0984504
-0.10038
-0.102099
-0.1036
-0.104874
-0.105917
-0.106726
-0.1073
-0.107639
-0.107745
-0.10762
-0.107268
-0.106691
-0.105892
-0.104875
-0.10364
-0.102187
-0.100513
-0.0986151
-0.0964855
-0.0941151
-0.0914923
-0.0886041
-0.0854365
-0.0819774
-0.0782189
-0.0741615
-0.0698195
-0.0652278
-0.0604483
-0.0555775
-0.0507495
-0.046135
-0.0419321
-0.0383465
-0.0355634
-0.0337154
-0.0328539
-0.0329211
-0.0337749
-0.0354169
-0.0378684
-0.0321661
-0.0320894
-0.0320766
-0.0321243
-0.0322315
-0.0324074
-0.0326622
-0.0330065
-0.0334506
-0.034005
-0.0346795
-0.0354832
-0.0364244
-0.0375104
-0.0387475
-0.0401406
-0.0416933
-0.0434076
-0.0452837
-0.04732
-0.0495127
-0.0518554
-0.0543397
-0.0569543
-0.0596857
-0.0625178
-0.0654322
-0.0684088
-0.0714254
-0.0744588
-0.0774846
-0.0804782
-0.0834148
-0.08627
-0.0890205
-0.0916441
-0.0941201
-0.09643
-0.098557
-0.100487
-0.102208
-0.10371
-0.104987
-0.106032
-0.106844
-0.10742
-0.107762
-0.107871
-0.107751
-0.107403
-0.106833
-0.106044
-0.105038
-0.103818
-0.102384
-0.100735
-0.098868
-0.0967761
-0.0944513
-0.0918822
-0.0890557
-0.0859573
-0.0825731
-0.0788918
-0.0749094
-0.0706333
-0.0660895
-0.06133
-0.0564404
-0.0515458
-0.046812
-0.0424388
-0.0386432
-0.0356307
-0.0335612
-0.0325139
-0.0324524
-0.0332445
-0.0348996
-0.037438
-0.0332819
-0.0331866
-0.033157
-0.033187
-0.0332727
-0.0334223
-0.0336455
-0.0339524
-0.0343536
-0.03486
-0.0354823
-0.0362304
-0.0371136
-0.0381403
-0.0393174
-0.0406507
-0.0421445
-0.0438015
-0.0456224
-0.0476058
-0.0497482
-0.0520438
-0.054484
-0.0570579
-0.0597519
-0.06255
-0.0654339
-0.0683833
-0.0713761
-0.0743889
-0.0773972
-0.0803762
-0.083301
-0.0861471
-0.0888908
-0.0915097
-0.093983
-0.0962917
-0.0984189
-0.10035
-0.102073
-0.103578
-0.104857
-0.105906
-0.10672
-0.107299
-0.107644
-0.107756
-0.107638
-0.107293
-0.106727
-0.105942
-0.104943
-0.103731
-0.102309
-0.100675
-0.0988283
-0.0967623
-0.0944697
-0.0919401
-0.0891605
-0.0861162
-0.0827923
-0.0791753
-0.0752573
-0.0710401
-0.0665421
-0.0618055
-0.0569054
-0.0519567
-0.0471182
-0.0425889
-0.0385937
-0.0353564
-0.0330631
-0.0318225
-0.0316223
-0.0323438
-0.0340061
-0.0366302
-0.0343476
-0.0342383
-0.0341947
-0.0342079
-0.0342718
-0.0343931
-0.0345809
-0.034845
-0.0351964
-0.0356466
-0.0362073
-0.0368897
-0.0377043
-0.0386605
-0.0397666
-0.0410292
-0.0424536
-0.044043
-0.0457988
-0.0477201
-0.0498039
-0.0520443
-0.0544332
-0.0569597
-0.0596104
-0.0623692
-0.0652178
-0.0681359
-0.0711013
-0.0740904
-0.0770789
-0.0800415
-0.0829532
-0.0857893
-0.0885258
-0.09114
-0.0936109
-0.0959191
-0.0980474
-0.099981
-0.101707
-0.103216
-0.104499
-0.105552
-0.10637
-0.106953
-0.1073
-0.107414
-0.107298
-0.106955
-0.106389
-0.105605
-0.104607
-0.103398
-0.10198
-0.100352
-0.0985146
-0.0964619
-0.0941875
-0.0916818
-0.0889323
-0.0859246
-0.0826431
-0.0790731
-0.0752038
-0.0710326
-0.0665712
-0.0618532
-0.0569435
-0.0519465
-0.0470124
-0.0423371
-0.0381504
-0.0346915
-0.0321718
-0.0307301
-0.0303808
-0.0310221
-0.0326859
-0.0353946
-0.0353634
-0.0352451
-0.0351905
-0.0351885
-0.0352302
-0.0353212
-0.0354696
-0.0356852
-0.0359793
-0.0363646
-0.0368538
-0.0374598
-0.0381944
-0.0390688
-0.0400924
-0.0412733
-0.0426175
-0.0441292
-0.0458106
-0.0476611
-0.0496781
-0.0518561
-0.0541872
-0.0566605
-0.0592627
-0.0619777
-0.0647873
-0.0676709
-0.0706063
-0.0735698
-0.0765368
-0.079482
-0.0823801
-0.085206
-0.0879356
-0.0905459
-0.0930153
-0.0953243
-0.0974553
-0.0993928
-0.101124
-0.102638
-0.103928
-0.104986
-0.105809
-0.106397
-0.106748
-0.106864
-0.106749
-0.106405
-0.105838
-0.105052
-0.104051
-0.102838
-0.101416
-0.0997855
-0.097946
-0.0958939
-0.093623
-0.0911245
-0.0883867
-0.0853957
-0.0821358
-0.0785918
-0.0747507
-0.0706066
-0.0661659
-0.0614548
-0.0565287
-0.0514817
-0.0464547
-0.0416382
-0.0372643
-0.0335849
-0.0308348
-0.0291833
-0.028674
-0.0292248
-0.0308839
-0.0336767
-0.0363302
-0.0362086
-0.0361468
-0.0361311
-0.0361505
-0.0362089
-0.0363137
-0.0364745
-0.0367034
-0.0370142
-0.0374214
-0.0379395
-0.0385826
-0.0393633
-0.0402928
-0.0413807
-0.0426341
-0.0440584
-0.0456561
-0.0474276
-0.0493705
-0.0514796
-0.0537472
-0.0561624
-0.0587119
-0.0613797
-0.0641473
-0.0669942
-0.069898
-0.0728347
-0.0757796
-0.0787072
-0.0815918
-0.0844082
-0.0871319
-0.0897395
-0.092209
-0.0945206
-0.0966561
-0.0985998
-0.100338
-0.10186
-0.103158
-0.104224
-0.105054
-0.105647
-0.106003
-0.106122
-0.106008
-0.105663
-0.105093
-0.104301
-0.103292
-0.10207
-0.100637
-0.0989945
-0.0971424
-0.0950777
-0.092795
-0.0902862
-0.0875404
-0.0845443
-0.0812827
-0.0777398
-0.073902
-0.0697607
-0.0653183
-0.060595
-0.0556377
-0.050531
-0.0454061
-0.0404468
-0.0358852
-0.0319828
-0.0289962
-0.0271247
-0.026443
-0.0268923
-0.02854
-0.0314167
-0.0372498
-0.0371315
-0.0370667
-0.0370393
-0.0370363
-0.0370598
-0.0371163
-0.0372154
-0.0373703
-0.0375964
-0.0379101
-0.0383284
-0.0388675
-0.0395423
-0.040366
-0.0413496
-0.0425019
-0.0438291
-0.0453347
-0.0470196
-0.0488817
-0.0509163
-0.0531155
-0.0554687
-0.0579624
-0.0605805
-0.0633043
-0.0661133
-0.0689847
-0.0718944
-0.0748174
-0.077728
-0.0806001
-0.0834082
-0.0861275
-0.0887342
-0.091206
-0.0935223
-0.0956648
-0.0976171
-0.0993654
-0.100898
-0.102206
-0.103282
-0.104121
-0.104722
-0.105084
-0.105207
-0.105093
-0.104747
-0.104172
-0.103372
-0.102351
-0.101114
-0.0996629
-0.0979996
-0.0961238
-0.0940331
-0.0917228
-0.0891854
-0.0864108
-0.0833861
-0.0800968
-0.0765274
-0.0726636
-0.0684957
-0.0640229
-0.0592608
-0.0542494
-0.0490646
-0.0438285
-0.0387173
-0.033961
-0.0298288
-0.0265962
-0.0244921
-0.0236239
-0.023959
-0.0255884
-0.0285493
-0.0381251
-0.0380178
-0.0379548
-0.0379179
-0.0378924
-0.0378783
-0.0378811
-0.037911
-0.0379822
-0.0381123
-0.0383204
-0.0386261
-0.0390484
-0.0396047
-0.0403105
-0.0411788
-0.0422197
-0.0434407
-0.0448462
-0.0464377
-0.0482135
-0.0501688
-0.0522959
-0.0545842
-0.05702
-0.0595869
-0.0622663
-0.065037
-0.0678762
-0.0707596
-0.0736618
-0.0765566
-0.0794179
-0.0822197
-0.0849368
-0.0875449
-0.0900214
-0.0923452
-0.0944975
-0.0964613
-0.0982221
-0.0997679
-0.101089
-0.102178
-0.103029
-0.10364
-0.104009
-0.104137
-0.104025
-0.103676
-0.103095
-0.102284
-0.101248
-0.0999907
-0.0985145
-0.0968212
-0.0949104
-0.0927802
-0.090426
-0.0878409
-0.0850153
-0.081937
-0.078592
-0.0749652
-0.0710426
-0.0668135
-0.0622756
-0.0574409
-0.0523442
-0.0470541
-0.0416841
-0.0364032
-0.031438
-0.027063
-0.0235704
-0.021218
-0.0201466
-0.0203534
-0.0219564
-0.0250023
-0.03896
-0.0388727
-0.0388171
-0.0387733
-0.038725
-0.03867
-0.038613
-0.0385648
-0.0385416
-0.0385634
-0.0386527
-0.0388322
-0.0391243
-0.0395492
-0.0401251
-0.040867
-0.0417869
-0.0428933
-0.0441916
-0.0456837
-0.0473684
-0.0492408
-0.0512933
-0.0535149
-0.0558918
-0.0584074
-0.0610425
-0.0637758
-0.066584
-0.0694426
-0.0723257
-0.075207
-0.0780597
-0.0808577
-0.0835752
-0.0861876
-0.0886717
-0.0910061
-0.0931712
-0.0951496
-0.0969263
-0.0984884
-0.0998257
-0.10093
-0.101795
-0.102418
-0.102797
-0.102931
-0.102821
-0.10247
-0.101881
-0.101058
-0.100003
-0.09872
-0.0972118
-0.0954794
-0.0935224
-0.0913387
-0.088924
-0.0862715
-0.0833717
-0.0802132
-0.0767823
-0.0730646
-0.0690463
-0.0647169
-0.0600732
-0.055125
-0.0499034
-0.0444712
-0.0389351
-0.0334569
-0.0282598
-0.0236215
-0.0198495
-0.0172287
-0.0159342
-0.0159958
-0.0175634
-0.0206959
-0.0397599
-0.0397029
-0.0396614
-0.0396135
-0.0395417
-0.0394418
-0.0393177
-0.0391813
-0.0390514
-0.0389513
-0.0389074
-0.0389463
-0.0390941
-0.0393746
-0.0398087
-0.0404136
-0.0412033
-0.0421875
-0.0433723
-0.0447603
-0.0463503
-0.0481375
-0.0501139
-0.0522684
-0.0545866
-0.0570516
-0.0596438
-0.0623415
-0.0651209
-0.0679571
-0.0708238
-0.0736942
-0.0765414
-0.0793386
-0.0820597
-0.0846796
-0.0871746
-0.0895228
-0.0917041
-0.0937005
-0.0954963
-0.097078
-0.0984347
-0.0995575
-0.10044
-0.101077
-0.101467
-0.101609
-0.101502
-0.101149
-0.100551
-0.0997126
-0.0986354
-0.0973222
-0.095775
-0.0939943
-0.0919797
-0.0897284
-0.0872359
-0.0844953
-0.0814972
-0.0782303
-0.0746814
-0.0708365
-0.0666824
-0.062209
-0.0574129
-0.0523031
-0.0469086
-0.0412881
-0.035543
-0.0298293
-0.0243669
-0.0194361
-0.0153578
-0.0124428
-0.010901
-0.0107977
-0.0123195
-0.0155406
-0.0405312
-0.0405172
-0.0404974
-0.0404483
-0.040352
-0.0402018
-0.0400016
-0.0397652
-0.0395145
-0.0392774
-0.0390846
-0.0389676
-0.0389568
-0.0390796
-0.03936
-0.0398181
-0.0404692
-0.0413245
-0.0423909
-0.0436713
-0.0451643
-0.0468652
-0.0487655
-0.0508536
-0.0531146
-0.0555311
-0.0580829
-0.0607476
-0.0635013
-0.0663183
-0.0691719
-0.072035
-0.0748801
-0.0776801
-0.0804083
-0.0830393
-0.0855488
-0.0879145
-0.0901155
-0.0921333
-0.0939516
-0.0955563
-0.0969356
-0.09808
-0.098982
-0.0996364
-0.10004
-0.10019
-0.100087
-0.0997317
-0.099125
-0.098269
-0.0971658
-0.095817
-0.0942236
-0.0923856
-0.0903015
-0.0879681
-0.0853802
-0.0825302
-0.0794086
-0.0760038
-0.0723028
-0.0682918
-0.0639582
-0.0592924
-0.0542918
-0.0489654
-0.0433413
-0.0374762
-0.031468
-0.0254689
-0.0196961
-0.0144329
-0.0100124
-0.00677037
-0.00495179
-0.00465972
-0.00612334
-0.00943606
-0.0412822
-0.0413271
-0.0413377
-0.0412904
-0.0411674
-0.0409598
-0.0406724
-0.0403217
-0.0399342
-0.0395429
-0.0391842
-0.0388951
-0.0387106
-0.0386626
-0.0387782
-0.0390801
-0.0395854
-0.0403065
-0.0412509
-0.0424214
-0.0438168
-0.0454317
-0.0472573
-0.0492811
-0.0514877
-0.0538588
-0.0563737
-0.0590094
-0.0617413
-0.064543
-0.0673877
-0.0702475
-0.0730945
-0.0759011
-0.0786404
-0.0812863
-0.0838141
-0.0862009
-0.0884252
-0.0904681
-0.0923124
-0.0939434
-0.0953484
-0.0965172
-0.0974416
-0.0981153
-0.098534
-0.0986948
-0.0985964
-0.0982385
-0.0976214
-0.096746
-0.0956131
-0.0942234
-0.0925768
-0.090672
-0.0885066
-0.0860762
-0.0833744
-0.0803931
-0.0771218
-0.0735482
-0.069659
-0.0654406
-0.0608804
-0.0559698
-0.0507069
-0.0451016
-0.0391826
-0.0330062
-0.026669
-0.0203214
-0.0141799
-0.00853162
-0.00372194
-0.000111051
0.00202104
0.00253079
0.00114025
-0.00226803
-0.0420244
-0.0421468
-0.0421985
-0.0421554
-0.0420018
-0.0417277
-0.041339
-0.0408568
-0.0403135
-0.0397487
-0.0392056
-0.0387271
-0.0383539
-0.038122
-0.0380624
-0.0381999
-0.0385535
-0.0391365
-0.0399568
-0.0410171
-0.0423157
-0.0438467
-0.0456003
-0.0475634
-0.0497196
-0.0520497
-0.0545323
-0.0571436
-0.0598583
-0.0626497
-0.0654899
-0.0683509
-0.0712043
-0.0740219
-0.0767764
-0.0794411
-0.0819911
-0.0844027
-0.086654
-0.0887254
-0.090599
-0.0922594
-0.0936932
-0.0948892
-0.0958384
-0.0965336
-0.0969693
-0.0971418
-0.0970485
-0.0966878
-0.0960591
-0.0951618
-0.0939955
-0.0925595
-0.0908523
-0.0888712
-0.0866122
-0.0840694
-0.0812353
-0.0781
-0.0746517
-0.0708773
-0.0667622
-0.0622925
-0.0574556
-0.0522434
-0.0466549
-0.0407016
-0.0344134
-0.0278483
-0.0211034
-0.0143299
-0.00774616
-0.00164485
0.00361492
0.00764813
0.0101395
0.0109025
0.00960325
0.00609416
-0.042772
-0.0429957
-0.0431006
-0.0430635
-0.0428731
-0.0425193
-0.0420113
-0.0413766
-0.0406554
-0.0398952
-0.0391473
-0.0384615
-0.0378842
-0.0374563
-0.0372119
-0.0371783
-0.0373761
-0.037819
-0.0385149
-0.0394664
-0.0406708
-0.0421215
-0.0438076
-0.0457148
-0.0478258
-0.0501204
-0.0525763
-0.0551688
-0.0578718
-0.0606579
-0.0634989
-0.066366
-0.0692304
-0.0720635
-0.0748373
-0.077525
-0.080101
-0.082541
-0.0848227
-0.0869258
-0.0888319
-0.0905246
-0.0919898
-0.0932155
-0.0941917
-0.0949101
-0.0953642
-0.0955491
-0.095461
-0.0950971
-0.0944551
-0.0935333
-0.0923296
-0.0908417
-0.0890663
-0.086999
-0.084634
-0.0819635
-0.0789779
-0.0756654
-0.0720124
-0.0680038
-0.0636238
-0.058857
-0.0536904
-0.0481157
-0.0421331
-0.0357556
-0.0290154
-0.0219725
-0.0147279
-0.00743534
-0.000317987
0.00632253
0.0121108
0.0166349
0.0195433
0.0206041
0.0194187
0.0158018
-0.0435444
-0.0438996
-0.0440717
-0.0440406
-0.0438034
-0.0433519
-0.0427013
-0.0418882
-0.0409628
-0.0399827
-0.0390079
-0.038096
-0.0372995
-0.036664
-0.0362268
-0.0360173
-0.0360569
-0.0363597
-0.0369332
-0.0377792
-0.038894
-0.0402697
-0.0418941
-0.0437517
-0.045824
-0.0480896
-0.0505251
-0.0531049
-0.0558023
-0.058589
-0.0614362
-0.0643145
-0.0671947
-0.0700476
-0.0728451
-0.0755596
-0.0781651
-0.0806369
-0.0829522
-0.0850899
-0.087031
-0.0887585
-0.0902573
-0.0915146
-0.0925193
-0.0932622
-0.0937356
-0.0939333
-0.0938501
-0.0934818
-0.0928248
-0.0918754
-0.09063
-0.0890842
-0.0872329
-0.0850695
-0.082586
-0.0797721
-0.0766158
-0.0731028
-0.0692168
-0.0649402
-0.0602549
-0.0551436
-0.0495919
-0.0435907
-0.0371406
-0.0302559
-0.0229715
-0.0153513
-0.00749973
0.000422713
0.00818517
0.0154733
0.0218906
0.0269944
0.0303938
0.031809
0.0307664
0.0270321
-0.0443689
-0.0448943
-0.0451492
-0.0451208
-0.0448207
-0.0442466
-0.0434232
-0.0423996
-0.041239
-0.0400109
-0.0387853
-0.037628
-0.0365978
-0.0357445
-0.0351083
-0.0347201
-0.0346016
-0.0347667
-0.0352219
-0.0359679
-0.0369994
-0.0383071
-0.0398772
-0.0416928
-0.0437338
-0.0459777
-0.0483999
-0.0509739
-0.0536719
-0.0564651
-0.059324
-0.0622187
-0.0651193
-0.0679965
-0.0708215
-0.0735664
-0.0762046
-0.0787112
-0.0810626
-0.0832372
-0.0852154
-0.0869794
-0.0885134
-0.0898035
-0.0908377
-0.0916056
-0.0920984
-0.0923085
-0.0922294
-0.0918553
-0.0911808
-0.0902004
-0.0889086
-0.0872989
-0.0853639
-0.0830945
-0.0804798
-0.0775071
-0.074161
-0.0704241
-0.0662769
-0.0616985
-0.0566674
-0.0511633
-0.0451694
-0.038675
-0.0316799
-0.0241991
-0.0162699
-0.00796018
0.0006199
0.00930274
0.0178455
0.0259166
0.0330923
0.0388917
0.042879
0.0447226
0.0438606
0.0399957
-0.0452846
-0.0460295
-0.0463839
-0.0463492
-0.0459614
-0.0452298
-0.044194
-0.0429203
-0.0414879
-0.03998
-0.0384778
-0.0370556
-0.035778
-0.0346985
-0.0338594
-0.0332922
-0.0330183
-0.0330505
-0.0333939
-0.0340474
-0.035004
-0.0362522
-0.0377768
-0.0395588
-0.0415768
-0.043807
-0.0462233
-0.0487984
-0.0515036
-0.0543093
-0.0571853
-0.0601012
-0.0630268
-0.0659321
-0.0687879
-0.0715662
-0.0742398
-0.0767833
-0.0791727
-0.0813858
-0.0834023
-0.0852038
-0.0867735
-0.0880968
-0.0891606
-0.0899533
-0.090465
-0.0906865
-0.09061
-0.0902278
-0.0895329
-0.0885178
-0.0871748
-0.085495
-0.0834683
-0.081083
-0.0783252
-0.0751785
-0.0716241
-0.0676408
-0.063205
-0.0582914
-0.0528744
-0.0469296
-0.0404361
-0.0333804
-0.02576
-0.0175895
-0.00890728
0.000215371
0.0096623
0.0192568
0.0287426
0.0377652
0.0458659
0.0525144
0.0572195
0.0595905
0.0589608
0.0549477
-0.046349
-0.0473767
-0.047847
-0.0477869
-0.0472731
-0.0463354
-0.0450354
-0.0434622
-0.0417145
-0.0398911
-0.038085
-0.0363783
-0.034841
-0.033529
-0.0324857
-0.0317419
-0.031318
-0.0312247
-0.0314652
-0.0320357
-0.0329273
-0.0341261
-0.0356147
-0.0373726
-0.0393765
-0.0416011
-0.0440192
-0.0466024
-0.049321
-0.0521448
-0.0550429
-0.0579844
-0.0609386
-0.0638752
-0.0667646
-0.0695784
-0.0722891
-0.0748708
-0.0772991
-0.0795513
-0.0816065
-0.0834453
-0.0850506
-0.0864065
-0.087499
-0.0883154
-0.0888444
-0.0890756
-0.0889994
-0.0886065
-0.0878879
-0.086834
-0.0854347
-0.0836786
-0.0815528
-0.0790422
-0.0761296
-0.0727949
-0.069015
-0.0647641
-0.0600139
-0.0547338
-0.0488928
-0.0424609
-0.035412
-0.0277274
-0.0194007
-0.0104438
-0.000894198
0.009175
0.0196429
0.0303238
0.0409462
0.0511298
0.0603706
0.0680741
0.0736753
0.0767118
0.0763885
0.0722039
-0.0476489
-0.0490402
-0.0496384
-0.0495171
-0.0488187
-0.0476067
-0.0459746
-0.0440405
-0.0419262
-0.0397473
-0.0376081
-0.035598
-0.0337902
-0.0322421
-0.030996
-0.0300812
-0.0295154
-0.0293067
-0.029455
-0.029954
-0.0307917
-0.031952
-0.0334151
-0.0351586
-0.0371573
-0.0393845
-0.0418118
-0.0444096
-0.0471474
-0.0499942
-0.0529185
-0.0558891
-0.0588748
-0.061845
-0.0647697
-0.0676202
-0.0703686
-0.0729888
-0.0754559
-0.0777466
-0.0798395
-0.0817147
-0.083354
-0.0847409
-0.0858603
-0.0866984
-0.0872425
-0.0874808
-0.0874021
-0.0869954
-0.0862494
-0.0851526
-0.0836921
-0.0818539
-0.0796218
-0.0769776
-0.0739
-0.0703647
-0.066344
-0.0618069
-0.0567193
-0.0510446
-0.044745
-0.0377837
-0.0301271
-0.0217495
-0.0126377
-0.00279784
0.00773654
0.018894
0.0305517
0.0425175
0.0545052
0.0661087
0.0767677
0.0858044
0.0925535
0.0964555
0.0965509
0.0921679
-0.0493179
-0.0511744
-0.0519009
-0.051654
-0.0506813
-0.0490998
-0.0470464
-0.0446751
-0.0421336
-0.0395544
-0.0370516
-0.0347197
-0.032633
-0.0308477
-0.0294034
-0.0283259
-0.027629
-0.0273168
-0.0273857
-0.0278257
-0.0286218
-0.0297551
-0.0312034
-0.032942
-0.0349443
-0.0371817
-0.0396248
-0.0422428
-0.0450046
-0.0478783
-0.0508321
-0.0538342
-0.0568531
-0.0598578
-0.0628183
-0.0657054
-0.0684911
-0.0711488
-0.0736532
-0.0759808
-0.0781095
-0.0800188
-0.0816899
-0.0831052
-0.0842488
-0.0851057
-0.085662
-0.0859044
-0.08582
-0.0853959
-0.084619
-0.0834751
-0.081949
-0.0800235
-0.0776793
-0.0748945
-0.0716435
-0.0678976
-0.0636239
-0.0587856
-0.0533422
-0.0472499
-0.0404633
-0.0329365
-0.0246271
-0.0154993
-0.00552988
0.00528481
0.01692
0.029311
0.0423392
0.0558111
0.0694322
0.0827687
0.0952058
0.105955
0.114215
0.119283
0.119978
0.115376
-0.0515659
-0.0540112
-0.0548393
-0.0543538
-0.0529702
-0.0508855
-0.0482935
-0.0453904
-0.0423503
-0.0393208
-0.0364227
-0.0337516
-0.0313798
-0.0293592
-0.0277243
-0.0264951
-0.0256801
-0.0252783
-0.0252817
-0.0256762
-0.0264432
-0.027561
-0.0290047
-0.0307476
-0.0327612
-0.0350155
-0.0374799
-0.0401227
-0.042912
-0.0458153
-0.0488003
-0.0518349
-0.0548874
-0.0579265
-0.0609219
-0.0638442
-0.0666653
-0.0693584
-0.0718977
-0.0742595
-0.076421
-0.0783613
-0.0800608
-0.0815013
-0.0826657
-0.0835381
-0.0841032
-0.0843463
-0.0842529
-0.0838083
-0.082997
-0.0818027
-0.0802073
-0.0781908
-0.0757304
-0.0728002
-0.0693705
-0.0654075
-0.0608729
-0.0557236
-0.0499122
-0.0433869
-0.0360931
-0.027975
-0.0189784
-0.00905488
0.00183275
0.0137031
0.0265466
0.0403134
0.0548976
0.0701153
0.0856736
0.101122
0.115789
0.128784
0.139082
0.145779
0.147376
0.142573
-0.0547312
-0.0579045
-0.0587478
-0.0578278
-0.0558243
-0.0530487
-0.0497641
-0.0462116
-0.0425893
-0.039054
-0.0357278
-0.0327019
-0.0300417
-0.0277909
-0.0259757
-0.0246084
-0.0236903
-0.0232143
-0.0231669
-0.0235296
-0.0242801
-0.0253933
-0.026842
-0.0285972
-0.0306287
-0.0329054
-0.0353953
-0.0380659
-0.0408847
-0.0438188
-0.0468355
-0.0499023
-0.0529873
-0.0560591
-0.0590874
-0.0620425
-0.0648963
-0.0676215
-0.0701924
-0.0725847
-0.0747754
-0.076743
-0.0784672
-0.0799291
-0.0811108
-0.0819951
-0.0825657
-0.0828065
-0.0827012
-0.0822333
-0.0813853
-0.0801384
-0.0784718
-0.0763625
-0.0737842
-0.0707072
-0.0670972
-0.0629155
-0.058118
-0.0526553
-0.0464721
-0.0395083
-0.0316993
-0.0229774
-0.0132751
-0.00252799
0.00931951
0.0223069
0.0364482
0.0517188
0.0680392
0.085251
0.103081
0.121081
0.138534
0.154531
0.167629
0.176683
0.179709
0.174849
-0.059376
-0.0634
-0.0640451
-0.0623514
-0.059408
-0.0556778
-0.051499
-0.0471525
-0.0428507
-0.0387499
-0.0349632
-0.03157
-0.0286221
-0.0261503
-0.0241691
-0.0226803
-0.0216764
-0.0211429
-0.0210604
-0.0214052
-0.0221513
-0.0232704
-0.0247327
-0.0265072
-0.0285621
-0.0308651
-0.0333832
-0.0360834
-0.0389324
-0.0418971
-0.0449445
-0.0480419
-0.0511574
-0.0542594
-0.0573176
-0.0603023
-0.0631851
-0.0659388
-0.0685375
-0.0709564
-0.0731724
-0.0751634
-0.0769087
-0.0783885
-0.0795842
-0.0804775
-0.081051
-0.0812871
-0.0811681
-0.0806756
-0.0797901
-0.0784904
-0.0767532
-0.0745523
-0.0718582
-0.0686371
-0.0648506
-0.0604549
-0.0554002
-0.0496304
-0.0430828
-0.0356881
-0.027371
-0.0180513
-0.0076457
0.00392873
0.0167504
0.0308865
0.0463839
0.0632571
0.0814709
0.100916
0.12137
0.142433
0.163416
0.183231
0.200317
0.212916
0.218326
0.213891
-0.0664731
-0.0713483
-0.0713103
-0.0682561
-0.0638841
-0.0588315
-0.0534971
-0.0481823
-0.043093
-0.0383664
-0.0340925
-0.0303272
-0.0271007
-0.0244249
-0.0222983
-0.0207097
-0.0196411
-0.0190697
-0.0189693
-0.0193113
-0.0200655
-0.0212007
-0.0226847
-0.0244846
-0.0265675
-0.0288998
-0.031448
-0.0341784
-0.0370574
-0.0400517
-0.0431281
-0.046254
-0.0493973
-0.0525266
-0.0556114
-0.0586223
-0.0615306
-0.0643093
-0.0669321
-0.0693743
-0.0716122
-0.0736236
-0.075387
-0.0768821
-0.0780895
-0.0789901
-0.0795652
-0.0797961
-0.0796634
-0.0791472
-0.0782259
-0.0768763
-0.0750723
-0.0727852
-0.0699819
-0.0666253
-0.0626727
-0.0580756
-0.0527788
-0.0467197
-0.0398282
-0.0320261
-0.0232272
-0.0133379
-0.0022583
0.0101157
0.0238891
0.0391633
0.0560283
0.0745527
0.0947679
0.116645
0.140057
0.164709
0.190009
0.214861
0.237544
0.255577
0.265145
0.262437
-0.0777977
-0.0830783
-0.0812813
-0.0758571
-0.0693231
-0.0624467
-0.0556317
-0.0491529
-0.0431708
-0.0377733
-0.0330052
-0.0288835
-0.0254063
-0.0225595
-0.0203214
-0.0186651
-0.0175608
-0.0169767
-0.0168798
-0.0172367
-0.0180136
-0.0191763
-0.0206907
-0.0225227
-0.0246381
-0.0270029
-0.0295828
-0.0323441
-0.0352529
-0.0382758
-0.0413798
-0.0445323
-0.0477012
-0.0508554
-0.0539645
-0.056999
-0.0599304
-0.0627316
-0.0653763
-0.0678397
-0.0700978
-0.0721279
-0.0739084
-0.0754183
-0.0766373
-0.0775456
-0.0781235
-0.0783511
-0.0782077
-0.0776718
-0.07672
-0.0753272
-0.0734649
-0.0711019
-0.0682024
-0.0647257
-0.0606256
-0.0558493
-0.0503366
-0.0440192
-0.0368201
-0.0286527
-0.0194203
-0.00901623
0.00267636
0.0157838
0.0304406
0.0467872
0.0649658
0.0851144
0.107356
0.13178
0.15841
0.187142
0.217604
0.248907
0.279318
0.305753
0.322777
0.324891
-0.0967234
-0.100632
-0.0947379
-0.0852464
-0.0754921
-0.0661493
-0.0574905
-0.0496711
-0.0427372
-0.036679
-0.0314638
-0.0270493
-0.023389
-0.0204362
-0.0181452
-0.0164724
-0.0153756
-0.0148146
-0.0147506
-0.015146
-0.0159641
-0.0171689
-0.018725
-0.0205975
-0.0227518
-0.0251534
-0.0277682
-0.0305623
-0.0335021
-0.0365543
-0.0396861
-0.042865
-0.0460593
-0.049238
-0.0523709
-0.0554287
-0.0583831
-0.0612069
-0.0638738
-0.0663589
-0.0686381
-0.0706884
-0.0724877
-0.0740146
-0.0752482
-0.0761679
-0.0767531
-0.076983
-0.0768356
-0.0762881
-0.0753157
-0.0738914
-0.0719847
-0.0695625
-0.0665865
-0.0630132
-0.0587934
-0.0538707
-0.0481808
-0.0416507
-0.0341972
-0.0257266
-0.016133
-0.00529783
0.00691184
0.0206439
0.0360626
0.0533498
0.0727058
0.0943499
0.118519
0.145462
0.175421
0.208589
0.244988
0.284231
0.325046
0.364117
0.394315
0.407724
-0.129888
-0.126965
-0.112235
-0.0960074
-0.081588
-0.0690331
-0.0582233
-0.0490114
-0.0412063
-0.0346262
-0.0291191
-0.0245608
-0.0208504
-0.017905
-0.0156553
-0.0140424
-0.0130146
-0.0125257
-0.0125333
-0.0129975
-0.0138805
-0.0151459
-0.0167581
-0.0186823
-0.0208841
-0.0233295
-0.0259846
-0.0288161
-0.0317906
-0.0348752
-0.0380376
-0.0412457
-0.0444681
-0.0476741
-0.0508337
-0.0539178
-0.0568983
-0.0597481
-0.0624409
-0.0649517
-0.0672563
-0.0693315
-0.0711548
-0.0727045
-0.0739591
-0.0748975
-0.0754983
-0.0757397
-0.0755991
-0.0750525
-0.0740738
-0.0726345
-0.0707034
-0.0682449
-0.0652191
-0.0615807
-0.0572781
-0.0522521
-0.0464356
-0.0397518
-0.0321132
-0.0234205
-0.0135605
-0.00240483
0.0101927
0.0243988
0.0404046
0.0584311
0.078736
0.101624
0.12746
0.156683
0.189826
0.22751
0.270393
0.319016
0.3733
0.43049
0.483067
0.520837
-0.19264
-0.165251
-0.132663
-0.106138
-0.08548
-0.0691916
-0.0563169
-0.046054
-0.0377791
-0.0310551
-0.0255809
-0.0211451
-0.0175965
-0.014824
-0.0127439
-0.0112897
-0.0104069
-0.0100486
-0.0101728
-0.0107408
-0.0117163
-0.013064
-0.0147499
-0.0167402
-0.0190017
-0.0215013
-0.024206
-0.0270833
-0.0301004
-0.0332253
-0.0364258
-0.0396706
-0.0429286
-0.0461694
-0.0493633
-0.0524816
-0.0554962
-0.05838
-0.0611071
-0.0636521
-0.0659909
-0.0681
-0.0699569
-0.0715393
-0.0728255
-0.0737939
-0.0744227
-0.0746894
-0.0745707
-0.0740417
-0.073076
-0.0716441
-0.0697138
-0.0672483
-0.0642068
-0.0605426
-0.0562028
-0.0511268
-0.0452457
-0.0384805
-0.0307411
-0.0219247
-0.0119137
-0.000573029
0.0122525
0.0267433
0.0431103
0.0616051
0.0825323
0.10627
0.133301
0.164257
0.19999
0.241666
0.290868
0.349678
0.42034
0.502785
0.593566
0.687718
-0.328986
-0.214046
-0.144319
-0.10538
-0.0795609
-0.061229
-0.0480493
-0.0382649
-0.0307095
-0.0247217
-0.0199223
-0.0160755
-0.0130281
-0.0106772
-0.0089504
-0.00779286
-0.00716021
-0.00701413
-0.00731986
-0.00804457
-0.00915652
-0.0106244
-0.0124171
-0.0145035
-0.0168522
-0.019432
-0.0222112
-0.0251583
-0.0282417
-0.0314299
-0.0346915
-0.0379957
-0.0413119
-0.0446101
-0.0478608
-0.0510355
-0.0541063
-0.0570462
-0.0598292
-0.0624301
-0.0648247
-0.0669894
-0.0689013
-0.0705384
-0.0718785
-0.0728998
-0.0735804
-0.0738975
-0.0738276
-0.0733449
-0.0724237
-0.071034
-0.0691429
-0.0667138
-0.0637055
-0.0600713
-0.0557579
-0.0507047
-0.0448424
-0.0380919
-0.0303625
-0.0215508
-0.0115378
-0.000186696
0.0126612
0.0271915
0.0436243
0.0622251
0.0833222
0.107333
0.134807
0.166497
0.203481
0.247375
0.300716
0.367615
0.454478
0.569603
0.730165
0.958859
-0.604124
-0.259462
-0.120918
-0.0760043
-0.0534111
-0.0388859
-0.0295461
-0.0231647
-0.018332
-0.0144351
-0.0112299
-0.00860374
-0.00649883
-0.00488428
-0.00374085
-0.00305264
-0.00280361
-0.00297619
-0.00355088
-0.00450626
-0.00581911
-0.00746465
-0.00941671
-0.011648
-0.0141303
-0.0168345
-0.019731
-0.0227897
-0.0259802
-0.029272
-0.0326345
-0.0360373
-0.0394504
-0.0428441
-0.0461892
-0.0494574
-0.0526209
-0.0556528
-0.058527
-0.0612186
-0.0637031
-0.065957
-0.0679575
-0.0696823
-0.0711095
-0.0722173
-0.0729836
-0.0733861
-0.0734012
-0.0730053
-0.0721699
-0.0708667
-0.0690636
-0.0667246
-0.0638094
-0.0602719
-0.0560601
-0.0511145
-0.0453673
-0.0387409
-0.0311466
-0.022483
-0.0126335
-0.0014639
0.0111814
0.0254845
0.0416615
0.0599733
0.0807426
0.10438
0.131429
0.162635
0.199079
0.242426
0.295472
0.363458
0.457583
0.602512
0.861976
1.32917
)
;

boundaryField
{
    movingWall
    {
        type            zeroGradient;
    }
    fixedWalls
    {
        type            zeroGradient;
    }
    frontAndBack
    {
        type            empty;
    }
}


// ************************************************************************* //
