/*--------------------------------*- C++ -*----------------------------------*\
  =========                 |
  \\      /  F ield         | OpenFOAM: The Open Source CFD Toolbox
   \\    /   O peration     | Website:  https://openfoam.org
    \\  /    A nd           | Version:  7
     \\/     M anipulation  |
\*---------------------------------------------------------------------------*/
FoamFile
{
    version     2.0;
    format      ascii;
    class       volScalarField;
    location    "0.15";
    object      p;
}
// * * * * * * * * * * * * * * * * * * * * * * * * * * * * * * * * * * * * * //

dimensions      [0 2 -2 0 0 0 0];

internalField   nonuniform List<scalar> 
6400
(
4.00546e-09
-9.20227e-06
-3.15993e-05
-6.23739e-05
-9.65057e-05
-0.000130369
-0.000161264
-0.000187193
-0.000206864
-0.000219531
-0.000224754
-0.000222257
-0.000211907
-0.000193701
-0.000167737
-0.000134156
-9.31117e-05
-4.4753e-05
1.07695e-05
7.33049e-05
0.000142706
0.000218834
0.000301565
0.000390775
0.000486341
0.000588136
0.000696028
0.000809882
0.000929553
0.00105488
0.00118569
0.0013218
0.001463
0.00160906
0.00175974
0.00191478
0.00207388
0.00223673
0.002403
0.00257232
0.00274431
0.00291855
0.00309462
0.00327203
0.00345031
0.00362894
0.00380738
0.00398507
0.00416142
0.00433583
0.00450768
0.00467633
0.00484113
0.00500143
0.00515658
0.0053059
0.00544875
0.00558447
0.00571243
0.00583203
0.00594266
0.00604378
0.00613487
0.00621546
0.00628513
0.00634357
0.0063905
0.00642581
0.00644946
0.00646162
0.00646262
0.00645306
0.00643383
0.00640622
0.00637203
0.00633371
0.00629457
0.00625903
0.00623308
0.00622225
9.05198e-06
-1.64627e-07
-1.83981e-05
-4.24151e-05
-6.88915e-05
-9.51786e-05
-0.000119182
-0.000139209
-0.000154011
-0.00016276
-0.000164937
-0.000160204
-0.000148345
-0.000129253
-0.000102917
-6.93865e-05
-2.87449e-05
1.89112e-05
7.34798e-05
0.000134853
0.000202917
0.000277554
0.000358654
0.000446105
0.000539791
0.000639591
0.000745377
0.000857012
0.000974351
0.00109723
0.00122548
0.00135892
0.00149732
0.00164048
0.00178815
0.00194005
0.0020959
0.0022554
0.00241821
0.00258397
0.0027523
0.00292278
0.003095
0.0032685
0.00344278
0.00361735
0.00379168
0.00396521
0.00413738
0.00430759
0.00447523
0.00463969
0.00480034
0.00495655
0.00510767
0.00525307
0.00539213
0.00552422
0.00564876
0.00576516
0.00587289
0.00597144
0.00606034
0.00613921
0.00620769
0.00626553
0.00631258
0.00634877
0.00637419
0.00638908
0.00639388
0.00638925
0.00637613
0.00635579
0.00632989
0.00630058
0.00627056
0.00624313
0.00622223
0.00621146
3.12426e-05
1.77953e-05
-4.91872e-07
-2.20007e-05
-4.48048e-05
-6.69124e-05
-8.67312e-05
-0.000102938
-0.00011444
-0.000120432
-0.000120376
-0.000113925
-0.000100845
-8.09852e-05
-5.42726e-05
-2.06972e-05
1.97063e-05
6.68782e-05
0.000120748
0.000181239
0.000248264
0.000321729
0.000401535
0.000487579
0.000579754
0.000677946
0.000782033
0.000891883
0.00100735
0.00112828
0.00125449
0.0013858
0.00152201
0.0016629
0.00180821
0.00195769
0.00211106
0.00226799
0.00242818
0.00259125
0.00275683
0.00292453
0.0030939
0.0032645
0.00343586
0.00360747
0.0037788
0.00394933
0.00411848
0.00428566
0.00445029
0.00461176
0.00476945
0.00492274
0.00507101
0.00521364
0.00535003
0.00547958
0.00560173
0.00571592
0.00582166
0.00591846
0.00600591
0.00608365
0.00615139
0.00620892
0.00625614
0.00629304
0.00631977
0.00633661
0.00634402
0.00634267
0.00633349
0.00631764
0.0062966
0.00627218
0.00624655
0.00622222
0.00620136
0.00618571
6.19149e-05
4.15361e-05
2.05469e-05
-1.07456e-06
-2.27951e-05
-4.30544e-05
-6.05935e-05
-7.44352e-05
-8.37342e-05
-8.77976e-05
-8.612e-05
-7.83622e-05
-6.42999e-05
-4.37827e-05
-1.67164e-05
1.69422e-05
5.71926e-05
0.000104004
0.000157327
0.000217107
0.000283277
0.00035576
0.000434473
0.000519325
0.000610217
0.000707041
0.000809682
0.000918015
0.0010319
0.00115118
0.00127569
0.00140524
0.00153964
0.00167867
0.00182208
0.00196961
0.00212099
0.00227591
0.00243404
0.00259503
0.00275851
0.00292407
0.00309129
0.00325973
0.00342891
0.00359833
0.00376747
0.0039358
0.00410275
0.00426775
0.00443021
0.00458952
0.00474509
0.00489631
0.00504256
0.00518323
0.00531775
0.00544553
0.00556603
0.00567871
0.00578309
0.00587873
0.00596523
0.00604226
0.00610957
0.00616697
0.0062144
0.00625187
0.00627955
0.00629773
0.00630688
0.00630764
0.00630084
0.00628754
0.00626899
0.00624668
0.00622237
0.00619795
0.006174
0.00615049
9.61296e-05
6.77467e-05
4.27969e-05
1.98239e-05
-2.0388e-06
-2.16434e-05
-3.79721e-05
-5.03097e-05
-5.80517e-05
-6.06695e-05
-5.7738e-05
-4.89472e-05
-3.40854e-05
-1.30121e-05
1.4365e-05
4.81009e-05
8.82165e-05
0.000134704
0.000187537
0.000246674
0.000312064
0.000383646
0.000461351
0.000545101
0.000634807
0.000730368
0.000831678
0.000938618
0.00105106
0.00116884
0.00129181
0.00141979
0.00155257
0.00168996
0.0018317
0.00197755
0.00212723
0.00228043
0.00243684
0.0025961
0.00275784
0.00292167
0.00308716
0.00325387
0.00342132
0.00358901
0.00375644
0.00392307
0.00408833
0.00425165
0.00441246
0.00457015
0.00472412
0.00487378
0.00501851
0.00515774
0.00529088
0.00541737
0.00553666
0.00564825
0.00575168
0.0058465
0.00593236
0.00600893
0.00607599
0.00613336
0.00618099
0.00621893
0.00624733
0.00626649
0.00627685
0.006279
0.00627369
0.00626183
0.00624448
0.00622282
0.00619825
0.0061722
0.00614381
0.00611152
0.000130261
9.37449e-05
6.42074e-05
3.90634e-05
1.62376e-05
-3.52307e-06
-1.94405e-05
-3.10001e-05
-3.77787e-05
-3.94052e-05
-3.55642e-05
-2.60044e-05
-1.05397e-05
1.09575e-05
3.8571e-05
7.23545e-05
0.000112336
0.000158524
0.000210906
0.000269456
0.000334137
0.000404899
0.000481685
0.00056443
0.000653055
0.000747471
0.000847578
0.000953266
0.00106441
0.00118087
0.00130248
0.00142908
0.00156047
0.00169646
0.00183679
0.00198124
0.00212951
0.00228133
0.00243635
0.00259425
0.00275465
0.00291715
0.00308134
0.00324676
0.00341294
0.0035794
0.00374561
0.00391103
0.00407511
0.00423728
0.00439695
0.00455354
0.00470644
0.00485507
0.00499881
0.0051371
0.00526935
0.00539501
0.00551355
0.00562448
0.00572733
0.00582169
0.00590719
0.00598353
0.00605049
0.00610792
0.00615575
0.00619405
0.00622295
0.00624275
0.00625384
0.00625676
0.00625218
0.00624088
0.00622372
0.00620163
0.00617575
0.00614715
0.00611378
0.00607284
0.000161556
0.000117357
8.30803e-05
5.52522e-05
3.08647e-05
1.03618e-05
-5.72142e-06
-1.70647e-05
-2.33878e-05
-2.44428e-05
-2.00194e-05
-9.94042e-06
5.9372e-06
2.77191e-05
5.54778e-05
8.92611e-05
0.000129097
0.000174998
0.000226962
0.000284977
0.000349014
0.000419037
0.000494998
0.000576842
0.000664503
0.000757901
0.000856946
0.000961536
0.00107155
0.00118687
0.00130733
0.00143277
0.00156301
0.00169785
0.00183706
0.00198039
0.00212759
0.00227835
0.00243236
0.00258928
0.00274873
0.00291033
0.00307365
0.00323824
0.00340364
0.00356934
0.00373482
0.00389956
0.00406298
0.00422452
0.0043836
0.00453962
0.00469199
0.0048401
0.00498338
0.00512124
0.0052531
0.00537841
0.00549666
0.00560733
0.00570999
0.00580421
0.00588964
0.00596597
0.00603299
0.00609054
0.00613857
0.00617712
0.00620633
0.00622646
0.00623787
0.00624105
0.00623658
0.00622513
0.00620739
0.00618411
0.00615622
0.00612456
0.00608614
0.00603723
0.000187881
0.000136755
9.79437e-05
6.72409e-05
4.09263e-05
1.92719e-05
2.61812e-06
-8.90611e-06
-1.51557e-05
-1.59833e-05
-1.12639e-05
-8.91387e-07
1.52262e-05
3.71632e-05
6.49751e-05
9.87015e-05
0.000138367
0.000183985
0.000235558
0.00029308
0.000356533
0.00042589
0.000501115
0.000582163
0.000668975
0.000761484
0.000859609
0.000963259
0.00107233
0.00118668
0.00130619
0.0014307
0.00156003
0.00169398
0.00183234
0.00197487
0.00212131
0.00227136
0.00242471
0.00258103
0.00273994
0.00290105
0.00306394
0.00322815
0.00339322
0.00355864
0.00372389
0.00388844
0.00405171
0.00421314
0.00437214
0.00452812
0.00468047
0.00482861
0.00497193
0.00510985
0.00524181
0.00536724
0.00548562
0.00559645
0.00569927
0.00579368
0.00587929
0.00595582
0.00602304
0.00608079
0.00612901
0.00616774
0.00619709
0.0062173
0.00622871
0.00623174
0.0062269
0.00621477
0.00619594
0.00617097
0.00614068
0.00610578
0.00606255
0.00600656
0.000207743
0.000150494
0.000107512
7.39771e-05
4.55878e-05
2.25279e-05
5.01808e-06
-6.97167e-06
-1.34255e-05
-1.4289e-05
-9.50926e-06
9.60026e-07
1.71621e-05
3.91365e-05
6.6917e-05
0.000100531
0.000139998
0.00018533
0.000236531
0.000293599
0.000356524
0.000425288
0.000499863
0.000580215
0.000666295
0.000758046
0.000855397
0.000958267
0.00106656
0.00118015
0.00129892
0.00142272
0.00155138
0.00168472
0.00182251
0.00196454
0.00211053
0.00226021
0.00241327
0.00256936
0.00272812
0.00288915
0.00305203
0.00321631
0.0033815
0.00354711
0.00371261
0.00387746
0.00404109
0.00420292
0.00436236
0.00451881
0.00467167
0.00482033
0.0049642
0.00510269
0.00523521
0.00536121
0.00548015
0.00559152
0.00569486
0.00578974
0.0058758
0.00595272
0.00602027
0.0060783
0.00612672
0.00616556
0.00619493
0.00621504
0.00622619
0.00622876
0.00622322
0.00621005
0.00618977
0.00616283
0.00612998
0.00609185
0.00604418
0.00598204
0.000220158
0.000157517
0.000110744
7.45281e-05
4.40679e-05
1.94855e-05
9.3495e-07
-1.17252e-05
-1.85873e-05
-1.9684e-05
-1.50278e-05
-4.62435e-06
1.15276e-05
3.34351e-05
6.11084e-05
9.45605e-05
0.000133803
0.000178844
0.00022969
0.000286341
0.000348793
0.000417033
0.000491046
0.000570804
0.00065627
0.000747395
0.000844119
0.000946372
0.00105407
0.0011671
0.00128534
0.00140867
0.00153691
0.00166989
0.00180741
0.00194923
0.0020951
0.00224475
0.00239786
0.0025541
0.0027131
0.00287446
0.00303776
0.00320253
0.00336831
0.00353458
0.00370081
0.00386645
0.00403093
0.00419366
0.00435405
0.00451149
0.00466538
0.00481508
0.00496
0.00509954
0.0052331
0.00536011
0.00548002
0.00559231
0.00569651
0.00579216
0.0058789
0.00595641
0.00602443
0.00608281
0.00613146
0.00617038
0.00619968
0.00621954
0.00623025
0.00623215
0.00622565
0.00621121
0.00618926
0.00616021
0.00612476
0.00608351
0.00603183
0.0059644
0.000224429
0.000157053
0.000106848
6.81269e-05
3.5671e-05
9.54531e-06
-1.0143e-05
-2.36106e-05
-3.10301e-05
-3.25071e-05
-2.81146e-05
-1.79046e-05
-1.91261e-06
1.98396e-05
4.73407e-05
8.05882e-05
0.000119585
0.000164334
0.000214842
0.000271112
0.000333144
0.000400933
0.00047447
0.000553737
0.000638706
0.00072934
0.000825589
0.000927392
0.00103467
0.00114734
0.00126528
0.00138836
0.00151643
0.00164933
0.00178685
0.00192878
0.00207485
0.00222481
0.00237834
0.0025351
0.00269472
0.00285682
0.00302095
0.00318666
0.00335347
0.00352086
0.00368829
0.00385521
0.00402105
0.0041852
0.00434706
0.00450601
0.00466143
0.00481269
0.00495917
0.00510024
0.00523531
0.00536377
0.00548506
0.00559864
0.00570402
0.00580074
0.0058884
0.00596668
0.00603532
0.00609414
0.00614306
0.00618206
0.00621123
0.00623076
0.00624089
0.00624196
0.00623435
0.00621848
0.00619474
0.00616351
0.00612549
0.0060813
0.00602602
0.00595405
0.000220014
0.000148504
9.52147e-05
5.41639e-05
1.98076e-05
-7.83303e-06
-2.86934e-05
-4.30481e-05
-5.11273e-05
-5.3093e-05
-4.90695e-05
-3.91505e-05
-2.34043e-05
-1.87789e-06
2.5398e-05
5.84067e-05
9.71416e-05
0.000141602
0.000191793
0.000247719
0.000309386
0.000376795
0.000449944
0.000528824
0.000613416
0.000703694
0.000799619
0.000901141
0.00100819
0.00112069
0.00123854
0.00136162
0.00148978
0.00162286
0.00176067
0.001903
0.00204961
0.00220021
0.0023545
0.00251215
0.0026728
0.00283603
0.00300142
0.0031685
0.00333679
0.00350577
0.00367489
0.00384359
0.00401128
0.00417736
0.00434121
0.0045022
0.00465968
0.00481301
0.00496154
0.00510465
0.00524168
0.00537204
0.00549511
0.00561036
0.00571725
0.00581531
0.00590415
0.0059834
0.0060528
0.00611218
0.00616142
0.00620052
0.00622955
0.00624869
0.00625817
0.0062583
0.00624947
0.00623206
0.00620646
0.00617305
0.00613252
0.00608557
0.00602704
0.00595115
0.000206497
0.000131388
7.53449e-05
3.21437e-05
-4.01281e-06
-3.3122e-05
-5.51541e-05
-7.04338e-05
-7.92364e-05
-8.17666e-05
-7.81893e-05
-6.86342e-05
-5.31983e-05
-3.19512e-05
-4.94049e-06
2.78044e-05
6.62687e-05
0.000110448
0.000160345
0.000215968
0.000277327
0.000344427
0.000417276
0.000495872
0.000580208
0.000670266
0.00076602
0.00086743
0.000974439
0.00108698
0.00120495
0.00132825
0.00145675
0.00159028
0.00172868
0.00187172
0.00201916
0.00217074
0.00232616
0.00248508
0.00264712
0.00281189
0.00297896
0.00314785
0.00331808
0.00348911
0.00366041
0.00383139
0.00400145
0.00416999
0.00433635
0.0044999
0.00465997
0.0048159
0.004967
0.00511262
0.0052521
0.00538478
0.00551005
0.00562733
0.00573606
0.00583577
0.00592602
0.00600646
0.0060768
0.00613685
0.0061865
0.00622574
0.00625464
0.00627336
0.00628213
0.00628127
0.00627114
0.00625213
0.00622464
0.00618905
0.0061461
0.00609654
0.00603507
0.00595572
0.000183598
0.000105327
4.68233e-05
1.64831e-06
-3.6204e-05
-6.67291e-05
-8.9917e-05
-0.000106135
-0.000115696
-0.00011884
-0.000115763
-0.000106625
-9.15461e-05
-7.06167e-05
-4.38991e-05
-1.14336e-05
2.67581e-05
7.0668e-05
0.000120299
0.000175662
0.000236768
0.000303633
0.00037627
0.000454686
0.000538886
0.00062886
0.000724593
0.000826057
0.000933206
0.00104598
0.00116429
0.00128805
0.00141714
0.00155139
0.00169065
0.00183469
0.0019833
0.00213619
0.00229308
0.00245363
0.00261746
0.00278418
0.00295334
0.00312449
0.00329711
0.00347069
0.00364465
0.00381842
0.00399138
0.0041629
0.00433232
0.00449897
0.00466217
0.00482121
0.0049754
0.00512404
0.00526642
0.00540188
0.00552976
0.00564944
0.00576037
0.00586202
0.00595396
0.0060358
0.00610726
0.00616813
0.0062183
0.00625775
0.00628655
0.00630485
0.00631289
0.00631098
0.0062995
0.00627885
0.00624945
0.00621169
0.00616639
0.00611435
0.00605015
0.0059677
0.000151139
7.00422e-05
9.31098e-06
-3.76805e-05
-7.7125e-05
-0.00010901
-0.000133331
-0.000150486
-0.000160824
-0.000164611
-0.000162071
-0.000153385
-0.000138696
-0.000118111
-9.17039e-05
-5.9525e-05
-2.16014e-05
2.20564e-05
7.14516e-05
0.000126597
0.00018751
0.000254213
0.000326724
0.000405064
0.000489244
0.000579267
0.000675127
0.000776808
0.000884275
0.000997478
0.00111635
0.00124079
0.0013707
0.00150594
0.00164633
0.00179168
0.00194175
0.00209629
0.002255
0.00241754
0.00258355
0.00275262
0.00292431
0.00309815
0.00327364
0.00345024
0.00362737
0.00380445
0.00398084
0.00415589
0.00432892
0.00449923
0.0046661
0.00482881
0.0049866
0.00513876
0.00528453
0.00542322
0.00555413
0.00567662
0.00579009
0.00589401
0.00598792
0.00607141
0.0061442
0.00620606
0.00625688
0.00629662
0.00632536
0.00634325
0.00635055
0.00634756
0.00633468
0.00631236
0.00628101
0.0062411
0.00619349
0.00613906
0.0060723
0.00598697
0.000109002
2.53235e-05
-3.7462e-05
-8.61459e-05
-0.000127091
-0.00016028
-0.000185709
-0.000203796
-0.000214918
-0.000219365
-0.000217383
-0.000209173
-0.000194895
-0.000174669
-0.000148582
-0.00011669
-7.90253e-05
-3.5599e-05
1.35929e-05
6.85665e-05
0.000129345
0.000195956
0.000268429
0.000346791
0.000431065
0.000521264
0.000617395
0.00071945
0.000827407
0.000941228
0.00106085
0.0011862
0.00131718
0.00145365
0.00159544
0.00174238
0.00189423
0.00205074
0.00221161
0.00237652
0.00254508
0.00271691
0.00289156
0.00306856
0.00324738
0.0034275
0.00360832
0.00378924
0.0039696
0.00414874
0.00432594
0.00450047
0.00467158
0.00483849
0.00500044
0.00515663
0.00530629
0.00544868
0.00558307
0.00570878
0.00582518
0.00593172
0.00602791
0.00611333
0.00618767
0.0062507
0.0063023
0.00634244
0.00637117
0.00638868
0.00639522
0.00639112
0.00637682
0.00635277
0.00631946
0.00627738
0.00622748
0.00617072
0.00610147
0.00601341
5.70882e-05
-2.89991e-05
-9.37159e-05
-0.000144003
-0.00018638
-0.000220825
-0.000247336
-0.000266348
-0.000278255
-0.000283371
-0.00028196
-0.00027424
-0.000260386
-0.000240528
-0.000214764
-0.000183154
-0.000145734
-0.000102516
-5.34936e-05
1.35335e-06
6.2054e-05
0.000128643
0.000201159
0.000279639
0.000364114
0.000454611
0.000551147
0.000653725
0.000762336
0.000876954
0.00099753
0.001124
0.00125626
0.0013942
0.00153767
0.00168648
0.00184041
0.0019992
0.00216258
0.0023302
0.00250172
0.00267671
0.00285475
0.00303535
0.003218
0.00340214
0.00358718
0.00377248
0.00395739
0.00414118
0.00432313
0.00450246
0.00467838
0.00485007
0.00501672
0.00517749
0.00533157
0.00547815
0.0056165
0.00574587
0.00586562
0.00597516
0.00607396
0.0061616
0.00623775
0.00630216
0.00635469
0.00639532
0.00642412
0.00644126
0.00644703
0.0064418
0.00642601
0.0064002
0.00636489
0.00632062
0.00626842
0.00620933
0.00613762
0.00604686
-4.69627e-06
-9.30782e-05
-0.000159643
-0.000211475
-0.000255238
-0.000290905
-0.000318478
-0.000338405
-0.000351099
-0.000356889
-0.000356057
-0.000348835
-0.000335411
-0.000315926
-0.000290482
-0.000259147
-0.000221956
-0.000178922
-0.000130035
-7.52705e-05
-1.45936e-05
5.20391e-05
0.000124674
0.000203359
0.000288136
0.000379043
0.000476108
0.000579349
0.000688767
0.000804348
0.000926058
0.00105384
0.00118761
0.00132726
0.00147265
0.00162359
0.00177988
0.00194128
0.00210749
0.0022782
0.00245304
0.00263162
0.00281348
0.00299816
0.00318512
0.0033738
0.00356359
0.00375384
0.00394386
0.0041329
0.00432019
0.00450492
0.00468625
0.00486331
0.00503524
0.00520116
0.0053602
0.00551153
0.00565433
0.00578786
0.0059114
0.00602434
0.00612614
0.00621633
0.00629455
0.00636055
0.00641418
0.00645541
0.00648433
0.00650113
0.00650612
0.00649971
0.0064824
0.00645476
0.00641738
0.00637087
0.00631633
0.00625487
0.00618069
0.00608719
-7.6443e-05
-0.00016706
-0.000235423
-0.000288765
-0.000333889
-0.000370762
-0.000399385
-0.000420224
-0.000433705
-0.000440173
-0.000439924
-0.000433206
-0.000420216
-0.000401103
-0.000375976
-0.000344905
-0.000307927
-0.000265053
-0.00021627
-0.000161548
-0.000100845
-3.41101e-05
3.87135e-05
0.000117682
0.000202851
0.000294269
0.000391977
0.000496006
0.00060637
0.000723069
0.000846081
0.000975361
0.00111084
0.00125241
0.00139996
0.00155329
0.00171223
0.00187653
0.0020459
0.00222005
0.0023986
0.00258117
0.00276731
0.00295653
0.0031483
0.00334205
0.00353714
0.00373291
0.00392863
0.00412352
0.00431678
0.00450753
0.00469489
0.00487795
0.00505578
0.00522745
0.00539205
0.00554869
0.00569651
0.00583471
0.00596254
0.00607934
0.00618453
0.0062776
0.00635819
0.006426
0.0064809
0.00652285
0.00655195
0.00656842
0.00657262
0.00656499
0.00654608
0.00651655
0.00647703
0.00642819
0.00637123
0.00630733
0.00623058
0.00613425
-0.000158244
-0.000251086
-0.000321234
-0.000376073
-0.000422552
-0.000460627
-0.0004903
-0.000512051
-0.000526322
-0.000533474
-0.000533815
-0.000527604
-0.00051505
-0.000496309
-0.000471494
-0.000440677
-0.000403897
-0.000361162
-0.000312455
-0.00025774
-0.000196968
-0.00013008
-5.70087e-05
2.23127e-05
0.000107951
0.000199968
0.000298418
0.000403346
0.000514781
0.000632735
0.000757202
0.000888148
0.00102552
0.00116922
0.00131914
0.00147512
0.00163696
0.00180445
0.00197732
0.00215525
0.00233789
0.00252486
0.0027157
0.00290994
0.00310703
0.00330638
0.00350735
0.00370923
0.00391126
0.00411263
0.00431248
0.0045099
0.00470395
0.00489367
0.00507806
0.00525614
0.00542695
0.00558952
0.00574297
0.00588641
0.00601907
0.00614021
0.00624922
0.00634555
0.0064288
0.00649868
0.00655501
0.00659779
0.00662713
0.00664329
0.00664666
0.00663775
0.00661718
0.00658565
0.00654388
0.00649261
0.00643311
0.00636666
0.00628721
0.00618789
-0.000250199
-0.000345302
-0.000417253
-0.000473599
-0.000521441
-0.000560728
-0.000591459
-0.00061413
-0.000629201
-0.000637044
-0.000637981
-0.000632284
-0.000620169
-0.0006018
-0.000577293
-0.000546725
-0.000510131
-0.000467517
-0.000418863
-0.000364127
-0.000303252
-0.00023617
-0.000162804
-8.30744e-05
3.09694e-06
9.57862e-05
0.000195062
0.000300983
0.000413595
0.000532925
0.000658979
0.000791741
0.000931167
0.00107718
0.00122968
0.00138853
0.00155354
0.0017245
0.00190116
0.00208321
0.00227032
0.0024621
0.0026581
0.00285783
0.00306075
0.00326625
0.00347367
0.00368225
0.00389123
0.00409973
0.00430685
0.00451162
0.00471306
0.00491013
0.00510179
0.00528699
0.0054647
0.0056339
0.00579363
0.00594295
0.006081
0.00620702
0.00632031
0.00642029
0.00650653
0.00657871
0.00663666
0.00668039
0.00671002
0.00672587
0.00672838
0.00671813
0.00669579
0.00666215
0.00661799
0.00656414
0.00650194
0.00643277
0.00635046
0.00624795
-0.00035243
-0.000449861
-0.000523661
-0.000581545
-0.000630774
-0.000671293
-0.000703102
-0.000726711
-0.000742594
-0.00075114
-0.000752685
-0.000747509
-0.000735839
-0.000717844
-0.000693646
-0.000663321
-0.000626906
-0.000584403
-0.000535788
-0.000481012
-0.000420011
-0.000352706
-0.000279011
-0.000198834
-0.000112081
-1.86637e-05
8.15031e-05
0.000188494
0.000302369
0.000423172
0.000550927
0.000685632
0.00082726
0.000975753
0.00113102
0.00129294
0.00146135
0.00163605
0.0018168
0.00200331
0.00219525
0.00239223
0.00259383
0.00279954
0.00300881
0.00322102
0.00343546
0.00365138
0.00386794
0.00408425
0.00429934
0.00451219
0.00472175
0.00492694
0.00512663
0.00531972
0.0055051
0.00568168
0.0058484
0.00600428
0.00614836
0.00627981
0.00639788
0.00650193
0.0065915
0.00666625
0.00672601
0.00677079
0.00680078
0.00681633
0.00681793
0.00680623
0.006782
0.00674609
0.00669937
0.00664275
0.00657767
0.00650559
0.00642021
0.00631429
-0.000465081
-0.000564934
-0.000640652
-0.000700122
-0.000750778
-0.000792563
-0.000825477
-0.000850047
-0.000866764
-0.00087603
-0.000878196
-0.000873553
-0.000862336
-0.000844723
-0.000820838
-0.000790759
-0.000754522
-0.000712128
-0.000663546
-0.000608723
-0.000547585
-0.000480043
-0.000405999
-0.000325349
-0.000237986
-0.000143803
-4.27002e-05
6.54136e-05
0.000180617
0.00030297
0.000432515
0.000569268
0.00071322
0.000864331
0.00102253
0.00118772
0.00135974
0.00153842
0.00172354
0.00191482
0.00211195
0.00231455
0.00252218
0.00273435
0.00295048
0.00316995
0.00339202
0.00361591
0.00384073
0.00406555
0.00428934
0.00451104
0.00472953
0.00494364
0.0051522
0.00535401
0.00554789
0.00573266
0.00590717
0.00607033
0.00622112
0.00635861
0.00648199
0.00659056
0.00668382
0.00676142
0.00682319
0.00686916
0.00689957
0.0069148
0.00691543
0.00690218
0.0068759
0.00683752
0.00678803
0.00672841
0.00666021
0.006585
0.00649632
0.00638672
-0.000588323
-0.000690715
-0.000768432
-0.000829554
-0.000881691
-0.000924785
-0.000958841
-0.000984404
-0.00100198
-0.00101199
-0.00101479
-0.0010107
-0.000999952
-0.000982731
-0.000959169
-0.000929345
-0.000893295
-0.000851016
-0.000802474
-0.000747608
-0.000686336
-0.000618558
-0.000544164
-0.000463037
-0.000375052
-0.000280087
-0.000178025
-6.87562e-05
4.78152e-05
0.00017177
0.000303169
0.000442048
0.000588419
0.000742265
0.000903536
0.00107215
0.00124798
0.00143088
0.00162063
0.00181699
0.00201964
0.00222823
0.00244232
0.00266142
0.00288494
0.00311223
0.00334255
0.00357505
0.00380883
0.00404289
0.00427617
0.00450753
0.00473578
0.0049597
0.00517803
0.00538948
0.00559276
0.00578659
0.00596974
0.00614098
0.00629921
0.0064434
0.00657266
0.00668625
0.0067836
0.00686436
0.00692836
0.00697567
0.00700654
0.00702144
0.00702102
0.00700607
0.00697754
0.00693647
0.00688395
0.00682107
0.00674949
0.00667089
0.00657866
0.00646511
-0.000722348
-0.000827415
-0.00090723
-0.000970078
-0.00102376
-0.00106822
-0.00110346
-0.00113006
-0.00114852
-0.0011593
-0.00116277
-0.00115925
-0.00114899
-0.00113218
-0.00110895
-0.0010794
-0.00104356
-0.00100141
-0.000952929
-0.000898039
-0.000836651
-0.000768656
-0.000693928
-0.000612337
-0.000523741
-0.000428001
-0.000324981
-0.000214552
-9.65994e-05
2.898e-05
0.000162268
0.000303323
0.000452181
0.000608847
0.000773299
0.000945479
0.00112529
0.0013126
0.00150722
0.00170893
0.00191744
0.00213239
0.00235336
0.00257985
0.00281128
0.00304695
0.00328611
0.0035279
0.00377135
0.00401542
0.004259
0.00450089
0.00473983
0.00497451
0.00520357
0.00542564
0.0056393
0.00584316
0.00603585
0.00621605
0.00638251
0.00653412
0.0066699
0.00678903
0.00689093
0.00697519
0.00704169
0.00709048
0.00712188
0.00713643
0.00713483
0.00711801
0.007087
0.00704298
0.00698714
0.00692069
0.00684544
0.00676317
0.0066671
0.0065493
-0.000867368
-0.000975264
-0.00105729
-0.00112195
-0.00117725
-0.00122314
-0.00125962
-0.00128729
-0.00130669
-0.00131827
-0.00132243
-0.0013195
-0.00130975
-0.00129338
-0.00127052
-0.00124127
-0.00120566
-0.00116368
-0.00111528
-0.0010604
-0.000998937
-0.00093076
-0.000855736
-0.000773716
-0.000684543
-0.00058806
-0.00048411
-0.000372545
-0.000253226
-0.00012603
9.15068e-06
0.0001524
0.000303777
0.000463319
0.000631029
0.00080688
0.000990806
0.0011827
0.00138241
0.00158972
0.00180438
0.00202604
0.00225429
0.00248862
0.00272844
0.00297306
0.00322169
0.00347342
0.00372728
0.00398217
0.00423692
0.00449026
0.00474086
0.00498731
0.00522816
0.0054619
0.005687
0.00590192
0.00610516
0.00629525
0.00647083
0.00663065
0.00677365
0.00689895
0.00700588
0.00709406
0.00716332
0.00721378
0.00724578
0.00725992
0.00725703
0.00723812
0.00720437
0.00715708
0.00709759
0.00702724
0.00694799
0.00686173
0.00676151
0.00663915
-0.00102362
-0.00113451
-0.00121887
-0.00128544
-0.00134244
-0.00138983
-0.00142761
-0.0014564
-0.00147677
-0.00148919
-0.00149408
-0.00149178
-0.00148257
-0.00146667
-0.00144421
-0.0014153
-0.00137996
-0.00133818
-0.00128993
-0.00123511
-0.00117362
-0.00110532
-0.00103005
-0.000947663
-0.000857974
-0.000760805
-0.000655982
-0.000543334
-0.000422698
-0.000293925
-0.000156883
-1.14595e-05
0.000142436
0.00030487
0.000475879
0.000655469
0.000843609
0.00104022
0.00124519
0.00145833
0.00167941
0.00190809
0.00214398
0.00238657
0.00263528
0.00288939
0.00314809
0.00341047
0.00367549
0.00394203
0.00420885
0.00447461
0.0047379
0.00499722
0.00525097
0.00549753
0.00573521
0.00596233
0.00617721
0.00637823
0.00656389
0.00673282
0.00688384
0.00701599
0.00712855
0.00722109
0.00729345
0.00734576
0.00737842
0.00739212
0.00738778
0.00736655
0.00732975
0.00727885
0.00721534
0.00714071
0.00705707
0.00696648
0.00686177
0.00673448
-0.00119136
-0.00130543
-0.00139226
-0.00146084
-0.00151963
-0.00156859
-0.00160774
-0.00163771
-0.0016591
-0.0016724
-0.00167805
-0.00167642
-0.00166779
-0.0016524
-0.00163038
-0.00160185
-0.00156684
-0.00152533
-0.00147727
-0.00142258
-0.00136114
-0.00129279
-0.00121736
-0.00113469
-0.00104457
-0.000946804
-0.000841195
-0.000727549
-0.000605679
-0.000475408
-0.000336574
-0.000189033
-3.26628e-05
0.000132638
0.000306944
0.000490299
0.000682709
0.000884138
0.0010945
0.00131364
0.00154135
0.00177734
0.0020212
0.00227245
0.00253049
0.00279462
0.003064
0.0033377
0.00361466
0.00389371
0.00417354
0.00445275
0.00472984
0.00500318
0.00527104
0.00553165
0.00578316
0.00602369
0.00625141
0.00646451
0.00666134
0.00684039
0.00700034
0.00714014
0.007259
0.00735643
0.00743226
0.00748665
0.00752005
0.00753324
0.00752727
0.00750345
0.00746327
0.00740837
0.00734041
0.00726107
0.00717262
0.00707729
0.00696771
0.00683512
-0.00137088
-0.00148831
-0.00157775
-0.00164846
-0.00170914
-0.00175975
-0.00180033
-0.00183154
-0.001854
-0.00186823
-0.00187469
-0.00187377
-0.00186577
-0.00185093
-0.00182941
-0.00180132
-0.00176669
-0.00172551
-0.00167774
-0.00162326
-0.00156195
-0.00149365
-0.00141818
-0.00133533
-0.00124489
-0.00114664
-0.00104037
-0.00092585
-0.000802866
-0.000671213
-0.000530698
-0.000381142
-0.000222387
-5.42911e-05
0.000123261
0.000310355
0.000507041
0.000713324
0.000929155
0.00115442
0.00138895
0.00163245
0.00188457
0.00214482
0.00241262
0.00268726
0.00296792
0.00325363
0.0035433
0.00383573
0.00412956
0.0044233
0.00471534
0.00500393
0.0052872
0.00556318
0.00582985
0.00608515
0.00632703
0.00655351
0.00676275
0.00695305
0.00712298
0.00727135
0.00739727
0.0075002
0.00757994
0.00763665
0.00767088
0.00768351
0.00767573
0.00764901
0.00760506
0.00754572
0.00747284
0.00738828
0.00729453
0.00719401
0.00707911
0.00694079
-0.00156247
-0.00168347
-0.00177567
-0.00184861
-0.00191128
-0.00196364
-0.00200572
-0.00203823
-0.00206182
-0.00207704
-0.00208436
-0.00208419
-0.00207687
-0.00206264
-0.00204168
-0.00201409
-0.00197993
-0.00193917
-0.00189177
-0.00183761
-0.00177655
-0.00170842
-0.00163302
-0.00155013
-0.00145952
-0.00136094
-0.00125416
-0.00113892
-0.00101499
-0.000882111
-0.000740071
-0.000588651
-0.000427649
-0.000256883
-7.61908e-05
0.000114561
0.000315468
0.000526582
0.000747899
0.000979351
0.00122079
0.00147197
0.00173257
0.00200212
0.00228005
0.00256567
0.00285816
0.00315654
0.00345971
0.00376642
0.00407526
0.00438464
0.00469285
0.00499799
0.00529804
0.00559083
0.00587413
0.00614568
0.0064032
0.00664451
0.00686754
0.00707043
0.00725153
0.00740952
0.00754339
0.00765252
0.00773666
0.00779601
0.00783119
0.00784319
0.00783338
0.00780345
0.00775529
0.00769098
0.00761261
0.00752226
0.00742264
0.00731639
0.00719568
0.00705115
-0.00176646
-0.00189123
-0.00198636
-0.00206167
-0.00212643
-0.00218062
-0.00222429
-0.00225817
-0.00228294
-0.00229919
-0.00230742
-0.00230807
-0.00230148
-0.00228793
-0.00226759
-0.00224059
-0.00220698
-0.00216675
-0.00211982
-0.0020661
-0.00200542
-0.0019376
-0.00186243
-0.00177967
-0.00168906
-0.00159034
-0.00148324
-0.00136748
-0.00124279
-0.0011089
-0.000965545
-0.000812461
-0.000649407
-0.000476155
-0.000292491
-9.82315e-05
0.000106772
0.000322623
0.000549366
0.000786981
0.00103536
0.00129432
0.00156354
0.00184261
0.00213099
0.002428
0.00273284
0.00304454
0.00336198
0.00368387
0.00400873
0.00433492
0.00466056
0.00498363
0.00530191
0.00561305
0.00591459
0.00620402
0.00647884
0.00673661
0.00697504
0.007192
0.00738567
0.0075545
0.00769734
0.00781347
0.0079026
0.00796496
0.00800122
0.00801255
0.00800049
0.00796694
0.00791407
0.0078442
0.00775969
0.00766287
0.00755672
0.00744411
0.00731701
0.00716574
-0.0019832
-0.00211197
-0.00221018
-0.00228799
-0.00235496
-0.00241108
-0.00245642
-0.00249174
-0.00251776
-0.0025351
-0.0025443
-0.00254582
-0.00254003
-0.00252722
-0.00250759
-0.00248127
-0.00244831
-0.0024087
-0.00236238
-0.00230923
-0.00224909
-0.00218175
-0.00210698
-0.00202453
-0.00193413
-0.00183549
-0.0017283
-0.00161226
-0.00148708
-0.00135242
-0.001208
-0.00105351
-0.000888664
-0.000713173
-0.000526776
-0.000329232
-0.000120335
0.000100074
0.000332098
0.000575768
0.000831034
0.00109775
0.00137566
0.0016644
0.00196347
0.00227222
0.00258988
0.0029155
0.00324794
0.0035859
0.00392783
0.00427198
0.00461637
0.00495881
0.00529689
0.00562803
0.00594956
0.00625869
0.00655266
0.00682874
0.00708436
0.00731713
0.00752493
0.007706
0.007859
0.00798308
0.0080779
0.00814369
0.00818124
0.00819185
0.00817728
0.00813968
0.00808151
0.00800538
0.00791397
0.00780988
0.00769642
0.00757674
0.0074426
0.00728398
-0.00221306
-0.00234606
-0.00244754
-0.00252798
-0.00259729
-0.00265544
-0.00270253
-0.00273936
-0.0027667
-0.0027852
-0.00279543
-0.00279788
-0.00279296
-0.00278096
-0.00276212
-0.00273657
-0.00270437
-0.00266552
-0.00261995
-0.00256752
-0.00250808
-0.00244141
-0.00236725
-0.00228535
-0.00219539
-0.00209707
-0.00199006
-0.00187403
-0.00174864
-0.00161353
-0.00146836
-0.00131278
-0.00114646
-0.000969054
-0.000780239
-0.000579716
-0.000367217
-0.000142521
9.45375e-05
0.000344053
0.000606037
0.000880407
0.00116697
0.00146542
0.00177532
0.00209608
0.00242696
0.00276703
0.00311518
0.00347005
0.00383006
0.00419336
0.00455785
0.00492115
0.00528067
0.00563362
0.00597704
0.00630787
0.00662306
0.00691954
0.0071944
0.00744493
0.00766867
0.00786361
0.00802815
0.00816129
0.00826263
0.0083324
0.00837149
0.00838136
0.008364
0.00832186
0.0082577
0.00817451
0.00807529
0.00796303
0.00784136
0.00771377
0.00757183
0.00740515
-0.00245645
-0.00259393
-0.00269886
-0.00278209
-0.00285385
-0.00291414
-0.00296307
-0.00300149
-0.00303022
-0.00304993
-0.00306125
-0.0030647
-0.00306071
-0.00304962
-0.00303166
-0.00300698
-0.00297566
-0.0029377
-0.00289302
-0.0028415
-0.00278295
-0.00271715
-0.00264384
-0.00256272
-0.00247348
-0.00237578
-0.00226926
-0.00215356
-0.0020283
-0.0018931
-0.00174755
-0.00159128
-0.00142388
-0.00124495
-0.00105412
-0.000851017
-0.000635307
-0.000406701
-0.000164963
9.00718e-05
0.00035849
0.000640285
0.000935344
0.00124344
0.0015642
0.00189712
0.00224152
0.0025965
0.00296096
0.00333355
0.00371262
0.00409623
0.00448216
0.00486788
0.00525058
0.00562724
0.00599463
0.00634938
0.00668808
0.0070073
0.00730372
0.00757423
0.007816
0.00802667
0.00820437
0.00834791
0.00845679
0.00853122
0.00857218
0.00858132
0.00856088
0.00851364
0.00844272
0.00835153
0.00824349
0.00812197
0.00799105
0.00785458
0.00770395
0.00752841
-0.00271379
-0.00285602
-0.00296461
-0.00305078
-0.00312513
-0.00318767
-0.00323853
-0.00327862
-0.00330879
-0.00332978
-0.00334225
-0.00334677
-0.00334378
-0.00333367
-0.00331668
-0.00329299
-0.00326268
-0.00322575
-0.00318213
-0.00313169
-0.00307424
-0.00300955
-0.00293733
-0.00285728
-0.00276905
-0.00267229
-0.00256661
-0.00245162
-0.00232689
-0.00219201
-0.00204654
-0.00189002
-0.00172201
-0.00154206
-0.00134971
-0.00114452
-0.000926101
-0.000694078
-0.000448141
-0.000188043
8.63907e-05
0.000375244
0.0006785
0.000996027
0.00132756
0.00167266
0.00203074
0.00240096
0.00278225
0.00317325
0.00357227
0.00397732
0.00438604
0.00479574
0.00520344
0.00560585
0.00599944
0.00638053
0.00674528
0.00708985
0.00741044
0.00770347
0.00796567
0.00819425
0.00838704
0.00854259
0.00866024
0.00874019
0.00878349
0.00879196
0.00876815
0.00871518
0.00863664
0.0085364
0.00841836
0.00828637
0.00814497
0.00799849
0.00783812
0.00765274
-0.00298553
-0.00313281
-0.00324526
-0.00333454
-0.00341161
-0.00347652
-0.00352941
-0.00357124
-0.00360293
-0.00362526
-0.00363894
-0.00364457
-0.00364267
-0.00363361
-0.00361769
-0.0035951
-0.00356592
-0.00353018
-0.00348779
-0.00343864
-0.00338251
-0.00331917
-0.00324832
-0.00316964
-0.00308276
-0.0029873
-0.00288286
-0.00276899
-0.00264525
-0.00251117
-0.00236627
-0.00221005
-0.00204199
-0.00186159
-0.00166831
-0.00146166
-0.00124114
-0.00100633
-0.000756811
-0.000492251
-0.000212373
8.30136e-05
0.000394008
0.000720593
0.00106262
0.00141977
0.00179153
0.00217716
0.00257563
0.0029856
0.00340536
0.00383287
0.00426567
0.00470093
0.00513547
0.00556576
0.00598797
0.006398
0.0067916
0.00716442
0.00751211
0.00783056
0.00811595
0.00836503
0.0085752
0.00874469
0.00887266
0.00895923
0.0090055
0.00901348
0.00898603
0.00892671
0.0088396
0.00872913
0.00859976
0.00845587
0.00830259
0.00814475
0.00797336
0.00777693
-0.00327217
-0.00342479
-0.00354135
-0.00363391
-0.00371385
-0.00378124
-0.00383625
-0.0038799
-0.00391316
-0.00393689
-0.00395183
-0.00395865
-0.00395788
-0.00394996
-0.0039352
-0.00391382
-0.00388591
-0.00385151
-0.00381053
-0.00376287
-0.0037083
-0.00364657
-0.00357739
-0.00350041
-0.00341524
-0.00332149
-0.0032187
-0.00310643
-0.00298419
-0.00285146
-0.00270771
-0.00255239
-0.00238494
-0.00220475
-0.00201126
-0.00180387
-0.00158201
-0.00134517
-0.00109284
-0.000824587
-0.000540009
-0.000238793
7.9291e-05
0.000414365
0.000766417
0.00113526
0.0015205
0.0019215
0.00233729
0.00276659
0.00320771
0.00365857
0.00411663
0.00457898
0.00504222
0.00550259
0.00595592
0.00639771
0.0068232
0.00722747
0.00760557
0.00795274
0.00826454
0.00853715
0.00876745
0.00895327
0.0090935
0.0091881
0.00923821
0.00924602
0.00921476
0.00914846
0.00905177
0.00892976
0.00878754
0.00863013
0.0084633
0.00829249
0.00810854
0.00789953
-0.00357423
-0.00373252
-0.00385342
-0.00394945
-0.00403242
-0.00410241
-0.00415963
-0.00420517
-0.00424007
-0.00426524
-0.00428149
-0.00428953
-0.00428997
-0.00428325
-0.00426974
-0.00424967
-0.00422316
-0.00419025
-0.00415088
-0.00410491
-0.00405215
-0.00399232
-0.00392512
-0.00385019
-0.00376713
-0.00367551
-0.00357486
-0.0034647
-0.00334451
-0.00321374
-0.00307179
-0.00291807
-0.00275195
-0.00257277
-0.00237987
-0.0021726
-0.0019503
-0.00171235
-0.00145815
-0.00118714
-0.000898797
-0.000592662
-0.000268354
7.44074e-05
0.000435766
0.000815693
0.00121394
0.00162999
0.00206299
0.00251173
0.00297458
0.00344947
0.00393383
0.00442466
0.00491841
0.00541106
0.00589812
0.00637463
0.00683528
0.00727453
0.00768673
0.00806638
0.00840834
0.00870806
0.00896182
0.00916691
0.00932181
0.0094263
0.00948146
0.0094897
0.0094546
0.00938073
0.00927342
0.00913843
0.00898164
0.00880881
0.00862644
0.00844073
0.00824228
0.00801875
-0.00389224
-0.00405657
-0.00418208
-0.00428177
-0.00436793
-0.00444065
-0.00450018
-0.00454767
-0.00458425
-0.0046109
-0.00462849
-0.00463781
-0.00463949
-0.00463404
-0.00462186
-0.0046032
-0.00457822
-0.00454695
-0.00450936
-0.00446532
-0.00441461
-0.00435697
-0.00429208
-0.00421957
-0.00413903
-0.00405
-0.00395201
-0.00384453
-0.003727
-0.00359884
-0.00345942
-0.00330807
-0.0031441
-0.00296681
-0.00277546
-0.00256929
-0.00234758
-0.00210961
-0.00185465
-0.00158202
-0.00129106
-0.000981151
-0.000651735
-0.00030236
6.73007e-05
0.000457395
0.000867848
0.0012983
0.00174805
0.002216
0.00270063
0.00319993
0.00371137
0.00423188
0.00475779
0.00528487
0.00580827
0.00632256
0.00682186
0.00729991
0.00775033
0.00816676
0.00854322
0.00887432
0.00915555
0.00938352
0.00955617
0.00967295
0.00973487
0.00974449
0.00970577
0.00962387
0.00950485
0.00935532
0.00918201
0.00899153
0.0087913
0.00858831
0.00837298
0.00813243
-0.0042268
-0.00439756
-0.00452797
-0.00463154
-0.00472105
-0.00479662
-0.00485855
-0.00490806
-0.00494636
-0.00497452
-0.00499348
-0.00500408
-0.00500704
-0.00500291
-0.00499211
-0.00497496
-0.00495161
-0.00492214
-0.00488651
-0.0048446
-0.0047962
-0.00474105
-0.00467881
-0.00460912
-0.00453153
-0.00444559
-0.00435079
-0.00424659
-0.0041324
-0.00400758
-0.00387146
-0.00372333
-0.00356245
-0.00338802
-0.00319926
-0.00299533
-0.0027754
-0.00253865
-0.00228424
-0.00201135
-0.00171915
-0.00140686
-0.00107374
-0.000719134
-0.000342519
5.64572e-05
0.000477921
0.00092171
0.00138732
0.00187383
0.00237987
0.00290358
0.00344249
0.00399356
0.00455305
0.00511651
0.00567876
0.00623392
0.00677548
0.00729648
0.00778966
0.00824774
0.00866375
0.00903127
0.00934481
0.00960011
0.00979441
0.00992668
0.00999771
0.0100102
0.00996843
0.00987823
0.00974648
0.0095807
0.00938866
0.00917797
0.00895707
0.00873395
0.00849874
0.00823801
-0.00457856
-0.00475618
-0.0048918
-0.00499948
-0.00509252
-0.00517107
-0.00523547
-0.00528706
-0.00532711
-0.00535678
-0.00537711
-0.00538901
-0.00539325
-0.00539045
-0.0053811
-0.00536551
-0.00534391
-0.00531636
-0.00528286
-0.0052433
-0.00519746
-0.00514509
-0.00508585
-0.00501937
-0.0049452
-0.00486286
-0.00477183
-0.00467155
-0.00456139
-0.00444069
-0.00430872
-0.00416474
-0.00400794
-0.00383747
-0.00365247
-0.00345203
-0.00323523
-0.00300112
-0.00274877
-0.00247718
-0.00218538
-0.00187239
-0.00153729
-0.0011792
-0.000797372
-0.000391233
3.95802e-05
0.000495145
0.000975199
0.00147907
0.00200563
0.0025532
0.00311949
0.00370153
0.00429558
0.00489703
0.00550042
0.00609943
0.00668696
0.00725525
0.00779615
0.00830135
0.0087627
0.00917258
0.00952428
0.00981243
0.0100333
0.0101853
0.0102687
0.0102862
0.0102426
0.0101442
0.00999876
0.00981499
0.00960176
0.00936787
0.00912299
0.00887627
0.0086175
0.00833255
-0.00494819
-0.00513315
-0.00527433
-0.00538636
-0.00548312
-0.00556479
-0.00563175
-0.00568544
-0.00572724
-0.00575842
-0.00578009
-0.00579326
-0.00579878
-0.00579732
-0.00578942
-0.00577545
-0.00575566
-0.00573016
-0.00569894
-0.00566191
-0.00561888
-0.00556959
-0.00551369
-0.00545083
-0.00538054
-0.00530233
-0.00521567
-0.00511997
-0.00501459
-0.00489883
-0.00477193
-0.00463308
-0.00448145
-0.00431613
-0.00413618
-0.00394062
-0.00372843
-0.00349858
-0.00324998
-0.0029815
-0.00269201
-0.00238032
-0.00204531
-0.00168588
-0.00130104
-0.000889953
-0.000452001
1.31878e-05
0.000505652
0.00102504
0.00157052
0.00214072
0.00273361
0.00334638
0.00397535
0.00461587
0.00526227
0.00590783
0.00654489
0.00716494
0.00775888
0.00831723
0.00883053
0.00928972
0.00968662
0.0100144
0.0102682
0.0104454
0.0105457
0.0105716
0.010528
0.010422
0.0102623
0.0100587
0.00982165
0.00956115
0.0092884
0.00901393
0.00872706
0.00841282
-0.00533646
-0.0055293
-0.00567641
-0.00579306
-0.00589373
-0.00597864
-0.00604824
-0.00610405
-0.0061476
-0.00618024
-0.0062032
-0.00621759
-0.00622432
-0.00622416
-0.0062177
-0.00620536
-0.00618744
-0.00616406
-0.00613525
-0.00610094
-0.00606094
-0.006015
-0.00596279
-0.00590394
-0.005838
-0.00576447
-0.00568279
-0.00559237
-0.00549254
-0.00538258
-0.00526169
-0.00512904
-0.00498374
-0.00482483
-0.00465132
-0.00446216
-0.00425624
-0.00403242
-0.00378949
-0.00352619
-0.00324119
-0.00293314
-0.00260068
-0.00224249
-0.00185734
-0.0014441
-0.00100184
-0.000529869
-2.77756e-05
0.000504475
0.00106646
0.00165719
0.00227499
0.00291733
0.00358073
0.00426059
0.00495115
0.00564542
0.00633526
0.00701147
0.00766395
0.008282
0.00885466
0.00937122
0.00982172
0.0101976
0.0104923
0.0107019
0.0108252
0.0108643
0.0108239
0.0107118
0.0105377
0.0103128
0.010049
0.00975809
0.00945294
0.00914577
0.00882527
0.00847536
-0.00574418
-0.0059455
-0.00609897
-0.00622053
-0.00632532
-0.0064136
-0.00648588
-0.00654383
-0.00658907
-0.00662309
-0.00664725
-0.00666275
-0.00667061
-0.00667167
-0.00666659
-0.00665586
-0.0066398
-0.00661859
-0.00659229
-0.00656084
-0.00652407
-0.00648175
-0.00643355
-0.00637911
-0.00631797
-0.00624964
-0.00617356
-0.00608912
-0.00599563
-0.00589236
-0.00577849
-0.00565314
-0.00551539
-0.00536425
-0.00519868
-0.00501755
-0.0048197
-0.00460387
-0.00436875
-0.00411292
-0.00383491
-0.00353318
-0.00320615
-0.00285228
-0.00247006
-0.00205808
-0.00161506
-0.00113993
-0.000631858
-9.03336e-05
0.000484707
0.00109277
0.00173264
0.00240222
0.00309836
0.00381668
0.00455151
0.00529576
0.00604097
0.00677732
0.00749379
0.00817841
0.0088186
0.00940175
0.00991581
0.0103501
0.0106959
0.0109474
0.0111021
0.011161
0.0111288
0.0110134
0.0108256
0.0105783
0.0102849
0.0099594
0.00961666
0.00927094
0.00891008
0.00851655
-0.00617228
-0.00638273
-0.00654303
-0.00666982
-0.00677895
-0.00687073
-0.00694573
-0.00700577
-0.00705262
-0.00708791
-0.00711312
-0.00712958
-0.00713841
-0.00714055
-0.00713674
-0.00712754
-0.00711331
-0.00709428
-0.00707053
-0.00704205
-0.00700868
-0.0069702
-0.00692631
-0.00687664
-0.00682076
-0.00675816
-0.00668828
-0.00661051
-0.00652417
-0.00642849
-0.00632264
-0.00620573
-0.00607681
-0.00593487
-0.00577881
-0.00560748
-0.00541963
-0.00521392
-0.00498894
-0.00474315
-0.00447493
-0.00418256
-0.00386428
-0.00351831
-0.00314286
-0.00273623
-0.00229677
-0.00182299
-0.00131356
-0.000767457
-0.000184027
0.000436832
0.00109451
0.00178747
0.00251309
0.00326744
0.00404515
0.0048393
0.0056413
0.00644095
0.00722641
0.00798449
0.00870093
0.00936102
0.00995028
0.0104554
0.010865
0.0111709
0.0113682
0.0114565
0.0114397
0.0113258
0.0111266
0.0108565
0.010531
0.0101664
0.00978013
0.00938901
0.00897966
0.00853269
-0.00662175
-0.0068421
-0.00700974
-0.00714211
-0.0072558
-0.00735118
-0.00742893
-0.00749099
-0.00753932
-0.0075757
-0.00760175
-0.00761895
-0.00762854
-0.00763157
-0.00762885
-0.00762102
-0.00760852
-0.00759162
-0.00757043
-0.00754497
-0.00751512
-0.00748068
-0.00744135
-0.00739679
-0.00734657
-0.00729019
-0.00722711
-0.0071567
-0.00707829
-0.0069911
-0.0068943
-0.00678699
-0.00666821
-0.00653693
-0.00639204
-0.00623234
-0.00605654
-0.00586324
-0.00565094
-0.00541799
-0.00516266
-0.00488307
-0.00457728
-0.00424329
-0.00387908
-0.00348261
-0.00305186
-0.00258488
-0.00207984
-0.0015351
-0.000949367
-0.000321832
0.000347623
0.00105822
0.00180807
0.00259394
0.0034111
0.00425308
0.00511156
0.0059762
0.00683462
0.00767257
0.00847415
0.00922245
0.00990029
0.0104912
0.0109805
0.0113565
0.0116114
0.0117423
0.0117516
0.0116469
0.0114407
0.0111487
0.0107892
0.0103809
0.00994458
0.00950005
0.0090325
0.00852014
-0.0070937
-0.0073248
-0.00750037
-0.00763868
-0.00775718
-0.00785627
-0.00793674
-0.00800072
-0.00805034
-0.00808755
-0.00811417
-0.00813181
-0.00814187
-0.00814549
-0.00814362
-0.00813696
-0.00812601
-0.00811111
-0.00809242
-0.00806999
-0.00804372
-0.00801344
-0.00797889
-0.00793972
-0.00789553
-0.00784584
-0.0077901
-0.0077277
-0.00765797
-0.00758015
-0.00749342
-0.00739687
-0.00728955
-0.00717043
-0.0070384
-0.00689224
-0.00673064
-0.00655216
-0.00635524
-0.00613817
-0.00589909
-0.00563603
-0.00534689
-0.0050295
-0.00468158
-0.0043008
-0.00388477
-0.00343109
-0.00293736
-0.00240133
-0.00182098
-0.00119473
-0.000521589
0.000198601
0.000964931
0.0017752
0.00262565
0.00351073
0.00442278
0.00535181
0.00628532
0.00720832
0.00810351
0.00895182
0.00973313
0.0104273
0.0110156
0.0114818
0.0118139
0.0120054
0.0120562
0.0119724
0.0117666
0.0114562
0.0110617
0.0106054
0.0101119
0.00960483
0.00906759
0.0084755
-0.00758937
-0.00783219
-0.00801635
-0.00816102
-0.00828456
-0.00838746
-0.0084706
-0.00853632
-0.00858696
-0.00862468
-0.0086515
-0.00866919
-0.00867932
-0.00868317
-0.00868179
-0.00867599
-0.00866634
-0.00865324
-0.0086369
-0.00861742
-0.00859473
-0.00856868
-0.00853905
-0.0085055
-0.00846764
-0.00842504
-0.00837714
-0.00832336
-0.00826304
-0.00819543
-0.00811974
-0.00803509
-0.00794053
-0.00783507
-0.0077176
-0.00758693
-0.00744174
-0.00728059
-0.00710189
-0.00690388
-0.00668467
-0.00644219
-0.00617425
-0.00587852
-0.00555253
-0.00519369
-0.00479926
-0.00436639
-0.00389216
-0.00337368
-0.00280819
-0.00219326
-0.0015269
-0.000807852
-3.57722e-05
0.000788503
0.00166265
0.00258252
0.00354171
0.00453121
0.005539
0.00654998
0.00754591
0.00850579
0.00940653
0.0102239
0.0109342
0.0115155
0.0119503
0.0122267
0.0123402
0.0122945
0.0121013
0.011779
0.0113509
0.010843
0.0102848
0.00970495
0.00908471
0.00839598
-0.00811016
-0.00836582
-0.0085593
-0.00871078
-0.00883962
-0.00894639
-0.00903209
-0.00909931
-0.00915062
-0.00918842
-0.00921495
-0.00923219
-0.00924188
-0.00924547
-0.00924413
-0.00923877
-0.00923006
-0.00921846
-0.00920424
-0.00918754
-0.00916833
-0.00914651
-0.00912185
-0.00909407
-0.00906279
-0.0090276
-0.00898797
-0.00894335
-0.00889308
-0.00883647
-0.00877275
-0.00870107
-0.00862055
-0.0085302
-0.00842899
-0.00831575
-0.00818921
-0.00804795
-0.00789038
-0.00771476
-0.00751918
-0.00730157
-0.00705968
-0.00679109
-0.0064932
-0.0061632
-0.00579806
-0.00539456
-0.00494928
-0.00445874
-0.00391946
-0.00332811
-0.00268165
-0.00197753
-0.0012139
-0.000389874
0.000494146
0.001436
0.00243128
0.00347275
0.0045498
0.00564807
0.0067492
0.00783084
0.00886714
0.00982958
0.0106886
0.0114154
0.0119849
0.0123779
0.0125834
0.0126005
0.0124383
0.0121157
0.0116585
0.011097
0.010467
0.00980313
0.00908479
0.00827976
-0.00865765
-0.00892742
-0.00913107
-0.00928985
-0.00942425
-0.00953492
-0.00962303
-0.0096914
-0.00974292
-0.00978024
-0.00980586
-0.00982201
-0.00983062
-0.00983332
-0.00983143
-0.00982597
-0.00981771
-0.0098072
-0.00979476
-0.00978056
-0.00976465
-0.00974693
-0.00972722
-0.00970525
-0.0096807
-0.00965316
-0.00962214
-0.00958712
-0.00954748
-0.00950256
-0.00945165
-0.00939397
-0.00932867
-0.00925485
-0.00917154
-0.00907764
-0.00897195
-0.00885311
-0.0087196
-0.00856974
-0.00840167
-0.00821336
-0.00800258
-0.00776691
-0.00750369
-0.00720999
-0.00688257
-0.00651793
-0.00611227
-0.0056616
-0.00516178
-0.0046086
-0.00399794
-0.00332584
-0.00258871
-0.00178359
-0.000908473
3.71571e-05
0.00105171
0.00213075
0.00326627
0.00444591
0.00565236
0.00686295
0.00804967
0.00917981
0.0102174
0.0111255
0.0118693
0.0124196
0.012756
0.0128701
0.0127662
0.0124619
0.011985
0.011371
0.0106628
0.00990348
0.00907021
0.00812637
-0.00923364
-0.009519
-0.00973377
-0.00990041
-0.0100406
-0.0101552
-0.0102454
-0.0103145
-0.0103656
-0.0104018
-0.0104257
-0.0104399
-0.0104467
-0.0104477
-0.0104445
-0.0104382
-0.0104298
-0.0104198
-0.0104087
-0.0103966
-0.0103837
-0.0103698
-0.0103549
-0.0103387
-0.010321
-0.0103012
-0.010279
-0.0102539
-0.0102254
-0.0101928
-0.0101554
-0.0101126
-0.0100636
-0.0100076
-0.00994375
-0.009871
-0.00978827
-0.00969432
-0.00958775
-0.00946697
-0.00933026
-0.00917571
-0.00900121
-0.00880441
-0.0085827
-0.00833315
-0.00805247
-0.00773698
-0.00738268
-0.0069852
-0.00653986
-0.00604171
-0.00548553
-0.00486591
-0.00417739
-0.00341459
-0.00257264
-0.00164764
-0.000637411
0.000457638
0.00163352
0.00288152
0.00418707
0.00552871
0.00687749
0.00819711
0.00944504
0.010575
0.0115403
0.0122986
0.0128164
0.0130736
0.0130665
0.0128087
0.0123291
0.0116681
0.0108778
0.0100116
0.0090452
0.00793716
-0.0098402
-0.0101429
-0.0103698
-0.0105449
-0.0106912
-0.0108096
-0.0109016
-0.0109708
-0.0110208
-0.0110548
-0.0110761
-0.0110874
-0.0110912
-0.0110896
-0.0110842
-0.0110763
-0.0110669
-0.0110567
-0.0110463
-0.0110358
-0.0110254
-0.011015
-0.0110047
-0.0109941
-0.010983
-0.010971
-0.0109578
-0.0109428
-0.0109257
-0.0109058
-0.0108826
-0.0108555
-0.0108238
-0.0107868
-0.0107437
-0.0106937
-0.0106359
-0.0105692
-0.0104922
-0.0104037
-0.0103021
-0.0101856
-0.0100525
-0.00990052
-0.00972725
-0.00952991
-0.00930531
-0.00904983
-0.00875943
-0.00842959
-0.0080553
-0.007631
-0.00715053
-0.00660708
-0.0059932
-0.00530093
-0.00452208
-0.00364872
-0.0026739
-0.00159264
-0.000403209
0.000891322
0.00228128
0.00374857
0.00526522
0.00679268
0.00828242
0.009678
0.010919
0.0119463
0.0127086
0.0131694
0.0133118
0.0131415
0.0126861
0.0119907
0.0111182
0.0101351
0.00901622
0.0077158
-0.0104797
-0.0108017
-0.0110421
-0.0112263
-0.0113789
-0.0115009
-0.0115942
-0.0116628
-0.0117105
-0.0117413
-0.0117587
-0.0117659
-0.0117655
-0.01176
-0.0117513
-0.0117406
-0.0117293
-0.0117181
-0.0117075
-0.0116979
-0.0116895
-0.0116822
-0.0116759
-0.0116706
-0.0116659
-0.0116616
-0.0116573
-0.0116526
-0.0116471
-0.0116403
-0.0116317
-0.0116208
-0.0116071
-0.01159
-0.0115689
-0.0115432
-0.011512
-0.0114744
-0.0114296
-0.0113762
-0.0113131
-0.0112389
-0.011152
-0.0110505
-0.0109325
-0.0107953
-0.0106362
-0.0104518
-0.0102383
-0.00999126
-0.00970563
-0.00937551
-0.008994
-0.00855304
-0.00804329
-0.0074541
-0.00677367
-0.00598943
-0.0050887
-0.00405971
-0.00289315
-0.00158417
-0.000134924
0.00144264
0.00312422
0.00487135
0.00663085
0.00833633
0.00991188
0.0112784
0.0123617
0.0131023
0.0134636
0.0134378
0.013047
0.0123399
0.0113911
0.0102835
0.00899272
0.00746919
-0.011155
-0.0114985
-0.0117538
-0.0119479
-0.012107
-0.0122324
-0.0123263
-0.0123931
-0.0124374
-0.0124636
-0.0124756
-0.012477
-0.012471
-0.0124602
-0.0124466
-0.012432
-0.0124176
-0.0124042
-0.0123926
-0.012383
-0.0123757
-0.0123707
-0.0123681
-0.0123675
-0.0123689
-0.012372
-0.0123764
-0.0123819
-0.0123879
-0.0123943
-0.0124005
-0.0124062
-0.0124111
-0.0124146
-0.0124164
-0.012416
-0.0124128
-0.0124062
-0.0123955
-0.0123798
-0.0123582
-0.0123299
-0.0122936
-0.012248
-0.0121915
-0.0121221
-0.0120376
-0.0119351
-0.0118114
-0.0116625
-0.0114835
-0.0112686
-0.0110105
-0.0107001
-0.0103264
-0.00987622
-0.00933392
-0.00868187
-0.00790078
-0.0069708
-0.00587313
-0.00459259
-0.0031209
-0.00146051
0.000371457
0.00233989
0.0043896
0.0064455
0.00841566
0.0101981
0.0116906
0.0128034
0.0134719
0.0136666
0.013398
0.012715
0.0117046
0.0104696
0.00898815
0.00720877
-0.0118691
-0.012237
-0.0125089
-0.0127135
-0.0128793
-0.0130077
-0.0131012
-0.013165
-0.0132043
-0.013224
-0.0132287
-0.0132226
-0.013209
-0.0131911
-0.0131711
-0.0131509
-0.0131319
-0.0131151
-0.0131012
-0.0130906
-0.0130835
-0.01308
-0.0130802
-0.0130838
-0.0130907
-0.0131007
-0.0131135
-0.0131288
-0.0131463
-0.0131657
-0.0131868
-0.0132093
-0.0132329
-0.0132575
-0.0132828
-0.0133085
-0.0133343
-0.0133598
-0.0133848
-0.0134087
-0.0134311
-0.0134517
-0.0134697
-0.0134845
-0.0134952
-0.0135006
-0.013499
-0.0134886
-0.0134669
-0.0134308
-0.013376
-0.0132971
-0.0131868
-0.0130355
-0.0128309
-0.0125573
-0.0121954
-0.0117224
-0.0111116
-0.010334
-0.00935959
-0.00816053
-0.00671503
-0.0050124
-0.00305843
-0.000880619
0.00146771
0.00390557
0.0063261
0.0086028
0.0106009
0.0121928
0.0132757
0.0137881
0.0137196
0.0131136
0.0120685
0.0107099
0.00902154
0.00695228
-0.0126261
-0.0130215
-0.0133119
-0.0135279
-0.0137004
-0.0138311
-0.013923
-0.0139821
-0.0140143
-0.0140254
-0.0140205
-0.0140044
-0.0139811
-0.0139539
-0.0139255
-0.0138978
-0.0138725
-0.0138507
-0.0138331
-0.0138201
-0.0138121
-0.0138091
-0.0138112
-0.0138181
-0.0138298
-0.0138461
-0.0138666
-0.0138913
-0.0139198
-0.0139521
-0.0139878
-0.0140269
-0.0140693
-0.014115
-0.0141639
-0.014216
-0.0142713
-0.0143297
-0.0143913
-0.0144562
-0.0145244
-0.0145961
-0.0146714
-0.0147503
-0.0148328
-0.0149186
-0.0150072
-0.0150977
-0.0151889
-0.0152788
-0.0153643
-0.0154407
-0.0155013
-0.0155363
-0.0155327
-0.0154728
-0.0153339
-0.0150876
-0.0147
-0.0141318
-0.0133406
-0.0122838
-0.0109233
-0.00923151
-0.00719857
-0.00483934
-0.00220019
0.000636541
0.00355207
0.00639603
0.00899799
0.0111855
0.012807
0.0137559
0.0139884
0.0135327
0.0124953
0.0110268
0.00911942
0.00672596
-0.0134302
-0.0138571
-0.0141681
-0.0143965
-0.0145756
-0.0147077
-0.0147964
-0.0148485
-0.0148711
-0.0148707
-0.0148534
-0.0148246
-0.0147888
-0.0147497
-0.0147104
-0.014673
-0.0146394
-0.0146107
-0.0145877
-0.0145709
-0.0145606
-0.0145568
-0.0145596
-0.0145689
-0.0145844
-0.0146061
-0.0146337
-0.0146671
-0.014706
-0.0147504
-0.0148003
-0.0148556
-0.0149164
-0.0149829
-0.0150552
-0.0151335
-0.0152183
-0.0153097
-0.0154084
-0.0155147
-0.0156296
-0.0157538
-0.0158881
-0.0160337
-0.0161913
-0.0163618
-0.0165461
-0.0167446
-0.0169575
-0.0171844
-0.0174237
-0.0176719
-0.0179234
-0.0181689
-0.018395
-0.0185826
-0.018706
-0.0187318
-0.0186184
-0.0183161
-0.0177693
-0.0169191
-0.0157087
-0.0140907
-0.0120351
-0.00953888
-0.00663566
-0.00340294
3.39422e-05
0.00350406
0.00680111
0.00970272
0.0119984
0.0135216
0.0141791
0.0139704
0.0130022
0.0114504
0.00931831
0.00656744
-0.014287
-0.0147498
-0.0150841
-0.0153258
-0.0155113
-0.0156433
-0.0157266
-0.0157689
-0.0157786
-0.0157634
-0.0157301
-0.0156851
-0.0156334
-0.0155794
-0.0155263
-0.0154767
-0.0154323
-0.0153945
-0.0153642
-0.0153417
-0.0153274
-0.0153215
-0.0153237
-0.015334
-0.0153523
-0.0153784
-0.015412
-0.0154532
-0.0155017
-0.0155575
-0.0156208
-0.0156915
-0.01577
-0.0158565
-0.0159515
-0.0160555
-0.0161691
-0.016293
-0.0164282
-0.0165759
-0.0167374
-0.0169143
-0.0171085
-0.0173217
-0.0175562
-0.017814
-0.0180974
-0.0184085
-0.0187493
-0.0191211
-0.0195241
-0.0199567
-0.0204145
-0.0208895
-0.0213684
-0.0218312
-0.0222499
-0.0225862
-0.0227917
-0.0228062
-0.0225605
-0.0219788
-0.0209845
-0.0195078
-0.0174949
-0.0149206
-0.0117991
-0.00819615
-0.00423606
-0.000103854
0.00396178
0.00768706
0.0107943
0.0130428
0.0142706
0.0144296
0.0136141
0.0120215
0.00966795
0.00652936
-0.0152028
-0.0157072
-0.0160678
-0.0163236
-0.0165148
-0.016645
-0.0167198
-0.0167488
-0.0167415
-0.0167069
-0.0166534
-0.0165879
-0.0165165
-0.0164438
-0.0163735
-0.0163084
-0.0162505
-0.0162012
-0.0161612
-0.016131
-0.0161109
-0.016101
-0.0161011
-0.0161111
-0.0161308
-0.01616
-0.0161985
-0.0162463
-0.0163033
-0.0163695
-0.016445
-0.0165301
-0.0166251
-0.0167306
-0.0168472
-0.0169756
-0.0171169
-0.0172721
-0.0174428
-0.0176308
-0.0178379
-0.0180668
-0.01832
-0.0186007
-0.0189121
-0.0192577
-0.0196413
-0.0200669
-0.0205384
-0.0210592
-0.0216315
-0.0222558
-0.0229295
-0.0236461
-0.024393
-0.02515
-0.025887
-0.0265621
-0.0271196
-0.0274903
-0.0275918
-0.0273316
-0.0266129
-0.0253422
-0.0234403
-0.0208554
-0.0175773
-0.0136524
-0.00919501
-0.00439496
0.000484437
0.00512143
0.00916754
0.0122951
0.0142533
0.0149233
0.0143674
0.0127955
0.0102353
0.00668371
-0.0161856
-0.0167381
-0.0171285
-0.0173994
-0.0175953
-0.017721
-0.0177834
-0.0177941
-0.0177645
-0.0177054
-0.0176262
-0.0175351
-0.0174391
-0.0173433
-0.0172519
-0.0171677
-0.017093
-0.0170291
-0.0169768
-0.0169366
-0.0169086
-0.0168928
-0.0168889
-0.0168969
-0.0169165
-0.0169474
-0.0169894
-0.0170426
-0.0171067
-0.0171819
-0.0172683
-0.0173664
-0.0174765
-0.0175995
-0.017736
-0.0178872
-0.0180545
-0.0182393
-0.0184436
-0.0186699
-0.0189208
-0.0191997
-0.0195101
-0.0198563
-0.0202428
-0.0206745
-0.021157
-0.0216961
-0.0222977
-0.0229673
-0.0237095
-0.0245269
-0.0254192
-0.0263813
-0.027402
-0.028461
-0.029527
-0.0305544
-0.0314823
-0.0322325
-0.0327108
-0.0328091
-0.0324112
-0.0314004
-0.0296714
-0.0271441
-0.0237799
-0.0195989
-0.0146966
-0.00925626
-0.00355415
0.00204912
0.00713683
0.0112869
0.014141
0.0154827
0.0153161
0.0138468
0.011109
0.00712673
-0.0172447
-0.0178537
-0.018278
-0.0185647
-0.0187636
-0.0188809
-0.0189258
-0.018912
-0.0188534
-0.0187628
-0.0186513
-0.0185285
-0.0184021
-0.018278
-0.0181606
-0.0180532
-0.0179579
-0.0178761
-0.0178085
-0.0177555
-0.0177172
-0.0176932
-0.0176835
-0.0176876
-0.0177053
-0.0177362
-0.0177802
-0.0178371
-0.0179068
-0.0179895
-0.0180853
-0.0181946
-0.0183181
-0.0184567
-0.0186112
-0.0187832
-0.0189742
-0.0191862
-0.0194217
-0.0196837
-0.0199756
-0.0203015
-0.0206661
-0.0210744
-0.0215325
-0.0220467
-0.0226241
-0.0232726
-0.024
-0.024814
-0.0257216
-0.0267274
-0.0278334
-0.0290363
-0.030326
-0.0316827
-0.0330738
-0.0344514
-0.0357495
-0.0368826
-0.0377461
-0.0382182
-0.0381652
-0.0374491
-0.0359396
-0.0335285
-0.0301468
-0.0257842
-0.0205091
-0.0144866
-0.00799156
-0.00140918
0.00478561
0.0100765
0.0139838
0.0161663
0.0165381
0.0152748
0.0124048
0.00798403
-0.0183921
-0.0190678
-0.0195308
-0.0198336
-0.0200327
-0.0201365
-0.0201566
-0.0201103
-0.0200141
-0.0198835
-0.0197316
-0.0195694
-0.0194057
-0.019247
-0.0190982
-0.0189626
-0.0188424
-0.0187388
-0.0186526
-0.0185838
-0.0185323
-0.0184978
-0.0184799
-0.0184781
-0.018492
-0.0185212
-0.0185654
-0.0186243
-0.0186979
-0.0187862
-0.0188895
-0.0190083
-0.0191432
-0.0192952
-0.0194656
-0.0196558
-0.019868
-0.0201045
-0.0203682
-0.0206626
-0.020992
-0.0213611
-0.0217755
-0.0222415
-0.022766
-0.023357
-0.0240233
-0.0247743
-0.02562
-0.02657
-0.0276334
-0.028817
-0.0301245
-0.0315546
-0.0330981
-0.0347356
-0.0364336
-0.0381421
-0.0397911
-0.041289
-0.0425227
-0.0433588
-0.0436487
-0.0432363
-0.0419691
-0.0397127
-0.0363689
-0.0318949
-0.0263266
-0.0198011
-0.0125771
-0.00504604
0.0022758
0.00878737
0.0138823
0.0170718
0.018144
0.0172097
0.0142708
0.00941581
-0.0196426
-0.0203975
-0.020905
-0.0212236
-0.0214187
-0.0215015
-0.0214874
-0.0213978
-0.0212531
-0.0210717
-0.0208693
-0.0206585
-0.0204491
-0.0202485
-0.0200617
-0.0198923
-0.0197422
-0.0196126
-0.0195039
-0.0194159
-0.0193484
-0.0193007
-0.0192722
-0.0192623
-0.0192703
-0.0192957
-0.0193382
-0.0193973
-0.0194729
-0.019565
-0.0196739
-0.0198
-0.0199441
-0.0201073
-0.020291
-0.020497
-0.0207276
-0.0209854
-0.021274
-0.0215972
-0.02196
-0.0223678
-0.022827
-0.0233449
-0.0239297
-0.0245905
-0.0253375
-0.026182
-0.0271355
-0.0282096
-0.0294149
-0.0307602
-0.0322508
-0.0338864
-0.0356589
-0.0375488
-0.039522
-0.0415263
-0.0434885
-0.0453124
-0.0468776
-0.0480419
-0.0486449
-0.0485158
-0.0474838
-0.0453925
-0.042117
-0.0375838
-0.0317942
-0.0248506
-0.0169826
-0.00856946
-0.000146517
0.00761914
0.0140005
0.0183468
0.0202853
0.0198198
0.0168933
0.0116222
-0.0210147
-0.021865
-0.0224234
-0.0227567
-0.0229411
-0.0229924
-0.0229312
-0.0227842
-0.0225768
-0.0223312
-0.0220658
-0.0217952
-0.0215303
-0.0212791
-0.0210469
-0.0208371
-0.0206515
-0.020491
-0.0203556
-0.0202448
-0.020158
-0.0200942
-0.0200525
-0.020032
-0.020032
-0.0200516
-0.0200903
-0.0201477
-0.0202233
-0.0203173
-0.0204297
-0.0205612
-0.0207123
-0.0208844
-0.021079
-0.0212981
-0.0215441
-0.0218202
-0.0221301
-0.0224783
-0.0228701
-0.0233118
-0.0238104
-0.024374
-0.0250118
-0.0257343
-0.0265529
-0.02748
-0.0285289
-0.0297123
-0.0310424
-0.032529
-0.0341786
-0.0359918
-0.0379605
-0.0400649
-0.04227
-0.0445217
-0.0467441
-0.0488366
-0.050674
-0.0521071
-0.0529666
-0.0530705
-0.0522346
-0.0502851
-0.0470752
-0.0425043
-0.0365412
-0.0292513
-0.0208267
-0.0116181
-0.00215631
0.00685118
0.0145748
0.0201998
0.0231645
0.0233185
0.0205029
0.0148483
-0.0225326
-0.0234988
-0.0241156
-0.0244604
-0.024624
-0.0246289
-0.0245029
-0.02428
-0.0239918
-0.023665
-0.0233212
-0.0229772
-0.0226451
-0.0223332
-0.0220469
-0.0217893
-0.021562
-0.0213652
-0.0211985
-0.0210609
-0.0209513
-0.0208683
-0.0208108
-0.0207774
-0.020767
-0.0207788
-0.0208118
-0.0208654
-0.0209393
-0.0210332
-0.0211473
-0.0212819
-0.0214381
-0.0216169
-0.02182
-0.0220495
-0.0223083
-0.0225996
-0.0229275
-0.0232968
-0.0237134
-0.0241841
-0.0247164
-0.0253194
-0.026003
-0.0267786
-0.0276588
-0.0286569
-0.0297872
-0.0310636
-0.0324988
-0.0341035
-0.0358845
-0.0378424
-0.0399689
-0.0422433
-0.0446289
-0.0470698
-0.0494873
-0.0517776
-0.0538111
-0.055434
-0.0564703
-0.0567307
-0.0560211
-0.0541554
-0.0509704
-0.0463443
-0.040218
-0.0326219
-0.0237082
-0.0137879
-0.00336686
0.00683583
0.0159159
0.0229068
0.0270418
0.0279712
0.0253804
0.0193888
-0.0242277
-0.0253363
-0.0260198
-0.0263697
-0.0264971
-0.0264344
-0.0262195
-0.0258962
-0.0255036
-0.0250743
-0.0246333
-0.0241996
-0.0237863
-0.0234019
-0.0230517
-0.0227382
-0.0224622
-0.0222233
-0.0220203
-0.0218517
-0.0217157
-0.0216105
-0.0215344
-0.0214856
-0.0214629
-0.0214647
-0.0214902
-0.0215384
-0.0216087
-0.0217008
-0.0218148
-0.021951
-0.0221103
-0.0222938
-0.0225034
-0.0227413
-0.0230103
-0.0233141
-0.0236569
-0.024044
-0.0244815
-0.0249765
-0.0255375
-0.0261737
-0.026896
-0.0277164
-0.0286482
-0.0297054
-0.0309029
-0.0322549
-0.0337745
-0.0354724
-0.0373551
-0.0394225
-0.0416651
-0.0440607
-0.0465707
-0.0491366
-0.0516771
-0.0540853
-0.0562286
-0.057948
-0.0590646
-0.0593836
-0.0587046
-0.0568333
-0.0535953
-0.0488536
-0.0425278
-0.0346193
-0.025243
-0.0146667
-0.00335699
0.00798143
0.0184025
0.0268137
0.0322425
0.0341027
0.0318634
0.0255932
-0.0261419
-0.0274275
-0.0281863
-0.0285295
-0.0285971
-0.0284364
-0.0280994
-0.0276431
-0.0271161
-0.0265575
-0.0259963
-0.0254534
-0.0249427
-0.0244725
-0.0240472
-0.0236686
-0.0233364
-0.0230492
-0.0228049
-0.0226011
-0.0224352
-0.0223048
-0.0222075
-0.0221412
-0.0221041
-0.0220944
-0.0221107
-0.022152
-0.0222174
-0.0223064
-0.0224189
-0.0225553
-0.0227163
-0.0229032
-0.0231177
-0.0233622
-0.0236397
-0.0239538
-0.0243092
-0.0247111
-0.0251662
-0.0256819
-0.0262669
-0.0269311
-0.0276857
-0.0285431
-0.0295171
-0.0306221
-0.0318727
-0.0332833
-0.0348667
-0.0366327
-0.0385868
-0.0407277
-0.043044
-0.045511
-0.0480874
-0.050712
-0.0533003
-0.0557426
-0.0579026
-0.0596189
-0.060709
-0.0609747
-0.0602115
-0.0582199
-0.0548185
-0.04986
-0.0432496
-0.0349676
-0.0250984
-0.01387
-0.00170447
0.0107267
0.0224673
0.0323326
0.0391601
0.0421041
0.0403539
0.033872
-0.0283326
-0.0298411
-0.0306826
-0.030998
-0.0309693
-0.0306666
-0.0301622
-0.0295296
-0.0288296
-0.0281084
-0.0273991
-0.0267241
-0.0260972
-0.025526
-0.0250136
-0.0245602
-0.024164
-0.0238222
-0.0235316
-0.0232884
-0.0230894
-0.0229311
-0.0228105
-0.022725
-0.022672
-0.0226495
-0.0226556
-0.0226891
-0.0227487
-0.0228339
-0.0229443
-0.0230801
-0.0232421
-0.0234315
-0.0236501
-0.0239002
-0.024185
-0.0245082
-0.0248744
-0.0252893
-0.0257597
-0.0262931
-0.0268988
-0.0275866
-0.0283682
-0.0292561
-0.030264
-0.0314062
-0.032697
-0.0341502
-0.0357774
-0.0375874
-0.0395839
-0.0417634
-0.0441117
-0.0466013
-0.0491874
-0.0518054
-0.0543674
-0.0567602
-0.0588443
-0.0604556
-0.0614086
-0.0615022
-0.0605289
-0.0582851
-0.0545849
-0.0492741
-0.0422491
-0.0334762
-0.0230187
-0.0110733
0.00197943
0.0155094
0.0285743
0.0399322
0.0482578
0.0524404
0.0513294
0.0447067
-0.0308807
-0.0326727
-0.0336002
-0.0338505
-0.0336691
-0.0331609
-0.0324264
-0.0315607
-0.0306385
-0.0297138
-0.028823
-0.0279891
-0.0272249
-0.0265362
-0.0259237
-0.0253854
-0.0249174
-0.0245152
-0.0241736
-0.0238878
-0.023653
-0.0234649
-0.0233197
-0.0232139
-0.0231444
-0.0231087
-0.0231045
-0.02313
-0.0231839
-0.0232652
-0.0233736
-0.023509
-0.0236722
-0.0238642
-0.0240869
-0.0243426
-0.0246344
-0.0249662
-0.0253428
-0.0257698
-0.0262542
-0.0268038
-0.0274278
-0.0281364
-0.0289409
-0.0298539
-0.0308887
-0.032059
-0.0333785
-0.0348596
-0.0365126
-0.0383443
-0.0403561
-0.0425414
-0.0448829
-0.047349
-0.0498913
-0.0524409
-0.0549061
-0.0571699
-0.0590894
-0.060497
-0.0612042
-0.0610068
-0.0596939
-0.0570578
-0.052908
-0.0470855
-0.0394798
-0.030049
-0.0188434
-0.00603821
0.00801713
0.0227322
0.037191
0.0501216
0.0600672
0.0656605
0.0653591
0.0586675
-0.0339041
-0.0360598
-0.0370654
-0.0371851
-0.0367634
-0.0359579
-0.0349072
-0.0337336
-0.0325272
-0.031349
-0.0302375
-0.0292145
-0.02829
-0.0274662
-0.0267406
-0.0261078
-0.0255612
-0.0250935
-0.0246977
-0.024367
-0.0240952
-0.0238769
-0.0237069
-0.0235812
-0.0234958
-0.0234477
-0.0234341
-0.0234527
-0.023502
-0.0235807
-0.0236882
-0.0238245
-0.02399
-0.0241858
-0.0244136
-0.0246759
-0.0249756
-0.0253168
-0.0257043
-0.0261437
-0.0266422
-0.0272076
-0.027849
-0.0285765
-0.0294013
-0.0303354
-0.0313916
-0.0325827
-0.033921
-0.0354173
-0.0370801
-0.0389136
-0.0409161
-0.0430776
-0.0453767
-0.0477775
-0.050227
-0.0526519
-0.054956
-0.057018
-0.0586909
-0.0598035
-0.0601631
-0.0595617
-0.0577835
-0.0546155
-0.0498613
-0.0433551
-0.03498
-0.0246868
-0.0125177
0.00136655
0.0166339
0.032726
0.0487527
0.0634268
0.0751832
0.0824117
0.0831313
0.076448
-0.0375823
-0.0402043
-0.041254
-0.0411289
-0.0403304
-0.0390944
-0.0376102
-0.0360314
-0.0344637
-0.0329728
-0.031596
-0.0303508
-0.0292419
-0.028266
-0.0274155
-0.0266804
-0.0260501
-0.0255143
-0.025063
-0.0246875
-0.0243796
-0.0241324
-0.0239398
-0.0237963
-0.0236976
-0.0236396
-0.0236191
-0.0236336
-0.0236809
-0.0237596
-0.0238689
-0.0240085
-0.0241788
-0.0243807
-0.024616
-0.024887
-0.0251968
-0.0255493
-0.0259493
-0.0264028
-0.0269165
-0.0274985
-0.0281576
-0.0289036
-0.0297472
-0.0306999
-0.0317733
-0.0329792
-0.0343282
-0.0358292
-0.0374881
-0.039306
-0.0412778
-0.0433894
-0.0456147
-0.0479133
-0.0502269
-0.0524775
-0.054564
-0.0563602
-0.0577145
-0.058451
-0.0583725
-0.0572651
-0.0549068
-0.051077
-0.04557
-0.0382101
-0.0288697
-0.0174891
-0.00410075
0.0111425
0.0279252
0.0457078
0.0636193
0.0803563
0.0942535
0.103458
0.105498
0.0989303
-0.0422014
-0.0454119
-0.0464131
-0.0458436
-0.0444553
-0.0425972
-0.0405208
-0.0384128
-0.0363903
-0.0345183
-0.0328274
-0.0313263
-0.0300105
-0.0288681
-0.0278842
-0.0270426
-0.0263277
-0.0257247
-0.0252207
-0.0248039
-0.0244643
-0.024193
-0.0239825
-0.0238263
-0.0237191
-0.0236562
-0.0236337
-0.0236487
-0.0236985
-0.0237817
-0.0238969
-0.0240439
-0.0242229
-0.0244347
-0.024681
-0.0249642
-0.0252872
-0.0256541
-0.0260697
-0.0265397
-0.0270711
-0.0276715
-0.0283495
-0.0291146
-0.0299768
-0.0309465
-0.0320344
-0.0332506
-0.0346039
-0.0361009
-0.0377443
-0.0395321
-0.041455
-0.0434944
-0.0456195
-0.0477845
-0.0499262
-0.0519611
-0.0537828
-0.05526
-0.0562359
-0.0565291
-0.0559368
-0.0542384
-0.0512033
-0.0466004
-0.040211
-0.0318438
-0.0213537
-0.0086626
0.00621497
0.0231424
0.041821
0.0617276
0.0820152
0.101351
0.117956
0.129702
0.133545
0.127309
-0.0482424
-0.0521558
-0.052889
-0.0515266
-0.0492182
-0.0464652
-0.0435861
-0.0407943
-0.0382081
-0.0358807
-0.0338271
-0.0320399
-0.0305001
-0.0291835
-0.0280648
-0.0271196
-0.0263255
-0.025663
-0.0251146
-0.0246657
-0.0243034
-0.0240172
-0.0237978
-0.0236376
-0.0235302
-0.0234703
-0.0234533
-0.0234758
-0.0235351
-0.023629
-0.0237563
-0.0239164
-0.0241095
-0.0243364
-0.0245986
-0.0248985
-0.0252392
-0.0256246
-0.0260595
-0.0265497
-0.0271018
-0.0277233
-0.0284224
-0.0292079
-0.030089
-0.0310752
-0.0321758
-0.0333991
-0.0347518
-0.0362377
-0.0378565
-0.0396023
-0.0414615
-0.0434109
-0.0454147
-0.0474218
-0.0493635
-0.0511508
-0.0526719
-0.0537899
-0.0543428
-0.0541431
-0.0529816
-0.05063
-0.0468472
-0.0413889
-0.034019
-0.0245244
-0.0127332
0.00146344
0.0180849
0.0370295
0.0580343
0.0806113
0.103936
0.126694
0.146945
0.162206
0.16871
0.163328
-0.0565646
-0.0611857
-0.0611571
-0.0583966
-0.0546621
-0.0506338
-0.0466812
-0.0430222
-0.0397535
-0.0368985
-0.0344421
-0.0323506
-0.030583
-0.0290976
-0.0278554
-0.0268212
-0.0259645
-0.0252594
-0.0246839
-0.0242194
-0.0238505
-0.0235644
-0.0233503
-0.0231994
-0.0231041
-0.0230586
-0.0230578
-0.0230978
-0.0231756
-0.0232888
-0.0234361
-0.0236167
-0.0238308
-0.0240792
-0.0243634
-0.0246857
-0.0250493
-0.0254581
-0.0259169
-0.0264313
-0.0270078
-0.0276534
-0.028376
-0.0291836
-0.0300846
-0.0310874
-0.0321996
-0.0334277
-0.0347762
-0.0362458
-0.037833
-0.0395278
-0.0413127
-0.0431595
-0.0450273
-0.04686
-0.0485833
-0.0501028
-0.0513011
-0.0520361
-0.0521401
-0.0514206
-0.0496609
-0.046624
-0.0420578
-0.0357023
-0.0273005
-0.016611
-0.00342523
0.012412
0.0309765
0.0522325
0.0759906
0.101845
0.129054
0.156344
0.181712
0.202164
0.212957
0.20973
-0.0687988
-0.0737017
-0.0718204
-0.0666251
-0.0607125
-0.054899
-0.0495441
-0.0448192
-0.0407584
-0.0373246
-0.0344515
-0.0320647
-0.0300919
-0.0284673
-0.0271343
-0.0260445
-0.0251578
-0.0244412
-0.0238674
-0.0234141
-0.0230632
-0.0227996
-0.0226111
-0.0224879
-0.0224217
-0.0224058
-0.0224351
-0.0225052
-0.022613
-0.022756
-0.0229329
-0.0231429
-0.0233861
-0.0236634
-0.0239763
-0.0243274
-0.0247197
-0.0251572
-0.0256446
-0.0261875
-0.0267919
-0.0274648
-0.0282132
-0.0290447
-0.0299666
-0.0309862
-0.0321095
-0.033341
-0.0346827
-0.0361326
-0.0376838
-0.0393225
-0.0410271
-0.0427648
-0.0444901
-0.0461416
-0.04764
-0.0488857
-0.0497564
-0.0501053
-0.0497592
-0.0485208
-0.0461668
-0.0424518
-0.0371119
-0.0298711
-0.0204491
-0.00857152
0.00601636
0.0235321
0.0441344
0.0678938
0.0947535
0.124468
0.156487
0.189733
0.222279
0.250703
0.268897
0.270857
-0.0881656
-0.0916065
-0.0855139
-0.0761625
-0.0670082
-0.0587739
-0.0516635
-0.0457032
-0.0407945
-0.0367924
-0.0335491
-0.0309307
-0.0288221
-0.0271278
-0.0257695
-0.0246846
-0.0238226
-0.0231433
-0.0226147
-0.0222112
-0.0219122
-0.0217013
-0.0215653
-0.0214934
-0.0214772
-0.0215098
-0.0215857
-0.0217008
-0.0218519
-0.0220367
-0.0222539
-0.0225029
-0.0227839
-0.0230978
-0.0234466
-0.0238327
-0.0242594
-0.0247306
-0.0252511
-0.0258262
-0.0264618
-0.0271644
-0.0279406
-0.0287973
-0.029741
-0.0307776
-0.0319116
-0.0331458
-0.0344796
-0.0359085
-0.0374224
-0.0390043
-0.0406286
-0.0422585
-0.0438441
-0.0453196
-0.0466012
-0.047585
-0.0481449
-0.0481302
-0.0473623
-0.0456407
-0.042737
-0.0383984
-0.0323509
-0.024303
-0.0139514
-0.000986573
0.0148978
0.0339949
0.0565714
0.0828495
0.11298
0.146993
0.184698
0.22548
0.267879
0.308435
0.339561
0.353047
-0.121202
-0.117761
-0.10271
-0.0865404
-0.0727264
-0.0613557
-0.0522028
-0.0449649
-0.0392912
-0.0348586
-0.0313992
-0.0286997
-0.0265933
-0.0249508
-0.023673
-0.0226834
-0.0219233
-0.0213474
-0.0209203
-0.0206146
-0.0204088
-0.0202859
-0.0202327
-0.0202386
-0.0202953
-0.0203961
-0.0205361
-0.0207114
-0.0209191
-0.0211574
-0.0214252
-0.0217222
-0.0220489
-0.0224066
-0.0227973
-0.0232238
-0.0236894
-0.0241982
-0.0247548
-0.0253646
-0.0260333
-0.0267669
-0.0275718
-0.0284542
-0.0294197
-0.0304733
-0.0316179
-0.0328547
-0.0341811
-0.0355903
-0.0370697
-0.0385993
-0.0401504
-0.0416829
-0.0431433
-0.0444622
-0.0455525
-0.0463074
-0.0465974
-0.0462685
-0.0451436
-0.0430149
-0.0396518
-0.0347975
-0.0281703
-0.0194665
-0.00836264
0.00548299
0.022428
0.0428455
0.0671262
0.0956821
0.12895
0.167386
0.21141
0.2613
0.316757
0.374908
0.428085
0.465996
-0.183336
-0.155423
-0.12243
-0.0959411
-0.0759384
-0.0609372
-0.0498297
-0.0416432
-0.0355893
-0.0310893
-0.0277294
-0.0252123
-0.023323
-0.0219064
-0.0208492
-0.0200683
-0.0195021
-0.0191043
-0.01884
-0.0186827
-0.0186121
-0.0186123
-0.0186714
-0.0187798
-0.0189302
-0.0191172
-0.0193364
-0.0195848
-0.0198602
-0.0201614
-0.0204878
-0.0208397
-0.0212179
-0.0216242
-0.0220607
-0.0225307
-0.0230375
-0.0235856
-0.0241794
-0.0248244
-0.025526
-0.0262902
-0.027123
-0.0280301
-0.0290166
-0.0300865
-0.0312417
-0.0324821
-0.0338036
-0.0351978
-0.0366503
-0.0381391
-0.0396331
-0.04109
-0.0424539
-0.0436534
-0.0445994
-0.0451835
-0.0452751
-0.0447196
-0.0433379
-0.0409227
-0.0372427
-0.0320395
-0.0250278
-0.0158966
-0.00430883
0.0101011
0.0277317
0.0490252
0.0744879
0.104726
0.140502
0.182824
0.233042
0.292958
0.364554
0.447616
0.538706
0.632938
-0.318975
-0.203539
-0.13338
-0.0944883
-0.0693803
-0.0523906
-0.0410356
-0.0333851
-0.0281089
-0.0244062
-0.0217859
-0.0199262
-0.0186093
-0.0176868
-0.0170555
-0.0166425
-0.016395
-0.0162748
-0.0162535
-0.0163098
-0.0164278
-0.0165955
-0.0168039
-0.017046
-0.0173166
-0.0176121
-0.0179297
-0.0182676
-0.0186248
-0.0190009
-0.0193962
-0.0198116
-0.0202486
-0.0207093
-0.0211966
-0.0217137
-0.0222645
-0.0228535
-0.0234855
-0.0241657
-0.0248998
-0.0256937
-0.0265532
-0.0274839
-0.0284905
-0.0295766
-0.0307437
-0.0319909
-0.0333136
-0.0347028
-0.0361433
-0.0376124
-0.0390782
-0.0404976
-0.0418145
-0.0429572
-0.043837
-0.0443457
-0.0443531
-0.0437077
-0.04223
-0.0397165
-0.035938
-0.0306378
-0.0235317
-0.014308
-0.00262563
0.0118911
0.0296608
0.0511633
0.0769733
0.107821
0.144706
0.189101
0.243334
0.311247
0.398972
0.514623
0.675389
0.904085
-0.593765
-0.248613
-0.109587
-0.0646492
-0.0427091
-0.0294872
-0.0219628
-0.0177386
-0.0152394
-0.0137072
-0.012779
-0.0122488
-0.0119881
-0.0119153
-0.0119768
-0.012136
-0.0123669
-0.0126508
-0.0129743
-0.0133273
-0.0137026
-0.0140951
-0.0145009
-0.0149175
-0.0153433
-0.0157772
-0.016219
-0.0166688
-0.017127
-0.0175948
-0.0180734
-0.0185647
-0.019071
-0.0195952
-0.0201404
-0.0207106
-0.02131
-0.0219433
-0.0226156
-0.0233323
-0.0240993
-0.0249227
-0.0258084
-0.0267621
-0.0277888
-0.0288921
-0.0300737
-0.031333
-0.0326659
-0.0340639
-0.0355124
-0.0369896
-0.0384646
-0.0398958
-0.0412288
-0.0423942
-0.0433058
-0.0438587
-0.0439274
-0.0433603
-0.0419849
-0.0396029
-0.0359897
-0.0308935
-0.0240354
-0.0151092
-0.00377858
0.0103277
0.0276247
0.0485894
0.0737954
0.103977
0.140149
0.183855
0.237701
0.306688
0.401741
0.547304
0.807046
1.27429
)
;

boundaryField
{
    movingWall
    {
        type            zeroGradient;
    }
    fixedWalls
    {
        type            zeroGradient;
    }
    frontAndBack
    {
        type            empty;
    }
}


// ************************************************************************* //
