/*--------------------------------*- C++ -*----------------------------------*\
  =========                 |
  \\      /  F ield         | OpenFOAM: The Open Source CFD Toolbox
   \\    /   O peration     | Website:  https://openfoam.org
    \\  /    A nd           | Version:  7
     \\/     M anipulation  |
\*---------------------------------------------------------------------------*/
FoamFile
{
    version     2.0;
    format      ascii;
    class       volScalarField;
    location    "0.125";
    object      p;
}
// * * * * * * * * * * * * * * * * * * * * * * * * * * * * * * * * * * * * * //

dimensions      [0 2 -2 0 0 0 0];

internalField   nonuniform List<scalar> 
6400
(
1.48954e-08
-4.39333e-05
-0.000137224
-0.000256175
-0.000383358
-0.00051286
-0.000639053
-0.00075728
-0.000863828
-0.000955811
-0.00103101
-0.00108782
-0.00112521
-0.00114258
-0.00113958
-0.00111602
-0.0010719
-0.00100744
-0.000922955
-0.000818802
-0.000695381
-0.000553171
-0.000392719
-0.000214564
-1.92093e-05
0.000192827
0.000420977
0.000664622
0.000923126
0.00119587
0.00148225
0.00178159
0.00209316
0.00241613
0.00274968
0.00309295
0.00344503
0.00380494
0.00417159
0.00454387
0.00492056
0.00530044
0.00568222
0.00606459
0.00644617
0.00682552
0.00720112
0.00757144
0.00793491
0.00828999
0.00863513
0.00896878
0.00928936
0.00959529
0.00988501
0.010157
0.0104099
0.0106425
0.0108534
0.0110416
0.0112062
0.0113463
0.0114614
0.011551
0.0116149
0.0116533
0.0116667
0.0116559
0.011622
0.0115666
0.0114919
0.0114004
0.0112957
0.0111818
0.0110642
0.0109492
0.0108449
0.010761
0.0107093
0.0106962
-1.47491e-05
-5.67383e-05
-0.000132807
-0.000228636
-0.000333091
-0.000440261
-0.000545235
-0.000643945
-0.00073306
-0.000809849
-0.000872133
-0.000918247
-0.000947019
-0.000957675
-0.000949703
-0.000922788
-0.000876818
-0.000811871
-0.000728117
-0.000625767
-0.000505119
-0.000366589
-0.000210636
-3.77004e-05
0.000151783
0.000357338
0.000578427
0.000814465
0.00106485
0.00132902
0.00160636
0.00189625
0.00219791
0.00251056
0.00283339
0.00316556
0.00350618
0.00385428
0.0042088
0.00456861
0.00493254
0.00529941
0.00566799
0.00603698
0.00640507
0.00677083
0.00713282
0.00748956
0.00783956
0.00818136
0.00851351
0.00883453
0.00914291
0.00943719
0.00971589
0.00997765
0.0102212
0.0104453
0.010649
0.0108312
0.0109912
0.0111282
0.0112418
0.0113317
0.0113977
0.0114403
0.01146
0.0114576
0.0114344
0.011392
0.0113326
0.0112586
0.0111732
0.0110804
0.0109848
0.0108917
0.0108076
0.0107394
0.0106959
0.010683
-5.9258e-06
-4.75678e-05
-0.000112825
-0.000194671
-0.000284901
-0.000377735
-0.000468714
-0.000554163
-0.00063102
-0.000696804
-0.000749494
-0.000787489
-0.000809603
-0.000814976
-0.000802988
-0.000773268
-0.000725666
-0.000660158
-0.000576788
-0.000475683
-0.00035709
-0.000221363
-6.88873e-05
9.99831e-05
0.000284874
0.000485334
0.000700836
0.000930829
0.00117477
0.00143211
0.0017023
0.00198466
0.00227846
0.00258291
0.00289723
0.00322063
0.00355221
0.00389101
0.00423598
0.00458601
0.00493997
0.0052967
0.00565502
0.00601367
0.00637135
0.00672667
0.00707822
0.00742459
0.00776435
0.0080961
0.00841844
0.00872995
0.00902919
0.00931473
0.0095852
0.00983931
0.0100759
0.0102938
0.0104921
0.01067
0.0108266
0.0109613
0.0110738
0.0111639
0.0112316
0.0112772
0.0113014
0.0113051
0.0112895
0.0112562
0.0112073
0.0111452
0.0110727
0.0109933
0.0109111
0.0108305
0.0107568
0.0106952
0.0106519
0.0106311
3.5705e-05
-1.3621e-05
-7.81297e-05
-0.000153969
-0.000236565
-0.000320957
-0.000403144
-0.000479814
-0.000548221
-0.000606115
-0.000651667
-0.000683452
-0.000700354
-0.000701488
-0.000686213
-0.000654154
-0.00060513
-0.000539039
-0.000455842
-0.00035563
-0.000238629
-0.00010514
4.45444e-05
0.000210142
0.000391305
0.000587585
0.00079848
0.00102349
0.00126212
0.00151386
0.00177815
0.00205431
0.00234162
0.00263932
0.00294667
0.00326288
0.00358709
0.00391832
0.00425552
0.00459762
0.00494353
0.00529214
0.00564228
0.00599271
0.00634214
0.00668923
0.0070326
0.00737088
0.0077027
0.0080267
0.00834151
0.00864573
0.00893797
0.00921686
0.00948108
0.0097294
0.0099607
0.010174
0.0103683
0.0105428
0.0106969
0.0108299
0.0109416
0.0110318
0.0111006
0.0111484
0.0111758
0.0111838
0.0111735
0.0111465
0.0111046
0.0110502
0.0109857
0.0109142
0.0108393
0.0107645
0.0106942
0.0106327
0.010583
0.0105471
0.000104082
3.86744e-05
-3.15942e-05
-0.000106863
-0.000186254
-0.000265855
-0.000342243
-0.000412659
-0.000474765
-0.000526558
-0.000566435
-0.00059315
-0.000605668
-0.000603154
-0.000585029
-0.000550941
-0.000500648
-0.000433978
-0.000350877
-0.000251436
-0.000135846
-4.33027e-06
0.000142897
0.000305593
0.000483418
0.000675933
0.000882679
0.00110321
0.00133709
0.00158381
0.00184279
0.00211337
0.00239485
0.00268651
0.00298764
0.00329747
0.00361513
0.00393964
0.00426997
0.00460509
0.00494395
0.00528548
0.00562852
0.00597186
0.0063142
0.00665424
0.00699065
0.00732209
0.00764722
0.00796473
0.00827324
0.0085714
0.00885784
0.00913122
0.00939028
0.00963384
0.00986083
0.0100703
0.0102613
0.0104331
0.0105851
0.0107167
0.0108277
0.010918
0.0109876
0.011037
0.0110669
0.0110781
0.0110717
0.0110493
0.0110124
0.0109632
0.010904
0.0108374
0.0107662
0.0106936
0.0106229
0.0105576
0.0104978
0.0104428
0.000186915
0.000102342
2.23992e-05
-5.6238e-05
-0.000136017
-0.000213926
-0.000287169
-0.000353587
-0.00041128
-0.000458606
-0.000494209
-0.000516958
-0.000525933
-0.000520432
-0.000499961
-0.000464167
-0.00041277
-0.000345583
-0.00026257
-0.000163822
-4.94761e-05
8.03225e-05
0.000225411
0.000385555
0.000560415
0.000749581
0.000952651
0.00116924
0.00139893
0.00164121
0.00189549
0.00216114
0.00243748
0.00272385
0.00301955
0.00332381
0.00363576
0.00395442
0.00427882
0.00460795
0.00494081
0.00527634
0.0056134
0.00595078
0.00628721
0.00662142
0.0069521
0.00727796
0.00759768
0.00790995
0.00821341
0.00850672
0.00878853
0.00905755
0.00931254
0.00955236
0.00977597
0.00998243
0.0101709
0.0103406
0.0104909
0.0106214
0.0107319
0.0108221
0.0108923
0.0109429
0.0109744
0.0109878
0.0109842
0.0109648
0.0109311
0.0108851
0.0108288
0.0107643
0.0106942
0.0106208
0.0105469
0.0104752
0.0104031
0.0103272
0.000275395
0.000170773
7.90542e-05
-5.55468e-06
-8.83196e-05
-0.000167016
-0.000239391
-0.000303819
-0.000358852
-0.000403217
-0.000435795
-0.000455612
-0.000461901
-0.000454108
-0.000431804
-0.000394634
-0.000342325
-0.000274727
-0.000191835
-9.37177e-05
1.95512e-05
0.000147885
0.000291134
0.000449057
0.000621322
0.000807569
0.00100746
0.00122066
0.00144673
0.00168516
0.00193537
0.00219677
0.00246871
0.00275057
0.00304166
0.00334119
0.00364831
0.00396206
0.0042815
0.00460569
0.00493363
0.00526429
0.00559652
0.00592913
0.00626087
0.00659049
0.00691672
0.00723828
0.00755387
0.00786217
0.00816184
0.00845153
0.00872991
0.00899572
0.00924773
0.00948485
0.00970603
0.00991034
0.010097
0.0102652
0.0104143
0.010544
0.010654
0.0107442
0.0108147
0.010866
0.0108986
0.0109134
0.0109113
0.0108935
0.0108615
0.0108169
0.0107613
0.0106969
0.0106254
0.0105489
0.0104697
0.0103899
0.0103043
0.0102075
0.000362947
0.000238457
0.000134023
4.18947e-05
-4.56063e-05
-0.000126877
-0.000200123
-0.000264198
-0.000318071
-0.000360765
-0.000391387
-0.000409188
-0.000413592
-0.000404149
-0.000380472
-0.000342238
-0.000289232
-0.000221366
-0.000138647
-4.11015e-05
7.12518e-05
0.000198343
0.000340008
0.000495999
0.000666021
0.000849774
0.00104697
0.00125729
0.00148027
0.00171542
0.00196218
0.00221999
0.00248826
0.00276636
0.00305362
0.00334926
0.00365241
0.00396217
0.00427764
0.0045979
0.00492199
0.00524887
0.00557741
0.00590641
0.00623465
0.0065609
0.00688391
0.00720242
0.00751512
0.00782068
0.00811776
0.008405
0.00868111
0.0089448
0.0091949
0.00943029
0.00964995
0.00985295
0.0100385
0.0102057
0.0103542
0.0104834
0.0105931
0.0106833
0.010754
0.0108056
0.0108388
0.0108541
0.0108526
0.0108353
0.0108036
0.0107587
0.0107024
0.0106362
0.0105617
0.0104804
0.0103944
0.0103054
0.0102061
0.0100892
0.000444498
0.000300927
0.000183609
8.31024e-05
-1.02911e-05
-9.53811e-05
-0.000170783
-0.000235792
-0.0002897
-0.000331774
-0.000361376
-0.000377998
-0.000381223
-0.000370677
-0.000346027
-0.000307032
-0.000253566
-0.000185585
-0.000103079
-6.03284e-06
0.000105551
0.000231582
0.00037188
0.000526213
0.00069434
0.000876018
0.00107098
0.00127889
0.0014993
0.00173171
0.00197562
0.00223049
0.00249579
0.00277088
0.00305508
0.00334762
0.00364766
0.00395435
0.00426682
0.00458418
0.00490547
0.00522966
0.00555561
0.00588214
0.00620805
0.00653213
0.00685314
0.0071698
0.0074808
0.0077848
0.00808045
0.00836639
0.00864132
0.00890399
0.00915319
0.00938781
0.00960683
0.0098093
0.00999438
0.0101613
0.0103096
0.0104387
0.0105483
0.0106385
0.0107092
0.0107609
0.0107941
0.0108094
0.0108077
0.0107899
0.0107573
0.0107111
0.0106526
0.0105833
0.0105044
0.0104173
0.0103236
0.0102248
0.010112
0.00997615
0.000516075
0.000354545
0.000224605
0.000115358
1.5389e-05
-7.44089e-05
-0.000152941
-0.000219844
-0.000274688
-0.000317003
-0.000346407
-0.000362579
-0.000365212
-0.000354015
-0.000328758
-0.00028931
-0.000235616
-0.000167645
-8.53616e-05
1.12597e-05
0.000122192
0.000247317
0.00038645
0.000539404
0.000705989
0.000885993
0.00107915
0.0012851
0.00150342
0.00173364
0.00197529
0.0022279
0.00249091
0.00276371
0.00304561
0.00333586
0.00363366
0.0039382
0.00424864
0.00456411
0.00488365
0.00520622
0.00553069
0.0058559
0.00618064
0.00650372
0.0068239
0.0071399
0.00745037
0.00775397
0.00804933
0.00833508
0.00860993
0.0088726
0.0091219
0.0093567
0.00957594
0.00977867
0.00996402
0.0101312
0.0102797
0.010409
0.0105188
0.010609
0.0106798
0.0107314
0.0107642
0.0107789
0.0107763
0.0107573
0.010723
0.0106743
0.0106127
0.0105392
0.010455
0.0103611
0.0102592
0.0101505
0.0100245
0.00987123
0.000574646
0.000396355
0.000254265
0.000136237
2.93231e-05
-6.57768e-05
-0.000148121
-0.000217609
-0.000274095
-0.000317374
-0.000347262
-0.000363562
-0.000366071
-0.000354617
-0.000329102
-0.00028949
-0.00023576
-0.000167878
-8.58063e-05
1.04509e-05
0.000120826
0.000245184
0.000383365
0.000535229
0.00070062
0.000879329
0.00107108
0.00127552
0.00149223
0.0017208
0.0019608
0.00221177
0.00247318
0.0027444
0.00302476
0.00331354
0.00360998
0.0039133
0.00422269
0.00453728
0.00485611
0.00517814
0.00550224
0.00582724
0.00615197
0.00647522
0.00679575
0.00711224
0.00742335
0.00772768
0.00802387
0.00831054
0.00858637
0.00885009
0.00910047
0.00933636
0.00955668
0.00976044
0.00994675
0.0101148
0.010264
0.0103939
0.0105041
0.0105945
0.0106652
0.0107165
0.0107487
0.0107624
0.0107584
0.0107375
0.0107005
0.0106487
0.010583
0.0105046
0.0104144
0.0103132
0.0102027
0.0100841
0.00994575
0.00977638
0.000617891
0.000423965
0.000270266
0.000143556
2.95435e-05
-7.11735e-05
-0.000157759
-0.000230352
-0.00028906
-0.000333882
-0.000364767
-0.000381632
-0.000384405
-0.000373059
-0.000347604
-0.000308062
-0.000254428
-0.000186675
-0.000104804
-8.86615e-06
0.000101037
0.000224778
0.000362237
0.000513305
0.000677836
0.000855609
0.00104634
0.00124969
0.00146528
0.00169275
0.00193169
0.00218167
0.00244214
0.00271249
0.00299207
0.0032802
0.00357616
0.0038792
0.00418853
0.00450326
0.00482243
0.00514499
0.00546981
0.00579575
0.00612161
0.00644619
0.00676822
0.00708637
0.00739925
0.00770545
0.00800358
0.00829226
0.00857014
0.00883593
0.00908838
0.00932629
0.00954854
0.00975411
0.00994205
0.0101116
0.010262
0.0103928
0.0105036
0.0105944
0.0106651
0.0107159
0.0107472
0.0107596
0.0107537
0.0107303
0.0106903
0.0106346
0.0105642
0.0104802
0.0103834
0.0102747
0.0101555
0.0100272
0.00987702
0.00969292
0.000643904
0.000435385
0.000270619
0.000135408
1.43146e-05
-9.2146e-05
-0.000183254
-0.000259352
-0.000320728
-0.000367507
-0.000399758
-0.000417535
-0.000420917
-0.000409999
-0.000384861
-0.000345553
-0.000292093
-0.000224496
-0.000142821
-4.71659e-05
6.23625e-05
0.000185661
0.000322641
0.000473202
0.000637187
0.000814364
0.00100445
0.00120714
0.00142211
0.00164902
0.00188749
0.00213709
0.00239729
0.00266748
0.00294706
0.00323537
0.00353175
0.00383546
0.0041457
0.00446157
0.00478212
0.00510628
0.00543293
0.00576093
0.00608907
0.00641614
0.00674083
0.00706178
0.00737758
0.0076868
0.007988
0.00827978
0.00856079
0.00882969
0.00908518
0.00932603
0.00955107
0.00975922
0.00994949
0.010121
0.0102731
0.0104053
0.0105171
0.0106083
0.010679
0.0107294
0.0107597
0.0107705
0.0107623
0.010736
0.0106923
0.0106322
0.0105567
0.0104666
0.0103629
0.0102463
0.0101185
0.00998067
0.00981937
0.00962174
0.000651074
0.000428925
0.000253648
0.000110204
-1.78717e-05
-0.000130138
-0.000225971
-0.000305851
-0.000370179
-0.000419191
-0.00045309
-0.000472084
-0.000476375
-0.000466137
-0.00044149
-0.000402515
-0.000349281
-0.000281868
-0.00020039
-0.000104965
4.31201e-06
0.000127364
0.000264109
0.000414437
0.000578172
0.00075508
0.000944902
0.00114737
0.00136221
0.0015891
0.00182768
0.00207752
0.0023381
0.00260885
0.00288921
0.00317856
0.00347625
0.00378156
0.00409368
0.0044117
0.00473466
0.00506149
0.00539107
0.00572224
0.00605381
0.00638452
0.00671303
0.00703794
0.00735782
0.00767119
0.0079766
0.00827261
0.00855784
0.00883089
0.00909044
0.00933517
0.00956386
0.00977538
0.00996869
0.0101429
0.0102972
0.0104311
0.0105442
0.0106361
0.010707
0.0107568
0.010786
0.0107949
0.0107842
0.0107546
0.0107069
0.010642
0.0105608
0.0104644
0.0103535
0.010229
0.0100925
0.00994541
0.00977356
0.00956339
0.000638109
0.000403185
0.000217943
6.65613e-05
-6.83904e-05
-0.000186501
-0.000287174
-0.000370982
-0.000438426
-0.00048987
-0.000525661
-0.000546132
-0.000551562
-0.000542171
-0.000518119
-0.000479543
-0.000426583
-0.000359383
-0.000278088
-0.000182812
-7.36339e-05
4.93746e-05
0.000186121
0.00033647
0.000500239
0.000677207
0.000867149
0.00106984
0.00128504
0.00151245
0.0017517
0.00200239
0.00226401
0.00253605
0.00281797
0.00310919
0.00340909
0.00371693
0.00403189
0.00435305
0.00467944
0.00501
0.0053436
0.00567907
0.0060152
0.0063507
0.00668418
0.00701423
0.00733935
0.00765804
0.00796882
0.00827022
0.00856078
0.00883907
0.00910369
0.00935327
0.00958652
0.00980223
0.00999931
0.0101768
0.0103339
0.01047
0.0105847
0.0106776
0.0107487
0.0107981
0.0108261
0.010833
0.0108196
0.0107864
0.0107343
0.0106643
0.0105772
0.0104741
0.0103559
0.0102233
0.0100781
0.00992206
0.00974012
0.00951819
0.00060401
0.000357021
0.000162276
3.20005e-06
-0.000138517
-0.000262448
-0.000367979
-0.000455773
-0.00052645
-0.000580505
-0.000618398
-0.000640537
-0.00064725
-0.0006388
-0.000615409
-0.000577292
-0.000524656
-0.000457683
-0.000376524
-0.000281284
-0.00017204
-4.88778e-05
8.80856e-05
0.000238698
0.00040278
0.000580142
0.0007706
0.000973967
0.00119001
0.00141845
0.00165894
0.00191107
0.00217441
0.00244846
0.00273273
0.00302667
0.00332965
0.00364092
0.00395966
0.00428494
0.00461577
0.0049511
0.00528981
0.0056307
0.00597252
0.00631396
0.00665359
0.00698994
0.0073215
0.00764671
0.00796406
0.00827201
0.00856906
0.00885371
0.00912447
0.00937991
0.00961864
0.00983941
0.010041
0.0102225
0.0103831
0.0105219
0.0106386
0.0107327
0.0108043
0.0108533
0.0108801
0.010885
0.0108686
0.0108317
0.010775
0.0106996
0.0106063
0.0104964
0.0103705
0.0102298
0.010076
0.00991108
0.00971936
0.00948622
0.000547941
0.000289433
8.55324e-05
-8.10367e-05
-0.000229381
-0.00035904
-0.000469403
-0.000561227
-0.000635252
-0.000692073
-0.000732218
-0.000756135
-0.000764205
-0.000756755
-0.000734089
-0.000696493
-0.000644214
-0.000577449
-0.000496346
-0.000401011
-0.000291539
-0.000168042
-3.06608e-05
0.000120449
0.000285132
0.000463234
0.000654609
0.00085909
0.00107646
0.00130644
0.00154871
0.00180291
0.00206862
0.00234541
0.00263282
0.0029303
0.00323721
0.0035528
0.00387624
0.00420659
0.00454286
0.00488401
0.0052289
0.00557632
0.00592498
0.00627351
0.00662046
0.00696433
0.00730354
0.0076365
0.00796164
0.00827738
0.00858212
0.00887428
0.0091523
0.00941465
0.00965987
0.00988661
0.0100936
0.0102799
0.0104445
0.0105866
0.0107057
0.0108015
0.0108738
0.0109227
0.0109483
0.0109511
0.0109317
0.0108909
0.0108294
0.0107483
0.0106487
0.0105316
0.010398
0.0102489
0.0100866
0.00991273
0.00971139
0.00946735
0.000469126
0.000199509
-1.32737e-05
-0.00018714
-0.00034196
-0.00047726
-0.000592445
-0.000688367
-0.000765848
-0.000825539
-0.000868007
-0.000893753
-0.000903227
-0.00089684
-0.000874967
-0.000837937
-0.000786016
-0.000719404
-0.000638252
-0.00054269
-0.000432842
-0.000308848
-0.000170857
-1.90072e-05
0.000146576
0.000325773
0.000518462
0.000724487
0.000943642
0.00117567
0.00142028
0.00167714
0.0019459
0.00222617
0.00251748
0.00281929
0.00313097
0.00345175
0.00378078
0.00411715
0.00445986
0.00480787
0.00516001
0.00551506
0.00587169
0.00622849
0.00658397
0.00693658
0.00728469
0.00762668
0.0079609
0.00828568
0.00859936
0.00890025
0.0091867
0.00945707
0.00970983
0.00994354
0.0101569
0.0103487
0.0105181
0.0106641
0.0107863
0.0108841
0.0109575
0.0110063
0.011031
0.0110317
0.0110093
0.0109644
0.0108979
0.010811
0.0107047
0.0105802
0.0104387
0.0102811
0.0101099
0.0099271
0.00971612
0.00946127
0.000366852
8.64409e-05
-0.000134992
-0.00031599
-0.00047718
-0.000618089
-0.000738133
-0.000838221
-0.000919222
-0.000981822
-0.00102664
-0.00105425
-0.00106519
-0.00105994
-0.00103891
-0.00100246
-0.000950857
-0.000884316
-0.000803012
-0.000707105
-0.000596753
-0.000472107
-0.000333305
-0.000180462
-1.36699e-05
0.000166977
0.000361366
0.000569351
0.000790743
0.00102531
0.00127281
0.00153296
0.00180544
0.00208989
0.00238585
0.00269278
0.00301002
0.00333683
0.00367235
0.00401567
0.00436581
0.00472171
0.00508218
0.00544598
0.00581174
0.006178
0.00654324
0.00690585
0.00726417
0.00761651
0.00796112
0.00829627
0.00862018
0.00893108
0.00922719
0.00950678
0.00976822
0.01001
0.0102306
0.0104289
0.0106039
0.0107546
0.0108804
0.0109808
0.0110555
0.0111047
0.0111284
0.0111272
0.0111017
0.0110526
0.010981
0.0108879
0.0107747
0.0106425
0.0104927
0.0103264
0.0101461
0.00995407
0.00973326
0.00946751
0.000240506
-5.04913e-05
-0.000280416
-0.000468461
-0.000635999
-0.000782543
-0.000907489
-0.00101178
-0.00109632
-0.00116184
-0.00120904
-0.00123857
-0.00125104
-0.00124698
-0.00122682
-0.00119092
-0.00113957
-0.00107302
-0.000991471
-0.000895121
-0.000784144
-0.000658685
-0.000518861
-0.000364757
-0.000196446
-1.40083e-05
0.000182451
0.000392798
0.000616871
0.000854482
0.00110543
0.00136947
0.00164632
0.00193563
0.00223696
0.00254974
0.00287334
0.003207
0.00354988
0.00390109
0.00425964
0.00462446
0.00499435
0.00536803
0.00574408
0.00612103
0.0064973
0.00687124
0.00724112
0.00760516
0.00796155
0.00830845
0.00864397
0.00896621
0.00927329
0.00956337
0.00983469
0.0100856
0.0103147
0.0105205
0.0107019
0.0108581
0.0109882
0.0110917
0.0111683
0.0112181
0.0112411
0.011238
0.0112093
0.0111559
0.0110789
0.0109795
0.010859
0.0107188
0.0105603
0.0103848
0.010195
0.00999342
0.00976246
0.00948551
8.94964e-05
-0.000212009
-0.000450384
-0.000645481
-0.000819403
-0.000971619
-0.00110149
-0.00120999
-0.00129807
-0.00136654
-0.00141618
-0.00144772
-0.00146178
-0.00145893
-0.00143961
-0.00140421
-0.00135305
-0.00128641
-0.00120455
-0.00110766
-0.000995933
-0.000869485
-0.000728412
-0.000572782
-0.000402653
-0.000218102
-1.92225e-05
0.000193874
0.000421063
0.000662205
0.000917137
0.00118566
0.00146751
0.00176234
0.00206971
0.00238906
0.00271976
0.00306108
0.0034122
0.00377221
0.00414015
0.00451492
0.00489532
0.00528002
0.00566758
0.00605648
0.00644509
0.00683171
0.00721454
0.00759172
0.00796133
0.00832142
0.00866998
0.00900499
0.00932444
0.00962637
0.00990889
0.0101703
0.0104089
0.0106233
0.0108123
0.0109747
0.0111099
0.0112171
0.0112961
0.0113468
0.0113695
0.0113645
0.0113327
0.0112749
0.0111923
0.0110861
0.010958
0.0108093
0.0106415
0.0104563
0.0102565
0.0100449
0.00980336
0.00951475
-8.68253e-05
-0.000398889
-0.000645777
-0.000847986
-0.00102834
-0.00118626
-0.00132106
-0.00143379
-0.00152546
-0.00159696
-0.00164912
-0.00168271
-0.00169839
-0.00169673
-0.00167821
-0.00164325
-0.00159224
-0.00152547
-0.00144321
-0.0013457
-0.00123307
-0.00110545
-0.000962896
-0.000805485
-0.000633265
-0.000446302
-0.000244672
-2.84533e-05
0.000202277
0.000447426
0.000706866
0.000980423
0.00126785
0.00156881
0.00188285
0.00220945
0.00254798
0.00289774
0.00325793
0.00362766
0.00400596
0.00439171
0.00478371
0.00518058
0.00558088
0.00598302
0.00638533
0.00678604
0.00718328
0.00757508
0.00795942
0.00833421
0.00869733
0.00904662
0.00937994
0.00969518
0.00999034
0.0102635
0.010513
0.0107372
0.0109348
0.0111046
0.0112457
0.0113573
0.0114393
0.0114914
0.0115138
0.0115072
0.0114722
0.0114098
0.0113213
0.0112081
0.0110717
0.010914
0.0107365
0.010541
0.0103306
0.0101084
0.00985566
0.00955476
-0.000289164
-0.000611937
-0.00086746
-0.00107686
-0.0012637
-0.00142736
-0.00156716
-0.00168419
-0.00177954
-0.00185416
-0.00190891
-0.00194458
-0.00196185
-0.00196135
-0.00194359
-0.00190905
-0.00185814
-0.00179119
-0.00170848
-0.00161021
-0.00149653
-0.00136754
-0.0012233
-0.00106388
-0.000889327
-0.000699682
-0.000494992
-0.000275295
-4.06203e-05
0.00020898
0.000473407
0.000752502
0.00104603
0.00135366
0.00167497
0.00200945
0.00235651
0.00271546
0.00308554
0.00346587
0.00385547
0.00425324
0.00465792
0.00506816
0.00548243
0.00589914
0.00631654
0.00673279
0.00714593
0.0075539
0.00795454
0.00834564
0.00872493
0.00909012
0.00943891
0.00976906
0.0100784
0.0103649
0.0106267
0.0108621
0.0110695
0.0112477
0.0113956
0.0115126
0.0115981
0.011652
0.0116747
0.0116664
0.0116282
0.0115611
0.0114664
0.0113457
0.0112007
0.0110334
0.0108455
0.010639
0.0104173
0.0101838
0.00991917
0.00960515
-0.000518228
-0.000851939
-0.00111625
-0.00133296
-0.00152639
-0.00169589
-0.0018408
-0.00196225
-0.00206139
-0.00213919
-0.00219656
-0.00223429
-0.00225315
-0.00225378
-0.00223677
-0.00220263
-0.00215179
-0.00208461
-0.00200135
-0.00190221
-0.00178733
-0.0016568
-0.00151069
-0.00134907
-0.00117197
-0.000979395
-0.00077136
-0.000547856
-0.000308869
-5.44188e-05
0.000215415
0.000500487
0.000800577
0.00111538
0.00144449
0.00178744
0.00214367
0.00251253
0.00289329
0.00328508
0.00368691
0.00409769
0.00451616
0.00494092
0.00537043
0.00580304
0.00623695
0.00667024
0.00710083
0.00752657
0.00794516
0.00835425
0.00875142
0.00913424
0.00950024
0.00984703
0.0101723
0.0104737
0.0107494
0.0109974
0.011216
0.0114039
0.0115598
0.0116829
0.0117728
0.0118292
0.0118523
0.0118428
0.0118014
0.0117294
0.0116282
0.0114996
0.0113454
0.0111678
0.0109688
0.0107505
0.0105168
0.0102712
0.00999373
0.00966552
-0.000774718
-0.00111966
-0.00139298
-0.00161717
-0.00181734
-0.00199287
-0.00214304
-0.00226904
-0.00237205
-0.00245308
-0.00251307
-0.00255288
-0.00257331
-0.00257509
-0.00255883
-0.00252508
-0.00247429
-0.0024068
-0.00232289
-0.00222275
-0.00210654
-0.00197434
-0.00182623
-0.00166225
-0.00148242
-0.0012867
-0.00107506
-0.000847461
-0.000603846
-0.000344211
-6.86201e-05
0.000222796
0.000529844
0.000852247
0.00118964
0.0015416
0.00190761
0.00228706
0.00267924
0.00308331
0.00349828
0.00392306
0.00435639
0.00479684
0.00524286
0.00569272
0.00614457
0.0065964
0.00704604
0.0074912
0.00792946
0.00835833
0.00877522
0.00917752
0.00956263
0.00992794
0.0102709
0.0105892
0.0108805
0.0111428
0.0113741
0.011573
0.0117382
0.0118685
0.0119636
0.0120231
0.0120473
0.0120367
0.0119922
0.0119152
0.0118073
0.0116703
0.0115064
0.0113179
0.0111069
0.010876
0.0106293
0.0103705
0.0100791
0.00973542
-0.00105935
-0.0014159
-0.00169852
-0.00193044
-0.00213761
-0.00231935
-0.00247495
-0.00260561
-0.00271256
-0.00279686
-0.00285949
-0.0029014
-0.00292345
-0.00292639
-0.0029109
-0.00287752
-0.00282672
-0.00275886
-0.00267422
-0.00257299
-0.00245535
-0.00232139
-0.00217117
-0.00200471
-0.001822
-0.00162295
-0.00140751
-0.00117557
-0.00092708
-0.000661999
-0.000380377
-8.23208e-05
0.000232011
0.000562388
0.0009085
0.00126996
0.00164631
0.00203698
0.00244129
0.00285842
0.0032874
0.00372715
0.00417639
0.00463369
0.00509746
0.00556592
0.00603716
0.00650907
0.00697939
0.00744569
0.00790543
0.00835595
0.0087945
0.0092183
0.00962455
0.0100104
0.0103732
0.0107103
0.0110192
0.0112976
0.0115434
0.0117549
0.0119307
0.0120695
0.0121708
0.0122343
0.0122601
0.0122488
0.0122014
0.0121194
0.0120045
0.0118587
0.0116844
0.0114841
0.0112604
0.0110158
0.0107549
0.0104819
0.0101751
0.0098143
-0.00137294
-0.00174157
-0.00203386
-0.00227381
-0.00248823
-0.00267641
-0.00283757
-0.002973
-0.00308397
-0.0031716
-0.00323695
-0.00328103
-0.00330474
-0.00330888
-0.00329415
-0.00326112
-0.00321026
-0.00314197
-0.00305652
-0.00295416
-0.00283505
-0.00269927
-0.00254688
-0.00237785
-0.00219214
-0.00198963
-0.00177021
-0.00153378
-0.00128024
-0.00100953
-0.000721682
-0.000416764
-9.48866e-05
0.000243778
0.000598976
0.000970374
0.00135756
0.00176003
0.00217713
0.00260807
0.00305189
0.00350753
0.00397372
0.004449
0.00493176
0.00542017
0.00591224
0.00640579
0.00689845
0.00738768
0.00787078
0.00834494
0.00880724
0.00925469
0.00968429
0.010093
0.0104778
0.0108359
0.0111645
0.0114611
0.0117233
0.0119492
0.0121372
0.012286
0.0123947
0.0124631
0.0124912
0.0124797
0.0124297
0.0123427
0.0122205
0.0120655
0.0118801
0.0116673
0.0114297
0.0111703
0.0108938
0.010605
0.0102813
0.00990151
-0.00171638
-0.00209763
-0.00240002
-0.00264833
-0.00287027
-0.00306508
-0.00323199
-0.00337231
-0.00348742
-0.00357849
-0.00364666
-0.00369298
-0.00371841
-0.00372377
-0.00370978
-0.00367707
-0.00362612
-0.00355736
-0.00347111
-0.0033676
-0.00324701
-0.0031094
-0.00295479
-0.00278314
-0.00259436
-0.0023883
-0.00216482
-0.0019238
-0.00166512
-0.00138869
-0.00109449
-0.000782562
-0.000452945
-0.000105745
0.000258846
0.000640555
0.00103903
0.00145381
0.00188429
0.00232971
0.00278916
0.00326157
0.00374568
0.00424004
0.00474299
0.00525268
0.00576703
0.0062838
0.00680052
0.00731452
0.00782296
0.00832286
0.00881112
0.00928455
0.00973988
0.0101738
0.0105832
0.0109647
0.0113154
0.0116324
0.0119132
0.0121556
0.0123577
0.012518
0.0126356
0.0127101
0.0127415
0.0127304
0.012678
0.012586
0.0124564
0.0122916
0.0120944
0.011868
0.0116153
0.0113396
0.0110461
0.0107398
0.0103973
0.00999636
-0.00209062
-0.00248511
-0.00279805
-0.00305507
-0.00328481
-0.0034865
-0.00365935
-0.00380475
-0.00392416
-0.00401882
-0.00408991
-0.00413855
-0.00416572
-0.0041723
-0.00415906
-0.00412664
-0.00407561
-0.00400641
-0.00391937
-0.00381474
-0.00369268
-0.00355324
-0.00339642
-0.00322213
-0.00303026
-0.00282063
-0.00259308
-0.00234747
-0.00208364
-0.00180147
-0.00150089
-0.00118187
-0.00084439
-0.000488481
-0.000114266
0.000278045
0.000688163
0.00111569
0.00156006
0.00202058
0.00249635
0.00298633
0.00348928
0.00400375
0.00452806
0.00506032
0.0055984
0.00613997
0.00668249
0.00722317
0.00775902
0.00828689
0.00880347
0.00930534
0.00978897
0.0102508
0.0106873
0.0110949
0.0114704
0.0118105
0.0121123
0.0123735
0.0125918
0.0127656
0.0128938
0.0129757
0.0130114
0.0130016
0.0129473
0.0128504
0.0127131
0.012538
0.0123282
0.012087
0.0118179
0.0115243
0.0112119
0.0108862
0.0105228
0.0100983
-0.00249666
-0.00290504
-0.00322903
-0.00349514
-0.00373301
-0.00394187
-0.00412093
-0.00427164
-0.00439554
-0.00449392
-0.00456802
-0.00461902
-0.00464796
-0.00465578
-0.00464329
-0.00461121
-0.00456013
-0.00449052
-0.00440275
-0.00429705
-0.00417357
-0.00403234
-0.00387333
-0.00369644
-0.00350153
-0.00328839
-0.00305686
-0.00280674
-0.00253784
-0.00224999
-0.00194306
-0.00161696
-0.00127157
-0.000906871
-0.000522895
-0.000119787
0.00030223
0.000742826
0.00120151
0.00167761
0.0021703
0.00267855
0.00320117
0.0037367
0.00428346
0.00483953
0.00540274
0.00597071
0.0065408
0.00711011
0.00767553
0.00823369
0.00878109
0.00931403
0.00982873
0.0103213
0.0107879
0.0112246
0.0116277
0.0119937
0.0123195
0.0126021
0.0128391
0.0130286
0.0131693
0.0132604
0.0133018
0.0132941
0.0132386
0.013137
0.0129917
0.0128058
0.0125824
0.0123252
0.0120381
0.0117247
0.0113915
0.0110444
0.0106576
0.0102067
-0.00293556
-0.00335855
-0.00369413
-0.00396977
-0.00421617
-0.00443256
-0.00461811
-0.00477437
-0.00490292
-0.00500514
-0.00508234
-0.00513575
-0.00516649
-0.00517557
-0.00516388
-0.00513219
-0.00508113
-0.00501119
-0.00492275
-0.00481605
-0.00469122
-0.00454827
-0.00438716
-0.00420778
-0.00400995
-0.00379346
-0.00355809
-0.00330363
-0.00302983
-0.00273645
-0.0024233
-0.0020902
-0.00173698
-0.0013635
-0.000969744
-0.000555766
-0.000121717
0.000332148
0.000805414
0.00129747
0.00180753
0.00233463
0.0028776
0.00343502
0.00400522
0.00458626
0.00517597
0.00577189
0.00637132
0.00697127
0.00756846
0.00815934
0.00874017
0.00930699
0.00985571
0.0103821
0.0108819
0.011351
0.0117851
0.0121803
0.0125331
0.0128401
0.0130987
0.0133066
0.0134621
0.0135643
0.0136131
0.0136088
0.0135527
0.0134468
0.0132936
0.0130962
0.0128582
0.0125838
0.0122769
0.0119418
0.0115856
0.0112146
0.0108019
0.0103213
-0.00340846
-0.00384685
-0.00419465
-0.00448032
-0.0047357
-0.00495998
-0.00515233
-0.00531436
-0.00544773
-0.0055539
-0.00563426
-0.00569013
-0.00572273
-0.00573314
-0.00572232
-0.0056911
-0.00564013
-0.00556996
-0.00548094
-0.00537332
-0.00524724
-0.0051027
-0.00493964
-0.00475793
-0.0045574
-0.00433778
-0.00409883
-0.00384028
-0.00356183
-0.00326316
-0.002944
-0.00260411
-0.00224323
-0.00186113
-0.00145769
-0.00103291
-0.000586851
-0.000119671
0.000368292
0.000876505
0.00140424
0.0019506
0.00251445
0.00309446
0.00368896
0.00429604
0.00491351
0.0055389
0.00616942
0.006802
0.00743321
0.0080593
0.00867629
0.00927994
0.00986583
0.0104294
0.010966
0.0114709
0.0119396
0.0123677
0.0127511
0.0130861
0.0133696
0.0135989
0.013772
0.0138878
0.0139458
0.0139464
0.0138909
0.0137811
0.0136199
0.0134106
0.0131571
0.0128639
0.0125355
0.0121767
0.0117949
0.0113975
0.0109557
0.0104418
-0.00391662
-0.00437129
-0.00473201
-0.00502826
-0.00529307
-0.00552562
-0.00572504
-0.00589305
-0.00603139
-0.00614162
-0.00622524
-0.00628366
-0.0063182
-0.00633003
-0.00632018
-0.00628951
-0.00623873
-0.0061684
-0.00607891
-0.0059705
-0.00584332
-0.00569737
-0.00553259
-0.00534882
-0.00514587
-0.00492344
-0.00468123
-0.00441893
-0.00413616
-0.00383253
-0.00350769
-0.00316133
-0.00279308
-0.00240265
-0.0019898
-0.00155445
-0.00109655
-0.000616186
-0.000113591
0.000410791
0.000956317
0.00152216
0.00210727
0.00271039
0.00332991
0.00396396
0.00461037
0.00526663
0.00592994
0.00659712
0.00726459
0.00792843
0.0085844
0.00922797
0.00985438
0.0104587
0.0110358
0.0115806
0.012088
0.012553
0.0129711
0.0133381
0.0136503
0.0139046
0.0140985
0.0142307
0.0143004
0.0143078
0.0142541
0.0141413
0.0139723
0.0137507
0.0134807
0.0131673
0.0128155
0.0124305
0.0120206
0.0115938
0.0111192
0.0105676
-0.0044614
-0.00493332
-0.00530767
-0.00561507
-0.00588979
-0.00613098
-0.00633777
-0.00651198
-0.00665546
-0.00676989
-0.00685688
-0.00691797
-0.00695455
-0.00696788
-0.00695908
-0.00692905
-0.00687856
-0.00680819
-0.00671836
-0.00660933
-0.00648126
-0.00633416
-0.00616794
-0.00598244
-0.00577742
-0.00555256
-0.0053075
-0.00504186
-0.00475519
-0.00444704
-0.00411697
-0.00376458
-0.00338943
-0.0029911
-0.00256927
-0.00212374
-0.00165438
-0.00116116
-0.000644199
-0.000103839
0.00045938
0.00104473
0.00165128
0.00227784
0.00292292
0.00358472
0.00426108
0.00494953
0.00564721
0.00635088
0.00705683
0.00776095
0.00845877
0.00914546
0.00981592
0.0104648
0.0110865
0.0116755
0.012226
0.0127326
0.0131901
0.0135936
0.0139389
0.0142224
0.0144411
0.0145931
0.0146773
0.0146939
0.0146438
0.014529
0.0143525
0.0141184
0.0138311
0.0134961
0.0131188
0.0127051
0.012264
0.0118042
0.0112929
0.0106987
-0.00504424
-0.00553442
-0.00592318
-0.00624231
-0.00652742
-0.00677765
-0.00699212
-0.00717278
-0.00732161
-0.00744041
-0.00753091
-0.00759477
-0.00763348
-0.00764841
-0.00764073
-0.00761143
-0.00756133
-0.00749106
-0.00740106
-0.00729164
-0.00716294
-0.00701499
-0.00684768
-0.00666083
-0.00645417
-0.00622732
-0.00597987
-0.00571139
-0.00542135
-0.00510923
-0.00477451
-0.00441668
-0.00403522
-0.0036296
-0.00319941
-0.0027443
-0.00226406
-0.00175852
-0.0012277
-0.000671789
-9.12122e-05
0.000513434
0.00114135
0.00179148
0.00246245
0.00315255
0.00385971
0.00458146
0.00531495
0.00605686
0.00680341
0.00755031
0.00829287
0.00902596
0.00974415
0.0104416
0.0111124
0.0117502
0.0123489
0.0129022
0.0134043
0.0138495
0.014233
0.0145505
0.0147984
0.0149743
0.0150767
0.0151054
0.015061
0.0149458
0.0147627
0.0145159
0.0142106
0.0138524
0.0134474
0.0130022
0.0125264
0.0120299
0.0114772
0.0108347
-0.00566662
-0.00617615
-0.00658014
-0.00691163
-0.00720767
-0.00746736
-0.00768988
-0.00787728
-0.00803168
-0.00815502
-0.00824916
-0.00831588
-0.0083568
-0.00837338
-0.0083669
-0.00833843
-0.00828884
-0.00821883
-0.00812888
-0.00801931
-0.00789029
-0.00774184
-0.00757382
-0.00738605
-0.00717821
-0.00694988
-0.00670059
-0.00642984
-0.00613707
-0.00582165
-0.00548297
-0.00512045
-0.00473346
-0.00432136
-0.0038836
-0.00341974
-0.00292942
-0.00241236
-0.00186843
-0.00129767
-0.000700351
-7.69005e-05
0.000572038
0.00124557
0.00194249
0.00266119
0.00339971
0.00415563
0.00492613
0.00570786
0.00649697
0.00728905
0.00807919
0.00886202
0.00963173
0.0103821
0.0111066
0.0117984
0.0124507
0.0130564
0.0136089
0.0141018
0.0145294
0.0148865
0.015169
0.0153737
0.0154986
0.0155429
0.0155072
0.0153935
0.0152049
0.0149459
0.0146218
0.0142389
0.013804
0.013324
0.0128099
0.0122723
0.011673
0.010976
-0.00633014
-0.00686018
-0.00728029
-0.00762484
-0.00793238
-0.00820204
-0.00843299
-0.00862742
-0.00878762
-0.00891566
-0.00901355
-0.0090832
-0.00912638
-0.00914467
-0.00913946
-0.00911191
-0.00906298
-0.00899341
-0.00890374
-0.0087943
-0.00866528
-0.00851669
-0.00834839
-0.00816015
-0.00795164
-0.00772238
-0.00747188
-0.00719955
-0.00690478
-0.00658686
-0.00624509
-0.00587879
-0.00548721
-0.00506961
-0.00462532
-0.00415376
-0.00365443
-0.00312691
-0.00257091
-0.0019863
-0.00137315
-0.000731703
-6.24108e-05
0.000634032
0.00135659
0.00210385
0.00287394
0.00366458
0.00447297
0.00529581
0.00612921
0.00696868
0.00780915
0.00864501
0.00947011
0.0102778
0.011061
0.0118124
0.0125241
0.0131885
0.013798
0.0143453
0.0148237
0.0152271
0.0155504
0.0157897
0.0159423
0.0160068
0.0159835
0.015874
0.0156817
0.015411
0.0150677
0.0146588
0.0141914
0.0136734
0.0131167
0.0125333
0.0118818
0.0111231
-0.0070365
-0.00758833
-0.00802554
-0.00838391
-0.00870361
-0.00898376
-0.00922354
-0.00942531
-0.00959151
-0.00972437
-0.00982608
-0.00989871
-0.00994419
-0.00996423
-0.00996035
-0.00993382
-0.00988568
-0.00981675
-0.00972758
-0.00961856
-0.00948986
-0.00934151
-0.00917336
-0.00898515
-0.00877653
-0.00854698
-0.00829596
-0.00802285
-0.00772693
-0.00740744
-0.00706359
-0.00669457
-0.00629954
-0.00587764
-0.00542806
-0.00495009
-0.00444307
-0.00390644
-0.00333972
-0.00274257
-0.00211486
-0.00145659
-0.000767998
-4.95454e-05
0.000697951
0.00147327
0.00227472
0.00310017
0.00394694
0.00481179
0.00569089
0.0065797
0.00747306
0.00836515
0.00924952
0.0101191
0.0109663
0.0117829
0.0125606
0.0132906
0.0139644
0.0145737
0.0151106
0.0155679
0.0159395
0.0162204
0.0164069
0.0164972
0.0164908
0.0163891
0.0161954
0.0159141
0.0155517
0.0151153
0.014613
0.0140535
0.0134499
0.0128156
0.0121055
0.0112772
-0.00778759
-0.00836263
-0.00881802
-0.00919103
-0.00952357
-0.00981475
-0.0100638
-0.0102731
-0.0104455
-0.0105833
-0.0106889
-0.0107645
-0.0108123
-0.0108341
-0.0108316
-0.0108062
-0.010759
-0.0106908
-0.0106024
-0.0104941
-0.010366
-0.0102183
-0.0100507
-0.00986306
-0.00965493
-0.0094258
-0.00917506
-0.00890203
-0.00860594
-0.00828595
-0.00794116
-0.00757066
-0.00717349
-0.00674868
-0.00629529
-0.00581246
-0.00529936
-0.00475526
-0.00417948
-0.00357146
-0.00293081
-0.00225729
-0.00155087
-0.000811759
-4.05267e-05
0.000761852
0.00159393
0.00245377
0.00333888
0.00424619
0.00517195
0.00611169
0.00706021
0.00801153
0.00895894
0.00989498
0.0108115
0.0116996
0.0125501
0.0133533
0.0140996
0.0147793
0.0153835
0.0159035
0.0163319
0.0166626
0.0168908
0.0170136
0.0170299
0.0169406
0.0167486
0.0164587
0.0160773
0.0156125
0.0150729
0.0144683
0.0138132
0.0131225
0.0123467
0.0114397
-0.00858548
-0.00918526
-0.00965999
-0.0100485
-0.0103946
-0.0106974
-0.010956
-0.0111732
-0.0113519
-0.0114947
-0.0116042
-0.0116828
-0.0117329
-0.0117565
-0.0117554
-0.0117311
-0.0116849
-0.0116177
-0.0115302
-0.0114227
-0.0112956
-0.0111489
-0.0109824
-0.0107959
-0.0105889
-0.0103609
-0.0101113
-0.00983934
-0.00954416
-0.00922484
-0.00888039
-0.0085098
-0.00811199
-0.00768586
-0.00723036
-0.00674446
-0.00622717
-0.00567754
-0.00509469
-0.00447782
-0.00382627
-0.0031395
-0.00241721
-0.00165932
-0.000866098
-3.82329e-05
0.000823128
0.00171633
0.00263915
0.00358877
0.00456164
0.00555342
0.00655895
0.00757218
0.00858619
0.00959316
0.0105844
0.0115504
0.012481
0.0133655
0.0141931
0.0149529
0.0156342
0.016227
0.0167224
0.0171127
0.0173916
0.0175551
0.0176012
0.01753
0.017344
0.0170481
0.0166489
0.016155
0.015576
0.0149226
0.0142112
0.0134578
0.0126086
0.0116127
-0.00943237
-0.0100586
-0.0105539
-0.0109589
-0.0113193
-0.0116341
-0.0119028
-0.0121281
-0.0123132
-0.0124611
-0.0125744
-0.012656
-0.0127083
-0.0127336
-0.0127339
-0.0127108
-0.0126656
-0.0125994
-0.0125129
-0.0124065
-0.0122806
-0.0121353
-0.0119703
-0.0117854
-0.0115803
-0.0113543
-0.0111068
-0.0108369
-0.0105438
-0.0102264
-0.00988369
-0.00951453
-0.00911773
-0.00869208
-0.00823639
-0.00774946
-0.00723013
-0.00667724
-0.00608968
-0.00546637
-0.00480637
-0.00410885
-0.00337318
-0.00259895
-0.00178612
-0.000934999
-4.63791e-05
0.000878461
0.00183768
0.00282879
0.00384855
0.00489285
0.00595668
0.00703402
0.00811781
0.00919994
0.0102712
0.0113216
0.0123399
0.0133145
0.0142331
0.0150834
0.015853
0.0165302
0.0171041
0.0175652
0.0179057
0.01812
0.0182045
0.0181587
0.0179844
0.0176862
0.017271
0.0167481
0.0161279
0.0154221
0.014649
0.0138264
0.012895
0.0117992
-0.0103306
-0.0109851
-0.0115024
-0.0119248
-0.0123003
-0.0126278
-0.0129068
-0.0131405
-0.0133322
-0.0134851
-0.0136022
-0.0136866
-0.0137411
-0.013768
-0.0137695
-0.0137474
-0.0137031
-0.0136379
-0.0135525
-0.0134473
-0.0133229
-0.0131792
-0.0130162
-0.0128336
-0.012631
-0.0124078
-0.0121633
-0.0118966
-0.0116067
-0.0112927
-0.0109532
-0.0105871
-0.0101931
-0.00976992
-0.00931616
-0.00883049
-0.00831156
-0.00775799
-0.00716842
-0.0065415
-0.00587599
-0.00517074
-0.00442475
-0.00363729
-0.00280791
-0.0019365
-0.0010234
-6.94243e-05
0.000924064
0.00195504
0.00302067
0.00411721
0.00523991
0.00638287
0.00753905
0.00870014
0.00985662
0.0109977
0.0121116
0.0131853
0.0142053
0.0151576
0.0160279
0.0168024
0.0174682
0.0180135
0.0184284
0.0187052
0.018839
0.0188277
0.0186723
0.0183771
0.017949
0.0173978
0.0167349
0.0159732
0.0151329
0.0142341
0.0132113
0.0120033
-0.0112828
-0.0119675
-0.0125083
-0.0129492
-0.0133406
-0.0136814
-0.0139712
-0.0142134
-0.0144117
-0.0145696
-0.0146904
-0.0147774
-0.0148337
-0.0148619
-0.0148644
-0.0148431
-0.0147997
-0.0147353
-0.0146508
-0.014547
-0.0144242
-0.0142824
-0.0141218
-0.013942
-0.0137426
-0.013523
-0.0132825
-0.0130201
-0.0127348
-0.0124254
-0.0120907
-0.0117295
-0.0113402
-0.0109216
-0.0104721
-0.00999017
-0.00947434
-0.00892298
-0.00833448
-0.00770721
-0.0070396
-0.00633017
-0.00557758
-0.00478066
-0.00393852
-0.00305057
-0.00211661
-0.00113688
-0.000112152
0.000956115
0.00206564
0.00321318
0.00439436
0.0056036
0.00683398
0.0080772
0.00932346
0.0105615
0.0117787
0.012961
0.0140934
0.01516
0.0161446
0.0170311
0.0178039
0.0184487
0.018953
0.0193067
0.0195027
0.0195373
0.0194102
0.0191248
0.0186882
0.0181106
0.0174043
0.0165835
0.0156705
0.014688
0.0135637
0.0122302
-0.0122916
-0.0130089
-0.0135747
-0.0140354
-0.0144435
-0.0147983
-0.0150992
-0.0153501
-0.015555
-0.0157177
-0.0158419
-0.0159313
-0.015989
-0.0160181
-0.0160211
-0.0160002
-0.0159572
-0.0158934
-0.0158099
-0.0157073
-0.0155861
-0.0154466
-0.0152887
-0.0151121
-0.0149166
-0.0147014
-0.0144657
-0.0142087
-0.0139291
-0.0136259
-0.0132977
-0.0129431
-0.0125606
-0.0121488
-0.011706
-0.0112306
-0.0107208
-0.0101749
-0.00959083
-0.00896687
-0.00830106
-0.00759157
-0.00683666
-0.00603474
-0.0051844
-0.00428449
-0.00333417
-0.00233301
-0.00128109
-0.000179162
0.000971171
0.0021673
0.00340544
0.00468049
0.00598589
0.00731348
0.00865342
0.0099941
0.0113222
0.0126226
0.0138787
0.015073
0.0161868
0.0172013
0.0180982
0.01886
0.0194713
0.0199188
0.0201928
0.0202871
0.0202
0.0199337
0.0194949
0.018894
0.0181443
0.0172615
0.0162706
0.0151968
0.0139602
0.0124866
-0.0133603
-0.0141125
-0.0147052
-0.0151868
-0.0156127
-0.0159821
-0.0162946
-0.0165543
-0.0167656
-0.0169328
-0.01706
-0.0171511
-0.0172096
-0.017239
-0.017242
-0.017221
-0.017178
-0.0171144
-0.0170314
-0.0169298
-0.0168103
-0.016673
-0.016518
-0.0163452
-0.016154
-0.0159439
-0.015714
-0.0154634
-0.0151908
-0.0148951
-0.014575
-0.0142289
-0.0138553
-0.0134526
-0.0130192
-0.0125532
-0.0120526
-0.0115155
-0.0109397
-0.010323
-0.00966336
-0.00895844
-0.00820612
-0.00740432
-0.00655107
-0.00564459
-0.00468332
-0.00366605
-0.00259208
-0.00146132
-0.000274542
0.000966463
0.0022587
0.00359778
0.00497773
0.00639081
0.00782733
0.00927555
0.0107216
0.0121493
0.0135409
0.0148766
0.0161355
0.0172958
0.0183359
0.0192347
0.0199731
0.0205342
0.0209049
0.0210761
0.0210435
0.0208079
0.0203752
0.019756
0.0189644
0.0180176
0.0169436
0.0157707
0.0144106
0.0127811
-0.0144921
-0.0152821
-0.0159036
-0.0164077
-0.0168524
-0.017237
-0.0175613
-0.0178297
-0.0180473
-0.0182185
-0.0183479
-0.01844
-0.0184986
-0.0185274
-0.0185296
-0.0185077
-0.0184639
-0.0183999
-0.018317
-0.0182162
-0.018098
-0.0179629
-0.017811
-0.0176421
-0.0174557
-0.0172513
-0.0170279
-0.0167846
-0.0165202
-0.0162334
-0.0159229
-0.0155872
-0.0152246
-0.0148335
-0.0144121
-0.0139584
-0.0134704
-0.0129457
-0.0123822
-0.0117772
-0.0111284
-0.0104332
-0.00968887
-0.00889292
-0.00804277
-0.00713591
-0.00617001
-0.00514301
-0.00405329
-0.0028998
-0.00168233
-0.000401621
0.000940337
0.00234014
0.00379268
0.00529093
0.00682565
0.00838519
0.00995536
0.0115194
0.0130579
0.0145492
0.0159699
0.0172951
0.0184993
0.0195575
0.0204461
0.0211439
0.0216334
0.0219018
0.0219416
0.0217515
0.0213361
0.0207057
0.0198751
0.0188634
0.0177018
0.016422
0.0149263
0.013124
-0.0156909
-0.0165219
-0.0171745
-0.0177025
-0.018167
-0.0185674
-0.0189037
-0.0191808
-0.019404
-0.0195785
-0.0197093
-0.0198013
-0.0198589
-0.0198861
-0.0198863
-0.0198625
-0.019817
-0.0197518
-0.0196683
-0.0195676
-0.0194504
-0.0193173
-0.0191683
-0.0190033
-0.018822
-0.0186236
-0.0184074
-0.0181722
-0.017917
-0.0176404
-0.017341
-0.0170174
-0.0166679
-0.0162908
-0.0158841
-0.0154458
-0.0149737
-0.0144654
-0.0139183
-0.0133297
-0.0126968
-0.0120167
-0.0112863
-0.0105026
-0.00966215
-0.00876189
-0.0077986
-0.00676929
-0.00567132
-0.00450255
-0.00326158
-0.00194791
-0.00056226
0.00089325
0.00241471
0.00399612
0.00562902
0.00730224
0.00900157
0.0107097
0.0124061
0.0140672
0.0156671
0.0171773
0.0185685
0.0198109
0.0208757
0.0217365
0.0223707
0.0227607
0.0228948
0.0227686
0.0223846
0.0217529
0.0208886
0.0198126
0.0185596
0.0171653
0.0155214
0.0135283
-0.016961
-0.0178364
-0.0185226
-0.0190762
-0.0195616
-0.0199784
-0.0203267
-0.020612
-0.0208402
-0.021017
-0.021148
-0.0212386
-0.0212938
-0.0213179
-0.0213148
-0.0212877
-0.0212393
-0.0211717
-0.0210866
-0.0209851
-0.0208682
-0.0207365
-0.0205901
-0.0204289
-0.0202526
-0.0200605
-0.0198518
-0.0196254
-0.0193802
-0.0191149
-0.0188281
-0.0185183
-0.0181838
-0.0178229
-0.0174336
-0.0170138
-0.016561
-0.0160729
-0.0155465
-0.0149791
-0.0143674
-0.0137083
-0.0129982
-0.0122333
-0.0114099
-0.010524
-0.00957137
-0.00854818
-0.00745063
-0.00627534
-0.00501955
-0.00368129
-0.0022597
-0.000755324
0.000829465
0.00249008
0.00421925
0.00600665
0.00783847
0.00969721
0.0115615
0.0134062
0.0152026
0.0169189
0.0185213
0.0199749
0.021245
0.0222989
0.0231077
0.0236478
0.0239024
0.0238627
0.0235286
0.0229087
0.0220187
0.0208808
0.0195337
0.0180176
0.0162129
0.0140098
-0.0183072
-0.0192309
-0.0199535
-0.0205344
-0.0210418
-0.0214755
-0.0218357
-0.0221286
-0.0223608
-0.0225385
-0.0226682
-0.0227558
-0.0228067
-0.0228259
-0.0228176
-0.0227855
-0.0227326
-0.022661
-0.0225729
-0.0224695
-0.0223519
-0.0222207
-0.0220762
-0.0219183
-0.0217468
-0.0215609
-0.0213598
-0.0211426
-0.020908
-0.0206548
-0.0203818
-0.0200873
-0.0197696
-0.0194272
-0.0190578
-0.0186593
-0.0182293
-0.0177651
-0.0172639
-0.0167224
-0.0161374
-0.0155052
-0.0148218
-0.014083
-0.0132843
-0.012421
-0.0114879
-0.0104802
-0.00939281
-0.00822101
-0.00696047
-0.00560754
-0.00415951
-0.00261502
-0.000974524
0.000759195
0.00258051
0.00448041
0.006446
0.00846005
0.0105008
0.0125416
0.0145516
0.0164953
0.0183344
0.0200282
0.0215353
0.0228159
0.0238335
0.0245571
0.0249632
0.0250376
0.0247762
0.0241856
0.0232809
0.022086
0.0206437
0.0189993
0.017021
0.0145878
-0.0197347
-0.0207113
-0.0214732
-0.0220834
-0.022614
-0.0230649
-0.0234368
-0.0237364
-0.0239711
-0.0241481
-0.0242744
-0.0243566
-0.024401
-0.024413
-0.0243973
-0.0243579
-0.0242982
-0.0242208
-0.0241279
-0.0240209
-0.0239011
-0.0237693
-0.0236257
-0.0234704
-0.023303
-0.0231229
-0.0229294
-0.0227213
-0.0224977
-0.0222573
-0.0219989
-0.0217209
-0.0214217
-0.0210995
-0.0207524
-0.020378
-0.0199739
-0.0195374
-0.0190653
-0.0185546
-0.0180015
-0.0174022
-0.0167522
-0.0160468
-0.0152809
-0.0144488
-0.0135447
-0.0125625
-0.0114959
-0.0103386
-0.00908466
-0.00772842
-0.0062651
-0.00469111
-0.00300462
-0.00120617
0.000700756
0.00270901
0.00480717
0.00697893
0.00920257
0.0114507
0.0136902
0.0158825
0.0179842
0.0199486
0.0217271
0.0232714
0.0245362
0.0254816
0.0260757
0.0262973
0.0261367
0.0255973
0.024693
0.023449
0.0219125
0.0201345
0.0179698
0.0152858
-0.0212497
-0.0222842
-0.023089
-0.0237304
-0.0242853
-0.0247538
-0.0251367
-0.0254418
-0.0256772
-0.0258511
-0.0259714
-0.0260455
-0.0260804
-0.0260821
-0.0260561
-0.0260066
-0.0259376
-0.0258518
-0.0257518
-0.0256392
-0.0255154
-0.0253812
-0.0252372
-0.0250832
-0.0249189
-0.0247439
-0.0245573
-0.0243582
-0.0241455
-0.0239182
-0.0236749
-0.0234143
-0.0231348
-0.0228345
-0.0225116
-0.0221637
-0.0217884
-0.0213828
-0.020944
-0.0204685
-0.0199525
-0.0193918
-0.0187818
-0.0181171
-0.0173919
-0.0166001
-0.0157347
-0.0147884
-0.0137538
-0.0126229
-0.0113878
-0.0100409
-0.00857486
-0.00698373
-0.00526299
-0.00341046
-0.00142697
0.000682821
0.00290965
0.0052388
0.00764935
0.0101137
0.012597
0.0150577
0.0174479
0.0197143
0.0218004
0.0236485
0.0252032
0.0264137
0.0272381
0.0276459
0.0276202
0.0271594
0.0262754
0.0249938
0.0233668
0.0214516
0.0190881
0.0161316
-0.022859
-0.0239573
-0.0248088
-0.0254838
-0.0260642
-0.0265502
-0.0269432
-0.027252
-0.0274857
-0.0276535
-0.0277644
-0.0278268
-0.0278485
-0.0278363
-0.0277962
-0.0277332
-0.0276515
-0.0275543
-0.0274443
-0.0273234
-0.0271932
-0.0270546
-0.0269081
-0.0267538
-0.0265913
-0.0264201
-0.0262395
-0.0260486
-0.0258464
-0.025632
-0.0254041
-0.0251614
-0.0249023
-0.0246252
-0.024328
-0.0240085
-0.0236644
-0.0232928
-0.0228907
-0.0224545
-0.0219804
-0.0214639
-0.0209
-0.020283
-0.0196066
-0.0188638
-0.0180467
-0.0171472
-0.016156
-0.0150637
-0.0138604
-0.0125362
-0.0110813
-0.00948692
-0.00774548
-0.00585168
-0.00380311
-0.00160127
0.000747444
0.00323069
0.00582916
0.00851571
0.0112548
0.0140022
0.0167056
0.0193054
0.0217365
0.0239312
0.025822
0.0273461
0.0284489
0.0290883
0.0292381
0.0288897
0.0280513
0.0267486
0.0250381
0.0229839
0.0204101
0.0171589
-0.0245706
-0.0257395
-0.0266421
-0.0273531
-0.02796
-0.0284633
-0.0288651
-0.029175
-0.0294038
-0.0295617
-0.0296589
-0.0297051
-0.029709
-0.0296783
-0.0296197
-0.0295388
-0.0294403
-0.0293278
-0.0292043
-0.0290719
-0.0289324
-0.0287866
-0.0286352
-0.0284783
-0.0283155
-0.0281465
-0.0279704
-0.0277866
-0.0275941
-0.027392
-0.0271792
-0.0269544
-0.0267161
-0.0264627
-0.0261923
-0.0259028
-0.0255917
-0.0252565
-0.024894
-0.0245007
-0.0240727
-0.0236054
-0.0230934
-0.0225307
-0.0219105
-0.0212251
-0.0204658
-0.0196232
-0.0186868
-0.0176455
-0.0164872
-0.0151996
-0.0137704
-0.0121876
-0.0104404
-0.0085199
-0.00641987
-0.00413801
-0.00167705
0.000953891
0.003738
0.0066496
0.00965317
0.0127028
0.0157423
0.0187059
0.0215198
0.0241053
0.0263821
0.0282727
0.0297078
0.0306312
0.0310043
0.030809
0.0300482
0.0287459
0.0269631
0.0247707
0.0219762
0.0184079
-0.0263939
-0.0276411
-0.0285998
-0.0293495
-0.0299838
-0.0305038
-0.0309121
-0.03122
-0.0314395
-0.0315826
-0.0316608
-0.0316851
-0.0316655
-0.0316106
-0.031528
-0.0314241
-0.0313038
-0.0311714
-0.03103
-0.0308822
-0.0307295
-0.0305732
-0.0304139
-0.0302516
-0.0300861
-0.029917
-0.0297436
-0.0295651
-0.0293809
-0.02919
-0.0289914
-0.0287839
-0.0285662
-0.0283367
-0.0280935
-0.0278348
-0.0275581
-0.027261
-0.0269404
-0.0265929
-0.0262146
-0.0258006
-0.0253455
-0.0248429
-0.0242856
-0.0236653
-0.0229724
-0.0221964
-0.0213255
-0.0203468
-0.0192463
-0.0180092
-0.0166203
-0.0150646
-0.0133275
-0.011396
-0.00925982
-0.00691205
-0.00435107
-0.00158189
0.00138218
0.00451799
0.00779117
0.0111551
0.0145507
0.0179064
0.0211401
0.0241615
0.0268761
0.0291903
0.0310174
0.0322838
0.0329355
0.0329421
0.0322981
0.0310241
0.0291848
0.0268586
0.0238346
0.0199267
-0.0283394
-0.0296741
-0.0306946
-0.0314858
-0.0321483
-0.0326837
-0.0330957
-0.0333971
-0.0336019
-0.0337238
-0.0337763
-0.0337717
-0.0337215
-0.0336355
-0.0335223
-0.0333888
-0.0332409
-0.0330829
-0.0329185
-0.0327504
-0.0325802
-0.0324093
-0.0322383
-0.0320673
-0.0318959
-0.0317239
-0.0315506
-0.0313753
-0.0311974
-0.0310161
-0.0308304
-0.0306392
-0.0304413
-0.030235
-0.030019
-0.0297911
-0.0295494
-0.0292914
-0.0290143
-0.0287147
-0.0283886
-0.0280312
-0.027637
-0.0271993
-0.0267105
-0.0261616
-0.0255426
-0.0248417
-0.0240459
-0.0231406
-0.0221098
-0.0209363
-0.019602
-0.0180883
-0.0163771
-0.014451
-0.0122948
-0.00989678
-0.00725009
-0.00435481
-0.00121972
0.00213575
0.00567965
0.00936599
0.0131338
0.016907
0.0205954
0.0240972
0.0273028
0.0301007
0.0323843
0.0340596
0.0350532
0.0353186
0.0348386
0.0336281
0.0317541
0.0293023
0.0260418
0.0217724
-0.0304197
-0.0318527
-0.0329416
-0.0337772
-0.0344683
-0.0350172
-0.0354286
-0.0357177
-0.0359007
-0.0359936
-0.0360118
-0.0359697
-0.0358802
-0.0357547
-0.0356027
-0.0354321
-0.0352493
-0.0350591
-0.0348656
-0.0346713
-0.0344785
-0.0342882
-0.034101
-0.0339171
-0.0337363
-0.033558
-0.0333817
-0.0332069
-0.0330328
-0.0328589
-0.0326841
-0.0325075
-0.0323279
-0.0321438
-0.0319539
-0.0317565
-0.0315495
-0.0313309
-0.0310979
-0.0308472
-0.030575
-0.0302764
-0.0299459
-0.0295765
-0.0291604
-0.0286881
-0.0281489
-0.0275301
-0.0268174
-0.0259946
-0.0250439
-0.0239455
-0.0226785
-0.021221
-0.0195507
-0.0176457
-0.0154858
-0.0130536
-0.0103369
-0.00732965
-0.00403523
-0.000468101
0.00334362
0.00735607
0.011508
0.0157199
0.0198947
0.0239193
0.0276689
0.0310126
0.0338214
0.0359775
0.0373842
0.0379742
0.0377146
0.0366107
0.0347304
0.0321661
0.0286653
0.0240126
-0.0326497
-0.0341936
-0.0353584
-0.0362417
-0.0369612
-0.0375204
-0.0379258
-0.038195
-0.0383471
-0.0384008
-0.0383741
-0.0382837
-0.0381444
-0.0379692
-0.0377687
-0.0375518
-0.0373255
-0.0370953
-0.0368652
-0.0366383
-0.0364165
-0.0362012
-0.0359927
-0.0357913
-0.0355966
-0.0354081
-0.0352252
-0.0350475
-0.0348744
-0.0347051
-0.0345388
-0.0343745
-0.0342111
-0.0340474
-0.0338822
-0.0337138
-0.0335408
-0.0333609
-0.0331717
-0.0329701
-0.0327522
-0.0325134
-0.0322479
-0.0319488
-0.031608
-0.0312156
-0.0307602
-0.0302285
-0.0296048
-0.0288716
-0.028009
-0.0269952
-0.0258062
-0.0244167
-0.0228004
-0.0209308
-0.0187823
-0.0163319
-0.0135608
-0.0104569
-0.00701674
-0.0032487
0.000824374
0.00516237
0.0097055
0.0143727
0.0190612
0.0236479
0.0279928
0.0319447
0.0353505
0.0380649
0.0399633
0.0409528
0.0409791
0.0400344
0.0381841
0.0355261
0.0317843
0.0267275
-0.0350467
-0.0367168
-0.0379663
-0.0389004
-0.0396475
-0.0402126
-0.0406042
-0.0408434
-0.0409529
-0.0409547
-0.04087
-0.0407181
-0.0405161
-0.0402787
-0.0400181
-0.039744
-0.0394643
-0.0391847
-0.0389097
-0.0386423
-0.0383846
-0.0381377
-0.0379021
-0.0376777
-0.0374642
-0.0372611
-0.0370676
-0.0368833
-0.0367075
-0.0365396
-0.0363787
-0.036224
-0.0360743
-0.0359286
-0.0357859
-0.0356448
-0.0355039
-0.0353613
-0.0352147
-0.0350612
-0.034897
-0.0347175
-0.034517
-0.0342886
-0.0340238
-0.0337126
-0.033343
-0.0329009
-0.0323697
-0.0317303
-0.0309613
-0.0300384
-0.028935
-0.0276225
-0.0260705
-0.0242479
-0.0221237
-0.019669
-0.0168585
-0.0136727
-0.010101
-0.00614447
-0.00181923
0.00284001
0.00777687
0.0129107
0.0181353
0.0233189
0.0283072
0.0329289
0.0370048
0.0403592
0.0428351
0.0443079
0.0446964
0.0439734
0.0421981
0.0394721
0.0354922
0.030012
-0.0376321
-0.0394465
-0.0407909
-0.0417789
-0.0425517
-0.0431161
-0.0434836
-0.0436797
-0.0437316
-0.0436654
-0.0435062
-0.0432765
-0.042996
-0.0426817
-0.042347
-0.042003
-0.041658
-0.0413184
-0.0409887
-0.0406721
-0.0403704
-0.0400848
-0.0398154
-0.0395622
-0.0393245
-0.0391017
-0.038893
-0.0386979
-0.0385157
-0.0383455
-0.0381867
-0.0380383
-0.0378993
-0.0377688
-0.0376458
-0.0375295
-0.0374184
-0.0373109
-0.0372048
-0.0370974
-0.0369849
-0.036863
-0.0367259
-0.0365667
-0.0363769
-0.0361461
-0.0358619
-0.0355095
-0.0350712
-0.034527
-0.0338534
-0.0330244
-0.0320106
-0.0307801
-0.0292989
-0.0275311
-0.0254407
-0.0229927
-0.0201548
-0.0169002
-0.0132102
-0.00907766
-0.00451086
0.000462629
0.00579184
0.0113989
0.0171764
0.0229865
0.0286622
0.0340128
0.038832
0.0429114
0.0460567
0.0481057
0.0489431
0.0485154
0.0468703
0.0441093
0.0398993
0.0339775
-0.0404311
-0.0424122
-0.0438633
-0.0449082
-0.0457029
-0.0462573
-0.0465868
-0.0467226
-0.0466975
-0.0465431
-0.0462889
-0.0459614
-0.0455835
-0.0451743
-0.0447492
-0.0443202
-0.0438964
-0.0434845
-0.0430891
-0.0427133
-0.0423588
-0.0420265
-0.0417163
-0.0414277
-0.04116
-0.0409122
-0.0406836
-0.0404732
-0.0402803
-0.0401041
-0.0399437
-0.039798
-0.0396663
-0.0395478
-0.0394417
-0.039347
-0.0392628
-0.0391875
-0.039119
-0.0390547
-0.038991
-0.0389236
-0.0388469
-0.0387539
-0.038636
-0.0384827
-0.038281
-0.0380155
-0.0376678
-0.0372164
-0.0366366
-0.0359002
-0.0349756
-0.0338279
-0.0324192
-0.0307095
-0.0286577
-0.0262226
-0.0233654
-0.0200514
-0.0162536
-0.011956
-0.00715792
-0.00187829
0.00383934
0.0099223
0.0162648
0.0227256
0.0291277
0.0352625
0.040897
0.0457881
0.0497002
0.0524271
0.0538111
0.0537645
0.0523158
0.0495621
0.0451351
0.0387552
-0.0434753
-0.0456502
-0.0472219
-0.0483259
-0.0491364
-0.0496674
-0.0499401
-0.049993
-0.0498662
-0.0495978
-0.0492233
-0.0487736
-0.0482753
-0.0477502
-0.0472153
-0.0466839
-0.0461657
-0.0456677
-0.0451943
-0.0447484
-0.0443314
-0.0439438
-0.0435851
-0.0432545
-0.0429507
-0.0426726
-0.0424189
-0.0421887
-0.041981
-0.0417947
-0.0416289
-0.0414825
-0.0413547
-0.0412448
-0.0411521
-0.0410759
-0.0410152
-0.0409686
-0.040934
-0.040909
-0.0408901
-0.0408731
-0.0408524
-0.040821
-0.0407703
-0.0406893
-0.0405649
-0.0403808
-0.040118
-0.0397537
-0.0392621
-0.038613
-0.0377726
-0.0367032
-0.0353636
-0.0337097
-0.0316954
-0.029274
-0.0263998
-0.0230307
-0.0191311
-0.0146758
-0.0096542
-0.0040755
0.00202602
0.00858533
0.0155013
0.0226323
0.029795
0.0367651
0.0432847
0.0490749
0.0538557
0.0573705
0.0594106
0.0598437
0.0586706
0.0559767
0.0513522
0.0444994
-0.0468035
-0.0492058
-0.0509143
-0.0520783
-0.0528947
-0.0533836
-0.0535741
-0.0535142
-0.0532538
-0.0528393
-0.0523128
-0.0517113
-0.0510651
-0.0503989
-0.0497318
-0.0490781
-0.048448
-0.0478483
-0.0472834
-0.0467557
-0.046266
-0.0458142
-0.0453992
-0.0450196
-0.0446737
-0.0443598
-0.0440763
-0.0438219
-0.0435952
-0.043395
-0.0432202
-0.0430696
-0.0429423
-0.0428377
-0.0427552
-0.0426941
-0.0426533
-0.0426315
-0.0426268
-0.0426367
-0.0426579
-0.0426861
-0.0427159
-0.0427402
-0.0427501
-0.0427345
-0.0426797
-0.0425689
-0.0423822
-0.042096
-0.041683
-0.0411116
-0.0403457
-0.039345
-0.0380654
-0.0364589
-0.0344749
-0.0320611
-0.0291657
-0.0257391
-0.0217374
-0.0171261
-0.0118841
-0.00601004
0.000472784
0.00750909
0.0150052
0.0228232
0.0307764
0.0386292
0.046101
0.0528782
0.0586337
0.0630548
0.0658727
0.066899
0.0660953
0.0635257
0.0587304
0.0513909
-0.0504647
-0.0531363
-0.0550002
-0.0562229
-0.0570297
-0.0574499
-0.0575235
-0.0573118
-0.0568768
-0.0562754
-0.0555583
-0.0547686
-0.0539418
-0.0531053
-0.0522802
-0.0514817
-0.05072
-0.0500019
-0.0493311
-0.0487091
-0.0481362
-0.0476111
-0.047132
-0.0466968
-0.046303
-0.0459483
-0.0456305
-0.0453479
-0.0450986
-0.0448812
-0.0446941
-0.0445363
-0.0444066
-0.0443043
-0.0442288
-0.0441794
-0.044155
-0.0441542
-0.0441751
-0.0442151
-0.0442712
-0.0443389
-0.0444128
-0.0444856
-0.0445483
-0.0445893
-0.0445944
-0.0445463
-0.0444244
-0.044204
-0.0438567
-0.0433491
-0.0426434
-0.041697
-0.0404626
-0.0388889
-0.036921
-0.0345018
-0.0315735
-0.0280795
-0.0239679
-0.0191947
-0.0137288
-0.00755691
-0.000690735
0.00682626
0.0149107
0.0234314
0.0322035
0.040984
0.0494737
0.0573263
0.064167
0.069622
0.0733529
0.0751025
0.0747791
0.0724131
0.0674819
0.0596428
-0.0545211
-0.0575149
-0.0595556
-0.0608313
-0.0616045
-0.0619183
-0.0618282
-0.0614131
-0.0607509
-0.0599115
-0.0589559
-0.0579348
-0.0568885
-0.0558479
-0.0548355
-0.0538669
-0.0529525
-0.052098
-0.0513061
-0.0505774
-0.0499107
-0.0493036
-0.0487533
-0.0482564
-0.0478095
-0.0474097
-0.047054
-0.0467399
-0.0464652
-0.0462279
-0.0460263
-0.0458589
-0.0457244
-0.045622
-0.0455509
-0.0455103
-0.045499
-0.0455154
-0.0455577
-0.0456231
-0.0457086
-0.0458097
-0.0459207
-0.0460342
-0.0461406
-0.0462281
-0.0462819
-0.0462841
-0.0462132
-0.0460437
-0.0457459
-0.0452849
-0.044621
-0.0437094
-0.0425002
-0.0409388
-0.0389667
-0.036522
-0.0335414
-0.0299619
-0.025724
-0.0207746
-0.0150723
-0.00859222
-0.00133329
0.00667417
0.0153594
0.0246018
0.0342223
0.0439761
0.0535502
0.0625693
0.0706117
0.077239
0.0820342
0.0846572
0.0849459
0.0828804
0.0778581
0.0695058
-0.0590539
-0.0624367
-0.064678
-0.0659941
-0.0666971
-0.0668509
-0.0665332
-0.0658467
-0.0648896
-0.0637484
-0.062496
-0.0611914
-0.0598805
-0.058597
-0.0573645
-0.0561987
-0.0551088
-0.0540993
-0.0531714
-0.0523237
-0.0515533
-0.0508564
-0.0502285
-0.049665
-0.0491612
-0.0487132
-0.048317
-0.0479694
-0.0476676
-0.0474091
-0.0471916
-0.0470133
-0.0468726
-0.0467685
-0.0467
-0.0466659
-0.046665
-0.0466955
-0.0467552
-0.0468416
-0.0469512
-0.0470794
-0.0472204
-0.0473661
-0.0475066
-0.0476296
-0.0477197
-0.0477583
-0.047723
-0.0475875
-0.0473206
-0.0468859
-0.0462421
-0.045342
-0.0441335
-0.0425591
-0.0405564
-0.0380597
-0.0350004
-0.0313095
-0.0269201
-0.021771
-0.0158103
-0.00900177
-0.00133114
0.00718554
0.0164922
0.0264821
0.0369863
0.0477635
0.0584932
0.0687761
0.0781464
0.0860989
0.09213
0.0958013
0.0968604
0.0952153
0.0901593
0.0812778
-0.0641701
-0.0680273
-0.0704944
-0.0718261
-0.072403
-0.0723204
-0.071688
-0.0706404
-0.069302
-0.0677793
-0.0661593
-0.06451
-0.0628824
-0.0613126
-0.0598244
-0.0584323
-0.0571438
-0.055961
-0.0548825
-0.0539047
-0.0530224
-0.0522294
-0.0515194
-0.050886
-0.0503232
-0.0498255
-0.0493881
-0.0490068
-0.0486778
-0.0483981
-0.0481648
-0.0479756
-0.0478287
-0.0477225
-0.0476557
-0.0476269
-0.0476346
-0.0476767
-0.0477508
-0.0478541
-0.047983
-0.0481325
-0.0482962
-0.0484657
-0.0486305
-0.0487776
-0.0488911
-0.0489514
-0.0489355
-0.0488156
-0.0485593
-0.0481288
-0.0474808
-0.0465663
-0.0453308
-0.0437138
-0.04165
-0.0390694
-0.0358988
-0.0320636
-0.02749
-0.0221087
-0.0158581
-0.00869053
-0.00057833
0.00847757
0.0184376
0.0292114
0.0406448
0.0525056
0.0644722
0.0761282
0.0869679
0.0964198
0.103886
0.108813
0.110837
0.109763
0.104747
0.0953154
-0.0700142
-0.0744554
-0.0771721
-0.0784744
-0.0788397
-0.0784116
-0.0773455
-0.0758186
-0.0739888
-0.0719863
-0.0699138
-0.0678484
-0.0658454
-0.0639417
-0.06216
-0.0605122
-0.0590025
-0.0576293
-0.0563879
-0.0552712
-0.0542708
-0.053378
-0.0525838
-0.0518799
-0.0512583
-0.0507121
-0.0502349
-0.0498216
-0.0494674
-0.0491685
-0.0489214
-0.0487231
-0.0485713
-0.048464
-0.0483995
-0.048376
-0.0483916
-0.0484439
-0.0485302
-0.0486474
-0.0487914
-0.0489568
-0.0491366
-0.0493219
-0.0495014
-0.0496615
-0.0497854
-0.0498529
-0.0498395
-0.0497165
-0.0494499
-0.0490004
-0.048323
-0.0473666
-0.0460745
-0.0443836
-0.0422251
-0.0395253
-0.0362067
-0.0321891
-0.0273924
-0.0217394
-0.015159
-0.00759213
0.00100246
0.0106398
0.0212981
0.0329065
0.0453291
0.0583491
0.071651
0.084809
0.0972844
0.108441
0.11758
0.124018
0.127248
0.12694
0.122062
0.112051
-0.0767854
-0.081952
-0.0849349
-0.0861284
-0.0861514
-0.0852214
-0.0835588
-0.0813975
-0.0789368
-0.0763344
-0.073709
-0.0711461
-0.068703
-0.0664154
-0.0643021
-0.0623704
-0.060619
-0.0590416
-0.0576281
-0.0563672
-0.0552465
-0.0542536
-0.0533769
-0.052605
-0.0519281
-0.0513372
-0.0508246
-0.0503837
-0.0500089
-0.0496951
-0.0494382
-0.0492345
-0.0490811
-0.0489755
-0.0489153
-0.0488986
-0.0489228
-0.0489852
-0.0490827
-0.0492118
-0.0493677
-0.0495446
-0.0497348
-0.0499285
-0.0501139
-0.0502766
-0.0503988
-0.0504593
-0.0504324
-0.0502879
-0.0499905
-0.0494993
-0.0487674
-0.0477419
-0.0463636
-0.0445668
-0.0422794
-0.0394241
-0.0359189
-0.0316785
-0.0266166
-0.0206479
-0.013692
-0.00567813
0.00344891
0.0137209
0.0251358
0.0376445
0.0511343
0.0654095
0.0801692
0.0949874
0.109301
0.122412
0.133519
0.141788
0.146539
0.147258
0.142652
0.132021
-0.084766
-0.0908393
-0.094085
-0.0950322
-0.0945121
-0.0928557
-0.0903747
-0.0873764
-0.0841102
-0.0807632
-0.0774692
-0.0743186
-0.0713671
-0.0686451
-0.0661645
-0.0639244
-0.061916
-0.0601254
-0.0585363
-0.0571312
-0.055893
-0.0548049
-0.0538515
-0.0530187
-0.0522939
-0.0516661
-0.0511258
-0.0506649
-0.0502766
-0.0499549
-0.0496947
-0.0494915
-0.0493418
-0.0492424
-0.0491905
-0.0491836
-0.0492187
-0.0492926
-0.0494017
-0.0495419
-0.0497078
-0.0498929
-0.0500888
-0.0502849
-0.0504687
-0.0506248
-0.0507344
-0.0507751
-0.0507198
-0.0505371
-0.05019
-0.049636
-0.0488265
-0.0477064
-0.0462141
-0.0442812
-0.0418324
-0.0387867
-0.0350579
-0.0305554
-0.0251863
-0.0188573
-0.0114783
-0.00296646
0.00674837
0.0177161
0.0299563
0.0434452
0.0580984
0.0737484
0.0901184
0.106794
0.123198
0.13858
0.152031
0.162549
0.169242
0.17135
0.167212
0.155906
-0.0943677
-0.101577
-0.105036
-0.1055
-0.104128
-0.101423
-0.0978217
-0.0937249
-0.0894378
-0.0851761
-0.0810838
-0.0772498
-0.073722
-0.0705195
-0.067642
-0.0650768
-0.0628038
-0.0607995
-0.0590389
-0.0574973
-0.0561513
-0.054979
-0.0539609
-0.0530793
-0.0523188
-0.051666
-0.0511096
-0.0506398
-0.0502486
-0.0499287
-0.0496742
-0.0494798
-0.0493411
-0.0492545
-0.0492167
-0.0492245
-0.0492744
-0.0493626
-0.0494851
-0.049637
-0.0498123
-0.0500038
-0.0502023
-0.0503964
-0.0505726
-0.0507147
-0.0508026
-0.0508127
-0.0507165
-0.0504812
-0.0500682
-0.0494335
-0.0485264
-0.0472898
-0.0456596
-0.0435645
-0.0409263
-0.0376603
-0.0336756
-0.0288764
-0.0231627
-0.016433
-0.00858693
0.000471561
0.0108287
0.0225546
0.0356937
0.050252
0.0661794
0.083346
0.101511
0.120286
0.139098
0.157155
0.173443
0.186771
0.195991
0.200012
0.196648
0.184602
-0.106214
-0.114836
-0.118356
-0.117932
-0.115232
-0.111016
-0.10589
-0.100361
-0.0947942
-0.0894246
-0.0843957
-0.0797839
-0.075619
-0.0719005
-0.068609
-0.0657146
-0.0631822
-0.0609753
-0.0590582
-0.0573973
-0.055962
-0.0547245
-0.0536605
-0.0527484
-0.0519697
-0.0513088
-0.050752
-0.0502883
-0.0499079
-0.0496026
-0.0493655
-0.0491904
-0.0490724
-0.0490072
-0.0489909
-0.0490199
-0.04909
-0.049197
-0.0493361
-0.0495018
-0.0496875
-0.0498851
-0.0500848
-0.0502742
-0.050439
-0.0505617
-0.0506213
-0.0505927
-0.0504462
-0.0501473
-0.0496563
-0.0489271
-0.0479074
-0.0465377
-0.0447515
-0.0424749
-0.0396265
-0.0361178
-0.0318535
-0.0267317
-0.0206456
-0.0134848
-0.00513753
0.00450641
0.0155514
0.0280907
0.0421974
0.0579133
0.075231
0.0940701
0.114242
0.135407
0.157018
0.178268
0.198043
0.214953
0.227535
0.234259
0.232176
0.219346
-0.121287
-0.131616
-0.134833
-0.132823
-0.128064
-0.121683
-0.114492
-0.10712
-0.0999725
-0.0932875
-0.0871867
-0.0817157
-0.0768713
-0.0726216
-0.0689196
-0.0657114
-0.0629424
-0.0605599
-0.0585153
-0.0567647
-0.0552692
-0.0539946
-0.0529113
-0.0519939
-0.0512207
-0.0505733
-0.0500365
-0.0495973
-0.0492448
-0.0489697
-0.0487641
-0.0486213
-0.0485355
-0.048502
-0.0485165
-0.0485747
-0.048672
-0.0488035
-0.0489638
-0.0491468
-0.0493453
-0.0495506
-0.0497519
-0.0499361
-0.0500878
-0.0501885
-0.050216
-0.050144
-0.0499414
-0.0495726
-0.0489962
-0.0481645
-0.0470232
-0.0455108
-0.0435585
-0.0410899
-0.0380204
-0.0342579
-0.0297021
-0.0242454
-0.0177736
-0.0101669
-0.00130153
0.00894858
0.0207083
0.0340969
0.0492217
0.0661673
0.0849802
0.105645
0.128049
0.151929
0.176805
0.201893
0.226015
0.247574
0.264737
0.275392
0.275474
0.261933
-0.141213
-0.153437
-0.155539
-0.150756
-0.142821
-0.133357
-0.12341
-0.113702
-0.104648
-0.0964461
-0.089162
-0.0827826
-0.077251
-0.0724889
-0.0684106
-0.0649316
-0.0619726
-0.059462
-0.0573362
-0.05554
-0.0540255
-0.052752
-0.0516846
-0.0507941
-0.0500557
-0.0494489
-0.0489564
-0.0485638
-0.0482592
-0.0480323
-0.0478745
-0.0477785
-0.0477382
-0.0477482
-0.047804
-0.0479006
-0.0480331
-0.048196
-0.0483833
-0.0485886
-0.0488041
-0.0490202
-0.0492255
-0.0494062
-0.0495456
-0.0496245
-0.0496196
-0.0495034
-0.0492438
-0.0488038
-0.0481406
-0.047205
-0.0459408
-0.0442847
-0.0421661
-0.0395059
-0.0362168
-0.0322028
-0.0273591
-0.0215724
-0.014721
-0.00667554
0.00270077
0.0135509
0.0260223
0.040264
0.0564222
0.0746333
0.0950107
0.117624
0.142466
0.169393
0.19805
0.227749
0.257321
0.284999
0.308542
0.325076
0.328926
0.315137
-0.168837
-0.182649
-0.1819
-0.172329
-0.15954
-0.145751
-0.132193
-0.119606
-0.108331
-0.0984558
-0.0899359
-0.0826605
-0.0764917
-0.0712866
-0.0669101
-0.0632395
-0.0601673
-0.0576003
-0.0554594
-0.0536775
-0.0521982
-0.0509743
-0.0499664
-0.0491417
-0.048473
-0.0479377
-0.0475174
-0.0471963
-0.0469618
-0.046803
-0.0467108
-0.0466775
-0.0466968
-0.0467632
-0.0468715
-0.0470165
-0.0471931
-0.0473952
-0.0476166
-0.0478503
-0.0480881
-0.0483199
-0.0485336
-0.0487145
-0.0488453
-0.0489059
-0.0488721
-0.0487155
-0.0484031
-0.0478965
-0.0471517
-0.0461183
-0.0447387
-0.0429483
-0.0406744
-0.0378359
-0.0343427
-0.0300957
-0.024986
-0.0188949
-0.0116936
-0.00324314
0.00660633
0.0180153
0.0311548
0.0462062
0.0633598
0.0828115
0.104755
0.129369
0.156785
0.187039
0.219983
0.255143
0.291505
0.327271
0.35983
0.385373
0.395995
0.38355
-0.209432
-0.222903
-0.215632
-0.197912
-0.177843
-0.158131
-0.139997
-0.124017
-0.110301
-0.0987127
-0.0890202
-0.0809645
-0.0742958
-0.0687889
-0.064249
-0.060511
-0.057437
-0.0549125
-0.0528434
-0.0511518
-0.0497742
-0.048658
-0.0477604
-0.047046
-0.046486
-0.0460567
-0.0457386
-0.0455157
-0.0453748
-0.0453048
-0.0452966
-0.0453425
-0.0454361
-0.0455717
-0.0457441
-0.045948
-0.0461777
-0.0464274
-0.0466906
-0.0469599
-0.0472267
-0.0474807
-0.047709
-0.0478964
-0.0480252
-0.0480744
-0.0480195
-0.0478312
-0.0474755
-0.0469134
-0.0460999
-0.0449836
-0.043506
-0.0416013
-0.0391956
-0.0362059
-0.0325403
-0.0280968
-0.0227634
-0.0164168
-0.00892173
-0.000130544
0.0101187
0.0220033
0.0357176
0.051476
0.0695148
0.0900951
0.113503
0.140044
0.17003
0.203741
0.241347
0.282764
0.327382
0.373695
0.419004
0.458575
0.481702
0.475135
-0.272963
-0.279713
-0.25843
-0.227165
-0.196497
-0.168996
-0.145385
-0.125703
-0.109568
-0.0964555
-0.0858471
-0.0772814
-0.0703692
-0.0647912
-0.0602895
-0.0566571
-0.0537286
-0.0513715
-0.0494799
-0.0479685
-0.0467687
-0.0458253
-0.0450935
-0.0445373
-0.0441272
-0.0438393
-0.0436544
-0.0435564
-0.0435325
-0.0435719
-0.0436657
-0.0438067
-0.0439886
-0.0442059
-0.0444536
-0.0447263
-0.0450185
-0.0453243
-0.0456373
-0.04595
-0.0462537
-0.0465376
-0.0467886
-0.0469913
-0.0471275
-0.0471762
-0.0471122
-0.0469058
-0.0465225
-0.0459227
-0.0450611
-0.0438859
-0.0423377
-0.0403504
-0.0378491
-0.0347501
-0.0309599
-0.0263752
-0.0208814
-0.0143518
-0.00664652
0.00238926
0.0129274
0.0251595
0.0393008
0.0555957
0.0743247
0.0958135
0.120443
0.148661
0.180988
0.218013
0.26035
0.308527
0.362727
0.422347
0.485354
0.546654
0.592829
0.603352
-0.378377
-0.36072
-0.311344
-0.25861
-0.213165
-0.175995
-0.146386
-0.123167
-0.105066
-0.0909622
-0.0799506
-0.071328
-0.0645555
-0.0592228
-0.0550178
-0.0517013
-0.0490894
-0.0470394
-0.0454395
-0.0442023
-0.0432584
-0.0425527
-0.0420412
-0.0416888
-0.0414672
-0.0413537
-0.0413299
-0.0413808
-0.0414944
-0.0416609
-0.0418723
-0.0421218
-0.0424039
-0.0427135
-0.0430458
-0.0433959
-0.0437586
-0.0441284
-0.0444989
-0.0448628
-0.0452114
-0.0455338
-0.045817
-0.0460455
-0.0462013
-0.0462631
-0.0462057
-0.0459992
-0.045609
-0.0449955
-0.0441137
-0.0429121
-0.0413294
-0.0393011
-0.036752
-0.033598
-0.0297456
-0.0250907
-0.0195177
-0.0128982
-0.00508941
0.00406773
0.0147517
0.0271641
0.0415358
0.0581344
0.0772761
0.0993414
0.124797
0.154228
0.188373
0.22817
0.274792
0.329634
0.394203
0.469783
0.556427
0.650241
0.737632
0.790645
-0.569284
-0.474468
-0.370836
-0.286914
-0.22283
-0.175127
-0.140187
-0.114601
-0.0957103
-0.0816275
-0.0710322
-0.0629949
-0.056858
-0.0521521
-0.0485377
-0.0457649
-0.0436474
-0.0420443
-0.0408475
-0.0399736
-0.0393574
-0.0389479
-0.0387046
-0.0385955
-0.0385952
-0.0386831
-0.038843
-0.0390618
-0.039329
-0.0396363
-0.0399768
-0.040345
-0.0407361
-0.0411457
-0.0415697
-0.0420039
-0.0424437
-0.0428839
-0.0433188
-0.0437413
-0.0441429
-0.0445131
-0.0448391
-0.0451059
-0.0452956
-0.0453872
-0.0453558
-0.0451717
-0.0448007
-0.0442037
-0.0433359
-0.0421454
-0.0405757
-0.0385585
-0.0360202
-0.0328781
-0.0290392
-0.0244
-0.0188455
-0.0122472
-0.00446245
0.00466892
0.0153276
0.0277194
0.0420819
0.0586948
0.0778936
0.100092
0.125814
0.155743
0.190795
0.232228
0.281797
0.341956
0.416109
0.508769
0.624371
0.764044
0.926084
1.08709
-0.964984
-0.622155
-0.408655
-0.287186
-0.207953
-0.154718
-0.119227
-0.0951364
-0.0783118
-0.0662939
-0.0575685
-0.0511566
-0.0464086
-0.0428839
-0.0402749
-0.0383618
-0.0369835
-0.0360197
-0.0353795
-0.0349928
-0.0348057
-0.0347758
-0.03487
-0.0350623
-0.0353321
-0.0356629
-0.0360419
-0.0364589
-0.036906
-0.0373769
-0.0378666
-0.0383711
-0.038887
-0.039411
-0.0399401
-0.0404712
-0.0410006
-0.041524
-0.0420363
-0.0425311
-0.0430006
-0.0434349
-0.0438222
-0.044148
-0.0443953
-0.0445439
-0.0445693
-0.0444429
-0.0441317
-0.0435977
-0.0427971
-0.0416798
-0.0401887
-0.0382591
-0.0358186
-0.0327863
-0.029071
-0.0245716
-0.0191755
-0.012757
-0.00517633
0.00372312
0.0141183
0.0262106
0.0402325
0.0564575
0.0752154
0.0969137
0.122074
0.151387
0.185807
0.226705
0.276142
0.33733
0.415515
0.519297
0.660914
0.858271
1.16218
1.61697
-1.67792
-0.769953
-0.368531
-0.221004
-0.146489
-0.102562
-0.0766355
-0.0607455
-0.0503755
-0.0433048
-0.0383742
-0.0349052
-0.0324735
-0.0308013
-0.0296974
-0.0290248
-0.0286823
-0.0285935
-0.0286997
-0.0289557
-0.0293261
-0.0297831
-0.0303054
-0.0308758
-0.0314812
-0.0321113
-0.0327582
-0.0334158
-0.0340799
-0.0347471
-0.0354149
-0.0360817
-0.0367457
-0.0374057
-0.0380601
-0.0387072
-0.0393448
-0.0399697
-0.040578
-0.0411644
-0.0417224
-0.0422433
-0.0427164
-0.0431285
-0.043464
-0.0437038
-0.0438251
-0.0438009
-0.0435998
-0.0431856
-0.0425168
-0.041545
-0.0402155
-0.0384664
-0.0362281
-0.0334226
-0.0299622
-0.0257497
-0.0206769
-0.0146238
-0.00745667
0.000973304
0.0108328
0.0223099
0.0356195
0.0510107
0.0687781
0.0892797
0.112963
0.140412
0.172418
0.210122
0.255272
0.310777
0.382003
0.479676
0.625339
0.871252
1.39109
2.42153
)
;

boundaryField
{
    movingWall
    {
        type            zeroGradient;
    }
    fixedWalls
    {
        type            zeroGradient;
    }
    frontAndBack
    {
        type            empty;
    }
}


// ************************************************************************* //
