/*--------------------------------*- C++ -*----------------------------------*\
  =========                 |
  \\      /  F ield         | OpenFOAM: The Open Source CFD Toolbox
   \\    /   O peration     | Website:  https://openfoam.org
    \\  /    A nd           | Version:  7
     \\/     M anipulation  |
\*---------------------------------------------------------------------------*/
FoamFile
{
    version     2.0;
    format      ascii;
    class       volScalarField;
    location    "1.875";
    object      p;
}
// * * * * * * * * * * * * * * * * * * * * * * * * * * * * * * * * * * * * * //

dimensions      [0 2 -2 0 0 0 0];

internalField   nonuniform List<scalar> 
6400
(
-1.8015e-08
9.37987e-06
-3.88442e-06
-4.16526e-05
-0.000101177
-0.000179212
-0.000272475
-0.000378108
-0.000493869
-0.000618134
-0.000749756
-0.000887948
-0.00103215
-0.0011819
-0.00133675
-0.00149618
-0.00165954
-0.00182599
-0.00199449
-0.00216377
-0.00233229
-0.00249831
-0.00265981
-0.00281456
-0.00296011
-0.00309386
-0.00321307
-0.00331491
-0.00339656
-0.00345526
-0.00348842
-0.00349369
-0.00346912
-0.00341321
-0.00332508
-0.00320454
-0.00305218
-0.00286951
-0.00265895
-0.00242391
-0.00216873
-0.00189883
-0.00162026
-0.00133994
-0.0010653
-0.000804134
-0.000564332
-0.00035363
-0.000179318
-4.79677e-05
3.48441e-05
6.47757e-05
3.89182e-05
-4.40599e-05
-0.000183835
-0.000378424
-0.000624252
-0.000916301
-0.00124833
-0.00161308
-0.00200263
-0.00240871
-0.00282296
-0.00323726
-0.00364398
-0.00403617
-0.00440771
-0.00475337
-0.00506883
-0.00535063
-0.00559609
-0.00580314
-0.00597029
-0.00609653
-0.00618142
-0.00622551
-0.00623122
-0.00620468
-0.00615774
-0.0061081
-1.10612e-05
-1.5167e-06
-1.52499e-05
-5.04582e-05
-0.000103983
-0.000173667
-0.000257239
-0.000352557
-0.000457829
-0.000571674
-0.000693024
-0.000821109
-0.000955328
-0.00109516
-0.00124012
-0.00138966
-0.00154313
-0.00169972
-0.00185848
-0.00201822
-0.00217757
-0.00233493
-0.00248848
-0.0026362
-0.00277588
-0.00290514
-0.00302148
-0.00312231
-0.00320504
-0.00326712
-0.00330613
-0.00331988
-0.00330652
-0.00326461
-0.00319326
-0.00309222
-0.00296196
-0.00280378
-0.00261984
-0.00241323
-0.00218795
-0.00194871
-0.00170128
-0.00145198
-0.00120767
-0.000975539
-0.000762898
-0.000576908
-0.000424323
-0.000311227
-0.000242777
-0.000222979
-0.000254498
-0.000338529
-0.000474724
-0.000661193
-0.000894572
-0.00117016
-0.00148213
-0.00182377
-0.00218772
-0.00256634
-0.00295194
-0.00333706
-0.00371474
-0.00407863
-0.00442317
-0.00474366
-0.00503624
-0.00529786
-0.00552625
-0.00571978
-0.00587743
-0.00599874
-0.00608389
-0.00613391
-0.00615138
-0.00614111
-0.00610809
-0.00605839
1.04661e-06
1.06831e-05
-3.51287e-06
-3.77366e-05
-8.82319e-05
-0.000153154
-0.000230707
-0.000319148
-0.000417016
-0.000523153
-0.000636666
-0.000756869
-0.000883218
-0.00101524
-0.00115247
-0.0012944
-0.00144043
-0.00158985
-0.00174175
-0.00189509
-0.0020486
-0.00220083
-0.00235012
-0.00249459
-0.00263221
-0.00276074
-0.00287784
-0.00298105
-0.00306787
-0.00313586
-0.00318264
-0.00320603
-0.00320416
-0.00317552
-0.00311913
-0.00303456
-0.00292212
-0.00278287
-0.00261874
-0.00243251
-0.00222783
-0.0020093
-0.00178223
-0.00155265
-0.00132712
-0.00111255
-0.000915984
-0.000744349
-0.000604188
-0.000501404
-0.000441008
-0.000426892
-0.000461645
-0.000546418
-0.000680858
-0.000863106
-0.00108987
-0.00135655
-0.00165749
-0.00198614
-0.0023354
-0.00269789
-0.00306623
-0.00343331
-0.00379252
-0.00413791
-0.0044643
-0.00476739
-0.00504372
-0.00529065
-0.0055063
-0.00568944
-0.00583942
-0.0059561
-0.00603984
-0.00609157
-0.00611333
-0.00610824
-0.00607524
-0.00601153
3.95144e-05
4.5098e-05
2.82498e-05
-6.92854e-06
-5.6698e-05
-0.00011931
-0.000193199
-0.000276927
-0.000369319
-0.000469462
-0.000576662
-0.000690394
-0.000810239
-0.000935829
-0.0010668
-0.00120273
-0.00134311
-0.00148734
-0.00163462
-0.00178402
-0.00193441
-0.00208446
-0.00223265
-0.00237722
-0.00251625
-0.00264761
-0.00276902
-0.00287809
-0.00297232
-0.00304925
-0.00310644
-0.00314163
-0.00315279
-0.00313827
-0.00309686
-0.00302794
-0.00293156
-0.00280854
-0.00266056
-0.00249016
-0.00230072
-0.00209668
-0.00188315
-0.00166601
-0.00145169
-0.00124705
-0.00105906
-0.000894635
-0.000760335
-0.00066209
-0.000604956
-0.000592873
-0.000628478
-0.000712962
-0.000845998
-0.00102574
-0.0012489
-0.00151088
-0.00180598
-0.00212766
-0.00246884
-0.00282216
-0.00318033
-0.00353633
-0.00388372
-0.00421678
-0.00453058
-0.00482114
-0.00508534
-0.00532092
-0.00552638
-0.00570086
-0.00584403
-0.00595598
-0.00603706
-0.00608789
-0.00610978
-0.00610435
-0.006066
-0.00598594
0.000102581
9.91546e-05
7.67674e-05
3.86537e-05
-1.21202e-05
-7.39939e-05
-0.000145631
-0.000225899
-0.000313929
-0.000409086
-0.000510915
-0.000619093
-0.000733379
-0.000853558
-0.000979403
-0.00111063
-0.00124688
-0.00138763
-0.00153227
-0.00167999
-0.00182978
-0.00198047
-0.00213062
-0.00227861
-0.00242257
-0.00256045
-0.00268996
-0.0028087
-0.00291411
-0.00300361
-0.00307462
-0.00312469
-0.00315157
-0.00315334
-0.00312853
-0.00307624
-0.00299622
-0.00288901
-0.00275604
-0.00259963
-0.00242294
-0.00223026
-0.00202658
-0.00181772
-0.00161011
-0.00141062
-0.00122633
-0.00106426
-0.000931108
-0.000832973
-0.000775083
-0.000761546
-0.00079515
-0.000877207
-0.00100748
-0.00118416
-0.00140396
-0.00166223
-0.00195321
-0.00227027
-0.00260619
-0.00295352
-0.00330495
-0.00365336
-0.00399239
-0.00431639
-0.00462061
-0.00490129
-0.00515561
-0.00538166
-0.00557828
-0.00574497
-0.00588173
-0.00598882
-0.00606664
-0.00611553
-0.00613623
-0.00612929
-0.00608609
-0.00599422
0.000187307
0.000170741
0.000140159
9.72974e-05
4.38873e-05
-1.86831e-05
-8.93555e-05
-0.00016736
-0.000252167
-0.00034345
-0.00044103
-0.00054483
-0.000654823
-0.000770989
-0.000893284
-0.00102159
-0.00115571
-0.0012953
-0.00143988
-0.00158881
-0.00174121
-0.00189603
-0.00205196
-0.00220742
-0.0023606
-0.00250942
-0.00265157
-0.00278453
-0.0029056
-0.00301199
-0.00310089
-0.00316955
-0.00321543
-0.00323626
-0.00323025
-0.00319614
-0.00313336
-0.00304213
-0.00292363
-0.00278003
-0.00261414
-0.00243024
-0.00223326
-0.00202898
-0.00182392
-0.00162507
-0.00143967
-0.00127497
-0.00113792
-0.00103491
-0.000971464
-0.00095197
-0.000979482
-0.00105554
-0.00118007
-0.00135139
-0.00156626
-0.00181999
-0.00210674
-0.00241973
-0.00275158
-0.00309466
-0.00344143
-0.0037847
-0.00411797
-0.00443555
-0.00473278
-0.00500601
-0.00525264
-0.00547101
-0.00566031
-0.00582035
-0.00595142
-0.00605401
-0.00612858
-0.00617535
-0.0061947
-0.0061865
-0.00614058
-0.00604272
0.000290102
0.000256956
0.000216001
0.000166751
0.000109315
4.4794e-05
-2.60894e-05
-0.00010298
-0.000185733
-0.000274368
-0.000369019
-0.000469887
-0.000577197
-0.000691163
-0.000811952
-0.000939652
-0.00107425
-0.0012156
-0.0013634
-0.00151715
-0.00167614
-0.00183942
-0.00200574
-0.00217359
-0.00234112
-0.00250619
-0.00266637
-0.00281894
-0.00296097
-0.00308938
-0.00320102
-0.00329278
-0.00336171
-0.00340515
-0.00342088
-0.00340727
-0.00336337
-0.00328906
-0.00318527
-0.00305412
-0.00289764
-0.00272054
-0.00252759
-0.00232459
-0.00211817
-0.00191549
-0.00172404
-0.00155136
-0.00140478
-0.00129108
-0.00121619
-0.00118491
-0.0012007
-0.00126546
-0.00137942
-0.00154112
-0.00174743
-0.00199374
-0.00227415
-0.00258174
-0.00290894
-0.00324788
-0.00359075
-0.00393013
-0.00425929
-0.00457242
-0.00486475
-0.00513267
-0.00537369
-0.00558632
-0.00577
-0.00592482
-0.00605133
-0.00615026
-0.0062222
-0.00626737
-0.006286
-0.00627764
-0.00623162
-0.00613332
0.000406699
0.000354361
0.000301185
0.000244214
0.000181614
0.000114095
4.19731e-05
-3.48768e-05
-0.000116752
-0.000204056
-0.00029727
-0.000396907
-0.00050348
-0.000617459
-0.000739258
-0.000869196
-0.00100748
-0.00115418
-0.00130918
-0.00147214
-0.0016425
-0.00181939
-0.00200162
-0.00218766
-0.0023756
-0.00256315
-0.00274767
-0.00292618
-0.00309542
-0.00325191
-0.0033921
-0.0035124
-0.0036094
-0.00367996
-0.0037214
-0.00373162
-0.00370927
-0.00365388
-0.00356611
-0.00344807
-0.00330033
-0.0031288
-0.00293789
-0.00273338
-0.00252199
-0.00231109
-0.00210847
-0.00192205
-0.00175959
-0.00162837
-0.00153486
-0.00148444
-0.00148111
-0.0015273
-0.00162371
-0.00176925
-0.00196108
-0.00219477
-0.00246444
-0.00276311
-0.00308304
-0.0034161
-0.00375416
-0.0040895
-0.00441505
-0.00472474
-0.00501362
-0.00527794
-0.00551519
-0.00572397
-0.00590385
-0.00605514
-0.00617859
-0.00627517
-0.00634565
-0.00639036
-0.00640952
-0.00640261
-0.00635922
-0.0062653
0.000532619
0.000458937
0.000392088
0.00032637
0.00025771
0.000186332
0.000112063
3.42211e-05
-4.79881e-05
-0.0001354
-0.000228878
-0.00032928
-0.000437426
-0.00055408
-0.000679922
-0.000815534
-0.000961373
-0.00111772
-0.00128468
-0.00146207
-0.00164945
-0.00184603
-0.00205063
-0.00226164
-0.00247702
-0.00269428
-0.00291048
-0.00312229
-0.00332601
-0.00351772
-0.00369333
-0.00384873
-0.00397994
-0.00408329
-0.00415555
-0.00419412
-0.00419718
-0.00416386
-0.00409412
-0.0039887
-0.00385215
-0.00368622
-0.0034961
-0.00328777
-0.00306807
-0.00284458
-0.00262541
-0.00241891
-0.00223335
-0.00207662
-0.00195587
-0.0018772
-0.00184536
-0.0018635
-0.001933
-0.00205336
-0.00222225
-0.00243555
-0.00268759
-0.00297144
-0.00327925
-0.00360266
-0.00393323
-0.00426283
-0.004584
-0.00489029
-0.00517639
-0.00543831
-0.00567337
-0.00588011
-0.00605811
-0.00620777
-0.00633002
-0.006426
-0.00649667
-0.00654252
-0.00656387
-0.00656026
-0.00652208
-0.00643645
0.000663153
0.000566245
0.000484601
0.000409371
0.000333971
0.000258026
0.000180781
0.000100913
1.70748e-05
-7.20463e-05
-0.000167733
-0.000271216
-0.00038365
-0.000506115
-0.000639593
-0.000784948
-0.000942898
-0.00111397
-0.00129847
-0.00149638
-0.00170737
-0.00193067
-0.00216508
-0.00240887
-0.00265979
-0.00291507
-0.00317138
-0.00342495
-0.00367159
-0.00390681
-0.00412592
-0.0043242
-0.00449704
-0.00464015
-0.00474968
-0.00482245
-0.00485609
-0.00484923
-0.00480141
-0.00471319
-0.00458773
-0.00442763
-0.00423767
-0.00402371
-0.00379264
-0.00355222
-0.00331087
-0.00307739
-0.00286063
-0.00266919
-0.00251104
-0.00239319
-0.00232132
-0.00229957
-0.00233025
-0.00241373
-0.00254841
-0.00273077
-0.00295555
-0.00321604
-0.00350442
-0.00381216
-0.00413053
-0.00445098
-0.00476556
-0.00506731
-0.00535046
-0.00561059
-0.00584467
-0.00605102
-0.00622907
-0.00637921
-0.00650241
-0.0065999
-0.00667279
-0.00672175
-0.00674722
-0.00674885
-0.00671816
-0.00664384
0.000792784
0.000671349
0.000574092
0.000488814
0.000406172
0.000325064
0.00024405
0.000161089
7.42111e-05
-1.8417e-05
-0.000118529
-0.000227756
-0.00034762
-0.000479539
-0.00062482
-0.000784634
-0.000959977
-0.00115163
-0.00136009
-0.00158552
-0.00182764
-0.0020857
-0.00235839
-0.00264383
-0.00293948
-0.00324218
-0.00354818
-0.00385318
-0.00415238
-0.00444066
-0.00471265
-0.00496294
-0.00518622
-0.00537747
-0.00553216
-0.00564643
-0.00571724
-0.00574262
-0.00572159
-0.00565441
-0.00554309
-0.00539047
-0.00520096
-0.00498024
-0.00473518
-0.00447365
-0.00420437
-0.00393657
-0.00367976
-0.00344332
-0.00323618
-0.00306641
-0.00294092
-0.00286505
-0.00284235
-0.00287438
-0.00296062
-0.00309845
-0.00328333
-0.00350899
-0.00376784
-0.00405135
-0.00435051
-0.00465638
-0.00496047
-0.0052552
-0.00553415
-0.00579231
-0.00602613
-0.00623346
-0.00641345
-0.00656625
-0.00669273
-0.0067941
-0.00687155
-0.00692585
-0.00695754
-0.0069664
-0.00694519
-0.00688435
0.000915929
0.000768865
0.000655418
0.000559752
0.000469498
0.000382699
0.000297122
0.000209917
0.000118437
2.0281e-05
-8.67699e-05
-0.000204773
-0.000335647
-0.000481178
-0.000643019
-0.000822663
-0.0010214
-0.00124028
-0.00147998
-0.00174081
-0.00202253
-0.00232436
-0.00264485
-0.00298185
-0.0033325
-0.00369319
-0.00405963
-0.00442691
-0.00478957
-0.00514177
-0.00547738
-0.00579021
-0.00607416
-0.0063234
-0.00653261
-0.00669715
-0.00681324
-0.00687813
-0.00689021
-0.00684915
-0.00675622
-0.00661388
-0.00642612
-0.00619835
-0.00593732
-0.00565093
-0.00534813
-0.00503857
-0.00473241
-0.00443988
-0.00417098
-0.00393505
-0.0037404
-0.0035939
-0.00350068
-0.00346384
-0.00348434
-0.00356084
-0.00368989
-0.00386603
-0.00408215
-0.00432992
-0.00460023
-0.00488375
-0.00517144
-0.00545497
-0.00572717
-0.0059822
-0.00621575
-0.00642503
-0.0066086
-0.0067662
-0.0068984
-0.00700622
-0.00709077
-0.00715282
-0.00719294
-0.00721096
-0.00720094
-0.00715511
0.00102637
0.000852914
0.000722939
0.000616699
0.000518557
0.000425562
0.000334578
0.000241864
0.000144035
3.80843e-05
-7.87277e-05
-0.000208922
-0.000354837
-0.000518651
-0.000702387
-0.00090788
-0.00113673
-0.00139024
-0.00166928
-0.00197426
-0.00230498
-0.00266055
-0.00303932
-0.00343884
-0.00385582
-0.00428614
-0.00472491
-0.00516652
-0.00560477
-0.00603302
-0.00644429
-0.00683153
-0.00718773
-0.00750621
-0.00778072
-0.00800572
-0.00817657
-0.00828965
-0.00834253
-0.00833416
-0.00826498
-0.00813687
-0.00795329
-0.00771922
-0.00744114
-0.0071269
-0.00678553
-0.00642708
-0.00606229
-0.00570229
-0.00535821
-0.0050408
-0.00475999
-0.00452445
-0.00434124
-0.00421542
-0.00414984
-0.00414496
-0.00419885
-0.0043073
-0.00446408
-0.00466134
-0.00489009
-0.00514076
-0.00540372
-0.00566989
-0.00593112
-0.00618058
-0.00641294
-0.00662447
-0.00681289
-0.00697725
-0.00711755
-0.00723444
-0.00732872
-0.00740106
-0.00745188
-0.00748097
-0.0074836
-0.00745376
0.00111744
0.000917167
0.000770541
0.000653669
0.000547422
0.000447709
0.000350388
0.000250752
0.000144625
2.83466e-05
-0.000101376
-0.000247557
-0.000412982
-0.000600251
-0.000811776
-0.00104976
-0.00131611
-0.00161238
-0.00193962
-0.00229833
-0.00268828
-0.00310843
-0.00355689
-0.00403082
-0.00452645
-0.00503907
-0.00556309
-0.00609215
-0.00661921
-0.00713674
-0.00763685
-0.00811152
-0.00855276
-0.00895286
-0.0093046
-0.00960144
-0.0098377
-0.0100088
-0.0101114
-0.0101434
-0.0101046
-0.00999587
-0.0098201
-0.00958168
-0.00928667
-0.00894268
-0.00855874
-0.00814513
-0.00771311
-0.00727465
-0.00684204
-0.00642751
-0.00604275
-0.00569851
-0.00540408
-0.00516691
-0.00499223
-0.00488282
-0.00483882
-0.00485783
-0.00493499
-0.00506338
-0.00523445
-0.00543858
-0.00566569
-0.00590588
-0.00614992
-0.00638975
-0.00661876
-0.00683194
-0.00702587
-0.00719857
-0.00734919
-0.00747769
-0.00758438
-0.00766955
-0.00773334
-0.00777537
-0.00779196
-0.00777873
0.00118207
0.000954912
0.000791718
0.00066425
0.000549697
0.000442692
0.000337991
0.00022985
0.000113248
-1.61624e-05
-0.000162267
-0.000328599
-0.000518423
-0.000734786
-0.000980518
-0.00125819
-0.00157004
-0.00191785
-0.00230286
-0.00272558
-0.00318573
-0.00368209
-0.00421243
-0.00477348
-0.00536089
-0.00596929
-0.00659234
-0.00722281
-0.00785275
-0.00847366
-0.00907661
-0.00965253
-0.0101924
-0.0106873
-0.0111289
-0.0115097
-0.0118228
-0.0120626
-0.0122245
-0.0123057
-0.0123047
-0.0122217
-0.0120586
-0.0118191
-0.0115087
-0.0111346
-0.0107056
-0.0102321
-0.00972564
-0.009199
-0.0086655
-0.00813885
-0.00763259
-0.00715968
-0.00673195
-0.0063596
-0.00605074
-0.00581101
-0.00564331
-0.00554765
-0.0055212
-0.00555855
-0.00565205
-0.00579239
-0.00596926
-0.00617197
-0.00639014
-0.00661428
-0.00683618
-0.00704925
-0.0072485
-0.00743055
-0.00759334
-0.0077358
-0.00785745
-0.00795797
-0.008037
-0.00809379
-0.00812554
-0.00812934
0.00121289
0.000959131
0.000779643
0.000641686
0.000518614
0.000403665
0.000290405
0.000171989
4.25089e-05
-0.00010311
-0.000269372
-0.000460365
-0.000679862
-0.000931383
-0.0012182
-0.00154326
-0.00190913
-0.00231783
-0.00277071
-0.00326833
-0.00381026
-0.00439504
-0.00502006
-0.00568152
-0.00637444
-0.00709269
-0.00782907
-0.00857541
-0.00932277
-0.0100615
-0.0107817
-0.011473
-0.0121252
-0.0127283
-0.0132728
-0.0137498
-0.0141513
-0.0144706
-0.0147021
-0.0148416
-0.0148866
-0.0148364
-0.0146919
-0.014456
-0.0141333
-0.0137304
-0.0132559
-0.0127199
-0.0121341
-0.0115118
-0.0108671
-0.0102152
-0.00957136
-0.00895081
-0.00836808
-0.00783642
-0.00736726
-0.0069697
-0.00665002
-0.00641141
-0.00625385
-0.00617415
-0.00616625
-0.00622168
-0.00633022
-0.00648061
-0.00666131
-0.00686123
-0.00707032
-0.00727995
-0.0074832
-0.00767482
-0.0078511
-0.00800954
-0.0081485
-0.00826678
-0.00836327
-0.00843661
-0.00848467
-0.00850588
0.00120231
0.000922611
0.000727283
0.000578992
0.00044716
0.000323521
0.000200372
6.97201e-05
-7.5268e-05
-0.000240424
-0.0004309
-0.000651368
-0.000906143
-0.00119924
-0.00153439
-0.00191494
-0.00234376
-0.0028231
-0.00335441
-0.0039382
-0.0045739
-0.0052597
-0.00599255
-0.00676803
-0.00758044
-0.00842279
-0.00928693
-0.0101637
-0.0110429
-0.0119139
-0.0127653
-0.0135858
-0.0143637
-0.0150878
-0.0157474
-0.0163324
-0.0168335
-0.0172428
-0.0175535
-0.0177604
-0.01786
-0.0178502
-0.017731
-0.0175044
-0.0171741
-0.0167459
-0.0162278
-0.0156293
-0.0149622
-0.0142398
-0.013477
-0.0126898
-0.0118952
-0.0111106
-0.0103531
-0.00963925
-0.00898413
-0.00840075
-0.00789945
-0.00748742
-0.0071683
-0.00694204
-0.006805
-0.00675032
-0.00676844
-0.00684789
-0.00697613
-0.0071404
-0.00732852
-0.00752951
-0.00773398
-0.00793432
-0.00812465
-0.0083006
-0.00845895
-0.00859723
-0.00871329
-0.00880495
-0.00887055
-0.00890963
0.00114268
0.00083808
0.000627543
0.00046911
0.000328229
0.000195043
6.05207e-05
-8.4514e-05
-0.000247844
-0.000436084
-0.000655067
-0.00091008
-0.001206
-0.00154737
-0.00193838
-0.00238278
-0.00288375
-0.00344374
-0.00406425
-0.0047457
-0.00548729
-0.00628681
-0.00714065
-0.00804371
-0.00898943
-0.00996988
-0.0109758
-0.0119969
-0.0130218
-0.0140385
-0.0150343
-0.0159965
-0.0169123
-0.017769
-0.0185546
-0.0192579
-0.0198684
-0.0203769
-0.0207758
-0.0210585
-0.0212204
-0.0212586
-0.021172
-0.0209613
-0.0206295
-0.0201814
-0.019624
-0.0189662
-0.0182194
-0.0173965
-0.0165126
-0.0155846
-0.0146304
-0.0136694
-0.0127212
-0.0118054
-0.010941
-0.0101451
-0.00943276
-0.00881596
-0.00830292
-0.00789777
-0.00760036
-0.00740641
-0.00730787
-0.00729368
-0.00735063
-0.0074644
-0.00762054
-0.00780533
-0.00800642
-0.00821328
-0.00841728
-0.00861162
-0.00879101
-0.0089513
-0.00908894
-0.00920069
-0.00928513
-0.00934278
0.00102644
0.00069837
0.000473419
0.000305058
0.000154782
1.10805e-05
-0.000136444
-0.000298169
-0.00048285
-0.000697904
-0.000949871
-0.00124467
-0.00158778
-0.00198427
-0.00243882
-0.00295557
-0.00353799
-0.00418868
-0.00490915
-0.00569969
-0.00655914
-0.00748484
-0.00847249
-0.00951619
-0.0106084
-0.0117401
-0.0129009
-0.0140791
-0.0152621
-0.0164363
-0.0175879
-0.0187026
-0.0197662
-0.0207648
-0.0216853
-0.022515
-0.0232425
-0.0238577
-0.0243516
-0.0247171
-0.0249483
-0.0250414
-0.0249942
-0.0248067
-0.0244805
-0.0240195
-0.0234296
-0.0227188
-0.0218975
-0.0209781
-0.0199754
-0.0189063
-0.0177895
-0.0166456
-0.0154961
-0.0143638
-0.0132709
-0.0122392
-0.0112888
-0.0104368
-0.00969717
-0.00907923
-0.00858757
-0.00822171
-0.00797627
-0.0078415
-0.0078042
-0.00784881
-0.00795858
-0.00811679
-0.00830769
-0.0085172
-0.0087333
-0.00894609
-0.00914764
-0.00933163
-0.00949274
-0.00962636
-0.00973108
-0.00980832
0.000846326
0.000496589
0.000258175
8.0111e-05
-7.99647e-05
-0.000235249
-0.000397529
-0.000578388
-0.000787562
-0.00103329
-0.00132282
-0.00166275
-0.00205915
-0.00251766
-0.00304342
-0.00364097
-0.00431403
-0.0050653
-0.00589624
-0.00680691
-0.00779573
-0.00885942
-0.00999292
-0.0111894
-0.0124401
-0.0137349
-0.015062
-0.0164082
-0.0177595
-0.0191009
-0.0204169
-0.021692
-0.0229107
-0.0240577
-0.0251187
-0.0260801
-0.0269296
-0.027656
-0.0282498
-0.0287027
-0.0290084
-0.0291619
-0.0291605
-0.029003
-0.0286901
-0.0282244
-0.0276108
-0.026856
-0.0259692
-0.0249619
-0.0238479
-0.0226435
-0.0213675
-0.020041
-0.0186871
-0.0173303
-0.0159965
-0.0147115
-0.0135004
-0.0123862
-0.011389
-0.0105245
-0.00980349
-0.0092306
-0.00880456
-0.00851825
-0.00835948
-0.00831207
-0.00835731
-0.00847534
-0.0086466
-0.00885285
-0.00907797
-0.00930824
-0.00953242
-0.00974144
-0.00992776
-0.010085
-0.0102116
-0.0103099
0.000595547
0.000226306
-2.44783e-05
-0.000212007
-0.000382338
-0.000550359
-0.000729243
-0.000931773
-0.00116866
-0.00144896
-0.00178068
-0.00217106
-0.00262681
-0.00315413
-0.00375862
-0.00444518
-0.00521773
-0.00607903
-0.00703041
-0.00807157
-0.00920039
-0.0104129
-0.011703
-0.0130628
-0.0144824
-0.0159501
-0.0174526
-0.0189753
-0.0205024
-0.0220175
-0.0235036
-0.0249438
-0.0263211
-0.0276194
-0.0288232
-0.0299181
-0.0308911
-0.0317302
-0.0324254
-0.0329681
-0.0333511
-0.0335687
-0.033618
-0.0334967
-0.0332045
-0.0327431
-0.0321158
-0.0313283
-0.0303882
-0.0293055
-0.0280927
-0.0267649
-0.0253401
-0.0238391
-0.0222854
-0.020705
-0.0191261
-0.017578
-0.0160906
-0.0146928
-0.0134114
-0.0122693
-0.0112845
-0.0104684
-0.00982574
-0.0093535
-0.00904196
-0.00887545
-0.00883387
-0.00889445
-0.00903354
-0.00922822
-0.00945749
-0.00970304
-0.00994951
-0.0101844
-0.0103975
-0.0105802
-0.0107305
-0.0108516
0.000267973
-0.000118265
-0.000380191
-0.000576935
-0.000758011
-0.000939981
-0.00113738
-0.00136416
-0.00163199
-0.00195076
-0.00232919
-0.00277524
-0.00329622
-0.00389888
-0.00458927
-0.0053726
-0.00625295
-0.00723303
-0.00831394
-0.00949491
-0.0107732
-0.0121438
-0.0135996
-0.0151315
-0.016728
-0.0183758
-0.0200602
-0.0217647
-0.0234719
-0.0251638
-0.0268219
-0.0284279
-0.0299638
-0.0314123
-0.0327573
-0.0339838
-0.035078
-0.036028
-0.0368232
-0.0374547
-0.0379151
-0.038198
-0.0383016
-0.0382213
-0.0379565
-0.0375078
-0.0368776
-0.0360699
-0.0350908
-0.0339485
-0.0326537
-0.0312198
-0.0296631
-0.0280032
-0.0262631
-0.024469
-0.0226504
-0.0208392
-0.0190691
-0.0173746
-0.0157891
-0.0143433
-0.0130635
-0.0119694
-0.0110733
-0.0103784
-0.00987938
-0.00956261
-0.00940773
-0.0093896
-0.00948053
-0.0096525
-0.00987894
-0.0101361
-0.0104035
-0.0106647
-0.0109058
-0.0111156
-0.0112917
-0.0114378
-0.000141664
-0.000542077
-0.000813787
-0.00101948
-0.00121181
-0.00140897
-0.0016268
-0.0018804
-0.00218235
-0.00254336
-0.00297288
-0.00347956
-0.00407131
-0.00475542
-0.00553835
-0.00642556
-0.0074212
-0.00852785
-0.00974624
-0.011075
-0.0125105
-0.0140467
-0.0156753
-0.0173855
-0.0191643
-0.0209968
-0.0228661
-0.0247543
-0.0266422
-0.0285102
-0.0303383
-0.0321069
-0.0337972
-0.0353911
-0.0368719
-0.038224
-0.0394339
-0.0404893
-0.0413798
-0.0420963
-0.042632
-0.0429815
-0.0431384
-0.0431017
-0.0428694
-0.0424412
-0.0418183
-0.0410033
-0.0400005
-0.0388164
-0.0374594
-0.0359407
-0.0342744
-0.032478
-0.0305728
-0.028584
-0.0265411
-0.0244772
-0.0224289
-0.0204349
-0.0185349
-0.0167672
-0.015167
-0.0137638
-0.0125789
-0.0116241
-0.0109007
-0.0103991
-0.0101004
-0.00997814
-0.0100012
-0.0101361
-0.0103503
-0.0106135
-0.0108995
-0.0111865
-0.0114566
-0.0116952
-0.0118992
-0.0120732
-0.000637586
-0.00104907
-0.00132909
-0.00154344
-0.00174753
-0.0019611
-0.00220126
-0.00248414
-0.00282326
-0.00323007
-0.00371479
-0.00428669
-0.0049543
-0.00572539
-0.00660677
-0.00760409
-0.00872148
-0.00996125
-0.0113236
-0.0128065
-0.0144051
-0.0161123
-0.0179182
-0.0198103
-0.0217739
-0.0237921
-0.0258462
-0.0279165
-0.0299819
-0.0320213
-0.0340135
-0.0359378
-0.0377746
-0.0395052
-0.0411126
-0.0425814
-0.043898
-0.0450504
-0.0460285
-0.0468238
-0.0474293
-0.0478399
-0.0480507
-0.0480589
-0.0478626
-0.0474611
-0.0468545
-0.0460443
-0.0450332
-0.0438256
-0.0424277
-0.0408481
-0.0390981
-0.0371925
-0.03515
-0.0329936
-0.0307513
-0.0284558
-0.0261449
-0.0238603
-0.0216465
-0.019549
-0.0176119
-0.0158748
-0.01437
-0.0131198
-0.0121344
-0.0114111
-0.0109346
-0.0106791
-0.0106105
-0.0106907
-0.0108803
-0.011142
-0.0114427
-0.0117545
-0.0120541
-0.0123231
-0.0125573
-0.0127621
-0.00122281
-0.00164202
-0.00192878
-0.00215144
-0.00236776
-0.00259892
-0.00286319
-0.0031777
-0.00355679
-0.0040127
-0.00455631
-0.00519754
-0.00594547
-0.00680831
-0.00779317
-0.00890577
-0.0101501
-0.0115281
-0.0130393
-0.0146806
-0.0164461
-0.0183272
-0.0203123
-0.022387
-0.0245347
-0.0267364
-0.0289717
-0.0312187
-0.0334548
-0.0356575
-0.0378043
-0.0398739
-0.0418458
-0.0437013
-0.0454233
-0.0469968
-0.0484085
-0.0496471
-0.0507029
-0.0515682
-0.0522367
-0.0527032
-0.0529639
-0.0530159
-0.0528572
-0.0524865
-0.0519035
-0.0511085
-0.050103
-0.0488893
-0.0474716
-0.0458556
-0.0440496
-0.0420653
-0.0399177
-0.0376268
-0.0352175
-0.0327209
-0.030174
-0.0276194
-0.025105
-0.0226819
-0.0204023
-0.018316
-0.0164671
-0.0148902
-0.0136071
-0.0126246
-0.0119341
-0.0115124
-0.0113248
-0.0113288
-0.0114786
-0.011729
-0.0120389
-0.0123731
-0.0127023
-0.0130032
-0.01327
-0.0135089
-0.00189901
-0.00232241
-0.00261423
-0.00284481
-0.00307377
-0.00332359
-0.0036136
-0.00396185
-0.00438345
-0.00489133
-0.00549705
-0.0062111
-0.00704308
-0.00800156
-0.00909385
-0.0103257
-0.0117007
-0.0132203
-0.0148833
-0.0166853
-0.0186192
-0.0206745
-0.0228378
-0.0250929
-0.0274208
-0.0298008
-0.0322101
-0.0346252
-0.0370221
-0.0393766
-0.0416657
-0.043867
-0.0459602
-0.0479263
-0.0497488
-0.051413
-0.0529063
-0.0542184
-0.0553405
-0.0562655
-0.0569881
-0.0575038
-0.0578093
-0.057902
-0.0577803
-0.0574426
-0.0568883
-0.0561168
-0.0551285
-0.0539243
-0.0525059
-0.0508768
-0.0490421
-0.0470099
-0.0447915
-0.0424026
-0.0398645
-0.0372045
-0.0344571
-0.0316642
-0.0288744
-0.0261426
-0.0235275
-0.0210882
-0.0188807
-0.0169531
-0.0153408
-0.0140633
-0.0131217
-0.0124988
-0.0121614
-0.0120643
-0.0121556
-0.0123821
-0.0126939
-0.0130472
-0.0134053
-0.0137391
-0.0140409
-0.0143175
-0.00266642
-0.00309032
-0.00338546
-0.00362349
-0.00386539
-0.00413478
-0.00445197
-0.00483578
-0.00530204
-0.00586431
-0.00653476
-0.0073244
-0.00824329
-0.00930027
-0.0105028
-0.0118563
-0.0133642
-0.0150272
-0.0168428
-0.0188057
-0.0209068
-0.0231341
-0.0254721
-0.0279023
-0.0304037
-0.0329534
-0.0355269
-0.0380987
-0.0406434
-0.043136
-0.0455524
-0.0478701
-0.0500687
-0.0521297
-0.054037
-0.0557768
-0.0573374
-0.0587095
-0.0598854
-0.0608592
-0.0616262
-0.062183
-0.062527
-0.0626562
-0.0625692
-0.0622647
-0.0617418
-0.0609996
-0.0600375
-0.0588551
-0.0574526
-0.0558309
-0.0539924
-0.0519417
-0.049686
-0.0472366
-0.0446099
-0.0418288
-0.0389233
-0.0359323
-0.0329032
-0.0298919
-0.0269612
-0.024178
-0.0216092
-0.0193166
-0.0173509
-0.0157467
-0.0145183
-0.0136581
-0.0131375
-0.0129111
-0.0129222
-0.0131096
-0.0134137
-0.0137814
-0.014167
-0.0145345
-0.0148735
-0.0151914
-0.00352376
-0.0039444
-0.004241
-0.00448594
-0.00474095
-0.00503065
-0.00537617
-0.00579702
-0.00630964
-0.00692817
-0.00766528
-0.00853249
-0.00954017
-0.0106974
-0.0120115
-0.0134879
-0.0151292
-0.0169352
-0.0189025
-0.0210239
-0.023289
-0.0256835
-0.0281898
-0.0307873
-0.0334528
-0.0361614
-0.0388865
-0.0416013
-0.044279
-0.0468938
-0.0494213
-0.0518388
-0.0541262
-0.0562655
-0.0582416
-0.0600416
-0.061655
-0.0630736
-0.0642909
-0.0653021
-0.0661037
-0.0666932
-0.0670687
-0.0672291
-0.0671734
-0.0669006
-0.0664098
-0.0657
-0.0647701
-0.0636187
-0.0622447
-0.0606472
-0.0588261
-0.0567827
-0.0545204
-0.0520461
-0.0493708
-0.0465119
-0.0434942
-0.0403513
-0.0371272
-0.0338761
-0.0306622
-0.0275574
-0.0246378
-0.0219778
-0.019644
-0.0176882
-0.016141
-0.0150083
-0.0142701
-0.0138837
-0.0137898
-0.01392
-0.0142047
-0.0145802
-0.014991
-0.0153923
-0.0157707
-0.0161336
-0.00446819
-0.00488176
-0.00517795
-0.00542913
-0.00569724
-0.00600775
-0.00638245
-0.00684142
-0.00740159
-0.00807761
-0.0088826
-0.00982844
-0.0109258
-0.0121838
-0.0136097
-0.0152083
-0.0169818
-0.0189288
-0.0210445
-0.0233203
-0.0257436
-0.0282982
-0.0309642
-0.0337189
-0.0365369
-0.0393912
-0.0422537
-0.0450961
-0.0478907
-0.0506111
-0.0532325
-0.0557328
-0.0580922
-0.0602936
-0.0623227
-0.0641681
-0.0658204
-0.0672726
-0.0685196
-0.0695576
-0.0703843
-0.0709982
-0.0713983
-0.0715841
-0.0715552
-0.0713113
-0.0708515
-0.070175
-0.0692803
-0.0681658
-0.0668292
-0.0652683
-0.0634811
-0.0614662
-0.0592236
-0.0567557
-0.0540687
-0.0511739
-0.0480899
-0.0448439
-0.0414742
-0.0380308
-0.0345764
-0.0311846
-0.0279376
-0.0249208
-0.0222161
-0.0198931
-0.0180015
-0.0165642
-0.0155742
-0.0149957
-0.0147695
-0.0148216
-0.0150729
-0.0154482
-0.0158805
-0.0163153
-0.0167347
-0.0171464
-0.00549537
-0.00589809
-0.00619192
-0.00644855
-0.00672959
-0.00706112
-0.00746549
-0.00796319
-0.00857157
-0.00930565
-0.0101789
-0.0112035
-0.0123903
-0.0137484
-0.0152848
-0.0170037
-0.0189064
-0.0209905
-0.0232497
-0.0256734
-0.0282472
-0.0309527
-0.0337679
-0.0366677
-0.0396249
-0.0426104
-0.0455948
-0.0485485
-0.0514433
-0.0542522
-0.0569507
-0.0595171
-0.0619323
-0.0641803
-0.066248
-0.0681251
-0.0698036
-0.0712778
-0.0725438
-0.0735991
-0.0744423
-0.0750729
-0.0754908
-0.0756963
-0.0756896
-0.0754708
-0.0750396
-0.0743953
-0.0735365
-0.0724614
-0.0711674
-0.0696513
-0.0679096
-0.065939
-0.0637366
-0.0613012
-0.0586341
-0.0557411
-0.0526339
-0.0493328
-0.0458686
-0.042285
-0.03864
-0.0350057
-0.0314671
-0.0281174
-0.0250516
-0.0223571
-0.0201039
-0.0183356
-0.0170622
-0.0162593
-0.0158719
-0.0158228
-0.0160243
-0.0163893
-0.0168382
-0.0173052
-0.0177672
-0.018231
-0.00659948
-0.00698763
-0.00727713
-0.0075383
-0.00783185
-0.00818432
-0.00861846
-0.00915503
-0.00981166
-0.0106037
-0.0115448
-0.0126474
-0.0139223
-0.0153786
-0.0170227
-0.0188584
-0.0208859
-0.0231015
-0.0254972
-0.0280607
-0.0307756
-0.0336212
-0.0365733
-0.0396049
-0.0426866
-0.045788
-0.0488782
-0.0519268
-0.0549049
-0.0577858
-0.0605453
-0.0631621
-0.0656183
-0.0678989
-0.0699921
-0.0718889
-0.0735826
-0.0750688
-0.0763448
-0.077409
-0.0782613
-0.078902
-0.0793317
-0.0795515
-0.0795621
-0.0793643
-0.0789583
-0.0783438
-0.0775196
-0.076484
-0.0752343
-0.073767
-0.0720779
-0.070162
-0.0680146
-0.0656314
-0.0630097
-0.0601499
-0.0570576
-0.0537455
-0.0502362
-0.0465655
-0.0427839
-0.0389589
-0.0351744
-0.0315275
-0.0281234
-0.0250654
-0.0224443
-0.0203261
-0.0187421
-0.0176843
-0.0171062
-0.016931
-0.0170641
-0.0174069
-0.0178662
-0.0183634
-0.0188689
-0.0193881
-0.00777331
-0.00814332
-0.00842649
-0.00869114
-0.00899657
-0.00936957
-0.00983315
-0.0104082
-0.0111125
-0.0119616
-0.0129693
-0.0141481
-0.0155088
-0.0170601
-0.0188081
-0.0207557
-0.0229019
-0.0252418
-0.0277656
-0.0304593
-0.0333043
-0.0362778
-0.0393536
-0.0425027
-0.0456939
-0.0488954
-0.0520753
-0.0552026
-0.0582482
-0.0611855
-0.0639909
-0.0666441
-0.069128
-0.071429
-0.0735366
-0.0754429
-0.0771427
-0.0786327
-0.0799112
-0.0809778
-0.0818331
-0.0824782
-0.0829146
-0.0831439
-0.0831675
-0.0829866
-0.0826019
-0.0820137
-0.0812213
-0.0802232
-0.079017
-0.0775993
-0.0759654
-0.0741099
-0.0720265
-0.0697088
-0.0671511
-0.0643492
-0.061303
-0.0580181
-0.0545087
-0.0508014
-0.0469377
-0.0429775
-0.0389996
-0.0351013
-0.0313936
-0.0279929
-0.0250091
-0.0225318
-0.0206168
-0.0192768
-0.0184793
-0.0181522
-0.0181968
-0.0185037
-0.0189658
-0.0194901
-0.0200392
-0.0206167
-0.00900842
-0.0093569
-0.00963174
-0.00989868
-0.0102151
-0.0106079
-0.0111001
-0.0117128
-0.0124636
-0.0133682
-0.0144404
-0.0156927
-0.0171358
-0.0187778
-0.0206245
-0.0226777
-0.0249354
-0.027391
-0.0300334
-0.0328464
-0.0358095
-0.0388979
-0.0420833
-0.0453351
-0.0486205
-0.0519066
-0.0551607
-0.0583513
-0.0614496
-0.0644292
-0.0672673
-0.0699444
-0.0724448
-0.0747561
-0.0768688
-0.0787766
-0.0804753
-0.0819626
-0.083238
-0.0843019
-0.0851555
-0.0858008
-0.0862397
-0.0864745
-0.086507
-0.086339
-0.0859718
-0.085406
-0.0846416
-0.0836776
-0.0825121
-0.081142
-0.0795628
-0.077769
-0.0757537
-0.0735091
-0.0710272
-0.0683007
-0.0653244
-0.0620976
-0.0586265
-0.0549282
-0.0510341
-0.0469941
-0.0428791
-0.038782
-0.0348154
-0.0311044
-0.0277753
-0.0249407
-0.0226825
-0.0210386
-0.0199954
-0.0194906
-0.0194253
-0.0196812
-0.0201369
-0.0206842
-0.0212767
-0.0219148
-0.0102953
-0.0106191
-0.0108836
-0.0111515
-0.0114777
-0.0118892
-0.012409
-0.0130577
-0.0138533
-0.0148111
-0.015945
-0.0172672
-0.0187882
-0.0205158
-0.0224548
-0.0246063
-0.026967
-0.0295289
-0.032279
-0.0351996
-0.038268
-0.0414576
-0.0447385
-0.0480783
-0.051443
-0.0547988
-0.0581124
-0.0613523
-0.0644898
-0.0674992
-0.0703585
-0.0730493
-0.0755569
-0.0778702
-0.0799811
-0.0818841
-0.0835764
-0.0850565
-0.0863247
-0.0873822
-0.0882308
-0.088873
-0.0893114
-0.0895484
-0.0895865
-0.0894279
-0.0890743
-0.088527
-0.0877863
-0.0868522
-0.0857232
-0.0843968
-0.0828692
-0.0811352
-0.0791878
-0.0770188
-0.0746188
-0.0719783
-0.0690883
-0.0659426
-0.0625405
-0.0588899
-0.0550117
-0.0509446
-0.0467488
-0.0425093
-0.0383355
-0.0343565
-0.0307111
-0.0275323
-0.0249287
-0.0229659
-0.0216546
-0.0209478
-0.0207509
-0.0209394
-0.0213784
-0.0219435
-0.0225782
-0.023279
-0.0116235
-0.0119197
-0.012172
-0.0124394
-0.0127741
-0.0132028
-0.0137484
-0.0144313
-0.0152692
-0.0162773
-0.0174692
-0.018857
-0.0204506
-0.0222575
-0.0242816
-0.0265231
-0.0289774
-0.0316352
-0.0344817
-0.0374974
-0.040658
-0.0439352
-0.0472974
-0.0507107
-0.0541405
-0.0575521
-0.0609118
-0.0641883
-0.0673534
-0.0703819
-0.0732528
-0.0759488
-0.0784564
-0.0807656
-0.0828693
-0.0847634
-0.0864455
-0.0879154
-0.0891738
-0.0902226
-0.0910642
-0.0917013
-0.0921368
-0.0923737
-0.0924147
-0.0922624
-0.091919
-0.0913862
-0.090665
-0.089756
-0.0886585
-0.0873708
-0.0858899
-0.0842113
-0.0823286
-0.0802336
-0.0779167
-0.0753668
-0.0725725
-0.0695235
-0.066213
-0.0626408
-0.0588177
-0.0547705
-0.0505474
-0.0462223
-0.0418971
-0.0376999
-0.033777
-0.0302782
-0.0273371
-0.0250491
-0.0234528
-0.0225223
-0.0221724
-0.0222764
-0.0226873
-0.0232642
-0.0239392
-0.0247039
-0.012982
-0.0132481
-0.0134863
-0.0137516
-0.014093
-0.0145372
-0.0151065
-0.0158213
-0.0166985
-0.0177533
-0.0189989
-0.0204471
-0.0221074
-0.0239865
-0.0260877
-0.0284102
-0.030948
-0.0336905
-0.0366215
-0.0397197
-0.0429593
-0.0463104
-0.04974
-0.0532134
-0.0566949
-0.0601494
-0.0635433
-0.0668454
-0.070028
-0.0730668
-0.0759417
-0.0786364
-0.0811386
-0.0834393
-0.0855325
-0.0874147
-0.0890847
-0.0905427
-0.09179
-0.092829
-0.0936623
-0.0942931
-0.0947244
-0.0949595
-0.0950014
-0.0948529
-0.0945167
-0.0939947
-0.0932889
-0.0924002
-0.0913289
-0.0900742
-0.0886341
-0.0870049
-0.0851814
-0.0831561
-0.0809194
-0.0784599
-0.0757649
-0.0728211
-0.069617
-0.0661457
-0.0624087
-0.0584215
-0.0542191
-0.0498624
-0.0454425
-0.0410814
-0.0369276
-0.0331428
-0.0298828
-0.0272721
-0.0253808
-0.0242087
-0.0236861
-0.0236884
-0.0240589
-0.0246405
-0.0253532
-0.0261824
-0.0143593
-0.0145931
-0.0148153
-0.0150768
-0.0154232
-0.0158807
-0.0164714
-0.0172149
-0.018128
-0.0192253
-0.0205198
-0.0220226
-0.0237428
-0.0256865
-0.0278561
-0.0302498
-0.0328606
-0.0356765
-0.0386797
-0.0418477
-0.0451532
-0.048565
-0.052049
-0.0555696
-0.0590906
-0.0625766
-0.0659942
-0.0693125
-0.0725043
-0.0755464
-0.0784194
-0.0811081
-0.0836012
-0.0858906
-0.0879711
-0.0898403
-0.0914972
-0.0929428
-0.0941787
-0.0952076
-0.0960325
-0.0966565
-0.0970829
-0.0973152
-0.0973565
-0.0972098
-0.0968781
-0.0963639
-0.0956695
-0.0947966
-0.0937462
-0.0925186
-0.0911128
-0.0895264
-0.0877552
-0.0857929
-0.0836308
-0.0812578
-0.0786607
-0.0758247
-0.0727351
-0.0693794
-0.0657514
-0.0618559
-0.0577152
-0.053376
-0.0489159
-0.0444468
-0.0401138
-0.0360851
-0.0325341
-0.0296129
-0.027424
-0.0259976
-0.025285
-0.0251689
-0.0254864
-0.0260649
-0.0268119
-0.0277057
-0.0157437
-0.0159433
-0.016148
-0.0164038
-0.0167532
-0.0172215
-0.0178306
-0.0185996
-0.0195446
-0.0206798
-0.0220176
-0.0235687
-0.0253415
-0.0273416
-0.0295705
-0.0320253
-0.0346982
-0.0375757
-0.0406391
-0.0438644
-0.047223
-0.0506829
-0.054209
-0.057765
-0.0613145
-0.064822
-0.0682542
-0.0715808
-0.0747753
-0.0778152
-0.0806821
-0.0833616
-0.0858433
-0.08812
-0.0901872
-0.092043
-0.0936871
-0.0951206
-0.0963457
-0.097365
-0.0981817
-0.0987991
-0.0992205
-0.0994494
-0.0994891
-0.0993427
-0.0990135
-0.0985043
-0.0978178
-0.0969564
-0.095922
-0.0947157
-0.0933377
-0.0917869
-0.0900604
-0.0881533
-0.0860583
-0.0837653
-0.0812613
-0.0785311
-0.0755579
-0.0723256
-0.0688215
-0.0650413
-0.0609953
-0.056716
-0.0522657
-0.047743
-0.0432848
-0.0390601
-0.0352543
-0.0320436
-0.0295626
-0.0278751
-0.0269586
-0.0267089
-0.0269606
-0.0275278
-0.028305
-0.0292626
-0.0171235
-0.0172875
-0.017473
-0.0177215
-0.0180714
-0.0185479
-0.0191723
-0.019963
-0.0209355
-0.0221034
-0.0234785
-0.0250711
-0.0268889
-0.0289367
-0.0312153
-0.033721
-0.0364448
-0.0393724
-0.0424838
-0.0457541
-0.0491538
-0.0526498
-0.0562066
-0.0597874
-0.0633556
-0.0668758
-0.0703151
-0.0736438
-0.0768358
-0.0798696
-0.0827274
-0.0853959
-0.0878652
-0.0901289
-0.092183
-0.0940261
-0.0956582
-0.0970808
-0.0982961
-0.0993069
-0.100116
-0.100728
-0.101144
-0.10137
-0.101407
-0.10126
-0.100932
-0.100425
-0.0997434
-0.0988898
-0.0978668
-0.0966764
-0.0953199
-0.0937976
-0.092108
-0.0902479
-0.0882114
-0.0859899
-0.0835716
-0.0809416
-0.0780823
-0.0749752
-0.0716029
-0.0679537
-0.0640273
-0.0598424
-0.0554457
-0.0509203
-0.0463905
-0.0420207
-0.0380026
-0.0345315
-0.031772
-0.0298231
-0.028693
-0.0282962
-0.02847
-0.0290173
-0.0298201
-0.03084
-0.0184872
-0.0186147
-0.0187797
-0.0190189
-0.019367
-0.0198488
-0.0204849
-0.0212931
-0.0222883
-0.0234834
-0.0248895
-0.0265164
-0.028371
-0.0304576
-0.0327761
-0.0353222
-0.0380859
-0.0410519
-0.0441997
-0.0475032
-0.0509324
-0.0544534
-0.0580304
-0.0616264
-0.0652048
-0.0687303
-0.0721705
-0.0754962
-0.078682
-0.081707
-0.0845542
-0.0872108
-0.0896678
-0.091919
-0.0939611
-0.0957928
-0.0974145
-0.0988277
-0.100035
-0.101038
-0.101842
-0.102448
-0.10286
-0.103082
-0.103117
-0.102969
-0.10264
-0.102134
-0.101454
-0.100605
-0.0995895
-0.09841
-0.0970692
-0.0955687
-0.0939084
-0.0920868
-0.0900999
-0.0879407
-0.0855991
-0.0830611
-0.0803097
-0.0773249
-0.0740864
-0.0705769
-0.0667869
-0.0627229
-0.0584163
-0.0539333
-0.049383
-0.0449198
-0.0407359
-0.0370399
-0.034023
-0.031819
-0.0304705
-0.0299161
-0.0300007
-0.0305193
-0.0313426
-0.0324229
-0.0198241
-0.0199144
-0.0200576
-0.0202857
-0.0206295
-0.0211134
-0.0217575
-0.0225788
-0.0235915
-0.0248078
-0.0262383
-0.0278919
-0.029775
-0.0318912
-0.0342398
-0.0368156
-0.0396082
-0.0426015
-0.0457742
-0.0490997
-0.0525474
-0.0560831
-0.0596709
-0.0632735
-0.0668546
-0.0703793
-0.0738154
-0.0771342
-0.0803111
-0.0833257
-0.0861616
-0.0888066
-0.0912519
-0.0934919
-0.0955236
-0.0973459
-0.0989591
-0.100365
-0.101565
-0.102564
-0.103362
-0.103964
-0.104373
-0.104593
-0.104625
-0.104474
-0.104143
-0.103637
-0.102957
-0.10211
-0.101098
-0.0999245
-0.0985941
-0.097109
-0.0954708
-0.0936797
-0.0917333
-0.0896269
-0.087352
-0.0848966
-0.0822443
-0.0793755
-0.0762681
-0.0729008
-0.069257
-0.0653327
-0.0611448
-0.0567426
-0.052218
-0.0477116
-0.0434101
-0.0395296
-0.0362828
-0.0338366
-0.0322699
-0.0315504
-0.0315359
-0.0320177
-0.0328561
-0.0339941
-0.0211242
-0.0211764
-0.0212972
-0.0215123
-0.0218492
-0.0223318
-0.0229799
-0.0238095
-0.0248342
-0.0260656
-0.0275135
-0.029186
-0.0310892
-0.0332256
-0.0355944
-0.0381896
-0.0410002
-0.0440097
-0.0471963
-0.0505331
-0.0539891
-0.0575301
-0.0611199
-0.0647216
-0.068299
-0.0718176
-0.0752456
-0.0785548
-0.0817211
-0.0847246
-0.0875493
-0.0901834
-0.0926186
-0.0948493
-0.0968726
-0.0986875
-0.100294
-0.101695
-0.102891
-0.103886
-0.104681
-0.10528
-0.105687
-0.105904
-0.105934
-0.10578
-0.105447
-0.104938
-0.104257
-0.103408
-0.102397
-0.101226
-0.0999012
-0.0984259
-0.0968032
-0.0950348
-0.0931204
-0.0910572
-0.0888389
-0.0864555
-0.0838923
-0.0811306
-0.078148
-0.0749205
-0.0714266
-0.0676533
-0.0636049
-0.0593145
-0.0548559
-0.0503529
-0.0459819
-0.04196
-0.038516
-0.0358464
-0.0340671
-0.0331784
-0.0330568
-0.0334939
-0.034342
-0.0355345
-0.0223767
-0.0223927
-0.0224897
-0.0226899
-0.0230174
-0.0234953
-0.024143
-0.024976
-0.0260071
-0.027247
-0.028705
-0.0303885
-0.0323029
-0.0344504
-0.0368293
-0.0394335
-0.0422515
-0.0452666
-0.0484566
-0.0517945
-0.0552492
-0.0587867
-0.0623708
-0.065965
-0.0695331
-0.0730413
-0.076458
-0.0797557
-0.0829105
-0.0859028
-0.0887171
-0.0913418
-0.0937685
-0.0959921
-0.0980094
-0.0998195
-0.101423
-0.10282
-0.104014
-0.105006
-0.1058
-0.106398
-0.106803
-0.107018
-0.107046
-0.10689
-0.106554
-0.106041
-0.105357
-0.104505
-0.103491
-0.102319
-0.100996
-0.0995251
-0.0979118
-0.096159
-0.0942685
-0.0922394
-0.0900677
-0.0877456
-0.0852606
-0.0825956
-0.0797286
-0.0766348
-0.0732893
-0.0696721
-0.0657768
-0.0616217
-0.0572624
-0.0528044
-0.0484096
-0.0442905
-0.0406855
-0.0378164
-0.0358348
-0.0347767
-0.0345421
-0.0349274
-0.0357798
-0.0370234
-0.0235743
-0.0235542
-0.0236272
-0.023811
-0.0241263
-0.024596
-0.0252389
-0.0260701
-0.0271015
-0.0283433
-0.0298039
-0.0314904
-0.0334072
-0.0355563
-0.0379356
-0.0405386
-0.0433536
-0.0463638
-0.0495471
-0.0528765
-0.0563211
-0.059847
-0.0634183
-0.0669989
-0.0705531
-0.0740472
-0.0774503
-0.080735
-0.0838779
-0.0868596
-0.0896648
-0.0922818
-0.0947023
-0.0969211
-0.0989351
-0.100743
-0.102345
-0.103742
-0.104935
-0.105928
-0.106722
-0.10732
-0.107724
-0.107937
-0.107963
-0.107804
-0.107465
-0.106948
-0.106259
-0.105402
-0.104383
-0.103208
-0.101881
-0.100411
-0.0988016
-0.0970581
-0.095184
-0.0931804
-0.0910457
-0.0887743
-0.0863563
-0.0837765
-0.0810145
-0.0780455
-0.0748426
-0.0713812
-0.0676461
-0.0636424
-0.0594086
-0.0550311
-0.0506544
-0.0464811
-0.0427533
-0.0397125
-0.0375436
-0.0363197
-0.0359683
-0.036296
-0.0371475
-0.0384384
-0.0247095
-0.0246543
-0.0247029
-0.0248688
-0.0251694
-0.0256273
-0.026261
-0.0270849
-0.0281105
-0.0293472
-0.0308029
-0.0324839
-0.0343944
-0.0365357
-0.0389055
-0.0414972
-0.0442992
-0.0472946
-0.0504615
-0.0537732
-0.0571992
-0.060706
-0.0642581
-0.0678197
-0.0713557
-0.0748328
-0.0782205
-0.0814915
-0.0846226
-0.0875946
-0.0903921
-0.0930034
-0.0954202
-0.0976369
-0.0996501
-0.101458
-0.103061
-0.10446
-0.105656
-0.10665
-0.107446
-0.108045
-0.10845
-0.108663
-0.108687
-0.108525
-0.108182
-0.10766
-0.106965
-0.106101
-0.105075
-0.103893
-0.102561
-0.101087
-0.0994765
-0.0977365
-0.0958719
-0.0938859
-0.091779
-0.0895482
-0.087186
-0.0846797
-0.0820108
-0.0791557
-0.0760869
-0.0727766
-0.0692031
-0.0653602
-0.0612709
-0.0570027
-0.0526809
-0.0484941
-0.044682
-0.0415
-0.0391624
-0.0377795
-0.0373101
-0.0375756
-0.0384213
-0.0397559
-0.0257759
-0.0256872
-0.0257115
-0.0258581
-0.0261414
-0.0265838
-0.0272037
-0.0280149
-0.0290283
-0.0302528
-0.0316958
-0.033363
-0.0352581
-0.0373822
-0.0397329
-0.0423034
-0.0450824
-0.0480533
-0.0511945
-0.0544799
-0.0578794
-0.0613599
-0.0648868
-0.0684247
-0.0719389
-0.0753964
-0.0787671
-0.0820239
-0.0851437
-0.0881071
-0.0908987
-0.0935066
-0.0959221
-0.0981394
-0.100155
-0.101966
-0.103573
-0.104976
-0.106176
-0.107175
-0.107974
-0.108575
-0.108981
-0.109194
-0.109217
-0.109053
-0.108705
-0.108178
-0.107476
-0.106604
-0.105569
-0.104378
-0.103037
-0.101555
-0.0999394
-0.0981976
-0.0963363
-0.0943606
-0.0922731
-0.0900733
-0.0877562
-0.0853116
-0.0827236
-0.0799703
-0.0770246
-0.0738573
-0.0704418
-0.0667631
-0.0628306
-0.0586936
-0.0544576
-0.0502941
-0.0464351
-0.0431437
-0.0406589
-0.039127
-0.0385407
-0.0387405
-0.0395763
-0.0409508
-0.0267687
-0.0266484
-0.0266485
-0.0267746
-0.0270383
-0.0274618
-0.0280631
-0.0288559
-0.0298506
-0.0310557
-0.0324781
-0.0341229
-0.0359936
-0.0380911
-0.0404129
-0.0429525
-0.0456988
-0.0486358
-0.0517423
-0.054993
-0.0583584
-0.0618062
-0.0653023
-0.0688119
-0.0723009
-0.0757367
-0.0790892
-0.0823316
-0.0854406
-0.0883968
-0.0911844
-0.0937912
-0.0962081
-0.0984286
-0.100449
-0.102266
-0.10388
-0.105289
-0.106496
-0.107501
-0.108305
-0.10891
-0.109318
-0.109532
-0.109555
-0.109388
-0.109035
-0.108502
-0.107792
-0.106911
-0.105865
-0.104662
-0.10331
-0.101818
-0.100193
-0.0984443
-0.0965808
-0.0946087
-0.0925328
-0.0903549
-0.0880725
-0.0856782
-0.0831587
-0.0804943
-0.0776593
-0.0746242
-0.0713595
-0.0678433
-0.0640735
-0.0600829
-0.0559572
-0.0518488
-0.0479778
-0.0446087
-0.0420003
-0.040332
-0.0396321
-0.0397641
-0.0405863
-0.0419975
-0.027684
-0.0275344
-0.0275109
-0.0276156
-0.0278574
-0.0282585
-0.0288366
-0.0296053
-0.0305747
-0.0317529
-0.0331464
-0.0347602
-0.0365974
-0.0386589
-0.0409422
-0.0434413
-0.0461454
-0.0490391
-0.0521023
-0.0553102
-0.0586342
-0.0620429
-0.065503
-0.0689802
-0.0724409
-0.0758529
-0.0791863
-0.0824141
-0.0855131
-0.0884634
-0.0912489
-0.0938569
-0.0962778
-0.0985045
-0.100532
-0.102358
-0.103981
-0.1054
-0.106616
-0.107628
-0.108439
-0.10905
-0.109462
-0.109677
-0.109699
-0.10953
-0.109173
-0.108633
-0.107914
-0.107022
-0.105965
-0.104749
-0.103383
-0.101876
-0.100238
-0.0984794
-0.0966083
-0.0946338
-0.0925623
-0.0903978
-0.0881404
-0.0857854
-0.0833221
-0.0807335
-0.0779959
-0.0750804
-0.071956
-0.0685962
-0.0649893
-0.0611538
-0.0571564
-0.0531295
-0.0492775
-0.0458614
-0.0431535
-0.0413634
-0.0405549
-0.0406185
-0.0414243
-0.0428691
-0.0285195
-0.0283432
-0.0282968
-0.0283794
-0.0285973
-0.0289726
-0.029523
-0.0302617
-0.031199
-0.0323427
-0.0336991
-0.035273
-0.0370675
-0.0390834
-0.0413187
-0.0437676
-0.0464201
-0.0492617
-0.052273
-0.0554302
-0.0587059
-0.0620695
-0.0654884
-0.0689291
-0.0723586
-0.0757449
-0.0790581
-0.0822714
-0.0853611
-0.0883069
-0.0910923
-0.0937039
-0.0961313
-0.0983669
-0.100405
-0.102243
-0.103878
-0.105309
-0.106535
-0.107558
-0.108377
-0.108995
-0.109412
-0.10963
-0.109652
-0.10948
-0.109119
-0.108571
-0.107843
-0.10694
-0.105869
-0.104638
-0.103256
-0.101733
-0.100079
-0.0983054
-0.0964222
-0.0944395
-0.0923658
-0.0902069
-0.0879653
-0.0856389
-0.0832198
-0.0806938
-0.0780396
-0.0752297
-0.072233
-0.0690198
-0.0655713
-0.0618934
-0.0580359
-0.0541107
-0.0503043
-0.0468693
-0.0440859
-0.0421897
-0.0412794
-0.0412748
-0.0420621
-0.0435382
-0.029274
-0.0290736
-0.0290056
-0.0290655
-0.0292579
-0.0296041
-0.0301221
-0.0308252
-0.0317234
-0.0328248
-0.0341356
-0.0356606
-0.037403
-0.0393638
-0.0415414
-0.0439307
-0.0465223
-0.0493028
-0.0522538
-0.0553528
-0.0585734
-0.0618859
-0.0652587
-0.0686591
-0.0720545
-0.0754131
-0.0787054
-0.081904
-0.084985
-0.0879278
-0.0907149
-0.0933322
-0.0957688
-0.0980161
-0.100068
-0.10192
-0.10357
-0.105015
-0.106255
-0.10729
-0.10812
-0.108745
-0.109169
-0.10939
-0.109413
-0.10924
-0.108874
-0.108319
-0.107581
-0.106666
-0.10558
-0.104333
-0.102933
-0.101391
-0.0997176
-0.0979254
-0.0960257
-0.0940297
-0.0919475
-0.0897868
-0.0875524
-0.0852445
-0.0828581
-0.0803816
-0.0777965
-0.0750774
-0.0721938
-0.0691145
-0.0658154
-0.0622925
-0.05858
-0.0547705
-0.0510309
-0.0476017
-0.0447657
-0.0427794
-0.0417749
-0.0417037
-0.0424709
-0.0439766
-0.0299472
-0.0297261
-0.0296377
-0.0296748
-0.02984
-0.0301542
-0.0306354
-0.0312969
-0.0321492
-0.0332003
-0.0344569
-0.0359238
-0.0376045
-0.0395005
-0.0416107
-0.0439307
-0.0464523
-0.0491629
-0.0520456
-0.0550788
-0.0582375
-0.0614932
-0.0648151
-0.0681714
-0.0715298
-0.0748589
-0.0781291
-0.0813129
-0.084386
-0.0873268
-0.0901174
-0.0927428
-0.095191
-0.0974526
-0.0995207
-0.10139
-0.103057
-0.104519
-0.105775
-0.106825
-0.107667
-0.108303
-0.108734
-0.108961
-0.108986
-0.108811
-0.108441
-0.107879
-0.10713
-0.106202
-0.1051
-0.103835
-0.102415
-0.100852
-0.0991572
-0.0973433
-0.095423
-0.0934089
-0.0913123
-0.0891429
-0.0869074
-0.0846084
-0.0822433
-0.0798035
-0.0772732
-0.0746293
-0.0718429
-0.0688824
-0.0657203
-0.0623447
-0.0587764
-0.0550901
-0.0514328
-0.0480298
-0.0451617
-0.0431008
-0.0420105
-0.0418746
-0.0426212
-0.0441555
-0.0305404
-0.0303017
-0.0301945
-0.0302091
-0.0303457
-0.0306252
-0.0310652
-0.0316795
-0.0324786
-0.0334714
-0.0346648
-0.0360642
-0.0376735
-0.0394949
-0.0415279
-0.0437691
-0.0462115
-0.0488436
-0.0516497
-0.0546099
-0.0577002
-0.0608933
-0.0641596
-0.0674679
-0.0707865
-0.0740842
-0.0773313
-0.0805001
-0.0835656
-0.0865057
-0.0893014
-0.0919369
-0.0943991
-0.0966779
-0.098765
-0.100654
-0.102342
-0.103824
-0.105099
-0.106165
-0.107022
-0.107671
-0.108111
-0.108343
-0.108371
-0.108196
-0.107822
-0.107253
-0.106494
-0.105552
-0.104434
-0.103149
-0.101708
-0.100122
-0.0984025
-0.0965638
-0.0946192
-0.0925824
-0.0904661
-0.0882814
-0.0860368
-0.0837373
-0.0813827
-0.0789669
-0.0764768
-0.0738921
-0.0711859
-0.0683272
-0.0652865
-0.062046
-0.0586157
-0.0550538
-0.051488
-0.0481267
-0.0452437
-0.0431225
-0.0419543
-0.0417563
-0.0424821
-0.044045
-0.0310556
-0.0308028
-0.0306787
-0.030671
-0.0307782
-0.0310203
-0.031415
-0.0319762
-0.0327152
-0.0336414
-0.0347624
-0.0360846
-0.0376126
-0.0393492
-0.0412952
-0.0434481
-0.045802
-0.048347
-0.0510687
-0.0539486
-0.0569641
-0.0600892
-0.0632953
-0.0665518
-0.0698278
-0.0730921
-0.076315
-0.0794683
-0.0825266
-0.0854669
-0.0882693
-0.0909168
-0.0933955
-0.0956939
-0.0978028
-0.0997152
-0.101426
-0.102931
-0.104227
-0.105313
-0.106187
-0.10685
-0.107301
-0.107541
-0.107573
-0.107399
-0.107022
-0.106446
-0.105677
-0.104721
-0.103586
-0.102281
-0.100817
-0.0992054
-0.0974596
-0.0955932
-0.0936208
-0.091557
-0.0894156
-0.0872092
-0.0849482
-0.0826391
-0.0802841
-0.0778796
-0.0754153
-0.0728734
-0.0702295
-0.0674538
-0.0645162
-0.0613949
-0.058091
-0.0546486
-0.0511772
-0.047867
-0.0449824
-0.042813
-0.0415743
-0.0413165
-0.0420218
-0.0436143
-0.0314956
-0.0312324
-0.0310935
-0.0310643
-0.0311413
-0.0313438
-0.0316891
-0.0321915
-0.0328631
-0.0337142
-0.0347537
-0.0359887
-0.0374251
-0.0390669
-0.0409158
-0.0429707
-0.0452271
-0.0476764
-0.0503059
-0.0530985
-0.056033
-0.0590847
-0.0622259
-0.0654271
-0.0686576
-0.0718865
-0.075084
-0.0782215
-0.0812728
-0.0842141
-0.0870246
-0.0896861
-0.0921834
-0.0945039
-0.0966373
-0.0985755
-0.100312
-0.101843
-0.103163
-0.104271
-0.105165
-0.105844
-0.106309
-0.106559
-0.106597
-0.106425
-0.106045
-0.105463
-0.104684
-0.103714
-0.102562
-0.101236
-0.0997484
-0.0981105
-0.0963359
-0.0944393
-0.0924357
-0.0903407
-0.0881693
-0.0859352
-0.0836501
-0.0813225
-0.0789566
-0.0765508
-0.0740976
-0.0715817
-0.0689813
-0.0662683
-0.0634131
-0.0603913
-0.0571974
-0.0538636
-0.0504828
-0.0472272
-0.0443491
-0.0421404
-0.0408371
-0.0405214
-0.0412068
-0.0428308
-0.0318642
-0.0315944
-0.031443
-0.0313933
-0.0314398
-0.0316005
-0.0318926
-0.0323306
-0.0329275
-0.0336949
-0.0346432
-0.0357809
-0.0371153
-0.0386517
-0.0403934
-0.0423407
-0.0444905
-0.0468359
-0.0493656
-0.052064
-0.0549115
-0.0578846
-0.0609567
-0.0640989
-0.0672812
-0.0704727
-0.0736436
-0.0767647
-0.0798092
-0.0827523
-0.085572
-0.0882492
-0.0907673
-0.0931123
-0.095273
-0.0972399
-0.0990057
-0.100565
-0.101912
-0.103045
-0.103962
-0.10466
-0.105141
-0.105403
-0.105449
-0.10528
-0.1049
-0.104313
-0.103524
-0.102541
-0.101371
-0.100024
-0.0985116
-0.0968459
-0.0950409
-0.0931116
-0.0910739
-0.0889438
-0.0867375
-0.0844696
-0.0821532
-0.0797982
-0.0774105
-0.0749908
-0.0725337
-0.0700265
-0.0674498
-0.0647779
-0.0619819
-0.0590367
-0.0559318
-0.0526898
-0.0493889
-0.0461847
-0.0433156
-0.0410726
-0.0397081
-0.0393354
-0.0400013
-0.0416596
-0.0321659
-0.0318934
-0.0317321
-0.0316631
-0.0316789
-0.031796
-0.0320311
-0.032399
-0.0329138
-0.0335889
-0.034436
-0.035466
-0.0366876
-0.0381082
-0.0397325
-0.0415625
-0.0435968
-0.04583
-0.0482526
-0.0508504
-0.0536052
-0.0564948
-0.0594937
-0.0625737
-0.0657051
-0.0688574
-0.0720004
-0.0751046
-0.0781423
-0.0810879
-0.0839181
-0.0866125
-0.0891534
-0.0915254
-0.0937159
-0.0957143
-0.0975122
-0.0991028
-0.100481
-0.101642
-0.102584
-0.103304
-0.103803
-0.10408
-0.104135
-0.103972
-0.103593
-0.103002
-0.102205
-0.101209
-0.100023
-0.0986548
-0.0971172
-0.0954229
-0.0935859
-0.0916219
-0.0895471
-0.0873783
-0.0851323
-0.0828247
-0.0804696
-0.0780782
-0.075658
-0.0732113
-0.0707348
-0.0682183
-0.0656446
-0.0629904
-0.0602285
-0.0573335
-0.0542919
-0.0511191
-0.047881
-0.0447174
-0.0418534
-0.0395759
-0.0381508
-0.0377202
-0.0383667
-0.0400633
-0.0324058
-0.0321347
-0.0319662
-0.0318793
-0.0318644
-0.0319363
-0.0321107
-0.0324028
-0.0328281
-0.0334017
-0.0341378
-0.0350492
-0.0361472
-0.0374412
-0.0389378
-0.040641
-0.042551
-0.0446642
-0.0469726
-0.0494637
-0.0521206
-0.0549223
-0.0578442
-0.060859
-0.0639372
-0.0670487
-0.0701628
-0.0732496
-0.0762805
-0.0792291
-0.0820709
-0.0847841
-0.0873496
-0.0897509
-0.0919738
-0.0940066
-0.0958395
-0.0974647
-0.0988761
-0.100069
-0.101039
-0.101785
-0.102305
-0.102598
-0.102666
-0.102511
-0.102135
-0.101543
-0.100739
-0.0997319
-0.0985291
-0.0971406
-0.095578
-0.0938545
-0.0919845
-0.0899839
-0.0878695
-0.0856585
-0.0833682
-0.081015
-0.0786138
-0.0761768
-0.0737127
-0.0712256
-0.0687136
-0.0661687
-0.0635761
-0.0609146
-0.058159
-0.0552846
-0.0522764
-0.0491443
-0.0459445
-0.0428034
-0.039933
-0.0376153
-0.0361257
-0.0356342
-0.0362607
-0.0380002
-0.0325891
-0.0323238
-0.0321511
-0.032048
-0.0320027
-0.0320276
-0.0321376
-0.0323482
-0.0326763
-0.0331393
-0.0337539
-0.0345359
-0.0354992
-0.0366558
-0.0380145
-0.0395814
-0.0413587
-0.0433444
-0.0455322
-0.047911
-0.0504653
-0.0531751
-0.0560169
-0.0589639
-0.0619871
-0.0650563
-0.0681406
-0.0712096
-0.074234
-0.0771861
-0.0800405
-0.082774
-0.085366
-0.0877987
-0.0900565
-0.0921263
-0.0939973
-0.0956604
-0.0971084
-0.0983356
-0.0993378
-0.100112
-0.100656
-0.10097
-0.101054
-0.100909
-0.100538
-0.0999466
-0.0991388
-0.0981218
-0.0969042
-0.095496
-0.0939089
-0.0921562
-0.0902526
-0.0882141
-0.0860577
-0.0838012
-0.081462
-0.0790572
-0.0766022
-0.0741101
-0.0715905
-0.0690486
-0.0664841
-0.0638907
-0.0612555
-0.0585598
-0.0557802
-0.0528933
-0.0498836
-0.0467578
-0.0435647
-0.0404198
-0.0375236
-0.0351526
-0.0335901
-0.0330311
-0.0336356
-0.0354238
-0.0327219
-0.0324669
-0.0322931
-0.0321756
-0.0321002
-0.0320765
-0.0321184
-0.0322415
-0.0324645
-0.0328072
-0.0332898
-0.0339312
-0.0347487
-0.035757
-0.0369678
-0.0383894
-0.0400259
-0.0418772
-0.0439385
-0.0462001
-0.0486477
-0.0512626
-0.0540217
-0.056899
-0.0598657
-0.0628916
-0.0659457
-0.0689968
-0.0720149
-0.0749713
-0.0778393
-0.0805944
-0.0832147
-0.0856809
-0.087976
-0.0900857
-0.0919976
-0.0937016
-0.0951896
-0.0964548
-0.0974922
-0.0982982
-0.0988704
-0.0992076
-0.0993101
-0.0991792
-0.0988175
-0.0982289
-0.097419
-0.0963946
-0.0951642
-0.0937379
-0.0921273
-0.0903459
-0.0884084
-0.0863309
-0.0841307
-0.0818254
-0.0794329
-0.0769705
-0.0744539
-0.0718967
-0.0693091
-0.0666972
-0.0640618
-0.0613982
-0.058695
-0.0559356
-0.0530985
-0.0501621
-0.0471115
-0.0439514
-0.0407258
-0.0375419
-0.0345914
-0.0321461
-0.0304958
-0.0298589
-0.0304377
-0.0322808
-0.0328102
-0.0325704
-0.032399
-0.0322691
-0.0321638
-0.0320897
-0.0320592
-0.0320885
-0.032198
-0.0324108
-0.0327505
-0.0332401
-0.0339005
-0.03475
-0.0358031
-0.0370707
-0.0385589
-0.0402696
-0.0421993
-0.0443398
-0.0466778
-0.0491952
-0.05187
-0.0546764
-0.0575859
-0.0605682
-0.0635919
-0.0666253
-0.0696377
-0.0725991
-0.0754818
-0.07826
-0.0809104
-0.0834121
-0.0857469
-0.0878989
-0.0898546
-0.0916028
-0.0931339
-0.0944406
-0.0955168
-0.0963583
-0.0969621
-0.0973265
-0.0974514
-0.0973379
-0.0969882
-0.0964063
-0.0955974
-0.0945684
-0.0933277
-0.0918852
-0.0902528
-0.0884436
-0.0864725
-0.0843555
-0.0821096
-0.0797527
-0.0773025
-0.0747762
-0.0721897
-0.0695568
-0.0668879
-0.0641897
-0.0614637
-0.0587062
-0.0559072
-0.0530516
-0.0501202
-0.0470929
-0.0439562
-0.0407146
-0.0374091
-0.0341419
-0.0310987
-0.0285487
-0.0267884
-0.0260581
-0.0266047
-0.0285098
-0.0328604
-0.0326414
-0.0324761
-0.0323357
-0.0322005
-0.0320739
-0.0319664
-0.0318949
-0.0318821
-0.0319546
-0.0321403
-0.0324667
-0.0329591
-0.0336394
-0.0345256
-0.0356312
-0.0369646
-0.0385294
-0.0403235
-0.0423399
-0.0445662
-0.046985
-0.0495747
-0.0523099
-0.0551623
-0.0581013
-0.0610951
-0.0641116
-0.0671189
-0.0700865
-0.0729852
-0.0757879
-0.0784701
-0.0810093
-0.083386
-0.085583
-0.0875853
-0.0893806
-0.0909582
-0.0923098
-0.0934285
-0.0943092
-0.0949485
-0.095344
-0.0954953
-0.095403
-0.0950692
-0.0944977
-0.0936934
-0.0926632
-0.0914151
-0.0899593
-0.0883071
-0.0864718
-0.0844678
-0.082311
-0.0800182
-0.0776069
-0.0750945
-0.0724979
-0.0698329
-0.0671128
-0.0643483
-0.061546
-0.0587078
-0.0558304
-0.0529049
-0.0499175
-0.0468505
-0.043686
-0.0404121
-0.0370341
-0.0335927
-0.0301876
-0.027002
-0.0243065
-0.0224052
-0.0215596
-0.0220643
-0.0240386
-0.0328791
-0.0326871
-0.0325322
-0.0323832
-0.0322178
-0.0320355
-0.0318456
-0.0316656
-0.031521
-0.0314424
-0.0314628
-0.0316148
-0.0319283
-0.0324296
-0.0331404
-0.034077
-0.0352501
-0.0366649
-0.0383207
-0.0402113
-0.0423251
-0.0446452
-0.0471504
-0.0498153
-0.0526115
-0.0555082
-0.0584734
-0.0614741
-0.0644778
-0.0674528
-0.0703689
-0.0731978
-0.0759134
-0.0784922
-0.080913
-0.0831573
-0.085209
-0.0870543
-0.0886817
-0.0900816
-0.0912464
-0.0921703
-0.0928489
-0.0932797
-0.0934616
-0.0933948
-0.0930812
-0.0925242
-0.0917286
-0.090701
-0.0894493
-0.0879833
-0.0863141
-0.0844546
-0.0824189
-0.0802226
-0.0778818
-0.0754134
-0.0728343
-0.0701609
-0.067408
-0.0645888
-0.0617131
-0.0587872
-0.055813
-0.0527871
-0.0497011
-0.046542
-0.0432934
-0.0399393
-0.0364698
-0.0328925
-0.0292492
-0.0256403
-0.0222506
-0.0193563
-0.0172726
-0.0162823
-0.0167308
-0.0187822
-0.0328735
-0.0327159
-0.0325758
-0.0324199
-0.0322232
-0.0319814
-0.0317023
-0.0314048
-0.0311179
-0.0308769
-0.0307205
-0.0306867
-0.0308112
-0.0311247
-0.0316526
-0.0324145
-0.0334231
-0.0346853
-0.0362015
-0.0379662
-0.0399682
-0.042191
-0.0446133
-0.0472098
-0.049952
-0.0528086
-0.0557471
-0.0587339
-0.0617357
-0.0647199
-0.067655
-0.0705117
-0.0732627
-0.0758828
-0.0783499
-0.0806439
-0.0827475
-0.0846457
-0.086326
-0.0877776
-0.0889922
-0.0899631
-0.0906852
-0.0911555
-0.0913723
-0.0913356
-0.0910468
-0.0905089
-0.0897265
-0.0887059
-0.0874546
-0.0859821
-0.0842991
-0.082418
-0.0803524
-0.0781169
-0.0757272
-0.0731993
-0.0705489
-0.0677916
-0.0649411
-0.0620095
-0.0590057
-0.055935
-0.0527986
-0.0495925
-0.0463081
-0.0429326
-0.0394506
-0.0358477
-0.0321164
-0.0282671
-0.0243448
-0.0204535
-0.0167838
-0.0136232
-0.0113033
-0.0101298
-0.0105024
-0.0126389
-0.032851
-0.0327367
-0.0326166
-0.0324551
-0.0322249
-0.0319179
-0.0315413
-0.0311159
-0.030675
-0.0302596
-0.0299145
-0.0296844
-0.0296102
-0.0297281
-0.0300673
-0.0306501
-0.0314919
-0.0326006
-0.0339777
-0.035618
-0.0375106
-0.039639
-0.0419817
-0.0445131
-0.0472044
-0.050024
-0.0529386
-0.0559141
-0.0589164
-0.0619118
-0.064868
-0.0677544
-0.0705425
-0.073206
-0.0757213
-0.0780672
-0.0802252
-0.0821791
-0.0839151
-0.0854218
-0.0866897
-0.0877113
-0.0884811
-0.0889953
-0.0892516
-0.0892496
-0.0889903
-0.0884764
-0.0877121
-0.0867032
-0.0854568
-0.0839819
-0.0822888
-0.0803889
-0.0782952
-0.0760214
-0.0735821
-0.0709919
-0.0682656
-0.0654169
-0.0624583
-0.0594001
-0.0562498
-0.0530111
-0.0496836
-0.0462622
-0.0427372
-0.0390954
-0.0353216
-0.0314026
-0.0273335
-0.0231283
-0.0188372
-0.0145704
-0.0105289
-0.0070177
-0.00439285
-0.00298665
-0.00325659
-0.00548669
-0.03282
-0.0327605
-0.0326661
-0.0324995
-0.0322318
-0.0318521
-0.0313672
-0.0308015
-0.0301934
-0.0295907
-0.0290452
-0.0286083
-0.0283273
-0.0282433
-0.0283895
-0.0287912
-0.0294657
-0.0304222
-0.0316626
-0.033182
-0.0349694
-0.0370079
-0.0392756
-0.0417467
-0.0443915
-0.0471781
-0.0500726
-0.0530401
-0.0560457
-0.059055
-0.0620345
-0.0649527
-0.0677799
-0.0704887
-0.0730542
-0.0754541
-0.0776687
-0.0796807
-0.0814753
-0.0830401
-0.0843646
-0.0854408
-0.0862622
-0.0868245
-0.0871249
-0.0871624
-0.0869376
-0.0864526
-0.0857114
-0.084719
-0.0834823
-0.0820094
-0.0803098
-0.0783943
-0.0762746
-0.0739633
-0.0714735
-0.0688185
-0.0660111
-0.0630632
-0.0599852
-0.0567852
-0.0534685
-0.0500364
-0.0464863
-0.0428108
-0.0389984
-0.0350342
-0.0309027
-0.0265912
-0.0220974
-0.0174396
-0.0126744
-0.00792211
-0.0033977
0.000568147
0.003585
0.00528723
0.00515489
0.00282236
-0.0327901
-0.0328011
-0.0327385
-0.0325659
-0.0322544
-0.031791
-0.0311842
-0.0304631
-0.029673
-0.0288693
-0.0281117
-0.0274587
-0.026964
-0.0266737
-0.026625
-0.0268459
-0.0273551
-0.0281628
-0.0292713
-0.0306754
-0.0323636
-0.0343185
-0.0365175
-0.0389342
-0.0415382
-0.044297
-0.0471759
-0.0501395
-0.0531519
-0.056178
-0.0591834
-0.0621356
-0.0650038
-0.0677598
-0.0703773
-0.0728332
-0.0751064
-0.0771788
-0.0790345
-0.0806601
-0.0820444
-0.0831785
-0.0840554
-0.0846699
-0.0850187
-0.0851003
-0.0849148
-0.0844638
-0.0837505
-0.0827796
-0.0815572
-0.0800905
-0.0783883
-0.0764601
-0.0743164
-0.0719683
-0.0694272
-0.0667044
-0.0638104
-0.0607549
-0.0575455
-0.0541875
-0.050683
-0.0470302
-0.043223
-0.039251
-0.0350993
-0.0307505
-0.0261872
-0.0213967
-0.0163785
-0.011156
-0.00579453
-0.000424635
0.00471604
0.0092648
0.0127839
0.0148631
0.0149138
0.0124694
-0.0327763
-0.0328759
-0.0328517
-0.03267
-0.0323048
-0.0317428
-0.0309965
-0.0301019
-0.029113
-0.0280938
-0.0271125
-0.0262353
-0.025522
-0.0250236
-0.0247807
-0.0248236
-0.0251723
-0.0258375
-0.0268211
-0.0281176
-0.0297146
-0.0315938
-0.033732
-0.0361016
-0.0386716
-0.0414086
-0.0442774
-0.0472416
-0.0502649
-0.0533111
-0.0563452
-0.0593337
-0.0622451
-0.0650499
-0.0677212
-0.0702346
-0.0725683
-0.0747029
-0.0766218
-0.0783107
-0.0797575
-0.0809526
-0.0818882
-0.0825586
-0.0829598
-0.0830898
-0.082948
-0.0825354
-0.0818548
-0.0809099
-0.0797061
-0.0782497
-0.0765482
-0.0746099
-0.0724439
-0.0700594
-0.0674656
-0.0646716
-0.0616853
-0.0585132
-0.0551597
-0.0516264
-0.0479115
-0.0440088
-0.0399078
-0.0355931
-0.0310455
-0.0262432
-0.0211655
-0.0157982
-0.010142
-0.004226
0.0018743
0.00802185
0.0139391
0.0192291
0.0233913
0.0259526
0.0262454
0.0236799
-0.0327961
-0.0330097
-0.0330311
-0.0328333
-0.0323986
-0.0317173
-0.0308089
-0.029719
-0.0285121
-0.0272622
-0.0260464
-0.0249385
-0.024004
-0.0232983
-0.022865
-0.022736
-0.022932
-0.0234634
-0.0243318
-0.0255306
-0.0270463
-0.0288596
-0.030946
-0.033277
-0.0358208
-0.038543
-0.0414076
-0.0443777
-0.0474161
-0.050486
-0.0535518
-0.0565791
-0.0595355
-0.0623909
-0.0651174
-0.0676896
-0.070085
-0.0722833
-0.074267
-0.076021
-0.0775324
-0.0787909
-0.079788
-0.0805172
-0.0809742
-0.0811561
-0.0810617
-0.0806915
-0.0800473
-0.0791322
-0.0779506
-0.0765077
-0.0748097
-0.0728635
-0.0706761
-0.0682549
-0.0656067
-0.0627377
-0.0596527
-0.0563546
-0.0528438
-0.0491174
-0.0451684
-0.0409852
-0.0365513
-0.031845
-0.0268404
-0.0215096
-0.0158263
-0.00977282
-0.00334972
0.00340991
0.0104213
0.017521
0.0244166
0.030648
0.0356363
0.03882
0.0394334
0.0367415
-0.0328775
-0.0332389
-0.0333118
-0.0330844
-0.0325566
-0.0317275
-0.0306279
-0.0293166
-0.0278702
-0.0263734
-0.0249133
-0.02357
-0.0224146
-0.0215058
-0.0208893
-0.0205977
-0.0206516
-0.021061
-0.0218262
-0.0229393
-0.0243855
-0.0261439
-0.028189
-0.030491
-0.033017
-0.0357319
-0.0385989
-0.0415803
-0.0446384
-0.0477357
-0.050836
-0.0539043
-0.0569075
-0.0598147
-0.0625974
-0.0652293
-0.0676872
-0.0699499
-0.0719993
-0.0738194
-0.0753967
-0.07672
-0.0777803
-0.0785704
-0.0790854
-0.0793216
-0.0792773
-0.0789521
-0.0783472
-0.0774646
-0.0763077
-0.0748805
-0.0731878
-0.0712346
-0.0690261
-0.0665673
-0.0638622
-0.0609139
-0.0577235
-0.0542897
-0.0506081
-0.0466703
-0.0424632
-0.0379683
-0.0331613
-0.0280122
-0.0224863
-0.0165467
-0.010159
-0.00329898
0.00403564
0.0118092
0.0199262
0.028201
0.0363148
0.0437399
0.0497966
0.053797
0.0548411
0.052032
-0.0330652
-0.0336183
-0.033745
-0.0334637
-0.0328073
-0.0317914
-0.0304635
-0.028899
-0.0271887
-0.0254296
-0.0237157
-0.0221351
-0.0207621
-0.0196578
-0.0188686
-0.018427
-0.0183528
-0.0186545
-0.0193307
-0.020372
-0.0217618
-0.0234777
-0.0254926
-0.0277757
-0.030293
-0.0330083
-0.0358843
-0.0388826
-0.0419648
-0.0450931
-0.0482306
-0.0513418
-0.054393
-0.0573528
-0.0601919
-0.0628837
-0.0654038
-0.0677309
-0.0698457
-0.0717318
-0.073375
-0.0747634
-0.0758873
-0.076739
-0.0773126
-0.0776042
-0.0776111
-0.0773322
-0.0767678
-0.075919
-0.0747878
-0.0733772
-0.0716902
-0.06973
-0.0674996
-0.0650013
-0.0622363
-0.0592039
-0.0559013
-0.0523221
-0.0484565
-0.0442896
-0.0398007
-0.0349631
-0.0297428
-0.0240992
-0.0179861
-0.0113544
-0.00415781
0.00363833
0.0120434
0.0210226
0.0304722
0.0401865
0.0498065
0.0587509
0.0662027
0.0712988
0.0729403
0.0700649
-0.0334326
-0.0342334
-0.0344072
-0.0340299
-0.0331917
-0.0319356
-0.0303319
-0.0284763
-0.0264749
-0.024436
-0.0224619
-0.0206441
-0.01906
-0.0177711
-0.0168232
-0.0162473
-0.0160614
-0.0162719
-0.0168754
-0.0178602
-0.0192078
-0.0208941
-0.0228906
-0.0251651
-0.0276825
-0.030406
-0.0332974
-0.0363176
-0.0394281
-0.0425902
-0.0457669
-0.0489221
-0.0520218
-0.0550339
-0.0579289
-0.0606794
-0.0632606
-0.0656504
-0.0678292
-0.0697797
-0.0714872
-0.0729393
-0.0741255
-0.0750375
-0.075669
-0.0760151
-0.0760725
-0.0758394
-0.0753149
-0.0744993
-0.0733935
-0.0719988
-0.0703166
-0.0683482
-0.0660941
-0.063554
-0.0607255
-0.0576043
-0.0541826
-0.050449
-0.046387
-0.0419743
-0.0371818
-0.0319723
-0.0263004
-0.0201125
-0.0133476
-0.00594073
0.00217095
0.0110381
0.0206833
0.0310793
0.0421195
0.0535812
0.0650692
0.0759389
0.0852361
0.0918387
0.0943507
0.0915587
-0.0341043
-0.0352203
-0.0354141
-0.0348686
-0.0337692
-0.0321998
-0.0302599
-0.0280673
-0.0257441
-0.0234081
-0.0211673
-0.0191154
-0.0173294
-0.0158698
-0.0147799
-0.0140879
-0.0138088
-0.0139462
-0.0144941
-0.0154383
-0.0167583
-0.018428
-0.0204175
-0.0226933
-0.0252193
-0.0279578
-0.03087
-0.0339165
-0.0370581
-0.040256
-0.0434727
-0.0466719
-0.0498192
-0.0528822
-0.0558309
-0.0586376
-0.061277
-0.0637264
-0.0659658
-0.0679774
-0.0697459
-0.0712583
-0.0725036
-0.0734729
-0.0741592
-0.074557
-0.0746624
-0.0744725
-0.0739858
-0.0732014
-0.0721188
-0.070738
-0.0690585
-0.0670798
-0.0647997
-0.0622148
-0.0593194
-0.0561048
-0.0525583
-0.0486623
-0.0443935
-0.0397211
-0.0346059
-0.0289994
-0.0228424
-0.0160655
-0.00858988
-0.000330236
0.00879838
0.0188697
0.0299283
0.0419647
0.0548808
0.0684471
0.0822408
0.095552
0.107316
0.116042
0.119899
0.117546
-0.0352979
-0.0367983
-0.0369419
-0.0361052
-0.0346259
-0.0326433
-0.0302894
-0.0277046
-0.0250241
-0.0223722
-0.019859
-0.0175773
-0.0156011
-0.0139867
-0.012773
-0.0119843
-0.0116314
-0.0117142
-0.0122236
-0.0131428
-0.0144489
-0.0161142
-0.0181069
-0.0203925
-0.022934
-0.0256929
-0.0286299
-0.0317053
-0.0348794
-0.0381133
-0.0413692
-0.0446106
-0.047803
-0.0509137
-0.0539123
-0.0567707
-0.0594636
-0.0619677
-0.0642625
-0.0663298
-0.068154
-0.0697214
-0.0710207
-0.0720424
-0.0727788
-0.0732238
-0.0733728
-0.0732223
-0.0727696
-0.0720129
-0.0709504
-0.0695805
-0.0679012
-0.0659094
-0.0636007
-0.0609685
-0.0580033
-0.0546919
-0.0510164
-0.0469528
-0.0424699
-0.0375278
-0.0320766
-0.0260545
-0.0193871
-0.0119867
-0.00375299
0.00542397
0.0156576
0.0270533
0.0396894
0.0535894
0.0686822
0.0847522
0.10137
0.11779
0.132832
0.144646
0.150707
0.149537
-0.0374025
-0.0393259
-0.0392559
-0.0379181
-0.0358814
-0.0333488
-0.0304812
-0.0274362
-0.0243565
-0.0213676
-0.0185761
-0.0160695
-0.0139151
-0.0121622
-0.0108435
-0.00997709
-0.00956885
-0.00961445
-0.0101011
-0.0110091
-0.0123132
-0.0139838
-0.0159879
-0.0182896
-0.0208512
-0.0236336
-0.0265971
-0.0297016
-0.0329074
-0.0361753
-0.0394675
-0.0427473
-0.0459802
-0.0491332
-0.0521759
-0.05508
-0.0578197
-0.0603716
-0.062715
-0.0648312
-0.0667042
-0.0683199
-0.0696666
-0.0707343
-0.0715148
-0.0720014
-0.0721888
-0.0720727
-0.0716496
-0.0709166
-0.0698706
-0.0685087
-0.0668268
-0.0648198
-0.0624806
-0.0597995
-0.0567633
-0.0533541
-0.0495483
-0.0453154
-0.0406162
-0.0354012
-0.0296086
-0.0231629
-0.0159729
-0.00793065
0.00108852
0.0112238
0.0226236
0.0354347
0.0497836
0.065747
0.0833087
0.102302
0.122332
0.142664
0.16206
0.178427
0.188223
0.189679
-0.0411394
-0.0433899
-0.0427374
-0.0405386
-0.0376798
-0.0344098
-0.0308997
-0.0273114
-0.0237838
-0.0204338
-0.0173577
-0.0146312
-0.0123109
-0.0104358
-0.00902969
-0.00810334
-0.00765651
-0.00767991
-0.00815684
-0.00906459
-0.0103756
-0.0120585
-0.0140788
-0.0163998
-0.0189831
-0.0217893
-0.0247781
-0.0279095
-0.0311436
-0.0344413
-0.0377646
-0.0410771
-0.044344
-0.0475325
-0.050612
-0.0535541
-0.0563329
-0.058925
-0.061309
-0.0634664
-0.0653806
-0.0670374
-0.0684245
-0.0695316
-0.0703499
-0.0708724
-0.0710929
-0.0710065
-0.0706089
-0.0698961
-0.0688638
-0.0675075
-0.0658215
-0.0637986
-0.0614288
-0.0586996
-0.0555939
-0.0520892
-0.0481565
-0.0437586
-0.0388482
-0.0333661
-0.027239
-0.0203769
-0.0126713
-0.00399296
0.00580906
0.0169067
0.0294894
0.0437555
0.0598956
0.0780654
0.0983412
0.120657
0.144718
0.169886
0.195018
0.217905
0.234011
0.240679
-0.0478987
-0.04994
-0.0478667
-0.0441897
-0.0401194
-0.0358589
-0.0315447
-0.0273165
-0.0232902
-0.0195591
-0.0161979
-0.0132629
-0.0107942
-0.00881676
-0.00734331
-0.00637562
-0.00590658
-0.0059216
-0.00640002
-0.00731616
-0.00864029
-0.0103395
-0.0123782
-0.014719
-0.017323
-0.0201505
-0.0231612
-0.0263151
-0.0295723
-0.0328939
-0.036242
-0.0395803
-0.042874
-0.0460906
-0.0491993
-0.0521718
-0.0549822
-0.0576067
-0.0600241
-0.0622155
-0.0641642
-0.0658555
-0.067277
-0.0684179
-0.0692691
-0.0698229
-0.0700727
-0.0700128
-0.069638
-0.0689435
-0.0679238
-0.0665729
-0.0648835
-0.0628461
-0.0604488
-0.0576759
-0.0545065
-0.0509139
-0.046864
-0.0423133
-0.0372069
-0.0314765
-0.0250376
-0.0177867
-0.00959846
-0.000322725
0.0102179
0.0222297
0.0359469
0.0516279
0.0695443
0.08996
0.113093
0.139055
0.167753
0.198778
0.231274
0.263154
0.289338
0.305666
-0.0605089
-0.0604527
-0.055107
-0.0489274
-0.0430804
-0.0374965
-0.032193
-0.0272385
-0.0226895
-0.01859
-0.0149752
-0.011871
-0.00929394
-0.00725163
-0.0057436
-0.00476214
-0.0042932
-0.00431728
-0.00481023
-0.00574401
-0.00708731
-0.00880614
-0.0108644
-0.0132243
-0.0158469
-0.0186925
-0.021721
-0.0248925
-0.0281675
-0.0315072
-0.0348741
-0.038232
-0.0415464
-0.0447847
-0.0479165
-0.0509134
-0.0537494
-0.0564008
-0.0588463
-0.0610668
-0.0630453
-0.064767
-0.0662192
-0.0673906
-0.0682719
-0.0688547
-0.0691321
-0.0690976
-0.0687454
-0.0680698
-0.0670643
-0.0657216
-0.0640322
-0.061985
-0.0595673
-0.0567594
-0.0535374
-0.0498713
-0.0457221
-0.0410409
-0.0357664
-0.0298222
-0.0231143
-0.0155274
-0.00692129
0.00287264
0.014056
0.0268673
0.0415853
0.0585318
0.0780705
0.100602
0.126543
0.156291
0.190137
0.228135
0.269965
0.314083
0.355532
0.39063
-0.0854863
-0.0767181
-0.0643854
-0.054132
-0.0457215
-0.0384608
-0.032076
-0.026441
-0.0214758
-0.0171328
-0.0133863
-0.010222
-0.0076293
-0.00559804
-0.00411607
-0.00316816
-0.00273551
-0.00279575
-0.00332308
-0.0042886
-0.00566068
-0.00740535
-0.00948673
-0.0118674
-0.0145088
-0.0173718
-0.0204166
-0.0236039
-0.0268945
-0.0302501
-0.0336334
-0.0370086
-0.0403415
-0.0435995
-0.0467525
-0.049772
-0.0526321
-0.0553092
-0.0577816
-0.0600301
-0.0620377
-0.0637894
-0.065272
-0.0664741
-0.0673858
-0.0679986
-0.0683049
-0.0682976
-0.0679703
-0.0673163
-0.0663292
-0.0650013
-0.0633171
-0.0612708
-0.0588438
-0.056015
-0.0527585
-0.0490412
-0.0448207
-0.0400441
-0.034645
-0.0285412
-0.0216314
-0.0137915
-0.00487046
0.00531453
0.0169837
0.0304012
0.045883
0.0638066
0.0846237
0.108878
0.137224
0.170456
0.209504
0.255391
0.309022
0.37043
0.437126
0.512039
-0.141323
-0.0976492
-0.0704106
-0.0548048
-0.0439634
-0.0355431
-0.0287539
-0.0231094
-0.0182968
-0.0141595
-0.0106279
-0.00766814
-0.00526047
-0.00339149
-0.00204931
-0.00122057
-0.000888961
-0.00103469
-0.00163444
-0.00266156
-0.00408643
-0.00587682
-0.00799835
-0.0104149
-0.013089
-0.0159823
-0.0190562
-0.0222716
-0.0255901
-0.0289738
-0.0323859
-0.0357906
-0.039154
-0.0424439
-0.0456299
-0.0486837
-0.0515793
-0.0542929
-0.0568029
-0.0590899
-0.0611366
-0.0629278
-0.06445
-0.0656916
-0.0666425
-0.0672938
-0.0676376
-0.0676665
-0.0673736
-0.0667504
-0.0657899
-0.0644843
-0.0628268
-0.0607974
-0.05838
-0.0555539
-0.0522917
-0.0485587
-0.0443107
-0.0394923
-0.0340348
-0.0278529
-0.0208416
-0.0128724
-0.00378878
0.00659939
0.0185221
0.0322577
0.0481436
0.0665922
0.0881136
0.113355
0.143166
0.178719
0.221704
0.274698
0.341529
0.427838
0.541347
0.694632
-0.274623
-0.113644
-0.0555349
-0.0391575
-0.0304747
-0.0238107
-0.018784
-0.014806
-0.0113815
-0.00833302
-0.00564518
-0.00334034
-0.00144253
2.78637e-05
0.00105623
0.00163545
0.00176629
0.00145671
0.000721079
-0.000420831
-0.00194464
-0.00382215
-0.00602207
-0.00851068
-0.0112524
-0.0142103
-0.0173467
-0.0206237
-0.0240031
-0.0274477
-0.0309208
-0.0343871
-0.0378124
-0.0411647
-0.0444135
-0.0475305
-0.0504895
-0.0532664
-0.0558396
-0.0581893
-0.0602981
-0.0621505
-0.063733
-0.0650337
-0.0660422
-0.0667495
-0.0671473
-0.0672285
-0.0669862
-0.0664145
-0.0655032
-0.0642424
-0.0626245
-0.0606338
-0.0582532
-0.0554617
-0.0522319
-0.0485288
-0.0443084
-0.0395156
-0.0340818
-0.0279219
-0.0209314
-0.0129823
-0.00391865
0.00644918
0.018351
0.0320657
0.0479334
0.0663729
0.0879094
0.113223
0.143231
0.179269
0.223435
0.279531
0.354959
0.466305
0.642828
0.924487
)
;

boundaryField
{
    movingWall
    {
        type            zeroGradient;
    }
    fixedWalls
    {
        type            zeroGradient;
    }
    frontAndBack
    {
        type            empty;
    }
}


// ************************************************************************* //
