/*--------------------------------*- C++ -*----------------------------------*\
  =========                 |
  \\      /  F ield         | OpenFOAM: The Open Source CFD Toolbox
   \\    /   O peration     | Website:  https://openfoam.org
    \\  /    A nd           | Version:  7
     \\/     M anipulation  |
\*---------------------------------------------------------------------------*/
FoamFile
{
    version     2.0;
    format      ascii;
    class       volScalarField;
    location    "1.85";
    object      p;
}
// * * * * * * * * * * * * * * * * * * * * * * * * * * * * * * * * * * * * * //

dimensions      [0 2 -2 0 0 0 0];

internalField   nonuniform List<scalar> 
6400
(
-8.51349e-07
1.12046e-06
-3.1437e-05
-9.81786e-05
-0.00019173
-0.000305106
-0.000432286
-0.000568174
-0.000708822
-0.000851267
-0.000993367
-0.00113361
-0.00127092
-0.00140451
-0.0015338
-0.00165822
-0.00177725
-0.00189026
-0.00199653
-0.00209521
-0.00218532
-0.00226577
-0.00233534
-0.00239273
-0.00243661
-0.00246561
-0.00247838
-0.00247366
-0.00245025
-0.00240717
-0.00234357
-0.00225891
-0.00215291
-0.00202564
-0.00187753
-0.00170943
-0.00152262
-0.00131884
-0.00110027
-0.00086956
-0.0006298
-0.00038448
-0.000137448
0.000107154
0.000344958
0.000571469
0.000782154
0.000972558
0.00113842
0.00127578
0.00138111
0.00145141
0.00148431
0.00147816
0.00143206
0.00134596
0.00122064
0.00105771
0.000859584
0.000629423
0.000371071
8.89491e-05
-0.000212042
-0.000526634
-0.000849312
-0.00117442
-0.00149628
-0.00180927
-0.00210789
-0.00238687
-0.0026412
-0.00286618
-0.00305751
-0.00321142
-0.00332489
-0.00339614
-0.00342554
-0.00341723
-0.00338105
-0.00333485
-4.9349e-06
-2.44239e-06
-3.20286e-05
-9.00835e-05
-0.000170213
-0.000267623
-0.000377818
-0.000496772
-0.000621212
-0.000748535
-0.000876746
-0.00100435
-0.00113022
-0.00125347
-0.00137339
-0.00148935
-0.00160073
-0.00170686
-0.00180701
-0.00190035
-0.00198595
-0.0020628
-0.00212977
-0.00218568
-0.00222933
-0.00225948
-0.00227491
-0.00227449
-0.00225715
-0.00222199
-0.00216828
-0.0020955
-0.00200342
-0.0018921
-0.00176195
-0.00161373
-0.00144861
-0.00126817
-0.0010744
-0.000869721
-0.000656928
-0.000439204
-0.000220053
-3.24326e-06
0.000207252
0.000407342
0.000592908
0.000759907
0.00090447
0.00102302
0.00111236
0.00116981
0.00119324
0.00118118
0.0011329
0.00104838
0.000928406
0.000774496
0.000588911
0.000374591
0.000135084
-0.000125535
-0.000402767
-0.000691795
-0.000987585
-0.001285
-0.0015789
-0.00186421
-0.00213605
-0.00238975
-0.00262096
-0.00282569
-0.00300044
-0.00314228
-0.0032491
-0.00331992
-0.00335561
-0.00335949
-0.00333502
-0.00328872
2.68748e-05
2.60495e-05
-4.05045e-06
-5.87049e-05
-0.000132123
-0.000220447
-0.000320157
-0.000428012
-0.000541267
-0.000657709
-0.00077559
-0.000893542
-0.0010105
-0.00112561
-0.00123816
-0.00134752
-0.00145303
-0.00155405
-0.00164984
-0.0017396
-0.00182246
-0.00189743
-0.00196348
-0.0020195
-0.00206435
-0.00209688
-0.00211596
-0.0021205
-0.0021095
-0.00208211
-0.00203761
-0.00197552
-0.00189557
-0.00179779
-0.00168252
-0.00155043
-0.00140259
-0.00124041
-0.00106575
-0.000880814
-0.000688195
-0.000490858
-0.000292059
-9.53181e-05
9.56527e-05
0.000277022
0.000444928
0.000595575
0.000725335
0.000830847
0.000909123
0.000957636
0.000974413
0.000958101
0.000908023
0.000824216
0.000707442
0.000559182
0.000381608
0.000177529
-4.96754e-05
-0.000296143
-0.000557622
-0.000829575
-0.00110729
-0.00138597
-0.00166084
-0.00192726
-0.00218075
-0.00241711
-0.00263248
-0.00282336
-0.00298675
-0.00312022
-0.00322199
-0.00329121
-0.00332848
-0.00333572
-0.00331084
-0.00325226
9.48426e-05
8.38314e-05
4.85049e-05
-7.20222e-06
-7.87522e-05
-0.000162867
-0.000256615
-0.000357366
-0.000462896
-0.000571391
-0.000681398
-0.000791772
-0.000901598
-0.00101014
-0.00111675
-0.00122085
-0.00132183
-0.00141907
-0.00151187
-0.00159947
-0.00168103
-0.00175561
-0.00182222
-0.00187978
-0.00192722
-0.00196341
-0.00198726
-0.00199771
-0.00199376
-0.00197456
-0.00193938
-0.00188769
-0.00181917
-0.00173379
-0.00163179
-0.00151375
-0.00138059
-0.00123362
-0.00107451
-0.000905332
-0.000728514
-0.000546846
-0.000363415
-0.000181574
-4.87306e-06
0.000163013
0.00031837
0.000457537
0.000577007
0.000673532
0.000744215
0.000786608
0.000798802
0.000779487
0.000728019
0.000644445
0.000529521
0.000384705
0.000212121
1.45146e-05
-0.000204825
-0.000442148
-0.000693344
-0.000954044
-0.00121973
-0.00148584
-0.00174786
-0.00200141
-0.00224237
-0.00246685
-0.00267135
-0.00285273
-0.00300832
-0.00313592
-0.00323387
-0.00330109
-0.00333768
-0.00334428
-0.00331484
-0.00324287
0.000192527
0.000165079
0.000120359
6.02756e-05
-1.25394e-05
-9.53479e-05
-0.000185745
-0.000281687
-0.000381467
-0.000483692
-0.000587251
-0.000691267
-0.000795036
-0.000897981
-0.000999587
-0.00109934
-0.00119673
-0.00129118
-0.00138204
-0.00146861
-0.00155006
-0.00162551
-0.00169399
-0.00175445
-0.00180584
-0.00184704
-0.00187696
-0.00189453
-0.00189875
-0.00188871
-0.00186363
-0.00182292
-0.00176617
-0.00169326
-0.0016043
-0.00149975
-0.0013804
-0.00124743
-0.00110235
-0.000947093
-0.00078396
-0.000615579
-0.000444914
-0.000275198
-0.000109875
4.74758e-05
0.000193219
0.000323761
0.000435649
0.000525671
0.000590959
0.000629086
0.000638146
0.000616837
0.000564506
0.000481192
0.00036764
0.000225285
5.62283e-05
-0.000136821
-0.00035062
-0.00058148
-0.00082537
-0.00107802
-0.00133505
-0.00159205
-0.00184469
-0.00208883
-0.00232056
-0.0025363
-0.00273281
-0.00290723
-0.00305714
-0.00318051
-0.00327569
-0.00334142
-0.00337731
-0.00338313
-0.00335044
-0.00327013
0.000313396
0.000265176
0.000207658
0.000140394
6.36724e-05
-2.02865e-05
-0.000109585
-0.00020276
-0.000298614
-0.000396189
-0.00049474
-0.000593702
-0.00069262
-0.000791109
-0.000888809
-0.000985336
-0.00108026
-0.0011731
-0.00126328
-0.00135011
-0.00143282
-0.00151055
-0.00158236
-0.00164721
-0.00170403
-0.00175171
-0.00178912
-0.00181516
-0.00182876
-0.00182895
-0.00181487
-0.00178582
-0.00174128
-0.001681
-0.00160497
-0.0015135
-0.00140724
-0.00128721
-0.0011548
-0.0010118
-0.000860386
-0.000703077
-0.000542743
-0.000382539
-0.000225847
-7.62088e-05
6.27645e-05
0.000187484
0.000294486
0.000380537
0.000442735
0.000478613
0.000486225
0.000464223
0.000411916
0.000329309
0.000217114
7.67463e-05
-8.97118e-05
-0.000279567
-0.000489592
-0.00071612
-0.000955152
-0.00120247
-0.00145375
-0.00170468
-0.00195107
-0.00218891
-0.00241448
-0.00262441
-0.00281566
-0.00298561
-0.003132
-0.00325293
-0.00334677
-0.00341212
-0.00344827
-0.00345444
-0.00342111
-0.00333816
0.000451236
0.000379157
0.000306289
0.000229584
0.000146782
5.95943e-05
-3.05586e-05
-0.000122781
-0.000216388
-0.00031087
-0.000405871
-0.000501155
-0.000596539
-0.000691859
-0.000786935
-0.000881533
-0.000975342
-0.00106796
-0.00115889
-0.00124748
-0.00133302
-0.00141465
-0.00149143
-0.00156233
-0.00162625
-0.00168204
-0.00172853
-0.00176452
-0.00178889
-0.00180054
-0.0017985
-0.00178195
-0.00175022
-0.00170291
-0.00163986
-0.00156121
-0.00146748
-0.00135951
-0.00123859
-0.00110635
-0.000964872
-0.000816587
-0.000664299
-0.00051112
-0.000360416
-0.000215733
-8.07125e-05
4.10081e-05
0.000145898
0.000230642
0.00029225
0.000328159
0.000336329
0.000315321
0.000264365
0.000183397
7.30783e-05
-6.52149e-05
-0.000229422
-0.000416857
-0.000624291
-0.000848052
-0.00108413
-0.00132832
-0.00157631
-0.00182382
-0.00206672
-0.0023011
-0.00252336
-0.00273024
-0.00291888
-0.00308681
-0.00323191
-0.00335236
-0.00344658
-0.00351309
-0.00355101
-0.00355927
-0.00352817
-0.00344767
0.000599977
0.000501898
0.00041183
0.00032397
0.000233395
0.000141329
4.87367e-05
-4.40559e-05
-0.000136887
-0.000229703
-0.000322549
-0.000415527
-0.000508744
-0.000602272
-0.000696134
-0.000790253
-0.000884448
-0.000978415
-0.00107172
-0.00116377
-0.00125388
-0.00134121
-0.00142482
-0.00150364
-0.00157653
-0.00164227
-0.00169962
-0.00174729
-0.00178402
-0.00180859
-0.0018199
-0.00181694
-0.00179889
-0.00176517
-0.00171544
-0.00164968
-0.00156822
-0.00147177
-0.00136146
-0.00123882
-0.0011058
-0.000964795
-0.000818545
-0.000670151
-0.000522995
-0.000380668
-0.000246881
-0.000125368
-1.97773e-05
6.64424e-05
0.000130157
0.000168654
0.000179748
0.00016186
0.000114091
3.62701e-05
-7.10292e-05
-0.000206492
-0.000368095
-0.000553169
-0.000758478
-0.000980329
-0.00121469
-0.00145731
-0.00170385
-0.00195004
-0.00219174
-0.00242507
-0.00264649
-0.00285282
-0.0030413
-0.00320954
-0.00335554
-0.00347757
-0.00357406
-0.00364356
-0.00368508
-0.00369744
-0.00367141
-0.00359763
0.000753819
0.000628312
0.000519729
0.00041946
0.000319843
0.00022163
0.000125332
3.06946e-05
-6.26499e-05
-0.000155112
-0.00024714
-0.000339185
-0.000431648
-0.000524855
-0.000619034
-0.000714277
-0.000810531
-0.000907593
-0.0010051
-0.00110252
-0.00119917
-0.00129423
-0.00138672
-0.00147556
-0.00155952
-0.0016373
-0.00170756
-0.00176887
-0.00181984
-0.00185909
-0.00188532
-0.00189735
-0.00189416
-0.00187497
-0.00183925
-0.00178677
-0.0017177
-0.00163257
-0.00153235
-0.00141846
-0.00129277
-0.00115759
-0.00101563
-0.000869997
-0.000724116
-0.00058165
-0.000446416
-0.000322285
-0.000213066
-0.000122391
-5.35908e-05
-9.58026e-06
7.25002e-06
-4.87337e-06
-4.703e-05
-0.000119551
-0.000221994
-0.000353143
-0.000511043
-0.000693059
-0.000895961
-0.00111603
-0.0013492
-0.00159115
-0.00183751
-0.00208393
-0.00232624
-0.00256053
-0.00278325
-0.00299126
-0.00318183
-0.00335263
-0.0035017
-0.00362738
-0.00372816
-0.0038026
-0.0038497
-0.00386827
-0.00384988
-0.00378626
0.000907241
0.000753355
0.000625357
0.000511797
0.000402224
0.000296909
0.000195898
9.83448e-05
3.34369e-06
-8.99833e-05
-0.000182491
-0.000274984
-0.000368166
-0.000462617
-0.000558773
-0.000656892
-0.000757055
-0.000859156
-0.0009629
-0.0010678
-0.0011732
-0.00127826
-0.00138196
-0.00148316
-0.00158056
-0.00167276
-0.00175825
-0.00183548
-0.00190287
-0.00195886
-0.00200194
-0.00203071
-0.00204394
-0.0020406
-0.00201994
-0.00198153
-0.00192533
-0.0018517
-0.00176143
-0.00165582
-0.00153663
-0.0014061
-0.00126693
-0.00112224
-0.000975489
-0.00083045
-0.000691073
-0.000561399
-0.000445438
-0.000347053
-0.000269823
-0.000216926
-0.000191016
-0.000194125
-0.000227576
-0.000291921
-0.000386906
-0.000511469
-0.000663766
-0.00084123
-0.00104066
-0.00125833
-0.00149012
-0.00173166
-0.00197848
-0.00222615
-0.0024704
-0.00270727
-0.00293313
-0.00314481
-0.00333955
-0.00351503
-0.00366931
-0.00380075
-0.00390787
-0.00398928
-0.00404398
-0.00407077
-0.00406231
-0.00401158
0.00105484
0.000871982
0.000724005
0.000596582
0.000476427
0.000363309
0.000256787
0.000155412
5.77312e-05
-3.76059e-05
-0.000131866
-0.00022621
-0.000321644
-0.000419
-0.000518918
-0.000621822
-0.000727921
-0.000837203
-0.000949439
-0.00106418
-0.00118077
-0.00129835
-0.00141586
-0.00153208
-0.00164559
-0.00175486
-0.00185825
-0.00195402
-0.00204038
-0.00211555
-0.00217779
-0.00222546
-0.00225705
-0.0022713
-0.00226721
-0.00224411
-0.00220171
-0.00214018
-0.00206013
-0.0019627
-0.00184954
-0.00172282
-0.0015852
-0.0014398
-0.00129017
-0.00114017
-0.000993909
-0.000855629
-0.000729581
-0.000619902
-0.000530474
-0.000464797
-0.000425858
-0.000416021
-0.000436924
-0.000489415
-0.0005735
-0.000688338
-0.000832256
-0.00100281
-0.00119686
-0.00141069
-0.00164017
-0.00188084
-0.00212815
-0.00237753
-0.0026246
-0.00286526
-0.00309577
-0.00331286
-0.00351368
-0.00369587
-0.00385743
-0.00399671
-0.00411225
-0.00420268
-0.00426695
-0.0043039
-0.00430736
-0.00427171
0.00119127
0.000979139
0.000810897
0.000669294
0.000538161
0.000416738
0.000304076
0.000198102
9.68103e-05
-1.63201e-06
-9.89094e-05
-0.000196538
-0.000295823
-0.000397842
-0.000503436
-0.000613188
-0.000727429
-0.000846238
-0.000969442
-0.00109662
-0.00122711
-0.00136002
-0.00149423
-0.0016284
-0.00176103
-0.00189041
-0.00201473
-0.00213203
-0.00224031
-0.00233754
-0.00242169
-0.00249086
-0.00254327
-0.00257735
-0.00259182
-0.00258575
-0.00255858
-0.00251024
-0.00244114
-0.00235226
-0.00224505
-0.00212163
-0.00198459
-0.00183708
-0.00168269
-0.00152538
-0.00136945
-0.00121934
-0.0010796
-0.000954678
-0.00084881
-0.000765887
-0.000709301
-0.000681829
-0.000685515
-0.000721588
-0.000790406
-0.000891429
-0.00102324
-0.00118357
-0.00136941
-0.00157711
-0.00180252
-0.00204112
-0.00228826
-0.00253922
-0.00278947
-0.00303471
-0.00327105
-0.00349502
-0.00370366
-0.00389444
-0.00406529
-0.00421448
-0.00434049
-0.00444194
-0.00451774
-0.00456668
-0.00458383
-0.004565
0.00131119
0.00106976
0.00088119
0.000725291
0.000582966
0.000452895
0.000333593
0.000222346
0.000116574
1.39558e-05
-8.76126e-05
-0.000190001
-0.000294807
-0.00040335
-0.000516664
-0.000635484
-0.000760257
-0.000891143
-0.00102802
-0.00117048
-0.00131785
-0.00146919
-0.00162329
-0.00177872
-0.00193382
-0.00208672
-0.00223539
-0.00237766
-0.00251126
-0.00263388
-0.00274321
-0.00283702
-0.00291322
-0.00296992
-0.00300552
-0.00301876
-0.00300882
-0.00297532
-0.00291844
-0.00283901
-0.00273806
-0.00261782
-0.00248076
-0.00232998
-0.0021691
-0.00200222
-0.00183379
-0.0016685
-0.0015112
-0.00136669
-0.00123964
-0.00113439
-0.00105483
-0.00100422
-0.000985118
-0.000999244
-0.00104741
-0.00112949
-0.0012444
-0.00139016
-0.00156396
-0.00176226
-0.00198093
-0.00221544
-0.00246101
-0.00271278
-0.002966
-0.00321616
-0.00345911
-0.00369117
-0.00390913
-0.00411026
-0.00429232
-0.00445341
-0.00459192
-0.00470639
-0.00479559
-0.00485831
-0.00489073
-0.0048902
0.00140928
0.00113874
0.000929982
0.000759835
0.000606252
0.000467314
0.00034097
0.00022384
0.000112754
4.89476e-06
-0.000102263
-0.000210938
-0.000323015
-0.000440049
-0.000563259
-0.000693526
-0.000831404
-0.000977127
-0.00113061
-0.00129146
-0.00145897
-0.00163213
-0.00180966
-0.00198999
-0.0021713
-0.00235154
-0.00252844
-0.00269958
-0.0028624
-0.00301428
-0.00315259
-0.00327476
-0.00337832
-0.00346104
-0.00352096
-0.00355645
-0.00356634
-0.00354995
-0.00350712
-0.00343826
-0.00334476
-0.00322811
-0.0030908
-0.0029359
-0.00276706
-0.00258846
-0.00240471
-0.00222077
-0.00204179
-0.001873
-0.00171953
-0.00158624
-0.0014776
-0.0013975
-0.00134908
-0.0013347
-0.00135573
-0.00141259
-0.00150466
-0.00163035
-0.00178715
-0.0019717
-0.00217997
-0.00240744
-0.00264922
-0.00290029
-0.00315565
-0.00341054
-0.00366049
-0.0039015
-0.00413004
-0.00434311
-0.00453817
-0.00471311
-0.0048661
-0.00499557
-0.00510007
-0.00517814
-0.00522736
-0.00524645
0.00148019
0.00118096
0.000952333
0.00076813
0.000603343
0.000455414
0.00032169
0.000198103
8.08789e-05
-3.33011e-05
-0.000147382
-0.000263932
-0.000385118
-0.00051272
-0.000648138
-0.00079239
-0.000946132
-0.00110966
-0.00128293
-0.00146552
-0.00165671
-0.00185542
-0.00206025
-0.00226951
-0.00248118
-0.00269301
-0.00290248
-0.00310689
-0.00330336
-0.00348895
-0.00366065
-0.00381551
-0.00395067
-0.00406349
-0.0041516
-0.00421297
-0.00424602
-0.00424968
-0.00422347
-0.00416751
-0.00408269
-0.0039705
-0.00383319
-0.00367372
-0.00349573
-0.00330345
-0.00310164
-0.00289552
-0.00269058
-0.00249248
-0.00230687
-0.00213922
-0.00199468
-0.00187783
-0.00179259
-0.00174203
-0.00172827
-0.00175241
-0.00181444
-0.0019133
-0.00204688
-0.00221214
-0.00240522
-0.00262165
-0.00285647
-0.00310449
-0.00336046
-0.00361929
-0.00387612
-0.00412656
-0.00436668
-0.00459306
-0.0048028
-0.00499343
-0.00516285
-0.00530924
-0.00543086
-0.00552598
-0.00559342
-0.00563332
0.00151857
0.00119132
0.000943296
0.00074535
0.000569508
0.00041253
0.000271128
0.000140523
1.63293e-05
-0.00010528
-0.00022767
-0.000353754
-0.000485976
-0.000626338
-0.000776413
-0.000937351
-0.0011099
-0.00129441
-0.00149086
-0.00169883
-0.00191754
-0.00214583
-0.0023822
-0.00262478
-0.00287138
-0.00311951
-0.00336638
-0.00360899
-0.00384412
-0.00406845
-0.00427858
-0.00447114
-0.00464284
-0.00479057
-0.00491148
-0.00500311
-0.00506339
-0.00509083
-0.00508449
-0.00504414
-0.00497024
-0.00486405
-0.00472756
-0.00456357
-0.00437564
-0.00416802
-0.0039456
-0.00371382
-0.00347852
-0.00324583
-0.00302197
-0.00281309
-0.00262509
-0.0024634
-0.0023328
-0.00223728
-0.00217985
-0.00216245
-0.00218588
-0.00224975
-0.00235254
-0.00249163
-0.00266345
-0.00286365
-0.00308727
-0.00332895
-0.00358316
-0.00384443
-0.00410747
-0.00436738
-0.00461971
-0.00486053
-0.00508644
-0.00529451
-0.00548224
-0.00564745
-0.005788
-0.00590183
-0.00598892
-0.00605085
0.00151913
0.00116474
0.00089796
0.000686694
0.000500019
0.000333975
0.000184613
4.64266e-05
-8.55917e-05
-0.00021578
-0.000347924
-0.000485278
-0.000630562
-0.000785992
-0.000953309
-0.00113379
-0.00132826
-0.00153714
-0.0017604
-0.00199763
-0.00224798
-0.00251022
-0.0027827
-0.00306341
-0.00334994
-0.00363954
-0.00392915
-0.00421542
-0.0044948
-0.00476353
-0.0050178
-0.00525377
-0.00546765
-0.00565584
-0.00581497
-0.00594202
-0.00603443
-0.00609015
-0.00610776
-0.00608654
-0.00602653
-0.00592859
-0.0057944
-0.00562653
-0.00542839
-0.00520418
-0.00495888
-0.00469814
-0.00442813
-0.00415545
-0.00388695
-0.00362951
-0.00338987
-0.00317442
-0.00298898
-0.00283859
-0.00272734
-0.00265824
-0.00263306
-0.00265232
-0.00271523
-0.0028198
-0.00296286
-0.00314032
-0.00334725
-0.00357818
-0.00382729
-0.0040887
-0.00435659
-0.00462546
-0.00489022
-0.00514631
-0.00538967
-0.00561679
-0.00582463
-0.00601052
-0.00617184
-0.00630603
-0.00641424
-0.00649948
0.00147663
0.00109623
0.000811499
0.000587426
0.000390198
0.000215101
5.74997e-05
-8.88489e-05
-0.000229582
-0.00036955
-0.000512961
-0.000663405
-0.000823872
-0.000996794
-0.00118407
-0.00138709
-0.00160679
-0.0018436
-0.00209754
-0.00236816
-0.00265456
-0.00295541
-0.00326894
-0.00359295
-0.00392481
-0.00426153
-0.00459971
-0.00493567
-0.00526545
-0.00558487
-0.00588965
-0.00617542
-0.00643789
-0.00667286
-0.00687639
-0.00704487
-0.00717511
-0.00726447
-0.00731094
-0.00731324
-0.00727088
-0.00718423
-0.00705459
-0.00688418
-0.00667618
-0.00643469
-0.00616471
-0.00587203
-0.00556316
-0.00524515
-0.00492548
-0.00461184
-0.00431189
-0.0040331
-0.00378244
-0.00356622
-0.0033898
-0.00325745
-0.00317217
-0.00313561
-0.00314795
-0.00320802
-0.00331326
-0.00345993
-0.00364329
-0.00385779
-0.00409735
-0.00435561
-0.00462618
-0.00490285
-0.00517977
-0.00545156
-0.0057134
-0.00596102
-0.00619067
-0.00639908
-0.00658298
-0.00673924
-0.00687012
-0.00698008
0.001386
0.000980967
0.000679219
0.000442932
0.000235479
5.13609e-05
-0.000114765
-0.000269885
-0.000420266
-0.000571274
-0.000727534
-0.00089297
-0.00107084
-0.00126378
-0.00147386
-0.00170258
-0.00195094
-0.00221945
-0.00250813
-0.0028165
-0.00314362
-0.00348805
-0.00384789
-0.00422074
-0.00460376
-0.00499365
-0.00538672
-0.00577889
-0.0061658
-0.0065428
-0.00690508
-0.00724775
-0.0075659
-0.00785472
-0.00810962
-0.00832631
-0.00850093
-0.00863014
-0.00871125
-0.00874232
-0.00872224
-0.00865079
-0.00852876
-0.00835795
-0.00814122
-0.00788246
-0.00758661
-0.00725955
-0.00690805
-0.00653962
-0.00616236
-0.00578479
-0.00541557
-0.00506334
-0.0047364
-0.00444244
-0.00418834
-0.00397988
-0.00382154
-0.00371633
-0.00366573
-0.00366959
-0.0037262
-0.00383239
-0.00398371
-0.00417465
-0.00439888
-0.00464958
-0.00491971
-0.00520223
-0.00549041
-0.0057779
-0.00605892
-0.00632824
-0.00658129
-0.00681401
-0.00702232
-0.00720241
-0.00735761
-0.00749386
0.00124236
0.000814299
0.000496622
0.000248795
3.14808e-05
-0.000161618
-0.000336569
-0.000501103
-0.000662115
-0.000825482
-0.000996243
-0.00117865
-0.00137623
-0.00159183
-0.00182765
-0.00208533
-0.00236596
-0.00267009
-0.00299775
-0.00334846
-0.0037212
-0.00411444
-0.00452614
-0.0049537
-0.00539404
-0.00584358
-0.00629828
-0.00675368
-0.00720494
-0.00764694
-0.00807432
-0.00848158
-0.00886317
-0.0092136
-0.00952756
-0.00980001
-0.0100263
-0.0102024
-0.0103248
-0.0103907
-0.0103984
-0.010347
-0.0102365
-0.0100684
-0.00984489
-0.00956972
-0.00924761
-0.00888444
-0.00848719
-0.00806375
-0.00762285
-0.0071738
-0.00672634
-0.00629034
-0.00587554
-0.00549124
-0.005146
-0.00484737
-0.00460157
-0.00441334
-0.00428567
-0.00421981
-0.00421514
-0.00426932
-0.00437838
-0.00453697
-0.00473861
-0.00497603
-0.00524146
-0.00552698
-0.00582477
-0.00612738
-0.00642785
-0.00671984
-0.0069977
-0.00725643
-0.00749101
-0.00769674
-0.00787805
-0.00804238
0.0010411
0.000591856
0.000259476
8.55238e-07
-0.00022592
-0.000427957
-0.000612055
-0.000786684
-0.00095936
-0.00113646
-0.00132344
-0.00152488
-0.00174455
-0.0019855
-0.00225011
-0.00254014
-0.00285675
-0.00320055
-0.0035716
-0.00396939
-0.00439285
-0.00484036
-0.0053097
-0.00579812
-0.00630226
-0.00681826
-0.0073417
-0.00786772
-0.00839101
-0.0089059
-0.00940645
-0.00988652
-0.0103399
-0.0107603
-0.0111416
-0.011478
-0.011764
-0.0119947
-0.0121657
-0.0122735
-0.0123153
-0.0122895
-0.0121956
-0.0120341
-0.0118068
-0.0115171
-0.0111693
-0.0107692
-0.010324
-0.00984172
-0.00933176
-0.00880421
-0.00826985
-0.00773986
-0.0072255
-0.00673782
-0.00628728
-0.00588343
-0.00553457
-0.00524743
-0.00502692
-0.00487598
-0.00479547
-0.00478415
-0.00483881
-0.00495444
-0.00512455
-0.00534144
-0.00559661
-0.00588115
-0.00618604
-0.0065025
-0.00682222
-0.00713748
-0.00744137
-0.00772774
-0.0079904
-0.00822367
-0.00843302
-0.00862746
0.000777955
0.000309611
-3.611e-05
-0.000304714
-0.000540523
-0.000751456
-0.000945044
-0.00113048
-0.0013159
-0.00150817
-0.00171313
-0.0019357
-0.0021799
-0.00244899
-0.0027455
-0.00307132
-0.00342772
-0.00381535
-0.0042343
-0.00468404
-0.00516347
-0.00567084
-0.00620382
-0.00675943
-0.00733409
-0.00792359
-0.00852316
-0.00912749
-0.00973078
-0.0103268
-0.010909
-0.0114705
-0.0120043
-0.0125034
-0.0129609
-0.01337
-0.0137244
-0.014018
-0.0142457
-0.0144029
-0.014486
-0.0144924
-0.0144208
-0.0142708
-0.0140438
-0.0137424
-0.0133706
-0.012934
-0.0124396
-0.0118958
-0.0113124
-0.0107002
-0.010071
-0.00943733
-0.00881197
-0.00820787
-0.00763755
-0.00711281
-0.0066443
-0.0062411
-0.00591042
-0.00565731
-0.00548446
-0.00539214
-0.00537822
-0.0054383
-0.00556604
-0.00575345
-0.0059913
-0.00626961
-0.00657803
-0.00690626
-0.00724439
-0.00758311
-0.00791399
-0.00822948
-0.00852204
-0.00878479
-0.00902428
-0.00925112
0.00044909
-3.60498e-05
-0.000393623
-0.000671337
-0.000915727
-0.00113551
-0.00133895
-0.00153595
-0.00173522
-0.00194412
-0.00216888
-0.00241472
-0.00268592
-0.00298596
-0.00331752
-0.00368264
-0.00408266
-0.00451833
-0.00498974
-0.00549639
-0.0060371
-0.00661004
-0.00721273
-0.007842
-0.00849399
-0.00916418
-0.00984742
-0.0105379
-0.0112294
-0.0119149
-0.0125874
-0.0132391
-0.0138624
-0.0144494
-0.0149921
-0.015483
-0.0159145
-0.0162799
-0.0165728
-0.0167876
-0.0169197
-0.0169656
-0.0169228
-0.0167904
-0.0165687
-0.0162596
-0.0158667
-0.0153952
-0.0148519
-0.0142452
-0.0135853
-0.0128836
-0.0121528
-0.0114067
-0.0106597
-0.00992659
-0.00922218
-0.00856068
-0.00795537
-0.00741805
-0.0069586
-0.00658463
-0.00630112
-0.0061103
-0.0060115
-0.00600133
-0.00607385
-0.00622091
-0.00643268
-0.00669803
-0.00700518
-0.00734213
-0.00769711
-0.00805896
-0.00841745
-0.00876338
-0.00908761
-0.00938183
-0.00965369
-0.00991552
5.11608e-05
-0.000448256
-0.000816073
-0.00110197
-0.00135446
-0.00158306
-0.00179673
-0.00200604
-0.0022203
-0.00244731
-0.00269369
-0.00296496
-0.00326566
-0.00359946
-0.00396923
-0.00437713
-0.00482463
-0.00531253
-0.00584098
-0.00640946
-0.00701677
-0.00766098
-0.00833946
-0.00904884
-0.009785
-0.0105431
-0.0113175
-0.012102
-0.0128898
-0.0136733
-0.0144447
-0.0151956
-0.0159173
-0.0166011
-0.0172382
-0.01782
-0.0183379
-0.0187839
-0.0191507
-0.0194317
-0.0196211
-0.0197142
-0.0197076
-0.0195994
-0.0193889
-0.0190774
-0.0186676
-0.0181642
-0.0175737
-0.0169045
-0.0161667
-0.0153723
-0.0145348
-0.0136691
-0.012791
-0.0119175
-0.0110654
-0.0102517
-0.00949244
-0.00880247
-0.00819477
-0.00767997
-0.00726587
-0.00695714
-0.00675512
-0.00665782
-0.00666008
-0.00675389
-0.0069289
-0.00717291
-0.0074726
-0.00781408
-0.00818349
-0.00856751
-0.00895381
-0.00933127
-0.00968884
-0.0100166
-0.0103232
-0.0106229
-0.000418607
-0.000929587
-0.00130593
-0.00159903
-0.00185912
-0.00209648
-0.00232075
-0.00254316
-0.00277353
-0.00302014
-0.00328995
-0.00358879
-0.00392145
-0.0042918
-0.00470289
-0.00515702
-0.00565578
-0.00620004
-0.00679001
-0.00742518
-0.00810431
-0.00882538
-0.00958562
-0.0103814
-0.0112085
-0.0120615
-0.0129345
-0.0138207
-0.0147127
-0.0156024
-0.0164811
-0.0173397
-0.0181686
-0.0189582
-0.0196986
-0.0203802
-0.0209933
-0.0215289
-0.0219784
-0.0223341
-0.022589
-0.0227375
-0.0227749
-0.0226982
-0.0225059
-0.0221981
-0.0217769
-0.0212462
-0.0206119
-0.0198823
-0.0190672
-0.018179
-0.0172317
-0.0162412
-0.0152247
-0.014201
-0.0131891
-0.0122088
-0.0112791
-0.0104181
-0.00964236
-0.00896597
-0.00840007
-0.00795238
-0.00762683
-0.00742339
-0.00733816
-0.00736364
-0.00748916
-0.0077016
-0.00798604
-0.00832655
-0.00870694
-0.00911143
-0.00952527
-0.00993504
-0.0103275
-0.0106908
-0.0110347
-0.0113753
-0.000962353
-0.00148201
-0.00186507
-0.00216432
-0.00243148
-0.00267753
-0.00291277
-0.00314903
-0.00339665
-0.00366431
-0.00395934
-0.00428785
-0.00465486
-0.00506447
-0.0055199
-0.00602359
-0.00657726
-0.00718187
-0.0078377
-0.00854423
-0.00930019
-0.0101035
-0.0109512
-0.0118395
-0.0127638
-0.0137184
-0.014697
-0.0156923
-0.0166961
-0.0176998
-0.0186938
-0.0196681
-0.0206125
-0.0215162
-0.0223683
-0.023158
-0.0238748
-0.0245084
-0.025049
-0.0254878
-0.0258166
-0.0260286
-0.026118
-0.0260806
-0.0259139
-0.0256169
-0.0251909
-0.0246387
-0.0239659
-0.0231797
-0.0222902
-0.0213094
-0.0202518
-0.0191338
-0.0179741
-0.0167928
-0.0156112
-0.0144517
-0.0133364
-0.0122871
-0.0113239
-0.010465
-0.00972533
-0.00911641
-0.00864536
-0.0083148
-0.00812268
-0.00806248
-0.00812365
-0.00829227
-0.0085519
-0.00888446
-0.00927122
-0.0096936
-0.0101341
-0.0105766
-0.0110053
-0.0114062
-0.01179
-0.012175
-0.00158152
-0.00210681
-0.00249468
-0.00279901
-0.00307267
-0.00332731
-0.00357386
-0.0038247
-0.00409065
-0.00438078
-0.00470273
-0.00506291
-0.00546658
-0.00591802
-0.00642065
-0.00697707
-0.00758911
-0.00825784
-0.00898359
-0.00976588
-0.0106034
-0.011494
-0.0124345
-0.013421
-0.0144484
-0.0155109
-0.0166015
-0.0177125
-0.018835
-0.0199597
-0.0210762
-0.0221738
-0.023241
-0.0242662
-0.0252376
-0.0261432
-0.0269713
-0.0277105
-0.02835
-0.0288796
-0.0292901
-0.0295734
-0.0297226
-0.0297325
-0.0295993
-0.0293209
-0.0288975
-0.0283312
-0.0276264
-0.0267899
-0.0258309
-0.0247613
-0.0235956
-0.0223506
-0.0210457
-0.0197025
-0.0183442
-0.0169956
-0.015682
-0.0144286
-0.0132598
-0.012198
-0.0112627
-0.0104696
-0.00982984
-0.0093495
-0.00902908
-0.0088637
-0.0088434
-0.00895385
-0.00917718
-0.00949319
-0.00988036
-0.010317
-0.0107825
-0.0112578
-0.0117239
-0.0121642
-0.0125908
-0.0130237
-0.00227681
-0.00280457
-0.00319526
-0.00350355
-0.0037831
-0.00404621
-0.00430436
-0.00457046
-0.00485575
-0.00516967
-0.00552016
-0.00591388
-0.00635634
-0.00685202
-0.00740451
-0.00801657
-0.00869017
-0.00942648
-0.0102259
-0.0110879
-0.0120113
-0.0129937
-0.0140318
-0.0151215
-0.0162575
-0.0174333
-0.0186417
-0.0198742
-0.0211215
-0.0223733
-0.0236186
-0.0248456
-0.0260421
-0.0271953
-0.0282924
-0.0293203
-0.0302662
-0.0311177
-0.0318627
-0.03249
-0.0329892
-0.033351
-0.0335676
-0.0336324
-0.0335405
-0.0332888
-0.0328764
-0.0323042
-0.0315756
-0.0306964
-0.0296753
-0.0285233
-0.0272546
-0.0258862
-0.0244378
-0.022932
-0.0213936
-0.0198494
-0.0183278
-0.0168576
-0.0154672
-0.0141837
-0.0130315
-0.0120313
-0.0111991
-0.0105451
-0.0100733
-0.00978119
-0.00966016
-0.00969589
-0.00986944
-0.0101585
-0.0105386
-0.0109848
-0.0114729
-0.0119803
-0.0124846
-0.0129662
-0.0134382
-0.0139229
-0.00304812
-0.00357511
-0.00396658
-0.00427765
-0.00456244
-0.00483383
-0.00510383
-0.00538579
-0.00569134
-0.00603024
-0.00641073
-0.00683971
-0.00732289
-0.00786497
-0.00846971
-0.00914002
-0.00987801
-0.010685
-0.0115613
-0.0125066
-0.0135195
-0.0145977
-0.0157376
-0.0169349
-0.0181838
-0.0194777
-0.0208086
-0.0221676
-0.0235445
-0.0249285
-0.0263075
-0.027669
-0.0289997
-0.030286
-0.0315138
-0.0326691
-0.033738
-0.0347069
-0.0355629
-0.0362934
-0.0368872
-0.0373338
-0.0376243
-0.0377511
-0.0377081
-0.0374913
-0.0370983
-0.0365292
-0.0357861
-0.0348738
-0.0337997
-0.0325743
-0.0312109
-0.029726
-0.0281395
-0.0264743
-0.0247564
-0.0230144
-0.0212792
-0.0195829
-0.0179581
-0.0164366
-0.0150482
-0.0138191
-0.0127708
-0.0119187
-0.0112712
-0.0108292
-0.0105861
-0.0105284
-0.0106366
-0.0108864
-0.0112504
-0.0117001
-0.0122074
-0.0127456
-0.0132886
-0.0138132
-0.0143334
-0.0148739
-0.00389456
-0.00441745
-0.00480762
-0.00512025
-0.00540958
-0.00568902
-0.00597102
-0.00626935
-0.00659595
-0.00696088
-0.00737264
-0.00783835
-0.00836394
-0.00895428
-0.00961331
-0.0103441
-0.0111489
-0.0120291
-0.0129851
-0.0140166
-0.0151222
-0.0162993
-0.0175444
-0.0188526
-0.0202181
-0.0216336
-0.0230907
-0.0245798
-0.0260901
-0.0276098
-0.0291262
-0.0306257
-0.0320941
-0.0335168
-0.0348787
-0.0361648
-0.0373601
-0.0384502
-0.0394208
-0.0402587
-0.0409515
-0.0414878
-0.0418578
-0.0420527
-0.0420656
-0.0418912
-0.0415263
-0.0409695
-0.0402219
-0.0392871
-0.0381712
-0.0368834
-0.0354362
-0.0338452
-0.0321297
-0.0303126
-0.0284205
-0.0264831
-0.0245333
-0.0226063
-0.0207384
-0.0189663
-0.0173252
-0.0158473
-0.0145605
-0.0134861
-0.012638
-0.0120215
-0.0116335
-0.0114618
-0.0114869
-0.0116831
-0.0120203
-0.012466
-0.0129879
-0.013555
-0.0141366
-0.0147056
-0.0152768
-0.0158771
-0.00481437
-0.00532984
-0.00571659
-0.00602953
-0.00632266
-0.00660982
-0.00690389
-0.00721894
-0.00756722
-0.00795904
-0.00840312
-0.00890678
-0.00947614
-0.0101163
-0.0108312
-0.0116243
-0.0124978
-0.0134532
-0.014491
-0.0156109
-0.0168114
-0.0180899
-0.0194425
-0.0208643
-0.0223488
-0.0238884
-0.025474
-0.0270955
-0.0287414
-0.030399
-0.0320547
-0.0336941
-0.035302
-0.0368627
-0.0383603
-0.0397787
-0.0411021
-0.042315
-0.0434023
-0.0443499
-0.0451445
-0.045774
-0.0462274
-0.0464954
-0.0465701
-0.0464451
-0.0461162
-0.045581
-0.0448392
-0.0438932
-0.0427478
-0.0414107
-0.0398931
-0.0382092
-0.0363775
-0.0344202
-0.0323636
-0.0302382
-0.0280782
-0.0259209
-0.0238064
-0.0217756
-0.0198692
-0.018126
-0.0165804
-0.0152607
-0.0141873
-0.0133715
-0.0128141
-0.012506
-0.0124285
-0.0125549
-0.0128526
-0.0132854
-0.0138163
-0.0144094
-0.015029
-0.0156434
-0.0162682
-0.0169326
-0.005805
-0.00630973
-0.00669095
-0.00700291
-0.00729903
-0.0075935
-0.00789956
-0.00823156
-0.00860196
-0.00902129
-0.00949846
-0.010041
-0.0106551
-0.0113461
-0.0121182
-0.0129748
-0.0139183
-0.0149502
-0.0160713
-0.0172811
-0.018578
-0.0199592
-0.0214208
-0.0229574
-0.0245621
-0.0262269
-0.0279422
-0.029697
-0.0314791
-0.033275
-0.0350704
-0.0368497
-0.038597
-0.0402955
-0.0419285
-0.0434789
-0.0449301
-0.0462656
-0.0474697
-0.0485274
-0.0494248
-0.050149
-0.0506885
-0.051033
-0.0511739
-0.0511042
-0.0508185
-0.0503135
-0.0495878
-0.0486422
-0.0474803
-0.0461081
-0.0445352
-0.0427744
-0.0408424
-0.0387604
-0.0365537
-0.0342527
-0.031892
-0.0295108
-0.0271517
-0.0248596
-0.0226806
-0.0206595
-0.0188382
-0.0172525
-0.0159306
-0.0148905
-0.0141389
-0.0136707
-0.0134693
-0.0135078
-0.0137516
-0.0141609
-0.0146937
-0.015309
-0.0159654
-0.016626
-0.0173068
-0.0180394
-0.00686307
-0.0073538
-0.00772738
-0.00803705
-0.00833528
-0.00863655
-0.0089544
-0.00930337
-0.00969612
-0.0101433
-0.010654
-0.0112359
-0.0118955
-0.012638
-0.0134679
-0.0143886
-0.0154028
-0.016512
-0.0177169
-0.0190171
-0.0204109
-0.0218953
-0.0234661
-0.0251176
-0.0268426
-0.0286324
-0.0304768
-0.0323642
-0.0342816
-0.0362148
-0.0381483
-0.0400659
-0.0419506
-0.0437848
-0.0455509
-0.0472311
-0.0488077
-0.0502638
-0.0515828
-0.0527492
-0.0537485
-0.0545673
-0.0551935
-0.0556163
-0.0558265
-0.0558165
-0.05558
-0.0551129
-0.0544126
-0.0534788
-0.0523135
-0.0509212
-0.0493094
-0.0474893
-0.0454756
-0.0432875
-0.0409492
-0.0384897
-0.0359435
-0.0333504
-0.0307548
-0.028205
-0.0257515
-0.0234456
-0.0213361
-0.0194673
-0.0178757
-0.0165877
-0.0156172
-0.0149645
-0.0146165
-0.0145474
-0.0147212
-0.0150947
-0.0156211
-0.0162538
-0.0169449
-0.0176519
-0.018391
-0.0191959
-0.00798445
-0.008458
-0.00882187
-0.00912791
-0.00942729
-0.00973473
-0.010064
-0.0104298
-0.0108448
-0.01132
-0.0118643
-0.0124858
-0.0131909
-0.013985
-0.0148728
-0.0158577
-0.0169426
-0.0181289
-0.0194175
-0.0208077
-0.0222978
-0.0238847
-0.0255639
-0.0273292
-0.0291731
-0.0310863
-0.0330579
-0.0350757
-0.0371259
-0.0391933
-0.0412618
-0.0433142
-0.0453326
-0.0472986
-0.0491937
-0.0509994
-0.0526974
-0.05427
-0.0557003
-0.0569721
-0.0580706
-0.058982
-0.0596938
-0.060195
-0.0604759
-0.0605284
-0.0603457
-0.0599228
-0.0592564
-0.0583448
-0.0571887
-0.055791
-0.0541574
-0.0522966
-0.0502214
-0.0479487
-0.0455003
-0.0429036
-0.0401919
-0.0374046
-0.0345869
-0.0317892
-0.0290662
-0.0264743
-0.0240697
-0.0219051
-0.0200264
-0.0184691
-0.0172558
-0.0163943
-0.0158763
-0.0156784
-0.0157644
-0.0160883
-0.0165986
-0.0172425
-0.0179657
-0.0187188
-0.0195181
-0.0203994
-0.00916424
-0.00961759
-0.00996971
-0.0102708
-0.0105703
-0.0108832
-0.0112233
-0.0116055
-0.0120425
-0.0125453
-0.0131231
-0.0137838
-0.014534
-0.0153794
-0.0163246
-0.0173731
-0.0185278
-0.0197903
-0.0211613
-0.0226403
-0.0242252
-0.0259128
-0.0276983
-0.0295751
-0.0315352
-0.0335687
-0.0356642
-0.0378086
-0.0399874
-0.0421846
-0.0443832
-0.0465652
-0.0487119
-0.050804
-0.0528224
-0.0547477
-0.0565613
-0.0582447
-0.0597808
-0.061153
-0.0623463
-0.0633466
-0.0641414
-0.0647194
-0.0650706
-0.0651868
-0.0650608
-0.064687
-0.0640613
-0.0631812
-0.062046
-0.060657
-0.059018
-0.0571355
-0.0550199
-0.0526852
-0.0501509
-0.0474416
-0.0445886
-0.0416298
-0.0386101
-0.0355811
-0.0325999
-0.0297277
-0.0270275
-0.02456
-0.022381
-0.0205363
-0.0190587
-0.0179647
-0.017253
-0.0169044
-0.0168835
-0.0171424
-0.0176254
-0.0182735
-0.0190249
-0.0198232
-0.0206843
-0.0216458
-0.0103969
-0.0108272
-0.0111656
-0.0114603
-0.0117589
-0.0120763
-0.0124266
-0.0128245
-0.0132829
-0.0138127
-0.0144232
-0.0151224
-0.015917
-0.0168126
-0.0178139
-0.0189247
-0.0201477
-0.0214846
-0.0229361
-0.0245014
-0.0261785
-0.0279639
-0.0298524
-0.0318371
-0.0339093
-0.0360588
-0.0382733
-0.0405392
-0.042841
-0.045162
-0.0474844
-0.0497894
-0.0520573
-0.0542685
-0.0564027
-0.0584404
-0.0603621
-0.0621493
-0.0637843
-0.0652505
-0.0665327
-0.0676168
-0.0684902
-0.0691417
-0.0695614
-0.0697409
-0.0696728
-0.0693513
-0.0687716
-0.0679306
-0.0668263
-0.0654588
-0.0638298
-0.061944
-0.0598088
-0.0574357
-0.0548407
-0.0520456
-0.0490787
-0.0459753
-0.0427789
-0.0395407
-0.0363193
-0.0331796
-0.0301898
-0.0274188
-0.024932
-0.0227862
-0.0210257
-0.0196774
-0.018749
-0.0182271
-0.0180793
-0.0182567
-0.0186998
-0.0193436
-0.0201187
-0.0209607
-0.0218847
-0.02293
-0.0116763
-0.0120809
-0.0124038
-0.0126907
-0.0129872
-0.0133081
-0.0136676
-0.0140804
-0.0145592
-0.015115
-0.0157571
-0.0164935
-0.017331
-0.0182752
-0.0193309
-0.0205018
-0.0217907
-0.0231994
-0.0247284
-0.0263768
-0.0281425
-0.0300216
-0.0320087
-0.0340964
-0.0362755
-0.0385353
-0.0408628
-0.0432435
-0.0456614
-0.0480989
-0.0505375
-0.0529573
-0.0553384
-0.05766
-0.0599016
-0.062043
-0.0640644
-0.065947
-0.0676729
-0.0692254
-0.0705894
-0.0717509
-0.0726974
-0.073418
-0.0739028
-0.0741436
-0.074133
-0.0738652
-0.073335
-0.0725388
-0.0714737
-0.0701386
-0.0685336
-0.0666612
-0.0645264
-0.0621376
-0.0595075
-0.0566544
-0.0536027
-0.0503847
-0.0470409
-0.0436211
-0.0401837
-0.0367956
-0.0335295
-0.0304612
-0.0276654
-0.0252102
-0.0231522
-0.0215306
-0.0203637
-0.0196465
-0.019351
-0.0194291
-0.0198186
-0.0204487
-0.0212419
-0.0221253
-0.0231129
-0.0242452
-0.0129958
-0.0133723
-0.0136779
-0.0139558
-0.0142489
-0.0145722
-0.0149397
-0.0153661
-0.0158641
-0.0164445
-0.0171166
-0.0178884
-0.0187668
-0.0197573
-0.0208648
-0.0220931
-0.0234448
-0.0249217
-0.0265243
-0.0282516
-0.0301012
-0.0320689
-0.0341491
-0.0363338
-0.0386135
-0.0409767
-0.0434098
-0.0458977
-0.0484236
-0.0509692
-0.053515
-0.0560408
-0.0585256
-0.0609483
-0.0632878
-0.0655234
-0.0676352
-0.0696039
-0.0714118
-0.0730422
-0.07448
-0.0757115
-0.0767246
-0.0775086
-0.078054
-0.0783527
-0.0783979
-0.0781835
-0.0777046
-0.0769569
-0.0759373
-0.0746434
-0.0730741
-0.0712299
-0.0691135
-0.0667304
-0.0640899
-0.0612062
-0.0580997
-0.0547986
-0.0513397
-0.0477696
-0.0441456
-0.0405345
-0.037012
-0.0336595
-0.0305602
-0.0277935
-0.0254285
-0.0235182
-0.0220935
-0.0211597
-0.0206958
-0.0206563
-0.0209773
-0.021583
-0.0223877
-0.0233095
-0.0243609
-0.0255832
-0.0143484
-0.0146946
-0.0149813
-0.0152488
-0.0155373
-0.0158616
-0.0162359
-0.0166745
-0.0171899
-0.017793
-0.0184931
-0.0192981
-0.0202148
-0.0212488
-0.0224049
-0.0236868
-0.0250974
-0.0266382
-0.0283096
-0.0301106
-0.0320384
-0.0340888
-0.0362554
-0.0385302
-0.0409031
-0.0433617
-0.0458922
-0.0484787
-0.0511034
-0.0537477
-0.0563911
-0.0590129
-0.0615915
-0.0641052
-0.0665324
-0.0688521
-0.0710442
-0.0730894
-0.0749699
-0.0766692
-0.0781723
-0.079466
-0.0805384
-0.0813793
-0.0819798
-0.0823322
-0.08243
-0.0822674
-0.0818397
-0.0811425
-0.0801723
-0.0789262
-0.0774018
-0.0755983
-0.0735159
-0.0711576
-0.0685291
-0.0656409
-0.0625089
-0.0591566
-0.0556161
-0.05193
-0.0481523
-0.0443487
-0.0405959
-0.0369792
-0.033589
-0.030515
-0.0278394
-0.0256295
-0.0239306
-0.0227609
-0.0221084
-0.0219326
-0.0221695
-0.0227391
-0.0235478
-0.0245043
-0.025619
-0.0269338
-0.0157267
-0.0160409
-0.0163073
-0.0165631
-0.0168456
-0.0171696
-0.0175489
-0.0179979
-0.0185288
-0.0191524
-0.019878
-0.0207132
-0.021665
-0.0227389
-0.0239396
-0.025271
-0.0267357
-0.0283353
-0.0300699
-0.0319385
-0.033938
-0.036064
-0.0383097
-0.0406667
-0.0431243
-0.0456698
-0.0482885
-0.0509639
-0.0536778
-0.0564106
-0.0591415
-0.0618488
-0.0645106
-0.0671047
-0.0696092
-0.0720027
-0.074265
-0.0763767
-0.0783202
-0.0800791
-0.0816389
-0.0829865
-0.0841107
-0.0850017
-0.0856512
-0.0860521
-0.0861983
-0.0860847
-0.0857066
-0.0850601
-0.0841414
-0.0829472
-0.0814746
-0.0797211
-0.0776856
-0.0753681
-0.0727717
-0.0699026
-0.0667725
-0.0633996
-0.059811
-0.0560441
-0.0521484
-0.0481867
-0.0442347
-0.0403798
-0.0367178
-0.0333475
-0.0303638
-0.0278487
-0.0258635
-0.0244409
-0.0235808
-0.0232501
-0.0233868
-0.0239078
-0.0247122
-0.0256989
-0.0268759
-0.0282852
-0.0171232
-0.017404
-0.0176488
-0.0178916
-0.0181668
-0.0184888
-0.0188715
-0.0193287
-0.0198728
-0.0205143
-0.0212622
-0.0221243
-0.0231074
-0.024217
-0.0254579
-0.0268336
-0.0283469
-0.0299993
-0.0317908
-0.0337201
-0.0357841
-0.0379778
-0.0402945
-0.042725
-0.0452582
-0.047881
-0.0505782
-0.0533325
-0.0561252
-0.058936
-0.0617436
-0.0645258
-0.0672602
-0.069924
-0.0724952
-0.0749522
-0.0772745
-0.079443
-0.08144
-0.0832495
-0.0848572
-0.0862507
-0.087419
-0.0883531
-0.0890452
-0.0894889
-0.0896788
-0.0896102
-0.0892791
-0.0886818
-0.0878147
-0.0866745
-0.0852577
-0.0835611
-0.0815819
-0.0793183
-0.0767703
-0.0739409
-0.0708371
-0.0674721
-0.0638674
-0.0600545
-0.0560774
-0.0519941
-0.0478777
-0.0438156
-0.039907
-0.0362581
-0.0329751
-0.0301551
-0.0278758
-0.0261866
-0.0251019
-0.0245983
-0.0246183
-0.0250777
-0.0258685
-0.0268802
-0.028118
-0.0296234
-0.0185304
-0.0187767
-0.0189988
-0.0192275
-0.0194939
-0.0198123
-0.0201963
-0.0206595
-0.021214
-0.0218701
-0.0226369
-0.023522
-0.024532
-0.0256725
-0.0269482
-0.0283626
-0.0299184
-0.0316169
-0.0334582
-0.0354406
-0.037561
-0.0398141
-0.0421927
-0.0446874
-0.0472867
-0.0499769
-0.0527422
-0.055565
-0.0584258
-0.061304
-0.0641775
-0.0670238
-0.06982
-0.0725431
-0.0751707
-0.077681
-0.0800537
-0.0822695
-0.084311
-0.0861624
-0.0878097
-0.0892411
-0.0904462
-0.0914164
-0.0921447
-0.0926253
-0.0928536
-0.0928255
-0.0925376
-0.0919869
-0.09117
-0.0900838
-0.0887246
-0.0870887
-0.0851724
-0.0829721
-0.0804855
-0.0777123
-0.0746557
-0.0713238
-0.0677322
-0.0639062
-0.0598834
-0.0557159
-0.0514724
-0.0472378
-0.0431127
-0.0392086
-0.0356416
-0.0325226
-0.0299465
-0.027981
-0.026657
-0.0259638
-0.0258511
-0.0262352
-0.0270027
-0.0280333
-0.0293296
-0.0309322
-0.0199407
-0.0201517
-0.0203503
-0.0205639
-0.0208201
-0.021133
-0.0215161
-0.0219827
-0.0225445
-0.0232118
-0.0239935
-0.024897
-0.025929
-0.0270951
-0.0283996
-0.0298464
-0.0314378
-0.0331751
-0.0350583
-0.0370857
-0.0392538
-0.0415572
-0.0439883
-0.0465375
-0.0491927
-0.05194
-0.054763
-0.0576436
-0.0605619
-0.0634966
-0.0664254
-0.0693253
-0.0721729
-0.0749451
-0.0776192
-0.0801733
-0.0825871
-0.0848413
-0.0869188
-0.0888039
-0.0904833
-0.0919452
-0.0931801
-0.0941798
-0.0949381
-0.0954499
-0.0957111
-0.0957186
-0.0954696
-0.0949618
-0.0941923
-0.0931583
-0.0918565
-0.0902827
-0.0884326
-0.0863017
-0.0838856
-0.0811814
-0.0781885
-0.0749106
-0.0713577
-0.0675484
-0.0635136
-0.0592985
-0.0549654
-0.0505954
-0.0462877
-0.0421568
-0.0383264
-0.0349204
-0.0320504
-0.029803
-0.0282279
-0.02733
-0.027069
-0.0273641
-0.0280978
-0.0291409
-0.0304931
-0.0321934
-0.0213468
-0.0215223
-0.0216968
-0.0218941
-0.0221388
-0.0224444
-0.0228243
-0.0232913
-0.023857
-0.0245315
-0.0253235
-0.0262405
-0.027289
-0.0284744
-0.0298014
-0.0312735
-0.032893
-0.0346613
-0.0365782
-0.0386418
-0.0408484
-0.0431926
-0.0456664
-0.0482599
-0.0509609
-0.0537547
-0.0566248
-0.0595525
-0.0625176
-0.0654984
-0.0684721
-0.0714153
-0.0743045
-0.0771161
-0.0798274
-0.0824165
-0.0848628
-0.0871473
-0.089253
-0.0911647
-0.092869
-0.0943549
-0.0956132
-0.0966364
-0.0974189
-0.0979562
-0.098245
-0.0982831
-0.0980683
-0.097599
-0.0968731
-0.0958883
-0.0946416
-0.0931291
-0.0913461
-0.0892874
-0.0869472
-0.0843205
-0.0814037
-0.0781963
-0.074703
-0.0709363
-0.0669197
-0.0626909
-0.0583051
-0.0538371
-0.0493829
-0.0450572
-0.0409892
-0.0373134
-0.0341574
-0.0316272
-0.0297928
-0.0286773
-0.0282533
-0.0284457
-0.0291349
-0.0301834
-0.0315881
-0.0333862
-0.0227416
-0.0228817
-0.0230317
-0.023212
-0.0234437
-0.0237401
-0.0241141
-0.0245784
-0.0251442
-0.0258215
-0.0266189
-0.0275438
-0.0286027
-0.0298011
-0.0311434
-0.0326332
-0.0342729
-0.0360637
-0.0380054
-0.0400959
-0.0423317
-0.0447068
-0.0472132
-0.0498408
-0.052577
-0.0554069
-0.0583135
-0.0612779
-0.0642795
-0.0672961
-0.0703047
-0.0732817
-0.076203
-0.0790452
-0.0817852
-0.0844011
-0.0868723
-0.0891799
-0.091307
-0.0932386
-0.0949618
-0.0964659
-0.097742
-0.0987833
-0.0995847
-0.100142
-0.100454
-0.100518
-0.100332
-0.0998966
-0.0992098
-0.09827
-0.0970749
-0.0956209
-0.0939034
-0.0919168
-0.0896546
-0.0871101
-0.0842772
-0.081152
-0.0777345
-0.0740313
-0.0700588
-0.0658468
-0.0614424
-0.0569129
-0.0523488
-0.0478627
-0.0435863
-0.0396627
-0.0362337
-0.0334243
-0.0313261
-0.0299825
-0.0293821
-0.0294586
-0.0300923
-0.0311386
-0.0325919
-0.0344874
-0.0241184
-0.0242237
-0.0243491
-0.0245117
-0.0247291
-0.0250142
-0.0253797
-0.0258378
-0.0263996
-0.027075
-0.0278723
-0.0287991
-0.0298618
-0.0310659
-0.0324159
-0.0339154
-0.0355668
-0.0373712
-0.0393284
-0.0414364
-0.0436914
-0.0460874
-0.0486163
-0.0512676
-0.0540286
-0.0568842
-0.0598171
-0.0628081
-0.0658361
-0.0688789
-0.0719131
-0.0749147
-0.0778597
-0.0807243
-0.0834853
-0.0861207
-0.0886101
-0.0909345
-0.0930771
-0.0950232
-0.09676
-0.0982772
-0.0995664
-0.100621
-0.101437
-0.102011
-0.10234
-0.102425
-0.102264
-0.101857
-0.101205
-0.100305
-0.0991568
-0.097757
-0.0961014
-0.0941844
-0.0919992
-0.0895379
-0.0867927
-0.0837568
-0.0804262
-0.0768022
-0.0728946
-0.0687252
-0.0643325
-0.0597754
-0.0551371
-0.0505256
-0.0460726
-0.0419267
-0.0382419
-0.0351614
-0.0327985
-0.0312191
-0.0304305
-0.0303784
-0.0309454
-0.0319816
-0.0334794
-0.0354715
-0.0254711
-0.0255424
-0.0256435
-0.0257878
-0.0259896
-0.0262614
-0.0266155
-0.0270639
-0.0276173
-0.0282854
-0.0290768
-0.029999
-0.0310584
-0.0322606
-0.0336101
-0.0351107
-0.0367648
-0.0385735
-0.0405367
-0.0426523
-0.0449165
-0.0473233
-0.0498644
-0.0525293
-0.055305
-0.0581761
-0.0611254
-0.0641331
-0.0671782
-0.0702381
-0.0732892
-0.0763073
-0.0792682
-0.0821478
-0.084923
-0.0875718
-0.0900735
-0.0924094
-0.0945626
-0.0965185
-0.0982647
-0.0997911
-0.101089
-0.102154
-0.10298
-0.103566
-0.103909
-0.10401
-0.103869
-0.103487
-0.102864
-0.101999
-0.100892
-0.0995413
-0.0979425
-0.0960906
-0.0939787
-0.0915985
-0.088941
-0.0859971
-0.0827596
-0.0792252
-0.0753975
-0.0712911
-0.0669357
-0.0623812
-0.0577018
-0.0529991
-0.048402
-0.0440618
-0.040142
-0.0368022
-0.0341774
-0.0323572
-0.0313704
-0.0311777
-0.031667
-0.0326849
-0.0342227
-0.0363103
-0.0267938
-0.0268328
-0.02691
-0.0270356
-0.0272206
-0.0274771
-0.0278169
-0.0282516
-0.0287918
-0.0294472
-0.0302264
-0.0311369
-0.0321853
-0.0333774
-0.0347179
-0.0362105
-0.0378579
-0.0396614
-0.0416207
-0.043734
-0.0459973
-0.0484048
-0.050948
-0.0536163
-0.0563967
-0.0592738
-0.0622299
-0.0652453
-0.0682987
-0.0713673
-0.0744274
-0.0774545
-0.0804243
-0.0833127
-0.0860963
-0.0887531
-0.0912623
-0.0936052
-0.0957651
-0.0977273
-0.0994795
-0.101012
-0.102316
-0.103387
-0.104221
-0.104816
-0.10517
-0.105284
-0.105158
-0.104796
-0.104196
-0.103361
-0.10229
-0.100982
-0.0994337
-0.0976407
-0.0955964
-0.0932924
-0.090719
-0.0878658
-0.0847229
-0.0812833
-0.0775453
-0.0735165
-0.0692183
-0.0646913
-0.0600001
-0.0552381
-0.0505287
-0.0460231
-0.0418915
-0.0383075
-0.0354269
-0.0333637
-0.0321705
-0.0318262
-0.032227
-0.0332182
-0.034791
-0.0369726
-0.0280818
-0.0280902
-0.0281444
-0.0282511
-0.0284183
-0.0286573
-0.0289797
-0.0293967
-0.0299187
-0.0305554
-0.0313155
-0.0322068
-0.0332361
-0.0344095
-0.0357318
-0.0372071
-0.0388381
-0.0406264
-0.0425719
-0.0446728
-0.0469252
-0.0493233
-0.0518587
-0.0545208
-0.0572964
-0.0601702
-0.0631242
-0.0661388
-0.0691924
-0.0722621
-0.075324
-0.0783537
-0.0813264
-0.0842181
-0.0870052
-0.0896655
-0.0921784
-0.094525
-0.0966884
-0.0986542
-0.10041
-0.101946
-0.103255
-0.10433
-0.105169
-0.10577
-0.106131
-0.106255
-0.106142
-0.105795
-0.105215
-0.104404
-0.103362
-0.10209
-0.100585
-0.0988438
-0.0968597
-0.0946249
-0.0921294
-0.0893619
-0.0863109
-0.0829663
-0.0793219
-0.0753795
-0.0711525
-0.0666724
-0.0619937
-0.0572004
-0.0524084
-0.047766
-0.0434468
-0.039636
-0.0365084
-0.0342025
-0.0327965
-0.0322904
-0.0325923
-0.0335481
-0.0351508
-0.037425
-0.0293307
-0.0293109
-0.0293432
-0.0294311
-0.0295795
-0.029799
-0.0301008
-0.0304957
-0.0309941
-0.0316057
-0.0323396
-0.0332037
-0.0342053
-0.0353507
-0.0366454
-0.0380935
-0.0396982
-0.0414613
-0.0433828
-0.0454612
-0.0476928
-0.0500717
-0.0525897
-0.0552362
-0.0579981
-0.0608599
-0.0638037
-0.0668096
-0.0698561
-0.0729202
-0.0759777
-0.0790042
-0.0819747
-0.0848651
-0.0876518
-0.0903123
-0.0928259
-0.0951735
-0.0973384
-0.099306
-0.101064
-0.102602
-0.103913
-0.104992
-0.105834
-0.106439
-0.106806
-0.106937
-0.106833
-0.106497
-0.105932
-0.10514
-0.104122
-0.102879
-0.101411
-0.0997124
-0.0977798
-0.0956053
-0.0931791
-0.0904895
-0.0875238
-0.0842699
-0.0807181
-0.0768648
-0.0727167
-0.0682965
-0.0636489
-0.0588473
-0.0539989
-0.0492463
-0.0447637
-0.0407445
-0.0373806
-0.0348345
-0.033211
-0.032534
-0.0327265
-0.0336384
-0.0352656
-0.0376306
-0.0305369
-0.0304918
-0.0305037
-0.030573
-0.0307017
-0.0308997
-0.0311777
-0.031546
-0.0320151
-0.0325949
-0.0332947
-0.0341232
-0.035088
-0.036196
-0.037453
-0.0388639
-0.040432
-0.0421596
-0.0440471
-0.046093
-0.0482939
-0.0506441
-0.0531356
-0.0557578
-0.0584975
-0.0613392
-0.0642652
-0.0672556
-0.0702885
-0.073341
-0.0763888
-0.0794073
-0.0823715
-0.085257
-0.08804
-0.0906981
-0.0932103
-0.0955574
-0.0977225
-0.0996907
-0.10145
-0.10299
-0.104303
-0.105384
-0.106229
-0.106837
-0.107208
-0.107344
-0.107246
-0.106919
-0.106365
-0.105586
-0.104586
-0.103366
-0.101925
-0.100261
-0.0983707
-0.0962462
-0.0938787
-0.0912565
-0.0883665
-0.0851949
-0.0817296
-0.0779627
-0.0738951
-0.0695414
-0.0649368
-0.0601442
-0.0552606
-0.0504212
-0.0457976
-0.0415886
-0.0380004
-0.0352179
-0.0333734
-0.0325172
-0.0325902
-0.0334494
-0.0350957
-0.03755
-0.0316978
-0.0316307
-0.031624
-0.0316752
-0.0317836
-0.0319581
-0.0322088
-0.0325458
-0.0329796
-0.0335204
-0.034178
-0.0349618
-0.0358801
-0.0369406
-0.0381498
-0.0395129
-0.0410341
-0.0427159
-0.0445592
-0.0465628
-0.0487236
-0.0510361
-0.0534923
-0.0560819
-0.0587916
-0.0616062
-0.0645077
-0.0674762
-0.07049
-0.0735259
-0.0765595
-0.0795661
-0.0825206
-0.0853985
-0.0881757
-0.0908296
-0.0933391
-0.0956847
-0.0978493
-0.099818
-0.101578
-0.10312
-0.104435
-0.105518
-0.106365
-0.106976
-0.107351
-0.10749
-0.107397
-0.107075
-0.106528
-0.105758
-0.104771
-0.103566
-0.102145
-0.100507
-0.0986483
-0.0965627
-0.0942419
-0.0916746
-0.0888477
-0.0857466
-0.0823574
-0.078669
-0.0746773
-0.07039
-0.0658337
-0.0610607
-0.0561575
-0.05125
-0.046505
-0.0421233
-0.0383225
-0.0353083
-0.0332404
-0.0321971
-0.0321408
-0.0329383
-0.034598
-0.03714
-0.0328116
-0.0327262
-0.0327032
-0.0327371
-0.0328246
-0.0329736
-0.0331935
-0.0334942
-0.0338862
-0.0343803
-0.0349871
-0.0357167
-0.0365785
-0.037581
-0.0387316
-0.0400364
-0.0415
-0.0431258
-0.0449149
-0.0468666
-0.0489782
-0.0512443
-0.0536572
-0.0562065
-0.0588793
-0.0616602
-0.0645314
-0.0674728
-0.0704627
-0.0734778
-0.0764937
-0.0794854
-0.0824278
-0.085296
-0.088066
-0.0907148
-0.093221
-0.095565
-0.0977293
-0.0996988
-0.101461
-0.103004
-0.104322
-0.105408
-0.106258
-0.106872
-0.107249
-0.107391
-0.107301
-0.106982
-0.106439
-0.105675
-0.104694
-0.103498
-0.10209
-0.100468
-0.0986303
-0.0965716
-0.0942843
-0.0917577
-0.0889791
-0.0859336
-0.0826062
-0.0789835
-0.0750576
-0.0708304
-0.0663204
-0.0615706
-0.0566566
-0.051694
-0.0468428
-0.042303
-0.0383004
-0.0350591
-0.0327655
-0.0315275
-0.0313318
-0.0320584
-0.0337257
-0.0363541
-0.0338771
-0.0337779
-0.0337412
-0.0337588
-0.0338251
-0.0339465
-0.0341319
-0.0343909
-0.0347344
-0.0351736
-0.0357204
-0.0363858
-0.0371805
-0.0381141
-0.0391951
-0.0404305
-0.0418261
-0.0433854
-0.0451106
-0.0470012
-0.0490549
-0.0512666
-0.0536286
-0.056131
-0.0587607
-0.0615023
-0.0643381
-0.0672481
-0.0702103
-0.0732014
-0.0761968
-0.0791716
-0.0821002
-0.0849578
-0.0877198
-0.0903633
-0.0928663
-0.0952092
-0.097374
-0.0993452
-0.10111
-0.102657
-0.103978
-0.105068
-0.105922
-0.106539
-0.106919
-0.107063
-0.106975
-0.106657
-0.106115
-0.105353
-0.104374
-0.103181
-0.101777
-0.100163
-0.0983353
-0.0962911
-0.0940232
-0.0915219
-0.0887749
-0.0857675
-0.0824841
-0.0789101
-0.0750344
-0.0708545
-0.0663823
-0.0616519
-0.0567284
-0.0517172
-0.0467695
-0.0420821
-0.037886
-0.0344211
-0.0318992
-0.0304586
-0.0301131
-0.0307593
-0.0324282
-0.0351419
-0.0348944
-0.0347863
-0.034739
-0.0347418
-0.0347864
-0.0348783
-0.0350253
-0.0352369
-0.0355244
-0.0359001
-0.0363769
-0.0369675
-0.0376839
-0.0385373
-0.0395374
-0.0406925
-0.0420092
-0.0434921
-0.0451438
-0.0469646
-0.0489522
-0.051102
-0.0534066
-0.0558559
-0.0584372
-0.0611349
-0.0639314
-0.0668064
-0.0697381
-0.0727028
-0.0756761
-0.0786326
-0.0815467
-0.0843932
-0.0871474
-0.0897859
-0.0922866
-0.0946294
-0.096796
-0.0987705
-0.100539
-0.102092
-0.103418
-0.104513
-0.105372
-0.105994
-0.106377
-0.106524
-0.106437
-0.106119
-0.105576
-0.104812
-0.10383
-0.102634
-0.101228
-0.0996109
-0.0977829
-0.0957403
-0.0934772
-0.0909845
-0.0882507
-0.0852616
-0.0820016
-0.0784552
-0.0746094
-0.0704583
-0.0660083
-0.0612859
-0.0563468
-0.0512857
-0.0462446
-0.041415
-0.0370302
-0.0333429
-0.0305888
-0.028937
-0.0284305
-0.0289859
-0.0306503
-0.0334486
-0.0358642
-0.035753
-0.0356987
-0.0356882
-0.0357111
-0.0357712
-0.0358755
-0.0360335
-0.0362571
-0.0365599
-0.0369563
-0.0374607
-0.0380872
-0.0388486
-0.0397562
-0.0408199
-0.0420472
-0.0434437
-0.0450129
-0.0467554
-0.0486695
-0.0507509
-0.0529922
-0.0553834
-0.0579118
-0.060562
-0.063316
-0.0661537
-0.0690529
-0.07199
-0.0749402
-0.0778779
-0.0807775
-0.0836133
-0.0863604
-0.088995
-0.0914948
-0.093839
-0.0960092
-0.097989
-0.0997643
-0.101324
-0.102658
-0.10376
-0.104626
-0.105253
-0.105641
-0.105791
-0.105704
-0.105386
-0.10484
-0.10407
-0.103082
-0.101877
-0.100461
-0.0988327
-0.0969931
-0.0949391
-0.0926654
-0.0901639
-0.0874235
-0.084431
-0.0811709
-0.0776275
-0.0737868
-0.0696404
-0.0651904
-0.0604572
-0.055488
-0.0503678
-0.0452288
-0.0402558
-0.0356821
-0.0317704
-0.0287781
-0.0269049
-0.026225
-0.0266783
-0.0283315
-0.0312143
-0.0367883
-0.0366806
-0.0366235
-0.0366016
-0.0366026
-0.0366286
-0.0366856
-0.0367831
-0.0369341
-0.0371538
-0.0374584
-0.0378648
-0.0383892
-0.0390464
-0.0398498
-0.0408107
-0.0419382
-0.0432389
-0.0447168
-0.0463735
-0.0482074
-0.0502145
-0.0523876
-0.0547166
-0.0571889
-0.0597889
-0.0624984
-0.0652972
-0.0681631
-0.0710721
-0.0739991
-0.0769186
-0.0798043
-0.0826305
-0.0853718
-0.0880043
-0.0905049
-0.0928528
-0.0950289
-0.0970163
-0.0988005
-0.100369
-0.101714
-0.102825
-0.1037
-0.104335
-0.104728
-0.104882
-0.104797
-0.104477
-0.103926
-0.103149
-0.102149
-0.100931
-0.0994968
-0.0978487
-0.0959864
-0.0939075
-0.0916075
-0.0890787
-0.086311
-0.0832915
-0.0800055
-0.0764374
-0.0725727
-0.0684015
-0.063923
-0.0591527
-0.0541308
-0.0489336
-0.0436838
-0.0385587
-0.0337896
-0.0296468
-0.0264071
-0.0242999
-0.0234324
-0.0237712
-0.025406
-0.0283734
-0.0376695
-0.0375729
-0.0375177
-0.0374867
-0.0374657
-0.0374548
-0.0374591
-0.0374887
-0.0375575
-0.0376828
-0.0378836
-0.0381793
-0.0385887
-0.0391293
-0.0398165
-0.0406636
-0.0416811
-0.0428768
-0.0442555
-0.0458194
-0.0475674
-0.0494954
-0.0515964
-0.0538603
-0.0562741
-0.0588223
-0.0614864
-0.064246
-0.0670785
-0.0699598
-0.0728646
-0.0757669
-0.0786402
-0.0814585
-0.0841962
-0.0868286
-0.0893325
-0.0916866
-0.0938712
-0.0958689
-0.0976648
-0.0992462
-0.100603
-0.101727
-0.102613
-0.103257
-0.103658
-0.103816
-0.103733
-0.103411
-0.102855
-0.102067
-0.101053
-0.0998149
-0.0983566
-0.0966793
-0.0947831
-0.0926659
-0.0903232
-0.0877481
-0.0849308
-0.0818593
-0.0785194
-0.0748957
-0.070974
-0.0667437
-0.062202
-0.057361
-0.0522555
-0.0469542
-0.0415714
-0.0362769
-0.0312985
-0.026912
-0.023411
-0.0210543
-0.0199826
-0.0201923
-0.0218007
-0.0248536
-0.0385118
-0.038435
-0.0383874
-0.0383498
-0.0383065
-0.0382554
-0.0382009
-0.0381537
-0.0381296
-0.0381484
-0.0382322
-0.0384037
-0.0386848
-0.0390959
-0.039655
-0.0403773
-0.0412751
-0.0423573
-0.0436297
-0.0450949
-0.046752
-0.0485972
-0.0506234
-0.0528202
-0.0551746
-0.0576705
-0.0602893
-0.0630102
-0.0658104
-0.0686655
-0.0715497
-0.0744367
-0.0772999
-0.0801127
-0.0828491
-0.0854841
-0.0879942
-0.0903573
-0.0925534
-0.0945646
-0.0963752
-0.0979721
-0.0993442
-0.100483
-0.101383
-0.102039
-0.102449
-0.102613
-0.102533
-0.102209
-0.101645
-0.100845
-0.0998127
-0.0985502
-0.0970606
-0.0953452
-0.0934038
-0.0912343
-0.0888322
-0.086191
-0.0833011
-0.0801509
-0.0767268
-0.073014
-0.0689987
-0.06467
-0.0600245
-0.0550719
-0.0498433
-0.0444015
-0.0388537
-0.0333625
-0.0281521
-0.0235018
-0.0197204
-0.0170939
-0.0157981
-0.0158621
-0.017435
-0.0205747
-0.0393201
-0.0392736
-0.0392402
-0.0391987
-0.0391324
-0.0390371
-0.0389165
-0.0387824
-0.0386532
-0.038552
-0.0385046
-0.0385375
-0.0386764
-0.0389449
-0.0393639
-0.0399509
-0.0407199
-0.0416809
-0.0428408
-0.0442023
-0.0457651
-0.047525
-0.0494748
-0.0516039
-0.0538989
-0.0563432
-0.058918
-0.061602
-0.0643718
-0.0672028
-0.0700689
-0.0729434
-0.0757992
-0.0786094
-0.0813476
-0.0839885
-0.0865078
-0.0888832
-0.0910941
-0.093122
-0.0949506
-0.096566
-0.0979568
-0.0991136
-0.10003
-0.1007
-0.101121
-0.101293
-0.101216
-0.10089
-0.100318
-0.099504
-0.0984493
-0.0971572
-0.0956293
-0.0938667
-0.0918686
-0.0896326
-0.087154
-0.084426
-0.0814393
-0.0781823
-0.0746418
-0.0708036
-0.0666543
-0.0621835
-0.0573876
-0.0522755
-0.0468758
-0.0412475
-0.035492
-0.0297662
-0.0242908
-0.0193477
-0.0152591
-0.0123374
-0.0107933
-0.0106917
-0.0122186
-0.0154472
-0.0401012
-0.0400975
-0.0400859
-0.0400433
-0.0399529
-0.039808
-0.0396124
-0.0393796
-0.0391314
-0.0388949
-0.0387007
-0.0385798
-0.0385621
-0.0386749
-0.0389422
-0.0393839
-0.0400156
-0.0408489
-0.041891
-0.0431454
-0.0446114
-0.0462849
-0.0481582
-0.0502203
-0.0524572
-0.0548519
-0.057385
-0.0600346
-0.0627771
-0.0655872
-0.0684385
-0.0713037
-0.0741555
-0.0769666
-0.0797101
-0.0823602
-0.0848923
-0.0872835
-0.0895126
-0.0915606
-0.0934105
-0.0950479
-0.0964604
-0.0976381
-0.0985732
-0.0992601
-0.099695
-0.0998759
-0.0998022
-0.0994744
-0.098894
-0.0980628
-0.0969828
-0.0956558
-0.0940827
-0.0922637
-0.0901972
-0.0878801
-0.0853073
-0.0824713
-0.0793624
-0.0759691
-0.072278
-0.0682755
-0.0639484
-0.0592872
-0.0542888
-0.048962
-0.0433347
-0.0374635
-0.0314465
-0.0254363
-0.0196511
-0.0143755
-0.00994412
-0.00669447
-0.00487253
-0.00458141
-0.00604985
-0.00937026
-0.0408629
-0.0409181
-0.0409369
-0.0408961
-0.0407794
-0.040578
-0.0402962
-0.0399505
-0.0395671
-0.0391784
-0.0388205
-0.0385296
-0.0383404
-0.0382844
-0.0383887
-0.0386758
-0.039163
-0.0398631
-0.0407839
-0.0419289
-0.0432973
-0.0448847
-0.0466827
-0.0486798
-0.0508613
-0.0532095
-0.0557043
-0.0583233
-0.0610423
-0.0638354
-0.0666757
-0.0695357
-0.0723875
-0.0752032
-0.0779558
-0.0806189
-0.0831675
-0.0855781
-0.087829
-0.0899006
-0.0917753
-0.0934378
-0.0948752
-0.0960767
-0.0970336
-0.0977395
-0.0981896
-0.0983809
-0.0983119
-0.097982
-0.0973916
-0.0965415
-0.0954325
-0.0940654
-0.0924399
-0.090555
-0.0884083
-0.0859953
-0.08331
-0.0803439
-0.0770866
-0.073526
-0.0696483
-0.0654399
-0.0608881
-0.0559839
-0.050725
-0.0451213
-0.039201
-0.0330203
-0.0266758
-0.0203184
-0.0141653
-0.00850475
-0.00368381
-6.44483e-05
0.00207198
0.00258155
0.00118653
-0.00222955
-0.041617
-0.0417496
-0.0418092
-0.0417729
-0.041626
-0.0413586
-0.0409766
-0.0405009
-0.0399634
-0.0394034
-0.0388631
-0.0383851
-0.0380093
-0.0377716
-0.0377024
-0.0378268
-0.0381636
-0.0387266
-0.0395239
-0.0405589
-0.0418306
-0.0433337
-0.0450593
-0.0469948
-0.0491248
-0.0514307
-0.0538918
-0.0564848
-0.0591849
-0.0619656
-0.0647996
-0.0676588
-0.0705149
-0.0733396
-0.0761054
-0.0787855
-0.0813543
-0.083788
-0.0860643
-0.0881629
-0.0900656
-0.0917565
-0.0932217
-0.0944496
-0.0954308
-0.0961578
-0.0966247
-0.0968277
-0.0967638
-0.0964315
-0.0958299
-0.0949585
-0.0938168
-0.0924041
-0.0907189
-0.0887587
-0.0865194
-0.0839953
-0.0811787
-0.0780599
-0.0746271
-0.0708669
-0.0667649
-0.0623068
-0.05748
-0.0522758
-0.0466932
-0.0407433
-0.0344556
-0.027888
-0.0211375
-0.0143556
-0.00776104
-0.00164782
0.00362343
0.00766585
0.0101625
0.0109262
0.00962283
0.00610591
-0.0423775
-0.0426112
-0.042724
-0.0426937
-0.0425104
-0.042164
-0.0416638
-0.0410371
-0.0403235
-0.0395702
-0.0388274
-0.0381443
-0.0375667
-0.0371349
-0.0368828
-0.0368376
-0.0370197
-0.0374435
-0.038117
-0.0390435
-0.0402209
-0.0416433
-0.0433007
-0.0451795
-0.0472631
-0.0495322
-0.051965
-0.0545375
-0.057224
-0.0599977
-0.0628305
-0.0656937
-0.0685587
-0.0713968
-0.07418
-0.076881
-0.079474
-0.0819343
-0.0842394
-0.0863682
-0.088302
-0.0900241
-0.0915198
-0.0927766
-0.0937842
-0.094534
-0.0950191
-0.0952345
-0.095176
-0.0948407
-0.0942263
-0.0933309
-0.0921525
-0.0906886
-0.0889361
-0.0868907
-0.0845464
-0.0818957
-0.0789288
-0.0756341
-0.0719978
-0.0680049
-0.0636394
-0.0588857
-0.0537307
-0.0481658
-0.0421908
-0.0358182
-0.0290802
-0.0220367
-0.014788
-0.00748833
-0.000361252
0.00629066
0.0120904
0.0166244
0.019539
0.0206013
0.0194124
0.0157877
-0.0431641
-0.0435291
-0.0437088
-0.0436845
-0.0434546
-0.0430113
-0.0423697
-0.0415661
-0.0406503
-0.0396792
-0.0387117
-0.0378048
-0.0370102
-0.0363728
-0.0359297
-0.0357099
-0.0357351
-0.0360195
-0.0365711
-0.0373922
-0.0384798
-0.0398268
-0.0414217
-0.0432499
-0.0452937
-0.0475323
-0.0499432
-0.0525013
-0.0551804
-0.0579527
-0.0607896
-0.0636621
-0.0665408
-0.0693967
-0.0722014
-0.0749273
-0.0775479
-0.0800383
-0.0823753
-0.0845372
-0.0865047
-0.0882604
-0.0897887
-0.0910763
-0.0921119
-0.0928857
-0.0933899
-0.0936179
-0.0935645
-0.0932252
-0.0925961
-0.0916737
-0.0904542
-0.0889333
-0.0871057
-0.0849652
-0.0825034
-0.0797104
-0.076574
-0.0730799
-0.0692119
-0.0649524
-0.060283
-0.0551863
-0.0496475
-0.0436576
-0.0372166
-0.0303386
-0.023058
-0.0154385
-0.00758452
0.000343696
0.00811483
0.0154137
0.0218425
0.0269566
0.0303631
0.0317808
0.0307352
0.0269932
-0.044004
-0.0445388
-0.044801
-0.0447794
-0.0444869
-0.0439217
-0.0431084
-0.0420961
-0.0409471
-0.0397301
-0.0385142
-0.0373641
-0.0363379
-0.0354847
-0.0348443
-0.0344471
-0.0343152
-0.0344625
-0.0348962
-0.0356173
-0.0366214
-0.0378997
-0.0394396
-0.0412247
-0.0432359
-0.0454514
-0.0478474
-0.0503979
-0.0530759
-0.0558527
-0.0586994
-0.0615861
-0.0644833
-0.0673614
-0.0701916
-0.0729459
-0.0755974
-0.0781207
-0.0804921
-0.0826895
-0.0846928
-0.0864837
-0.0880462
-0.0893658
-0.0904302
-0.0912287
-0.0917521
-0.0919925
-0.0919432
-0.0915983
-0.0909521
-0.0899993
-0.0887341
-0.08715
-0.0852396
-0.0829939
-0.0804021
-0.0774513
-0.0741262
-0.0704095
-0.0662816
-0.0617214
-0.0567074
-0.0512193
-0.0452398
-0.038758
-0.0317734
-0.0243007
-0.0163768
-0.00806926
0.000511934
0.00919925
0.0177496
0.0258308
0.0330178
0.0388279
0.0428231
0.04467
0.0438057
0.0399335
-0.0449365
-0.0456903
-0.0460517
-0.0460236
-0.0456437
-0.0449218
-0.0438975
-0.0426367
-0.0412179
-0.0397234
-0.0382332
-0.0368205
-0.0355489
-0.0344713
-0.0336294
-0.0330544
-0.0327679
-0.0327829
-0.0331049
-0.0337334
-0.0346621
-0.0358804
-0.0373737
-0.0391242
-0.0411112
-0.0433115
-0.0457
-0.04825
-0.0509333
-0.0537207
-0.0565825
-0.0594885
-0.0624085
-0.0653127
-0.0681718
-0.0709575
-0.0736425
-0.0762011
-0.0786088
-0.0808432
-0.0828835
-0.0847107
-0.0863079
-0.0876599
-0.0887533
-0.0895761
-0.090118
-0.0903698
-0.0903232
-0.0899705
-0.0893043
-0.0883173
-0.0870014
-0.085348
-0.0833468
-0.0809862
-0.0782521
-0.0751284
-0.0715962
-0.0676342
-0.0632187
-0.0583246
-0.052926
-0.0469983
-0.0405205
-0.0334786
-0.02587
-0.0177088
-0.00903318
8.60173e-05
0.00953283
0.0191307
0.028623
0.0376549
0.0457667
0.0524261
0.0571398
0.0595151
0.0588839
0.0548638
-0.0460193
-0.0470551
-0.0475318
-0.0474782
-0.0469727
-0.0460455
-0.0447584
-0.0431999
-0.041468
-0.0396603
-0.0378683
-0.0361733
-0.0346439
-0.0333354
-0.0322905
-0.03154
-0.0311041
-0.0309939
-0.031213
-0.0317582
-0.0326213
-0.0337894
-0.0352459
-0.0369711
-0.0389426
-0.0411359
-0.0435247
-0.046081
-0.048776
-0.0515796
-0.0544616
-0.0573912
-0.0603379
-0.0632715
-0.0661623
-0.0689816
-0.0717019
-0.074297
-0.076742
-0.079014
-0.0810916
-0.0829551
-0.0845868
-0.0859706
-0.087092
-0.087938
-0.0884971
-0.0887584
-0.0887121
-0.0883489
-0.0876594
-0.086634
-0.0852625
-0.0835335
-0.0814339
-0.0789489
-0.076061
-0.0727502
-0.0689935
-0.0647651
-0.0600363
-0.0547768
-0.0489552
-0.0425416
-0.0355094
-0.0278398
-0.019526
-0.0105794
-0.0010375
0.00902718
0.0194939
0.030177
0.0408051
0.0509972
0.0602486
0.0679631
0.0735736
0.0766153
0.0762913
0.0721003
-0.0473392
-0.0487376
-0.0493415
-0.0492266
-0.0485368
-0.0473364
-0.0457187
-0.0438012
-0.0417049
-0.0395438
-0.037421
-0.0354244
-0.0336263
-0.032083
-0.0308364
-0.0299156
-0.0293382
-0.0291125
-0.0292393
-0.0297125
-0.0305211
-0.0316498
-0.0330798
-0.0347894
-0.0367544
-0.0389489
-0.0413453
-0.0439146
-0.046627
-0.0494519
-0.0523583
-0.0553152
-0.0582915
-0.0612568
-0.064181
-0.0670352
-0.0697916
-0.0724234
-0.0749056
-0.0772147
-0.0793287
-0.0812274
-0.0828922
-0.0843062
-0.0854539
-0.0863211
-0.0868949
-0.0871632
-0.0871145
-0.0867375
-0.086021
-0.0849531
-0.083521
-0.0817105
-0.0795055
-0.0768876
-0.0738356
-0.0703252
-0.0663286
-0.0618149
-0.0567498
-0.0510966
-0.0448176
-0.0378754
-0.0302365
-0.0218748
-0.0127768
-0.00294815
0.00757774
0.0187298
0.0303855
0.0423525
0.0543449
0.0659563
0.0766253
0.0856729
0.0924318
0.0963399
0.0964356
0.0920468
-0.0490297
-0.050892
-0.0516236
-0.0513829
-0.0504193
-0.0488505
-0.0468131
-0.0444605
-0.0419391
-0.0393798
-0.0368955
-0.0345788
-0.0325031
-0.0307237
-0.0292797
-0.0281965
-0.0274881
-0.0271589
-0.0272058
-0.0276194
-0.0283857
-0.0294864
-0.0309005
-0.032604
-0.0345713
-0.0367746
-0.0391853
-0.0417733
-0.044508
-0.0473582
-0.0502924
-0.053279
-0.0562867
-0.0592848
-0.062243
-0.0651321
-0.067924
-0.0705918
-0.07311
-0.0754545
-0.0776031
-0.0795348
-0.0812303
-0.0826719
-0.0838431
-0.0847287
-0.0853143
-0.0855864
-0.085532
-0.0851378
-0.0843906
-0.083276
-0.0817787
-0.0798816
-0.0775652
-0.0748074
-0.0715829
-0.0678627
-0.063614
-0.0587999
-0.0533799
-0.0473101
-0.0405447
-0.033038
-0.024747
-0.0156358
-0.00568083
0.00512191
0.0167479
0.029133
0.0421583
0.0556309
0.0692559
0.0825995
0.0950459
0.105806
0.114076
0.119151
0.119846
0.115239
-0.0513008
-0.0537502
-0.0545825
-0.0541032
-0.0527293
-0.0506585
-0.0480843
-0.0452019
-0.042184
-0.0391764
-0.0362985
-0.0336441
-0.0312845
-0.0292706
-0.0276362
-0.0264014
-0.0255747
-0.0251556
-0.0251363
-0.0255037
-0.02624
-0.0273243
-0.0287327
-0.0304393
-0.0324166
-0.0346355
-0.0370661
-0.0396775
-0.0424382
-0.0453164
-0.0482802
-0.0512977
-0.0543374
-0.0573681
-0.0603596
-0.0632825
-0.0661082
-0.0688099
-0.0713615
-0.0737389
-0.075919
-0.0778806
-0.0796037
-0.0810696
-0.082261
-0.0831614
-0.0837555
-0.0840282
-0.0839647
-0.08355
-0.0827686
-0.0816039
-0.0800378
-0.0780501
-0.075618
-0.0727155
-0.069313
-0.0653764
-0.0608676
-0.0557434
-0.0499561
-0.0434539
-0.0361821
-0.0280846
-0.019107
-0.00920066
0.00167205
0.01353
0.0263639
0.0401243
0.0547052
0.069923
0.0854846
0.100939
0.115615
0.12862
0.138928
0.145632
0.147231
0.142424
-0.0544902
-0.0576655
-0.0585121
-0.0575982
-0.0556052
-0.0528448
-0.0495798
-0.0460501
-0.042452
-0.0389406
-0.035636
-0.032628
-0.0299806
-0.0277369
-0.0259223
-0.0245492
-0.023619
-0.023125
-0.0230543
-0.023389
-0.0241078
-0.0251866
-0.0265988
-0.0283167
-0.0303108
-0.0325508
-0.0350056
-0.0376435
-0.0404324
-0.04334
-0.046334
-0.0493822
-0.052453
-0.055515
-0.0585379
-0.061492
-0.0643489
-0.0670814
-0.0696632
-0.0720699
-0.074278
-0.0762658
-0.0780127
-0.0794992
-0.0807071
-0.081619
-0.0822182
-0.0824882
-0.0824126
-0.0819747
-0.0811566
-0.0799396
-0.0783027
-0.0762226
-0.0736731
-0.0706243
-0.067042
-0.0628874
-0.0581163
-0.0526792
-0.0465208
-0.0395807
-0.0317941
-0.0230933
-0.0134104
-0.00268071
0.0091516
0.0221264
0.0362579
0.0515218
0.0678387
0.0850501
0.102883
0.120888
0.138349
0.154355
0.167462
0.176524
0.179553
0.17469
-0.059159
-0.0631826
-0.0638301
-0.0621425
-0.0592103
-0.0554967
-0.0513394
-0.0470176
-0.042742
-0.0386666
-0.0349029
-0.0315283
-0.0285937
-0.0261291
-0.0241484
-0.0226533
-0.0216367
-0.0210846
-0.0209778
-0.0212939
-0.0220075
-0.0230911
-0.024516
-0.0262522
-0.0282686
-0.0305339
-0.0330159
-0.0356822
-0.0385002
-0.0414372
-0.0444606
-0.0475382
-0.050638
-0.0537289
-0.0567804
-0.0597627
-0.0626473
-0.0654069
-0.0680153
-0.0704474
-0.0726797
-0.0746899
-0.0764569
-0.0779605
-0.0791816
-0.080102
-0.0807035
-0.0809686
-0.0808791
-0.0804164
-0.0795609
-0.0782913
-0.0765839
-0.0744125
-0.0717476
-0.0685552
-0.0647968
-0.0604287
-0.0554008
-0.0496571
-0.0431346
-0.0357639
-0.0274696
-0.0181712
-0.00778523
0.00377165
0.0165781
0.0307015
0.0461892
0.0630557
0.0812658
0.10071
0.121167
0.142234
0.163225
0.183047
0.200142
0.212749
0.218162
0.213725
-0.0662784
-0.0711508
-0.071114
-0.0680658
-0.0637057
-0.0586711
-0.05336
-0.048072
-0.0430106
-0.0383109
-0.0340609
-0.0303148
-0.0271018
-0.0244331
-0.0223067
-0.0207114
-0.0196295
-0.0190387
-0.0189134
-0.0192259
-0.0199468
-0.0210458
-0.0224916
-0.0242525
-0.0262961
-0.0285899
-0.0311011
-0.0337967
-0.0366437
-0.0396093
-0.0426607
-0.0457656
-0.0488921
-0.052009
-0.0550859
-0.0580931
-0.0610021
-0.0637855
-0.0664168
-0.068871
-0.0711242
-0.0731537
-0.0749378
-0.0764559
-0.0776881
-0.0786151
-0.0792178
-0.0794772
-0.0793738
-0.0788872
-0.0779959
-0.0766763
-0.0749025
-0.0726448
-0.069871
-0.0665434
-0.0626192
-0.05805
-0.0527803
-0.0467475
-0.0398814
-0.0321035
-0.0233275
-0.0134596
-0.00239956
0.00995692
0.0237153
0.038977
0.0558323
0.0743501
0.0945617
0.116438
0.139852
0.164508
0.189814
0.214673
0.237364
0.255403
0.264975
0.262266
-0.0776211
-0.0828966
-0.0810996
-0.075681
-0.0691594
-0.0623024
-0.0555126
-0.0490624
-0.0431098
-0.0377406
-0.0329973
-0.0288954
-0.0254318
-0.022592
-0.0203538
-0.0186905
-0.0175724
-0.0169684
-0.0168462
-0.0171732
-0.0179162
-0.0190423
-0.0205181
-0.0223105
-0.0243862
-0.0267119
-0.0292542
-0.03198
-0.034856
-0.0378494
-0.0409275
-0.0440581
-0.0472093
-0.0503501
-0.0534501
-0.0564798
-0.0594107
-0.0622154
-0.0648676
-0.0673418
-0.0696142
-0.0716615
-0.0734618
-0.0749938
-0.0762368
-0.0771709
-0.0777759
-0.0780315
-0.0779171
-0.0774106
-0.0764886
-0.0751256
-0.0732932
-0.0709602
-0.0680902
-0.0646426
-0.0605712
-0.0558229
-0.0503374
-0.0440465
-0.0368729
-0.0287297
-0.0195202
-0.00913736
0.00253582
0.015626
0.0302679
0.0466023
0.0647715
0.0849137
0.107152
0.131575
0.158208
0.186943
0.21741
0.248719
0.279136
0.305576
0.322603
0.324718
-0.0965578
-0.10046
-0.0945639
-0.0850772
-0.0753357
-0.0660137
-0.057382
-0.0495932
-0.0426906
-0.036662
-0.0314725
-0.0270784
-0.0234321
-0.0204863
-0.0181953
-0.0165153
-0.0154047
-0.0148238
-0.0147344
-0.0150997
-0.015884
-0.017052
-0.0185695
-0.0204022
-0.0225165
-0.0248788
-0.0274556
-0.0302138
-0.0331203
-0.0361424
-0.0392475
-0.0424037
-0.0455794
-0.0487438
-0.0518667
-0.0549187
-0.0578715
-0.0606978
-0.063371
-0.065866
-0.0681584
-0.0702249
-0.0720432
-0.0735913
-0.0748482
-0.075793
-0.0764048
-0.0766622
-0.0765434
-0.076025
-0.0750821
-0.0736876
-0.0718108
-0.0694185
-0.0664719
-0.0629279
-0.0587368
-0.0538421
-0.0481796
-0.0416758
-0.0342478
-0.0258013
-0.0162305
-0.00541638
0.00677411
0.0204892
0.0358933
0.0531685
0.0725154
0.0941532
0.118319
0.145261
0.175222
0.208394
0.244797
0.284045
0.324865
0.363939
0.39414
0.407549
-0.129724
-0.126793
-0.112059
-0.0958357
-0.08143
-0.0688977
-0.0581171
-0.0489379
-0.0411659
-0.0346167
-0.0291363
-0.0245992
-0.0209034
-0.0179654
-0.0157161
-0.0140965
-0.0130554
-0.0125469
-0.0125295
-0.012964
-0.0138135
-0.0150425
-0.0166163
-0.0185009
-0.0206628
-0.0230688
-0.0256858
-0.0284811
-0.0314219
-0.034476
-0.0376112
-0.0407959
-0.0439989
-0.0471897
-0.0503383
-0.0534157
-0.0563937
-0.0592449
-0.0619431
-0.0644628
-0.0667797
-0.0688702
-0.0707116
-0.0722817
-0.0735589
-0.0745217
-0.0751485
-0.0754171
-0.0753046
-0.0747867
-0.0738374
-0.0724278
-0.0705264
-0.0680976
-0.0651013
-0.0614921
-0.0572181
-0.0522202
-0.0464309
-0.0397735
-0.0321603
-0.0234916
-0.0136542
-0.00251938
0.0100592
0.0242485
0.04024
0.0582548
0.0785507
0.101433
0.127265
0.156488
0.189632
0.22732
0.270206
0.318834
0.373121
0.430314
0.482892
0.520663
-0.192468
-0.16507
-0.132478
-0.105957
-0.0853141
-0.06905
-0.0562065
-0.0459781
-0.0377378
-0.0310459
-0.0255995
-0.0211859
-0.0176527
-0.0148887
-0.0128098
-0.0113498
-0.0104545
-0.0100775
-0.0101775
-0.0107166
-0.0116593
-0.0129712
-0.014619
-0.0165701
-0.0187919
-0.0212522
-0.0239188
-0.0267596
-0.0297428
-0.0328366
-0.0360094
-0.0392302
-0.0424681
-0.0456929
-0.048875
-0.0519857
-0.0549968
-0.0578812
-0.0606126
-0.0631657
-0.0655159
-0.0676395
-0.0695136
-0.0711158
-0.072424
-0.0734163
-0.0740705
-0.074364
-0.0742731
-0.0737725
-0.0728359
-0.0714335
-0.0695329
-0.067097
-0.0640849
-0.0604499
-0.0561387
-0.0510908
-0.0452369
-0.0384981
-0.0307839
-0.0219915
-0.0120029
-0.000683027
0.0121237
0.0265978
0.0429506
0.0614337
0.0823519
0.106084
0.133111
0.164066
0.1998
0.241479
0.290685
0.349499
0.420164
0.50261
0.593392
0.687544
-0.328803
-0.213854
-0.144122
-0.105188
-0.0793848
-0.0610788
-0.0479316
-0.038183
-0.0306633
-0.0247089
-0.0199387
-0.0161153
-0.0130848
-0.0107438
-0.00901962
-0.00785762
-0.0072137
-0.00705008
-0.00733261
-0.00802926
-0.00910907
-0.0105416
-0.0122967
-0.014344
-0.0166531
-0.0191934
-0.0219341
-0.0248444
-0.0278932
-0.0310497
-0.0342829
-0.0375623
-0.0408575
-0.0441387
-0.0473767
-0.0505428
-0.0536092
-0.0565488
-0.0593353
-0.0619435
-0.0643487
-0.0665272
-0.0684558
-0.0701121
-0.0714737
-0.0725185
-0.0732241
-0.0735678
-0.0735259
-0.0730711
-0.0721788
-0.0708186
-0.0689571
-0.0665577
-0.0635789
-0.0599738
-0.0556892
-0.0506641
-0.0448292
-0.038105
-0.030401
-0.0216132
-0.0116228
-0.000292488
0.0125365
0.0270501
0.0434685
0.0620574
0.0831453
0.10715
0.13462
0.166309
0.203293
0.247189
0.300534
0.367436
0.454302
0.569428
0.729991
0.958685
-0.603934
-0.259263
-0.120714
-0.0758036
-0.0532259
-0.0387264
-0.0294195
-0.0230747
-0.0182794
-0.0144178
-0.0112438
-0.00864337
-0.00655764
-0.00495514
-0.00381635
-0.00312544
-0.00286666
-0.0030229
-0.00357534
-0.00450328
-0.00578436
-0.00739465
-0.00930891
-0.0115007
-0.0139427
-0.0166068
-0.0194639
-0.0224848
-0.0256396
-0.0288985
-0.0322314
-0.0356081
-0.038999
-0.0423746
-0.0457059
-0.0489644
-0.0521225
-0.0551531
-0.0580301
-0.0607281
-0.0632225
-0.0654897
-0.0675064
-0.06925
-0.0706985
-0.0718295
-0.0726208
-0.0730494
-0.0730916
-0.0727251
-0.0719189
-0.0706451
-0.0688718
-0.0665627
-0.0636771
-0.060169
-0.0559862
-0.0510689
-0.0453493
-0.0387495
-0.0311809
-0.0225415
-0.0127149
-0.00156642
0.0110596
0.0253456
0.0415078
0.0598073
0.0805669
0.104198
0.131242
0.162446
0.19889
0.242239
0.295288
0.363278
0.457406
0.602337
0.861802
1.32899
)
;

boundaryField
{
    movingWall
    {
        type            zeroGradient;
    }
    fixedWalls
    {
        type            zeroGradient;
    }
    frontAndBack
    {
        type            empty;
    }
}


// ************************************************************************* //
