/*--------------------------------*- C++ -*----------------------------------*\
  =========                 |
  \\      /  F ield         | OpenFOAM: The Open Source CFD Toolbox
   \\    /   O peration     | Website:  https://openfoam.org
    \\  /    A nd           | Version:  7
     \\/     M anipulation  |
\*---------------------------------------------------------------------------*/
FoamFile
{
    version     2.0;
    format      ascii;
    class       volScalarField;
    location    "1.15";
    object      p;
}
// * * * * * * * * * * * * * * * * * * * * * * * * * * * * * * * * * * * * * //

dimensions      [0 2 -2 0 0 0 0];

internalField   nonuniform List<scalar> 
6400
(
1.06645e-06
-1.48879e-06
-6.52673e-05
-0.000186983
-0.000351676
-0.000546037
-0.000758482
-0.000979188
-0.00120013
-0.00141491
-0.0016185
-0.00180698
-0.00197738
-0.00212742
-0.00225544
-0.00236022
-0.00244089
-0.00249684
-0.00252765
-0.00253305
-0.00251286
-0.00246696
-0.0023953
-0.00229788
-0.00217472
-0.00202591
-0.00185159
-0.00165199
-0.00142743
-0.00117833
-0.000905273
-0.000608986
-0.000290379
4.9436e-05
0.000409127
0.00078713
0.00118163
0.00159058
0.00201166
0.00244231
0.00287973
0.00332088
0.00376254
0.00420129
0.0046336
0.00505579
0.00546418
0.00585504
0.0062247
0.00656962
0.00688638
0.00717182
0.00742306
0.00763757
0.00781322
0.00794833
0.00804173
0.00809281
0.00810149
0.00806833
0.00799448
0.00788172
0.00773243
0.00754962
0.00733687
0.00709833
0.00683869
0.00656315
0.00627738
0.00598751
0.00570008
0.00542205
0.00516071
0.00492367
0.00471875
0.00455365
0.00443526
0.00436873
0.00435607
0.00438462
5.09505e-06
1.93883e-06
-5.44238e-05
-0.000157559
-0.000295425
-0.00045856
-0.000638115
-0.000826215
-0.00101605
-0.00120197
-0.00137936
-0.00154451
-0.00169449
-0.00182702
-0.00194034
-0.0020331
-0.00210432
-0.00215325
-0.00217933
-0.00218218
-0.00216153
-0.00211718
-0.00204901
-0.00195697
-0.00184105
-0.00170132
-0.00153791
-0.00135104
-0.00114101
-0.000908268
-0.00065336
-0.000376999
-8.00649e-05
0.000236376
0.000571055
0.000922489
0.00128898
0.00166858
0.00205916
0.0024583
0.00286343
0.00327173
0.00368023
0.00408578
0.00448513
0.00487493
0.00525179
0.00561233
0.00595322
0.00627121
0.00656324
0.00682644
0.00705825
0.00725638
0.00741896
0.00754452
0.00763206
0.00768108
0.00769161
0.00766422
0.00760005
0.0075008
0.00736872
0.00720662
0.00701784
0.00680622
0.0065761
0.00633222
0.00607977
0.00582427
0.0055716
0.00532787
0.00509942
0.00489267
0.00471399
0.00456937
0.00446371
0.00440052
0.00438435
0.00441309
6.94754e-05
5.83141e-05
1.5004e-06
-9.3874e-05
-0.000217855
-0.00036296
-0.000522182
-0.000689014
-0.000857705
-0.00102333
-0.00118179
-0.00132968
-0.00146428
-0.00158339
-0.0016853
-0.00176865
-0.00183242
-0.0018758
-0.00189818
-0.00189913
-0.00187831
-0.00183547
-0.00177045
-0.00168315
-0.00157355
-0.00144167
-0.00128764
-0.00111163
-0.000913949
-0.000694993
-0.000455294
-0.000195525
8.3478e-05
0.000380705
0.000694956
0.00102483
0.00136872
0.00172482
0.00209108
0.00246528
0.00284497
0.00322754
0.00361018
0.00398998
0.00436388
0.00472878
0.0050815
0.0054189
0.00573789
0.00603545
0.00630875
0.00655515
0.00677225
0.00695799
0.00711064
0.00722888
0.00731182
0.00735903
0.00737061
0.00734713
0.0072897
0.00719996
0.00708007
0.00693267
0.00676093
0.00656843
0.00635921
0.00613769
0.00590863
0.00567711
0.00544844
0.00522812
0.00502174
0.0048349
0.00467306
0.00454128
0.00444363
0.00438339
0.00436778
0.00440094
0.000192615
0.000161985
9.59396e-05
-4.12712e-07
-0.000120013
-0.000256656
-0.000404533
-0.000558257
-0.000713001
-0.000864569
-0.00100939
-0.00114447
-0.00126736
-0.00137606
-0.00146898
-0.00154484
-0.00160265
-0.00164162
-0.00166115
-0.00166077
-0.00164011
-0.00159891
-0.00153698
-0.00145418
-0.00135046
-0.00122581
-0.00108032
-0.000914146
-0.000727541
-0.00052087
-0.000294617
-4.94074e-05
0.000213983
0.000494609
0.000791345
0.00110288
0.0014277
0.00176409
0.00211014
0.00246374
0.00282259
0.0031842
0.00354595
0.00390505
0.00425864
0.00460376
0.00493742
0.00525663
0.00555848
0.00584012
0.00609886
0.0063322
0.00653791
0.00671402
0.00685891
0.00697136
0.00705054
0.00709609
0.0071081
0.00708716
0.00703434
0.00695124
0.0068399
0.00670287
0.00654313
0.0063641
0.00616957
0.00596367
0.00575084
0.00553577
0.00532335
0.00511855
0.00492645
0.00475202
0.00460013
0.00447536
0.00438143
0.00432175
0.00430459
0.00433615
0.000360878
0.00030162
0.000219526
0.000116348
-4.64477e-06
-0.00013838
-0.000280044
-0.000425292
-0.000570175
-0.000711209
-0.000845391
-0.000970174
-0.00108344
-0.00118344
-0.00126877
-0.00133827
-0.00139104
-0.00142634
-0.0014436
-0.00144235
-0.00142224
-0.00138298
-0.00132435
-0.0012462
-0.00114844
-0.00103103
-0.00089402
-0.000737519
-0.000561734
-0.000366978
-0.000153679
7.76023e-05
0.000326157
0.000591116
0.000871438
0.0011659
0.00147309
0.0017914
0.00211904
0.002454
0.0027941
0.00313701
0.00348022
0.00382109
0.00415687
0.00448477
0.00480191
0.00510546
0.00539261
0.00566064
0.00590699
0.00612926
0.00632529
0.00649323
0.00663152
0.00673899
0.00681486
0.00685879
0.00687088
0.0068517
0.00680231
0.00672422
0.00661941
0.00649031
0.00633977
0.00617102
0.00598765
0.00579355
0.00559287
0.00538997
0.00518933
0.00499553
0.00481315
0.0046467
0.00450055
0.00437885
0.00428509
0.00422265
0.00419928
0.00422097
0.000561894
0.00046831
0.000365161
0.000250498
0.000123423
-1.19844e-05
-0.000151769
-0.000292539
-0.000431177
-0.000564886
-0.00069123
-0.000808124
-0.000913816
-0.00100685
-0.00108603
-0.00115038
-0.00119911
-0.00123156
-0.00124723
-0.00124567
-0.00122655
-0.00118958
-0.00113452
-0.00106121
-0.00096951
-0.000859357
-0.000730745
-0.000583741
-0.000418493
-0.000235252
-3.43777e-05
0.00018364
0.000418172
0.000668434
0.000933474
0.00121217
0.0015032
0.00180506
0.00211607
0.00243434
0.0027578
0.00308423
0.00341122
0.00373627
0.00405673
0.00436991
0.00467304
0.00496339
0.00523824
0.00549496
0.00573105
0.00594419
0.00613229
0.00629353
0.0064264
0.00652975
0.00660283
0.00664528
0.00665722
0.00663917
0.00659217
0.00651766
0.00641754
0.00629416
0.00615023
0.00598884
0.0058134
0.00562758
0.00543528
0.00524057
0.00504761
0.00486063
0.00468381
0.00452125
0.0043769
0.00425453
0.0041574
0.00408873
0.00405477
0.00406003
0.000784703
0.000653518
0.000525929
0.000396205
0.000259286
0.000118422
-2.316e-05
-0.000162929
-0.000298538
-0.000427841
-0.000548955
-0.000660259
-0.000760383
-0.000848182
-0.0009227
-0.00098316
-0.00102892
-0.00105943
-0.00107426
-0.00107303
-0.00105541
-0.00102113
-0.000969958
-0.00090169
-0.000816172
-0.000713295
-0.000593005
-0.00045531
-0.000300296
-0.00012814
6.08694e-05
0.000266327
0.000487688
0.000724261
0.00097519
0.00123945
0.00151581
0.0018029
0.0020991
0.00240265
0.00271158
0.00302375
0.00333687
0.00364851
0.00395613
0.00425709
0.00454873
0.00482835
0.0050933
0.00534101
0.00556901
0.00577502
0.00595696
0.00611303
0.00624173
0.00634192
0.00641282
0.00645408
0.00646575
0.00644837
0.00640288
0.00633069
0.00623364
0.00611396
0.00597428
0.00581754
0.00564701
0.00546617
0.00527874
0.00508852
0.00489943
0.00471537
0.0045402
0.0043777
0.00423146
0.00410488
0.00400105
0.00392293
0.00387473
0.00385897
0.00101968
0.000849267
0.000695053
0.000547706
0.000398131
0.000248884
0.000102584
-3.90185e-05
-0.000174281
-0.000301668
-0.000419827
-0.000527591
-0.000623976
-0.000708155
-0.000779434
-0.000837243
-0.000881106
-0.000910608
-0.000925395
-0.000925155
-0.000909607
-0.000878489
-0.000831562
-0.000768613
-0.000689454
-0.000593933
-0.000481943
-0.000353428
-0.000208404
-4.69709e-05
0.000130667
0.000324192
0.000533155
0.00075696
0.00099485
0.0012459
0.00150899
0.00178282
0.00206591
0.00235656
0.00265291
0.00295291
0.00325434
0.00355484
0.00385192
0.00414303
0.00442553
0.00469677
0.00495412
0.00519502
0.00541701
0.00561781
0.00579534
0.00594778
0.00607362
0.00617166
0.0062411
0.00628156
0.00629305
0.00627604
0.00623144
0.00616058
0.00606524
0.00594757
0.0058101
0.00565567
0.00548742
0.00530869
0.00512301
0.00493401
0.00474537
0.00456076
0.00438379
0.00421792
0.00406647
0.00393253
0.00381899
0.00372863
0.00366336
0.00362348
0.00125844
0.00104824
0.000866137
0.000699436
0.000535176
0.000375346
0.000222056
7.63537e-05
-6.07629e-05
-0.000188327
-0.000305487
-0.000411518
-0.000505814
-0.000587864
-0.000657243
-0.000713598
-0.000756627
-0.000786052
-0.000801619
-0.000803089
-0.000790222
-0.000762778
-0.000720522
-0.000663222
-0.000590659
-0.000502636
-0.000398986
-0.000279586
-0.000144376
6.62799e-06
0.000173312
0.000355453
0.000552701
0.000764564
0.000990386
0.00122934
0.00148042
0.00174242
0.00201394
0.0022934
0.00257899
0.00286874
0.00316051
0.00345199
0.00374073
0.00402421
0.00429982
0.0045649
0.00481685
0.00505307
0.00527109
0.0054686
0.00564348
0.00579386
0.00591817
0.00601517
0.00608401
0.00612423
0.00613578
0.00611908
0.00607497
0.00600472
0.00591003
0.00579299
0.00565603
0.00550191
0.00533366
0.00515452
0.00496787
0.0047772
0.00458601
0.00439777
0.0042159
0.00404363
0.00388402
0.00373992
0.00361408
0.0035091
0.00342459
0.0033586
0.00149375
0.00124383
0.00103324
0.000846082
0.000665729
0.000493702
0.000331684
0.000180093
3.93348e-05
-9.01514e-05
-0.000207989
-0.00031387
-0.000407553
-0.000488844
-0.00055758
-0.000613629
-0.000656866
-0.000687153
-0.00070434
-0.000708263
-0.000698731
-0.000675527
-0.000638417
-0.000587153
-0.000521483
-0.000441159
-0.000345952
-0.000235668
-0.000110165
3.06311e-05
0.000186702
0.000357926
0.000544061
0.000744716
0.000959345
0.00118723
0.00142745
0.00167892
0.00194032
0.00221014
0.00248667
0.002768
0.00305203
0.00333649
0.00361897
0.00389695
0.00416782
0.00442893
0.00467762
0.00491126
0.00512735
0.00532349
0.00549751
0.00564746
0.00577169
0.00586889
0.00593811
0.00597881
0.00599088
0.00597465
0.00593088
0.00586077
0.00576596
0.00564844
0.00551061
0.00535512
0.00518494
0.0050032
0.0048132
0.0046183
0.00442188
0.00422728
0.00403774
0.00385634
0.00368597
0.00352923
0.00338884
0.00326728
0.00316187
0.00306856
0.00171919
0.00143006
0.00119084
0.000982603
0.000785235
0.000599871
0.000427833
0.000268967
0.000123134
-9.71472e-06
-0.000129647
-0.000236753
-0.000331141
-0.00041292
-0.000482187
-0.000539024
-0.000583482
-0.000615563
-0.000635221
-0.000642368
-0.000636861
-0.000618506
-0.00058707
-0.000542287
-0.000483866
-0.000411507
-0.000324916
-0.000223821
-0.000107992
2.27377e-05
0.000168454
0.000329142
0.000504669
0.000694755
0.000898965
0.00111668
0.00134711
0.00158923
0.00184183
0.00210348
0.00237254
0.00264714
0.00292524
0.00320459
0.0034828
0.00375733
0.00402557
0.00428482
0.00453236
0.00476553
0.00498172
0.00517847
0.00535348
0.00550473
0.00563044
0.00572921
0.00579997
0.00584209
0.00585534
0.00583997
0.00579664
0.00572648
0.00563104
0.00551226
0.00537245
0.00521423
0.00504048
0.00485428
0.00465885
0.00445747
0.00425345
0.00405004
0.00385037
0.00365742
0.00347393
0.00330238
0.00314549
0.00300569
0.00287813
0.00275674
0.00192905
0.00160147
0.00133379
0.00110421
0.000889288
0.000689828
0.000506843
0.000339652
0.000187617
5.02323e-05
-7.29856e-05
-0.000182503
-0.000278763
-0.000362164
-0.00043305
-0.000491714
-0.000538376
-0.000573171
-0.000596159
-0.000607321
-0.000606563
-0.00059371
-0.000568527
-0.000530726
-0.000479975
-0.000415917
-0.000338188
-0.000246433
-0.00014033
-1.96103e-05
0.000115918
0.000266354
0.000431678
0.000611729
0.000806183
0.00101454
0.00123609
0.00146994
0.00171495
0.00196977
0.00223283
0.0025023
0.00277618
0.00305224
0.00332809
0.00360117
0.00386882
0.0041283
0.00437683
0.00461163
0.00483001
0.00502938
0.00520735
0.00536173
0.00549064
0.00559251
0.00566617
0.00571083
0.00572616
0.00571228
0.00566976
0.00559962
0.00550335
0.0053828
0.00524022
0.00507819
0.00489953
0.00470728
0.00450463
0.00429482
0.00408111
0.00386671
0.0036547
0.00344802
0.00324932
0.00306102
0.00288589
0.00272644
0.00257572
0.00242574
0.00211813
0.00175301
0.00145727
0.00120637
0.00097364
0.000759626
0.000565058
0.000388774
0.000229665
8.68007e-05
-4.0696e-05
-0.000153647
-0.000252809
-0.000338858
-0.000412374
-0.000473849
-0.000523665
-0.000562084
-0.000589264
-0.000605255
-0.000610001
-0.000603347
-0.000585049
-0.000554792
-0.000512198
-0.000456851
-0.000388309
-0.00030613
-0.000209895
-9.92284e-05
2.61773e-05
0.000166538
0.000321955
0.000492388
0.000677632
0.000877298
0.0010908
0.00131732
0.00155583
0.00180505
0.00206346
0.0023293
0.00260058
0.00287508
0.00315041
0.00342397
0.00369306
0.00395486
0.00420648
0.00444507
0.00466778
0.0048719
0.00505488
0.00521438
0.00534834
0.00545506
0.00553316
0.00558174
0.00560029
0.0055888
0.00554772
0.00547798
0.00538094
0.00525841
0.00511256
0.00494593
0.00476131
0.00456172
0.00435034
0.0041304
0.00390516
0.00367783
0.0034515
0.00322911
0.00301331
0.00280649
0.00261159
0.00243122
0.00225646
0.00207749
0.00228163
0.00187999
0.00155677
0.00128474
0.00103419
0.000805401
0.000598856
0.000412937
0.000246096
9.69987e-05
-3.56005e-05
-0.000152861
-0.000255838
-0.000345467
-0.000422553
-0.000487773
-0.000541663
-0.000584605
-0.000616846
-0.000638497
-0.000649538
-0.000649823
-0.000639096
-0.000617008
-0.000583132
-0.000536984
-0.000478042
-0.000405772
-0.000319647
-0.00021918
-0.000103943
2.64035e-05
0.000172088
0.000333195
0.000509645
0.000701172
0.000907296
0.00112731
0.00136028
0.001605
0.00186001
0.0021236
0.0023938
0.00266841
0.00294499
0.00322094
0.00349346
0.00375965
0.00401653
0.00426109
0.00449036
0.00470146
0.00489165
0.0050584
0.00519949
0.00531297
0.00539732
0.00545142
0.00547461
0.00546669
0.00542799
0.00535929
0.00526187
0.00513744
0.00498811
0.00481638
0.00462503
0.00441708
0.0041957
0.00396417
0.00372579
0.00348381
0.00324138
0.00300149
0.00276684
0.0025399
0.00232378
0.00212131
0.00192168
0.00171328
0.00241509
0.00197802
0.00162799
0.0013352
0.00106698
0.000823385
0.000604656
0.000408747
0.000233689
7.77666e-05
-6.06176e-05
-0.000182941
-0.000290542
-0.000384602
-0.000466134
-0.000535992
-0.000594852
-0.000643209
-0.000681387
-0.000709554
-0.000727714
-0.000735725
-0.000733312
-0.000720087
-0.000695566
-0.000659193
-0.000610359
-0.00054843
-0.000472768
-0.000382764
-0.000277866
-0.000157602
-2.16114e-05
0.000130325
0.00029826
0.000482051
0.00068134
0.000895533
0.00112378
0.00136497
0.0016177
0.00188031
0.00215086
0.00242715
0.00270671
0.00298688
0.00326481
0.00353749
0.00380181
0.00405462
0.00429277
0.00451319
0.00471294
0.00488928
0.00503974
0.00516218
0.00525482
0.00531634
0.00534585
0.005343
0.00530791
0.00524124
0.00514411
0.00501817
0.00486547
0.00468844
0.00448987
0.00427279
0.00404041
0.00379607
0.00354315
0.00328498
0.00302483
0.00276579
0.00251069
0.00226209
0.00202338
0.00179766
0.00157228
0.00133391
0.00251429
0.00204293
0.00166686
0.00135379
0.0010682
0.000809913
0.000578945
0.000372837
0.000189217
2.60071e-05
-0.000118728
-0.000246767
-0.000359716
-0.000458987
-0.000545791
-0.000621144
-0.000685852
-0.000740512
-0.000785518
-0.00082108
-0.000847223
-0.000863798
-0.000870505
-0.000866911
-0.000852468
-0.00082654
-0.000788426
-0.000737383
-0.000672656
-0.000593509
-0.000499255
-0.000389285
-0.000263096
-0.000120327
3.92124e-05
0.000215516
0.000408353
0.000617244
0.000841446
0.00107993
0.00133138
0.00159417
0.00186639
0.00214583
0.00243003
0.00271624
0.00300154
0.00328282
0.00355681
0.0038202
0.00406966
0.0043019
0.00451373
0.00470218
0.00486452
0.00499833
0.00510159
0.00517272
0.00521059
0.0052146
0.0051847
0.00512135
0.00502555
0.00489883
0.00474315
0.00456093
0.00435494
0.00412823
0.00388408
0.00362593
0.00335726
0.00308155
0.00280221
0.0025225
0.00224541
0.00197368
0.00171104
0.00146091
0.00120882
0.000939761
0.00257522
0.00207078
0.00166951
0.00133674
0.00103418
0.000761423
0.000518279
0.000301881
0.000109468
-6.13891e-05
-0.000212946
-0.000347271
-0.000466222
-0.000571431
-0.000664292
-0.000745972
-0.000817397
-0.000879251
-0.000931992
-0.000975861
-0.00101089
-0.00103693
-0.00105363
-0.00106052
-0.00105696
-0.00104226
-0.00101559
-0.000976099
-0.000922912
-0.000855156
-0.000772002
-0.000672692
-0.000556576
-0.00042314
-0.000272045
-0.000103154
8.34401e-05
0.000287385
0.00050805
0.000744507
0.000995513
0.00125951
0.0015346
0.0018186
0.002109
0.00240302
0.00269764
0.00298963
0.00327557
0.00355197
0.00381528
0.00406197
0.0042886
0.0044919
0.00466886
0.00481676
0.00493328
0.00501653
0.00506511
0.00507816
0.00505537
0.00499702
0.00490393
0.00477749
0.00461959
0.0044326
0.00421927
0.00398271
0.0037263
0.00345355
0.00316813
0.00287367
0.0025738
0.00227199
0.00197144
0.00167514
0.0013872
0.00111142
0.000831549
0.00053085
0.00259406
0.00205778
0.00163223
0.00128041
0.00096136
0.000674462
0.000419298
0.00019261
-8.74009e-06
-0.00018752
-0.000346296
-0.000487412
-0.000612967
-0.000724798
-0.000824473
-0.000913297
-0.000992303
-0.00106226
-0.00112366
-0.00117678
-0.00122166
-0.00125811
-0.00128576
-0.00130406
-0.00131232
-0.00130972
-0.00129534
-0.00126821
-0.00122731
-0.00117163
-0.0011002
-0.00101209
-0.000906496
-0.000782744
-0.000640333
-0.00047897
-0.0002986
-9.94353e-05
0.000118019
0.000352945
0.000604188
0.000870254
0.0011493
0.00143913
0.00173724
0.00204078
0.00234664
0.00265146
0.00295168
0.00324359
0.00352341
0.00378735
0.00403168
0.00425282
0.00444742
0.00461243
0.00474516
0.0048434
0.00490542
0.00493006
0.00491671
0.00486542
0.00477681
0.0046521
0.00449309
0.00430208
0.00408183
0.0038355
0.00356655
0.00327866
0.00297565
0.00266141
0.00233978
0.00201452
0.0016891
0.00136678
0.00105212
0.000749379
0.000440484
0.000106944
0.00256715
0.00200034
0.00155149
0.00118132
0.000846342
0.000545693
0.000278737
4.18309e-05
-0.000168531
-0.000355449
-0.000521784
-0.000670148
-0.000802869
-0.000921979
-0.00102921
-0.00112598
-0.00121344
-0.00129241
-0.00136344
-0.00142681
-0.00148255
-0.00153045
-0.00157007
-0.00160082
-0.00162191
-0.00163241
-0.00163131
-0.00161748
-0.00158978
-0.00154705
-0.00148813
-0.00141195
-0.00131752
-0.001204
-0.00107072
-0.000917216
-0.000743262
-0.000548921
-0.000334556
-0.000100862
0.000151113
0.000419957
0.000703874
0.0010007
0.0013079
0.00162259
0.00194158
0.00226136
0.00257821
0.00288821
0.00318732
0.00347148
0.00373663
0.00397884
0.00419438
0.00437982
0.0045321
0.00464858
0.00472718
0.00476636
0.00476522
0.00472348
0.00464153
0.00452042
0.00436179
0.00416789
0.00394147
0.00368574
0.00340428
0.00310092
0.00277971
0.00244479
0.00210029
0.00175029
0.0013986
0.0010488
0.000705955
0.000374821
3.54709e-05
-0.000332394
0.00249099
0.00189502
0.00142389
0.00103615
0.000685853
0.000371904
9.34419e-05
-0.000153556
-0.000372955
-0.000568176
-0.000742371
-0.000898406
-0.00103883
-0.00116586
-0.00128137
-0.00138692
-0.00148371
-0.00157265
-0.0016543
-0.00172895
-0.00179662
-0.00185707
-0.0019098
-0.00195413
-0.00198918
-0.00201393
-0.00202722
-0.00202781
-0.00201439
-0.00198562
-0.00194021
-0.00187689
-0.00179449
-0.00169199
-0.00156851
-0.00142342
-0.00125631
-0.00106707
-0.000855902
-0.00062336
-0.000370374
-9.82403e-05
0.000191297
0.000496115
0.000813679
0.00114107
0.001475
0.00181184
0.0021477
0.00247844
0.00279975
0.00310725
0.00339654
0.0036633
0.0039034
0.00411296
0.00428847
0.00442687
0.00452561
0.00458277
0.00459703
0.00456781
0.00449518
0.00437997
0.00422367
0.00402841
0.00379695
0.00353253
0.00323885
0.00291996
0.00258013
0.00222379
0.00185542
0.00147948
0.00110012
0.00072134
0.000348758
-1.23237e-05
-0.000383761
-0.000787736
0.00236224
0.00173855
0.00124621
0.000841725
0.000476769
0.000150017
-0.000139623
-0.000396544
-0.000624967
-0.000828625
-0.00101095
-0.00117506
-0.00132371
-0.00145929
-0.00158382
-0.00169896
-0.00180599
-0.00190587
-0.00199918
-0.00208622
-0.00216697
-0.00224114
-0.0023082
-0.00236735
-0.00241764
-0.00245791
-0.00248687
-0.00250314
-0.00250525
-0.0024917
-0.00246099
-0.00241168
-0.00234241
-0.00225193
-0.00213919
-0.00200332
-0.00184374
-0.00166013
-0.00145252
-0.0012213
-0.000967234
-0.000691549
-0.000395853
-8.22259e-05
0.000246816
0.000588323
0.000938934
0.00129491
0.00165217
0.00200634
0.00235285
0.00268698
0.00300394
0.003299
0.00356756
0.00380527
0.00400812
0.00417253
0.00429547
0.00437451
0.00440791
0.00439467
0.00433453
0.00422803
0.00407646
0.00388183
0.00364685
0.00337483
0.00306958
0.00273535
0.0023767
0.00199838
0.00160526
0.00120221
0.000793829
0.000384525
-1.94434e-05
-0.000412173
-0.000817543
-0.00125972
0.00217771
0.0015278
0.00101539
0.000595027
0.000216116
-0.000122905
-0.000423357
-0.000690004
-0.00092741
-0.00113962
-0.00133033
-0.00150291
-0.0016603
-0.00180507
-0.00193936
-0.00206493
-0.00218313
-0.00229496
-0.00240102
-0.0025016
-0.00259665
-0.00268583
-0.00276852
-0.00284386
-0.00291077
-0.00296798
-0.00301405
-0.00304745
-0.00306654
-0.00306964
-0.00305507
-0.00302116
-0.00296635
-0.00288917
-0.00278835
-0.00266281
-0.00251172
-0.00233456
-0.00213116
-0.00190171
-0.00164681
-0.00136752
-0.00106536
-0.000742323
-0.000400879
-4.39877e-05
0.000324932
0.000702024
0.00108304
0.00146338
0.00183817
0.00220234
0.0025507
0.00287807
0.00317933
0.0034496
0.0036843
0.0038793
0.00403097
0.00413634
0.00419316
0.00419993
0.004156
0.00406157
0.00391766
0.00372614
0.00348965
0.00321151
0.00289568
0.00254663
0.0021692
0.00176853
0.00134991
0.000918669
0.000479894
3.84843e-05
-0.000398617
-0.000824841
-0.00126622
-0.00174902
0.00193437
0.00125982
0.000728552
0.00029321
-9.89152e-05
-0.000449637
-0.000760512
-0.00103666
-0.001283
-0.00150386
-0.00170321
-0.00188464
-0.00205129
-0.00220589
-0.00235069
-0.00248756
-0.0026179
-0.00274273
-0.00286269
-0.00297803
-0.00308867
-0.00319422
-0.00329397
-0.00338698
-0.00347203
-0.00354775
-0.00361254
-0.0036647
-0.00370243
-0.00372384
-0.00372704
-0.00371017
-0.00367143
-0.00360911
-0.00352169
-0.00340786
-0.00326654
-0.00309696
-0.00289873
-0.0026718
-0.00241659
-0.00213398
-0.00182533
-0.00149253
-0.00113798
-0.000764633
-0.000375938
2.41515e-05
0.000431221
0.000840446
0.00124666
0.00164441
0.00202809
0.00239201
0.00273051
0.00303812
0.00330964
0.00354027
0.00372575
0.00386247
0.00394757
0.003979
0.00395562
0.00387721
0.00374449
0.00355911
0.0033236
0.00304131
0.00271631
0.00235328
0.00195741
0.00153422
0.00108949
0.000629059
0.000158548
-0.000316596
-0.000788674
-0.00125039
-0.00173008
-0.00225625
0.00162938
0.000931854
0.000382972
-6.63925e-05
-0.000470958
-0.000832786
-0.00115367
-0.0014391
-0.00169429
-0.00192389
-0.00213213
-0.0023228
-0.00249924
-0.00266432
-0.00282042
-0.00296947
-0.00311294
-0.00325189
-0.00338694
-0.00351832
-0.00364593
-0.0037693
-0.00388764
-0.00399991
-0.00410478
-0.00420072
-0.004286
-0.00435875
-0.00441697
-0.00445857
-0.00448146
-0.00448353
-0.00446273
-0.00441712
-0.0043449
-0.00424448
-0.00411453
-0.003954
-0.00376223
-0.00353893
-0.00328428
-0.00299893
-0.00268408
-0.00234147
-0.0019734
-0.00158276
-0.00117302
-0.000748207
-0.000312887
0.000127899
0.00056868
0.00100364
0.0014267
0.00183165
0.00221225
0.00256235
0.00287607
0.00314789
0.00337281
0.0035465
0.00366539
0.00372678
0.00372895
0.00367119
0.00355383
0.00337824
0.00314679
0.00286282
0.0025305
0.00215475
0.00174109
0.00129548
0.000824195
0.00033367
-0.000169891
-0.000680432
-0.00118943
-0.0016888
-0.00220932
-0.00278194
0.00126009
0.000541329
-2.38585e-05
-0.000486256
-0.000902457
-0.00127478
-0.00160525
-0.0018997
-0.00216368
-0.00240212
-0.00261949
-0.0028198
-0.00300656
-0.00318279
-0.00335098
-0.00351313
-0.00367078
-0.00382498
-0.00397637
-0.00412515
-0.00427118
-0.0044139
-0.00455247
-0.00468571
-0.0048122
-0.00493025
-0.00503798
-0.00513332
-0.0052141
-0.00527801
-0.00532273
-0.0053459
-0.00534522
-0.00531846
-0.00526355
-0.0051786
-0.00506197
-0.00491232
-0.00472868
-0.00451048
-0.00425762
-0.00397051
-0.00365011
-0.00329797
-0.00291627
-0.00250779
-0.00207599
-0.00162495
-0.00115934
-0.000684411
-0.000205937
0.000269887
0.000736516
0.00118717
0.00161498
0.00201309
0.00237484
0.00269392
0.00296449
0.0031814
0.00334026
0.00343763
0.00347109
0.00343933
0.00334221
0.00318073
0.00295707
0.00267449
0.00233724
0.00195046
0.00152002
0.00105235
0.00055429
3.28933e-05
-0.00050498
-0.00105261
-0.00160056
-0.00213989
-0.00270401
-0.00332648
0.000824048
8.58824e-05
-0.000494245
-0.000968648
-0.00139565
-0.00177783
-0.00211745
-0.00242067
-0.00269337
-0.00294073
-0.00316748
-0.00337783
-0.00357547
-0.00376353
-0.00394463
-0.00412083
-0.00429371
-0.00446436
-0.00463339
-0.00480099
-0.00496695
-0.00513066
-0.00529119
-0.00544725
-0.00559728
-0.00573946
-0.00587175
-0.00599189
-0.0060975
-0.00618607
-0.00625501
-0.00630173
-0.00632362
-0.00631819
-0.00628303
-0.00621595
-0.00611496
-0.00597841
-0.00580497
-0.00559375
-0.00534433
-0.00505682
-0.00473192
-0.00437094
-0.00397586
-0.00354935
-0.00309479
-0.00261626
-0.00211853
-0.00160705
-0.00108785
-0.00056751
-5.30648e-05
0.00044813
0.000928513
0.00138047
0.00179652
0.00216942
0.00249244
0.00275947
0.00296521
0.00310532
0.00317658
0.00317697
0.00310575
0.00296348
0.00275205
0.00247457
0.00213536
0.00173976
0.00129399
0.000804969
0.00028015
-0.000272739
-0.000846117
-0.00143253
-0.00202155
-0.00260328
-0.003214
-0.00389006
0.000319046
-0.00043662
-0.00103027
-0.00151562
-0.00195257
-0.00234395
-0.00269226
-0.003004
-0.00328534
-0.00354172
-0.0037781
-0.0039989
-0.00420797
-0.00440857
-0.00460341
-0.00479463
-0.00498384
-0.00517215
-0.00536017
-0.00554805
-0.00573553
-0.00592195
-0.00610625
-0.00628707
-0.00646271
-0.0066312
-0.00679032
-0.00693764
-0.00707057
-0.00718636
-0.00728218
-0.00735514
-0.00740237
-0.00742104
-0.00740842
-0.00736196
-0.00727933
-0.00715848
-0.00699772
-0.00679579
-0.0065519
-0.00626582
-0.00593791
-0.0055692
-0.00516144
-0.00471709
-0.00423944
-0.00373251
-0.00320113
-0.00265089
-0.00208808
-0.00151967
-0.000953149
-0.000396494
0.000142025
0.000653978
0.00113096
0.00156476
0.00194761
0.00227233
0.00253258
0.002723
0.00283941
0.00287895
0.00284016
0.00272303
0.00252905
0.00226115
0.00192362
0.00152198
0.00106281
0.00055355
2.27934e-06
-0.000582524
-0.0011925
-0.00181937
-0.00245163
-0.00307835
-0.00373888
-0.0044726
-0.000256887
-0.00102807
-0.00163378
-0.00212897
-0.002575
-0.00297491
-0.00333146
-0.00365145
-0.00394134
-0.00420683
-0.00445311
-0.00468477
-0.00490583
-0.00511967
-0.0053291
-0.00553632
-0.00574298
-0.0059502
-0.00615858
-0.00636826
-0.00657891
-0.0067898
-0.00699979
-0.0072074
-0.00741081
-0.00760791
-0.00779629
-0.00797335
-0.00813627
-0.00828206
-0.00840764
-0.00850983
-0.00858544
-0.00863131
-0.00864435
-0.00862165
-0.00856045
-0.00845833
-0.00831317
-0.00812329
-0.00788749
-0.00760512
-0.00727618
-0.00690135
-0.00648206
-0.00602055
-0.0055199
-0.00498406
-0.00441785
-0.00382696
-0.00321791
-0.00259801
-0.00197524
-0.00135817
-0.000755832
-0.000177511
0.0003674
0.000869633
0.00132026
0.00171092
0.00203407
0.00228319
0.00245299
0.0025396
0.00254067
0.00245552
0.00228512
0.00203208
0.00170063
0.00129641
0.000826347
0.000298401
-0.000278659
-0.000895559
-0.00154308
-0.00221206
-0.00288978
-0.00356419
-0.00427796
-0.00507372
-0.000905452
-0.0016901
-0.00230635
-0.00281028
-0.00326447
-0.00367223
-0.00403656
-0.00436452
-0.00466288
-0.00493758
-0.005194
-0.00543694
-0.00567055
-0.00589834
-0.00612321
-0.00634741
-0.00657265
-0.00680004
-0.00703019
-0.00726319
-0.00749869
-0.00773587
-0.00797352
-0.00821004
-0.00844349
-0.0086716
-0.00889181
-0.00910131
-0.00929706
-0.00947584
-0.00963428
-0.00976891
-0.00987622
-0.00995269
-0.00999486
-0.00999939
-0.00996313
-0.00988317
-0.00975697
-0.00958237
-0.00935769
-0.00908184
-0.00875436
-0.00837553
-0.00794641
-0.00746892
-0.00694589
-0.0063811
-0.00577932
-0.00514627
-0.00448867
-0.00381412
-0.00313108
-0.00244872
-0.00177682
-0.00112559
-0.000505459
7.31401e-05
0.000600023
0.00106552
0.00146072
0.00177778
0.00201012
0.00215267
0.00220207
0.00215673
0.00201698
0.00178502
0.00146488
0.00106229
0.000584488
3.99558e-05
-0.000561817
-0.00121069
-0.00189653
-0.00260917
-0.0033346
-0.0040595
-0.00483016
-0.00569267
-0.00162807
-0.00242408
-0.00304932
-0.00356083
-0.00402228
-0.00443719
-0.00480881
-0.00514448
-0.00545121
-0.00573519
-0.006002
-0.00625662
-0.00650333
-0.00674576
-0.0069869
-0.00722907
-0.00747399
-0.00772282
-0.00797614
-0.00823402
-0.00849606
-0.00876139
-0.00902871
-0.00929631
-0.00956213
-0.00982375
-0.0100785
-0.0103232
-0.0105548
-0.0107697
-0.0109643
-0.0111349
-0.0112774
-0.0113882
-0.0114632
-0.0114988
-0.0114914
-0.0114374
-0.011334
-0.0111784
-0.0109684
-0.0107024
-0.0103794
-0.00999925
-0.00956256
-0.00907084
-0.0085266
-0.00793338
-0.0072958
-0.00661959
-0.00591154
-0.00517954
-0.00443246
-0.00368008
-0.00293295
-0.0022022
-0.00149936
-0.000836114
-0.000224011
0.000325818
0.000802963
0.00119805
0.00150302
0.00171143
0.00181864
0.00182202
0.00172107
0.0015174
0.00121476
0.000818854
0.000337194
-0.000221209
-0.000846127
-0.00152651
-0.00225118
-0.00300894
-0.0037843
-0.00456259
-0.00539396
-0.00632825
-0.00242585
-0.00323106
-0.00386371
-0.00438164
-0.00484941
-0.00527078
-0.00564919
-0.00599228
-0.00630728
-0.00660061
-0.00687804
-0.00714471
-0.00740504
-0.00766279
-0.00792101
-0.00818208
-0.00844779
-0.00871928
-0.00899715
-0.00928145
-0.00957173
-0.00986706
-0.0101661
-0.0104669
-0.0107675
-0.0110652
-0.0113571
-0.0116401
-0.0119106
-0.012165
-0.0123992
-0.0126093
-0.0127909
-0.0129399
-0.0130519
-0.0131228
-0.0131483
-0.0131246
-0.0130482
-0.0129157
-0.0127244
-0.0124721
-0.0121572
-0.0117791
-0.0113377
-0.0108341
-0.0102705
-0.00964996
-0.00897697
-0.00825713
-0.00749726
-0.00670547
-0.00589098
-0.00506415
-0.00423626
-0.00341942
-0.0026263
-0.00186988
-0.00116319
-0.000518974
5.06975e-05
0.000534729
0.000923376
0.00120857
0.0013842
0.00144635
0.00139347
0.00122642
0.000948492
0.000565288
8.45054e-05
-0.000484343
-0.00113027
-0.00184124
-0.002605
-0.00340915
-0.00423663
-0.00507126
-0.00596734
-0.00697875
-0.00329959
-0.0041118
-0.00475026
-0.00527344
-0.0057466
-0.00617371
-0.00655842
-0.00690862
-0.00723177
-0.00753448
-0.00782272
-0.00810178
-0.00837623
-0.00864991
-0.00892596
-0.00920685
-0.00949437
-0.00978972
-0.0100935
-0.0104057
-0.0107259
-0.011053
-0.0113857
-0.0117221
-0.0120598
-0.0123961
-0.012728
-0.0130522
-0.0133648
-0.013662
-0.0139395
-0.0141929
-0.0144176
-0.014609
-0.0147623
-0.0148727
-0.0149358
-0.0149471
-0.0149022
-0.0147975
-0.0146294
-0.0143952
-0.0140927
-0.0137204
-0.0132778
-0.0127654
-0.0121849
-0.0115389
-0.0108316
-0.0100683
-0.00925588
-0.00840252
-0.00751775
-0.00661244
-0.0056986
-0.00478927
-0.0038983
-0.00304006
-0.00222914
-0.00148001
-0.000806594
-0.000221906
0.000262387
0.000636352
0.000892141
0.0010243
0.00102998
0.000909068
0.000664228
0.000300792
-0.000173439
-0.000748496
-0.00141262
-0.00215276
-0.00295548
-0.0038071
-0.0046888
-0.00558276
-0.00654771
-0.00764186
-0.00424977
-0.00506677
-0.00570943
-0.00623667
-0.00671427
-0.0071464
-0.0075369
-0.00789388
-0.00822502
-0.00853713
-0.00883633
-0.00912808
-0.00941705
-0.00970722
-0.0100018
-0.0103033
-0.0106136
-0.0109339
-0.0112648
-0.0116064
-0.011958
-0.0123188
-0.0126871
-0.0130611
-0.0134382
-0.0138158
-0.0141905
-0.0145588
-0.0149168
-0.0152603
-0.0155847
-0.0158853
-0.0161572
-0.0163953
-0.0165944
-0.0167492
-0.0168547
-0.0169057
-0.0168975
-0.0168256
-0.0166858
-0.0164746
-0.016189
-0.0158271
-0.0153875
-0.0148701
-0.0142758
-0.0136069
-0.012867
-0.0120613
-0.0111963
-0.0102803
-0.00932305
-0.00833579
-0.00733124
-0.00632336
-0.00532717
-0.00435847
-0.0034335
-0.00256859
-0.00177969
-0.00108192
-0.000489119
-1.33623e-05
0.000335481
0.000550119
0.00062613
0.000562165
0.000360022
2.45879e-05
-0.000436361
-0.00101247
-0.00169123
-0.00245853
-0.00329965
-0.00419952
-0.00513742
-0.00609367
-0.00713179
-0.0083146
-0.00527649
-0.00609607
-0.00674133
-0.00727146
-0.00775256
-0.00818897
-0.00858474
-0.00894816
-0.0092871
-0.00960855
-0.00991881
-0.0102235
-0.0105273
-0.0108344
-0.0111481
-0.011471
-0.011805
-0.0121512
-0.0125104
-0.0128826
-0.0132672
-0.0136632
-0.014069
-0.0144826
-0.0149015
-0.0153228
-0.015743
-0.0161584
-0.016565
-0.0169582
-0.0173332
-0.0176851
-0.0180083
-0.0182975
-0.018547
-0.0187511
-0.018904
-0.0190001
-0.0190338
-0.0190001
-0.0188939
-0.0187111
-0.0184479
-0.0181014
-0.0176696
-0.0171515
-0.0165475
-0.015859
-0.0150893
-0.0142429
-0.0133261
-0.0123472
-0.011316
-0.010244
-0.00914456
-0.00803256
-0.00692413
-0.00583652
-0.0047877
-0.00379595
-0.0028794
-0.00205551
-0.00134054
-0.000748981
-0.000293049
1.77988e-05
0.000177244
0.000182386
3.38881e-05
-0.000264038
-0.000703807
-0.00127479
-0.00196375
-0.00275547
-0.00363393
-0.00458251
-0.00557837
-0.00659985
-0.00771556
-0.00899319
-0.00637953
-0.00719953
-0.00784579
-0.00837765
-0.00886132
-0.00930128
-0.00970177
-0.0100712
-0.0104177
-0.0107484
-0.0110697
-0.0113874
-0.0117064
-0.0120308
-0.0123641
-0.0127089
-0.0130672
-0.0134403
-0.0138287
-0.0142327
-0.0146516
-0.0150843
-0.0155294
-0.0159845
-0.0164473
-0.0169146
-0.0173829
-0.0178484
-0.0183066
-0.0187529
-0.0191822
-0.0195892
-0.019968
-0.0203129
-0.0206175
-0.0208758
-0.0210813
-0.0212279
-0.0213091
-0.0213193
-0.0212526
-0.021104
-0.0208689
-0.0205434
-0.0201249
-0.0196113
-0.0190021
-0.0182983
-0.0175021
-0.0166177
-0.0156509
-0.0146097
-0.0135039
-0.0123453
-0.0111476
-0.0099266
-0.00869946
-0.00748488
-0.00630258
-0.00517291
-0.00411632
-0.0031528
-0.0023013
-0.00157902
-0.00100087
-0.000578827
-0.000321489
-0.000233662
-0.000316145
-0.000565679
-0.000975089
-0.00153361
-0.00222734
-0.00303999
-0.0039541
-0.0049514
-0.00600677
-0.00709634
-0.00829412
-0.009673
-0.00755833
-0.0083766
-0.00902234
-0.00955479
-0.0100401
-0.0104829
-0.0108875
-0.0112626
-0.0116164
-0.0119561
-0.0122884
-0.0126191
-0.0129533
-0.0132952
-0.0136483
-0.0140155
-0.0143987
-0.0147992
-0.0152178
-0.0156545
-0.0161087
-0.0165796
-0.0170653
-0.0175637
-0.0180723
-0.0185878
-0.0191067
-0.0196248
-0.0201377
-0.0206404
-0.0211276
-0.0215935
-0.022032
-0.0224369
-0.0228015
-0.023119
-0.0233825
-0.0235849
-0.0237195
-0.0237795
-0.0237583
-0.0236501
-0.0234492
-0.023151
-0.0227517
-0.0222483
-0.0216395
-0.0209252
-0.020107
-0.0191881
-0.0181741
-0.0170722
-0.0158923
-0.0146461
-0.0133478
-0.0120136
-0.010662
-0.00931301
-0.00798803
-0.00670955
-0.00550049
-0.00438355
-0.00338059
-0.00251188
-0.00179536
-0.00124594
-0.000874889
-0.000689344
-0.000691951
-0.000880741
-0.00124922
-0.00178667
-0.00247867
-0.0033078
-0.00425517
-0.00530072
-0.00641683
-0.00757719
-0.00886159
-0.0103484
-0.00881196
-0.00962645
-0.0102702
-0.0108021
-0.0112882
-0.011733
-0.0121412
-0.0125215
-0.0128821
-0.0132306
-0.0135737
-0.0139172
-0.0142666
-0.014626
-0.0149991
-0.0153888
-0.0157971
-0.0162255
-0.0166747
-0.0171449
-0.0176354
-0.0181454
-0.018673
-0.0192162
-0.0197723
-0.020338
-0.0209096
-0.0214829
-0.0220532
-0.0226153
-0.0231637
-0.0236922
-0.0241945
-0.0246638
-0.0250929
-0.0254746
-0.0258012
-0.0260652
-0.0262589
-0.0263748
-0.0264054
-0.0263439
-0.0261839
-0.0259195
-0.0255458
-0.0250591
-0.0244568
-0.0237377
-0.0229026
-0.0219539
-0.0208962
-0.0197364
-0.0184839
-0.0171503
-0.0157499
-0.0142998
-0.0128189
-0.0113288
-0.00985251
-0.00841478
-0.00704099
-0.00575675
-0.00458708
-0.0035556
-0.00268366
-0.00198953
-0.00148763
-0.00118787
-0.0010952
-0.00120934
-0.00152482
-0.00203123
-0.00271373
-0.00355391
-0.00453133
-0.00562406
-0.00680175
-0.00803543
-0.00941097
-0.0110125
-0.0101391
-0.0109479
-0.0115882
-0.0121186
-0.0126045
-0.0130507
-0.0134618
-0.0138467
-0.0142138
-0.0145706
-0.0149241
-0.0152803
-0.0156444
-0.0160212
-0.0164141
-0.0168263
-0.0172598
-0.0177162
-0.0181963
-0.0187003
-0.0192277
-0.0197774
-0.0203479
-0.020937
-0.021542
-0.0221595
-0.0227857
-0.0234163
-0.0240465
-0.0246709
-0.0252835
-0.0258782
-0.026448
-0.0269857
-0.0274839
-0.0279345
-0.0283295
-0.0286605
-0.0289191
-0.0290969
-0.0291857
-0.0291776
-0.0290651
-0.0288413
-0.0285003
-0.0280371
-0.0274479
-0.0267306
-0.0258846
-0.0249115
-0.023815
-0.0226011
-0.0212786
-0.019859
-0.0183565
-0.0167884
-0.0151747
-0.0135378
-0.0119026
-0.0102958
-0.00874554
-0.0072803
-0.00592854
-0.00471751
-0.00367237
-0.0028152
-0.00216405
-0.00173214
-0.00152722
-0.00155119
-0.00180002
-0.0022639
-0.00292782
-0.00377244
-0.00477578
-0.00591392
-0.00715358
-0.00846284
-0.00993403
-0.0116574
-0.0115383
-0.0123396
-0.0129752
-0.0135031
-0.013988
-0.0144348
-0.0148482
-0.0152371
-0.01561
-0.0159746
-0.0163379
-0.0167062
-0.0170847
-0.0174782
-0.0178906
-0.0183248
-0.0187832
-0.0192674
-0.0197783
-0.0203162
-0.0208806
-0.0214706
-0.0220845
-0.0227203
-0.0233751
-0.0240457
-0.0247281
-0.0254179
-0.0261101
-0.0267991
-0.0274788
-0.0281426
-0.0287833
-0.0293934
-0.0299647
-0.0304889
-0.0309571
-0.0313604
-0.0316895
-0.0319353
-0.0320886
-0.0321404
-0.0320823
-0.0319063
-0.0316051
-0.0311726
-0.0306038
-0.0298953
-0.0290453
-0.0280541
-0.0269244
-0.0256613
-0.0242728
-0.0227699
-0.0211665
-0.0194801
-0.0177311
-0.0159431
-0.0141424
-0.0123578
-0.0106199
-0.00896047
-0.00741138
-0.00600385
-0.00476722
-0.00372783
-0.00290788
-0.0023245
-0.00198881
-0.00190546
-0.0020723
-0.00248058
-0.00311537
-0.00395654
-0.00498063
-0.00616163
-0.00746308
-0.00884987
-0.0104211
-0.0122734
-0.0130075
-0.0137998
-0.0144295
-0.014954
-0.0154371
-0.0158838
-0.0162988
-0.016691
-0.0170691
-0.0174408
-0.0178132
-0.0181926
-0.0185848
-0.0189943
-0.0194253
-0.0198809
-0.0203635
-0.0208749
-0.0214161
-0.0219875
-0.0225887
-0.0232188
-0.0238764
-0.0245591
-0.0252644
-0.0259889
-0.0267285
-0.0274788
-0.0282347
-0.0289903
-0.0297394
-0.0304751
-0.0311898
-0.0318756
-0.0325239
-0.0331258
-0.0336718
-0.0341524
-0.0345574
-0.0348769
-0.0351008
-0.0352192
-0.0352223
-0.0351011
-0.0348471
-0.0344529
-0.0339121
-0.03322
-0.0323733
-0.0313712
-0.030215
-0.0289087
-0.0274593
-0.0258769
-0.0241753
-0.0223716
-0.0204865
-0.0185444
-0.0165731
-0.0146031
-0.0126676
-0.0108014
-0.00904022
-0.00741935
-0.00597267
-0.00473124
-0.00372199
-0.00296654
-0.00248006
-0.00227054
-0.00233836
-0.00267627
-0.0032698
-0.00409825
-0.00513675
-0.00635713
-0.00771956
-0.00918544
-0.010861
-0.0128495
-0.0145446
-0.0153265
-0.0159493
-0.0164696
-0.0169502
-0.0173961
-0.0178119
-0.0182067
-0.0185891
-0.0189669
-0.0193474
-0.0197371
-0.0201417
-0.0205661
-0.0210145
-0.0214903
-0.021996
-0.0225336
-0.0231041
-0.0237081
-0.0243455
-0.0250152
-0.025716
-0.0264456
-0.0272015
-0.0279801
-0.0287777
-0.0295894
-0.0304101
-0.0312339
-0.0320542
-0.0328639
-0.0336551
-0.0344196
-0.0351482
-0.0358315
-0.0364595
-0.0370219
-0.0375078
-0.0379065
-0.0382069
-0.0383979
-0.038469
-0.0384096
-0.0382102
-0.0378619
-0.0373569
-0.036689
-0.0358536
-0.0348483
-0.0336731
-0.0323305
-0.0308264
-0.02917
-0.0273741
-0.0254556
-0.0234352
-0.0213378
-0.0191922
-0.0170307
-0.0148889
-0.0128046
-0.0108173
-0.00896671
-0.00729146
-0.00582781
-0.004608
-0.00365876
-0.00300003
-0.00264389
-0.0025939
-0.0028449
-0.00338336
-0.0041883
-0.00523359
-0.00648886
-0.0079107
-0.00945675
-0.0112407
-0.0133727
-0.0161472
-0.0169175
-0.0175327
-0.0180482
-0.0185257
-0.01897
-0.0193859
-0.0197823
-0.0201679
-0.0205508
-0.0209381
-0.0213366
-0.0217521
-0.0221899
-0.0226542
-0.0231485
-0.0236757
-0.0242379
-0.0248363
-0.0254716
-0.0261438
-0.0268521
-0.0275952
-0.028371
-0.029177
-0.0300096
-0.030865
-0.0317385
-0.0326247
-0.0335176
-0.0344104
-0.0352957
-0.0361655
-0.0370109
-0.0378226
-0.0385905
-0.0393041
-0.0399523
-0.0405236
-0.0410064
-0.0413886
-0.0416583
-0.0418035
-0.0418128
-0.0416751
-0.0413801
-0.0409188
-0.0402833
-0.0394675
-0.0384673
-0.0372811
-0.03591
-0.0343585
-0.0326345
-0.0307499
-0.0287206
-0.0265674
-0.0243151
-0.0219933
-0.019636
-0.0172807
-0.0149684
-0.0127421
-0.0106461
-0.00872412
-0.00701803
-0.00556586
-0.00440021
-0.00354652
-0.00302174
-0.00283339
-0.00297915
-0.00344695
-0.00421597
-0.005259
-0.00654353
-0.00802237
-0.00964911
-0.0115453
-0.013828
-0.0178126
-0.0185707
-0.0191777
-0.0196878
-0.0201615
-0.0206036
-0.0210187
-0.0214158
-0.0218035
-0.0221899
-0.0225824
-0.022988
-0.0234126
-0.0238616
-0.0243396
-0.0248504
-0.025397
-0.0259816
-0.0266058
-0.0272705
-0.0279757
-0.0287209
-0.0295048
-0.0303256
-0.0311805
-0.0320664
-0.0329791
-0.0339141
-0.0348658
-0.0358281
-0.036794
-0.037756
-0.0387057
-0.0396338
-0.0405307
-0.0413857
-0.0421878
-0.0429252
-0.0435858
-0.044157
-0.0446259
-0.0449794
-0.0452047
-0.0452889
-0.0452197
-0.0449854
-0.0445754
-0.0439803
-0.0431924
-0.0422058
-0.0410172
-0.0396262
-0.0380354
-0.0362514
-0.0342847
-0.0321503
-0.0298682
-0.0274633
-0.0249655
-0.0224098
-0.0198358
-0.0172871
-0.0148104
-0.0124545
-0.0102684
-0.00829995
-0.00659349
-0.00518813
-0.00411565
-0.00339876
-0.00304983
-0.00307016
-0.00344987
-0.00416882
-0.00519902
-0.00650591
-0.00803837
-0.00974568
-0.0117575
-0.0141983
-0.019538
-0.0202835
-0.020882
-0.0213864
-0.021856
-0.0222952
-0.0227087
-0.0231052
-0.0234935
-0.0238817
-0.0242775
-0.0246878
-0.0251191
-0.0255768
-0.0260659
-0.0265904
-0.0271536
-0.027758
-0.0284054
-0.0290968
-0.0298326
-0.0306124
-0.031435
-0.0322987
-0.033201
-0.0341386
-0.0351075
-0.036103
-0.0371195
-0.0381509
-0.03919
-0.040229
-0.0412592
-0.0422711
-0.0432545
-0.0441985
-0.0450913
-0.0459207
-0.0466737
-0.0473369
-0.0478965
-0.0483386
-0.048649
-0.0488138
-0.0488193
-0.0486525
-0.0483012
-0.0477543
-0.0470025
-0.0460381
-0.044856
-0.0434538
-0.0418325
-0.0399969
-0.037956
-0.0357234
-0.0333182
-0.0307646
-0.0280928
-0.0253383
-0.0225423
-0.0197509
-0.0170142
-0.0143854
-0.0119189
-0.00966873
-0.00768617
-0.00601746
-0.00470153
-0.00376778
-0.00323441
-0.00310731
-0.00337962
-0.00403251
-0.00503765
-0.00635863
-0.00794027
-0.00972727
-0.0118578
-0.0144638
-0.0213204
-0.0220535
-0.0226436
-0.0231422
-0.0236073
-0.024043
-0.0244538
-0.0248484
-0.0252356
-0.0256236
-0.0260202
-0.0264326
-0.0268675
-0.0273309
-0.0278277
-0.0283626
-0.0289389
-0.0295597
-0.0302268
-0.0309418
-0.031705
-0.0325164
-0.033375
-0.0342791
-0.0352264
-0.0362135
-0.0372367
-0.0382912
-0.0393713
-0.0404708
-0.0415823
-0.0426979
-0.0438085
-0.0449045
-0.0459752
-0.0470091
-0.0479942
-0.0489173
-0.049765
-0.050523
-0.0511767
-0.0517111
-0.052111
-0.0523614
-0.0524472
-0.052354
-0.0520681
-0.0515767
-0.0508688
-0.0499349
-0.048768
-0.0473638
-0.0457212
-0.0438431
-0.0417367
-0.039414
-0.0368927
-0.0341962
-0.0313541
-0.0284024
-0.0253833
-0.022345
-0.0193407
-0.0164277
-0.0136661
-0.011116
-0.0088361
-0.00688039
-0.00529576
-0.00411932
-0.00337618
-0.00307787
-0.00322155
-0.00379049
-0.00475661
-0.00608187
-0.00770707
-0.00957205
-0.0118238
-0.014602
-0.023157
-0.0238783
-0.0244604
-0.0249534
-0.0254137
-0.0258452
-0.0262523
-0.0266435
-0.0270275
-0.0274128
-0.0278073
-0.0282186
-0.0286536
-0.0291187
-0.0296194
-0.0301605
-0.0307459
-0.0313789
-0.0320618
-0.0327962
-0.0335831
-0.0344224
-0.0353134
-0.0362546
-0.0372438
-0.0382778
-0.0393527
-0.0404639
-0.0416056
-0.0427714
-0.043954
-0.045145
-0.0463354
-0.047515
-0.0486728
-0.0497969
-0.0508748
-0.0518927
-0.0528365
-0.0536912
-0.0544413
-0.055071
-0.0555639
-0.0559039
-0.0560747
-0.0560603
-0.0558457
-0.0554165
-0.0547598
-0.0538643
-0.052721
-0.0513235
-0.0496689
-0.0477576
-0.0455951
-0.0431913
-0.0405622
-0.0377299
-0.0347233
-0.0315779
-0.0283368
-0.0250495
-0.0217722
-0.0185661
-0.0154962
-0.0126295
-0.0100318
-0.00776581
-0.00588701
-0.00444124
-0.00346168
-0.0029667
-0.00295861
-0.00342375
-0.004335
-0.00565315
-0.00731495
-0.00925525
-0.0116303
-0.0145873
-0.0250448
-0.0257556
-0.0263305
-0.0268183
-0.0272738
-0.0277006
-0.0281027
-0.0284887
-0.0288672
-0.0292468
-0.0296357
-0.030042
-0.0304729
-0.0309353
-0.0314351
-0.0319775
-0.032567
-0.0332073
-0.033901
-0.0346503
-0.0354561
-0.0363189
-0.0372382
-0.0382126
-0.0392399
-0.0403173
-0.0414408
-0.0426056
-0.0438063
-0.0450361
-0.0462875
-0.0475523
-0.0488208
-0.0500827
-0.0513268
-0.0525406
-0.053711
-0.0548238
-0.0558643
-0.0568166
-0.0576646
-0.0583914
-0.0589798
-0.0594124
-0.0596717
-0.0597405
-0.0596021
-0.0592407
-0.0586415
-0.0577915
-0.0566797
-0.0552975
-0.0536397
-0.0517047
-0.0494955
-0.0470201
-0.0442924
-0.0413327
-0.0381686
-0.034835
-0.0313749
-0.0278391
-0.0242857
-0.0207795
-0.0173906
-0.0141921
-0.0112578
-0.00865885
-0.00646051
-0.00471825
-0.0034745
-0.00275582
-0.00257095
-0.00291045
-0.00374905
-0.00504693
-0.00673699
-0.0087489
-0.0112485
-0.0143909
-0.0269809
-0.0276833
-0.0282524
-0.0287356
-0.0291865
-0.029608
-0.0300038
-0.0303825
-0.0307526
-0.0311231
-0.0315024
-0.0318991
-0.0323208
-0.0327751
-0.0332684
-0.0338065
-0.0343944
-0.0350362
-0.0357351
-0.0364936
-0.0373131
-0.0381943
-0.0391368
-0.0401397
-0.0412009
-0.0423174
-0.0434856
-0.0447006
-0.0459568
-0.0472475
-0.0485652
-0.049901
-0.0512455
-0.0525878
-0.0539164
-0.0552184
-0.0564803
-0.0576874
-0.0588241
-0.0598741
-0.0608203
-0.0616451
-0.0623303
-0.0628573
-0.0632077
-0.0633627
-0.0633044
-0.0630153
-0.062479
-0.0616806
-0.060607
-0.0592477
-0.057595
-0.0556453
-0.0533989
-0.0508615
-0.0480447
-0.0449668
-0.0416535
-0.0381386
-0.0344646
-0.0306826
-0.0268524
-0.0230418
-0.0193252
-0.015782
-0.0124936
-0.0095403
-0.00699752
-0.00493139
-0.00339487
-0.00242405
-0.00203558
-0.00222559
-0.00297175
-0.00423437
-0.00594278
-0.00802145
-0.0106462
-0.0139801
-0.0289628
-0.0296596
-0.0302248
-0.0307046
-0.0311511
-0.0315667
-0.0319548
-0.0323237
-0.0326822
-0.0330394
-0.0334043
-0.0337859
-0.0341927
-0.0346326
-0.0351129
-0.0356401
-0.0362197
-0.0368564
-0.0375541
-0.0383155
-0.0391425
-0.0400361
-0.0409964
-0.0420224
-0.0431123
-0.0442633
-0.0454716
-0.0467326
-0.0480404
-0.0493884
-0.0507688
-0.0521726
-0.0535901
-0.0550102
-0.0564209
-0.057809
-0.0591605
-0.0604601
-0.0616918
-0.0628384
-0.0638823
-0.0648049
-0.065587
-0.0662093
-0.0666519
-0.0668951
-0.0669194
-0.0667058
-0.0662364
-0.0654943
-0.0644646
-0.0631346
-0.0614946
-0.0595381
-0.0572633
-0.0546732
-0.0517769
-0.0485903
-0.0451369
-0.0414488
-0.0375674
-0.0335436
-0.0294381
-0.0253209
-0.0212704
-0.0173717
-0.0137138
-0.0103861
-0.00747486
-0.00505763
-0.00319914
-0.00194655
-0.00132596
-0.00134063
-0.00197247
-0.00318287
-0.00489808
-0.00703739
-0.00978709
-0.0133183
-0.0309881
-0.0316831
-0.0322472
-0.032725
-0.0331676
-0.0335767
-0.0339553
-0.0343116
-0.0346546
-0.0349938
-0.0353386
-0.0356989
-0.0360838
-0.0365021
-0.036962
-0.0374706
-0.0380344
-0.0386585
-0.0393475
-0.0401047
-0.0409323
-0.0418318
-0.0428035
-0.0438466
-0.0449596
-0.0461397
-0.0473832
-0.0486854
-0.0500404
-0.0514414
-0.0528805
-0.0543486
-0.0558356
-0.0573302
-0.0588199
-0.0602912
-0.0617296
-0.0631194
-0.0644438
-0.0656852
-0.0668251
-0.0678441
-0.0687223
-0.0694393
-0.0699741
-0.0703059
-0.0704139
-0.0702777
-0.0698776
-0.0691953
-0.0682137
-0.0669182
-0.0652966
-0.0633404
-0.0610449
-0.0584106
-0.0554439
-0.0521579
-0.0485737
-0.0447212
-0.04064
-0.0363802
-0.0320026
-0.0275789
-0.0231908
-0.0189282
-0.0148874
-0.0111671
-0.00786439
-0.00506928
-0.00285935
-0.00129434
-0.000411537
-0.000223028
-0.000716544
-0.00185574
-0.00356441
-0.00575688
-0.00863042
-0.0123641
-0.0330552
-0.0337533
-0.0343195
-0.0347972
-0.0352367
-0.0356386
-0.0360058
-0.0363462
-0.0366691
-0.0369845
-0.0373027
-0.0376342
-0.0379894
-0.0383779
-0.0388088
-0.0392903
-0.0398295
-0.0404327
-0.0411047
-0.0418497
-0.0426704
-0.0435685
-0.0445446
-0.0455984
-0.0467282
-0.0479315
-0.0492046
-0.0505428
-0.05194
-0.0533894
-0.0548828
-0.056411
-0.0579634
-0.0595285
-0.0610936
-0.0626446
-0.0641666
-0.0656433
-0.0670575
-0.0683908
-0.0696241
-0.0707373
-0.0717095
-0.0725195
-0.0731452
-0.0735648
-0.0737562
-0.0736975
-0.0733678
-0.0727468
-0.0718159
-0.0705582
-0.0689596
-0.0670089
-0.064699
-0.0620278
-0.0589986
-0.0556218
-0.0519156
-0.0479074
-0.0436346
-0.0391456
-0.0345009
-0.0297727
-0.025045
-0.0204124
-0.0159775
-0.0118483
-0.00813263
-0.0049336
-0.00234275
-0.000433881
0.0007427
0.00116415
0.000835143
-0.000211693
-0.0018986
-0.00413528
-0.00713062
-0.0110717
-0.0351628
-0.0358703
-0.0364428
-0.036923
-0.0373601
-0.0377542
-0.0381076
-0.0384281
-0.0387255
-0.0390104
-0.0392943
-0.0395886
-0.0399048
-0.040254
-0.0406462
-0.0410908
-0.041596
-0.0421687
-0.0428148
-0.0435388
-0.0443441
-0.0452329
-0.046206
-0.0472633
-0.0484034
-0.0496236
-0.0509205
-0.0522889
-0.0537231
-0.0552158
-0.0567587
-0.0583423
-0.0599557
-0.0615871
-0.0632233
-0.06485
-0.0664516
-0.0680114
-0.0695116
-0.0709332
-0.0722565
-0.0734605
-0.0745237
-0.0754237
-0.0761378
-0.076643
-0.0769159
-0.0769335
-0.0766733
-0.0761137
-0.075234
-0.0740157
-0.0724424
-0.0705006
-0.0681809
-0.0654781
-0.0623929
-0.0589326
-0.0551124
-0.0509566
-0.0465001
-0.0417892
-0.0368829
-0.0318534
-0.0267863
-0.0217795
-0.0169416
-0.0123889
-0.00824036
-0.00461234
-0.00161128
0.000673461
0.0021767
0.00286277
0.00272667
0.00179559
0.00014769
-0.00212266
-0.00523671
-0.00938957
-0.0373105
-0.0380352
-0.0386194
-0.0391049
-0.0395408
-0.0399262
-0.0402628
-0.0405587
-0.0408242
-0.0410709
-0.0413114
-0.0415586
-0.0418255
-0.0421244
-0.0424671
-0.0428639
-0.0433243
-0.0438562
-0.0444663
-0.04516
-0.045941
-0.0468119
-0.0477741
-0.0488274
-0.0499707
-0.0512013
-0.0525156
-0.0539086
-0.0553741
-0.0569048
-0.0584921
-0.0601261
-0.0617958
-0.0634889
-0.0651917
-0.0668895
-0.0685663
-0.0702048
-0.0717866
-0.0732922
-0.0747011
-0.0759918
-0.0771418
-0.078128
-0.0789267
-0.0795138
-0.079865
-0.079956
-0.0797629
-0.0792626
-0.078433
-0.0772535
-0.0757057
-0.0737742
-0.0714467
-0.0687157
-0.0655788
-0.0620404
-0.0581124
-0.053816
-0.0491829
-0.0442568
-0.0390948
-0.033768
-0.0283626
-0.0229791
-0.017731
-0.0127421
-0.00814238
-0.00406136
-0.0006212
0.00207185
0.00393587
0.00492009
0.00500758
0.00421803
0.00262855
0.000336769
-0.00289183
-0.00726044
-0.0394993
-0.0402508
-0.040853
-0.0413474
-0.0417833
-0.0421589
-0.0424751
-0.0427406
-0.0429666
-0.0431658
-0.0433524
-0.0435411
-0.0437467
-0.0439832
-0.0442639
-0.0446009
-0.0450047
-0.0454845
-0.046048
-0.046701
-0.0474481
-0.0482923
-0.0492351
-0.0502767
-0.0514159
-0.0526501
-0.0539755
-0.055387
-0.0568782
-0.0584415
-0.060068
-0.0617474
-0.0634684
-0.0652182
-0.0669828
-0.0687469
-0.070494
-0.0722064
-0.073865
-0.0754497
-0.0769393
-0.0783116
-0.0795434
-0.0806108
-0.0814891
-0.0821534
-0.0825782
-0.0827381
-0.082608
-0.0821633
-0.0813804
-0.080237
-0.0787128
-0.0767902
-0.0744548
-0.0716963
-0.0685097
-0.064896
-0.0608642
-0.056432
-0.0516277
-0.0464921
-0.0410795
-0.0354594
-0.0297174
-0.0239556
-0.0182913
-0.0128553
-0.00778739
-0.00323042
0.000677296
0.00381146
0.00607154
0.00738935
0.00773347
0.00711374
0.00560442
0.00330528
-3.25922e-05
-0.00462057
-0.0417312
-0.0425212
-0.0431493
-0.0436566
-0.044094
-0.044458
-0.0447496
-0.0449777
-0.0451549
-0.0452957
-0.0454162
-0.0455333
-0.0456639
-0.0458241
-0.0460292
-0.0462929
-0.0466273
-0.0470428
-0.0475479
-0.0481496
-0.0488528
-0.0496609
-0.0505758
-0.0515977
-0.0527255
-0.0539564
-0.0552865
-0.0567105
-0.0582217
-0.0598121
-0.0614725
-0.0631923
-0.0649596
-0.0667611
-0.0685825
-0.070408
-0.0722204
-0.0740014
-0.0757314
-0.0773898
-0.0789546
-0.0804029
-0.0817107
-0.0828534
-0.0838055
-0.084541
-0.0850334
-0.0852563
-0.0851834
-0.0847887
-0.0840472
-0.082935
-0.0814301
-0.0795128
-0.0771665
-0.0743784
-0.0711409
-0.0674521
-0.0633176
-0.0587518
-0.0537795
-0.0484379
-0.0427783
-0.0368677
-0.0307904
-0.0246489
-0.0185634
-0.0126701
-0.00711803
-0.00206302
0.00234039
0.00594886
0.00864148
0.0103303
0.0109666
0.0105477
0.00914281
0.00685236
0.00341167
-0.00139902
-0.0440103
-0.044853
-0.0455162
-0.0460414
-0.0464814
-0.0468318
-0.047093
-0.0472752
-0.0473927
-0.0474621
-0.0475021
-0.0475324
-0.0475724
-0.0476408
-0.047755
-0.0479308
-0.0481818
-0.0485198
-0.0489544
-0.0494934
-0.0501423
-0.0509048
-0.0517831
-0.0527773
-0.0538863
-0.0551072
-0.0564358
-0.0578664
-0.0593921
-0.0610044
-0.0626936
-0.0644487
-0.0662573
-0.0681057
-0.0699789
-0.0718606
-0.073733
-0.0755773
-0.0773733
-0.0790995
-0.0807335
-0.0822516
-0.0836291
-0.0848405
-0.0858594
-0.086659
-0.087212
-0.0874906
-0.0874676
-0.0871156
-0.0864083
-0.0853203
-0.0838279
-0.0819096
-0.0795466
-0.076724
-0.0734314
-0.0696643
-0.0654249
-0.0607244
-0.055584
-0.0500371
-0.0441316
-0.0379315
-0.0315189
-0.0249955
-0.0184832
-0.0121228
-0.00607118
-0.000496397
0.0044308
0.00854735
0.0117104
0.0138098
0.0147766
0.0145926
0.0133191
0.0110556
0.00751975
0.00248307
-0.0463427
-0.0472557
-0.0479649
-0.0485135
-0.0489573
-0.0492907
-0.0495145
-0.0496402
-0.0496845
-0.0496671
-0.04961
-0.049536
-0.0494677
-0.0494268
-0.0494333
-0.049505
-0.0496576
-0.0499042
-0.0502555
-0.0507201
-0.0513041
-0.0520114
-0.0528444
-0.0538031
-0.0548862
-0.0560906
-0.0574116
-0.0588434
-0.0603782
-0.0620074
-0.0637206
-0.0655062
-0.0673514
-0.0692419
-0.071162
-0.0730948
-0.075022
-0.0769242
-0.0787803
-0.0805685
-0.0822654
-0.0838466
-0.0852868
-0.0865596
-0.0876378
-0.0884937
-0.0890989
-0.0894248
-0.0894429
-0.0891248
-0.0884427
-0.0873698
-0.0858809
-0.0839527
-0.0815646
-0.0786994
-0.0753444
-0.0714921
-0.0671421
-0.0623021
-0.0569897
-0.0512347
-0.0450811
-0.0385893
-0.0318387
-0.0249295
-0.0179837
-0.0111454
-0.00457842
0.00153817
0.00701779
0.0116772
0.0153504
0.0179025
0.0192413
0.0193294
0.0182176
0.0160017
0.0123796
0.00711348
-0.048738
-0.049742
-0.0505105
-0.0510884
-0.0515366
-0.0518486
-0.0520255
-0.0520815
-0.0520365
-0.051914
-0.0517401
-0.0515416
-0.0513449
-0.0511753
-0.0510554
-0.0510057
-0.0510438
-0.0511844
-0.0514392
-0.0518175
-0.0523259
-0.0529686
-0.0537478
-0.0546634
-0.0557139
-0.0568957
-0.0582037
-0.0596314
-0.0611707
-0.0628121
-0.0645448
-0.0663566
-0.0682339
-0.0701619
-0.0721241
-0.0741032
-0.0760801
-0.0780346
-0.0799452
-0.0817891
-0.0835423
-0.0851798
-0.0866753
-0.0880018
-0.0891311
-0.0900345
-0.0906829
-0.0910466
-0.0910959
-0.0908013
-0.0901338
-0.0890652
-0.0875687
-0.0856195
-0.083195
-0.0802761
-0.0768478
-0.0729002
-0.06843
-0.0634416
-0.0579492
-0.0519789
-0.0455707
-0.0387812
-0.0316865
-0.0243842
-0.0169956
-0.00966675
-0.0025669
0.00411491
0.010177
0.015416
0.0196413
0.0226913
0.0244473
0.024849
0.0239327
0.0217879
0.0180896
0.0125901
-0.0512091
-0.0523297
-0.0531727
-0.0537865
-0.0542389
-0.0545229
-0.054641
-0.0546107
-0.0544564
-0.0542069
-0.0538931
-0.0535469
-0.0531992
-0.052879
-0.0526125
-0.0524228
-0.0523294
-0.0523486
-0.0524934
-0.0527734
-0.0531958
-0.0537647
-0.054482
-0.0553477
-0.0563593
-0.057513
-0.058803
-0.0602221
-0.0617615
-0.0634112
-0.0651594
-0.0669934
-0.0688988
-0.07086
-0.0728601
-0.0748807
-0.0769022
-0.0789037
-0.080863
-0.0827564
-0.0845594
-0.086246
-0.0877893
-0.0891612
-0.0903328
-0.0912747
-0.0919564
-0.0923475
-0.0924171
-0.0921345
-0.0914696
-0.0903927
-0.0888757
-0.086892
-0.0844176
-0.0814312
-0.0779158
-0.0738591
-0.069255
-0.0641051
-0.0584202
-0.0522227
-0.0455486
-0.0384506
-0.0310008
-0.0232938
-0.0154493
-0.00761369
3.95265e-05
0.00731267
0.01399
0.019848
0.024671
0.0282683
0.0304913
0.0312526
0.03057
0.028523
0.0247602
0.0190224
-0.0537744
-0.0550424
-0.055978
-0.0566344
-0.0570892
-0.0573358
-0.0573791
-0.0572417
-0.056954
-0.056551
-0.0560703
-0.0555497
-0.0550252
-0.0545304
-0.0540952
-0.0537453
-0.0535027
-0.053385
-0.053406
-0.0535761
-0.0539022
-0.0543887
-0.0550369
-0.0558462
-0.0568136
-0.0579344
-0.0592022
-0.0606089
-0.0621449
-0.0637993
-0.0655598
-0.0674125
-0.0693424
-0.0713331
-0.0733668
-0.0754246
-0.077486
-0.0795294
-0.0815316
-0.0834685
-0.0853146
-0.0870431
-0.0886263
-0.0900352
-0.0912402
-0.0922107
-0.0929155
-0.0933229
-0.0934011
-0.0931182
-0.0924426
-0.0913436
-0.0897915
-0.0877583
-0.085218
-0.0821478
-0.0785285
-0.0743456
-0.0695905
-0.0642618
-0.0583673
-0.0519257
-0.0449691
-0.0375462
-0.0297248
-0.021596
-0.0132767
-0.00491319
0.00331861
0.0112137
0.0185433
0.0250645
0.0305356
0.034735
0.0374807
0.0386538
0.0382487
0.0363303
0.0325159
0.0265333
-0.056459
-0.0579117
-0.0589607
-0.0596661
-0.0601194
-0.0603153
-0.0602629
-0.0599918
-0.0595406
-0.0589526
-0.0582733
-0.0575473
-0.0568171
-0.0561211
-0.0554932
-0.0549621
-0.0545518
-0.0542813
-0.0541651
-0.0542138
-0.0544344
-0.0548305
-0.0554031
-0.0561506
-0.0570692
-0.0581534
-0.0593956
-0.0607869
-0.0623168
-0.0639733
-0.0657432
-0.0676117
-0.0695631
-0.07158
-0.0736438
-0.0757347
-0.0778315
-0.0799117
-0.0819515
-0.0839258
-0.0858083
-0.0875715
-0.0891867
-0.0906242
-0.0918533
-0.0928426
-0.0935597
-0.0939719
-0.0940464
-0.0937499
-0.0930498
-0.0919138
-0.0903109
-0.0882115
-0.0855879
-0.0824156
-0.0786732
-0.0743442
-0.0694174
-0.0638888
-0.0577631
-0.0510555
-0.0437943
-0.0360239
-0.0278081
-0.0192336
-0.0104143
-0.00149472
0.00734758
0.0159018
0.0239274
0.0311626
0.0373393
0.0422032
0.0455354
0.0471803
0.0471032
0.0453492
0.0414981
0.0352617
-0.0592967
-0.0609795
-0.062166
-0.0629261
-0.06337
-0.0634962
-0.0633202
-0.0628817
-0.0622301
-0.061419
-0.0605035
-0.0595369
-0.0585684
-0.057642
-0.0567957
-0.0560612
-0.0554643
-0.0550252
-0.0547588
-0.0546756
-0.054782
-0.0550809
-0.0555724
-0.0562538
-0.0571203
-0.058165
-0.0593794
-0.0607533
-0.0622751
-0.0639318
-0.0657091
-0.0675914
-0.0695617
-0.0716019
-0.0736926
-0.075813
-0.077941
-0.0800533
-0.0821254
-0.0841312
-0.0860437
-0.0878344
-0.0894738
-0.0909312
-0.0921752
-0.093173
-0.0938916
-0.094297
-0.0943551
-0.0940316
-0.0932925
-0.0921041
-0.0904339
-0.0882506
-0.0855251
-0.0822307
-0.0783443
-0.0738469
-0.0687252
-0.0629723
-0.0565898
-0.0495896
-0.0419963
-0.0338499
-0.0252097
-0.0161582
-0.00680531
0.00270679
0.0122003
0.0214599
0.0302345
0.0382441
0.045194
0.0507954
0.0547885
0.0569756
0.0572864
0.0557393
0.0518684
0.0453659
-0.0623335
-0.0643018
-0.0656532
-0.0664713
-0.0668925
-0.0669219
-0.0665854
-0.0659364
-0.0650382
-0.0639581
-0.0627626
-0.0615146
-0.0602714
-0.0590826
-0.0579905
-0.0570296
-0.0562272
-0.0556041
-0.0551753
-0.0549505
-0.0549354
-0.0551316
-0.0555379
-0.0561503
-0.0569624
-0.0579661
-0.0591515
-0.0605069
-0.0620197
-0.0636756
-0.065459
-0.0673535
-0.0693409
-0.0714022
-0.0735169
-0.0756634
-0.0778189
-0.0799589
-0.0820582
-0.0840899
-0.0860259
-0.0878371
-0.089493
-0.0909619
-0.0922114
-0.0932079
-0.093917
-0.0943038
-0.094333
-0.0939689
-0.0931762
-0.0919198
-0.0901655
-0.0878805
-0.0850337
-0.0815966
-0.077544
-0.0728547
-0.0675127
-0.0615084
-0.0548405
-0.0475171
-0.0395591
-0.0310021
-0.0219009
-0.0123329
-0.00240394
0.00774726
0.0179437
0.0279666
0.0375557
0.0464135
0.0542183
0.0606445
0.0653878
0.0682018
0.0689729
0.0676844
0.0638138
0.0570278
-0.0656315
-0.0679531
-0.0695
-0.0703754
-0.0707518
-0.0706463
-0.0700999
-0.0691848
-0.0679831
-0.0665783
-0.065051
-0.0634752
-0.0619165
-0.0604308
-0.0590641
-0.0578533
-0.0568267
-0.0560051
-0.0554027
-0.0550283
-0.0548858
-0.0549754
-0.055294
-0.0558358
-0.0565929
-0.0575553
-0.0587116
-0.0600487
-0.0615525
-0.0632073
-0.0649965
-0.0669022
-0.0689054
-0.070986
-0.0731224
-0.0752922
-0.0774715
-0.0796352
-0.0817569
-0.0838089
-0.0857624
-0.0875873
-0.089252
-0.0907242
-0.0919702
-0.0929555
-0.0936446
-0.0940014
-0.0939893
-0.0935713
-0.0927107
-0.0913709
-0.089516
-0.0871115
-0.0841243
-0.0805239
-0.0762828
-0.0713773
-0.0657888
-0.0595048
-0.0525204
-0.0448404
-0.0364812
-0.0274739
-0.0178683
-0.00773652
0.00282079
0.0136689
0.0246329
0.0354919
0.0459773
0.0557749
0.0645354
0.0718941
0.0774973
0.0810428
0.0823642
0.0813989
0.0775528
0.0704595
-0.0692748
-0.0720329
-0.0738088
-0.0747336
-0.0750305
-0.0747357
-0.073913
-0.0726605
-0.0710841
-0.0692876
-0.0673678
-0.0654111
-0.063492
-0.0616721
-0.0600008
-0.0585166
-0.0572478
-0.0562144
-0.0554291
-0.0548986
-0.0546249
-0.0546057
-0.0548359
-0.0553075
-0.0560103
-0.0569327
-0.0580612
-0.0593812
-0.0608769
-0.0625314
-0.0643266
-0.0662434
-0.0682617
-0.0703602
-0.0725165
-0.0747071
-0.0769071
-0.0790905
-0.0812301
-0.0832974
-0.0852625
-0.0870944
-0.0887608
-0.0902282
-0.0914621
-0.0924267
-0.0930857
-0.0934015
-0.0933364
-0.092852
-0.09191
-0.0904723
-0.0885012
-0.0859603
-0.0828145
-0.079031
-0.0745798
-0.0694346
-0.0635738
-0.0569814
-0.049649
-0.0415772
-0.0327777
-0.0232765
-0.0131176
-0.00236725
0.00888012
0.0204951
0.0323058
0.0440911
0.0555751
0.0664273
0.07627
0.0846968
0.0912984
0.0957078
0.0976943
0.0971356
0.0933453
0.0859118
-0.0733786
-0.0766757
-0.0787156
-0.0796694
-0.0798322
-0.0792712
-0.0780831
-0.076401
-0.0743612
-0.0720919
-0.0697086
-0.0673109
-0.064982
-0.0627884
-0.060782
-0.0590014
-0.0574739
-0.0562173
-0.0552418
-0.0545513
-0.0541447
-0.054017
-0.0541601
-0.0545636
-0.0552148
-0.0560998
-0.0572032
-0.0585085
-0.0599983
-0.061654
-0.0634563
-0.0653847
-0.0674179
-0.0695336
-0.0717082
-0.0739173
-0.0761352
-0.0783348
-0.0804882
-0.0825658
-0.084537
-0.0863698
-0.088031
-0.0894862
-0.0906998
-0.0916351
-0.0922544
-0.0925192
-0.0923903
-0.091828
-0.0907924
-0.0892437
-0.0871424
-0.08445
-0.0811292
-0.0771448
-0.072464
-0.0670574
-0.0609
-0.0539722
-0.0462611
-0.0377626
-0.0284831
-0.0184424
-0.00767763
0.00375212
0.0157599
0.0282234
0.0409758
0.0537973
0.0664067
0.0784577
0.0895434
0.0992115
0.10699
0.112435
0.115238
0.115197
0.111505
0.103687
-0.078101
-0.0820644
-0.0844014
-0.085343
-0.0852875
-0.0843509
-0.0826771
-0.0804461
-0.0778323
-0.0749927
-0.0720633
-0.069157
-0.0663647
-0.0637564
-0.0613846
-0.0592862
-0.0574856
-0.0559972
-0.0548272
-0.0539755
-0.0534373
-0.0532038
-0.0532636
-0.0536032
-0.0542072
-0.0550593
-0.0561417
-0.057436
-0.058923
-0.0605824
-0.0623936
-0.0643347
-0.0663832
-0.0685157
-0.0707077
-0.0729336
-0.0751668
-0.0773796
-0.0795428
-0.0816263
-0.0835985
-0.0854266
-0.0870764
-0.0885126
-0.0896986
-0.0905967
-0.0911681
-0.091373
-0.0911709
-0.0905208
-0.0893812
-0.0877103
-0.085467
-0.0826105
-0.0791012
-0.074901
-0.0699742
-0.0642879
-0.0578133
-0.0505262
-0.042409
-0.0334516
-0.0236539
-0.0130285
-0.00160417
0.0105692
0.0234144
0.0368185
0.0506228
0.0646119
0.0785016
0.0919316
0.104465
0.115598
0.124788
0.131498
0.135322
0.135953
0.132421
0.124157
-0.0836625
-0.08845
-0.091109
-0.0919624
-0.0915592
-0.0900908
-0.087769
-0.0848347
-0.0815093
-0.0779827
-0.0744118
-0.070922
-0.0676094
-0.064545
-0.0617789
-0.059344
-0.0572596
-0.0555344
-0.0541694
-0.0531591
-0.0524937
-0.0521603
-0.0521433
-0.0524258
-0.0529893
-0.0538145
-0.0548816
-0.0561699
-0.0576582
-0.0593249
-0.0611475
-0.0631031
-0.0651679
-0.0673174
-0.0695261
-0.0717675
-0.0740141
-0.0762373
-0.0784072
-0.0804927
-0.0824614
-0.0842797
-0.0859127
-0.087324
-0.0884762
-0.0893305
-0.089847
-0.0899848
-0.0897022
-0.0889565
-0.0877048
-0.0859036
-0.0835096
-0.0804798
-0.0767721
-0.0723455
-0.0671608
-0.0611815
-0.054374
-0.0467094
-0.0381638
-0.0287205
-0.0183714
-0.00711997
0.00501541
0.0179966
0.0317592
0.0462036
0.0611835
0.0764924
0.091848
0.106879
0.121118
0.134008
0.14492
0.153206
0.158334
0.159858
0.15658
0.147793
-0.0903751
-0.0961828
-0.0991671
-0.0997973
-0.0988475
-0.0966244
-0.0934347
-0.0895978
-0.0853908
-0.0810386
-0.076718
-0.0725633
-0.068672
-0.0651115
-0.0619259
-0.0591404
-0.0567664
-0.0548048
-0.0532491
-0.0520873
-0.0513036
-0.0508797
-0.0507957
-0.0510305
-0.0515623
-0.052369
-0.053428
-0.0547166
-0.0562118
-0.05789
-0.0597276
-0.0617002
-0.063783
-0.0659503
-0.0681757
-0.0704318
-0.0726904
-0.0749219
-0.0770957
-0.07918
-0.0811417
-0.0829463
-0.084558
-0.0859399
-0.0870534
-0.0878589
-0.0883155
-0.0883812
-0.0880129
-0.0871667
-0.085798
-0.0838616
-0.0813122
-0.0781044
-0.0741934
-0.0695351
-0.0640867
-0.0578074
-0.0506587
-0.0426056
-0.0336175
-0.0236694
-0.0127438
-0.000832851
0.0120582
0.0259065
0.0406645
0.0562512
0.0725392
0.0893382
0.106376
0.123276
0.139546
0.154569
0.167618
0.177909
0.184744
0.187487
0.184618
0.175207
-0.0986903
-0.105758
-0.109022
-0.109195
-0.107393
-0.104096
-0.0997417
-0.0947463
-0.0894495
-0.0841101
-0.0789199
-0.0740153
-0.0694883
-0.0653968
-0.061773
-0.0586302
-0.0559684
-0.0537778
-0.0520424
-0.050742
-0.0498537
-0.0493533
-0.0492157
-0.0494154
-0.0499272
-0.0507257
-0.0517858
-0.0530827
-0.0545913
-0.0562867
-0.0581436
-0.0601366
-0.0622397
-0.0644263
-0.0666691
-0.06894
-0.0712098
-0.0734483
-0.0756244
-0.0777053
-0.0796575
-0.0814456
-0.0830333
-0.0843827
-0.0854546
-0.0862085
-0.0866026
-0.0865938
-0.0861378
-0.0851895
-0.0837026
-0.0816305
-0.0789257
-0.0755405
-0.0714272
-0.0665386
-0.060828
-0.0542499
-0.0467604
-0.0383178
-0.0288837
-0.0184236
-0.00690842
0.00568324
0.0193625
0.0341256
0.0499478
0.0667736
0.0845032
0.102974
0.121934
0.141019
0.159717
0.177356
0.193098
0.205989
0.215115
0.219574
0.217378
0.207229
-0.109282
-0.117891
-0.121286
-0.120599
-0.117473
-0.112647
-0.106728
-0.10025
-0.0936129
-0.0871032
-0.0809159
-0.0751782
-0.0699659
-0.0653185
-0.0612493
-0.057754
-0.0548168
-0.0524142
-0.0505185
-0.0490999
-0.0481272
-0.0475694
-0.047396
-0.047577
-0.0480833
-0.0488865
-0.049959
-0.0512738
-0.0528041
-0.0545233
-0.0564052
-0.0584229
-0.0605497
-0.062758
-0.0650199
-0.0673063
-0.0695877
-0.0718332
-0.0740109
-0.0760878
-0.0780294
-0.0798
-0.0813627
-0.0826788
-0.0837086
-0.0844108
-0.0847427
-0.0846602
-0.0841183
-0.0830704
-0.081469
-0.0792656
-0.0764109
-0.0728551
-0.0685476
-0.0634378
-0.0574751
-0.0506091
-0.04279
-0.033969
-0.0240986
-0.0131337
-0.00103209
0.012244
0.0267253
0.0424323
0.0593691
0.0775147
0.0968085
0.11713
0.13827
0.159892
0.181492
0.202354
0.221526
0.237846
0.250121
0.257072
0.256014
0.24503
-0.123192
-0.133634
-0.136794
-0.134554
-0.129379
-0.122377
-0.114366
-0.106001
-0.0977331
-0.0898556
-0.0825462
-0.0759042
-0.0699741
-0.0647645
-0.0602609
-0.0564346
-0.0532494
-0.0506648
-0.0486395
-0.047132
-0.0461026
-0.045513
-0.0453268
-0.0455095
-0.0460283
-0.046852
-0.0479504
-0.0492947
-0.0508564
-0.0526078
-0.0545214
-0.0565695
-0.0587244
-0.0609581
-0.0632417
-0.065546
-0.0678407
-0.0700945
-0.0722751
-0.0743488
-0.076281
-0.0780354
-0.0795745
-0.0808594
-0.0818495
-0.082503
-0.0827766
-0.0826255
-0.0820036
-0.0808634
-0.0791562
-0.0768319
-0.0738395
-0.0701268
-0.0656409
-0.0603278
-0.0541329
-0.0470009
-0.0388757
-0.029701
-0.0194199
-0.00797537
0.00468964
0.0186313
0.0339035
0.0505557
0.0686281
0.0881439
0.109096
0.131428
0.154996
0.17953
0.204568
0.229392
0.252949
0.273852
0.290545
0.301219
0.302149
0.290348
-0.142115
-0.154564
-0.156676
-0.151701
-0.143369
-0.133284
-0.122495
-0.11176
-0.101543
-0.0921047
-0.0835699
-0.0759823
-0.0693337
-0.0635863
-0.058687
-0.0545755
-0.05119
-0.0484705
-0.0463596
-0.0448041
-0.0437546
-0.0431657
-0.0429955
-0.043205
-0.0437581
-0.044621
-0.0457614
-0.0471489
-0.0487538
-0.0505472
-0.0525008
-0.0545863
-0.0567754
-0.0590395
-0.0613495
-0.0636755
-0.0659871
-0.0682525
-0.0704392
-0.0725133
-0.0744396
-0.0761818
-0.0777019
-0.0789606
-0.0799171
-0.0805291
-0.0807527
-0.0805425
-0.0798517
-0.078632
-0.0768335
-0.0744051
-0.071294
-0.0674463
-0.0628063
-0.0573172
-0.0509204
-0.0435559
-0.0351616
-0.0256733
-0.0150244
-0.00314556
0.0100362
0.0245971
0.0406172
0.0581791
0.077366
0.0982559
0.120912
0.145361
0.171566
0.199368
0.228414
0.258051
0.287199
0.31426
0.337247
0.35362
0.35812
0.345911
-0.168966
-0.183092
-0.182416
-0.172698
-0.159542
-0.145136
-0.13072
-0.117075
-0.1046
-0.0934489
-0.0836412
-0.0751246
-0.0678107
-0.0615974
-0.0563809
-0.0520624
-0.0485507
-0.0457638
-0.043628
-0.0420779
-0.0410551
-0.0405074
-0.0403879
-0.0406541
-0.0412672
-0.042191
-0.0433922
-0.0448388
-0.0465005
-0.0483477
-0.0503515
-0.0524832
-0.0547143
-0.0570159
-0.0593586
-0.0617124
-0.0640467
-0.0663296
-0.0685285
-0.0706092
-0.0725366
-0.074274
-0.0757834
-0.0770252
-0.0779584
-0.0785404
-0.078727
-0.0784726
-0.0777296
-0.0764491
-0.0745806
-0.0720717
-0.0688685
-0.0649153
-0.0601545
-0.0545264
-0.047969
-0.0404177
-0.0318049
-0.0220589
-0.0111038
0.00114233
0.0147682
0.0298711
0.0465584
0.0649491
0.0851743
0.107376
0.131703
0.158293
0.187252
0.218599
0.25218
0.287537
0.323702
0.359001
0.391018
0.416282
0.427352
0.416277
-0.209081
-0.222923
-0.215782
-0.197968
-0.177563
-0.157239
-0.138229
-0.121159
-0.106205
-0.0933026
-0.0822864
-0.0729576
-0.0651158
-0.0585761
-0.0531743
-0.0487682
-0.0452358
-0.042473
-0.0403909
-0.0389132
-0.0379739
-0.0375155
-0.0374876
-0.0378451
-0.0385473
-0.0395571
-0.0408402
-0.0423643
-0.0440986
-0.0460133
-0.0480795
-0.0502686
-0.0525517
-0.0549001
-0.0572845
-0.059675
-0.0620408
-0.0643503
-0.0665707
-0.068668
-0.0706071
-0.0723513
-0.0738625
-0.0751013
-0.0760264
-0.0765954
-0.0767637
-0.0764855
-0.0757131
-0.0743971
-0.0724864
-0.069928
-0.066667
-0.0626463
-0.0578066
-0.0520861
-0.0454199
-0.0377395
-0.0289723
-0.0190403
-0.00785864
0.00466562
0.0186363
0.0341706
0.0514029
0.0704887
0.0916094
0.114977
0.140834
0.169456
0.201131
0.236125
0.274606
0.316493
0.361199
0.407282
0.45218
0.491441
0.514838
0.509394
-0.27246
-0.279601
-0.2585
-0.227192
-0.196212
-0.168094
-0.14358
-0.122769
-0.105355
-0.0908884
-0.0789198
-0.0690477
-0.0609319
-0.0542922
-0.0489006
-0.0445724
-0.0411577
-0.0385343
-0.0366014
-0.0352751
-0.034485
-0.0341706
-0.0342798
-0.0347667
-0.0355903
-0.0367136
-0.0381022
-0.0397241
-0.0415489
-0.0435473
-0.0456905
-0.0479501
-0.050298
-0.0527055
-0.0551436
-0.0575827
-0.0599923
-0.062341
-0.0645963
-0.0667244
-0.0686902
-0.0704574
-0.071988
-0.0732426
-0.0741804
-0.0747586
-0.074933
-0.0746577
-0.0738849
-0.0725651
-0.0706469
-0.0680768
-0.0647994
-0.0607568
-0.0558885
-0.0501311
-0.0434173
-0.035676
-0.0268305
-0.0167977
-0.00548585
0.00720737
0.0213983
0.0372215
0.0548349
0.0744273
0.0962275
0.120515
0.147632
0.177999
0.21212
0.250576
0.293983
0.342877
0.397454
0.457134
0.519954
0.581017
0.627339
0.638721
-0.378039
-0.360755
-0.311599
-0.258856
-0.2131
-0.175289
-0.144738
-0.120348
-0.100927
-0.0854304
-0.0730226
-0.063059
-0.0550487
-0.0486195
-0.0434888
-0.0394397
-0.0363037
-0.0339487
-0.0322687
-0.0311777
-0.0306048
-0.0304901
-0.0307824
-0.0314371
-0.0324145
-0.0336787
-0.0351967
-0.0369374
-0.0388715
-0.0409705
-0.0432065
-0.0455519
-0.047979
-0.05046
-0.0529663
-0.0554687
-0.0579374
-0.0603412
-0.062648
-0.0648245
-0.066836
-0.0686463
-0.070218
-0.0715118
-0.0724872
-0.0731016
-0.0733112
-0.07307
-0.0723307
-0.0710435
-0.0691573
-0.0666184
-0.0633712
-0.0593574
-0.0545158
-0.0487821
-0.0420879
-0.0343601
-0.0255196
-0.0154798
-0.00414442
0.00859531
0.0228646
0.0388102
0.0566079
0.076472
0.0986687
0.123535
0.151501
0.183126
0.219134
0.260463
0.308293
0.364039
0.429221
0.50514
0.591873
0.685607
0.773097
0.826721
-0.569329
-0.47484
-0.371438
-0.287511
-0.223094
-0.174713
-0.138793
-0.112001
-0.0917548
-0.0762456
-0.0642195
-0.0548041
-0.0473892
-0.0415438
-0.0369581
-0.0334051
-0.030715
-0.0287579
-0.0274324
-0.0266572
-0.0263659
-0.0265033
-0.0270218
-0.0278803
-0.029042
-0.0304736
-0.0321441
-0.0340246
-0.0360871
-0.0383047
-0.0406508
-0.0430987
-0.0456218
-0.048193
-0.0507846
-0.0533682
-0.0559143
-0.0583926
-0.0607715
-0.0630181
-0.0650982
-0.0669762
-0.0686148
-0.0699755
-0.0710179
-0.0717001
-0.0719783
-0.0718072
-0.0711394
-0.0699259
-0.0681155
-0.0656548
-0.0624883
-0.0585577
-0.0538021
-0.0481567
-0.0415529
-0.033917
-0.0251691
-0.0152213
-0.00397546
0.0086798
0.0228735
0.0387581
0.0565177
0.0763796
0.0986304
0.12364
0.151898
0.184059
0.221027
0.264058
0.314922
0.376094
0.451009
0.544204
0.660128
0.799947
0.962069
1.12351
-0.965441
-0.622886
-0.409614
-0.288141
-0.208565
-0.154637
-0.118149
-0.0928267
-0.0746151
-0.0611296
-0.0509235
-0.0430763
-0.0369876
-0.0322566
-0.0286079
-0.0258459
-0.0238273
-0.0224444
-0.0216132
-0.0212669
-0.0213505
-0.0218179
-0.0226292
-0.0237491
-0.025146
-0.0267905
-0.0286553
-0.030714
-0.0329413
-0.0353122
-0.0378019
-0.0403854
-0.0430372
-0.0457316
-0.0484418
-0.0511404
-0.0537989
-0.0563877
-0.0588759
-0.0612313
-0.0634204
-0.0654082
-0.0671581
-0.068632
-0.06979
-0.0705909
-0.0709913
-0.0709464
-0.0704095
-0.0693319
-0.0676629
-0.0653499
-0.0623377
-0.0585688
-0.0539827
-0.0485156
-0.0420996
-0.034662
-0.026124
-0.0163993
-0.0053914
0.00700869
0.0209271
0.0365125
0.0539442
0.0734433
0.0952896
0.119846
0.147595
0.179199
0.215595
0.25815
0.308934
0.371186
0.450186
0.554573
0.69662
0.89425
1.19834
1.65341
-1.67862
-0.770923
-0.369785
-0.222322
-0.147518
-0.102928
-0.0760047
-0.0588543
-0.0470417
-0.0384266
-0.0319231
-0.0269169
-0.0230378
-0.0200519
-0.0178029
-0.0161806
-0.0151032
-0.0145077
-0.0143434
-0.0145683
-0.0151464
-0.0160462
-0.0172392
-0.0186991
-0.0204016
-0.0223232
-0.0244412
-0.0267335
-0.0291779
-0.0317522
-0.0344341
-0.0372006
-0.0400282
-0.0428926
-0.0457685
-0.0486299
-0.0514493
-0.0541982
-0.0568467
-0.0593636
-0.0617161
-0.0638701
-0.0657896
-0.0674374
-0.0687744
-0.0697597
-0.070351
-0.070504
-0.0701726
-0.069309
-0.0678632
-0.0657834
-0.0630155
-0.0595031
-0.055187
-0.0500051
-0.0438914
-0.0367758
-0.0285828
-0.0192301
-0.00862711
0.00332801
0.0167513
0.0317778
0.0485679
0.0673164
0.0882657
0.111725
0.138099
0.167935
0.202003
0.241432
0.287972
0.344554
0.41658
0.514824
0.660887
0.90708
1.42713
2.4578
)
;

boundaryField
{
    movingWall
    {
        type            zeroGradient;
    }
    fixedWalls
    {
        type            zeroGradient;
    }
    frontAndBack
    {
        type            empty;
    }
}


// ************************************************************************* //
