/*--------------------------------*- C++ -*----------------------------------*\
  =========                 |
  \\      /  F ield         | OpenFOAM: The Open Source CFD Toolbox
   \\    /   O peration     | Website:  https://openfoam.org
    \\  /    A nd           | Version:  7
     \\/     M anipulation  |
\*---------------------------------------------------------------------------*/
FoamFile
{
    version     2.0;
    format      ascii;
    class       volScalarField;
    location    "0.675";
    object      p;
}
// * * * * * * * * * * * * * * * * * * * * * * * * * * * * * * * * * * * * * //

dimensions      [0 2 -2 0 0 0 0];

internalField   nonuniform List<scalar> 
6400
(
2.07054e-06
-4.7529e-08
-0.000112465
-0.000331626
-0.000631264
-0.000987581
-0.00137951
-0.00178878
-0.00220007
-0.00260077
-0.00298062
-0.0033313
-0.00364616
-0.00391991
-0.00414844
-0.00432861
-0.00445807
-0.00453516
-0.00455877
-0.00452829
-0.00444347
-0.00430443
-0.00411157
-0.00386555
-0.00356724
-0.00321776
-0.0028184
-0.00237066
-0.00187626
-0.0013371
-0.000755294
-0.000133183
0.000526671
0.00122147
0.00194817
0.00270347
0.00348382
0.00428541
0.0051042
0.00593589
0.00677594
0.00761964
0.00846206
0.00929809
0.0101225
0.0109301
0.0117154
0.0124732
0.0131981
0.013885
0.0145289
0.015125
0.015669
0.0161567
0.0165846
0.0169495
0.0172488
0.0174806
0.0176437
0.0177374
0.0177621
0.0177188
0.0176095
0.0174368
0.0172047
0.0169177
0.0165815
0.0162029
0.0157895
0.0153503
0.0148952
0.0144356
0.013984
0.0135545
0.0131628
0.0128257
0.0125607
0.012385
0.0123142
0.0123375
7.16958e-06
3.9262e-06
-9.57704e-05
-0.000281846
-0.000532822
-0.000831654
-0.00116232
-0.00151006
-0.00186188
-0.0022067
-0.00253517
-0.00283956
-0.00311347
-0.00335176
-0.00355029
-0.00370583
-0.0038159
-0.00387866
-0.00389283
-0.00385758
-0.00377249
-0.00363748
-0.00345277
-0.00321885
-0.00293643
-0.00260647
-0.00223013
-0.00180877
-0.00134395
-0.000837459
-0.00029127
0.000292424
0.00091121
0.00156245
0.00224327
0.00295057
0.003681
0.00443098
0.00519672
0.00597418
0.00675915
0.00754719
0.00833373
0.00911404
0.00988327
0.0106365
0.0113689
0.0120754
0.0127512
0.0133917
0.0139922
0.0145484
0.0150563
0.0155123
0.0159131
0.0162559
0.0165384
0.0167591
0.0169168
0.0170113
0.0170429
0.0170127
0.0169227
0.0167757
0.0165751
0.0163257
0.0160326
0.0157022
0.0153417
0.0149593
0.0145641
0.0141664
0.0137772
0.0134087
0.013074
0.0127864
0.0125591
0.0124042
0.0123372
0.0123609
0.000120363
0.000103904
3.77082e-06
-0.000167964
-0.000393241
-0.000658545
-0.000951052
-0.00125854
-0.00156998
-0.00187569
-0.00216734
-0.00243786
-0.00268134
-0.00289288
-0.00306852
-0.00320508
-0.00330008
-0.00335165
-0.00335842
-0.00331947
-0.00323426
-0.0031026
-0.00292458
-0.00270057
-0.00243117
-0.00211721
-0.00175972
-0.00135995
-0.000919345
-0.000439559
7.75559e-05
0.000629937
0.00121531
0.00183119
0.00247485
0.00314336
0.00383356
0.00454207
0.00526529
0.00599943
0.00674049
0.00748432
0.00822659
0.00896286
0.00968859
0.0103992
0.01109
0.0117565
0.0123941
0.0129984
0.0135651
0.0140904
0.0145704
0.0150018
0.0153816
0.0157073
0.0159769
0.0161888
0.0163422
0.0164369
0.0164734
0.0164528
0.016377
0.0162486
0.0160713
0.0158492
0.0155874
0.0152918
0.0149692
0.0146271
0.0142739
0.0139187
0.0135716
0.0132431
0.0129443
0.0126865
0.0124804
0.0123361
0.0122697
0.0122907
0.000340731
0.000290728
0.000174775
1.87091e-06
-0.000214882
-0.000464204
-0.000735361
-0.00101814
-0.0013032
-0.00158217
-0.00184775
-0.00209362
-0.00231442
-0.00250568
-0.0026637
-0.00278549
-0.00286868
-0.00291144
-0.00291243
-0.0028707
-0.00278566
-0.00265705
-0.00248491
-0.00226949
-0.00201132
-0.00171112
-0.00136982
-0.000988569
-0.000568698
-0.000111739
0.000380572
0.000906301
0.00146331
0.00204924
0.00266153
0.0032974
0.00395386
0.00462769
0.0053155
0.00601367
0.00671843
0.00742581
0.00813174
0.00883199
0.00952225
0.0101982
0.0108554
0.0114895
0.0120963
0.0126716
0.0132114
0.0137119
0.0141697
0.0145815
0.0149446
0.0152567
0.0155158
0.0157206
0.0158703
0.0159648
0.0160046
0.0159908
0.0159253
0.0158106
0.0156502
0.015448
0.0152088
0.0149382
0.0146424
0.0143285
0.014004
0.0136773
0.0133573
0.0130533
0.0127751
0.0125324
0.0123344
0.0121904
0.0121146
0.0121169
0.000643982
0.000544091
0.000400154
0.000215579
-3.13703e-06
-0.000246694
-0.000506114
-0.00077302
-0.00103963
-0.00129886
-0.00154443
-0.00177083
-0.00197333
-0.00214794
-0.00229132
-0.00240073
-0.00247399
-0.00250937
-0.00250561
-0.00246177
-0.00237728
-0.00225184
-0.00208542
-0.00187824
-0.00163073
-0.00134353
-0.00101748
-0.000653626
-0.00025318
0.000182437
0.000651613
0.00115254
0.00168322
0.00224143
0.00282476
0.00343059
0.00405608
0.0046982
0.00535371
0.0060192
0.00669107
0.00736557
0.0080388
0.00870676
0.00936533
0.0100104
0.0106377
0.0112433
0.0118229
0.0123727
0.0128888
0.0133676
0.0138059
0.0142006
0.0145491
0.0148492
0.015099
0.0152974
0.0154437
0.0155376
0.0155798
0.0155713
0.0155139
0.0154101
0.0152631
0.0150766
0.0148551
0.0146039
0.0143288
0.0140361
0.0137328
0.0134265
0.0131251
0.0128367
0.01257
0.0123333
0.0121347
0.0119824
0.0118867
0.0118545
0.00100802
0.000848104
0.000667288
0.000462671
0.000233451
-1.2816e-05
-0.000268635
-0.000527292
-0.000782451
-0.00102824
-0.00125937
-0.00147116
-0.00165955
-0.00182105
-0.00195273
-0.00205218
-0.00211744
-0.00214695
-0.00213955
-0.00209439
-0.0020109
-0.00188879
-0.00172803
-0.00152877
-0.00129138
-0.00101644
-0.00070469
-0.000357079
2.5279e-05
0.000441082
0.000888841
0.00136688
0.00187332
0.0024061
0.00296294
0.00354138
0.00413875
0.00475216
0.00537856
0.00601469
0.00665713
0.00730231
0.00794651
0.0085859
0.00921656
0.00983452
0.0104358
0.0110164
0.0115724
0.0121001
0.0125958
0.013056
0.0134775
0.0138576
0.0141935
0.0144833
0.0147252
0.0149179
0.015061
0.0151541
0.0151978
0.0151931
0.0151419
0.0150463
0.0149093
0.0147346
0.0145264
0.0142894
0.0140291
0.0137513
0.0134624
0.0131692
0.0128786
0.012598
0.0123348
0.0120961
0.0118892
0.0117211
0.0115971
0.0115195
0.00141341
0.00118785
0.000964118
0.000733003
0.000486379
0.000230353
-2.88085e-05
-0.000285867
-0.000535803
-0.00077386
-0.000995698
-0.00119745
-0.00137571
-0.00152753
-0.00165043
-0.00174234
-0.00180157
-0.00182677
-0.00181691
-0.00177125
-0.00168928
-0.00157074
-0.00141558
-0.00122394
-0.000996141
-0.000732695
-0.000434275
-0.000101726
0.000263938
0.000661523
0.00108966
0.0015468
0.0020312
0.00254093
0.00307386
0.00362768
0.00419986
0.00478769
0.00538824
0.00599842
0.00661499
0.00723451
0.00785342
0.00846805
0.00907463
0.00966934
0.0102483
0.0108077
0.0113438
0.0118529
0.0123314
0.012776
0.0131837
0.0135515
0.0138771
0.0141583
0.0143935
0.0145815
0.0147216
0.0148138
0.0148583
0.0148562
0.0148091
0.0147192
0.0145893
0.0144228
0.0142234
0.0139959
0.013745
0.0134762
0.0131954
0.0129084
0.0126218
0.0123418
0.0120749
0.0118274
0.0116054
0.0114153
0.0112567
0.011127
0.00184319
0.00154938
0.00127893
0.00101667
0.000747441
0.000476161
0.000208101
-5.2799e-05
-0.000302701
-0.000537873
-0.000754866
-0.000950579
-0.00112226
-0.00126752
-0.00138432
-0.00147095
-0.00152601
-0.00154839
-0.00153724
-0.00149192
-0.00141202
-0.00129732
-0.00114778
-0.000963537
-0.000744876
-0.000492252
-0.000206269
0.000112313
0.000462577
0.000843438
0.00125364
0.00169176
0.00215619
0.00264513
0.0031566
0.00368841
0.0042382
0.00480337
0.00538118
0.00596866
0.0065627
0.00716002
0.00775718
0.00835066
0.00893679
0.00951188
0.0100722
0.010614
0.0111335
0.0116273
0.0120918
0.0125238
0.0129202
0.0132783
0.0135955
0.0138699
0.0140998
0.0142839
0.0144216
0.0145127
0.0145575
0.0145569
0.0145124
0.0144261
0.0143005
0.0141388
0.0139447
0.0137222
0.0134761
0.0132112
0.0129328
0.0126464
0.0123576
0.0120722
0.0117957
0.0115333
0.0112909
0.0110738
0.0108762
0.0106906
0.00228291
0.00192017
0.00160086
0.0013043
0.00100866
0.000717951
0.00043664
0.000167527
-8.6602e-05
-0.000322943
-0.000538872
-0.000732014
-0.000900249
-0.00104171
-0.00115482
-0.00123824
-0.00129088
-0.00131187
-0.00130053
-0.00125639
-0.00117911
-0.00106856
-0.000924704
-0.000747685
-0.000537772
-0.000295369
-2.10167e-05
0.000284605
0.000620671
0.000986201
0.00138006
0.00180093
0.00224734
0.00271762
0.00320993
0.00372221
0.00425224
0.00479756
0.00535555
0.00592339
0.00649809
0.00707649
0.00765527
0.00823101
0.00880014
0.00935906
0.00990412
0.0104316
0.010938
0.0114197
0.0118732
0.0122954
0.0126832
0.0130338
0.0133447
0.013614
0.0138399
0.0140211
0.014157
0.0142471
0.0142918
0.0142919
0.0142488
0.0141642
0.0140406
0.0138811
0.0136888
0.0134678
0.0132222
0.0129567
0.012676
0.0123851
0.0120891
0.0117931
0.0115018
0.0112199
0.0109527
0.0107049
0.0104654
0.010222
0.00272033
0.00228915
0.00192001
0.0015871
0.00126239
0.000949148
0.00065122
0.000370421
0.0001086
-0.000132274
-0.000350334
-0.000543881
-0.000711389
-0.000851509
-0.000963096
-0.00104519
-0.001097
-0.00111792
-0.00110746
-0.00106529
-0.000991197
-0.0008851
-0.000747022
-0.000577105
-0.000375602
-0.000142879
0.000120583
0.000414179
0.000737173
0.00108869
0.00146769
0.00187299
0.00230323
0.00275689
0.00323223
0.00372735
0.00424014
0.00476827
0.00530926
0.00586039
0.00641879
0.0069814
0.00754502
0.00810628
0.00866173
0.00920781
0.00974092
0.0102574
0.0107538
0.0112264
0.011672
0.0120871
0.0124688
0.0128143
0.0131211
0.013387
0.0136104
0.0137898
0.0139244
0.014014
0.0140585
0.0140587
0.0140158
0.0139315
0.0138081
0.0136482
0.0134551
0.0132322
0.0129837
0.0127136
0.0124264
0.0121267
0.0118191
0.0115081
0.011198
0.0108926
0.0105971
0.0103158
0.0100325
0.00973078
0.00314498
0.00264654
0.0022274
0.00185698
0.00150139
0.00116337
0.000846283
0.000551084
0.000278794
3.06328e-05
-0.000192222
-0.000388698
-0.000557823
-0.000698739
-0.000810722
-0.000893177
-0.000945619
-0.000967676
-0.000959079
-0.000919642
-0.00084927
-0.000747952
-0.000615761
-0.000452851
-0.000259463
-3.59299e-05
0.000217322
0.000499761
0.000810736
0.00114947
0.00151503
0.00190635
0.00232219
0.00276115
0.00322162
0.00370183
0.00419978
0.00471328
0.00523994
0.00577717
0.00632219
0.00687203
0.00742357
0.00797352
0.00851847
0.00905492
0.0095793
0.010088
0.0105774
0.0110441
0.0114845
0.0118953
0.0122736
0.0126163
0.012921
0.0131855
0.0134078
0.0135867
0.013721
0.0138104
0.0138548
0.0138548
0.0138114
0.0137263
0.0136014
0.0134392
0.0132428
0.0130155
0.0127609
0.012483
0.0121858
0.0118736
0.0115506
0.0112209
0.0108883
0.0105563
0.0102298
0.0099128
0.00958461
0.00922474
0.00354781
0.00298369
0.00251491
0.00210641
0.00171882
0.00135448
0.00101636
0.000704685
0.000419739
0.00016207
-6.77719e-05
-0.000269287
-0.000442021
-0.000585576
-0.000699633
-0.000783942
-0.000838315
-0.000862623
-0.000856793
-0.000820796
-0.000754651
-0.000658425
-0.00053224
-0.000376265
-0.000190735
2.40515e-05
0.00026772
0.000539807
0.000839746
0.00116685
0.0015203
0.00189914
0.00230226
0.00272835
0.00317595
0.00364339
0.0041288
0.0046301
0.005145
0.00567103
0.00620547
0.00674546
0.00728791
0.0078296
0.00836715
0.00889709
0.00941586
0.00991985
0.0104054
0.0108691
0.0113072
0.0117166
0.0120939
0.0124364
0.0127412
0.0130061
0.0132291
0.0134088
0.0135438
0.0136338
0.0136784
0.0136781
0.0136339
0.013547
0.0134194
0.0132534
0.0130518
0.0128176
0.0125544
0.0122657
0.0119555
0.0116277
0.0112861
0.0109345
0.0105766
0.0102153
0.00985555
0.0095014
0.00912762
0.00871011
0.00392089
0.00329284
0.00277513
0.00232847
0.00190827
0.00151658
0.00115611
0.00082641
0.00052712
0.000258182
1.95798e-05
-0.000188715
-0.00036673
-0.000514497
-0.000632076
-0.000719548
-0.000777005
-0.000804555
-0.000802315
-0.000770408
-0.000708964
-0.000618131
-0.000498074
-0.000348984
-0.000171084
3.53571e-05
0.000270016
0.000532498
0.000822316
0.00113888
0.00148148
0.00184925
0.00224121
0.00265618
0.0030928
0.00354952
0.00402459
0.00451602
0.00502164
0.00553905
0.00606563
0.00659855
0.0071348
0.0076712
0.00820438
0.00873088
0.00924711
0.00974945
0.0102342
0.0106978
0.0111367
0.0115473
0.0119264
0.012271
0.0125782
0.0128457
0.0130712
0.0132531
0.0133902
0.0134816
0.013527
0.0135268
0.0134815
0.0133924
0.0132612
0.0130901
0.0128817
0.0126388
0.0123648
0.012063
0.0117372
0.011391
0.0110281
0.0106521
0.0102663
0.00987352
0.00947874
0.00908615
0.00866637
0.00819181
0.00425717
0.00356701
0.0030013
0.0025167
0.00206367
0.00164405
0.00126033
0.000911495
0.000596591
0.000315018
6.62413e-05
-0.000150251
-0.000334931
-0.000488233
-0.000610571
-0.000702339
-0.000763893
-0.000795564
-0.000797653
-0.000770426
-0.000714123
-0.000628965
-0.000515162
-0.00037292
-0.000202451
-3.99362e-06
0.00022218
0.000475743
0.00075629
0.00106332
0.00139624
0.00175428
0.00213658
0.00254207
0.00296951
0.00341746
0.00388427
0.00436808
0.00486679
0.00537807
0.00589939
0.00642797
0.00696085
0.00749484
0.00802661
0.00855266
0.0090694
0.00957313
0.0100601
0.0105267
0.0109691
0.0113839
0.0117675
0.0121168
0.0124289
0.0127011
0.0129311
0.0131171
0.0132576
0.0133516
0.0133987
0.0133989
0.0133527
0.0132612
0.013126
0.0129489
0.0127324
0.0124793
0.0121927
0.0118758
0.0115322
0.0111654
0.0107789
0.0103762
0.00996037
0.00953428
0.00910299
0.00867093
0.00820481
0.00767372
0.00455028
0.00379984
0.00318719
0.00266509
0.00217929
0.00173148
0.00132397
0.00095524
0.0006238
0.000328558
6.85045e-05
-0.000157319
-0.000349795
-0.000509732
-0.000637875
-0.000734908
-0.000801437
-0.000838004
-0.00084508
-0.000823067
-0.000772307
-0.000693089
-0.000585662
-0.000450244
-0.000287035
-9.62383e-05
0.000121925
0.000367197
0.000639256
0.000937697
0.00126202
0.00161158
0.00198561
0.00238317
0.00280314
0.00324418
0.00370474
0.00418306
0.00467713
0.00518469
0.00570328
0.00623017
0.0067624
0.00729683
0.0078301
0.00835868
0.00887894
0.00938712
0.00987939
0.0103519
0.010801
0.0112228
0.0116137
0.0119705
0.01229
0.0125693
0.0128059
0.0129979
0.0131435
0.0132416
0.0132914
0.0132929
0.0132463
0.0131525
0.0130129
0.0128294
0.012604
0.0123396
0.0120389
0.0117053
0.0113421
0.0109527
0.0105406
0.0101092
0.00966164
0.00920056
0.00873144
0.00825897
0.00774615
0.00715887
0.0047944
0.00398547
0.00332699
0.002768
0.00224971
0.00177369
0.00134213
0.000953024
0.000604414
0.000294747
2.25782e-05
-0.000213465
-0.000414647
-0.00058212
-0.000716942
-0.000820062
-0.000892323
-0.000934461
-0.000947106
-0.000930788
-0.000885938
-0.000812908
-0.000711979
-0.000583375
-0.000427281
-0.000243861
-3.32825e-05
0.000204267
0.000468551
0.000759263
0.001076
0.00141824
0.00178532
0.00217642
0.00259052
0.0030264
0.00348262
0.00395749
0.0044491
0.00495527
0.00547358
0.00600133
0.00653561
0.00707326
0.0076109
0.00814497
0.00867176
0.00918744
0.00968806
0.0101697
0.0106284
0.0110602
0.0114615
0.0118286
0.0121581
0.0124471
0.0126928
0.012893
0.0130456
0.0131494
0.0132033
0.0132072
0.0131609
0.0130653
0.0129216
0.0127313
0.0124966
0.0122199
0.0119042
0.0115525
0.0111682
0.0107546
0.0103153
0.00985355
0.00937251
0.008875
0.0083668
0.00785302
0.00729302
0.00664958
0.00498411
0.00411842
0.00341528
0.0028201
0.00226976
0.0017657
0.00131004
0.000900318
0.000534136
0.00020952
-7.53824e-05
-0.000322326
-0.000532931
-0.000708671
-0.00085089
-0.00096079
-0.00103943
-0.00108773
-0.00110646
-0.00109626
-0.00105766
-0.000991053
-0.000896744
-0.000774961
-0.000625865
-0.000449581
-0.000246215
-1.58814e-05
0.000241273
0.000525038
0.000835119
0.00117111
0.00153245
0.00191845
0.0023282
0.00276058
0.00321425
0.00368764
0.00417889
0.0046859
0.00520629
0.00573742
0.00627637
0.00681998
0.00736484
0.00790734
0.00844369
0.00896994
0.00948205
0.00997591
0.0104474
0.0108924
0.0113071
0.0116875
0.0120301
0.0123315
0.0125889
0.0127996
0.0129615
0.0130729
0.0131327
0.0131403
0.0130955
0.0129989
0.0128514
0.0126545
0.0124102
0.0121209
0.0117893
0.0114186
0.011012
0.0105728
0.0101047
0.00961116
0.00909523
0.00855991
0.00801144
0.00745539
0.00684756
0.00614768
0.00511436
0.00419356
0.00344692
0.00281635
0.00223449
0.00170273
0.00122307
0.000792678
0.000408713
6.88117e-05
-0.000229257
-0.000487606
-0.000708187
-0.000892774
-0.00104298
-0.00116024
-0.00124581
-0.00130077
-0.00132604
-0.00132237
-0.00129032
-0.00123036
-0.0011428
-0.00102786
-0.000885682
-0.000716336
-0.000519867
-0.000296307
-4.57123e-05
0.00023181
0.000536073
0.000866785
0.00122352
0.00160568
0.00201248
0.00244292
0.00289576
0.0033695
0.0038624
0.0043724
0.00489718
0.00543412
0.00598032
0.00653259
0.0070875
0.00764138
0.00819032
0.00873028
0.00925706
0.0097664
0.010254
0.0107155
0.0111467
0.0115436
0.0119023
0.0122193
0.0124912
0.0127152
0.0128888
0.0130102
0.0130778
0.0130908
0.0130489
0.0129523
0.0128019
0.0125989
0.0123451
0.012043
0.0116952
0.0113046
0.0108747
0.0104089
0.00991084
0.00938406
0.00883187
0.00825742
0.00766747
0.00706809
0.00641157
0.00565456
0.00518032
0.00420603
0.00341705
0.00275191
0.00213917
0.00158013
0.00107674
0.00062575
0.000223943
-0.000131424
-0.000442937
-0.00071305
-0.000944022
-0.00113791
-0.00129658
-0.00142167
-0.00151464
-0.00157672
-0.00160894
-0.00161213
-0.00158694
-0.00153384
-0.00145317
-0.00134513
-0.00120982
-0.00104727
-0.000857439
-0.000640282
-0.000395756
-0.000123861
0.00017533
0.000501646
0.000854779
0.00123426
0.00163941
0.00206936
0.00252297
0.00299884
0.00349529
0.00401035
0.00454173
0.00508686
0.00564283
0.00620644
0.00677422
0.0073424
0.007907
0.00846384
0.00900856
0.00953671
0.0100437
0.0105251
0.0109764
0.0113933
0.0117715
0.0121071
0.0123967
0.012637
0.0128252
0.012959
0.0130368
0.0130574
0.0130201
0.012925
0.0127727
0.0125644
0.0123017
0.0119869
0.0116225
0.0112118
0.0107579
0.0102645
0.00973534
0.00917414
0.0085844
0.00796951
0.00733679
0.0066929
0.00598657
0.00517138
0.00517743
0.00415116
0.003321
0.00262216
0.00197923
0.00139343
0.000866653
0.000395271
-2.4316e-05
-0.000395202
-0.000720315
-0.00100243
-0.00124409
-0.00144763
-0.00161514
-0.00174848
-0.00184925
-0.00191884
-0.00195837
-0.00196876
-0.00195069
-0.00190468
-0.00183106
-0.00173
-0.00160156
-0.00144571
-0.00126233
-0.00105128
-0.000812414
-0.000545624
-0.000250859
7.18334e-05
0.000422273
0.000800115
0.00120482
0.00163562
0.00209148
0.00257112
0.00307294
0.00359503
0.00413516
0.00469078
0.005259
0.00583658
0.00642002
0.00700546
0.00758882
0.00816576
0.00873177
0.00928217
0.0098122
0.0103171
0.010792
0.0112324
0.0116337
0.0119916
0.0123023
0.0125621
0.012768
0.0129173
0.013008
0.0130385
0.013008
0.0129163
0.0127636
0.0125511
0.0122802
0.0119531
0.0115724
0.0111413
0.010663
0.0101412
0.00958
0.00898326
0.00835473
0.00769807
0.00702123
0.00633148
0.00557397
0.00469911
0.00510124
0.00402451
0.00315432
0.00242265
0.00175026
0.00113829
0.000588551
9.70634e-05
-0.000340143
-0.000726501
-0.00106527
-0.00135952
-0.00161208
-0.00182554
-0.0020022
-0.00214412
-0.00225304
-0.00233048
-0.00237766
-0.00239556
-0.0023849
-0.00234622
-0.00227982
-0.00218586
-0.00206434
-0.00191515
-0.0017381
-0.00153295
-0.00129943
-0.00103732
-0.000746444
-0.000426714
-7.8177e-05
0.000298956
0.000704275
0.00113714
0.00159664
0.00208158
0.00259047
0.00312147
0.0036724
0.00424075
0.00482363
0.0054178
0.00601966
0.00662532
0.00723056
0.00783089
0.00842162
0.00899784
0.00955455
0.0100867
0.0105891
0.0110568
0.0114851
0.0118691
0.0122046
0.0124877
0.0127147
0.0128828
0.0129894
0.0130327
0.0130115
0.0129253
0.0127742
0.0125589
0.012281
0.0119425
0.0115459
0.0110944
0.0105914
0.0100408
0.00944666
0.00881334
0.00814478
0.00744498
0.00672255
0.00598542
0.00517506
0.00423862
0.0049475
0.00382175
0.00291266
0.00214908
0.001448
0.000810482
0.00023827
-0.000272965
-0.000727553
-0.00112926
-0.00148165
-0.0017881
-0.0020517
-0.00227528
-0.00246134
-0.0026121
-0.00272949
-0.00281509
-0.00287024
-0.00289595
-0.00289299
-0.00286188
-0.00280292
-0.00271622
-0.00260172
-0.00245924
-0.00228847
-0.00208909
-0.00186071
-0.00160296
-0.00131555
-0.000998242
-0.000650944
-0.000273723
0.00013315
0.000569167
0.00103355
0.00152521
0.00204276
0.00258444
0.00314814
0.00373137
0.00433127
0.00494456
0.00556763
0.00619646
0.00682673
0.0074538
0.00807276
0.00867849
0.0092657
0.009829
0.010363
0.0108622
0.0113215
0.0117358
0.0121002
0.0124105
0.0126626
0.0128531
0.0129791
0.0130385
0.0130295
0.0129515
0.0128041
0.0125881
0.0123047
0.0119558
0.011544
0.0110724
0.0105447
0.00996484
0.0093372
0.00866632
0.00795653
0.00721217
0.00644256
0.00565635
0.00479117
0.00379084
0.00471205
0.00353872
0.00259187
0.00179728
0.00106829
0.000405891
-0.000188255
-0.000718826
-0.0011905
-0.00160737
-0.0019733
-0.00229194
-0.00256666
-0.00280049
-0.00299614
-0.00315601
-0.00328212
-0.00337619
-0.0034396
-0.00347343
-0.00347846
-0.00345521
-0.00340394
-0.00332471
-0.00321739
-0.00308172
-0.00291729
-0.00272365
-0.00250029
-0.00224671
-0.00196246
-0.00164716
-0.00130057
-0.000922604
-0.000513379
-7.32597e-05
0.00039711
0.000896775
0.00142444
0.00197846
0.00255678
0.00315696
0.00377615
0.00441109
0.00505808
0.00571304
0.00637153
0.00702873
0.00767953
0.00831857
0.00894027
0.0095389
0.0101087
0.0106438
0.0111386
0.0115875
0.0119854
0.0123273
0.0126087
0.0128258
0.0129752
0.0130542
0.0130609
0.0129941
0.0128532
0.0126387
0.0123517
0.0119939
0.0115679
0.0110769
0.0105247
0.00991539
0.00925364
0.00854431
0.00779207
0.00700166
0.00618316
0.00534596
0.00442372
0.00335673
0.00439084
0.00317135
0.00218786
0.00136318
0.000607105
-7.94821e-05
-0.000694993
-0.00124445
-0.00173287
-0.00216466
-0.00254399
-0.00287478
-0.00316065
-0.00340483
-0.00361024
-0.00377941
-0.0039145
-0.00401731
-0.00408929
-0.00413156
-0.00414489
-0.0041298
-0.00408651
-0.00401502
-0.00391512
-0.00378645
-0.00362849
-0.00344066
-0.00322233
-0.00297283
-0.00269157
-0.00237802
-0.00203175
-0.00165252
-0.0012403
-0.000795282
-0.000317965
0.000190834
0.000729946
0.00129782
0.0018925
0.00251159
0.00315228
0.00381129
0.00448489
0.00516893
0.00585883
0.00654961
0.00723596
0.00791223
0.00857256
0.00921086
0.00982094
0.0103966
0.0109317
0.0114201
0.0118562
0.0122345
0.01255
0.0127983
0.0129754
0.0130783
0.0131045
0.0130524
0.0129212
0.012711
0.0124226
0.0120578
0.011619
0.0111095
0.0105332
0.00989447
0.00919817
0.00844956
0.00765367
0.00681565
0.00594642
0.00505614
0.00407428
0.00293745
0.00397994
0.0027157
0.00169671
0.000842872
6.05234e-05
-0.00064954
-0.00128582
-0.00185368
-0.00235847
-0.00280492
-0.00319747
-0.00354033
-0.00383733
-0.00409194
-0.00430723
-0.00448589
-0.00463019
-0.00474202
-0.00482287
-0.0048739
-0.00489588
-0.0048893
-0.00485432
-0.0047909
-0.00469872
-0.00457731
-0.00442606
-0.00424423
-0.00403104
-0.00378569
-0.00350739
-0.00319545
-0.00284927
-0.00246844
-0.00205273
-0.00160218
-0.00111712
-0.000598211
-4.64872e-05
0.000536623
0.00114926
0.00178911
0.00245339
0.00313883
0.00384169
0.00455772
0.00528223
0.00601008
0.00673574
0.00745329
0.00815655
0.00883906
0.00949421
0.0101153
0.0106957
0.0112289
0.0117085
0.0121284
0.0124832
0.0127677
0.0129775
0.0131089
0.013159
0.0131257
0.0130078
0.012805
0.0125181
0.0121485
0.0116987
0.011172
0.0105723
0.00990433
0.00917321
0.00838456
0.00754381
0.00665658
0.00573464
0.00478898
0.00374466
0.00253438
0.00347551
0.00216793
0.00111457
0.000232512
-0.000575273
-0.00130809
-0.00196452
-0.00255028
-0.00307105
-0.00353185
-0.00393742
-0.00429222
-0.00460032
-0.00486539
-0.00509068
-0.005279
-0.00543274
-0.00555386
-0.0056439
-0.00570403
-0.00573503
-0.00573732
-0.00571106
-0.00565608
-0.00557201
-0.00545823
-0.00531402
-0.00513849
-0.00493069
-0.00468966
-0.00441444
-0.00410414
-0.00375798
-0.00337536
-0.00295586
-0.00249932
-0.0020059
-0.00147609
-0.000910754
-0.000311191
0.000320859
0.000983171
0.00167302
0.00238716
0.00312183
0.00387272
0.00463504
0.00540347
0.00617227
0.00693526
0.00768589
0.00841734
0.00912256
0.00979437
0.0104255
0.011009
0.0115376
0.0120049
0.0124046
0.012731
0.0129789
0.0131441
0.013223
0.0132131
0.0131127
0.0129212
0.012639
0.0122673
0.0118087
0.0112663
0.0106443
0.00994746
0.00918139
0.00835204
0.00746527
0.00652717
0.00555042
0.0045469
0.00343697
0.00214921
0.0028738
0.00152432
0.000437728
-0.000471617
-0.001304
-0.00205883
-0.00273479
-0.00333792
-0.00387425
-0.00434908
-0.00476744
-0.00513404
-0.00545319
-0.00572875
-0.00596412
-0.00616226
-0.00632565
-0.00645633
-0.00655589
-0.00662548
-0.00666588
-0.00667749
-0.00666037
-0.0066143
-0.00653878
-0.00643309
-0.00629635
-0.00612753
-0.0059255
-0.00568912
-0.00541724
-0.00510878
-0.00476276
-0.00437835
-0.00395493
-0.00349214
-0.00298993
-0.0024486
-0.00186885
-0.00125179
-0.000599048
8.72751e-05
0.000804531
0.00154952
0.00231847
0.00310703
0.00391031
0.00472285
0.00553867
0.00635132
0.00715392
0.00793924
0.00869976
0.00942776
0.0101155
0.0107551
0.011339
0.0118598
0.0123106
0.0126849
0.012977
0.0131818
0.0132951
0.0133138
0.0132357
0.0130598
0.012786
0.0124155
0.0119506
0.0113946
0.0107515
0.0100266
0.0092257
0.0083551
0.00742116
0.00643048
0.00539671
0.00433266
0.0031537
0.00178402
0.00217119
0.000781225
-0.000337448
-0.00127313
-0.00212926
-0.00290536
-0.00360022
-0.0042202
-0.00477164
-0.00526016
-0.00569106
-0.0060693
-0.00639942
-0.00668546
-0.00693099
-0.0071391
-0.00731237
-0.00745288
-0.00756227
-0.00764171
-0.00769194
-0.00771332
-0.00770584
-0.00766919
-0.00760276
-0.0075057
-0.00737697
-0.00721538
-0.00701964
-0.00678838
-0.00652028
-0.00621403
-0.00586842
-0.0054824
-0.00505514
-0.00458603
-0.00407482
-0.00352157
-0.00292678
-0.0022914
-0.00161687
-0.000905166
-0.000158827
0.000619009
0.00142459
0.00225356
0.00310091
0.00396105
0.00482779
0.00569442
0.0065537
0.00739798
0.00821925
0.00900925
0.00975956
0.0104617
0.0111074
0.0116884
0.0121971
0.0126261
0.012969
0.0132198
0.0133737
0.0134269
0.0133766
0.0132211
0.0129602
0.0125947
0.0121266
0.0115593
0.010897
0.010145
0.00930943
0.00839717
0.00741499
0.00637001
0.00527691
0.00414947
0.00289775
0.0014413
0.00136414
-6.4859e-05
-0.00121447
-0.00217555
-0.00305458
-0.0038512
-0.00456431
-0.00520058
-0.00576669
-0.00626854
-0.00671172
-0.00710142
-0.00744241
-0.00773892
-0.00799467
-0.00821288
-0.00839622
-0.00854684
-0.0086664
-0.00875607
-0.00881657
-0.00884822
-0.00885092
-0.00882427
-0.00876754
-0.00867973
-0.00855966
-0.00840596
-0.00821713
-0.00799163
-0.00772789
-0.00742437
-0.00707965
-0.00669242
-0.00626159
-0.00578632
-0.00526609
-0.00470075
-0.00409055
-0.00343622
-0.00273903
-0.00200077
-0.00122386
-0.000411335
0.000433094
0.00130506
0.0021995
0.0031107
0.00403228
0.00495724
0.005878
0.00678649
0.0076742
0.00853226
0.00935162
0.0101231
0.0108375
0.011486
0.0120598
0.0125509
0.0129518
0.0132558
0.0134572
0.0135514
0.0135349
0.0134056
0.0131625
0.0128063
0.0123388
0.0117631
0.0110837
0.0103059
0.00943629
0.00848215
0.00745073
0.00634972
0.00519488
0.00400104
0.00267257
0.00112408
0.00044924
-0.00101734
-0.00219673
-0.00318226
-0.00408335
-0.00489974
-0.00563044
-0.00628246
-0.00686277
-0.00737759
-0.00783276
-0.00823372
-0.00858546
-0.00889239
-0.00915841
-0.00938683
-0.00958042
-0.00974141
-0.00987147
-0.00997177
-0.010043
-0.0100854
-0.0100989
-0.0100829
-0.0100365
-0.00995868
-0.00984801
-0.00970295
-0.00952181
-0.00930283
-0.0090442
-0.00874414
-0.00840097
-0.00801311
-0.00757921
-0.00709815
-0.00656914
-0.00599175
-0.00536599
-0.00469235
-0.00397184
-0.00320608
-0.00239732
-0.00154848
-0.000663172
0.000254251
0.0011987
0.00216434
0.00314462
0.00413229
0.00511941
0.0060975
0.00705749
0.00798995
0.0088851
0.009733
0.0105236
0.0112472
0.0118941
0.0124552
0.0129221
0.0132871
0.0135437
0.0136862
0.0137105
0.0136136
0.0133942
0.0130524
0.0125897
0.0120091
0.0113151
0.0105132
0.00961046
0.00861441
0.00753287
0.00637412
0.00515507
0.00389165
0.00248217
0.000835984
-0.000576786
-0.0020795
-0.00328752
-0.00429657
-0.00521886
-0.00605428
-0.00680193
-0.00746913
-0.00806318
-0.00859057
-0.00905741
-0.00946941
-0.00983174
-0.010149
-0.0104253
-0.010664
-0.010868
-0.0110396
-0.0111805
-0.0112918
-0.0113743
-0.011428
-0.0114528
-0.0114481
-0.0114129
-0.0113458
-0.0112453
-0.0111098
-0.0109372
-0.0107257
-0.0104731
-0.0101774
-0.00983659
-0.0094489
-0.00901264
-0.00852641
-0.00798909
-0.00739997
-0.00675876
-0.00606567
-0.00532146
-0.00452751
-0.00368587
-0.00279929
-0.00187128
-0.000906116
9.10961e-05
0.00111445
0.00215724
0.00321196
0.00427037
0.00532351
0.00636184
0.00737525
0.00835326
0.0092851
0.0101599
0.0109668
0.0116952
0.012335
0.0128766
0.0133113
0.0136313
0.0138303
0.013903
0.0138458
0.0136566
0.0133349
0.0128819
0.0123005
0.0115951
0.0107714
0.00983661
0.00879887
0.00766647
0.00644833
0.00516256
0.00382625
0.00233126
0.000581306
-0.00171709
-0.00325448
-0.00449001
-0.00552164
-0.00646431
-0.00731801
-0.00808196
-0.00876378
-0.00937108
-0.00991063
-0.0103888
-0.0108116
-0.0111843
-0.0115118
-0.0117983
-0.0120474
-0.0122619
-0.0124443
-0.0125963
-0.012719
-0.0128131
-0.0128787
-0.0129155
-0.0129228
-0.0128994
-0.0128439
-0.0127547
-0.0126296
-0.0124666
-0.0122635
-0.012018
-0.0117277
-0.0113904
-0.0110039
-0.0105662
-0.0100756
-0.00953071
-0.00893042
-0.00827415
-0.00756176
-0.00679374
-0.00597119
-0.0050959
-0.00417043
-0.00319811
-0.00218316
-0.00113061
-4.64186e-05
0.00106257
0.00218865
0.00332324
0.00445699
0.00557979
0.00668092
0.00774913
0.00877279
0.00974007
0.0106391
0.0114581
0.0121859
0.0128116
0.0133253
0.0137182
0.0139826
0.0141123
0.0141028
0.013951
0.013656
0.0132185
0.0126411
0.011928
0.0110851
0.01012
0.00904106
0.00785729
0.00657818
0.00522315
0.00381054
0.00222526
0.000365097
-0.00297465
-0.00454532
-0.00580724
-0.00686055
-0.00782279
-0.00869404
-0.00947363
-0.0101695
-0.0107895
-0.0113408
-0.01183
-0.0122632
-0.0126461
-0.0129837
-0.0132803
-0.0135396
-0.0137648
-0.0139581
-0.0141214
-0.0142558
-0.014362
-0.01444
-0.0144894
-0.0145094
-0.0144987
-0.0144557
-0.0143785
-0.014265
-0.0141127
-0.0139193
-0.013682
-0.0133984
-0.0130657
-0.0126816
-0.0122436
-0.0117498
-0.0111983
-0.0105877
-0.009917
-0.00918577
-0.00839412
-0.00754284
-0.00663343
-0.0056682
-0.00465028
-0.00358371
-0.00247348
-0.00132554
-0.000146809
0.00105481
0.00227045
0.00349035
0.00470387
0.00589965
0.00706564
0.00818934
0.00925788
0.0102583
0.0111776
0.0120033
0.0127233
0.0133263
0.0138021
0.0141418
0.0143381
0.0143852
0.0142793
0.0140185
0.013603
0.013035
0.0123186
0.0114599
0.0104664
0.00934723
0.00811178
0.00677026
0.00534345
0.00385101
0.00217047
0.000193256
-0.00435233
-0.00595489
-0.00724213
-0.00831626
-0.00929727
-0.0101854
-0.01098
-0.0116893
-0.0123215
-0.012884
-0.0133837
-0.013827
-0.0142197
-0.0145671
-0.0148737
-0.0151432
-0.015379
-0.0155833
-0.0157581
-0.0159045
-0.0160231
-0.0161139
-0.0161765
-0.0162099
-0.0162127
-0.0161831
-0.016119
-0.0160181
-0.0158778
-0.0156952
-0.0154676
-0.0151919
-0.0148653
-0.014485
-0.0140482
-0.0135524
-0.0129955
-0.0123757
-0.0116916
-0.0109422
-0.0101275
-0.00924766
-0.00830398
-0.00729844
-0.0062339
-0.00511422
-0.00394424
-0.00272986
-0.00147805
-0.000196856
0.0011046
0.00241616
0.00372668
0.00502414
0.00629571
0.00752794
0.00870692
0.00981847
0.0108484
0.0117827
0.0126079
0.0133112
0.013881
0.0143069
0.0145802
0.0146939
0.0146431
0.014425
0.014039
0.0134868
0.0127724
0.0119016
0.0108825
0.00972437
0.00843724
0.00703203
0.00553098
0.00395512
0.00217411
7.26294e-05
-0.0058528
-0.00748595
-0.0087975
-0.00989161
-0.0108907
-0.0117949
-0.0126038
-0.013326
-0.0139699
-0.0145431
-0.0150528
-0.0155057
-0.0159079
-0.0162647
-0.0165809
-0.0168605
-0.0171066
-0.0173219
-0.0175082
-0.0176667
-0.0177981
-0.0179021
-0.0179784
-0.0180259
-0.0180429
-0.0180276
-0.0179777
-0.0178906
-0.0177634
-0.0175931
-0.0173765
-0.0171103
-0.0167914
-0.0164164
-0.0159823
-0.0154861
-0.0149254
-0.0142977
-0.0136014
-0.012835
-0.0119979
-0.0110901
-0.0101124
-0.00906632
-0.0079545
-0.00678052
-0.00554903
-0.00426582
-0.00293786
-0.00157327
-0.000181406
0.00122723
0.002641
0.00404724
0.00543232
0.00678183
0.00808077
0.00931369
0.010465
0.0115193
0.0124614
0.013277
0.0139528
0.0144768
0.0148387
0.01503
0.0150447
0.0148787
0.0145307
0.0140017
0.0132952
0.0124172
0.0113756
0.0101803
0.00884188
0.00737193
0.00579423
0.00413133
0.00224445
1.11112e-05
-0.00747858
-0.00914111
-0.0104761
-0.0115894
-0.0126057
-0.0135254
-0.0143481
-0.0150825
-0.0157374
-0.0163207
-0.0168398
-0.0173018
-0.0177129
-0.0180787
-0.0184041
-0.0186932
-0.0189495
-0.0191755
-0.0193733
-0.019544
-0.0196882
-0.0198058
-0.0198962
-0.0199582
-0.0199902
-0.0199901
-0.0199553
-0.0198831
-0.0197704
-0.0196137
-0.0194097
-0.0191547
-0.0188451
-0.0184772
-0.0180475
-0.0175528
-0.0169899
-0.0163561
-0.0156491
-0.014867
-0.0140088
-0.0130739
-0.0120626
-0.0109762
-0.00981681
-0.00858772
-0.00729332
-0.00593923
-0.00453233
-0.0030808
-0.00159415
-8.31806e-05
0.00144
0.00296211
0.00446871
0.00594445
0.00737315
0.00873808
0.0100222
0.0112084
0.0122799
0.0132206
0.0140154
0.0146503
0.0151135
0.0153947
0.0154864
0.0153832
0.0150828
0.0145853
0.0138938
0.0130139
0.0119539
0.0107238
0.0093349
0.00779942
0.00614283
0.00438924
0.00239091
1.77656e-05
-0.00923203
-0.0109229
-0.0122804
-0.0134123
-0.0144453
-0.0153798
-0.0162155
-0.0169614
-0.0176267
-0.0182194
-0.0187473
-0.0192176
-0.0196369
-0.020011
-0.0203449
-0.0206431
-0.0209091
-0.0211455
-0.0213544
-0.0215371
-0.0216941
-0.0218253
-0.0219301
-0.0220072
-0.0220548
-0.0220706
-0.022052
-0.0219958
-0.0218988
-0.0217573
-0.0215674
-0.0213252
-0.0210267
-0.0206678
-0.0202446
-0.0197532
-0.0191901
-0.0185521
-0.0178362
-0.0170402
-0.0161623
-0.0152015
-0.0141576
-0.0130314
-0.0118246
-0.0105399
-0.00918163
-0.00775498
-0.00626674
-0.00472505
-0.00313951
-0.00152119
0.000117401
0.00176238
0.00339855
0.00500956
0.00657808
0.008086
0.00951473
0.0108455
0.0120597
0.0131391
0.0140668
0.0148267
0.015405
0.0157896
0.015971
0.0159426
0.0157005
0.015244
0.0145755
0.0137003
0.0126265
0.0113648
0.00992663
0.00832518
0.00658761
0.00473972
0.0026242
0.000102952
-0.0111154
-0.0128337
-0.014213
-0.0153629
-0.0164119
-0.0173606
-0.0182088
-0.0189656
-0.0196404
-0.0202417
-0.0207775
-0.0212553
-0.0216819
-0.0220634
-0.0224051
-0.0227115
-0.0229864
-0.0232325
-0.0234521
-0.0236463
-0.0238159
-0.0239607
-0.02408
-0.0241725
-0.0242361
-0.0242685
-0.0242669
-0.0242278
-0.0241478
-0.0240228
-0.0238486
-0.023621
-0.0233355
-0.0229876
-0.0225729
-0.022087
-0.0215259
-0.0208858
-0.0201631
-0.0193551
-0.0184594
-0.0174743
-0.0163992
-0.0152341
-0.0139803
-0.0126402
-0.0112173
-0.0097169
-0.00814532
-0.00651063
-0.00482247
-0.00309208
-0.00133232
0.000442377
0.00221607
0.00397145
0.00568998
0.00735217
0.00893781
0.0104263
0.011797
0.0130298
0.0141053
0.0150053
0.0157137
0.0162163
0.0165016
0.0165611
0.0163895
0.0159848
0.0153486
0.0144855
0.0134038
0.0121141
0.0106286
0.00896118
0.00714078
0.00519503
0.00295646
0.000278462
-0.0131306
-0.0148757
-0.0162764
-0.0174438
-0.0185084
-0.0194707
-0.0203306
-0.0210975
-0.0217811
-0.0223901
-0.0229327
-0.0234169
-0.0238497
-0.0242374
-0.0245857
-0.0248993
-0.025182
-0.025437
-0.0256663
-0.0258715
-0.0260532
-0.0262112
-0.0263449
-0.0264527
-0.0265327
-0.0265822
-0.0265982
-0.0265772
-0.0265153
-0.0264082
-0.0262513
-0.0260401
-0.0257695
-0.0254346
-0.0250306
-0.0245526
-0.0239958
-0.0233559
-0.0226288
-0.021811
-0.0208996
-0.0198922
-0.0187875
-0.0175849
-0.0162851
-0.0148899
-0.0134025
-0.0118275
-0.010171
-0.00844095
-0.00664685
-0.00480004
-0.00291367
-0.00100265
0.000916367
0.00282514
0.00470396
0.0065319
0.00828706
0.00994697
0.0114889
0.0128903
0.0141295
0.0151859
0.0160407
0.0166773
0.017082
0.0172441
0.0171565
0.0168157
0.0162222
0.01538
0.014297
0.0129841
0.0114538
0.00972083
0.00781606
0.00576901
0.00340141
0.000557673
-0.0152797
-0.0170513
-0.0184731
-0.0196576
-0.0207374
-0.0217128
-0.0225838
-0.0233599
-0.0240513
-0.0246668
-0.025215
-0.0257042
-0.0261417
-0.0265343
-0.0268877
-0.027207
-0.0274962
-0.0277587
-0.0279966
-0.0282117
-0.0284046
-0.0285752
-0.0287228
-0.0288458
-0.0289421
-0.029009
-0.0290432
-0.029041
-0.0289982
-0.0289102
-0.0287722
-0.028579
-0.0283252
-0.0280056
-0.0276145
-0.0271466
-0.0265966
-0.0259595
-0.0252306
-0.0244056
-0.0234809
-0.0224534
-0.0213212
-0.0200829
-0.0187385
-0.0172891
-0.0157375
-0.0140876
-0.0123452
-0.0105179
-0.00861502
-0.0066479
-0.00462988
-0.00257629
-0.000504397
0.00156665
0.00361599
0.00562125
0.00755883
0.00940424
0.0111325
0.0127188
0.0141385
0.0153686
0.0163873
0.0171753
0.0177163
0.0179972
0.0180086
0.0177454
0.0172066
0.0163953
0.0153189
0.0139884
0.0124166
0.0106191
0.00862881
0.00647717
0.00397449
0.000955712
-0.0175645
-0.0193625
-0.0208054
-0.0220069
-0.0231016
-0.0240897
-0.024971
-0.0257555
-0.0264535
-0.0270741
-0.0276265
-0.028119
-0.0285595
-0.028955
-0.0293116
-0.0296347
-0.0299286
-0.0301967
-0.0304418
-0.0306653
-0.0308681
-0.0310502
-0.0312109
-0.0313485
-0.0314609
-0.0315451
-0.0315978
-0.031615
-0.0315922
-0.0315244
-0.0314066
-0.031233
-0.030998
-0.0306956
-0.0303198
-0.0298645
-0.0293239
-0.0286923
-0.0279642
-0.0271347
-0.0261994
-0.0251545
-0.0239971
-0.0227252
-0.021338
-0.0198359
-0.0182209
-0.0164964
-0.0146676
-0.0127417
-0.0107277
-0.00863687
-0.00648266
-0.00428065
-0.00204869
0.000193253
0.0024232
0.00461736
0.00675037
0.00879572
0.0107261
0.0125139
0.0141321
0.0155541
0.0167555
0.0177138
0.0184096
0.018827
0.0189542
0.0187838
0.0183131
0.0175441
0.0164835
0.0151421
0.0135331
0.0116729
0.00959625
0.00733695
0.00469309
0.00148964
-0.0199867
-0.0218116
-0.0232759
-0.0244946
-0.025604
-0.0266043
-0.0274953
-0.0282871
-0.0289903
-0.0296145
-0.0301691
-0.0306628
-0.031104
-0.0315001
-0.0318575
-0.032182
-0.0324782
-0.0327499
-0.0329998
-0.0332298
-0.0334408
-0.033633
-0.0338055
-0.0339567
-0.0340845
-0.0341857
-0.0342569
-0.0342937
-0.0342914
-0.0342448
-0.0341483
-0.0339959
-0.0337814
-0.0334982
-0.0331399
-0.0326997
-0.0321712
-0.0315478
-0.0308234
-0.0299924
-0.0290494
-0.0279898
-0.02681
-0.025507
-0.0240792
-0.0225262
-0.0208492
-0.0190508
-0.0171357
-0.0151103
-0.0129835
-0.0107662
-0.00847183
-0.0061161
-0.00371734
-0.00129624
0.00112415
0.00351865
0.00586016
0.00812008
0.0102687
0.0122756
0.0141106
0.0157442
0.0171483
0.018297
0.0191677
0.019741
0.0200024
0.0199417
0.0195543
0.0188407
0.0178065
0.0164622
0.0148214
0.0129008
0.0107376
0.00836787
0.00557672
0.00217867
-0.0225481
-0.024401
-0.0258873
-0.0271235
-0.0282476
-0.0292598
-0.0301596
-0.0309576
-0.0316644
-0.0322902
-0.0328447
-0.0333372
-0.0337763
-0.03417
-0.0345253
-0.0348481
-0.0351437
-0.0354159
-0.035668
-0.035902
-0.0361189
-0.0363191
-0.0365016
-0.0366651
-0.0368072
-0.0369247
-0.0370138
-0.0370702
-0.0370887
-0.0370639
-0.0369897
-0.0368598
-0.0366673
-0.0364053
-0.0360666
-0.035644
-0.03513
-0.0345177
-0.0338
-0.0329704
-0.0320228
-0.0309517
-0.0297524
-0.0284212
-0.0269554
-0.0253538
-0.0236165
-0.0217455
-0.0197446
-0.0176197
-0.015379
-0.0130331
-0.0105951
-0.00808092
-0.00550917
-0.00290115
-0.000280866
0.00232517
0.00488816
0.00737736
0.00976054
0.0120045
0.0140758
0.0159413
0.0175693
0.0189302
0.0199973
0.0207478
0.0211636
0.0212315
0.0209445
0.0203009
0.0193053
0.0179676
0.0163013
0.0143237
0.0120745
0.00959178
0.00664726
0.00304438
-0.0252505
-0.027133
-0.0286425
-0.0298969
-0.031036
-0.0320596
-0.0329675
-0.0337702
-0.0344788
-0.0351037
-0.0356553
-0.0361434
-0.036577
-0.0369648
-0.0373142
-0.0376317
-0.0379229
-0.0381922
-0.038443
-0.0386777
-0.0388977
-0.0391031
-0.0392935
-0.0394672
-0.0396219
-0.0397544
-0.0398607
-0.0399361
-0.0399754
-0.0399727
-0.0399215
-0.039815
-0.039646
-0.0394069
-0.0390899
-0.038687
-0.0381902
-0.0375917
-0.0368837
-0.0360586
-0.0351096
-0.0340301
-0.0328146
-0.0314582
-0.0299573
-0.0283096
-0.0265144
-0.0245726
-0.0224872
-0.0202632
-0.017908
-0.0154319
-0.0128477
-0.010171
-0.00742073
-0.0046186
-0.00178947
0.00103892
0.00383612
0.00656928
0.00920362
0.011703
0.0140304
0.0161493
0.0180236
0.0196197
0.0209065
0.0218572
0.0224495
0.022667
0.0224992
0.0219424
0.0209994
0.0196793
0.0179951
0.015965
0.0136308
0.0110331
0.00792918
0.00411096
-0.0280958
-0.0300104
-0.0315448
-0.0328184
-0.0339728
-0.0350077
-0.0359226
-0.0367283
-0.0374364
-0.0380577
-0.038603
-0.0390828
-0.0395068
-0.0398843
-0.0402233
-0.0405309
-0.0408132
-0.0410751
-0.0413205
-0.041552
-0.0417711
-0.0419786
-0.0421737
-0.042355
-0.0425202
-0.0426659
-0.042788
-0.0428816
-0.0429412
-0.0429604
-0.0429326
-0.0428503
-0.0427059
-0.042491
-0.0421975
-0.0418165
-0.0413393
-0.0407573
-0.0400618
-0.0392444
-0.0382971
-0.0372126
-0.0359842
-0.0346059
-0.0330731
-0.0313824
-0.0295319
-0.0275215
-0.0253532
-0.023031
-0.0205617
-0.0179546
-0.0152221
-0.0123796
-0.00944596
-0.0064432
-0.00339687
-0.000335825
0.00270793
0.00569953
0.00860161
0.011375
0.0139792
0.0163734
0.0185176
0.0203733
0.0219048
0.0230804
0.0238735
0.0242634
0.0242361
0.0237848
0.0229104
0.0216204
0.0199278
0.0178507
0.0154334
0.0127191
0.0094499
0.00540551
-0.0310863
-0.0330363
-0.034598
-0.0358922
-0.0370626
-0.0381085
-0.0390293
-0.0398361
-0.0405408
-0.0411549
-0.0416898
-0.0421566
-0.0425661
-0.0429279
-0.043251
-0.0435432
-0.0438112
-0.0440604
-0.0442951
-0.0445185
-0.0447325
-0.0449377
-0.0451339
-0.0453196
-0.0454924
-0.0456489
-0.0457849
-0.0458952
-0.0459741
-0.0460148
-0.0460102
-0.0459525
-0.0458333
-0.045644
-0.0453754
-0.0450182
-0.0445629
-0.0439998
-0.0433196
-0.0425128
-0.0415706
-0.0404843
-0.0392463
-0.0378496
-0.0362883
-0.0345577
-0.032655
-0.0305787
-0.0283296
-0.0259108
-0.0233281
-0.0205899
-0.0177078
-0.014697
-0.0115759
-0.00836672
-0.00509556
-0.00179218
0.00150999
0.00477414
0.0079604
0.0110265
0.0139282
0.0166208
0.0190593
0.0212004
0.023003
0.0244304
0.0254506
0.0260381
0.0261747
0.02585
0.0250621
0.0238171
0.0221268
0.0200096
0.0175122
0.0146804
0.01124
0.00695836
-0.0342244
-0.0362144
-0.0378066
-0.0391231
-0.0403104
-0.041367
-0.0422924
-0.0430979
-0.0437959
-0.0443985
-0.044918
-0.0453664
-0.0457551
-0.0460949
-0.0463955
-0.0466657
-0.0469127
-0.0471428
-0.0473608
-0.0475702
-0.0477735
-0.0479715
-0.0481642
-0.0483502
-0.0485271
-0.0486914
-0.0488388
-0.0489639
-0.0490605
-0.0491217
-0.0491398
-0.0491066
-0.0490131
-0.04885
-0.0486076
-0.0482758
-0.0478442
-0.0473024
-0.04664
-0.0458467
-0.0449125
-0.0438278
-0.0425836
-0.0411719
-0.0395854
-0.0378185
-0.0358666
-0.0337274
-0.0314002
-0.0288869
-0.0261921
-0.0233232
-0.0202911
-0.0171101
-0.0137983
-0.0103778
-0.00687497
-0.00332032
0.000251487
0.00380182
0.00728839
0.0106658
0.0138863
0.0169005
0.0196588
0.0221123
0.0242143
0.025922
0.0271977
0.0280104
0.0283368
0.0281623
0.0274814
0.0262981
0.0246229
0.0224741
0.0199004
0.0169508
0.0133337
0.00880337
-0.0375135
-0.0395491
-0.0411757
-0.0425171
-0.0437222
-0.0447895
-0.0457178
-0.0465191
-0.0472062
-0.0477922
-0.0482902
-0.0487132
-0.0490739
-0.049384
-0.0496544
-0.0498945
-0.0501128
-0.0503161
-0.0505101
-0.0506987
-0.0508848
-0.0510697
-0.0512535
-0.0514349
-0.0516116
-0.05178
-0.0519356
-0.0520728
-0.0521851
-0.0522652
-0.052305
-0.0522957
-0.0522279
-0.0520915
-0.0518761
-0.0515709
-0.0511646
-0.050646
-0.0500037
-0.0492265
-0.0483031
-0.047223
-0.0459759
-0.0445526
-0.0429445
-0.0411446
-0.039147
-0.036948
-0.0345455
-0.0319402
-0.0291351
-0.0261368
-0.0229547
-0.0196025
-0.0160975
-0.0124617
-0.0087212
-0.00490717
-0.00105526
0.00279426
0.00659684
0.0103041
0.0138645
0.0172242
0.0203284
0.0231224
0.0255535
0.0275722
0.0291342
0.0302022
0.030747
0.0307487
0.030198
0.0290956
0.0274503
0.0252799
0.0226354
0.0195683
0.0157692
0.0109784
-0.0409572
-0.0430459
-0.0447119
-0.0460811
-0.0473055
-0.048383
-0.0493123
-0.0501057
-0.050777
-0.05134
-0.0518092
-0.0521988
-0.0525227
-0.0527939
-0.0530246
-0.0532254
-0.0534057
-0.0535734
-0.0537347
-0.0538944
-0.0540558
-0.0542206
-0.054389
-0.0545601
-0.0547315
-0.0548995
-0.0550595
-0.0552055
-0.0553309
-0.0554279
-0.0554878
-0.0555015
-0.0554587
-0.0553489
-0.0551609
-0.0548831
-0.0545033
-0.0540095
-0.0533893
-0.0526303
-0.0517204
-0.0506476
-0.0494007
-0.047969
-0.0463426
-0.0445131
-0.0424733
-0.0402178
-0.0377431
-0.0350484
-0.0321355
-0.0290092
-0.025678
-0.0221542
-0.0184545
-0.0145999
-0.0106168
-0.00653614
-0.00239451
0.00176647
0.00590016
0.00995531
0.0138767
0.017606
0.021083
0.0242469
0.0270383
0.0294004
0.0312818
0.0326378
0.0334323
0.0336395
0.0332447
0.0322452
0.0306471
0.0284672
0.0257586
0.0225754
0.018589
0.0135257
-0.0445606
-0.0467114
-0.048423
-0.0498236
-0.0510689
-0.0521561
-0.0530839
-0.053865
-0.0545143
-0.0550468
-0.0554783
-0.0558246
-0.0561012
-0.0563228
-0.0565028
-0.0566532
-0.0567848
-0.0569063
-0.0570251
-0.0571465
-0.0572744
-0.057411
-0.0575568
-0.0577109
-0.057871
-0.0580333
-0.0581931
-0.0583441
-0.0584793
-0.0585904
-0.0586685
-0.0587035
-0.0586848
-0.0586011
-0.0584404
-0.0581902
-0.0578378
-0.0573699
-0.0567732
-0.0560344
-0.05514
-0.0540771
-0.0528331
-0.0513959
-0.0497544
-0.0478985
-0.0458197
-0.0435109
-0.0409673
-0.0381862
-0.0351679
-0.0319157
-0.0284366
-0.0247416
-0.0208461
-0.0167706
-0.0125405
-0.00818694
-0.00374687
0.000737003
0.00521622
0.00963686
0.0139401
0.0180632
0.0219404
0.0255045
0.0286888
0.0314289
0.0336652
0.0353446
0.0364233
0.0368682
0.0366586
0.0357868
0.0342557
0.0320806
0.0293161
0.0260192
0.0218409
0.0164924
-0.0483298
-0.050554
-0.0523188
-0.0537551
-0.0550231
-0.0561194
-0.0570424
-0.0578057
-0.0584253
-0.058918
-0.0593011
-0.0595925
-0.0598094
-0.0599684
-0.0600847
-0.060172
-0.0602423
-0.0603056
-0.0603703
-0.0604426
-0.0605271
-0.0606262
-0.0607409
-0.0608705
-0.0610125
-0.0611632
-0.0613175
-0.0614689
-0.06161
-0.0617321
-0.0618256
-0.0618799
-0.0618837
-0.061825
-0.061691
-0.0614685
-0.0611436
-0.0607023
-0.0601302
-0.0594128
-0.0585358
-0.0574848
-0.0562459
-0.0548057
-0.0531518
-0.0512726
-0.0491579
-0.046799
-0.0441895
-0.041325
-0.038204
-0.0348282
-0.0312028
-0.0273374
-0.023246
-0.0189477
-0.0144673
-0.00983546
-0.00508915
-0.00027183
0.00456654
0.00936966
0.0140754
0.0186164
0.0229215
0.0269169
0.0305283
0.0336829
0.0363119
0.0383532
0.0397538
0.0404722
0.0404803
0.0397645
0.0383235
0.0361699
0.0333598
0.0299527
0.0255779
0.0199311
-0.0522728
-0.0545841
-0.0564113
-0.0578883
-0.0591811
-0.0602853
-0.0611993
-0.0619379
-0.0625186
-0.0629601
-0.063282
-0.0635044
-0.0636469
-0.0637283
-0.0637657
-0.0637749
-0.0637693
-0.0637607
-0.0637582
-0.0637692
-0.0637988
-0.0638501
-0.0639242
-0.0640206
-0.0641369
-0.0642692
-0.0644121
-0.0645588
-0.0647013
-0.0648306
-0.0649363
-0.0650073
-0.0650317
-0.0649964
-0.0648881
-0.0646924
-0.0643949
-0.0639803
-0.0634333
-0.0627383
-0.0618797
-0.060842
-0.05961
-0.0581691
-0.0565051
-0.054605
-0.0524571
-0.050051
-0.0473785
-0.0444334
-0.0412124
-0.0377153
-0.0339456
-0.029911
-0.0256238
-0.0211018
-0.0163685
-0.0114538
-0.00639433
-0.0012339
0.00397642
0.00917833
0.0143066
0.0192896
0.0240508
0.0285095
0.0325835
0.0361909
0.0392532
0.0416978
0.0434616
0.0444932
0.0447556
0.0442279
0.0429031
0.0407908
0.0379475
0.034435
0.0298596
0.0239008
-0.0563999
-0.0588149
-0.0607153
-0.062239
-0.0635586
-0.064669
-0.0655687
-0.0662739
-0.0668042
-0.0671808
-0.067426
-0.0675627
-0.0676133
-0.0675992
-0.0675402
-0.0674539
-0.067356
-0.0672594
-0.067175
-0.0671108
-0.0670729
-0.0670647
-0.0670878
-0.0671416
-0.0672238
-0.0673301
-0.0674549
-0.0675911
-0.0677301
-0.0678622
-0.0679765
-0.0680612
-0.0681035
-0.0680897
-0.0680054
-0.0678355
-0.0675645
-0.0671763
-0.0666543
-0.0659819
-0.0651424
-0.064119
-0.0628951
-0.0614548
-0.0597824
-0.0578635
-0.0556846
-0.0532337
-0.0505007
-0.0474776
-0.0441591
-0.0405431
-0.036631
-0.0324285
-0.0279462
-0.0231999
-0.0182118
-0.0130104
-0.00763165
-0.00211931
0.00347496
0.00909125
0.0146616
0.0201106
0.0253562
0.0303109
0.0348843
0.0389851
0.0425238
0.0454168
0.0475889
0.0489774
0.049535
0.0492317
0.0480536
0.0460054
0.0431438
0.0395324
0.0347527
0.0284673
-0.0607239
-0.0632628
-0.0652494
-0.0668266
-0.068175
-0.0692889
-0.0701673
-0.0708282
-0.071294
-0.0715889
-0.0717387
-0.0717697
-0.0717079
-0.0715776
-0.0714016
-0.0712001
-0.0709908
-0.0707885
-0.0706053
-0.0704506
-0.070331
-0.0702506
-0.070211
-0.0702119
-0.0702507
-0.070323
-0.0704226
-0.070542
-0.0706719
-0.0708021
-0.070921
-0.0710159
-0.0710731
-0.0710782
-0.071016
-0.0708702
-0.0706245
-0.0702616
-0.069764
-0.069114
-0.0682935
-0.0672846
-0.0660694
-0.0646305
-0.062951
-0.0610146
-0.0588063
-0.0563124
-0.0535209
-0.0504219
-0.0470081
-0.0432752
-0.0392225
-0.0348537
-0.0301769
-0.0252062
-0.0199616
-0.0144702
-0.00876689
-0.00289457
0.00309488
0.0091405
0.0151721
0.0211108
0.0268692
0.0323535
0.0374647
0.0421013
0.0461627
0.0495524
0.0521823
0.0539764
0.0548751
0.0548375
0.0538407
0.0518835
0.0490215
0.0453194
0.040332
0.0337043
-0.0652617
-0.0679486
-0.0700368
-0.071675
-0.073054
-0.0741676
-0.0750154
-0.0756182
-0.0760018
-0.0761946
-0.0762265
-0.0761282
-0.0759296
-0.075659
-0.0753424
-0.0750029
-0.0746607
-0.0743326
-0.0740321
-0.0737698
-0.0735531
-0.0733864
-0.0732718
-0.0732086
-0.0731942
-0.0732236
-0.0732904
-0.0733862
-0.0735013
-0.0736245
-0.0737435
-0.0738447
-0.0739136
-0.0739348
-0.0738921
-0.0737684
-0.0735461
-0.0732071
-0.0727328
-0.0721041
-0.071302
-0.0703072
-0.0691006
-0.0676633
-0.065977
-0.0640238
-0.061787
-0.0592513
-0.0564027
-0.0532293
-0.0497218
-0.0458737
-0.041682
-0.0371479
-0.0322775
-0.0270821
-0.0215798
-0.0157957
-0.00976282
-0.00352306
0.00287219
0.0093615
0.0158731
0.0223249
0.0286252
0.0346733
0.040362
0.0455795
0.0502127
0.0541516
0.0572934
0.059547
0.0608384
0.0611134
0.0603383
0.0585034
0.0556622
0.0518797
0.0466818
0.0396946
-0.0700343
-0.0728984
-0.0751062
-0.0768139
-0.0782246
-0.0793321
-0.0801372
-0.0806643
-0.0809441
-0.0810098
-0.0808968
-0.0806409
-0.0802771
-0.079838
-0.0793536
-0.0788503
-0.0783509
-0.0778745
-0.0774363
-0.0770477
-0.0767171
-0.0764492
-0.0762461
-0.0761071
-0.076029
-0.0760065
-0.0760325
-0.0760978
-0.0761919
-0.0763028
-0.0764171
-0.0765205
-0.0765975
-0.0766316
-0.0766057
-0.0765015
-0.0763006
-0.0759835
-0.0755307
-0.074922
-0.074137
-0.0731553
-0.0719564
-0.0705201
-0.0688266
-0.0668565
-0.0645914
-0.0620143
-0.0591092
-0.0558623
-0.0522621
-0.0482998
-0.0439701
-0.0392717
-0.0342079
-0.0287877
-0.0230265
-0.0169469
-0.0105799
-0.00396562
0.0028456
0.00979255
0.0168025
0.0237911
0.0306624
0.0373097
0.0436174
0.0494631
0.0547209
0.0592661
0.0629793
0.0657526
0.0674947
0.068136
0.0676288
0.0659532
0.0631582
0.0593082
0.0538971
0.0465316
-0.075069
-0.078145
-0.0804937
-0.0822799
-0.0837224
-0.0848154
-0.0855619
-0.0859912
-0.0861399
-0.086048
-0.0857575
-0.0853106
-0.084748
-0.0841079
-0.0834245
-0.0827281
-0.0820446
-0.0813951
-0.0807965
-0.0802616
-0.079799
-0.079414
-0.0791084
-0.0788812
-0.0787288
-0.0786451
-0.078622
-0.0786497
-0.0787166
-0.0788098
-0.0789148
-0.0790162
-0.0790975
-0.0791411
-0.0791288
-0.0790414
-0.0788592
-0.0785618
-0.0781283
-0.0775375
-0.0767678
-0.0757975
-0.0746049
-0.0731683
-0.0714664
-0.0694786
-0.0671846
-0.0645656
-0.0616038
-0.0582835
-0.0545909
-0.0505148
-0.0460475
-0.0411849
-0.0359278
-0.0302822
-0.0242606
-0.0178829
-0.0111772
-0.00418152
0.00305564
0.010474
0.0180007
0.0255498
0.0330219
0.0403049
0.047275
0.0537993
0.0597386
0.0649521
0.0693025
0.0726626
0.0749215
0.0759906
0.0758052
0.0743321
0.0716138
0.0677121
0.0620859
0.0543206
-0.0804003
-0.08373
-0.0862441
-0.0881183
-0.0895911
-0.0906576
-0.0913244
-0.0916274
-0.0916115
-0.0913247
-0.0908173
-0.0901396
-0.0893392
-0.0884603
-0.0875425
-0.0866202
-0.0857223
-0.0848725
-0.0840892
-0.0833863
-0.0827728
-0.082254
-0.0818314
-0.0815035
-0.0812659
-0.0811115
-0.0810314
-0.0810145
-0.0810481
-0.0811181
-0.0812091
-0.0813043
-0.0813861
-0.0814359
-0.0814341
-0.0813605
-0.0811942
-0.0809137
-0.080497
-0.0799216
-0.0791649
-0.0782038
-0.0770153
-0.0755764
-0.0738645
-0.0718572
-0.0695329
-0.0668708
-0.0638514
-0.0604569
-0.0566712
-0.0524809
-0.0478756
-0.0428486
-0.0373976
-0.0315256
-0.0252417
-0.0185627
-0.0115137
-0.0041296
0.00354353
0.0114472
0.0195092
0.027643
0.0357467
0.0437034
0.0513818
0.0586385
0.0653206
0.0712705
0.0763313
0.0803538
0.0832045
0.0847723
0.0849719
0.0837526
0.0811476
0.0772139
0.071371
0.0631815
-0.0860724
-0.0897059
-0.0924138
-0.0943857
-0.0958842
-0.0969072
-0.0974664
-0.097607
-0.0973842
-0.0968567
-0.0960853
-0.0951295
-0.0940456
-0.0928847
-0.0916923
-0.0905071
-0.0893617
-0.088282
-0.0872881
-0.0863943
-0.0856101
-0.0849404
-0.0843862
-0.0839451
-0.0836115
-0.0833774
-0.0832324
-0.0831641
-0.0831587
-0.0832006
-0.0832731
-0.0833582
-0.0834369
-0.0834893
-0.0834949
-0.083432
-0.0832788
-0.0830124
-0.0826096
-0.0820469
-0.0813004
-0.0803458
-0.0791588
-0.0777151
-0.0759907
-0.0739617
-0.0716048
-0.0688977
-0.065819
-0.0623486
-0.0584685
-0.0541629
-0.0494185
-0.0442259
-0.0385796
-0.0324794
-0.0259309
-0.0189472
-0.0115497
-0.00376982
0.00434963
0.0127528
0.0213693
0.0301129
0.0388802
0.0475506
0.0559861
0.0640331
0.071525
0.0782864
0.0841392
0.0889099
0.0924386
0.0945878
0.0952465
0.0943424
0.0918951
0.0879539
0.0818931
0.0732507
-0.0921417
-0.0961392
-0.0990737
-0.101152
-0.102668
-0.103623
-0.104038
-0.103969
-0.103487
-0.102663
-0.10157
-0.100281
-0.0988601
-0.0973676
-0.0958551
-0.0943664
-0.0929373
-0.0915959
-0.0903636
-0.0892553
-0.0882801
-0.0874424
-0.0867422
-0.0861756
-0.085736
-0.0854135
-0.0851964
-0.0850709
-0.0850212
-0.0850305
-0.0850805
-0.0851518
-0.0852241
-0.0852762
-0.0852861
-0.0852311
-0.0850879
-0.0848327
-0.0844409
-0.083888
-0.0831486
-0.0821975
-0.081009
-0.0795576
-0.0778177
-0.0757641
-0.073372
-0.0706173
-0.0674767
-0.0639283
-0.0599518
-0.0555287
-0.0506434
-0.0452833
-0.0394398
-0.033109
-0.0262929
-0.0190003
-0.0112487
-0.00306511
0.00551159
0.0144292
0.0236201
0.0329997
0.0424645
0.0518911
0.0611361
0.0700364
0.0784116
0.0860682
0.092805
0.0984218
0.102728
0.105556
0.106762
0.106247
0.104012
0.100094
0.0938149
0.0846856
-0.0986806
-0.103114
-0.106313
-0.108505
-0.110022
-0.110876
-0.111097
-0.11076
-0.109952
-0.108763
-0.107281
-0.105592
-0.103772
-0.101892
-0.100008
-0.0981711
-0.0964191
-0.0947824
-0.0932831
-0.091936
-0.0907497
-0.0897272
-0.088867
-0.0881638
-0.0876087
-0.0871904
-0.086895
-0.0867069
-0.0866087
-0.0865817
-0.086606
-0.0866606
-0.0867238
-0.0867728
-0.0867845
-0.0867347
-0.0865989
-0.0863519
-0.0859684
-0.0854221
-0.0846869
-0.0837361
-0.0825429
-0.0810804
-0.0793218
-0.0772405
-0.07481
-0.0720047
-0.0687994
-0.0651701
-0.0610945
-0.0565515
-0.0515228
-0.0459928
-0.0399494
-0.033385
-0.0262975
-0.0186914
-0.0105793
-0.00198354
0.00706205
0.0165098
0.0262963
0.0363397
0.0465379
0.0567665
0.0668777
0.0767001
0.0860403
0.0946859
0.102412
0.108987
0.114188
0.117809
0.119669
0.119634
0.117678
0.113822
0.107326
0.0976682
-0.105782
-0.11074
-0.114245
-0.116553
-0.118049
-0.118753
-0.118715
-0.118033
-0.116816
-0.115177
-0.113223
-0.111056
-0.108767
-0.106434
-0.104124
-0.101889
-0.0997725
-0.0978054
-0.0960098
-0.0943999
-0.0929828
-0.0917597
-0.090727
-0.089877
-0.0891987
-0.0886783
-0.0882998
-0.0880453
-0.0878954
-0.0878294
-0.0878257
-0.0878616
-0.0879136
-0.0879577
-0.087969
-0.0879222
-0.0877915
-0.0875505
-0.0871724
-0.08663
-0.0858959
-0.0849423
-0.0837412
-0.0822644
-0.0804839
-0.0783715
-0.0758993
-0.0730401
-0.0697669
-0.0660539
-0.0618761
-0.0572105
-0.0520356
-0.0463328
-0.0400865
-0.0332851
-0.0259222
-0.0179974
-0.009518
-0.000500823
0.00902604
0.0190207
0.0294251
0.040162
0.0511322
0.0622122
0.0732516
0.0840722
0.0944684
0.104209
0.113044
0.12071
0.126943
0.131495
0.134138
0.134694
0.133103
0.129359
0.122648
0.112412
-0.113566
-0.119154
-0.123013
-0.125435
-0.126869
-0.127357
-0.126973
-0.125846
-0.124116
-0.121923
-0.119399
-0.116663
-0.113823
-0.110966
-0.108166
-0.105482
-0.102957
-0.100623
-0.0985026
-0.0966067
-0.0949406
-0.0935028
-0.0922868
-0.0912821
-0.0904745
-0.0898477
-0.0893829
-0.0890598
-0.0888566
-0.0887505
-0.0887178
-0.088734
-0.088774
-0.0888119
-0.0888217
-0.0887764
-0.0886491
-0.088412
-0.0880371
-0.0874963
-0.0867608
-0.0858016
-0.0845896
-0.0830955
-0.0812899
-0.0791432
-0.0766263
-0.0737102
-0.0703661
-0.0665663
-0.0622836
-0.0574925
-0.0521687
-0.0462902
-0.0398379
-0.0327961
-0.0251535
-0.0169047
-0.00805101
0.00139701
0.011418
0.0219771
0.0330231
0.0444849
0.0562686
0.0682535
0.080289
0.0921923
0.103747
0.114704
0.124787
0.133697
0.141128
0.146777
0.150363
0.15165
0.150533
0.146965
0.140045
0.129168
-0.12219
-0.128536
-0.132802
-0.135323
-0.136635
-0.136814
-0.135967
-0.134266
-0.131892
-0.129018
-0.125805
-0.122395
-0.118909
-0.115448
-0.112092
-0.108903
-0.105925
-0.103189
-0.100715
-0.0985122
-0.0965812
-0.0949172
-0.0935098
-0.0923448
-0.0914047
-0.0906695
-0.0901176
-0.0897257
-0.0894695
-0.0893238
-0.0892627
-0.0892597
-0.0892879
-0.0893198
-0.0893277
-0.0892835
-0.0891586
-0.0889242
-0.0885513
-0.0880102
-0.0872712
-0.0863043
-0.0850791
-0.0835652
-0.0817319
-0.0795484
-0.0769842
-0.0740085
-0.070591
-0.066702
-0.0623122
-0.0573933
-0.0519183
-0.0458619
-0.0392011
-0.0319159
-0.0239899
-0.0154121
-0.00617747
0.00371067
0.0142387
0.0253801
0.037092
0.0493119
0.0619532
0.0749008
0.0880069
0.101087
0.113915
0.126228
0.137721
0.148058
0.156883
0.163835
0.168563
0.17076
0.170257
0.166956
0.159837
0.148241
-0.131859
-0.139122
-0.143849
-0.146435
-0.147535
-0.147272
-0.145805
-0.143364
-0.14018
-0.13647
-0.132427
-0.128219
-0.123983
-0.119831
-0.115847
-0.112096
-0.10862
-0.105448
-0.102596
-0.100068
-0.0978596
-0.0959614
-0.0943581
-0.0930308
-0.0919578
-0.0911154
-0.0904783
-0.0900201
-0.0897135
-0.0895308
-0.0894437
-0.0894236
-0.0894418
-0.0894691
-0.0894763
-0.0894337
-0.0893115
-0.0890797
-0.0887081
-0.0881659
-0.0874224
-0.0864465
-0.0852066
-0.0836713
-0.0818087
-0.0795868
-0.0769735
-0.0739368
-0.0704445
-0.0664649
-0.0619666
-0.0569188
-0.0512915
-0.0450561
-0.0381855
-0.0306551
-0.0224434
-0.0135329
-0.00391179
0.00642465
0.0174717
0.0292126
0.0416149
0.0546267
0.0681717
0.0821438
0.0964014
0.110762
0.124995
0.138822
0.151914
0.163896
0.174356
0.182864
0.188987
0.192324
0.192623
0.189709
0.182411
0.169997
-0.142844
-0.151221
-0.156462
-0.159048
-0.159799
-0.158908
-0.15661
-0.153212
-0.149011
-0.144276
-0.139237
-0.134089
-0.128986
-0.124048
-0.119362
-0.114992
-0.110976
-0.107339
-0.104087
-0.10122
-0.0987275
-0.0965919
-0.0947927
-0.0933054
-0.0921035
-0.0911586
-0.0904415
-0.0899223
-0.0895706
-0.0893558
-0.0892473
-0.0892144
-0.0892262
-0.089252
-0.0892609
-0.0892219
-0.089104
-0.088876
-0.0885064
-0.0879636
-0.0872158
-0.0862307
-0.084976
-0.083419
-0.0815268
-0.0792661
-0.0766036
-0.0735056
-0.0699386
-0.0658687
-0.0612625
-0.0560864
-0.0503077
-0.043894
-0.0368143
-0.0290392
-0.0205414
-0.0112969
-0.00128619
0.00950437
0.0210802
0.0334358
0.0465513
0.0603882
0.0748837
0.0899447
0.10544
0.121195
0.136978
0.152502
0.167415
0.181302
0.193692
0.204074
0.211913
0.216694
0.21805
0.215693
0.208252
0.194894
-0.155513
-0.165245
-0.171044
-0.173517
-0.173709
-0.171927
-0.168514
-0.163878
-0.1584
-0.15241
-0.146182
-0.139934
-0.133837
-0.128014
-0.122552
-0.117509
-0.112917
-0.108788
-0.105124
-0.101912
-0.0991333
-0.0967634
-0.0947741
-0.0931345
-0.0918121
-0.0907738
-0.0899858
-0.0894144
-0.0890259
-0.0887868
-0.088664
-0.0886245
-0.0886356
-0.0886649
-0.0886799
-0.0886483
-0.0885379
-0.0883163
-0.087951
-0.0874096
-0.086659
-0.0856664
-0.0843982
-0.0828209
-0.0809004
-0.0786025
-0.0758924
-0.0727352
-0.0690956
-0.064938
-0.0602266
-0.0549255
-0.0489987
-0.0424105
-0.0351256
-0.0271094
-0.0183287
-0.00875252
0.00164714
0.0128937
0.0250039
0.0379854
0.0518333
0.0665253
0.0820162
0.0982306
0.115054
0.132325
0.14982
0.167248
0.184239
0.200342
0.215023
0.227678
0.237652
0.244281
0.247044
0.24549
0.237971
0.223509
-0.170365
-0.181752
-0.18813
-0.19029
-0.189608
-0.186564
-0.181651
-0.175414
-0.168337
-0.160817
-0.153175
-0.145651
-0.138424
-0.131618
-0.12531
-0.119548
-0.11435
-0.109716
-0.105634
-0.102079
-0.0990226
-0.0964294
-0.0942629
-0.0924847
-0.0910561
-0.0899383
-0.0890929
-0.088482
-0.0880684
-0.0878159
-0.0876886
-0.0876514
-0.0876698
-0.0877096
-0.087737
-0.0877184
-0.0876205
-0.0874098
-0.0870531
-0.0865167
-0.0857671
-0.0847703
-0.083492
-0.0818978
-0.0799527
-0.0776213
-0.0748678
-0.0716558
-0.0679485
-0.0637085
-0.0588979
-0.0534782
-0.0474104
-0.0406551
-0.0331728
-0.0249236
-0.0158681
-0.00596774
0.00481449
0.0165127
0.0291565
0.0427684
0.0573609
0.0729314
0.0894568
0.106885
0.125126
0.144039
0.163419
0.182982
0.20235
0.221038
0.238452
0.253887
0.266542
0.275565
0.280225
0.279839
0.272361
0.256591
-0.188096
-0.201514
-0.208433
-0.209942
-0.20791
-0.203074
-0.196144
-0.187839
-0.178763
-0.169392
-0.160083
-0.151094
-0.142602
-0.134718
-0.127505
-0.120989
-0.11517
-0.11003
-0.105538
-0.101655
-0.0983386
-0.0955425
-0.09322
-0.0913246
-0.0898104
-0.0886327
-0.0877481
-0.0871146
-0.0866916
-0.0864397
-0.0863208
-0.0862975
-0.0863336
-0.0863934
-0.0864417
-0.086444
-0.0863657
-0.0861726
-0.0858305
-0.0853052
-0.0845623
-0.083567
-0.0822844
-0.0806792
-0.0787156
-0.0763573
-0.0735673
-0.070308
-0.0665412
-0.0622277
-0.0573275
-0.0517996
-0.0456022
-0.0386922
-0.0310255
-0.0225571
-0.0132411
-0.00303096
0.00811985
0.0202571
0.0334243
0.047661
0.0629994
0.0794607
0.0970486
0.115741
0.135482
0.156162
0.177606
0.199554
0.221634
0.243342
0.264028
0.282882
0.298934
0.311097
0.318357
0.31969
0.312469
0.295135
-0.209707
-0.225609
-0.232911
-0.233201
-0.229093
-0.221717
-0.212076
-0.201106
-0.189551
-0.177955
-0.166706
-0.156059
-0.146174
-0.137135
-0.128975
-0.121692
-0.115257
-0.109627
-0.10475
-0.100569
-0.0970235
-0.0940561
-0.0916086
-0.0896255
-0.0880533
-0.0868414
-0.0859412
-0.0853067
-0.0848937
-0.0846602
-0.0845656
-0.0845708
-0.0846377
-0.0847295
-0.0848098
-0.084843
-0.0847939
-0.0846273
-0.0843085
-0.0838026
-0.0830745
-0.082089
-0.0808106
-0.0792031
-0.0772302
-0.0748545
-0.0720383
-0.0687428
-0.0649283
-0.0605542
-0.0555784
-0.0499577
-0.0436471
-0.0366003
-0.0287686
-0.0201018
-0.0105472
-5.04369e-05
0.0114452
0.0239977
0.0376658
0.0525075
0.0685778
0.0859248
0.104585
0.124574
0.145878
0.168435
0.192119
0.216711
0.241869
0.267095
0.291702
0.314779
0.33517
0.351498
0.362374
0.36628
0.359715
0.340518
-0.236678
-0.255585
-0.262866
-0.26098
-0.253691
-0.242716
-0.229441
-0.215061
-0.200457
-0.186227
-0.172755
-0.16027
-0.148888
-0.138645
-0.12953
-0.121494
-0.114475
-0.108396
-0.10318
-0.0987469
-0.0950199
-0.0919257
-0.089395
-0.0873627
-0.085768
-0.084554
-0.0836673
-0.083058
-0.0826788
-0.0824851
-0.0824342
-0.0824853
-0.0825991
-0.0827376
-0.0828635
-0.0829403
-0.0829323
-0.0828038
-0.0825195
-0.0820439
-0.0813417
-0.0803771
-0.0791142
-0.0775162
-0.0755463
-0.0731664
-0.0703378
-0.067021
-0.063175
-0.0587577
-0.0537252
-0.0480321
-0.0416309
-0.0344714
-0.0265012
-0.0176647
-0.00790275
0.0028473
0.0146521
0.0275826
0.0417133
0.0571221
0.0738889
0.0920927
0.111807
0.133095
0.155996
0.180512
0.206585
0.234067
0.262683
0.291981
0.321267
0.349562
0.375521
0.397431
0.413412
0.421238
0.416079
0.394712
-0.271297
-0.293713
-0.300062
-0.294386
-0.282243
-0.266181
-0.248067
-0.22937
-0.211074
-0.193781
-0.177826
-0.163362
-0.150426
-0.13898
-0.128943
-0.120213
-0.112676
-0.10622
-0.100736
-0.0961188
-0.0922736
-0.0891113
-0.0865507
-0.0845175
-0.0829436
-0.0817663
-0.0809279
-0.0803748
-0.0800573
-0.0799284
-0.0799438
-0.0800615
-0.0802411
-0.0804437
-0.0806314
-0.0807674
-0.0808152
-0.0807389
-0.080503
-0.0800716
-0.0794092
-0.0784797
-0.0772467
-0.0756735
-0.0737223
-0.071355
-0.068532
-0.065213
-0.061356
-0.0569176
-0.0518526
-0.0461133
-0.0396499
-0.0324091
-0.0243347
-0.015366
-0.00543781
0.00552039
0.0175853
0.0308404
0.0453765
0.0612922
0.0786936
0.0976935
0.118409
0.140954
0.165437
0.191939
0.2205
0.251078
0.283512
0.31745
0.352271
0.386984
0.420097
0.449535
0.472815
0.48672
0.484388
0.460689
-0.317275
-0.343383
-0.346869
-0.334694
-0.315173
-0.291976
-0.267495
-0.243422
-0.220757
-0.200007
-0.181373
-0.164869
-0.150402
-0.137825
-0.126965
-0.117649
-0.109707
-0.102981
-0.097328
-0.0926189
-0.0887376
-0.0855806
-0.0830554
-0.0810791
-0.0795769
-0.0784815
-0.0777314
-0.0772704
-0.0770463
-0.0770108
-0.0771185
-0.0773264
-0.0775935
-0.0778804
-0.078149
-0.0783621
-0.0784832
-0.0784762
-0.0783054
-0.0779351
-0.0773294
-0.0764523
-0.0752672
-0.0737372
-0.0718244
-0.0694901
-0.0666945
-0.0633966
-0.0595538
-0.0551215
-0.0500532
-0.0442998
-0.0378091
-0.0305256
-0.0223892
-0.0133351
-0.00329251
0.0078163
0.0200773
0.0335861
0.0484491
0.0647854
0.082728
0.102425
0.124038
0.147743
0.173723
0.202162
0.233219
0.267007
0.303538
0.342651
0.383902
0.426414
0.468671
0.50828
0.542089
0.565556
0.568768
0.543168
-0.381005
-0.409758
-0.406372
-0.383179
-0.352546
-0.319472
-0.286778
-0.256195
-0.22854
-0.204058
-0.182689
-0.164218
-0.148363
-0.134828
-0.123328
-0.113602
-0.105417
-0.0985687
-0.0928788
-0.0881927
-0.0843762
-0.0813124
-0.078899
-0.0770461
-0.0756739
-0.0747114
-0.0740945
-0.0737652
-0.07367
-0.0737599
-0.0739887
-0.0743133
-0.0746924
-0.0750866
-0.0754577
-0.0757688
-0.0759833
-0.0760654
-0.0759794
-0.0756898
-0.0751609
-0.0743567
-0.0732407
-0.0717759
-0.0699245
-0.0676476
-0.0649053
-0.061656
-0.0578568
-0.0534624
-0.0484254
-0.0426955
-0.0362189
-0.0289379
-0.0207898
-0.0117062
-0.00161176
0.00957752
0.0219556
0.0356286
0.0507173
0.0673598
0.0857143
0.105963
0.128315
0.153009
0.180313
0.210523
0.243952
0.280908
0.321653
0.366327
0.414825
0.466591
0.520384
0.573642
0.622676
0.661338
0.675366
0.650133
-0.474142
-0.500731
-0.482218
-0.440583
-0.393507
-0.347101
-0.304175
-0.266058
-0.233026
-0.204802
-0.180889
-0.160735
-0.143805
-0.129619
-0.117761
-0.107878
-0.09967
-0.0928885
-0.0873237
-0.0827992
-0.0791657
-0.076296
-0.0740808
-0.0724256
-0.0712477
-0.070474
-0.0700394
-0.069885
-0.0699574
-0.0702073
-0.070589
-0.0710594
-0.0715776
-0.0721046
-0.0726028
-0.0730353
-0.0733662
-0.0735601
-0.0735816
-0.0733955
-0.0729665
-0.0722588
-0.0712363
-0.0698622
-0.0680988
-0.0659073
-0.0632478
-0.0600787
-0.0563569
-0.0520368
-0.0470706
-0.0414071
-0.0349917
-0.0277652
-0.0196631
-0.0106146
-0.000540742
0.0106468
0.0230481
0.0367779
0.0519683
0.0687733
0.0873732
0.107981
0.130849
0.156276
0.184617
0.216288
0.251774
0.291619
0.336409
0.386718
0.442992
0.505342
0.573144
0.644405
0.715285
0.778182
0.813321
0.79578
-0.618223
-0.627934
-0.577924
-0.506142
-0.435448
-0.371778
-0.316813
-0.270625
-0.232356
-0.200847
-0.174962
-0.1537
-0.136224
-0.12185
-0.110029
-0.100318
-0.0923629
-0.0858769
-0.0806269
-0.0764217
-0.0731029
-0.070538
-0.0686147
-0.067237
-0.0663219
-0.0657963
-0.0655958
-0.0656624
-0.0659434
-0.0663905
-0.0669589
-0.0676065
-0.0682933
-0.0689811
-0.069633
-0.0702131
-0.070686
-0.0710169
-0.0711711
-0.0711141
-0.0708109
-0.0702265
-0.069325
-0.06807
-0.0664243
-0.0643495
-0.0618058
-0.0587521
-0.0551451
-0.0509396
-0.0460877
-0.040538
-0.0342357
-0.027121
-0.0191288
-0.0101869
-0.000214775
0.0108786
0.023197
0.0368602
0.052008
0.0688054
0.0874488
0.108175
0.13127
0.157086
0.186053
0.218705
0.255696
0.29783
0.346074
0.401557
0.46552
0.539156
0.62322
0.717297
0.818795
0.919835
0.995434
1.00508
-0.853049
-0.807003
-0.695522
-0.576775
-0.473643
-0.388861
-0.320909
-0.267101
-0.224591
-0.190911
-0.164094
-0.142622
-0.125343
-0.111383
-0.100081
-0.0909294
-0.083536
-0.0775937
-0.072859
-0.0691363
-0.0662662
-0.0641169
-0.0625782
-0.0615564
-0.0609708
-0.0607512
-0.0608353
-0.0611675
-0.0616971
-0.0623778
-0.0631663
-0.0640222
-0.064907
-0.0657835
-0.0666163
-0.0673702
-0.0680111
-0.068505
-0.068818
-0.0689164
-0.0687659
-0.0683322
-0.06758
-0.0664736
-0.0649764
-0.0630504
-0.0606565
-0.0577541
-0.0543004
-0.0502508
-0.0455576
-0.0401703
-0.0340343
-0.0270904
-0.0192736
-0.0105121
-0.0007255
0.0101774
0.0223012
0.035767
0.0507174
0.0673218
0.0857846
0.106355
0.129341
0.155128
0.184204
0.217191
0.254894
0.298357
0.348941
0.40841
0.479014
0.563513
0.665046
0.786572
0.929249
1.08797
1.23792
1.32134
-1.26859
-1.05638
-0.827579
-0.641351
-0.497916
-0.39043
-0.310983
-0.25199
-0.207623
-0.173789
-0.147643
-0.127198
-0.111057
-0.0982258
-0.0879867
-0.0798106
-0.0733005
-0.0681532
-0.0641324
-0.0610509
-0.0587578
-0.0571294
-0.0560627
-0.0554702
-0.0552769
-0.0554175
-0.0558338
-0.0564738
-0.0572901
-0.0582392
-0.0592802
-0.0603748
-0.0614863
-0.0625794
-0.06362
-0.0645744
-0.0654096
-0.0660928
-0.0665911
-0.0668717
-0.0669014
-0.0666464
-0.0660726
-0.0651448
-0.0638273
-0.0620828
-0.0598733
-0.0571586
-0.0538971
-0.0500449
-0.0455555
-0.0403792
-0.0344629
-0.0277487
-0.0201733
-0.0116665
-0.00214998
0.00846508
0.0202806
0.0334149
0.0480074
0.0642247
0.0822687
0.102388
0.124892
0.150175
0.178744
0.211266
0.248631
0.292048
0.343189
0.404395
0.478981
0.571635
0.688977
0.83982
1.03306
1.27363
1.56089
1.84064
-2.10459
-1.38381
-0.918515
-0.649754
-0.473005
-0.353238
-0.272078
-0.215658
-0.175097
-0.145116
-0.122464
-0.105045
-0.0914771
-0.0808224
-0.0724256
-0.0658157
-0.0606454
-0.056652
-0.0536324
-0.0514259
-0.0499033
-0.0489583
-0.0485018
-0.0484582
-0.0487619
-0.0493554
-0.0501873
-0.0512109
-0.0523837
-0.0536659
-0.0550202
-0.0564111
-0.0578046
-0.0591676
-0.0604679
-0.0616736
-0.0627534
-0.0636757
-0.0644092
-0.0649221
-0.0651825
-0.0651576
-0.0648145
-0.064119
-0.0630363
-0.0615305
-0.0595644
-0.0570993
-0.0540948
-0.0505085
-0.0462955
-0.0414083
-0.0357958
-0.0294028
-0.0221691
-0.0140286
-0.00490735
0.00527776
0.0166217
0.0292342
0.0432441
0.0588049
0.0761018
0.0953629
0.116873
0.140995
0.168201
0.199115
0.234587
0.275802
0.324462
0.383087
0.455527
0.547877
0.670211
0.838827
1.07627
1.41941
1.97496
2.80759
-3.55939
-1.70834
-0.856539
-0.526592
-0.356069
-0.254243
-0.191701
-0.151018
-0.122711
-0.102048
-0.0864933
-0.0745456
-0.0652604
-0.0580132
-0.0523713
-0.0480224
-0.0447332
-0.042325
-0.0406567
-0.0396149
-0.039106
-0.0390517
-0.039385
-0.0400474
-0.0409876
-0.0421592
-0.0435201
-0.0450314
-0.0466568
-0.0483621
-0.0501145
-0.0518824
-0.0536351
-0.0553425
-0.056975
-0.058503
-0.0598971
-0.0611279
-0.0621654
-0.0629795
-0.0635398
-0.0638151
-0.0637735
-0.0633825
-0.0626086
-0.0614174
-0.0597731
-0.0576388
-0.0549759
-0.0517442
-0.0479012
-0.0434023
-0.0381996
-0.0322422
-0.0254746
-0.0178367
-0.00926215
0.00032315
0.0110025
0.0228712
0.0360392
0.0506361
0.066816
0.084766
0.104716
0.126957
0.15186
0.179912
0.21177
0.248345
0.290953
0.341577
0.403391
0.481882
0.587498
0.740727
0.980436
1.40732
2.37713
4.35154
)
;

boundaryField
{
    movingWall
    {
        type            zeroGradient;
    }
    fixedWalls
    {
        type            zeroGradient;
    }
    frontAndBack
    {
        type            empty;
    }
}


// ************************************************************************* //
