/*--------------------------------*- C++ -*----------------------------------*\
  =========                 |
  \\      /  F ield         | OpenFOAM: The Open Source CFD Toolbox
   \\    /   O peration     | Website:  https://openfoam.org
    \\  /    A nd           | Version:  7
     \\/     M anipulation  |
\*---------------------------------------------------------------------------*/
FoamFile
{
    version     2.0;
    format      ascii;
    class       volScalarField;
    location    "2.4";
    object      p;
}
// * * * * * * * * * * * * * * * * * * * * * * * * * * * * * * * * * * * * * //

dimensions      [0 2 -2 0 0 0 0];

internalField   nonuniform List<scalar> 
6400
(
1.1148e-06
-1.32261e-06
-6.54351e-05
-0.000187968
-0.000353912
-0.000549873
-0.000764175
-0.000986939
-0.00121007
-0.00142713
-0.00163303
-0.00182384
-0.00199655
-0.00214888
-0.00227914
-0.0023861
-0.00246888
-0.00252686
-0.00255963
-0.00256689
-0.00254847
-0.00250424
-0.00243415
-0.00233818
-0.00221635
-0.00206874
-0.0018955
-0.00169683
-0.00147305
-0.00122458
-0.000952001
-0.00065603
-0.000337582
2.22781e-06
0.000362063
0.000740353
0.00113528
0.00154477
0.00196651
0.0023979
0.00283613
0.00327814
0.00372069
0.00416033
0.0045935
0.00501651
0.00542562
0.0058171
0.00618725
0.00653248
0.00684938
0.00713475
0.00738571
0.0075997
0.00777458
0.00790869
0.00800085
0.00805044
0.00805742
0.00802233
0.00794636
0.0078313
0.00767957
0.0074942
0.00727881
0.00703758
0.00677525
0.00649706
0.00620872
0.0059164
0.0056267
0.0053466
0.00508346
0.00484492
0.00463883
0.00447293
0.00435411
0.00428751
0.00427507
0.00430398
4.92721e-06
1.87884e-06
-5.47801e-05
-0.000158662
-0.000297622
-0.000462174
-0.000643362
-0.000833286
-0.00102508
-0.00121305
-0.00139254
-0.00155984
-0.00171198
-0.00184666
-0.0019621
-0.00205695
-0.00213019
-0.00218108
-0.00220907
-0.00221376
-0.00219487
-0.00215219
-0.00208561
-0.00199504
-0.0018805
-0.00174203
-0.00157977
-0.00139391
-0.00118478
-0.000952786
-0.000698486
-0.000422589
-0.000125978
0.00019028
0.000524912
0.000876432
0.00124313
0.00162306
0.00201405
0.00241371
0.00281941
0.00322834
0.00363748
0.00404369
0.00444367
0.00483407
0.00521145
0.00557242
0.00591361
0.00623177
0.0065238
0.00678683
0.00701826
0.00721582
0.00737761
0.00750217
0.00758849
0.00763609
0.00764499
0.00761579
0.00754963
0.00744824
0.0073139
0.00714944
0.00695824
0.00674418
0.0065116
0.00626531
0.00601053
0.00575282
0.0054981
0.00525251
0.00502244
0.00481433
0.00463458
0.0044892
0.00438309
0.00431975
0.00430372
0.00433282
6.95156e-05
5.84979e-05
1.36564e-06
-9.47146e-05
-0.000219707
-0.000366098
-0.000526823
-0.000695327
-0.000865814
-0.00103334
-0.00119376
-0.00134367
-0.0014803
-0.00160146
-0.0017054
-0.00179076
-0.00185649
-0.00190178
-0.00192605
-0.00192882
-0.00190975
-0.00186859
-0.00180517
-0.00171939
-0.00161121
-0.00148066
-0.00132784
-0.00115294
-0.000956246
-0.000738148
-0.000499177
-0.000240004
3.85349e-05
0.000335427
0.000649471
0.000979262
0.00132319
0.00167943
0.00204593
0.00242045
0.00280053
0.00318352
0.00356663
0.00394691
0.00432127
0.00468659
0.00503968
0.00537737
0.00569653
0.00599414
0.00626734
0.00651348
0.00673015
0.00691527
0.00706711
0.00718435
0.00726609
0.00731193
0.00732194
0.00729672
0.00723741
0.00714566
0.00702363
0.00687403
0.00670001
0.00650522
0.00629372
0.00606996
0.00583875
0.00560519
0.00537462
0.00515259
0.00494471
0.00475661
0.00459376
0.00446125
0.00436316
0.00430275
0.00428729
0.0043209
0.000193403
0.000162831
9.64217e-05
-6.39035e-07
-0.000121228
-0.000259099
-0.000408399
-0.000563698
-0.000720137
-0.000873495
-0.00102018
-0.00115718
-0.00128202
-0.00139269
-0.00148756
-0.00156537
-0.0016251
-0.00166596
-0.00168734
-0.00168877
-0.00166988
-0.00163038
-0.00157008
-0.00148884
-0.00138659
-0.00126333
-0.00111914
-0.000954155
-0.000768632
-0.000562924
-0.000337514
-9.30234e-05
0.00016977
0.000449923
0.000746308
0.00105761
0.00138231
0.00171869
0.00206482
0.00241858
0.00277766
0.00313955
0.00350162
0.00386105
0.00421496
0.00456037
0.00489428
0.00521367
0.00551559
0.00579719
0.00605576
0.00628878
0.00649401
0.00666947
0.00681354
0.00692499
0.00700299
0.00704719
0.00705768
0.00703506
0.00698044
0.00689539
0.00678202
0.00664289
0.006481
0.00629979
0.0061031
0.00589509
0.00568022
0.00546323
0.00524902
0.00504261
0.00484908
0.00467346
0.00452061
0.00439513
0.00430077
0.00424093
0.00422394
0.00425604
0.000362879
0.00030351
0.000220959
0.000117017
-4.98453e-06
-0.000139929
-0.00028297
-0.000429728
-0.000576235
-0.000718988
-0.000854959
-0.000981587
-0.00109673
-0.00119863
-0.00128586
-0.00135725
-0.0014119
-0.00144907
-0.00146818
-0.00146875
-0.00145041
-0.00141288
-0.00135592
-0.00127938
-0.00118316
-0.00106722
-0.000931582
-0.000776364
-0.000601762
-0.00040808
-0.000195743
3.46921e-05
0.000282517
0.000546866
0.000826696
0.00112078
0.00142771
0.00174586
0.00207343
0.0024084
0.0027486
0.00309165
0.00343503
0.0037761
0.00411209
0.00444017
0.00475745
0.00506108
0.00534822
0.00561615
0.00586226
0.00608416
0.00627968
0.00644694
0.0065844
0.00669087
0.00676558
0.00680818
0.00681879
0.00679799
0.00674685
0.00666689
0.00656013
0.006429
0.0062764
0.00610557
0.00592014
0.00572403
0.00552141
0.00531666
0.00511432
0.00491897
0.00473523
0.00456763
0.00442056
0.00429817
0.00420398
0.00414137
0.00411817
0.00414043
0.00056552
0.000471592
0.000367827
0.000252306
0.000124172
-1.24588e-05
-0.000153609
-0.00029586
-0.000436081
-0.00057146
-0.00069954
-0.000818223
-0.000925738
-0.00102062
-0.00110165
-0.00116786
-0.00121845
-0.00125276
-0.00127027
-0.00127055
-0.00125323
-0.00121802
-0.00116468
-0.00109304
-0.00100295
-0.000894345
-0.000767203
-0.000621583
-0.000457627
-0.000275576
-7.57866e-05
0.000141256
0.000374925
0.00062444
0.00088885
0.00116702
0.00145765
0.00175921
0.00207002
0.00238817
0.00271159
0.00303803
0.00336509
0.00369022
0.00401078
0.00432404
0.00462724
0.00491759
0.00519236
0.00544891
0.00568472
0.00589746
0.00608502
0.00624557
0.00637761
0.00647997
0.00655189
0.00659305
0.00660353
0.00658391
0.0065352
0.00645888
0.00635688
0.00623154
0.00608562
0.00592222
0.00574479
0.00555702
0.00536285
0.00516636
0.00497177
0.00478329
0.00460515
0.00444145
0.0042962
0.00417313
0.00407557
0.0040067
0.00397289
0.00397869
0.000790299
0.000658463
0.000530064
0.000399363
0.000261308
0.000119173
-2.37949e-05
-0.000165047
-0.000302227
-0.000433174
-0.000555991
-0.000669043
-0.000770949
-0.000860552
-0.000936898
-0.000999201
-0.00104681
-0.00107919
-0.00109588
-0.00109649
-0.00108071
-0.00104824
-0.000998846
-0.00093232
-0.000848499
-0.000747262
-0.000628542
-0.00049234
-0.000338731
-0.000167889
1.99082e-05
0.000224259
0.000444624
0.000680314
0.000930475
0.00119408
0.00146991
0.00175656
0.00205243
0.00235573
0.0026645
0.00297658
0.00328965
0.00360129
0.00390892
0.00420989
0.00450151
0.00478108
0.00504591
0.0052934
0.00552109
0.00572667
0.00590805
0.00606343
0.0061913
0.00629051
0.00636028
0.00640026
0.00641052
0.00639159
0.00634444
0.00627049
0.00617159
0.00605001
0.00590838
0.0057497
0.00557722
0.0053945
0.00520524
0.00501329
0.00482259
0.00463706
0.0044606
0.00429697
0.00414981
0.00402253
0.00391822
0.00383987
0.00379177
0.00377647
0.0010275
0.0008561
0.000700851
0.000552382
0.000401565
0.000250971
0.000103237
-3.98745e-05
-0.000176716
-0.00030574
-0.000425584
-0.000535074
-0.000633216
-0.00071918
-0.000792273
-0.000851922
-0.000897643
-0.000929021
-0.000945694
-0.000947341
-0.000933673
-0.000904423
-0.000859348
-0.000798224
-0.000720856
-0.000627076
-0.000516766
-0.000389859
-0.000246364
-8.63727e-05
8.99202e-05
0.000282204
0.000490033
0.000712819
0.000949805
0.00120007
0.00146249
0.00173576
0.0020184
0.00230869
0.00260477
0.00290458
0.00320587
0.00350628
0.00380331
0.00409436
0.0043768
0.00464793
0.00490512
0.00514578
0.00536744
0.00556781
0.00574478
0.00589654
0.00602155
0.00611862
0.00618696
0.00622617
0.00623628
0.00621776
0.00617153
0.00609895
0.0060018
0.00588227
0.00574289
0.00558655
0.0054164
0.00523581
0.00504833
0.00485763
0.0046674
0.00448133
0.00430305
0.00413606
0.00398366
0.00384898
0.00373492
0.00364427
0.00357902
0.00353949
0.00126867
0.00105712
0.000873742
0.000705747
0.000540114
0.000378839
0.000224045
7.67908e-05
-6.19283e-05
-0.000191138
-0.000309981
-0.00041773
-0.000513773
-0.000597604
-0.000668802
-0.000727009
-0.000771916
-0.000803244
-0.000820735
-0.00082414
-0.000813213
-0.000787712
-0.000747393
-0.000692015
-0.000621347
-0.000535177
-0.000433326
-0.000315661
-0.000182111
-3.26854e-05
0.000132515
0.000313274
0.00050925
0.000719955
0.000944738
0.00118278
0.00143306
0.00169438
0.00196534
0.00224433
0.00252955
0.00281902
0.00311058
0.00340189
0.00369052
0.0039739
0.0042494
0.00451435
0.00476612
0.00500209
0.00521978
0.00541686
0.00559119
0.0057409
0.00586441
0.00596047
0.00602823
0.00606723
0.00607744
0.00605926
0.00601356
0.00594162
0.00584516
0.00572629
0.00558746
0.00543146
0.00526134
0.00508035
0.00489192
0.00469955
0.00450676
0.00431706
0.00413387
0.00396044
0.00379985
0.00365495
0.00352853
0.00342319
0.00333858
0.0032728
0.00150649
0.00125486
0.00104273
0.000854091
0.000672215
0.000498629
0.000335025
0.000181824
3.94266e-05
-9.17259e-05
-0.000211256
-0.000318861
-0.000414301
-0.000497386
-0.00056796
-0.000625887
-0.000671035
-0.000703266
-0.000722428
-0.00072835
-0.000720834
-0.000699661
-0.000664588
-0.000615355
-0.000551696
-0.000473349
-0.000380072
-0.00027166
-0.000147959
-8.88533e-06
0.000145556
0.000315254
0.000499972
0.000699328
0.000912782
0.00113961
0.00137892
0.00162959
0.00189031
0.00215958
0.00243565
0.00271662
0.00300036
0.00328461
0.00356693
0.00384477
0.00411551
0.00437647
0.00462497
0.00485837
0.00507414
0.00526987
0.00544336
0.00559268
0.00571614
0.00581244
0.00588062
0.00592015
0.00593091
0.00591324
0.00586792
0.00579616
0.00569961
0.00558029
0.00544061
0.00528326
0.00511122
0.00492766
0.00473587
0.00453926
0.00434123
0.00414514
0.00395425
0.00377165
0.00360024
0.00344264
0.00330159
0.00317956
0.00307394
0.00298067
0.00173449
0.00144327
0.00120223
0.000992314
0.000793263
0.000606217
0.000432501
0.000271959
0.000124441
-1.0105e-05
-0.000131754
-0.000240606
-0.000336776
-0.000420378
-0.000491516
-0.000550269
-0.000596685
-0.000630766
-0.000652466
-0.000661692
-0.000658293
-0.000642073
-0.000612788
-0.000570157
-0.000513876
-0.000443631
-0.000359113
-0.000260038
-0.000146164
-1.73104e-05
0.000126623
0.000285633
0.000459594
0.000648237
0.000851132
0.00106767
0.00129705
0.00153826
0.00179008
0.00205108
0.00231959
0.00259377
0.00287152
0.00315062
0.00342863
0.00370301
0.0039711
0.0042302
0.00447757
0.00471052
0.00492641
0.00512278
0.00529732
0.00544797
0.00557297
0.00567088
0.00574066
0.00578165
0.00579365
0.00577688
0.00573205
0.00566028
0.00556313
0.00544258
0.00530095
0.00514088
0.00496528
0.00477725
0.00458003
0.00437694
0.00417128
0.00396634
0.00376527
0.00357106
0.00338646
0.00321398
0.00305632
0.00291596
0.00278805
0.00266652
0.00194688
0.00161682
0.00134704
0.00111558
0.000898809
0.000697539
0.000512777
0.00034384
0.000190067
5.0942e-05
-7.40297e-05
-0.00018533
-0.00028341
-0.000368676
-0.00044148
-0.000502113
-0.000550793
-0.00058766
-0.000612774
-0.000626112
-0.000627571
-0.000616972
-0.000594068
-0.000558555
-0.000510088
-0.000448295
-0.000372795
-0.000283221
-0.000179237
-6.05575e-05
7.30253e-05
0.000221623
0.000385226
0.000563684
0.000756681
0.00096372
0.0011841
0.00141693
0.00166106
0.00191514
0.00217757
0.00244655
0.00272005
0.00299582
0.00327144
0.00354436
0.00381187
0.00407122
0.0043196
0.00455421
0.00477234
0.00497139
0.00514893
0.00530279
0.00543104
0.00553213
0.00560487
0.00564847
0.00566261
0.0056474
0.00560342
0.00553172
0.00543378
0.00531149
0.00516712
0.00500325
0.00482275
0.00462868
0.00442422
0.00421267
0.0039973
0.00378132
0.00356785
0.00335984
0.00315995
0.00297062
0.00279463
0.00263449
0.00248327
0.00233297
0.00213838
0.0017704
0.00147229
0.00121929
0.000984558
0.000768605
0.000572163
0.000394056
0.000233148
8.84899e-05
-4.08099e-05
-0.000155592
-0.000256625
-0.000344593
-0.000420087
-0.000483598
-0.000535507
-0.000576087
-0.000605495
-0.000623775
-0.000630864
-0.000626598
-0.000610722
-0.000582905
-0.000542755
-0.000489837
-0.000423696
-0.000343874
-0.000249933
-0.000141481
-1.81936e-05
0.00012016
0.000273694
0.000442378
0.000626017
0.000824231
0.00103643
0.00126182
0.00149934
0.00174773
0.00200546
0.00227075
0.0025416
0.00281579
0.00309088
0.00336429
0.00363325
0.00389495
0.00414647
0.00438492
0.00460745
0.00481131
0.00499395
0.005153
0.0052864
0.00539241
0.00546968
0.00551728
0.00553472
0.00552197
0.00547951
0.00540826
0.0053096
0.00518537
0.00503775
0.00486931
0.00468285
0.00448143
0.00426823
0.00404651
0.00381957
0.00359061
0.00336276
0.00313896
0.00292188
0.00271393
0.00251804
0.00233686
0.00216144
0.00198195
0.00230414
0.00189927
0.0015734
0.00129909
0.00104637
0.000815515
0.000606995
0.000419173
0.000250463
9.95099e-05
-3.4952e-05
-0.000154103
-0.000259011
-0.000350624
-0.00042976
-0.000497097
-0.000553174
-0.000598383
-0.00063297
-0.000657042
-0.000670567
-0.000673391
-0.000665245
-0.000645765
-0.000614508
-0.000570972
-0.000514617
-0.000444891
-0.000361249
-0.000263184
-0.00015025
-2.20888e-05
0.00012154
0.000280735
0.000455427
0.000645358
0.000850056
0.00106882
0.0013007
0.00154451
0.00179876
0.00206175
0.0023315
0.00260577
0.00288212
0.00315792
0.00343035
0.00369649
0.00395332
0.00419782
0.00442699
0.00463793
0.00482787
0.00499428
0.0051349
0.0052478
0.00533142
0.00538465
0.00540681
0.00539773
0.00535773
0.00528759
0.00518862
0.00506253
0.00491147
0.00473796
0.00454478
0.00433498
0.00411177
0.00387844
0.00363831
0.00339464
0.00315062
0.00290923
0.00267321
0.00244502
0.00222779
0.00202437
0.00182392
0.0016148
0.00243964
0.00199898
0.00164604
0.00135078
0.00108024
0.000834457
0.000613653
0.000415755
0.000238753
8.09056e-05
-5.94081e-05
-0.000183689
-0.000293291
-0.000389411
-0.000473078
-0.00054515
-0.000606308
-0.000657054
-0.000697716
-0.00072845
-0.000749252
-0.00075997
-0.000760315
-0.000749883
-0.000728174
-0.000694612
-0.000648568
-0.000589386
-0.000516409
-0.000429008
-0.000326609
-0.000208721
-7.4968e-05
7.48838e-05
0.000240899
0.000422945
0.000620674
0.000833493
0.00106056
0.00130074
0.00155266
0.00181463
0.00208469
0.00236063
0.00263997
0.00292003
0.00319791
0.0034706
0.00373495
0.00398779
0.00422594
0.00444631
0.00464594
0.00482206
0.00497219
0.00509416
0.00518621
0.00524697
0.00527559
0.00527169
0.00523539
0.00516737
0.00506878
0.00494125
0.00478686
0.00460808
0.00440769
0.00418877
0.00395454
0.00370837
0.00345364
0.00319373
0.00293191
0.00267129
0.0024147
0.00216474
0.0019248
0.00169799
0.00147162
0.00123233
0.0025406
0.00206532
0.0016861
0.00137038
0.00108232
0.000821723
0.000588578
0.000380394
0.000194752
2.95433e-05
-0.000117193
-0.000247263
-0.000362292
-0.000463712
-0.00055275
-0.00063043
-0.000697564
-0.000754753
-0.000802394
-0.000840688
-0.000869648
-0.000889115
-0.000898775
-0.000898178
-0.000886758
-0.000863857
-0.000828751
-0.000780675
-0.000718851
-0.000642521
-0.000550976
-0.000443584
-0.000319826
-0.000179325
-2.18756e-05
0.000152527
0.000343663
0.000551058
0.000773972
0.00101138
0.00126194
0.00152405
0.00179576
0.00207486
0.00235885
0.00264499
0.0029303
0.00321166
0.00348578
0.00374931
0.00399889
0.00423121
0.00444306
0.00463145
0.00479361
0.00492712
0.00502994
0.00510046
0.00513758
0.00514067
0.00510969
0.00504511
0.00494794
0.00481971
0.00466241
0.00447848
0.0042707
0.00404215
0.00379615
0.00353614
0.00326562
0.00298811
0.00270701
0.00242562
0.00214695
0.00187373
0.00160972
0.00135835
0.00110511
0.000834918
0.00260298
0.00209429
0.00168965
0.00135406
0.00104889
0.000773705
0.000528285
0.000309723
0.00011521
-5.77206e-05
-0.000211354
-0.000347791
-0.000468911
-0.000576369
-0.00067158
-0.000755716
-0.000829708
-0.000894248
-0.000949793
-0.000996574
-0.00103462
-0.00106375
-0.00108362
-0.00109372
-0.00109342
-0.00108197
-0.00105855
-0.00102226
-0.00097221
-0.000907501
-0.000827279
-0.000730764
-0.000617285
-0.000486311
-0.000337487
-0.000170661
1.40839e-05
0.000216406
0.000435676
0.000670966
0.000921028
0.00118429
0.00145886
0.00174252
0.00203274
0.00232674
0.00262145
0.00291361
0.00319979
0.00347646
0.00374003
0.00398696
0.00421378
0.00441719
0.00459416
0.00474194
0.0048582
0.00494103
0.00498903
0.00500132
0.00497761
0.00491816
0.00482382
0.00469597
0.00453653
0.00434789
0.00413281
0.00389445
0.00363617
0.00336154
0.00307422
0.0027779
0.00247619
0.00217261
0.00187037
0.00157246
0.00128301
0.00100585
0.000724658
0.000422617
0.00262289
0.00208207
0.00165294
0.00129814
0.000976349
0.00068691
0.000429376
0.000200442
-3.08588e-06
-0.000184016
-0.000344949
-0.000488265
-0.000616089
-0.000730283
-0.000832436
-0.000923859
-0.00100559
-0.0010784
-0.00114279
-0.00119903
-0.00124713
-0.0012869
-0.00131794
-0.0013397
-0.00135146
-0.00135237
-0.00134148
-0.00131781
-0.0012803
-0.00122792
-0.00115965
-0.00107457
-0.000971831
-0.000850748
-0.0007108
-0.000551676
-0.00037331
-0.000175903
4.00451e-05
0.000273715
0.000523949
0.000789246
0.00106775
0.00135725
0.00165522
0.00195879
0.00226482
0.00256992
0.0028705
0.00316283
0.00344309
0.00370745
0.00395217
0.00417362
0.00436844
0.00453354
0.00466623
0.00476427
0.00482591
0.00484998
0.00483589
0.00478367
0.00469394
0.00456796
0.00440751
0.00421493
0.00399299
0.00374488
0.00347408
0.00318429
0.00287936
0.00256318
0.00223965
0.00191252
0.00158529
0.00126124
0.000944945
0.000640675
0.000330286
-4.80193e-06
0.00259663
0.00202502
0.00157238
0.0011991
0.000861258
0.000557967
0.000288554
4.93233e-05
-0.000163293
-0.000352438
-0.000521017
-0.000671677
-0.000806778
-0.000928377
-0.00103822
-0.00113776
-0.00122811
-0.00131013
-0.00138435
-0.00145104
-0.00151023
-0.00156168
-0.00160496
-0.00163943
-0.00166428
-0.00167856
-0.00168122
-0.00167113
-0.00164708
-0.0016079
-0.0015524
-0.0014795
-0.00138816
-0.00127754
-0.00114692
-0.000995841
-0.000824056
-0.000631615
-0.000418875
-0.00018653
6.43681e-05
0.000332398
0.000615758
0.000912265
0.00121937
0.00153416
0.00185341
0.00217359
0.00249095
0.00280153
0.00310128
0.00338606
0.00365182
0.00389458
0.00411058
0.00429637
0.00444884
0.00456537
0.00464383
0.00468267
0.00468099
0.00463851
0.00455563
0.0044334
0.00427347
0.0040781
0.00385007
0.00359261
0.00330931
0.00300405
0.00268089
0.00234399
0.00199751
0.00164556
0.00129195
0.000940291
0.000595672
0.000262865
-7.81486e-05
-0.000447767
0.00252066
0.00191964
0.00144456
0.00105357
0.000700311
0.000383631
0.000102632
-0.000146765
-0.000368492
-0.000566023
-0.000742553
-0.000900989
-0.00104391
-0.00117357
-0.00129185
-0.00140032
-0.0015002
-0.00159238
-0.00167743
-0.00175565
-0.00182702
-0.00189128
-0.00194793
-0.00199626
-0.00203536
-0.00206417
-0.00208152
-0.00208612
-0.00207664
-0.00205171
-0.00201
-0.00195021
-0.00187116
-0.00177178
-0.00165119
-0.00150872
-0.00134395
-0.00115676
-0.000947349
-0.000716257
-0.000464415
-0.000193146
9.58165e-05
0.000400329
0.00071784
0.0010454
0.0013797
0.00171708
0.00205362
0.00238513
0.00270728
0.00301564
0.00330578
0.00357336
0.00381419
0.00402437
0.00420037
0.00433908
0.00443796
0.00449505
0.00450903
0.00447929
0.00440594
0.00428979
0.00413234
0.00393575
0.00370278
0.0034367
0.00314123
0.00282045
0.00247865
0.00212029
0.00174988
0.00137189
0.000990518
0.000609755
0.000235262
-0.00012764
-0.000500909
-0.00090684
0.00239158
0.00176264
0.0012662
0.000858365
0.000490353
0.00016079
-0.000131457
-0.000390847
-0.000621673
-0.000827725
-0.00101248
-0.00117911
-0.00133038
-0.00146874
-0.0015962
-0.00171444
-0.00182476
-0.00192809
-0.00202504
-0.00211589
-0.0022006
-0.00227888
-0.00235013
-0.00241358
-0.00246822
-0.00251286
-0.00254618
-0.00256677
-0.00257312
-0.00256371
-0.00253699
-0.0024915
-0.00242583
-0.00233873
-0.00222911
-0.00209608
-0.00193903
-0.00175763
-0.00155192
-0.00132226
-0.00106943
-0.000794645
-0.000499541
-0.000186203
0.000142831
0.00048459
0.000835686
0.00119234
0.00155045
0.0019056
0.00225318
0.00258842
0.00290652
0.00320269
0.00347229
0.00371094
0.0039146
0.00407965
0.00420303
0.0042823
0.00431571
0.00430223
0.00424161
0.00413439
0.00398186
0.00378606
0.0035497
0.00327611
0.00296913
0.00263304
0.00227242
0.00189205
0.00149684
0.00109166
0.00068116
0.000269758
-0.000136255
-0.000530947
-0.000938317
-0.00138266
0.00220618
0.00155085
0.00103423
0.000610422
0.00022838
-0.000113516
-0.00041664
-0.000685823
-0.000925708
-0.0011404
-0.00133365
-0.00150885
-0.00166901
-0.0018167
-0.00195409
-0.00208296
-0.00220466
-0.00232018
-0.00243013
-0.00253479
-0.00263408
-0.00272765
-0.00281485
-0.0028948
-0.00296637
-0.00302827
-0.00307904
-0.00311708
-0.00314074
-0.00314829
-0.00313801
-0.00310822
-0.0030573
-0.00298377
-0.00288631
-0.00276383
-0.00261547
-0.00244071
-0.00223935
-0.00201157
-0.001758
-0.00147968
-0.00117813
-0.00085537
-0.000513885
-0.000156658
0.000212865
0.000590796
0.000972848
0.00135439
0.0017305
0.00209607
0.00244587
0.00277466
0.00307731
0.00334887
0.00358474
0.00378073
0.0039332
0.00403915
0.0040963
0.00410314
0.00405902
0.00396412
0.00381949
0.00362699
0.00338927
0.00310969
0.00279222
0.00244136
0.00206197
0.00165924
0.00123848
0.000805048
0.000364058
-7.9563e-05
-0.000518836
-0.000947165
-0.00139071
-0.00187587
0.00196141
0.0012813
0.000745727
0.000306874
-8.84415e-05
-0.000442095
-0.000755698
-0.00103445
-0.00128334
-0.00150676
-0.00170875
-0.00189293
-0.00206249
-0.00222017
-0.00236826
-0.00250863
-0.00264269
-0.00277147
-0.00289558
-0.00301527
-0.00313046
-0.0032407
-0.00334529
-0.00344323
-0.00353329
-0.00361404
-0.00368386
-0.00374101
-0.00378364
-0.00380984
-0.00381767
-0.00380523
-0.00377068
-0.00371229
-0.0036285
-0.00351797
-0.0033796
-0.00321261
-0.00301657
-0.00279146
-0.00253767
-0.00225609
-0.00194808
-0.00161555
-0.00126092
-0.000887146
-0.000497723
-9.66319e-05
0.000311677
0.000722338
0.00113014
0.00152959
0.00191504
0.00228074
0.00262101
0.0029303
0.00320337
0.00343539
0.00362207
0.00375975
0.00384556
0.00387742
0.00385417
0.0037756
0.00364242
0.00345628
0.00321974
0.00293616
0.00260963
0.00224487
0.00184708
0.00142184
0.000974935
0.000512254
3.94446e-05
-0.000438016
-0.00091239
-0.00137635
-0.00185836
-0.0023871
0.00165438
0.00095121
0.000397953
-5.49712e-05
-0.000462771
-0.000827575
-0.00115124
-0.00143932
-0.00169714
-0.0019294
-0.00214037
-0.00233392
-0.00251341
-0.00268174
-0.00284132
-0.00299409
-0.00314152
-0.00328467
-0.00342415
-0.00356019
-0.00369265
-0.00382104
-0.00394455
-0.0040621
-0.00417233
-0.00427366
-0.00436434
-0.00444244
-0.00450592
-0.00455266
-0.00458052
-0.00458735
-0.00457106
-0.00452968
-0.00446137
-0.00436451
-0.00423774
-0.00408001
-0.00389061
-0.00366927
-0.00341615
-0.00313191
-0.00281774
-0.00247539
-0.00210718
-0.00171604
-0.00130545
-0.000879465
-0.000442695
-2.23104e-07
0.000442437
0.000879419
0.0013046
0.00171172
0.00209448
0.00244668
0.00276239
0.00303604
0.0032626
0.00343768
0.00355769
0.00361992
0.0036226
0.00356502
0.00344751
0.00327143
0.00303918
0.00275411
0.00242041
0.00204303
0.00162751
0.00117986
0.000706393
0.000213574
-0.000292357
-0.000805312
-0.00131672
-0.00181847
-0.00234148
-0.00291685
0.00128244
0.000557977
-1.16228e-05
-0.000477608
-0.000897072
-0.0012724
-0.00160569
-0.00190285
-0.00216952
-0.0024107
-0.00263091
-0.00283422
-0.00302419
-0.00320385
-0.00337573
-0.00354182
-0.00370368
-0.00386235
-0.00401846
-0.00417221
-0.00432341
-0.0044715
-0.00461559
-0.00475448
-0.00488669
-0.0050105
-0.005124
-0.00522507
-0.00531149
-0.00538091
-0.00543096
-0.00545924
-0.0054634
-0.00544119
-0.00539048
-0.00530937
-0.00519617
-0.00504954
-0.00486847
-0.00465239
-0.00440119
-0.00411526
-0.00379559
-0.00344372
-0.00306184
-0.00265278
-0.00222
-0.00176761
-0.00130033
-0.000823463
-0.000342808
0.00013538
0.000604506
0.00105774
0.00148814
0.0018888
0.00225302
0.0025744
0.00284709
0.00306587
0.00322632
0.00332497
0.00335936
0.00332817
0.00323125
0.0030696
0.00284541
0.00256195
0.0022235
0.00183522
0.00140302
0.000933355
0.000433121
-9.05966e-05
-0.0006309
-0.00118103
-0.0017315
-0.00227333
-0.00284009
-0.00346552
0.000843105
9.92272e-05
-0.000485321
-0.000963319
-0.0013936
-0.0017788
-0.00212126
-0.00242724
-0.00270269
-0.00295288
-0.00318258
-0.00339606
-0.00359706
-0.00378875
-0.00397373
-0.00415412
-0.00433147
-0.00450686
-0.00468092
-0.0048538
-0.00502528
-0.00519471
-0.00536112
-0.0055232
-0.00567934
-0.00582768
-0.00596613
-0.00609239
-0.00620403
-0.00629849
-0.00637314
-0.00642533
-0.00645243
-0.00645187
-0.00642123
-0.00635827
-0.00626098
-0.00612768
-0.00595702
-0.00574809
-0.00550047
-0.00521425
-0.00489013
-0.00452943
-0.00413415
-0.00370697
-0.00325131
-0.00277126
-0.00227165
-0.00175795
-0.00123626
-0.000713204
-0.000195868
0.000308329
0.000791766
0.00124677
0.00166577
0.00204151
0.00236717
0.00263659
0.00284442
0.0029863
0.00305897
0.00306037
0.00298976
0.00284768
0.00263603
0.00235794
0.00201775
0.00162081
0.0011734
0.000682461
0.000155497
-0.000399721
-0.000975573
-0.00156456
-0.00215619
-0.00274054
-0.00335406
-0.00403326
0.000334169
-0.000427182
-0.00102523
-0.00151416
-0.00195437
-0.00234878
-0.00269996
-0.00301449
-0.00329863
-0.00355792
-0.00379736
-0.00402144
-0.00423403
-0.00443844
-0.00463739
-0.00483303
-0.00502698
-0.00522033
-0.00541368
-0.00560718
-0.00580053
-0.00599302
-0.00618359
-0.00637081
-0.00655296
-0.00672801
-0.0068937
-0.00704755
-0.00718691
-0.00730899
-0.00741091
-0.00748973
-0.00754252
-0.00756641
-0.00755864
-0.00751662
-0.00743796
-0.00732062
-0.00716286
-0.00696341
-0.00672147
-0.00643678
-0.00610972
-0.00574133
-0.00533334
-0.00488826
-0.00440938
-0.00390077
-0.00336728
-0.00281456
-0.00224895
-0.00167744
-0.00110763
-0.000547523
-5.46895e-06
0.000510036
0.000990514
0.0014277
0.00181375
0.00214143
0.00240433
0.00259706
0.0027154
0.00275644
0.00271871
0.00260218
0.00240834
0.00214014
0.00180189
0.00139912
0.000938462
0.000427386
-0.000125973
-0.000713092
-0.00132556
-0.00195507
-0.00259004
-0.00321949
-0.00388295
-0.00462
-0.000246344
-0.00102314
-0.00163319
-0.00213193
-0.00258119
-0.00298411
-0.00334354
-0.00366635
-0.0039591
-0.00422758
-0.00447703
-0.00471211
-0.00493686
-0.0051547
-0.00536846
-0.00558035
-0.00579203
-0.00600459
-0.00621863
-0.00643426
-0.00665112
-0.00686846
-0.00708511
-0.00729952
-0.00750985
-0.00771392
-0.00790929
-0.0080933
-0.00826306
-0.00841556
-0.00854763
-0.00865607
-0.00873762
-0.00878908
-0.00880731
-0.00878936
-0.00873245
-0.0086341
-0.00849218
-0.00830498
-0.00807128
-0.00779044
-0.00746244
-0.00708795
-0.00666843
-0.00620613
-0.00570415
-0.00516646
-0.00459793
-0.00400429
-0.00339211
-0.00276875
-0.00214227
-0.00152129
-0.000914913
-0.000332506
0.000216469
0.000722667
0.00117709
0.00157131
0.00189772
0.00214974
0.00232204
0.00241068
0.00241332
0.00232923
0.00215939
0.00190641
0.00157453
0.00116943
0.000698067
0.000168444
-0.00041062
-0.0010298
-0.00167982
-0.00235147
-0.00303198
-0.00370921
-0.00442606
-0.00522533
-0.000900127
-0.00169028
-0.00231079
-0.00281819
-0.00327557
-0.00368632
-0.00405351
-0.00438432
-0.0046856
-0.00496336
-0.00522306
-0.00546955
-0.00570702
-0.00593902
-0.00616844
-0.00639757
-0.0066281
-0.00686113
-0.00709727
-0.00733657
-0.00757865
-0.00782267
-0.00806736
-0.0083111
-0.00855188
-0.00878738
-0.00901501
-0.00923188
-0.0094349
-0.0096208
-0.00978615
-0.00992744
-0.0100411
-0.0101235
-0.0101712
-0.0101808
-0.0101492
-0.0100733
-0.00995055
-0.00977885
-0.00955646
-0.00928227
-0.00895583
-0.0085774
-0.00814805
-0.00766972
-0.00714525
-0.00657846
-0.00597415
-0.0053381
-0.00467705
-0.00399868
-0.00331149
-0.00262475
-0.00194831
-0.00129244
-0.000667661
-8.44849e-05
0.000446826
0.000916519
0.00131563
0.00163622
0.00187167
0.00201686
0.00206837
0.00202461
0.00188588
0.00165438
0.00133417
0.000930987
0.00045211
-9.39283e-05
-0.000697589
-0.00134868
-0.002037
-0.00275234
-0.0034806
-0.00420843
-0.00498228
-0.00584848
-0.00162858
-0.00242994
-0.00305932
-0.00357422
-0.00403879
-0.00445666
-0.00483112
-0.00516965
-0.00547935
-0.00576647
-0.00603667
-0.00629497
-0.00654572
-0.00679255
-0.00703848
-0.00728583
-0.00753632
-0.0077911
-0.00805073
-0.00831527
-0.00858426
-0.00885681
-0.00913157
-0.0094068
-0.00968037
-0.00994982
-0.0102124
-0.0104649
-0.0107042
-0.0109267
-0.0111286
-0.0113062
-0.0114555
-0.0115726
-0.0116536
-0.0116946
-0.0116921
-0.0116425
-0.0115428
-0.0113903
-0.0111828
-0.0109186
-0.0105967
-0.0102171
-0.00978017
-0.00928758
-0.00874182
-0.00814646
-0.00750615
-0.00682667
-0.00611487
-0.00537868
-0.00462705
-0.00386982
-0.00311762
-0.00238167
-0.00167359
-0.00100513
-0.000387945
0.000166757
0.000648482
0.00104778
0.00135652
0.0015682
0.00167813
0.00168365
0.00158423
0.00138149
0.00107917
0.00068301
0.000200552
-0.000359147
-0.000985803
-0.0016683
-0.00239542
-0.00315588
-0.00393411
-0.0047154
-0.00555008
-0.00648823
-0.00243281
-0.00324316
-0.00387981
-0.00440101
-0.00487183
-0.00529609
-0.00567734
-0.00602329
-0.00634129
-0.00663783
-0.00691876
-0.00718925
-0.00745378
-0.00771613
-0.00797936
-0.00824588
-0.00851744
-0.0087952
-0.00907971
-0.00937101
-0.00966862
-0.00997156
-0.0102784
-0.0105873
-0.0108961
-0.011202
-0.0115022
-0.0117934
-0.0120721
-0.0123344
-0.0125764
-0.012794
-0.0129828
-0.0131385
-0.0132568
-0.0133334
-0.0133641
-0.0133451
-0.0132727
-0.0131436
-0.0129549
-0.0127046
-0.012391
-0.0120134
-0.0115719
-0.0110674
-0.0105022
-0.00987939
-0.00920349
-0.00848014
-0.00771623
-0.00691989
-0.00610044
-0.0052683
-0.00443483
-0.00361223
-0.00281325
-0.00205098
-0.00133854
-0.00068875
-0.000113791
0.000375161
0.00076828
0.00105743
0.00123643
0.00130133
0.00125055
0.00108493
0.000807775
0.000424701
-5.65616e-05
-0.000626455
-0.00127393
-0.00198689
-0.00275302
-0.00355985
-0.00439023
-0.00522792
-0.00612741
-0.00714284
-0.00331357
-0.00413068
-0.00477296
-0.00529928
-0.00577539
-0.00620532
-0.00659283
-0.00694589
-0.00727207
-0.00757807
-0.0078699
-0.00815292
-0.00843173
-0.00871021
-0.00899151
-0.00927809
-0.00957176
-0.00987367
-0.0101844
-0.010504
-0.0108318
-0.011167
-0.0115079
-0.0118527
-0.012199
-0.0125441
-0.0128847
-0.0132175
-0.0135387
-0.0138443
-0.01413
-0.0143913
-0.0146235
-0.014822
-0.014982
-0.0150986
-0.0151672
-0.0151834
-0.0151429
-0.0150417
-0.0148766
-0.0146445
-0.0143434
-0.0139717
-0.013529
-0.0130158
-0.0124336
-0.0117852
-0.0110748
-0.0103078
-0.00949104
-0.00863281
-0.00774269
-0.00683161
-0.00591169
-0.00499604
-0.00409861
-0.00323387
-0.00241652
-0.0016611
-0.000981674
-0.00039133
9.81712e-05
0.00047681
0.000736671
0.000872239
0.000880628
0.000761711
0.000518142
0.000155268
-0.000319079
-0.000894887
-0.00156034
-0.00230231
-0.0031073
-0.00396154
-0.00484615
-0.00574319
-0.00671165
-0.00780996
-0.0042713
-0.00509293
-0.0057392
-0.00626943
-0.00674986
-0.00718473
-0.00757798
-0.00793781
-0.00827201
-0.00858746
-0.00889035
-0.00918619
-0.00947969
-0.00977485
-0.0100749
-0.0103824
-0.0106991
-0.0110263
-0.0113645
-0.0117137
-0.0120734
-0.0124426
-0.0128196
-0.0132024
-0.0135885
-0.0139752
-0.0143591
-0.0147365
-0.0151035
-0.0154558
-0.0157888
-0.0160977
-0.0163776
-0.0166231
-0.0168292
-0.0169905
-0.0171019
-0.0171582
-0.0171546
-0.0170865
-0.0169498
-0.0167409
-0.016457
-0.0160957
-0.0156561
-0.0151378
-0.0145418
-0.0138704
-0.0131273
-0.0123177
-0.0114481
-0.0105269
-0.00956393
-0.00857047
-0.00755935
-0.00654462
-0.00554138
-0.00456554
-0.00363345
-0.00276155
-0.00196589
-0.00126171
-0.000662941
-0.000181757
0.000171892
0.000390642
0.000470025
0.000408661
0.000208337
-0.000126055
-0.000586709
-0.00116323
-0.00184305
-0.00261197
-0.00345523
-0.00435766
-0.00529842
-0.00625779
-0.0072995
-0.00848659
-0.00530609
-0.00612998
-0.00677861
-0.00731157
-0.00779535
-0.00823441
-0.00863287
-0.00899912
-0.00934114
-0.00966598
-0.00998001
-0.0102889
-0.0105974
-0.0109097
-0.0112291
-0.0115582
-0.0118988
-0.0122522
-0.0126191
-0.0129993
-0.0133923
-0.0137971
-0.0142119
-0.0146348
-0.0150631
-0.0154938
-0.0159236
-0.0163486
-0.0167646
-0.017167
-0.0175511
-0.0179116
-0.0182432
-0.0185403
-0.0187972
-0.0190081
-0.0191672
-0.0192688
-0.0193074
-0.0192778
-0.0191749
-0.0189946
-0.0187331
-0.0183875
-0.0179556
-0.0174367
-0.0168309
-0.0161399
-0.0153668
-0.0145163
-0.0135948
-0.0126104
-0.0115731
-0.0104945
-0.00938806
-0.00826869
-0.00715264
-0.00605728
-0.00500067
-0.00400122
-0.00307717
-0.00224611
-0.0015244
-0.000926635
-0.000465136
-0.000149437
1.40815e-05
2.24776e-05
-0.000123607
-0.000419961
-0.000858977
-0.00142999
-0.00211969
-0.00291281
-0.00379323
-0.00474425
-0.00574294
-0.00676754
-0.00788689
-0.00916892
-0.00641767
-0.00724161
-0.00789099
-0.00842548
-0.00891168
-0.00935417
-0.00975727
-0.0101295
-0.0104791
-0.0108133
-0.0111384
-0.0114604
-0.0117842
-0.012114
-0.0124532
-0.0128044
-0.0131697
-0.0135502
-0.0139466
-0.0143589
-0.0147866
-0.0152284
-0.0156829
-0.0161477
-0.0166203
-0.0170975
-0.0175758
-0.0180511
-0.0185192
-0.0189752
-0.0194139
-0.0198299
-0.0202175
-0.0205706
-0.020883
-0.0211484
-0.0213605
-0.0215128
-0.0215992
-0.0216137
-0.0215505
-0.0214046
-0.0211713
-0.0208468
-0.0204283
-0.0199139
-0.019303
-0.0185966
-0.0177969
-0.0169083
-0.0159365
-0.0148896
-0.0137774
-0.0126118
-0.0114067
-0.0101778
-0.00894253
-0.0077196
-0.00652888
-0.00539082
-0.00432601
-0.00335457
-0.00249554
-0.00176627
-0.00118177
-0.000754117
-0.000491972
-0.000400199
-0.000479631
-0.000727019
-0.00113517
-0.00169329
-0.00238742
-0.00320118
-0.00411704
-0.00511665
-0.00617477
-0.00726743
-0.00846888
-0.00985226
-0.00760542
-0.00842725
-0.00907581
-0.00961067
-0.0100983
-0.0105435
-0.0109507
-0.0113285
-0.0116854
-0.0120286
-0.0123648
-0.0126999
-0.0130391
-0.0133865
-0.0137458
-0.0141196
-0.0145099
-0.0149182
-0.015345
-0.0157904
-0.0162537
-0.016734
-0.0172295
-0.0177379
-0.0182567
-0.0187825
-0.0193117
-0.0198402
-0.0203633
-0.020876
-0.021373
-0.0218483
-0.022296
-0.0227094
-0.0230821
-0.0234071
-0.0236773
-0.0238859
-0.0240258
-0.0240903
-0.0240729
-0.0239675
-0.0237686
-0.0234715
-0.0230722
-0.0225681
-0.0219576
-0.0212406
-0.0204188
-0.0194956
-0.0184764
-0.0173686
-0.016182
-0.0149285
-0.0136224
-0.01228
-0.0109198
-0.00956182
-0.00822781
-0.0069403
-0.00572232
-0.00459671
-0.00358547
-0.002709
-0.00198534
-0.00142952
-0.0010529
-0.000862691
-0.000861572
-0.0010476
-0.00141428
-0.00195085
-0.00264284
-0.00347277
-0.00442165
-0.00546934
-0.00658809
-0.00775149
-0.00903956
-0.0105309
-0.00886836
-0.00968599
-0.0103322
-0.0108663
-0.0113546
-0.0118017
-0.0122123
-0.0125952
-0.012959
-0.013311
-0.013658
-0.0140061
-0.0143605
-0.0147256
-0.015105
-0.0155016
-0.0159173
-0.0163537
-0.0168114
-0.0172905
-0.0177905
-0.0183102
-0.0188479
-0.0194015
-0.0199681
-0.0205444
-0.0211267
-0.0217107
-0.0222916
-0.0228641
-0.0234226
-0.0239609
-0.0244726
-0.0249508
-0.0253883
-0.0257777
-0.0261115
-0.0263818
-0.0265811
-0.0267017
-0.0267362
-0.0266777
-0.0265197
-0.0262565
-0.025883
-0.0253955
-0.0247914
-0.0240697
-0.023231
-0.0222778
-0.0212148
-0.0200489
-0.0187895
-0.0174483
-0.0160399
-0.014581
-0.0130911
-0.0115916
-0.0101058
-0.00865838
-0.00727502
-0.00598142
-0.00480274
-0.00376272
-0.00288287
-0.00218156
-0.00167332
-0.00136815
-0.00127105
-0.00138178
-0.00169487
-0.00219988
-0.00288194
-0.00372256
-0.0047012
-0.00579586
-0.00697605
-0.00821269
-0.00959189
-0.011198
-0.0102052
-0.0110166
-0.0116591
-0.0121914
-0.0126793
-0.0131276
-0.013541
-0.0139286
-0.0142987
-0.014659
-0.0150165
-0.0153773
-0.0157466
-0.0161292
-0.0165286
-0.0169477
-0.0173889
-0.0178535
-0.0183424
-0.0188556
-0.0193927
-0.0199525
-0.0205334
-0.0211332
-0.021749
-0.0223775
-0.0230148
-0.0236564
-0.0242975
-0.0249326
-0.0255557
-0.0261604
-0.0267399
-0.0272868
-0.0277936
-0.0282523
-0.0286545
-0.0289921
-0.0292564
-0.0294392
-0.029532
-0.029527
-0.0294167
-0.0291941
-0.0288533
-0.0283894
-0.0277985
-0.0270784
-0.0262289
-0.0252512
-0.0241492
-0.022929
-0.0215995
-0.0201721
-0.0186613
-0.0170842
-0.015461
-0.0138143
-0.0121691
-0.0105521
-0.00899166
-0.00751641
-0.00615494
-0.00493465
-0.00388085
-0.00301573
-0.00235747
-0.0019194
-0.00170933
-0.00172922
-0.00197503
-0.00243697
-0.00309997
-0.00394461
-0.00494886
-0.00608869
-0.00733067
-0.00864278
-0.0101176
-0.0118455
-0.0116142
-0.0124177
-0.0130551
-0.0135846
-0.0140713
-0.01452
-0.0149356
-0.0153271
-0.015703
-0.0160711
-0.0164385
-0.0168114
-0.0171952
-0.0175946
-0.0180136
-0.018455
-0.0189212
-0.0194139
-0.0199337
-0.0204811
-0.0210554
-0.0216557
-0.0222804
-0.0229271
-0.0235931
-0.024275
-0.0249687
-0.0256698
-0.0263732
-0.0270732
-0.0277636
-0.0284378
-0.0290885
-0.029708
-0.0302882
-0.0308205
-0.0312962
-0.0317062
-0.0320413
-0.0322921
-0.0324495
-0.0325046
-0.0324487
-0.0322739
-0.031973
-0.0315398
-0.0309693
-0.030258
-0.0294044
-0.0284086
-0.0272733
-0.0260039
-0.0246082
-0.0230973
-0.0214853
-0.0197897
-0.0180309
-0.0162327
-0.0144216
-0.0126264
-0.0108778
-0.00920777
-0.00764834
-0.00623088
-0.00498487
-0.00393679
-0.003109
-0.0025187
-0.00217714
-0.002089
-0.00225219
-0.00265794
-0.0032913
-0.00413206
-0.0051567
-0.00633909
-0.00764265
-0.00903215
-0.0106069
-0.0124638
-0.0130935
-0.0138874
-0.0145185
-0.0150444
-0.015529
-0.0159775
-0.0163945
-0.0167892
-0.0171702
-0.0175454
-0.0179219
-0.018306
-0.0187035
-0.0191191
-0.0195567
-0.0200196
-0.0205103
-0.0210303
-0.0215806
-0.0221617
-0.022773
-0.0234138
-0.0240822
-0.0247762
-0.0254929
-0.0262289
-0.0269802
-0.0277421
-0.0285094
-0.0292763
-0.0300364
-0.0307826
-0.0315075
-0.0322029
-0.0328602
-0.0334705
-0.0340242
-0.0345116
-0.0349226
-0.0352473
-0.0354754
-0.035597
-0.0356024
-0.0354825
-0.0352288
-0.0348338
-0.0342912
-0.0335963
-0.0327459
-0.0317391
-0.0305773
-0.0292646
-0.0278078
-0.0262174
-0.0245071
-0.0226939
-0.0207989
-0.0188464
-0.0168643
-0.0148833
-0.0129367
-0.0110594
-0.00928735
-0.00765595
-0.00619924
-0.00494844
-0.00393063
-0.00316754
-0.00267446
-0.00245946
-0.00252297
-0.00285774
-0.00344929
-0.00427686
-0.00531552
-0.00653697
-0.00790126
-0.00936967
-0.0110487
-0.0130417
-0.0146407
-0.0154237
-0.0160476
-0.016569
-0.0170509
-0.0174983
-0.017916
-0.0183131
-0.0186984
-0.0190796
-0.0194642
-0.0198586
-0.0202686
-0.0206991
-0.0211543
-0.0216375
-0.0221513
-0.0226976
-0.0232775
-0.0238914
-0.024539
-0.0252196
-0.0259315
-0.0266726
-0.0274401
-0.0282305
-0.0290398
-0.0298634
-0.0306957
-0.031531
-0.0323625
-0.0331829
-0.0339845
-0.0347587
-0.0354965
-0.0361883
-0.036824
-0.0373933
-0.0378854
-0.0382892
-0.0385938
-0.0387881
-0.0388614
-0.0388033
-0.0386041
-0.0382549
-0.0377481
-0.0370774
-0.0362383
-0.0352283
-0.0340474
-0.0326983
-0.0311868
-0.0295222
-0.0277175
-0.0257895
-0.023759
-0.021651
-0.0194944
-0.0173216
-0.0151684
-0.0130726
-0.011074
-0.00921235
-0.00752651
-0.00605288
-0.00482384
-0.00386629
-0.00320027
-0.00283797
-0.00278299
-0.00303024
-0.00356615
-0.00436972
-0.00541472
-0.00667071
-0.00809412
-0.00964249
-0.0114297
-0.0135661
-0.0162535
-0.0170244
-0.0176403
-0.0181565
-0.018635
-0.0190806
-0.0194982
-0.0198969
-0.0202853
-0.0206715
-0.0210628
-0.021466
-0.021887
-0.0223308
-0.0228019
-0.0233038
-0.0238392
-0.0244102
-0.0250181
-0.0256634
-0.0263461
-0.0270654
-0.0278198
-0.0286072
-0.029425
-0.0302696
-0.031137
-0.0320225
-0.0329205
-0.033825
-0.0347291
-0.0356254
-0.0365056
-0.0373609
-0.0381818
-0.0389582
-0.0396796
-0.0403347
-0.0409122
-0.0414001
-0.0417864
-0.0420593
-0.0422067
-0.0422172
-0.0420796
-0.0417838
-0.0413205
-0.0406821
-0.0398624
-0.0388574
-0.0376655
-0.0362879
-0.034729
-0.0329968
-0.0311032
-0.0290644
-0.026901
-0.024638
-0.0223052
-0.0199364
-0.0175695
-0.0152454
-0.0130075
-0.0109
-0.00896702
-0.00725041
-0.00578845
-0.00461386
-0.00375222
-0.00322062
-0.00302665
-0.00316802
-0.00363269
-0.00439981
-0.0054421
-0.00672696
-0.00820705
-0.00983586
-0.0117351
-0.0140222
-0.017929
-0.0186872
-0.0192944
-0.0198049
-0.0202794
-0.0207226
-0.0211393
-0.0215384
-0.0219288
-0.0223185
-0.0227149
-0.0231251
-0.0235551
-0.0240102
-0.0244951
-0.0250135
-0.0255683
-0.0261619
-0.0267956
-0.0274704
-0.0281863
-0.0289425
-0.0297379
-0.0305704
-0.0314373
-0.0323352
-0.0332601
-0.0342072
-0.0351708
-0.0361448
-0.0371222
-0.0380952
-0.0390553
-0.0399934
-0.0408995
-0.0417631
-0.042573
-0.0433173
-0.0439839
-0.0445601
-0.0450331
-0.0453897
-0.045617
-0.0457022
-0.045633
-0.0453978
-0.0449857
-0.0443877
-0.0435957
-0.0426042
-0.0414099
-0.0400122
-0.038414
-0.0366218
-0.0346461
-0.0325022
-0.03021
-0.0277943
-0.0252854
-0.0227182
-0.0201325
-0.0175719
-0.0150834
-0.0127158
-0.0105183
-0.00853891
-0.00682216
-0.00540733
-0.00432632
-0.003602
-0.00324682
-0.00326215
-0.00363816
-0.00435466
-0.00538363
-0.00669043
-0.0082238
-0.00993289
-0.0119476
-0.0143925
-0.0196645
-0.0204095
-0.0210078
-0.0215123
-0.0219824
-0.0224224
-0.0228372
-0.0232356
-0.0236265
-0.0240178
-0.0244175
-0.0248324
-0.025269
-0.0257328
-0.0262287
-0.0267608
-0.0273323
-0.0279456
-0.0286026
-0.0293042
-0.0300507
-0.0308416
-0.0316758
-0.0325514
-0.0334657
-0.0344155
-0.0353966
-0.0364043
-0.0374329
-0.038476
-0.0395266
-0.0405766
-0.0416173
-0.0426391
-0.0436317
-0.0445842
-0.0454847
-0.0463209
-0.0470797
-0.0477478
-0.0483114
-0.0487564
-0.0490687
-0.0492343
-0.0492396
-0.0490716
-0.0487181
-0.0481681
-0.0474121
-0.0464427
-0.0452547
-0.0438458
-0.0422171
-0.0403733
-0.0383234
-0.0360814
-0.033666
-0.0311019
-0.0284189
-0.025653
-0.0228453
-0.020042
-0.0172934
-0.0146527
-0.0121747
-0.0099133
-0.00792009
-0.00624147
-0.00491651
-0.00397477
-0.00343459
-0.00330191
-0.00356994
-0.00421983
-0.00522325
-0.00654369
-0.00812585
-0.00991431
-0.0120474
-0.0146573
-0.0214568
-0.0221888
-0.0227782
-0.0232767
-0.0237419
-0.0241782
-0.0245901
-0.0249864
-0.0253759
-0.025767
-0.0261673
-0.0265842
-0.0270244
-0.0274937
-0.0279974
-0.0285398
-0.0291244
-0.0297541
-0.0304309
-0.031156
-0.03193
-0.0327525
-0.0336227
-0.0345387
-0.035498
-0.0364975
-0.0375329
-0.0385996
-0.0396918
-0.040803
-0.041926
-0.0430526
-0.0441737
-0.0452795
-0.0463594
-0.0474017
-0.0483942
-0.049324
-0.0501774
-0.0509401
-0.0515975
-0.0521345
-0.0525361
-0.0527871
-0.0528724
-0.0527778
-0.0524894
-0.0519947
-0.0512825
-0.0503434
-0.0491705
-0.0477595
-0.0461094
-0.0442231
-0.0421078
-0.0397757
-0.0372444
-0.0345375
-0.0316845
-0.0287215
-0.0256908
-0.0226407
-0.0196245
-0.0166998
-0.0139264
-0.011365
-0.00907423
-0.00710828
-0.00551423
-0.00432935
-0.00357888
-0.00327446
-0.00341331
-0.00397872
-0.0049426
-0.00626686
-0.00789216
-0.00975825
-0.0120123
-0.0147941
-0.023303
-0.0240227
-0.0246037
-0.0250961
-0.0255563
-0.0259881
-0.0263961
-0.0267887
-0.027175
-0.0275631
-0.0279612
-0.0283768
-0.028817
-0.029288
-0.0297954
-0.0303439
-0.0309375
-0.0315794
-0.0322718
-0.0330164
-0.033814
-0.0346645
-0.0355671
-0.0365202
-0.0375215
-0.0385677
-0.039655
-0.0407783
-0.0419321
-0.0431096
-0.0443036
-0.0455056
-0.0467063
-0.0478956
-0.0490624
-0.0501948
-0.05128
-0.0523043
-0.0532535
-0.0541127
-0.0548662
-0.0554982
-0.0559925
-0.0563327
-0.0565027
-0.0564866
-0.0562693
-0.0558364
-0.0551751
-0.0542742
-0.0531248
-0.0517205
-0.0500582
-0.0481388
-0.0459673
-0.0435542
-0.0409153
-0.0380728
-0.0350554
-0.0318991
-0.0286466
-0.0253478
-0.0220588
-0.018841
-0.0157596
-0.0128815
-0.0102729
-0.00799648
-0.006108
-0.00465343
-0.00366611
-0.00316454
-0.00315111
-0.00361221
-0.00452071
-0.00583738
-0.00749886
-0.00943989
-0.0118169
-0.0147772
-0.0252001
-0.0259087
-0.0264821
-0.0269689
-0.027424
-0.0278508
-0.0282536
-0.0286408
-0.0290213
-0.0294035
-0.0297959
-0.0302064
-0.0306423
-0.0311104
-0.0316167
-0.0321665
-0.0327641
-0.0334131
-0.0341164
-0.0348757
-0.0356922
-0.0365661
-0.0374969
-0.0384831
-0.0395226
-0.0406121
-0.0417479
-0.0429249
-0.0441375
-0.045379
-0.0466418
-0.0479173
-0.0491961
-0.0504676
-0.0517204
-0.0529422
-0.0541197
-0.0552387
-0.0562843
-0.0572407
-0.0580918
-0.0588206
-0.0594099
-0.0598424
-0.0601005
-0.0601672
-0.0600257
-0.0596603
-0.0590563
-0.0582007
-0.0570824
-0.0556931
-0.0540276
-0.0520844
-0.0498664
-0.0473818
-0.0446444
-0.0416747
-0.0385001
-0.0351558
-0.0316848
-0.0281378
-0.024573
-0.0210555
-0.0176553
-0.0144456
-0.0115004
-0.008891
-0.00668284
-0.00493156
-0.00367974
-0.00295407
-0.00276341
-0.00309838
-0.00393375
-0.00522967
-0.00691895
-0.00893118
-0.0114323
-0.0145777
-0.0271451
-0.0278447
-0.0284119
-0.0288938
-0.0293439
-0.0297651
-0.0301614
-0.030541
-0.0309129
-0.0312858
-0.0316684
-0.032069
-0.0324955
-0.0329553
-0.033455
-0.0340003
-0.0345961
-0.0352465
-0.0359548
-0.0367233
-0.0375533
-0.0384455
-0.0393995
-0.0404142
-0.0414873
-0.042616
-0.0437963
-0.0450234
-0.0462915
-0.0475938
-0.0489226
-0.0502692
-0.0516237
-0.0529754
-0.0543125
-0.0556223
-0.056891
-0.0581038
-0.0592453
-0.0602991
-0.061248
-0.0620744
-0.06276
-0.0632865
-0.0636352
-0.0637877
-0.0637259
-0.0634324
-0.0628909
-0.0620865
-0.0610062
-0.0596396
-0.0579791
-0.056021
-0.0537658
-0.0512192
-0.0483929
-0.0453052
-0.0419818
-0.0384566
-0.0347721
-0.0309793
-0.0271383
-0.0233167
-0.0195891
-0.0160351
-0.012736
-0.00977244
-0.00721988
-0.00514464
-0.00359984
-0.00262174
-0.00222711
-0.00241216
-0.00315463
-0.0044148
-0.00612198
-0.00820053
-0.0108264
-0.0141629
-0.0291354
-0.0298288
-0.0303917
-0.0308699
-0.0313153
-0.0317303
-0.0321186
-0.0324882
-0.0328482
-0.0332076
-0.0335755
-0.0339608
-0.0343721
-0.0348173
-0.0353038
-0.0358379
-0.0364252
-0.0370704
-0.0377772
-0.0385484
-0.0393858
-0.0402903
-0.0412619
-0.0422996
-0.0434014
-0.0445644
-0.0457848
-0.0470577
-0.0483773
-0.0497368
-0.0511281
-0.0525425
-0.0539698
-0.055399
-0.056818
-0.0582136
-0.0595715
-0.0608766
-0.0621126
-0.0632626
-0.0643087
-0.0652324
-0.0660145
-0.0666357
-0.0670762
-0.0673163
-0.0673366
-0.0671182
-0.0666431
-0.0658947
-0.064858
-0.0635204
-0.0618723
-0.0599073
-0.0576237
-0.0550245
-0.0521188
-0.0489226
-0.0454594
-0.0417614
-0.0378699
-0.0338358
-0.02972
-0.0255924
-0.0215315
-0.0176224
-0.0139542
-0.0106166
-0.00769574
-0.00526947
-0.00340265
-0.0021426
-0.00151557
-0.00152491
-0.00215263
-0.00336014
-0.00507365
-0.00721239
-0.00996279
-0.013496
-0.0311687
-0.0318598
-0.032421
-0.0328968
-0.033338
-0.0337463
-0.0341248
-0.0344816
-0.0348258
-0.0351668
-0.0355143
-0.035878
-0.0362671
-0.0366905
-0.0371563
-0.0376716
-0.0382428
-0.0388752
-0.0395731
-0.0403398
-0.0411777
-0.0420879
-0.0430708
-0.0441254
-0.0452502
-0.0464421
-0.0476975
-0.0490115
-0.0503782
-0.0517905
-0.0532404
-0.0547188
-0.0562154
-0.0577188
-0.0592165
-0.060695
-0.0621395
-0.0635343
-0.0648626
-0.0661069
-0.0672485
-0.0682681
-0.0691458
-0.0698612
-0.0703934
-0.0707216
-0.070825
-0.0706834
-0.0702772
-0.069588
-0.068599
-0.0672956
-0.0656657
-0.0637007
-0.0613963
-0.0587529
-0.0557769
-0.0524814
-0.0488877
-0.0450256
-0.0409348
-0.0366654
-0.0322781
-0.0278447
-0.0234467
-0.0191743
-0.0151239
-0.0113941
-0.00808215
-0.00527823
-0.00306007
-0.00148755
-0.000598134
-0.000404022
-0.000893053
-0.00202893
-0.00373545
-0.00592689
-0.00880065
-0.0125359
-0.0332431
-0.0339368
-0.0344997
-0.0349752
-0.0354129
-0.0358137
-0.0361804
-0.036521
-0.0368448
-0.0371617
-0.0374822
-0.0378169
-0.0381759
-0.0385691
-0.0390056
-0.0394934
-0.0400398
-0.0406509
-0.0413317
-0.042086
-0.0429167
-0.0438253
-0.0448124
-0.0458775
-0.047019
-0.048234
-0.0495189
-0.0508686
-0.0522773
-0.0537378
-0.0552419
-0.0567801
-0.0583419
-0.0599156
-0.0614884
-0.0630462
-0.0645738
-0.0660552
-0.0674729
-0.0688086
-0.0700431
-0.0711563
-0.0721275
-0.0729352
-0.0735577
-0.0739731
-0.0741593
-0.0740947
-0.0737583
-0.0731299
-0.0721911
-0.0709251
-0.0693178
-0.0673581
-0.0650391
-0.0623587
-0.0593202
-0.0559341
-0.0522187
-0.0482013
-0.0439193
-0.0394213
-0.0347674
-0.0300302
-0.0252934
-0.0206518
-0.016208
-0.0120698
-0.00834549
-0.00513806
-0.00253922
-0.000622953
0.00056029
0.000987528
0.000663298
-0.000379841
-0.00206416
-0.00429935
-0.00729439
-0.0112364
-0.0353574
-0.03606
-0.0366289
-0.0371063
-0.0375414
-0.0379341
-0.0382866
-0.038607
-0.038905
-0.0391912
-0.039477
-0.039774
-0.0400938
-0.0404472
-0.0408446
-0.0412952
-0.0418072
-0.0423876
-0.043042
-0.0437752
-0.0445902
-0.0454893
-0.0464732
-0.0475416
-0.0486931
-0.0499249
-0.0512333
-0.0526133
-0.0540587
-0.0555623
-0.0571156
-0.058709
-0.0603316
-0.0619713
-0.0636149
-0.065248
-0.0668549
-0.0684189
-0.0699221
-0.0713457
-0.0726696
-0.0738731
-0.0749346
-0.0758318
-0.0765421
-0.0770424
-0.0773095
-0.0773206
-0.0770531
-0.0764855
-0.0755974
-0.0743702
-0.0727878
-0.0708368
-0.0685076
-0.0657954
-0.0627009
-0.0592314
-0.0554021
-0.0512375
-0.0467723
-0.0420528
-0.0371381
-0.0321003
-0.0270249
-0.0220099
-0.0171638
-0.012603
-0.00844645
-0.00481058
-0.00180196
0.000489925
0.00199974
0.00269166
0.00256054
0.00163349
-1.14101e-05
-0.00227981
-0.00539305
-0.00954625
-0.0375112
-0.0382304
-0.0388106
-0.0392931
-0.0397266
-0.0401103
-0.0404457
-0.0407411
-0.0410068
-0.0412544
-0.0414964
-0.0417459
-0.0420159
-0.0423188
-0.0426662
-0.0430686
-0.0435354
-0.0440746
-0.0446928
-0.0453952
-0.0461856
-0.0470666
-0.0480394
-0.0491036
-0.0502581
-0.0515001
-0.0528258
-0.0542301
-0.0557067
-0.0572481
-0.0588456
-0.0604893
-0.0621678
-0.0638689
-0.0655788
-0.0672827
-0.0689644
-0.0706067
-0.0721911
-0.0736981
-0.0751072
-0.0763967
-0.0775444
-0.0785272
-0.0793214
-0.079903
-0.0802477
-0.0803315
-0.0801305
-0.0796216
-0.078783
-0.0775941
-0.0760367
-0.0740955
-0.0717583
-0.0690176
-0.0658713
-0.0623236
-0.0583867
-0.0540816
-0.0494402
-0.044506
-0.0393362
-0.0340019
-0.028589
-0.0231981
-0.0179428
-0.0129467
-0.00833974
-0.0042516
-0.000804456
0.00189532
0.00376568
0.00475569
0.00484828
0.00406301
0.00247689
0.0001875
-0.00303976
-0.00740807
-0.0397053
-0.0404508
-0.0410486
-0.0415396
-0.0419729
-0.0423464
-0.0426612
-0.0429259
-0.0431516
-0.0433512
-0.043539
-0.0437296
-0.0439377
-0.0441777
-0.0444627
-0.0448048
-0.0452146
-0.0457013
-0.0462724
-0.0469339
-0.0476902
-0.0485442
-0.0494973
-0.0505497
-0.0516999
-0.0529453
-0.0542819
-0.0557045
-0.0572067
-0.0587805
-0.0604169
-0.0621058
-0.0638354
-0.065593
-0.0673643
-0.0691342
-0.0708859
-0.0726016
-0.0742623
-0.0758479
-0.0773371
-0.0787078
-0.0799367
-0.0810001
-0.0818733
-0.0825313
-0.082949
-0.083101
-0.0829623
-0.0825084
-0.0817158
-0.0805624
-0.0790281
-0.0770953
-0.0747497
-0.0719813
-0.0687849
-0.0651619
-0.0611211
-0.0566804
-0.0518681
-0.0467249
-0.041305
-0.035678
-0.0299294
-0.0241611
-0.0184905
-0.0130483
-0.00797406
-0.00341082
0.000503146
0.00364346
0.00590948
0.00723289
0.00758212
0.00696685
0.0054612
0.00316486
-0.000171133
-0.00475814
-0.0419417
-0.0427252
-0.0433485
-0.0438523
-0.0442866
-0.0446483
-0.0449381
-0.045165
-0.0453416
-0.0454823
-0.0456035
-0.0457219
-0.0458546
-0.0460177
-0.0462266
-0.046495
-0.0468349
-0.0472568
-0.0477693
-0.048379
-0.0490911
-0.0499087
-0.0508337
-0.0518661
-0.0530047
-0.0542467
-0.0555879
-0.0570229
-0.0585448
-0.0601456
-0.0618159
-0.0635449
-0.0653205
-0.0671296
-0.0689575
-0.0707884
-0.072605
-0.074389
-0.0761208
-0.0777796
-0.0793434
-0.0807895
-0.0820939
-0.083232
-0.0841783
-0.0849069
-0.0853915
-0.0856058
-0.0855236
-0.085119
-0.0843671
-0.0832443
-0.0817286
-0.0798005
-0.0774436
-0.0746451
-0.0713976
-0.0676992
-0.0635556
-0.0589813
-0.0540011
-0.0486522
-0.0429859
-0.037069
-0.0309859
-0.0248388
-0.0187479
-0.0128494
-0.00729206
-0.00223174
0.00217705
0.00579094
0.00848897
0.010183
0.0108244
0.01041
0.009009
0.00672174
0.00328346
-0.00152559
-0.0442243
-0.0450602
-0.0457183
-0.0462396
-0.0466764
-0.047024
-0.0472831
-0.0474638
-0.0475801
-0.047649
-0.0476892
-0.0477202
-0.0477618
-0.0478325
-0.04795
-0.0481299
-0.0483859
-0.0487299
-0.0491715
-0.0497182
-0.0503756
-0.0511474
-0.0520355
-0.0530401
-0.0541597
-0.0553915
-0.0567311
-0.0581726
-0.0597089
-0.0613314
-0.0630303
-0.0647945
-0.0666113
-0.068467
-0.0703465
-0.0722333
-0.0741096
-0.0759565
-0.0777538
-0.0794801
-0.0811127
-0.082628
-0.0840015
-0.0852077
-0.0862202
-0.0870123
-0.0875567
-0.0878261
-0.087793
-0.0874304
-0.0867121
-0.0856128
-0.084109
-0.0821792
-0.0798051
-0.0769716
-0.0736686
-0.0698915
-0.0656429
-0.0609338
-0.0557855
-0.0502316
-0.0443197
-0.0381138
-0.031696
-0.0251679
-0.0186512
-0.0122865
-0.0062307
-0.000651661
0.00427994
0.00840105
0.0115688
0.013673
0.0146446
0.014465
0.0131957
0.0109357
0.00740275
0.0023684
-0.0465594
-0.0474651
-0.048169
-0.0487135
-0.0491537
-0.0494841
-0.0497054
-0.0498291
-0.0498718
-0.0498534
-0.0497958
-0.049722
-0.0496547
-0.0496156
-0.0496247
-0.0497
-0.0498571
-0.0501093
-0.0504671
-0.0509391
-0.0515313
-0.0522477
-0.0530902
-0.0540591
-0.0551527
-0.0563679
-0.0576998
-0.0591423
-0.0606877
-0.062327
-0.0640498
-0.0658444
-0.0676977
-0.0695953
-0.0715214
-0.0734591
-0.07539
-0.0772944
-0.0791515
-0.0809393
-0.0826343
-0.0842124
-0.085648
-0.086915
-0.0879862
-0.0888339
-0.08943
-0.089746
-0.0897533
-0.0894239
-0.08873
-0.0876452
-0.0861442
-0.084204
-0.081804
-0.0789274
-0.0755614
-0.0716988
-0.0673393
-0.0624904
-0.0571702
-0.0514081
-0.0452483
-0.0387512
-0.031996
-0.0250827
-0.0181334
-0.0112918
-0.00472169
0.00139807
0.00688102
0.0115441
0.0152211
0.0177774
0.0191206
0.0192131
0.0181055
0.0158934
0.0122746
0.00701154
-0.0489563
-0.0499528
-0.0507157
-0.0512892
-0.0517336
-0.0520423
-0.0522164
-0.0522699
-0.0522228
-0.0520987
-0.0519238
-0.0517248
-0.0515285
-0.05136
-0.0512422
-0.0511955
-0.0512377
-0.0513833
-0.0516442
-0.0520295
-0.0525458
-0.0531973
-0.0539859
-0.0549116
-0.0559725
-0.057165
-0.0584838
-0.0599222
-0.0614719
-0.0631235
-0.0648657
-0.0666864
-0.0685717
-0.0705066
-0.0724748
-0.0744586
-0.0764388
-0.0783954
-0.0803066
-0.0821497
-0.0839007
-0.0855346
-0.0870251
-0.0883452
-0.0894669
-0.0903617
-0.0910003
-0.0913533
-0.0913913
-0.0910847
-0.0904047
-0.0893234
-0.0878141
-0.0858521
-0.0834152
-0.0804843
-0.0770445
-0.0730861
-0.0686058
-0.0636083
-0.0581078
-0.0521304
-0.0457161
-0.0389216
-0.0318226
-0.0245169
-0.0171255
-0.00979432
-0.00269236
0.00399152
0.0100558
0.0152974
0.0195256
0.0225791
0.024339
0.0247447
0.0238326
0.0216918
0.0179974
0.0125016
-0.0514281
-0.0525408
-0.053378
-0.0539873
-0.0544356
-0.054716
-0.0548309
-0.0547977
-0.0546409
-0.0543891
-0.0540736
-0.0537263
-0.0533783
-0.0530586
-0.0527935
-0.0526062
-0.0525163
-0.0525401
-0.0526906
-0.0529774
-0.0534074
-0.0539848
-0.0547115
-0.055587
-0.056609
-0.0577733
-0.0590741
-0.0605039
-0.0620539
-0.0637136
-0.0654714
-0.0673142
-0.0692275
-0.0711957
-0.0732015
-0.0752267
-0.0772514
-0.0792548
-0.0812144
-0.0831068
-0.0849072
-0.0865897
-0.0881275
-0.0894926
-0.0906562
-0.0915888
-0.0922602
-0.09264
-0.0926976
-0.0924024
-0.0917243
-0.090634
-0.0891035
-0.0871064
-0.0846188
-0.0816197
-0.0780922
-0.0740241
-0.0694095
-0.0642501
-0.0585568
-0.052352
-0.0456718
-0.0385688
-0.031115
-0.0234051
-0.0155583
-0.00772119
-6.68125e-05
0.00720735
0.0138857
0.0197453
0.0245702
0.0281701
0.0303963
0.0311613
0.0304829
0.02844
0.0246814
0.0189479
-0.053993
-0.0552528
-0.0561824
-0.0568341
-0.0572847
-0.0575274
-0.0575671
-0.0574263
-0.0571355
-0.0567297
-0.0562466
-0.0557242
-0.0551986
-0.0547036
-0.0542692
-0.0539212
-0.0536816
-0.053568
-0.0535943
-0.0537708
-0.0541045
-0.0545993
-0.0552567
-0.0560758
-0.0570535
-0.058185
-0.0594636
-0.0608811
-0.0624277
-0.0640922
-0.0658622
-0.0677238
-0.0696616
-0.0716592
-0.0736987
-0.075761
-0.0778255
-0.0798704
-0.0818729
-0.0838084
-0.0856516
-0.0873758
-0.0889531
-0.0903548
-0.0915513
-0.0925121
-0.093206
-0.0936016
-0.0936671
-0.0933709
-0.0926815
-0.0915685
-0.0900022
-0.0879549
-0.0854008
-0.0823172
-0.0786852
-0.0744902
-0.069724
-0.0643854
-0.058482
-0.0520327
-0.0450699
-0.0376418
-0.0298166
-0.0216851
-0.0133642
-0.00499971
0.00323242
0.0111275
0.0184572
0.0249787
0.0304507
0.0346518
0.0374
0.0385764
0.0381751
0.0362609
0.0324511
0.0264734
-0.0566759
-0.0581203
-0.0591632
-0.0598638
-0.0603127
-0.0605044
-0.060448
-0.060173
-0.0597181
-0.0591267
-0.0584443
-0.0577158
-0.0569838
-0.0562869
-0.0556591
-0.0551293
-0.0547215
-0.0544547
-0.0543435
-0.0543984
-0.0546262
-0.0550306
-0.0556123
-0.0563696
-0.0572987
-0.0583935
-0.0596467
-0.0610489
-0.0625894
-0.0642562
-0.0660357
-0.0679132
-0.0698725
-0.0718963
-0.0739659
-0.0760612
-0.0781611
-0.0802428
-0.0822826
-0.0842554
-0.0861348
-0.0878933
-0.0895024
-0.0909323
-0.0921525
-0.0931315
-0.0938373
-0.0942372
-0.0942985
-0.0939881
-0.0932736
-0.092123
-0.0905053
-0.088391
-0.085753
-0.0825666
-0.0788108
-0.0744691
-0.0695307
-0.0639915
-0.0578564
-0.0511408
-0.0438729
-0.0360973
-0.0278776
-0.0193004
-0.0104797
-0.00155974
0.00728222
0.0158356
0.0238603
0.0310947
0.0372713
0.0421359
0.0454697
0.0471173
0.0470437
0.0452939
0.0414476
0.0352167
-0.0595107
-0.0611852
-0.0623656
-0.0631207
-0.0635601
-0.0636818
-0.0635015
-0.0630586
-0.0624026
-0.0615873
-0.0606681
-0.0596982
-0.0587271
-0.0577991
-0.0569523
-0.0562185
-0.0556237
-0.055188
-0.0549263
-0.054849
-0.0549626
-0.0552697
-0.0557703
-0.0564616
-0.0573386
-0.0583941
-0.0596196
-0.0610045
-0.0625371
-0.0642042
-0.0659913
-0.0678826
-0.0698611
-0.0719083
-0.0740048
-0.0761296
-0.0782606
-0.0803744
-0.0824464
-0.0844506
-0.0863597
-0.0881456
-0.0897786
-0.0912282
-0.0924629
-0.0934501
-0.0941569
-0.0945495
-0.094594
-0.0942561
-0.0935021
-0.0922984
-0.0906128
-0.0884141
-0.0856735
-0.0823644
-0.0784638
-0.0739532
-0.0688191
-0.0630551
-0.0566627
-0.0496539
-0.0420535
-0.0339015
-0.0252572
-0.016203
-0.00684883
0.0026634
0.0121561
0.0214142
0.0301869
0.0381948
0.0451435
0.0507445
0.0547383
0.0569274
0.0572414
0.0556983
0.0518325
0.0453358
-0.0625432
-0.0645034
-0.0658486
-0.0666618
-0.0670782
-0.067103
-0.0667617
-0.0661077
-0.0652046
-0.0641196
-0.0629194
-0.0616675
-0.0604209
-0.0592299
-0.0581367
-0.057176
-0.0563753
-0.0557552
-0.0553309
-0.055112
-0.0551039
-0.0553084
-0.0557239
-0.0563462
-0.057169
-0.0581837
-0.0593803
-0.060747
-0.0622708
-0.0639373
-0.0657308
-0.0676344
-0.0696301
-0.0716985
-0.0738191
-0.0759702
-0.0781286
-0.0802702
-0.0823693
-0.0843993
-0.0863319
-0.0881381
-0.0897874
-0.0912482
-0.0924882
-0.0934738
-0.0941708
-0.0945444
-0.0945595
-0.0941806
-0.0933725
-0.0921003
-0.09033
-0.088029
-0.0851665
-0.0817141
-0.0776467
-0.0729435
-0.0675885
-0.0615725
-0.054894
-0.0475616
-0.0395959
-0.0310329
-0.0219272
-0.0123564
-0.00242602
0.00772522
0.0179205
0.0279415
0.0375281
0.0463832
0.0541858
0.0606106
0.0653537
0.0681689
0.0689426
0.067658
0.0637924
0.0570128
-0.0658356
-0.0681492
-0.0696901
-0.0705606
-0.0709323
-0.0708218
-0.0702701
-0.0693495
-0.0681422
-0.0667318
-0.0651991
-0.0636185
-0.0620559
-0.0605672
-0.0591988
-0.0579878
-0.0569625
-0.0561437
-0.0555456
-0.0551769
-0.0550415
-0.0551394
-0.0554674
-0.0560194
-0.0567873
-0.057761
-0.0589288
-0.0602774
-0.0617925
-0.0634581
-0.0652576
-0.0671727
-0.0691844
-0.0712723
-0.0734148
-0.0755892
-0.0777716
-0.0799368
-0.0820584
-0.0841087
-0.0860587
-0.0878785
-0.0895365
-0.0910004
-0.0922367
-0.0932108
-0.0938875
-0.0942309
-0.0942043
-0.0937712
-0.0928947
-0.0915386
-0.0896673
-0.0872463
-0.0842428
-0.0806265
-0.0763701
-0.0714501
-0.065848
-0.0595516
-0.0525561
-0.0448664
-0.036499
-0.0274852
-0.0178747
-0.00773967
0.00281927
0.0136676
0.0246303
0.035487
0.0459695
0.0557637
0.0645211
0.0718775
0.0774795
0.0810254
0.0823487
0.0813869
0.077546
0.0704593
-0.0694721
-0.0722224
-0.0739926
-0.0749125
-0.0752045
-0.0749045
-0.0740761
-0.0728175
-0.0712348
-0.0694319
-0.0675059
-0.0655437
-0.0636199
-0.0617965
-0.0601231
-0.0586382
-0.0573705
-0.0563397
-0.0555586
-0.0550339
-0.0547673
-0.0547567
-0.0549964
-0.0554784
-0.0561924
-0.0571263
-0.0582666
-0.0595984
-0.0611057
-0.0627714
-0.0645771
-0.0665036
-0.0685306
-0.0706366
-0.0727991
-0.0749944
-0.0771977
-0.0793827
-0.0815223
-0.0835878
-0.0855495
-0.0873763
-0.0890359
-0.0904949
-0.0917189
-0.0926723
-0.0933186
-0.0936207
-0.0935409
-0.093041
-0.0920828
-0.0906285
-0.0886405
-0.0860827
-0.0829202
-0.0791203
-0.0746533
-0.069493
-0.063618
-0.0570127
-0.0496686
-0.0415864
-0.0327781
-0.0232699
-0.0131056
-0.00235152
0.00889786
0.0205132
0.0323228
0.0441058
0.0555865
0.0664349
0.0762738
0.0846973
0.0912969
0.0957058
0.0976936
0.097138
0.0933528
0.0859261
-0.0735675
-0.0768574
-0.0788919
-0.0798409
-0.0799987
-0.0794323
-0.078238
-0.0765492
-0.0745023
-0.0722258
-0.0698356
-0.0674317
-0.0650975
-0.0628999
-0.060891
-0.0591094
-0.0575827
-0.0563287
-0.0553574
-0.0546728
-0.0542735
-0.0541545
-0.0543075
-0.0547216
-0.0553843
-0.0562812
-0.0573967
-0.0587142
-0.0602159
-0.0618831
-0.0636962
-0.0656346
-0.0676768
-0.0698002
-0.0719812
-0.0741953
-0.0764165
-0.078618
-0.0807714
-0.0828473
-0.0848151
-0.0866428
-0.0882973
-0.0897441
-0.0909477
-0.0918716
-0.0924782
-0.0927291
-0.0925853
-0.0920072
-0.0909552
-0.0893895
-0.087271
-0.0845614
-0.0812235
-0.0772222
-0.0725251
-0.067103
-0.060931
-0.0539897
-0.0462664
-0.037757
-0.0284681
-0.0184197
-0.00764902
0.00378496
0.0157952
0.0282595
0.0410111
0.0538304
0.0664364
0.0784834
0.0895648
0.0992289
0.107004
0.112449
0.115252
0.115214
0.111527
0.103715
-0.0782803
-0.0822371
-0.084569
-0.0855061
-0.0854456
-0.0845031
-0.0828228
-0.0805844
-0.0779627
-0.0751153
-0.0721782
-0.069265
-0.0664669
-0.0638542
-0.0614795
-0.0593799
-0.0575801
-0.0560942
-0.0549286
-0.0540829
-0.0535523
-0.0533277
-0.0533977
-0.0537484
-0.0543642
-0.0552286
-0.0563235
-0.0576303
-0.0591296
-0.0608008
-0.0626231
-0.0645745
-0.0666323
-0.0687728
-0.0709714
-0.0732024
-0.0754393
-0.0776539
-0.0798174
-0.0818994
-0.0838683
-0.0856913
-0.0873343
-0.0887621
-0.0899382
-0.0908248
-0.0913834
-0.0915744
-0.0913573
-0.0906913
-0.089535
-0.0878471
-0.0855864
-0.0827123
-0.0791856
-0.0749682
-0.0700248
-0.0643226
-0.0578329
-0.0505319
-0.0424019
-0.0334331
-0.0236256
-0.012992
-0.00156109
0.0106171
0.0234653
0.0368707
0.0506747
0.0646619
0.0785485
0.0919744
0.104503
0.115632
0.124818
0.131526
0.135349
0.135983
0.132455
0.124198
-0.0838309
-0.0886128
-0.0912672
-0.0921162
-0.0917079
-0.0902333
-0.0879044
-0.0849621
-0.0816282
-0.0780929
-0.0745138
-0.0710165
-0.0676976
-0.0646284
-0.0618593
-0.0594231
-0.0573394
-0.055617
-0.0542565
-0.0532524
-0.052595
-0.0522708
-0.0522644
-0.0525583
-0.053134
-0.0539719
-0.0550519
-0.056353
-0.057854
-0.0595328
-0.0613669
-0.0633331
-0.0654074
-0.0675652
-0.0697808
-0.0720276
-0.074278
-0.0765033
-0.0786735
-0.0807576
-0.0827232
-0.0845366
-0.0861629
-0.0875659
-0.0887082
-0.089551
-0.0900548
-0.0901787
-0.089881
-0.0891193
-0.0878509
-0.0860325
-0.0836209
-0.0805735
-0.0768481
-0.0724042
-0.0672026
-0.061207
-0.0543842
-0.0467052
-0.0381465
-0.0286914
-0.0183319
-0.00707177
0.0050707
0.0180573
0.0318235
0.0462698
0.0612499
0.0765574
0.0919103
0.106937
0.121172
0.134057
0.144964
0.153248
0.158375
0.159901
0.156627
0.147846
-0.0905316
-0.0963346
-0.0993149
-0.0999409
-0.098986
-0.0967565
-0.093559
-0.0897135
-0.0854973
-0.0811358
-0.0768065
-0.0726438
-0.0687458
-0.0651804
-0.0619916
-0.0592049
-0.0568317
-0.054873
-0.0533221
-0.0521669
-0.0513914
-0.0509772
-0.0509041
-0.0511507
-0.0516951
-0.0525149
-0.0535872
-0.054889
-0.0563971
-0.0580879
-0.0599372
-0.0619207
-0.0640133
-0.0661891
-0.0684217
-0.0706834
-0.072946
-0.0751798
-0.0773542
-0.0794373
-0.081396
-0.0831958
-0.084801
-0.0861747
-0.0872784
-0.0880726
-0.0885166
-0.0885683
-0.088185
-0.0873229
-0.0859375
-0.0839838
-0.0814168
-0.0781913
-0.0742626
-0.0695868
-0.0641214
-0.0578256
-0.0506613
-0.0425936
-0.033592
-0.0236318
-0.0126955
-0.000775335
0.0121233
0.0259775
0.0407397
0.056329
0.0726178
0.0894161
0.106451
0.123348
0.139614
0.154632
0.167676
0.177964
0.184798
0.187541
0.184677
0.175271
-0.0988342
-0.105899
-0.109159
-0.109328
-0.107521
-0.104217
-0.0998545
-0.09485
-0.0895433
-0.0841941
-0.0789946
-0.0740817
-0.0695478
-0.0654512
-0.0618242
-0.0586804
-0.0560196
-0.0538321
-0.0521018
-0.0508084
-0.0499287
-0.0494384
-0.049312
-0.049524
-0.0500487
-0.0508606
-0.0519344
-0.0532448
-0.0547667
-0.0564749
-0.0583439
-0.0603481
-0.0624612
-0.0646566
-0.0669068
-0.0691835
-0.0714575
-0.0736986
-0.0758754
-0.0779554
-0.0799047
-0.0816882
-0.0832696
-0.084611
-0.0856733
-0.0864161
-0.0867976
-0.086775
-0.0863042
-0.08534
-0.0838367
-0.0817473
-0.0790249
-0.075622
-0.071491
-0.0665849
-0.0608572
-0.0542626
-0.0467573
-0.0383
-0.0288522
-0.0183797
-0.00685349
0.00574772
0.0194349
0.0342045
0.0500315
0.0668604
0.0845916
0.103062
0.122021
0.141103
0.159797
0.177432
0.19317
0.206056
0.21518
0.21964
0.217447
0.207304
-0.109413
-0.11802
-0.121412
-0.120721
-0.117589
-0.112757
-0.10683
-0.100341
-0.0936941
-0.0871741
-0.0809772
-0.0752309
-0.0700117
-0.0653592
-0.0612869
-0.0577907
-0.0548547
-0.0524556
-0.0505654
-0.049154
-0.0481902
-0.0476429
-0.0474811
-0.0476747
-0.0481942
-0.0490112
-0.0500976
-0.0514262
-0.0529701
-0.0547024
-0.0565965
-0.0586257
-0.0607627
-0.0629801
-0.0652495
-0.0675421
-0.0698279
-0.0720762
-0.0742549
-0.076331
-0.07827
-0.0800363
-0.0815929
-0.0829013
-0.0839217
-0.0846129
-0.0849325
-0.0848365
-0.0842799
-0.0832163
-0.0815985
-0.0793781
-0.076506
-0.0729325
-0.0686074
-0.0634802
-0.0575004
-0.0506179
-0.0427831
-0.0339472
-0.0240631
-0.0130856
-0.000972748
0.0123131
0.0268028
0.0425166
0.0594587
0.077608
0.0969039
0.117226
0.138366
0.159986
0.181582
0.20244
0.221608
0.237924
0.250197
0.257147
0.256092
0.245113
-0.12331
-0.133751
-0.136909
-0.134666
-0.129485
-0.122476
-0.114456
-0.10608
-0.0978023
-0.0899141
-0.0825949
-0.0759442
-0.0700071
-0.0647925
-0.060286
-0.0564591
-0.0532754
-0.0506945
-0.0486749
-0.047175
-0.0461549
-0.045576
-0.0454016
-0.0455972
-0.0461295
-0.0469672
-0.0480798
-0.0494381
-0.0510136
-0.0527783
-0.0547044
-0.0567641
-0.0589295
-0.0611724
-0.0634639
-0.0657745
-0.0680739
-0.0703307
-0.0725125
-0.0745857
-0.0765156
-0.0782659
-0.0797992
-0.0810765
-0.0820575
-0.0827004
-0.082962
-0.0827976
-0.0821613
-0.0810057
-0.0792823
-0.0769412
-0.0739316
-0.0702016
-0.0656982
-0.0603678
-0.054156
-0.0470075
-0.0388666
-0.0296771
-0.0193823
-0.00792505
0.00475133
0.018703
0.0339838
0.0506431
0.0687212
0.0882413
0.109197
0.131529
0.155097
0.17963
0.204667
0.229487
0.253041
0.27394
0.29063
0.301303
0.302235
0.290439
-0.142221
-0.154671
-0.156781
-0.151803
-0.143466
-0.133373
-0.122575
-0.111829
-0.101602
-0.0921522
-0.0836075
-0.0760112
-0.0693556
-0.0636033
-0.0587013
-0.0545893
-0.0512057
-0.04849
-0.0463851
-0.0448374
-0.0437975
-0.0432195
-0.0430613
-0.0432839
-0.0438507
-0.0447277
-0.0458824
-0.0472841
-0.0489029
-0.0507098
-0.052676
-0.0547733
-0.0569731
-0.0592466
-0.0615646
-0.0638972
-0.0662136
-0.0684823
-0.0706705
-0.0727443
-0.0746687
-0.0764071
-0.0779216
-0.0791732
-0.0801209
-0.0807225
-0.0809344
-0.0807113
-0.0800064
-0.0787716
-0.0769573
-0.0745124
-0.0713844
-0.0675195
-0.0628623
-0.0573561
-0.0509426
-0.0435618
-0.0351519
-0.0256489
-0.0149863
-0.00309478
0.0100984
0.0246694
0.0406983
0.0582676
0.0774605
0.098355
0.121014
0.145466
0.171671
0.199473
0.228518
0.258153
0.287298
0.314356
0.33734
0.353712
0.358213
0.346008
-0.169062
-0.18319
-0.182513
-0.172793
-0.159631
-0.145218
-0.130792
-0.117136
-0.10465
-0.0934875
-0.0836697
-0.0751444
-0.0678236
-0.0616055
-0.0563864
-0.0520676
-0.0485578
-0.045775
-0.0436453
-0.0421032
-0.04109
-0.0405533
-0.040446
-0.0407253
-0.0413521
-0.0422902
-0.0435057
-0.0449666
-0.0466423
-0.048503
-0.0505196
-0.0526632
-0.0549051
-0.0572163
-0.0595672
-0.0619278
-0.0642672
-0.0665536
-0.0687543
-0.070835
-0.0727607
-0.0744946
-0.0759988
-0.0772338
-0.0781586
-0.0787306
-0.078906
-0.0786389
-0.0778822
-0.0765871
-0.074703
-0.072178
-0.0689583
-0.0649882
-0.0602105
-0.0545655
-0.0479916
-0.0404243
-0.0317961
-0.0220355
-0.0110667
0.00119206
0.0148294
0.0299425
0.0466387
0.065037
0.0852685
0.107475
0.131805
0.158398
0.187359
0.218706
0.252287
0.287643
0.323806
0.359103
0.391118
0.41638
0.427451
0.41638
-0.209169
-0.223014
-0.215873
-0.198057
-0.177646
-0.157314
-0.138295
-0.121214
-0.106248
-0.0933347
-0.0823083
-0.0729707
-0.0651221
-0.0585776
-0.0531732
-0.0487668
-0.0452364
-0.0424777
-0.0404017
-0.0389319
-0.0380022
-0.0375548
-0.037539
-0.0379095
-0.0386255
-0.0396495
-0.040947
-0.0424854
-0.0442337
-0.0461621
-0.0482412
-0.0504422
-0.0527363
-0.0550944
-0.0574873
-0.0598847
-0.0622559
-0.0645691
-0.0667916
-0.0688893
-0.070827
-0.072568
-0.0740745
-0.0753068
-0.0762239
-0.0767833
-0.0769407
-0.0766503
-0.0758646
-0.0745344
-0.0726085
-0.0700343
-0.0667571
-0.0627199
-0.0578636
-0.0521266
-0.0454441
-0.0377479
-0.0289655
-0.0190189
-0.0078237
0.00471314
0.0186952
0.0342398
0.0514811
0.0705747
0.0917019
0.115074
0.140936
0.169561
0.201238
0.236233
0.274714
0.316601
0.361306
0.407387
0.452284
0.491544
0.514941
0.5095
-0.272544
-0.279688
-0.258588
-0.227278
-0.196293
-0.168166
-0.143642
-0.122821
-0.105395
-0.0909166
-0.0789376
-0.0690566
-0.0609339
-0.0542893
-0.048895
-0.0445664
-0.0411535
-0.0385341
-0.0366071
-0.0352886
-0.0345079
-0.0342043
-0.0343255
-0.0348254
-0.0356627
-0.0368001
-0.038203
-0.0398393
-0.0416782
-0.0436901
-0.0458462
-0.048118
-0.050477
-0.0528944
-0.0553412
-0.0577875
-0.0602028
-0.0625555
-0.0648132
-0.0669419
-0.0689067
-0.0706711
-0.0721973
-0.073446
-0.0743761
-0.0749452
-0.0751091
-0.074822
-0.0740362
-0.0727025
-0.0707696
-0.0681842
-0.0648909
-0.0608321
-0.0559475
-0.0501737
-0.043444
-0.035687
-0.0268265
-0.0167792
-0.00545387
0.00725191
0.0214543
0.0372878
0.0549103
0.0745107
0.0963175
0.12061
0.147732
0.178103
0.212226
0.250683
0.294091
0.342986
0.397563
0.457243
0.520062
0.581124
0.627446
0.63883
-0.378122
-0.360842
-0.311686
-0.258941
-0.21318
-0.175362
-0.1448
-0.120399
-0.100966
-0.085457
-0.0730386
-0.0630659
-0.0550483
-0.0486141
-0.0434804
-0.0394305
-0.0362961
-0.0339447
-0.0322704
-0.0311869
-0.0306232
-0.0305191
-0.0308232
-0.0314907
-0.0324817
-0.0337599
-0.0352921
-0.0370472
-0.0389954
-0.041108
-0.0433571
-0.0457148
-0.0481532
-0.0506443
-0.0531595
-0.0556694
-0.058144
-0.0605522
-0.0628618
-0.0650394
-0.0670502
-0.0688582
-0.0704258
-0.071714
-0.0726821
-0.0732879
-0.0734873
-0.0732348
-0.0724829
-0.0711822
-0.0692816
-0.0667277
-0.0634649
-0.0594351
-0.0545775
-0.0488277
-0.0421176
-0.0343743
-0.0255188
-0.0154647
-0.0041158
0.00863651
0.0229173
0.0388734
0.0566804
0.0765525
0.0987561
0.123628
0.151599
0.183227
0.219238
0.260569
0.308401
0.364147
0.429331
0.50525
0.591982
0.685716
0.773206
0.826832
-0.569414
-0.474928
-0.371527
-0.287598
-0.223176
-0.174786
-0.138856
-0.112052
-0.0917935
-0.0762723
-0.0642352
-0.0548103
-0.0473878
-0.0415368
-0.0369477
-0.0333936
-0.0307046
-0.0287508
-0.0274305
-0.0266625
-0.0263801
-0.0265278
-0.027058
-0.0279291
-0.0291043
-0.0305498
-0.0322346
-0.0341295
-0.0362062
-0.0384376
-0.0407969
-0.0432573
-0.045792
-0.0483736
-0.0509744
-0.0535658
-0.0561183
-0.0586014
-0.0609834
-0.0632314
-0.0653113
-0.0671873
-0.0688223
-0.0701778
-0.0712134
-0.0718872
-0.0721557
-0.0719735
-0.0712935
-0.0700668
-0.0682422
-0.0657667
-0.0625849
-0.0586386
-0.053867
-0.0482056
-0.041586
-0.0339347
-0.0251718
-0.0152096
-0.00395019
0.00871777
0.0229232
0.0388184
0.0565875
0.0764577
0.0987157
0.123732
0.151994
0.184159
0.22113
0.264164
0.315029
0.376203
0.451118
0.544314
0.660238
0.800057
0.962179
1.12362
-0.965529
-0.622977
-0.409706
-0.288231
-0.20865
-0.154714
-0.118214
-0.0928794
-0.074655
-0.061157
-0.0509393
-0.043082
-0.036985
-0.0322478
-0.028595
-0.0258312
-0.0238132
-0.0224331
-0.0216068
-0.0212673
-0.0213596
-0.0218372
-0.02266
-0.0237925
-0.0252029
-0.0268615
-0.0287407
-0.030814
-0.0330558
-0.0354408
-0.0379441
-0.0405404
-0.0432042
-0.0459095
-0.0486293
-0.0513362
-0.0540015
-0.0565955
-0.0590873
-0.0614447
-0.063634
-0.0656203
-0.067367
-0.068836
-0.0699876
-0.0707805
-0.0711715
-0.0711158
-0.0705669
-0.0694763
-0.0677934
-0.0654657
-0.0624382
-0.0586536
-0.0540516
-0.0485684
-0.0421365
-0.0346833
-0.0261302
-0.0163909
-0.00536921
0.00704384
0.0209742
0.0365705
0.054012
0.0735197
0.0953734
0.119936
0.14769
0.179299
0.215697
0.258255
0.309041
0.371294
0.450294
0.554683
0.69673
0.894361
1.19845
1.65352
-1.67872
-0.771017
-0.36988
-0.222416
-0.147606
-0.103008
-0.0760732
-0.0589097
-0.0470834
-0.0384547
-0.0319385
-0.0269211
-0.0230326
-0.0200394
-0.0177855
-0.0161606
-0.0150832
-0.0144899
-0.0143301
-0.0145616
-0.0151482
-0.0160582
-0.0172627
-0.0187355
-0.0204518
-0.0223878
-0.0245207
-0.026828
-0.0292874
-0.0318765
-0.0345726
-0.0373526
-0.0401928
-0.0430687
-0.045955
-0.0488252
-0.0516521
-0.0544069
-0.0570596
-0.059579
-0.0619322
-0.0640852
-0.066002
-0.0676454
-0.0689762
-0.0699539
-0.070536
-0.0706784
-0.0703352
-0.0694586
-0.0679989
-0.0659043
-0.0631211
-0.0595929
-0.0552606
-0.0500624
-0.0439326
-0.036801
-0.0285925
-0.0192249
-0.00860764
0.00336085
0.0167965
0.0318344
0.0486347
0.0673922
0.0883493
0.111815
0.138194
0.168035
0.202107
0.241537
0.288079
0.344663
0.416689
0.514934
0.660997
0.907191
1.42724
2.45791
)
;

boundaryField
{
    movingWall
    {
        type            zeroGradient;
    }
    fixedWalls
    {
        type            zeroGradient;
    }
    frontAndBack
    {
        type            empty;
    }
}


// ************************************************************************* //
