/*--------------------------------*- C++ -*----------------------------------*\
  =========                 |
  \\      /  F ield         | OpenFOAM: The Open Source CFD Toolbox
   \\    /   O peration     | Website:  https://openfoam.org
    \\  /    A nd           | Version:  7
     \\/     M anipulation  |
\*---------------------------------------------------------------------------*/
FoamFile
{
    version     2.0;
    format      ascii;
    class       volScalarField;
    location    "2.85";
    object      p;
}
// * * * * * * * * * * * * * * * * * * * * * * * * * * * * * * * * * * * * * //

dimensions      [0 2 -2 0 0 0 0];

internalField   nonuniform List<scalar> 
6400
(
3.0049e-07
1.53288e-05
5.11476e-06
-3.3816e-05
-9.92015e-05
-0.000187708
-0.000295677
-0.000419762
-0.000557251
-0.00070609
-0.000864795
-0.00103231
-0.00120788
-0.00139091
-0.00158085
-0.00177711
-0.00197896
-0.00218545
-0.00239541
-0.00260739
-0.00281961
-0.00303002
-0.00323622
-0.00343553
-0.00362499
-0.00380143
-0.00396146
-0.0041016
-0.00421833
-0.00430817
-0.00436784
-0.00439434
-0.00438509
-0.00433808
-0.00425197
-0.00412628
-0.00396146
-0.00375902
-0.00352159
-0.00325297
-0.00295817
-0.00264308
-0.00231506
-0.00198207
-0.00165281
-0.00133644
-0.00104232
-0.000779646
-0.00055715
-0.000382745
-0.000263211
-0.000203903
-0.000208502
-0.000278844
-0.000414819
-0.000614356
-0.000873495
-0.00118655
-0.00154651
-0.00194485
-0.00237256
-0.00282006
-0.00327771
-0.00373613
-0.00418653
-0.00462097
-0.00503244
-0.00541505
-0.00576398
-0.00607542
-0.00634649
-0.00657504
-0.00675957
-0.00689909
-0.00699325
-0.00704267
-0.00704999
-0.00702184
-0.00697109
-0.00691671
-1.42808e-05
4.73701e-07
-1.15149e-05
-4.885e-05
-0.000108385
-0.000187959
-0.000285094
-0.000397321
-0.00052251
-0.000658945
-0.000805314
-0.000960617
-0.0011241
-0.00129512
-0.00147311
-0.00165743
-0.00184737
-0.00204203
-0.00224032
-0.00244089
-0.00264214
-0.00284219
-0.00303886
-0.00322972
-0.00341209
-0.00358304
-0.00373948
-0.00387819
-0.00399592
-0.00408942
-0.00415563
-0.0041917
-0.00419518
-0.00416408
-0.0040971
-0.00399366
-0.00385404
-0.00367954
-0.00347247
-0.00323625
-0.0029754
-0.00269542
-0.00240292
-0.0021053
-0.00181062
-0.0015274
-0.0012643
-0.0010299
-0.000832312
-0.000678902
-0.000575976
-0.000528501
-0.000539884
-0.000611798
-0.0007441
-0.000934818
-0.00118023
-0.00147502
-0.00181253
-0.00218505
-0.00258406
-0.00300073
-0.00342619
-0.00385184
-0.00426962
-0.00467227
-0.00505346
-0.00540785
-0.00573114
-0.00601999
-0.00627196
-0.00648535
-0.00665917
-0.00679302
-0.00688718
-0.00694284
-0.00696282
-0.00695232
-0.00691666
-0.00686222
-3.34769e-06
1.2216e-05
-5.34096e-07
-3.73104e-05
-9.39002e-05
-0.000168406
-0.000258835
-0.0003632
-0.00047976
-0.000607095
-0.000744101
-0.000889923
-0.00104389
-0.00120545
-0.00137407
-0.00154918
-0.00173014
-0.00191615
-0.00210621
-0.00229911
-0.00249339
-0.00268734
-0.00287897
-0.00306602
-0.00324599
-0.00341614
-0.00357355
-0.00371514
-0.00383776
-0.00393828
-0.00401366
-0.00406106
-0.00407798
-0.00406237
-0.00401276
-0.00392839
-0.00380934
-0.00365661
-0.00347224
-0.00325931
-0.00302192
-0.00276546
-0.00249601
-0.00222065
-0.00194712
-0.00168361
-0.00143853
-0.00122018
-0.00103645
-0.000894524
-0.000800549
-0.000759379
-0.00077434
-0.000847067
-0.000977411
-0.00116344
-0.0014015
-0.0016864
-0.00201164
-0.00236968
-0.00275237
-0.00315105
-0.00355725
-0.00396273
-0.00435985
-0.00474178
-0.0051026
-0.00543746
-0.00574248
-0.00601478
-0.00625236
-0.00645396
-0.006619
-0.00674745
-0.00683979
-0.00689711
-0.00692164
-0.00691675
-0.00688116
-0.00681165
3.78371e-05
4.99093e-05
3.43995e-05
-3.60917e-06
-5.9599e-05
-0.000131668
-0.000218075
-0.000317099
-0.000427323
-0.000547624
-0.000677137
-0.000815212
-0.000961347
-0.00111513
-0.00127616
-0.001444
-0.00161814
-0.0017979
-0.00198243
-0.00217067
-0.00236133
-0.00255283
-0.00274334
-0.00293076
-0.0031127
-0.00328655
-0.00344944
-0.00359835
-0.00373013
-0.00384161
-0.00392965
-0.00399129
-0.00402384
-0.00402505
-0.00399319
-0.00392724
-0.00382698
-0.00369312
-0.0035274
-0.00333262
-0.00311262
-0.00287251
-0.00261822
-0.00235667
-0.00209546
-0.00184271
-0.00160679
-0.001396
-0.00121827
-0.00108084
-0.000989918
-0.000950445
-0.000965819
-0.00103774
-0.00116609
-0.00134898
-0.00158275
-0.0018622
-0.0021808
-0.00253101
-0.00290462
-0.00329309
-0.00368792
-0.00408103
-0.00446492
-0.00483301
-0.00517967
-0.00550038
-0.00579167
-0.00605107
-0.00627701
-0.00646866
-0.0066258
-0.00674867
-0.00683778
-0.00689387
-0.00691842
-0.00691317
-0.00687188
-0.00678484
0.000108276
0.000111108
8.96164e-05
4.8265e-05
-9.02038e-06
-8.04191e-05
-0.000164382
-0.000259519
-0.00036474
-0.000479231
-0.000602413
-0.000733884
-0.000873366
-0.00102065
-0.00117551
-0.00133772
-0.00150691
-0.00168259
-0.00186409
-0.00205053
-0.00224075
-0.00243337
-0.00262668
-0.00281869
-0.00300712
-0.00318936
-0.00336259
-0.00352371
-0.00366948
-0.00379657
-0.00390165
-0.0039815
-0.00403316
-0.00405404
-0.0040421
-0.00399594
-0.00391502
-0.00379971
-0.00365145
-0.0034728
-0.00326735
-0.00304001
-0.00279663
-0.00254403
-0.00228985
-0.00204224
-0.00180968
-0.00160062
-0.00142319
-0.00128481
-0.00119194
-0.00114973
-0.00116178
-0.00122994
-0.00135423
-0.00153281
-0.00176206
-0.00203673
-0.0023502
-0.00269481
-0.00306221
-0.00344375
-0.00383084
-0.00421531
-0.0045897
-0.0049475
-0.00528327
-0.00559272
-0.00587271
-0.00612115
-0.00633687
-0.00651948
-0.00666909
-0.0067862
-0.00687137
-0.00692509
-0.00694822
-0.00694132
-0.00689498
-0.00679552
0.000205314
0.000193915
0.000163322
0.000116537
5.61832e-05
-1.61535e-05
-9.9156e-05
-0.000191808
-0.00029339
-0.000403434
-0.000521682
-0.000648028
-0.000782463
-0.000925024
-0.00107574
-0.00123457
-0.00140141
-0.00157595
-0.00175774
-0.00194607
-0.00213999
-0.00233823
-0.00253922
-0.00274104
-0.00294142
-0.00313775
-0.00332709
-0.00350621
-0.00367167
-0.00381984
-0.0039471
-0.00404985
-0.00412476
-0.00416881
-0.00417955
-0.0041552
-0.0040948
-0.00399836
-0.00386705
-0.0037032
-0.00351011
-0.00329262
-0.00305648
-0.00280855
-0.00255652
-0.00230872
-0.00207381
-0.00186053
-0.0016773
-0.00153191
-0.00143117
-0.00138058
-0.00138407
-0.00144379
-0.00156001
-0.00173103
-0.00195331
-0.0022216
-0.00252919
-0.00286828
-0.00323031
-0.0036064
-0.00398774
-0.00436598
-0.00473353
-0.00508381
-0.00541142
-0.00571219
-0.00598321
-0.00622271
-0.00642985
-0.00660461
-0.00674748
-0.00685918
-0.00694041
-0.00699153
-0.00701306
-0.00700485
-0.00695582
-0.00685046
0.000325151
0.000295321
0.000253122
0.000199059
0.000133946
5.92201e-05
-2.41876e-05
-0.00011572
-0.000215082
-0.0003222
-0.000437178
-0.000560244
-0.000691701
-0.000831877
-0.000981078
-0.00113954
-0.0013074
-0.0014846
-0.00167091
-0.00186583
-0.00206857
-0.002278
-0.00249262
-0.00271054
-0.00292944
-0.00314658
-0.00335885
-0.00356276
-0.00375452
-0.00393016
-0.00408559
-0.00421678
-0.00431988
-0.00439141
-0.00442842
-0.00442867
-0.00439077
-0.00431435
-0.00420029
-0.00405088
-0.00386858
-0.00365865
-0.00342669
-0.00317958
-0.00292515
-0.0026719
-0.00242882
-0.00220497
-0.0020092
-0.00184976
-0.00173397
-0.00166782
-0.00165575
-0.00170036
-0.00180228
-0.00196014
-0.0021706
-0.00242847
-0.00272705
-0.0030584
-0.00341374
-0.00378393
-0.00415985
-0.00453283
-0.00489504
-0.00523969
-0.00556126
-0.0058556
-0.00611987
-0.00635248
-0.00655289
-0.00672137
-0.00685872
-0.00696595
-0.00704391
-0.00709303
-0.00711366
-0.00710534
-0.00705655
-0.00695145
0.000463221
0.000411656
0.000355562
0.000292599
0.000221485
0.00014317
5.81467e-05
-3.35623e-05
-0.000132157
-0.000238009
-0.000351626
-0.000473611
-0.000604615
-0.000745297
-0.000896276
-0.00105809
-0.00123116
-0.0014157
-0.00161171
-0.00181891
-0.00203665
-0.0022639
-0.0024992
-0.0027406
-0.00298565
-0.00323142
-0.00347449
-0.00371099
-0.00393671
-0.00414718
-0.00433777
-0.00450389
-0.00464113
-0.00474544
-0.00481332
-0.00484203
-0.00482972
-0.00477559
-0.00468032
-0.00454641
-0.00437382
-0.00416994
-0.00393985
-0.00369032
-0.00342928
-0.0031655
-0.00290825
-0.00266703
-0.00245121
-0.00226961
-0.00213018
-0.00203959
-0.00200294
-0.00202348
-0.00210245
-0.00223895
-0.00243003
-0.00267076
-0.00295452
-0.00327334
-0.00361827
-0.00397988
-0.00434872
-0.00471574
-0.0050727
-0.0054125
-0.00572935
-0.00601894
-0.00627838
-0.00650613
-0.00670179
-0.00686584
-0.00699935
-0.00710357
-0.00717959
-0.00722796
-0.00724908
-0.00724242
-0.00719687
-0.00709735
0.000614488
0.000538443
0.000466658
0.000393603
0.000315431
0.000232511
0.00014478
5.1621e-05
-4.77381e-05
-0.000154168
-0.000268628
-0.000392132
-0.000525713
-0.000670393
-0.000827136
-0.000996814
-0.00118015
-0.00137764
-0.00158954
-0.00181575
-0.00205575
-0.00230857
-0.00257272
-0.00284611
-0.00312609
-0.00340939
-0.00369221
-0.00397019
-0.00423857
-0.00449228
-0.00472609
-0.00493473
-0.00511317
-0.00525671
-0.00536126
-0.00542349
-0.00544106
-0.00541274
-0.00533842
-0.00521903
-0.00505912
-0.00486136
-0.00463168
-0.00437706
-0.00410559
-0.00382623
-0.00354861
-0.0032827
-0.00303843
-0.00282533
-0.00265211
-0.00252631
-0.0024539
-0.00243902
-0.00248372
-0.00258788
-0.00274916
-0.0029631
-0.00322338
-0.00352213
-0.00385034
-0.00419835
-0.00455635
-0.00491486
-0.00526516
-0.00559969
-0.00591224
-0.00619816
-0.00645434
-0.00667911
-0.00687208
-0.00703382
-0.00716554
-0.00726872
-0.00734465
-0.00739408
-0.00741753
-0.00741458
-0.00737508
-0.00728538
0.000773365
0.0006706
0.00058176
0.000497714
0.000411681
0.000323312
0.000231855
0.000135946
3.41616e-05
-7.49265e-05
-0.000192773
-0.000320836
-0.000460568
-0.000613377
-0.000780603
-0.000963467
-0.00116302
-0.00138005
-0.00161504
-0.00186806
-0.00213869
-0.00242595
-0.00272824
-0.00304325
-0.00336803
-0.00369888
-0.00403149
-0.00436093
-0.00468178
-0.00498829
-0.00527451
-0.00553446
-0.00576237
-0.00595286
-0.00610116
-0.00620332
-0.0062564
-0.00625866
-0.00620945
-0.00610921
-0.00596207
-0.00577067
-0.00554065
-0.00527891
-0.00499354
-0.0046937
-0.00438935
-0.00409092
-0.00380898
-0.00355385
-0.00333518
-0.00316151
-0.00303996
-0.00297578
-0.00297219
-0.00303009
-0.00314809
-0.0033225
-0.00354756
-0.00381573
-0.0041181
-0.00444489
-0.00478598
-0.00513142
-0.00547196
-0.00579942
-0.00610704
-0.00638962
-0.00664364
-0.00686713
-0.00705947
-0.00722119
-0.00735351
-0.00745801
-0.00753613
-0.00758882
-0.00761675
-0.00761964
-0.00758867
-0.00751199
0.000933708
0.00080243
0.000695525
0.000599862
0.000505377
0.000410835
0.000314659
0.000214624
0.000108579
-5.52016e-06
-0.000129666
-0.000265799
-0.000415813
-0.000581536
-0.000764701
-0.0009669
-0.00118951
-0.00143362
-0.00169991
-0.00198859
-0.00229928
-0.00263091
-0.0029817
-0.00334906
-0.00372958
-0.00411908
-0.00451261
-0.00490458
-0.00528883
-0.00565884
-0.00600785
-0.00632912
-0.00661608
-0.00686257
-0.00706309
-0.00721296
-0.00730857
-0.00734752
-0.00732863
-0.00725203
-0.00712053
-0.00693712
-0.00670701
-0.00643686
-0.00613472
-0.00580983
-0.00547241
-0.00513338
-0.00480397
-0.00449534
-0.0042182
-0.00398232
-0.00379616
-0.00366642
-0.00359776
-0.00359253
-0.00365063
-0.00376951
-0.00394433
-0.00416818
-0.0044325
-0.00472757
-0.00504305
-0.00536858
-0.00569428
-0.00601127
-0.00631205
-0.00659071
-0.00684305
-0.00706657
-0.00726025
-0.00742429
-0.00755978
-0.00766824
-0.00775115
-0.00780959
-0.00784432
-0.0078552
-0.00783487
-0.00777348
0.00108868
0.000927576
0.000801928
0.000694259
0.000590888
0.000489516
0.000387596
0.000281939
0.000169584
4.78157e-05
-8.59355e-05
-0.000234126
-0.00039912
-0.000583187
-0.000788473
-0.00101695
-0.00127032
-0.00154994
-0.00185669
-0.00219085
-0.002552
-0.00293895
-0.00334962
-0.00378103
-0.00422925
-0.00468949
-0.0051561
-0.00562271
-0.00608237
-0.0065277
-0.00695108
-0.00734491
-0.00770174
-0.0080146
-0.00827713
-0.00848387
-0.00863041
-0.00871358
-0.00873155
-0.00868397
-0.00857249
-0.00839997
-0.00817114
-0.0078923
-0.00757131
-0.00721742
-0.00684103
-0.00645346
-0.00606658
-0.00569247
-0.00534297
-0.00502924
-0.00476131
-0.00454762
-0.00439464
-0.00430655
-0.004285
-0.00432904
-0.00443515
-0.00459749
-0.00480818
-0.00505782
-0.00533605
-0.00563215
-0.00593565
-0.00623685
-0.00652735
-0.0068003
-0.0070506
-0.00727492
-0.00747156
-0.00764019
-0.00778148
-0.0078967
-0.00798721
-0.00805406
-0.008098
-0.00811899
-0.00811107
-0.00806646
0.0012309
0.00103905
0.00089428
0.000774411
0.000661826
0.000552979
0.000444216
0.000331274
0.000210312
7.78915e-05
-6.91727e-05
-0.000233883
-0.000419103
-0.000627562
-0.000861834
-0.00112427
-0.00141689
-0.0017413
-0.0020985
-0.00248882
-0.00291174
-0.00336582
-0.00384862
-0.00435666
-0.00488542
-0.00542939
-0.00598214
-0.00653647
-0.00708451
-0.00761798
-0.00812833
-0.00860701
-0.00904567
-0.00943639
-0.0097719
-0.0100458
-0.0102529
-0.0103891
-0.0104517
-0.0104397
-0.0103538
-0.0101963
-0.00997129
-0.00968464
-0.00934386
-0.00895802
-0.00853761
-0.00809423
-0.00764035
-0.00718891
-0.00675294
-0.0063451
-0.00597717
-0.0056596
-0.00540104
-0.0052079
-0.00508408
-0.00503073
-0.00504623
-0.00512628
-0.00526414
-0.00545115
-0.00567718
-0.00593133
-0.00620258
-0.00648038
-0.00675527
-0.00701924
-0.00726599
-0.0074911
-0.00769184
-0.00786702
-0.00801664
-0.00814143
-0.0082424
-0.00832041
-0.00837604
-0.00840916
-0.00841517
-0.00838821
0.00135236
0.00112929
0.000965288
0.000833174
0.000711104
0.000594101
0.000477271
0.000355184
0.00022305
7.66634e-05
-8.78163e-05
-0.000273966
-0.000485171
-0.000724639
-0.000995376
-0.00130011
-0.00164116
-0.00202033
-0.00243873
-0.00289662
-0.00339332
-0.00392706
-0.00449495
-0.00509292
-0.00571576
-0.00635716
-0.00700984
-0.00766566
-0.0083158
-0.00895099
-0.00956168
-0.0101383
-0.0106715
-0.0111524
-0.0115726
-0.0119249
-0.012203
-0.0124018
-0.0125178
-0.012549
-0.0124953
-0.0123581
-0.0121407
-0.0118484
-0.0114883
-0.011069
-0.0106009
-0.0100958
-0.00956653
-0.0090269
-0.00849105
-0.00797314
-0.00748684
-0.00704481
-0.00665818
-0.00633603
-0.00608499
-0.00590891
-0.00580865
-0.00578208
-0.00582423
-0.00592765
-0.00608289
-0.00627916
-0.00650503
-0.00674912
-0.00700079
-0.00725064
-0.00749093
-0.00771572
-0.00792094
-0.00810417
-0.00826435
-0.0084014
-0.00851567
-0.00860757
-0.00867732
-0.00872454
-0.00874577
-0.00873695
0.00144451
0.00119021
0.00100713
0.000862842
0.000731027
0.000605111
0.000478838
0.000345526
0.000199382
3.53868e-05
-0.000150983
-0.000363908
-0.000607313
-0.000884901
-0.00120011
-0.00155602
-0.00195525
-0.00239973
-0.0028906
-0.00342803
-0.00401106
-0.00463751
-0.00530394
-0.00600562
-0.00673653
-0.00748951
-0.00825632
-0.00902781
-0.00979416
-0.010545
-0.0112697
-0.0119577
-0.0125985
-0.013182
-0.0136991
-0.0141412
-0.014501
-0.0147725
-0.0149512
-0.015034
-0.0150197
-0.014909
-0.0147043
-0.01441
-0.0140324
-0.0135799
-0.0130624
-0.0124917
-0.0118808
-0.011244
-0.0105966
-0.00995418
-0.00933221
-0.0087457
-0.00820846
-0.00773262
-0.007328
-0.00700174
-0.00675787
-0.00659717
-0.00651713
-0.00651221
-0.00657422
-0.00669294
-0.00685681
-0.00705374
-0.00727187
-0.00750023
-0.0077293
-0.0079513
-0.00816036
-0.0083524
-0.00852493
-0.00867662
-0.00880685
-0.00891528
-0.00900151
-0.00906471
-0.00910239
-0.00911194
0.00149843
0.00121335
0.00101159
0.000855273
0.000713431
0.000577739
0.000440472
0.000293629
0.000130367
-5.51776e-05
-0.000268243
-0.000513636
-0.000795839
-0.00111905
-0.00148714
-0.00190354
-0.00237107
-0.00289179
-0.0034668
-0.00409606
-0.00477826
-0.00551073
-0.00628938
-0.0071087
-0.00796181
-0.00884058
-0.00973574
-0.0106371
-0.0115336
-0.0124139
-0.0132661
-0.0140785
-0.0148395
-0.0155379
-0.0161634
-0.0167063
-0.0171584
-0.0175125
-0.0177629
-0.0179058
-0.0179387
-0.0178614
-0.0176752
-0.0173839
-0.0169927
-0.0165093
-0.015943
-0.0153053
-0.0146093
-0.0138695
-0.0131018
-0.0123231
-0.0115507
-0.0108017
-0.0100927
-0.00943922
-0.00885459
-0.00834978
-0.0079327
-0.00760782
-0.00737597
-0.00723436
-0.00717683
-0.00719437
-0.00727579
-0.00740855
-0.00757966
-0.00777645
-0.00798734
-0.00820233
-0.00841327
-0.00861394
-0.00879992
-0.00896818
-0.00911675
-0.00924417
-0.00934916
-0.00943019
-0.00948539
-0.00951357
0.00150494
0.00119002
0.0009702
0.000802051
0.000649851
0.000503394
0.000353402
0.000190506
6.77722e-06
-0.00020452
-0.00044936
-0.000733192
-0.00106107
-0.00143769
-0.00186734
-0.00235375
-0.00289994
-0.00350801
-0.00417894
-0.00491239
-0.00570663
-0.00655838
-0.00746279
-0.0084135
-0.00940265
-0.0104211
-0.0114583
-0.012503
-0.013543
-0.0145656
-0.0155578
-0.0165067
-0.0173994
-0.0182237
-0.018968
-0.0196217
-0.0201754
-0.0206209
-0.0209516
-0.0211625
-0.0212502
-0.0212134
-0.0210525
-0.0207701
-0.0203706
-0.0198607
-0.019249
-0.0185462
-0.017765
-0.01692
-0.0160274
-0.0151049
-0.0141711
-0.0132453
-0.0123468
-0.0114941
-0.0107047
-0.00999363
-0.00937339
-0.00885293
-0.00843736
-0.00812764
-0.00792063
-0.00780942
-0.00778391
-0.00783162
-0.00793863
-0.00809062
-0.00827373
-0.00847533
-0.00868453
-0.00889242
-0.00909205
-0.00927823
-0.00944711
-0.00959574
-0.00972161
-0.00982223
-0.00989614
-0.00994334
0.00145484
0.00111148
0.000874427
0.00069468
0.000531727
0.000373385
0.000208767
2.70991e-05
-0.000180649
-0.000422104
-0.000703992
-0.00103242
-0.00141301
-0.00185096
-0.00235094
-0.00291697
-0.00355218
-0.00425864
-0.00503712
-0.00588693
-0.00680576
-0.00778963
-0.00883285
-0.00992806
-0.0110663
-0.0122373
-0.0134293
-0.0146297
-0.015825
-0.0170013
-0.0181443
-0.0192398
-0.0202738
-0.0212329
-0.0221045
-0.0228769
-0.0235398
-0.0240839
-0.0245019
-0.0247876
-0.0249369
-0.0249474
-0.0248186
-0.024552
-0.0241509
-0.0236208
-0.0229695
-0.0222068
-0.0213444
-0.0203966
-0.0193794
-0.0183107
-0.0172101
-0.0160985
-0.0149974
-0.0139286
-0.0129132
-0.0119709
-0.011119
-0.0103719
-0.00973978
-0.0092285
-0.00883912
-0.00856798
-0.00840706
-0.0083447
-0.00836661
-0.00845699
-0.0085996
-0.00877889
-0.0089807
-0.00919284
-0.00940523
-0.00960987
-0.0098005
-0.00997226
-0.010121
-0.0102429
-0.0103368
-0.0104037
0.0013391
0.000969173
0.0007159
0.000524804
0.000350632
0.000179164
-2.13526e-06
-0.000205447
-0.000440914
-0.000717062
-0.00104137
-0.00142062
-0.001861
-0.00236817
-0.00294718
-0.00360226
-0.00433661
-0.00515218
-0.00604945
-0.00702722
-0.00808254
-0.00921058
-0.0104047
-0.0116564
-0.0129555
-0.0142904
-0.0156481
-0.0170146
-0.0183751
-0.0197142
-0.0210163
-0.022266
-0.0234481
-0.0245483
-0.0255528
-0.0264492
-0.0272261
-0.0278738
-0.0283838
-0.0287495
-0.0289659
-0.0290296
-0.0289393
-0.0286954
-0.0283002
-0.0277581
-0.0270755
-0.026261
-0.0253254
-0.0242818
-0.0231456
-0.0219344
-0.0206681
-0.0193684
-0.0180586
-0.016763
-0.0155062
-0.0143125
-0.0132044
-0.0122018
-0.0113212
-0.0105745
-0.00996805
-0.00950293
-0.00917448
-0.00897302
-0.00888469
-0.00889268
-0.00897856
-0.0091236
-0.00930995
-0.00952151
-0.0097444
-0.00996709
-0.0101803
-0.0103767
-0.0105501
-0.0106951
-0.0108104
-0.0108979
0.00114908
0.000754925
0.000486632
0.000284446
9.85227e-05
-8.74206e-05
-0.000287569
-0.000515503
-0.000782468
-0.00109788
-0.00146999
-0.00190622
-0.00241333
-0.00299743
-0.00366388
-0.00441708
-0.00526021
-0.00619501
-0.00722154
-0.00833801
-0.00954066
-0.0108237
-0.0121794
-0.0135979
-0.0150678
-0.0165761
-0.0181082
-0.0196487
-0.0211812
-0.0226891
-0.0241555
-0.0255637
-0.0268976
-0.0281416
-0.0292814
-0.0303037
-0.0311966
-0.0319497
-0.0325541
-0.0330026
-0.0332895
-0.0334108
-0.0333645
-0.0331499
-0.0327685
-0.0322233
-0.0315195
-0.0306642
-0.0296668
-0.028539
-0.0272948
-0.0259511
-0.024527
-0.0230445
-0.0215277
-0.0200027
-0.0184971
-0.0170389
-0.0156559
-0.014374
-0.0132164
-0.0122018
-0.0113435
-0.0106488
-0.010118
-0.00974471
-0.00951692
-0.00941763
-0.00942662
-0.00952206
-0.00968206
-0.009886
-0.0101155
-0.0103546
-0.0105905
-0.0108127
-0.0110123
-0.011182
-0.0113203
-0.0114299
0.000876843
0.000461212
0.000179261
-3.37492e-05
-0.000232011
-0.000433852
-0.000655088
-0.000910663
-0.0012129
-0.0015721
-0.00199726
-0.00249644
-0.00307695
-0.0037453
-0.00450712
-0.0053669
-0.0063277
-0.00739095
-0.00855618
-0.00982085
-0.0111803
-0.0126275
-0.0141535
-0.0157472
-0.0173955
-0.0190838
-0.0207961
-0.0225153
-0.0242237
-0.0259031
-0.0275353
-0.0291027
-0.030588
-0.0319751
-0.0332488
-0.0343954
-0.0354028
-0.03626
-0.0369581
-0.0374894
-0.0378479
-0.0380294
-0.038031
-0.0378515
-0.0374912
-0.0369522
-0.0362382
-0.0353549
-0.0343098
-0.033113
-0.0317768
-0.0303163
-0.0287495
-0.0270973
-0.0253838
-0.0236359
-0.0218831
-0.0201565
-0.0184884
-0.0169106
-0.015453
-0.0141422
-0.0129996
-0.01204
-0.0112704
-0.0106899
-0.0102898
-0.0100542
-0.00996213
-0.00998884
-0.0101083
-0.010295
-0.0105252
-0.0107779
-0.0110357
-0.0112841
-0.0115112
-0.0117074
-0.0118706
-0.012004
0.00051535
8.13878e-05
-0.000212716
-0.000436271
-0.000647488
-0.000866687
-0.00111126
-0.00139746
-0.00173866
-0.002146
-0.00262921
-0.00319698
-0.0038571
-0.00461647
-0.0054809
-0.00645487
-0.00754125
-0.00874101
-0.010053
-0.0114738
-0.0129976
-0.0146162
-0.0163191
-0.0180936
-0.0199251
-0.0217972
-0.0236923
-0.0255916
-0.0274758
-0.0293256
-0.0311214
-0.0328446
-0.0344773
-0.0360027
-0.0374053
-0.0386711
-0.0397879
-0.0407448
-0.0415328
-0.0421443
-0.0425732
-0.042815
-0.0428666
-0.0427263
-0.0423936
-0.0418695
-0.0411565
-0.0402586
-0.0391818
-0.0379338
-0.0365251
-0.0349684
-0.0332797
-0.0314782
-0.0295867
-0.0276317
-0.0256433
-0.0236547
-0.0217015
-0.0198206
-0.0180487
-0.0164202
-0.0149654
-0.013708
-0.0126639
-0.0118395
-0.0112314
-0.010827
-0.0106055
-0.0105404
-0.0106017
-0.0107585
-0.0109812
-0.011243
-0.0115206
-0.0117952
-0.012051
-0.0122753
-0.0124652
-0.012625
5.87092e-05
-0.000390093
-0.000694707
-0.000928507
-0.0011533
-0.0013913
-0.00166141
-0.00198112
-0.00236478
-0.00282435
-0.00337025
-0.00401175
-0.0047571
-0.0056135
-0.00658688
-0.0076816
-0.0089002
-0.0102431
-0.0117083
-0.0132912
-0.014985
-0.0167797
-0.0186635
-0.0206218
-0.0226382
-0.0246945
-0.0267714
-0.0288484
-0.0309049
-0.03292
-0.0348734
-0.0367454
-0.0385177
-0.040173
-0.0416959
-0.0430725
-0.0442906
-0.0453398
-0.0462111
-0.0468975
-0.0473931
-0.0476932
-0.0477949
-0.0476961
-0.0473957
-0.0468941
-0.0461924
-0.0452932
-0.0442008
-0.0429208
-0.0414611
-0.039832
-0.0380468
-0.0361222
-0.0340786
-0.031941
-0.0297385
-0.0275049
-0.0252778
-0.0230979
-0.0210077
-0.0190491
-0.0172616
-0.015679
-0.0143276
-0.0132231
-0.0123702
-0.0117614
-0.0113786
-0.0111946
-0.0111763
-0.0112874
-0.011492
-0.0117562
-0.0120507
-0.0123507
-0.0126357
-0.0128896
-0.0131084
-0.0132973
-0.000497606
-0.000957463
-0.00127083
-0.00151453
-0.00175349
-0.00201168
-0.00230941
-0.00266531
-0.00309464
-0.00361014
-0.00422287
-0.00494263
-0.00577807
-0.00673661
-0.00782418
-0.00904495
-0.010401
-0.0118919
-0.0135148
-0.0152639
-0.0171307
-0.0191039
-0.0211697
-0.0233116
-0.0255114
-0.027749
-0.0300033
-0.0322522
-0.0344736
-0.0366456
-0.0387468
-0.0407572
-0.0426579
-0.0444318
-0.0460636
-0.0475397
-0.0488484
-0.0499799
-0.0509258
-0.0516796
-0.0522358
-0.05259
-0.0527401
-0.0526832
-0.0524181
-0.0519446
-0.051263
-0.0503746
-0.0492819
-0.0479886
-0.0465
-0.0448238
-0.04297
-0.0409523
-0.0387879
-0.0364989
-0.0341124
-0.0316608
-0.029182
-0.026719
-0.0243184
-0.0220287
-0.019898
-0.0179709
-0.0162848
-0.0148673
-0.0137332
-0.0128834
-0.0123045
-0.011971
-0.0118477
-0.0118939
-0.0120666
-0.0123248
-0.0126313
-0.012955
-0.0132696
-0.0135544
-0.0138045
-0.0140255
-0.00115658
-0.00162347
-0.00194371
-0.00219693
-0.00245056
-0.00273021
-0.00305746
-0.00345196
-0.00392982
-0.00450447
-0.00518756
-0.00598936
-0.00691884
-0.00798354
-0.00918931
-0.01054
-0.012037
-0.013679
-0.0154621
-0.017379
-0.0194196
-0.0215708
-0.0238167
-0.0261391
-0.0285176
-0.0309302
-0.0333541
-0.0357657
-0.0381416
-0.0404587
-0.0426953
-0.0448307
-0.0468462
-0.0487249
-0.0504519
-0.0520142
-0.0534009
-0.054603
-0.055613
-0.056425
-0.0570344
-0.0574378
-0.0576318
-0.0576152
-0.0573864
-0.0569448
-0.05629
-0.0554224
-0.0543428
-0.0530532
-0.0515566
-0.0498579
-0.0479639
-0.0458847
-0.0436338
-0.0412294
-0.0386951
-0.0360608
-0.0333626
-0.0306436
-0.0279527
-0.0253432
-0.0228708
-0.0205901
-0.0185505
-0.0167928
-0.0153444
-0.0142171
-0.013406
-0.0128894
-0.0126325
-0.0125908
-0.012715
-0.012956
-0.0132684
-0.0136128
-0.0139566
-0.0142737
-0.0145572
-0.0148137
-0.00191951
-0.00238922
-0.00271438
-0.00297664
-0.00324535
-0.00354755
-0.00390596
-0.00434114
-0.00486992
-0.00550636
-0.00626263
-0.00714938
-0.00817582
-0.00934952
-0.0106761
-0.012159
-0.0137987
-0.015593
-0.0175366
-0.0196206
-0.021833
-0.024159
-0.0265805
-0.0290772
-0.0316267
-0.0342052
-0.036788
-0.0393502
-0.0418673
-0.0443154
-0.0466724
-0.0489176
-0.0510324
-0.0530005
-0.0548076
-0.0564417
-0.0578929
-0.059153
-0.0602156
-0.0610757
-0.0617296
-0.0621744
-0.0624079
-0.0624287
-0.0622355
-0.0618275
-0.0612039
-0.0603644
-0.0593088
-0.0580374
-0.0565512
-0.0548524
-0.0529449
-0.050835
-0.0485322
-0.0460502
-0.0434084
-0.0406322
-0.0377545
-0.0348164
-0.0318667
-0.0289612
-0.0261613
-0.0235301
-0.021129
-0.0190122
-0.017222
-0.015784
-0.0147046
-0.0139698
-0.0135477
-0.0133919
-0.0134478
-0.0136579
-0.0139677
-0.014329
-0.0147009
-0.0150509
-0.0153703
-0.0156658
-0.00278589
-0.00325412
-0.00358215
-0.00385287
-0.00413691
-0.00446255
-0.00485345
-0.00533096
-0.00591252
-0.00661273
-0.00744419
-0.00841786
-0.00954307
-0.0108273
-0.0122759
-0.0138915
-0.0156739
-0.0176197
-0.0197217
-0.0219697
-0.0243497
-0.0268446
-0.0294344
-0.0320966
-0.0348068
-0.0375393
-0.040268
-0.0429666
-0.0456096
-0.0481729
-0.050634
-0.0529724
-0.0551702
-0.0572115
-0.0590833
-0.0607744
-0.0622761
-0.0635814
-0.0646849
-0.0655828
-0.0662722
-0.0667511
-0.067018
-0.0670719
-0.0669119
-0.0665372
-0.0659471
-0.0651406
-0.0641167
-0.0628746
-0.0614137
-0.0597339
-0.0578363
-0.0557237
-0.0534017
-0.0508793
-0.0481706
-0.0452961
-0.0422838
-0.0391705
-0.0360028
-0.0328365
-0.0297357
-0.0267703
-0.0240117
-0.0215279
-0.0193767
-0.0176001
-0.0162189
-0.0152308
-0.0146099
-0.0143112
-0.0142757
-0.0144386
-0.0147354
-0.0151079
-0.015506
-0.0158896
-0.0162468
-0.016585
-0.0037534
-0.00421578
-0.00454457
-0.00482307
-0.00512251
-0.00547217
-0.00589654
-0.00641754
-0.00705315
-0.00781839
-0.00872619
-0.00978771
-0.0110123
-0.0124073
-0.0139775
-0.0157248
-0.017648
-0.0197422
-0.0219988
-0.0244054
-0.0269463
-0.029602
-0.0323504
-0.035167
-0.0380253
-0.0408981
-0.0437577
-0.0465768
-0.0493294
-0.051991
-0.0545391
-0.056954
-0.0592182
-0.0613169
-0.0632381
-0.0649719
-0.0665108
-0.0678489
-0.0689822
-0.0699079
-0.0706239
-0.0711293
-0.0714232
-0.0715052
-0.071375
-0.071032
-0.0704754
-0.0697041
-0.0687168
-0.0675118
-0.0660871
-0.0644411
-0.0625724
-0.060481
-0.0581684
-0.0556394
-0.0529027
-0.0499729
-0.0468723
-0.043632
-0.0402938
-0.0369106
-0.0335468
-0.0302759
-0.0271771
-0.0243306
-0.0218099
-0.0196745
-0.0179632
-0.0166884
-0.0158349
-0.0153622
-0.0152099
-0.0153064
-0.0155776
-0.0159542
-0.0163755
-0.0167924
-0.0171894
-0.017574
-0.00481787
-0.00527006
-0.00559743
-0.00588289
-0.00619758
-0.00657156
-0.00702993
-0.00759508
-0.00828537
-0.00911612
-0.0101005
-0.0112498
-0.0125732
-0.0140777
-0.0157676
-0.017644
-0.0197042
-0.021942
-0.024347
-0.0269049
-0.0295978
-0.0324042
-0.0352997
-0.0382577
-0.04125
-0.0442478
-0.0472223
-0.0501454
-0.0529905
-0.0557334
-0.0583518
-0.0608266
-0.0631414
-0.0652824
-0.0672388
-0.0690021
-0.0705658
-0.0719256
-0.0730785
-0.0740226
-0.0747571
-0.0752816
-0.0755963
-0.0757014
-0.0755968
-0.0752825
-0.0747579
-0.074022
-0.0730733
-0.0719096
-0.0705283
-0.0689264
-0.0671009
-0.0650492
-0.0627697
-0.0602629
-0.0575326
-0.0545877
-0.0514437
-0.0481249
-0.0446667
-0.0411169
-0.0375366
-0.0339998
-0.0305906
-0.0273986
-0.0245118
-0.0220078
-0.0199451
-0.0183546
-0.0172362
-0.0165578
-0.016261
-0.0162695
-0.0165001
-0.0168719
-0.0173122
-0.0177617
-0.0182
-0.0186344
-0.00597336
-0.0064111
-0.00673483
-0.00702629
-0.00735582
-0.00775406
-0.00824654
-0.00885594
-0.00960085
-0.0104968
-0.011557
-0.0127929
-0.0142133
-0.0158249
-0.0176312
-0.0196322
-0.021824
-0.0241988
-0.0267444
-0.0294445
-0.0322789
-0.035224
-0.0382534
-0.0413386
-0.0444498
-0.0475567
-0.0506295
-0.0536398
-0.0565608
-0.0593684
-0.062041
-0.0645604
-0.0669111
-0.0690807
-0.0710596
-0.0728406
-0.0744185
-0.0757901
-0.0769536
-0.0779082
-0.0786538
-0.0791911
-0.0795208
-0.0796437
-0.0795604
-0.0792712
-0.0787759
-0.0780738
-0.0771634
-0.0760425
-0.0747081
-0.0731565
-0.0713835
-0.0693846
-0.0671558
-0.0646942
-0.0619991
-0.0590737
-0.0559269
-0.0525759
-0.0490482
-0.0453843
-0.0416397
-0.0378853
-0.0342062
-0.0306984
-0.0274617
-0.0245908
-0.0221648
-0.0202362
-0.0188236
-0.0179085
-0.0174385
-0.0173355
-0.0175084
-0.0178646
-0.0183186
-0.018799
-0.0192798
-0.0197672
-0.00721225
-0.00763141
-0.00794928
-0.00824561
-0.00858932
-0.00901139
-0.00953761
-0.0101908
-0.0109896
-0.0119496
-0.0130841
-0.0144042
-0.0159187
-0.0176336
-0.0195515
-0.0216713
-0.0239879
-0.0264916
-0.0291683
-0.0319998
-0.0349638
-0.0380346
-0.0411839
-0.0443813
-0.0475955
-0.0507954
-0.0539503
-0.0570314
-0.0600123
-0.0628691
-0.0655812
-0.0681312
-0.070505
-0.0726912
-0.0746817
-0.0764704
-0.0780535
-0.0794288
-0.0805956
-0.081554
-0.0823048
-0.0828493
-0.0831888
-0.0833248
-0.0832584
-0.0829904
-0.082521
-0.0818498
-0.0809757
-0.0798966
-0.0786096
-0.0771107
-0.075395
-0.073457
-0.0712909
-0.068891
-0.0662531
-0.0633753
-0.0602606
-0.0569186
-0.0533686
-0.0496426
-0.0457878
-0.0418692
-0.0379691
-0.0341859
-0.0306277
-0.027404
-0.0246139
-0.0223331
-0.0206027
-0.0194223
-0.0187503
-0.018511
-0.0186072
-0.0189354
-0.0193962
-0.019905
-0.0204289
-0.0209724
-0.00852541
-0.00892208
-0.00923184
-0.00953174
-0.00988869
-0.0103338
-0.0108929
-0.0115887
-0.01244
-0.0134622
-0.0146684
-0.0160697
-0.0176742
-0.0194873
-0.0215108
-0.0237424
-0.0261754
-0.0287985
-0.0315958
-0.0345469
-0.0376276
-0.0408102
-0.0440646
-0.0473589
-0.0506606
-0.0539376
-0.0571588
-0.0602956
-0.0633215
-0.0662136
-0.0689521
-0.0715207
-0.0739063
-0.0760993
-0.0780923
-0.0798807
-0.0814619
-0.0828346
-0.0839989
-0.0849559
-0.085707
-0.0862541
-0.0865993
-0.0867442
-0.0866907
-0.08644
-0.0859926
-0.0853488
-0.0845077
-0.0834678
-0.0822262
-0.0807793
-0.0791221
-0.0772485
-0.0751516
-0.0728239
-0.0702585
-0.0674495
-0.0643944
-0.0610961
-0.0575655
-0.0538253
-0.0499134
-0.0458858
-0.0418189
-0.037809
-0.0339684
-0.030418
-0.0272747
-0.0246377
-0.0225731
-0.0211031
-0.0202021
-0.0198009
-0.0198001
-0.0200862
-0.0205457
-0.0210794
-0.0216463
-0.0222484
-0.00990236
-0.0102729
-0.0105723
-0.0108743
-0.0112433
-0.0117102
-0.0123008
-0.0130377
-0.0139394
-0.015021
-0.0162957
-0.0177738
-0.0194633
-0.0213686
-0.0234906
-0.0258257
-0.0283658
-0.0310978
-0.0340041
-0.0370622
-0.0402461
-0.0435263
-0.0468711
-0.0502471
-0.0536211
-0.0569602
-0.0602332
-0.0634115
-0.0664694
-0.0693845
-0.0721381
-0.0747151
-0.0771037
-0.0792952
-0.0812838
-0.0830659
-0.0846397
-0.086005
-0.0871627
-0.0881144
-0.0888623
-0.0894087
-0.089756
-0.0899065
-0.0898623
-0.0896251
-0.089196
-0.0885756
-0.0877635
-0.0867588
-0.0855592
-0.0841614
-0.0825608
-0.0807513
-0.0787255
-0.0764752
-0.0739913
-0.0712652
-0.06829
-0.0650624
-0.0615858
-0.0578737
-0.0539535
-0.0498709
-0.0456931
-0.0415105
-0.0374352
-0.0335945
-0.0301206
-0.0271342
-0.0247279
-0.02295
-0.0217958
-0.0212082
-0.0210893
-0.0213177
-0.0217664
-0.0223206
-0.0229297
-0.0235926
-0.0113315
-0.0116726
-0.0119595
-0.012262
-0.0126415
-0.0131286
-0.0137489
-0.0145247
-0.015474
-0.0166118
-0.0179507
-0.0195007
-0.0212692
-0.0232597
-0.0254721
-0.0279016
-0.0305386
-0.0333683
-0.0363712
-0.0395234
-0.0427968
-0.0461603
-0.0495809
-0.0530242
-0.0564561
-0.0598433
-0.0631549
-0.0663623
-0.0694406
-0.0723683
-0.0751278
-0.077705
-0.0800895
-0.0822736
-0.0842526
-0.086024
-0.0875867
-0.0889415
-0.0900897
-0.0910336
-0.0917758
-0.092319
-0.0926659
-0.0928193
-0.0927815
-0.0925545
-0.0921399
-0.0915388
-0.0907515
-0.0897775
-0.0886153
-0.0872621
-0.085714
-0.0839655
-0.0820093
-0.0798369
-0.0774383
-0.0748028
-0.0719204
-0.068783
-0.0653872
-0.0617379
-0.0578522
-0.0537643
-0.0495302
-0.045231
-0.040974
-0.0368885
-0.0331169
-0.029799
-0.0270533
-0.0249565
-0.0235296
-0.0227329
-0.0224747
-0.0226292
-0.0230564
-0.0236255
-0.0242754
-0.0250007
-0.0128005
-0.0131091
-0.0133813
-0.0136826
-0.0140708
-0.0145762
-0.015224
-0.0160358
-0.0170294
-0.0182193
-0.0196176
-0.0212339
-0.0230745
-0.0251425
-0.0274366
-0.0299507
-0.0326736
-0.0355893
-0.0386764
-0.0419093
-0.0452585
-0.0486915
-0.052174
-0.0556709
-0.0591474
-0.0625703
-0.0659086
-0.0691344
-0.0722235
-0.0751553
-0.0779133
-0.0804845
-0.0828596
-0.0850321
-0.086998
-0.0887558
-0.0903053
-0.0916476
-0.0927848
-0.0937195
-0.0944545
-0.0949929
-0.0953377
-0.0954918
-0.0954579
-0.0952383
-0.094835
-0.0942494
-0.0934825
-0.0925343
-0.0914043
-0.0900904
-0.0885895
-0.0868968
-0.085006
-0.0829085
-0.0805944
-0.078052
-0.0752691
-0.0722341
-0.0689381
-0.0653784
-0.0615624
-0.0575127
-0.0532727
-0.048912
-0.0445289
-0.0402498
-0.0362222
-0.0326011
-0.0295285
-0.0271105
-0.0253972
-0.0243717
-0.023954
-0.0240176
-0.0244118
-0.0249894
-0.0256779
-0.0264666
-0.0142962
-0.0145697
-0.0148253
-0.0151235
-0.0155183
-0.0160396
-0.0167122
-0.0175569
-0.018591
-0.0198284
-0.0212806
-0.0229566
-0.0248622
-0.0269993
-0.0293656
-0.0319539
-0.0347517
-0.0377412
-0.0408999
-0.0442005
-0.0476122
-0.0511014
-0.0546327
-0.0581705
-0.0616797
-0.0651271
-0.0684821
-0.0717173
-0.0748093
-0.0777385
-0.0804894
-0.0830502
-0.0854123
-0.0875704
-0.0895213
-0.0912641
-0.0927993
-0.0941284
-0.095254
-0.0961788
-0.096906
-0.0974388
-0.0977804
-0.0979338
-0.0979019
-0.0976873
-0.0972923
-0.0967187
-0.095968
-0.0950411
-0.0939378
-0.0926573
-0.0911974
-0.0895544
-0.0877227
-0.0856948
-0.0834612
-0.08101
-0.078328
-0.0754012
-0.0722167
-0.0687655
-0.0650463
-0.0610707
-0.0568695
-0.0524986
-0.0480444
-0.043626
-0.0393907
-0.0355032
-0.0321259
-0.0293934
-0.027387
-0.0261174
-0.0255219
-0.0254781
-0.0258271
-0.026406
-0.0271302
-0.0279824
-0.0158053
-0.0160416
-0.0162786
-0.0165717
-0.0169709
-0.0175056
-0.0181997
-0.0190737
-0.0201439
-0.0214236
-0.0229238
-0.0246527
-0.0266153
-0.0288127
-0.0312415
-0.0338933
-0.0367545
-0.039806
-0.0430237
-0.0463793
-0.0498408
-0.0533736
-0.0569416
-0.0605089
-0.0640402
-0.0675025
-0.0708656
-0.0741029
-0.0771916
-0.0801132
-0.0828532
-0.0854004
-0.0877476
-0.0898899
-0.091825
-0.0935524
-0.0950733
-0.0963894
-0.0975035
-0.0984187
-0.0991381
-0.0996651
-0.100003
-0.100155
-0.100123
-0.0999118
-0.0995225
-0.0989578
-0.0982196
-0.0973093
-0.0962277
-0.0949747
-0.0935493
-0.0919489
-0.0901693
-0.088204
-0.0860444
-0.0836794
-0.0810955
-0.0782775
-0.0752098
-0.0718786
-0.0682754
-0.064402
-0.0602766
-0.055941
-0.0514678
-0.0469645
-0.0425734
-0.0384635
-0.0348126
-0.031781
-0.0294825
-0.0279587
-0.0271699
-0.027003
-0.0272944
-0.0278667
-0.0286229
-0.0295384
-0.0173145
-0.0175118
-0.0177284
-0.0180144
-0.0184156
-0.0189606
-0.0196729
-0.020572
-0.0216735
-0.0229901
-0.0245319
-0.0263063
-0.0283176
-0.0305661
-0.0330474
-0.035752
-0.0386652
-0.0417666
-0.0450313
-0.0484297
-0.051929
-0.0554937
-0.0590875
-0.0626741
-0.0662183
-0.0696873
-0.0730516
-0.0762851
-0.079366
-0.0822765
-0.0850029
-0.0875351
-0.0898663
-0.0919926
-0.0939121
-0.0956248
-0.097132
-0.098436
-0.0995395
-0.100446
-0.101158
-0.101679
-0.102013
-0.102163
-0.102131
-0.101921
-0.101535
-0.100977
-0.100248
-0.0993498
-0.0982849
-0.0970539
-0.0956566
-0.0940917
-0.0923564
-0.0904458
-0.0883524
-0.0860663
-0.0835746
-0.0808619
-0.0779111
-0.0747051
-0.0712298
-0.0674785
-0.0634581
-0.0591964
-0.0547508
-0.0502148
-0.0457211
-0.0414371
-0.0375506
-0.0342441
-0.0316621
-0.0298802
-0.0288862
-0.0285821
-0.0288036
-0.0293611
-0.030145
-0.0311228
-0.0188106
-0.0189677
-0.0191623
-0.019439
-0.0198395
-0.0203917
-0.0211184
-0.0220382
-0.0231659
-0.0245133
-0.0260899
-0.0279022
-0.0299538
-0.032244
-0.0347676
-0.0375143
-0.0404681
-0.043608
-0.0469079
-0.0503376
-0.0538633
-0.0574494
-0.0610591
-0.064656
-0.0682052
-0.0716743
-0.0750341
-0.0782595
-0.0813293
-0.0842264
-0.086938
-0.0894546
-0.0917701
-0.093881
-0.0957859
-0.0974851
-0.0989801
-0.100273
-0.101367
-0.102266
-0.102971
-0.103488
-0.103818
-0.103965
-0.103932
-0.103723
-0.103339
-0.102784
-0.102061
-0.101172
-0.10012
-0.098905
-0.0975296
-0.0959934
-0.0942948
-0.0924305
-0.0903947
-0.0881788
-0.0857714
-0.0831574
-0.0803195
-0.0772387
-0.0738967
-0.0702801
-0.0663859
-0.062229
-0.0578512
-0.0533302
-0.0487855
-0.0443779
-0.0402992
-0.0367488
-0.0338997
-0.0318621
-0.0306554
-0.0302021
-0.0303422
-0.0308764
-0.0316833
-0.0327216
-0.0202809
-0.0203971
-0.0205681
-0.0208335
-0.0212306
-0.0217865
-0.0225235
-0.0234593
-0.0246076
-0.0259797
-0.027584
-0.0294264
-0.0315095
-0.033832
-0.0363878
-0.0391658
-0.0421493
-0.0453164
-0.0486404
-0.0520904
-0.0556323
-0.0592301
-0.0628468
-0.0664463
-0.0699939
-0.0734575
-0.0768087
-0.0800228
-0.0830794
-0.0859621
-0.0886586
-0.09116
-0.0934607
-0.0955575
-0.0974494
-0.0991368
-0.100621
-0.101905
-0.102992
-0.103884
-0.104584
-0.105096
-0.105423
-0.105568
-0.105534
-0.105324
-0.10494
-0.104387
-0.103668
-0.102784
-0.10174
-0.100537
-0.0991778
-0.0976636
-0.0959943
-0.094168
-0.0921809
-0.090026
-0.0876935
-0.0851698
-0.0824378
-0.0794779
-0.0762692
-0.0727935
-0.0690393
-0.0650101
-0.060733
-0.0562688
-0.0517213
-0.0472403
-0.0430157
-0.0392582
-0.0361653
-0.0338807
-0.0324586
-0.031847
-0.0318952
-0.0323979
-0.0332227
-0.0343191
-0.0217133
-0.0217885
-0.0219346
-0.0221867
-0.0225774
-0.0231335
-0.0238765
-0.0248232
-0.0259865
-0.0273767
-0.0290015
-0.0308658
-0.0329717
-0.035317
-0.0378949
-0.0406938
-0.0436962
-0.0468798
-0.0502174
-0.0536776
-0.0572261
-0.0608268
-0.0644428
-0.0680382
-0.0715786
-0.0750325
-0.0783719
-0.0815727
-0.084615
-0.087483
-0.0901649
-0.0926522
-0.0949397
-0.0970243
-0.0989053
-0.100583
-0.102059
-0.103336
-0.104417
-0.105303
-0.106
-0.106508
-0.106833
-0.106975
-0.10694
-0.106728
-0.106345
-0.105792
-0.105073
-0.104192
-0.103152
-0.101957
-0.100609
-0.0991105
-0.0974634
-0.0956674
-0.0937201
-0.0916167
-0.0893493
-0.0869059
-0.0842708
-0.0814245
-0.0783452
-0.0750108
-0.071404
-0.0675181
-0.0633667
-0.0589943
-0.0544871
-0.0499805
-0.0456574
-0.0417334
-0.0384255
-0.035909
-0.0342738
-0.0334978
-0.0334453
-0.0339084
-0.0347458
-0.0358975
-0.0230974
-0.0231313
-0.0232513
-0.0234882
-0.0238697
-0.0244222
-0.0251667
-0.026119
-0.0272913
-0.0286929
-0.0303306
-0.0322088
-0.0343286
-0.0366872
-0.0392774
-0.0420869
-0.0450979
-0.0482878
-0.0516289
-0.0550898
-0.0586362
-0.062232
-0.0658406
-0.0694262
-0.0729549
-0.0763957
-0.079721
-0.0829072
-0.085935
-0.0887889
-0.0914573
-0.0939323
-0.0962085
-0.0982833
-0.100156
-0.101826
-0.103296
-0.104568
-0.105645
-0.106528
-0.107222
-0.107728
-0.10805
-0.108191
-0.108154
-0.107941
-0.107555
-0.107001
-0.106282
-0.105401
-0.104362
-0.10317
-0.101829
-0.100341
-0.0987095
-0.0969361
-0.0950203
-0.0929592
-0.0907468
-0.0883733
-0.0858248
-0.0830828
-0.0801254
-0.0769287
-0.0734708
-0.069737
-0.0657291
-0.061476
-0.0570462
-0.0525578
-0.0481823
-0.0441345
-0.040645
-0.0379168
-0.0360758
-0.0351331
-0.0349728
-0.035389
-0.0362336
-0.0374374
-0.0244224
-0.0244153
-0.0245097
-0.024729
-0.0250982
-0.0256433
-0.0263846
-0.0273371
-0.0285122
-0.0299182
-0.0315613
-0.0334451
-0.0355698
-0.0379325
-0.0405252
-0.0433353
-0.046345
-0.0495313
-0.0528666
-0.0563195
-0.0598557
-0.0634396
-0.0670347
-0.0706057
-0.074119
-0.0775442
-0.0808539
-0.0840251
-0.0870387
-0.0898795
-0.0925362
-0.0950009
-0.0972683
-0.0993357
-0.101202
-0.102868
-0.104334
-0.105603
-0.106678
-0.10756
-0.108252
-0.108757
-0.109078
-0.109218
-0.109178
-0.108963
-0.108576
-0.108019
-0.107297
-0.106414
-0.105374
-0.104182
-0.102842
-0.10136
-0.0997383
-0.0979808
-0.0960886
-0.0940607
-0.0918935
-0.0895794
-0.0871065
-0.084458
-0.081613
-0.078547
-0.0752349
-0.0716563
-0.0678028
-0.0636894
-0.0593669
-0.0549353
-0.0505509
-0.046422
-0.0427871
-0.039872
-0.0378371
-0.0367288
-0.0364557
-0.0368187
-0.0376653
-0.0389176
-0.0256797
-0.0256332
-0.0257008
-0.0259009
-0.0262551
-0.0267889
-0.0275221
-0.0284692
-0.0296406
-0.0310441
-0.0326849
-0.0345658
-0.0366868
-0.0390441
-0.0416298
-0.0444309
-0.0474296
-0.0506029
-0.0539235
-0.0573602
-0.060879
-0.0644445
-0.0680208
-0.071573
-0.075068
-0.0784756
-0.0817689
-0.0849252
-0.0879254
-0.0907547
-0.0934017
-0.0958584
-0.0981196
-0.100182
-0.102046
-0.103709
-0.105175
-0.106443
-0.107518
-0.1084
-0.109092
-0.109598
-0.109918
-0.110056
-0.110015
-0.109798
-0.109407
-0.108847
-0.108121
-0.107233
-0.106189
-0.104994
-0.103653
-0.102171
-0.100554
-0.0988065
-0.0969305
-0.0949276
-0.0927962
-0.090531
-0.0881225
-0.0855563
-0.0828126
-0.0798676
-0.0766948
-0.0732694
-0.0695752
-0.0656148
-0.0614229
-0.0570805
-0.0527263
-0.0485577
-0.0448147
-0.0417409
-0.039528
-0.0382588
-0.0378704
-0.0381748
-0.0390183
-0.0403154
-0.026862
-0.0267775
-0.0268181
-0.0269975
-0.0273338
-0.0278524
-0.0285727
-0.0295085
-0.0306698
-0.0320634
-0.033694
-0.0355637
-0.037672
-0.0400149
-0.0425841
-0.0453668
-0.0483452
-0.0514966
-0.0547941
-0.0582068
-0.0617013
-0.0652427
-0.0687956
-0.0723254
-0.0757996
-0.0791882
-0.0824647
-0.0856064
-0.0885945
-0.0914141
-0.0940537
-0.0965051
-0.098763
-0.100824
-0.102687
-0.104351
-0.105818
-0.107089
-0.108165
-0.109049
-0.109743
-0.11025
-0.110571
-0.110708
-0.110666
-0.110446
-0.110051
-0.109486
-0.108755
-0.107861
-0.106811
-0.10561
-0.104264
-0.102779
-0.101162
-0.0994173
-0.0975508
-0.095565
-0.0934604
-0.0912342
-0.0888792
-0.0863834
-0.0837293
-0.0808942
-0.0778512
-0.0745732
-0.0710379
-0.0672377
-0.0631926
-0.0589652
-0.0546751
-0.0505053
-0.0466916
-0.0434893
-0.0411176
-0.0396954
-0.0391912
-0.0394329
-0.0402689
-0.0416071
-0.0279632
-0.0278427
-0.0278564
-0.0280135
-0.0283293
-0.0288287
-0.0295311
-0.0304499
-0.0315943
-0.0329707
-0.034583
-0.0364331
-0.0385199
-0.0408391
-0.0433826
-0.0461376
-0.0490867
-0.0522076
-0.0554739
-0.0588554
-0.0623193
-0.0658312
-0.0693563
-0.0728606
-0.0763119
-0.0796805
-0.0829401
-0.0860681
-0.0890456
-0.0918574
-0.0944921
-0.096941
-0.0991984
-0.101261
-0.103126
-0.104794
-0.106265
-0.10754
-0.108621
-0.109509
-0.110206
-0.110714
-0.111036
-0.111174
-0.11113
-0.110907
-0.110509
-0.109938
-0.1092
-0.108299
-0.10724
-0.106031
-0.104676
-0.103185
-0.101562
-0.0998165
-0.0979533
-0.0959774
-0.0938913
-0.0916945
-0.0893824
-0.0869454
-0.0843686
-0.081631
-0.0787066
-0.075567
-0.0721859
-0.0685476
-0.0646591
-0.0605658
-0.056368
-0.0522312
-0.0483824
-0.0450826
-0.0425738
-0.0410094
-0.0403913
-0.0405675
-0.041392
-0.0427678
-0.0289787
-0.0288244
-0.0288115
-0.0289452
-0.0292379
-0.0297144
-0.0303939
-0.0312896
-0.0324102
-0.0337619
-0.035348
-0.0371698
-0.0392261
-0.0415126
-0.0440211
-0.0467394
-0.0496503
-0.0527324
-0.0559597
-0.0593031
-0.0627303
-0.0662077
-0.0697011
-0.0731771
-0.0766036
-0.0799514
-0.0831943
-0.0863095
-0.0892779
-0.0920843
-0.0947165
-0.0971657
-0.0994256
-0.101492
-0.103363
-0.105038
-0.106515
-0.107797
-0.108884
-0.109778
-0.11048
-0.110992
-0.111316
-0.111454
-0.111409
-0.111184
-0.110781
-0.110204
-0.109458
-0.108547
-0.107479
-0.106258
-0.104893
-0.10339
-0.101759
-0.100007
-0.0981413
-0.0961685
-0.0940931
-0.0919168
-0.0896373
-0.0872479
-0.084736
-0.0820831
-0.0792647
-0.0762522
-0.0730171
-0.0695373
-0.0658094
-0.0618631
-0.0577794
-0.0537049
-0.0498538
-0.0464872
-0.0438645
-0.0421708
-0.0414426
-0.0415518
-0.0423616
-0.0437716
-0.029905
-0.0297197
-0.0296809
-0.0297903
-0.0300575
-0.0305074
-0.031159
-0.0320255
-0.0331155
-0.0344347
-0.0359862
-0.037771
-0.0397879
-0.0420325
-0.044497
-0.0471694
-0.0500335
-0.0530686
-0.0562495
-0.059548
-0.0629327
-0.0663708
-0.0698288
-0.0732737
-0.076674
-0.0800004
-0.0832267
-0.0863301
-0.0892912
-0.0920942
-0.0947266
-0.097179
-0.0994446
-0.101519
-0.103398
-0.105082
-0.106569
-0.10786
-0.108956
-0.109857
-0.110566
-0.111083
-0.11141
-0.11155
-0.111504
-0.111275
-0.110867
-0.110283
-0.109529
-0.108608
-0.107527
-0.106293
-0.104914
-0.103398
-0.101754
-0.099991
-0.0981176
-0.0961418
-0.0940699
-0.0919055
-0.089649
-0.0872961
-0.0848369
-0.0822556
-0.0795297
-0.0766315
-0.0735313
-0.070203
-0.0666343
-0.0628415
-0.0588875
-0.0548991
-0.0510746
-0.0476703
-0.0449574
-0.0431489
-0.0423163
-0.0423581
-0.0431506
-0.0445921
-0.0307406
-0.0305271
-0.0304634
-0.0305477
-0.0307874
-0.031207
-0.031826
-0.0326572
-0.0337094
-0.0349882
-0.0364966
-0.0382356
-0.0402039
-0.0423973
-0.0448085
-0.0474263
-0.050235
-0.0532149
-0.0563421
-0.0595892
-0.0629258
-0.06632
-0.069739
-0.0731502
-0.0765226
-0.079827
-0.0830371
-0.0861297
-0.0890851
-0.091887
-0.0945223
-0.0969808
-0.0992549
-0.101339
-0.103231
-0.104927
-0.106427
-0.10773
-0.108836
-0.109748
-0.110464
-0.110987
-0.111319
-0.11146
-0.111414
-0.111183
-0.11077
-0.110179
-0.109414
-0.108481
-0.107387
-0.106138
-0.104742
-0.10321
-0.10155
-0.0997714
-0.0978854
-0.0959008
-0.0938254
-0.0916651
-0.0894223
-0.0870953
-0.084677
-0.0821541
-0.0795066
-0.0767086
-0.0737303
-0.0705428
-0.0671276
-0.0634892
-0.0596743
-0.0557899
-0.0520164
-0.0486008
-0.0458206
-0.0439129
-0.0429827
-0.042958
-0.0437313
-0.0452021
-0.0314847
-0.0312463
-0.031159
-0.0312179
-0.0314281
-0.0318142
-0.0323956
-0.0331854
-0.0341926
-0.0354229
-0.0368796
-0.0385637
-0.040474
-0.0426069
-0.0449556
-0.0475096
-0.0502544
-0.0531713
-0.0562374
-0.0594266
-0.0627095
-0.0660552
-0.0694316
-0.0728067
-0.0761497
-0.0794314
-0.0826255
-0.0857084
-0.0886598
-0.0914628
-0.0941034
-0.0965709
-0.0988567
-0.100955
-0.102861
-0.104573
-0.106088
-0.107405
-0.108526
-0.109449
-0.110175
-0.110706
-0.111043
-0.111188
-0.111142
-0.110908
-0.11049
-0.109891
-0.109115
-0.10817
-0.10706
-0.105794
-0.10438
-0.102828
-0.101148
-0.0993513
-0.097448
-0.095449
-0.0933638
-0.0912
-0.0889621
-0.0866509
-0.0842618
-0.0817843
-0.0792011
-0.0764882
-0.0736169
-0.0705572
-0.0672856
-0.0637976
-0.060125
-0.0563564
-0.052653
-0.049249
-0.0464232
-0.0444318
-0.0434119
-0.0433222
-0.0440751
-0.0455738
-0.0321382
-0.0318783
-0.0317689
-0.0318024
-0.0319816
-0.032331
-0.03287
-0.0336123
-0.0345672
-0.0357409
-0.0371368
-0.0387566
-0.0405994
-0.0426623
-0.0449391
-0.0474203
-0.0500925
-0.0529383
-0.0559362
-0.059061
-0.0622848
-0.0655775
-0.0689077
-0.0722442
-0.0755561
-0.0788145
-0.0819928
-0.0850668
-0.0880158
-0.0908219
-0.0934704
-0.0959496
-0.0982503
-0.100365
-0.10229
-0.10402
-0.105553
-0.106888
-0.108024
-0.108962
-0.109701
-0.110241
-0.110585
-0.110734
-0.110689
-0.110453
-0.110029
-0.109422
-0.108636
-0.107676
-0.10655
-0.105265
-0.103831
-0.102257
-0.100554
-0.0987342
-0.0968092
-0.0947908
-0.0926897
-0.0905152
-0.0882738
-0.0859685
-0.0835973
-0.0811523
-0.0786189
-0.0759757
-0.0731954
-0.070248
-0.0671069
-0.0637604
-0.0602281
-0.056581
-0.052961
-0.0495872
-0.0467349
-0.0446748
-0.0435731
-0.0434208
-0.0441529
-0.0456786
-0.032703
-0.0324252
-0.0322956
-0.0323038
-0.0324509
-0.0327606
-0.0332528
-0.0339415
-0.0348367
-0.0359451
-0.0372712
-0.038817
-0.0405825
-0.0425655
-0.0447608
-0.04716
-0.0497511
-0.0525178
-0.05544
-0.0584941
-0.0616533
-0.0648884
-0.0681689
-0.0714641
-0.0747433
-0.0779777
-0.0811401
-0.0842061
-0.0871541
-0.0899653
-0.0926242
-0.095118
-0.0974363
-0.0995713
-0.101517
-0.103269
-0.104823
-0.106179
-0.107334
-0.108288
-0.109042
-0.109594
-0.109946
-0.1101
-0.110057
-0.10982
-0.109392
-0.108776
-0.107978
-0.107004
-0.10586
-0.104555
-0.103098
-0.101499
-0.099771
-0.097925
-0.0959742
-0.0939313
-0.0918084
-0.0896163
-0.0873634
-0.0850545
-0.0826901
-0.0802648
-0.0777668
-0.0751772
-0.0724709
-0.0696184
-0.0665919
-0.0633741
-0.0599744
-0.0564485
-0.0529194
-0.0495893
-0.0467264
-0.044611
-0.0434355
-0.043223
-0.0439343
-0.0454871
-0.033182
-0.0328901
-0.0327425
-0.032726
-0.0328399
-0.0331074
-0.0335484
-0.0341774
-0.0350053
-0.03604
-0.0372867
-0.0387485
-0.0404265
-0.0423195
-0.0444235
-0.0467314
-0.0492325
-0.0519121
-0.0547515
-0.0577285
-0.0608175
-0.0639904
-0.0672177
-0.0704689
-0.0737137
-0.0769232
-0.0800697
-0.0831284
-0.0860766
-0.0888949
-0.0915665
-0.0940775
-0.0964166
-0.0985747
-0.100545
-0.102321
-0.103901
-0.10528
-0.106457
-0.107431
-0.108201
-0.108767
-0.10913
-0.10929
-0.109251
-0.109013
-0.10858
-0.107956
-0.107147
-0.106157
-0.104995
-0.103668
-0.102187
-0.100562
-0.098805
-0.0969296
-0.0949489
-0.0928768
-0.0907266
-0.0885103
-0.0862378
-0.0839161
-0.0815475
-0.0791292
-0.076652
-0.0740996
-0.0714492
-0.068673
-0.0657424
-0.0626368
-0.0593573
-0.0559463
-0.0525093
-0.0492309
-0.0463692
-0.0442095
-0.0429671
-0.0426968
-0.0433878
-0.0449689
-0.0335792
-0.0332771
-0.0331137
-0.0330734
-0.0331536
-0.0333765
-0.0337621
-0.0343255
-0.0350786
-0.0360305
-0.037188
-0.0385556
-0.0401356
-0.0419282
-0.0439309
-0.046138
-0.0485402
-0.0511245
-0.0538739
-0.0567674
-0.0597807
-0.0628871
-0.0660574
-0.069262
-0.0724706
-0.0756542
-0.0787847
-0.0818365
-0.0847862
-0.0876133
-0.0902998
-0.0928307
-0.0951934
-0.0973778
-0.0993756
-0.101181
-0.102788
-0.104194
-0.105396
-0.106392
-0.107181
-0.107763
-0.108139
-0.108308
-0.108273
-0.108036
-0.1076
-0.106969
-0.106148
-0.105143
-0.103961
-0.102612
-0.101105
-0.0994509
-0.0976633
-0.0957553
-0.0937411
-0.0916353
-0.0894523
-0.0872052
-0.0849055
-0.0825615
-0.0801779
-0.0777539
-0.0752827
-0.0727507
-0.0701375
-0.0674171
-0.0645616
-0.0615482
-0.0583718
-0.0550638
-0.0517137
-0.048489
-0.0456353
-0.0434393
-0.0421354
-0.0418091
-0.0424803
-0.0440917
-0.0338991
-0.033591
-0.0334144
-0.0333515
-0.0333976
-0.0335739
-0.0339002
-0.034392
-0.0350625
-0.0359227
-0.0369809
-0.0382436
-0.0397147
-0.0413962
-0.0432872
-0.0453838
-0.0476782
-0.0501592
-0.0528113
-0.0556149
-0.0585473
-0.0615825
-0.0646924
-0.0678477
-0.0710183
-0.074175
-0.0772892
-0.0803347
-0.083287
-0.0861245
-0.088828
-0.0913814
-0.0937706
-0.0959843
-0.0980132
-0.0998498
-0.101488
-0.102924
-0.104154
-0.105176
-0.105988
-0.106589
-0.106979
-0.10716
-0.107131
-0.106896
-0.106458
-0.10582
-0.104988
-0.103967
-0.102766
-0.101393
-0.0998592
-0.0981754
-0.0963547
-0.0944114
-0.0923601
-0.0902163
-0.0879951
-0.0857108
-0.0833761
-0.0810008
-0.0785912
-0.0761485
-0.0736682
-0.0711391
-0.0685433
-0.0658571
-0.0630536
-0.0601091
-0.0570144
-0.0537918
-0.0505171
-0.0473413
-0.0444969
-0.0422686
-0.0409061
-0.0405245
-0.0411765
-0.0428211
-0.0341473
-0.0338373
-0.0336502
-0.0335661
-0.0335782
-0.0337062
-0.0339692
-0.0343835
-0.0349637
-0.0357228
-0.0366714
-0.0378181
-0.0391692
-0.0407286
-0.0424975
-0.0444736
-0.0466513
-0.0490209
-0.0515685
-0.0542762
-0.0571223
-0.0600821
-0.0631282
-0.0662316
-0.0693625
-0.0724912
-0.0755889
-0.0786284
-0.0815843
-0.0844337
-0.0871564
-0.0897346
-0.0921531
-0.0943993
-0.0964625
-0.0983341
-0.100007
-0.101477
-0.102738
-0.103789
-0.104626
-0.105249
-0.105657
-0.105851
-0.105831
-0.1056
-0.105161
-0.104518
-0.103675
-0.10264
-0.101419
-0.100023
-0.0984611
-0.0967457
-0.0948902
-0.0929089
-0.0908172
-0.0886312
-0.0863667
-0.0840389
-0.0816614
-0.0792455
-0.0767986
-0.074324
-0.0718189
-0.0692747
-0.0666756
-0.0640002
-0.0612233
-0.0583214
-0.0552826
-0.0521221
-0.0489047
-0.0457662
-0.0429259
-0.0406644
-0.0392432
-0.0388053
-0.0394381
-0.04112
-0.0343295
-0.0340219
-0.0338273
-0.0337237
-0.0337021
-0.0337801
-0.0339761
-0.0343071
-0.0347892
-0.0354377
-0.036266
-0.0372853
-0.0385049
-0.0399309
-0.0415668
-0.0434127
-0.0454646
-0.0477148
-0.0501511
-0.0527569
-0.0555119
-0.0583922
-0.0613713
-0.0644204
-0.0675099
-0.0706099
-0.0736909
-0.0767247
-0.0796852
-0.0825481
-0.0852918
-0.0878972
-0.0903478
-0.0926293
-0.0947301
-0.0966402
-0.0983517
-0.0998582
-0.101155
-0.102237
-0.103104
-0.103752
-0.10418
-0.10439
-0.104382
-0.104157
-0.103719
-0.103072
-0.102221
-0.101171
-0.0999321
-0.0985121
-0.0969222
-0.0951744
-0.0932824
-0.091261
-0.089126
-0.0868938
-0.0845809
-0.0822032
-0.0797752
-0.0773089
-0.0748134
-0.072293
-0.0697469
-0.0671682
-0.0645438
-0.0618542
-0.0590763
-0.0561874
-0.0531741
-0.0500472
-0.046862
-0.0437418
-0.0408933
-0.0385918
-0.0371078
-0.0366102
-0.0372232
-0.0389469
-0.0344521
-0.0341513
-0.0339524
-0.0338313
-0.0337763
-0.0338029
-0.0339283
-0.0341699
-0.0345459
-0.035074
-0.0357709
-0.0366514
-0.0377275
-0.0390087
-0.0405009
-0.0422066
-0.044124
-0.0462471
-0.0485654
-0.0510638
-0.0537231
-0.0565204
-0.0594296
-0.0624224
-0.0654692
-0.0685397
-0.0716038
-0.0746325
-0.0775985
-0.0804763
-0.0832429
-0.0858779
-0.0883631
-0.0906831
-0.0928246
-0.0947766
-0.0965299
-0.0980771
-0.0994122
-0.100531
-0.101429
-0.102106
-0.102559
-0.102788
-0.102793
-0.102578
-0.102144
-0.101495
-0.100636
-0.0995744
-0.0983174
-0.0968746
-0.0952566
-0.093476
-0.0915465
-0.0894831
-0.087302
-0.08502
-0.0826537
-0.0802198
-0.0777331
-0.0752067
-0.0726504
-0.0700697
-0.0674653
-0.064832
-0.0621585
-0.0594277
-0.0566184
-0.0537093
-0.0506869
-0.0475589
-0.0443739
-0.0412451
-0.0383681
-0.036013
-0.0344571
-0.0338933
-0.0344845
-0.0362558
-0.0345216
-0.0342323
-0.0340325
-0.0338959
-0.0338082
-0.0337818
-0.0338328
-0.033979
-0.0342405
-0.0346383
-0.0351926
-0.0359222
-0.036843
-0.0379677
-0.0393055
-0.0408613
-0.0426357
-0.0446244
-0.0468186
-0.0492046
-0.0517642
-0.0544753
-0.0573124
-0.0602474
-0.0632505
-0.066291
-0.0693383
-0.0723625
-0.0753351
-0.0782293
-0.0810208
-0.0836875
-0.08621
-0.0885713
-0.0907567
-0.0927539
-0.0945525
-0.096144
-0.0975215
-0.0986797
-0.0996145
-0.100323
-0.100803
-0.101055
-0.101078
-0.100875
-0.100447
-0.0997992
-0.0989359
-0.0978637
-0.0965906
-0.0951261
-0.0934808
-0.0916675
-0.0896999
-0.0875931
-0.0853636
-0.083028
-0.0806036
-0.0781069
-0.0755534
-0.0729565
-0.0703266
-0.0676702
-0.0649889
-0.062279
-0.0595309
-0.0567293
-0.0538553
-0.0508891
-0.047818
-0.0446483
-0.0414242
-0.0382512
-0.0353168
-0.0328865
-0.0312436
-0.030603
-0.0311685
-0.0329937
-0.0345447
-0.0342721
-0.034075
-0.0339251
-0.0338052
-0.0337243
-0.0336968
-0.0337411
-0.0338795
-0.0341365
-0.0345367
-0.0351034
-0.0358567
-0.0368136
-0.0379864
-0.039383
-0.0410062
-0.0428539
-0.0449186
-0.0471879
-0.0496446
-0.0522672
-0.0550305
-0.0579067
-0.0608656
-0.0638763
-0.0669073
-0.0699277
-0.072908
-0.0758202
-0.0786384
-0.0813391
-0.0839014
-0.0863068
-0.0885392
-0.0905849
-0.0924324
-0.0940718
-0.0954955
-0.0966972
-0.097672
-0.0984164
-0.0989282
-0.0992064
-0.0992509
-0.099063
-0.0986452
-0.0980013
-0.0971361
-0.0960561
-0.0947691
-0.0932846
-0.0916134
-0.0897679
-0.0877621
-0.0856111
-0.083331
-0.0809387
-0.0784512
-0.0758853
-0.0732564
-0.070578
-0.067861
-0.0651121
-0.062334
-0.0595237
-0.0566729
-0.0537682
-0.0507924
-0.0477278
-0.044563
-0.0413043
-0.0379937
-0.0347321
-0.0317015
-0.0291654
-0.0274131
-0.02668
-0.0272135
-0.0290995
-0.0345286
-0.034278
-0.0340877
-0.0339267
-0.0337749
-0.0336375
-0.033527
-0.0334624
-0.0334686
-0.033574
-0.0338083
-0.0341998
-0.0347738
-0.0355516
-0.0365493
-0.0377779
-0.0392428
-0.0409435
-0.0428742
-0.0450236
-0.047375
-0.0499076
-0.0525965
-0.0554135
-0.0583286
-0.0613099
-0.0643255
-0.0673434
-0.0703329
-0.0732647
-0.0761115
-0.0788485
-0.0814531
-0.0839053
-0.0861877
-0.0882851
-0.0901848
-0.0918759
-0.0933495
-0.0945985
-0.0956174
-0.0964018
-0.0969491
-0.0972577
-0.0973274
-0.0971591
-0.096755
-0.0961187
-0.0952551
-0.0941704
-0.0928723
-0.0913703
-0.089675
-0.0877987
-0.0857551
-0.0835592
-0.0812269
-0.0787748
-0.0762196
-0.0735777
-0.0708643
-0.0680929
-0.0652741
-0.0624149
-0.0595179
-0.0565811
-0.0535968
-0.0505531
-0.0474343
-0.0442249
-0.0409153
-0.0375131
-0.0340599
-0.030655
-0.0274787
-0.0247957
-0.0229029
-0.0220557
-0.0225475
-0.0245016
-0.0344801
-0.034258
-0.0340786
-0.0339088
-0.033725
-0.0335283
-0.0333295
-0.0331482
-0.0330123
-0.0329549
-0.0330113
-0.0332156
-0.0335986
-0.0341866
-0.0349999
-0.0360527
-0.0373529
-0.0389019
-0.0406953
-0.0427225
-0.0449676
-0.0474099
-0.0500245
-0.0527833
-0.0556554
-0.0586087
-0.0616103
-0.0646272
-0.0676276
-0.0705809
-0.0734584
-0.0762338
-0.0788831
-0.0813848
-0.08372
-0.0858723
-0.0878276
-0.0895738
-0.0911011
-0.0924014
-0.0934683
-0.0942969
-0.094884
-0.0952274
-0.0953265
-0.095182
-0.0947959
-0.0941714
-0.0933133
-0.0922276
-0.090922
-0.0894054
-0.0876885
-0.0857832
-0.0837028
-0.081462
-0.0790761
-0.0765612
-0.0739335
-0.0712087
-0.0684014
-0.0655246
-0.0625881
-0.0595988
-0.0565592
-0.0534669
-0.050315
-0.0470922
-0.0437843
-0.0403778
-0.0368653
-0.0332566
-0.0295952
-0.0259813
-0.0225974
-0.0197144
-0.0176398
-0.0166494
-0.0170854
-0.0191153
-0.0344066
-0.0342204
-0.0340566
-0.0338799
-0.0336634
-0.0334038
-0.03311
-0.032803
-0.0325143
-0.0322823
-0.0321485
-0.0321537
-0.0323347
-0.032723
-0.0333436
-0.034214
-0.0353446
-0.0367387
-0.0383929
-0.0402972
-0.0424362
-0.0447892
-0.047331
-0.0500332
-0.0528644
-0.0557917
-0.0587813
-0.0617993
-0.0648127
-0.0677896
-0.0707
-0.0735161
-0.0762124
-0.0787662
-0.081157
-0.0833672
-0.0853812
-0.087186
-0.0887706
-0.090126
-0.091245
-0.092122
-0.0927531
-0.0931358
-0.0932689
-0.0931529
-0.0927893
-0.0921812
-0.091333
-0.0902506
-0.0889413
-0.0874138
-0.0856783
-0.0837463
-0.0816306
-0.0793451
-0.0769046
-0.0743242
-0.0716191
-0.0688043
-0.0658931
-0.0628974
-0.0598263
-0.0566854
-0.0534766
-0.050197
-0.0468394
-0.0433928
-0.0398439
-0.036181
-0.0323993
-0.0285117
-0.0245652
-0.020664
-0.016997
-0.0138467
-0.0115369
-0.0103651
-0.0107259
-0.0128397
-0.0343158
-0.0341744
-0.0340316
-0.0338496
-0.0335985
-0.0332705
-0.0328735
-0.0324302
-0.0319767
-0.0315577
-0.0312215
-0.0310159
-0.0309847
-0.0311649
-0.031586
-0.032269
-0.0332269
-0.0344645
-0.0359793
-0.0377618
-0.0397965
-0.0420625
-0.0445344
-0.0471829
-0.0499761
-0.0528804
-0.0558608
-0.0588826
-0.0619114
-0.0649143
-0.0678598
-0.0707189
-0.0734647
-0.076073
-0.078522
-0.0807927
-0.0828685
-0.0847351
-0.0863805
-0.0877948
-0.0889698
-0.0898994
-0.090579
-0.0910055
-0.0911774
-0.0910946
-0.0907585
-0.0901716
-0.0893382
-0.0882638
-0.0869552
-0.0854208
-0.0836702
-0.0817142
-0.079565
-0.0772355
-0.0747394
-0.0720908
-0.0693035
-0.066391
-0.0633652
-0.0602364
-0.057012
-0.0536962
-0.0502892
-0.0467869
-0.0431813
-0.0394607
-0.0356124
-0.0316258
-0.027499
-0.0232488
-0.0189275
-0.0146463
-0.0106047
-0.00710333
-0.00449015
-0.00308806
-0.00334746
-0.00555354
-0.0342157
-0.0341309
-0.0340149
-0.0338283
-0.0335389
-0.0331351
-0.0326242
-0.0320322
-0.0314005
-0.0307811
-0.0302302
-0.0298032
-0.0295508
-0.0295159
-0.0297327
-0.0302256
-0.0310098
-0.0320914
-0.0334687
-0.0351322
-0.0370663
-0.0392494
-0.0416555
-0.0442546
-0.0470139
-0.0498988
-0.0528736
-0.0559023
-0.0589495
-0.061981
-0.0649642
-0.0678686
-0.0706661
-0.0733312
-0.0758409
-0.0781748
-0.0803151
-0.0822465
-0.0839559
-0.0854325
-0.0866674
-0.0876537
-0.088386
-0.0888609
-0.0890763
-0.0890317
-0.088728
-0.0881675
-0.087354
-0.0862925
-0.0849893
-0.0834523
-0.0816903
-0.0797134
-0.0775326
-0.0751599
-0.0726074
-0.0698878
-0.0670132
-0.063995
-0.0608433
-0.057566
-0.0541683
-0.050652
-0.0470151
-0.0432513
-0.0393506
-0.0352999
-0.0310861
-0.0266995
-0.0221407
-0.0174314
-0.0126304
-0.00785943
-0.00333279
0.000623183
0.00362614
0.00532102
0.00519734
0.00288984
-0.034115
-0.0341037
-0.0340206
-0.0338287
-0.0334949
-0.0330045
-0.032366
-0.03161
-0.0307851
-0.0299514
-0.0291736
-0.0285154
-0.0280345
-0.0277799
-0.02779
-0.0280925
-0.0287045
-0.0296333
-0.0308773
-0.0324269
-0.0342657
-0.0363717
-0.0387177
-0.0412728
-0.0440034
-0.0468738
-0.0498471
-0.0528865
-0.0559553
-0.0590183
-0.0620417
-0.0649938
-0.0678453
-0.0705694
-0.0731418
-0.0755412
-0.0777485
-0.0797473
-0.0815237
-0.0830659
-0.0843642
-0.0854109
-0.0862001
-0.0867278
-0.0869913
-0.0869897
-0.0867235
-0.0861945
-0.0854058
-0.0843622
-0.0830692
-0.0815339
-0.0797643
-0.0777695
-0.0755592
-0.0731439
-0.0705342
-0.0677406
-0.0647732
-0.0616409
-0.0583512
-0.0549091
-0.0513167
-0.0475726
-0.0436713
-0.0396034
-0.0353556
-0.0309124
-0.0262591
-0.0213858
-0.0162955
-0.011015
-0.00561241
-0.000220365
0.00492431
0.00946251
0.0129647
0.0150323
0.015089
0.0126702
-0.0340305
-0.0341083
-0.034066
-0.0338663
-0.0334782
-0.0328863
-0.0321024
-0.0311642
-0.0301289
-0.0290661
-0.0280499
-0.0271521
-0.0264377
-0.0259612
-0.0257652
-0.0258801
-0.0263245
-0.0271062
-0.0282236
-0.0296665
-0.0314177
-0.033454
-0.0357471
-0.0382651
-0.0409731
-0.0438344
-0.0468112
-0.0498654
-0.0529596
-0.0560572
-0.0591234
-0.0621255
-0.065033
-0.067818
-0.0704551
-0.0729219
-0.0751982
-0.0772668
-0.0791126
-0.0807231
-0.0820878
-0.0831983
-0.0840482
-0.0846326
-0.0849486
-0.0849945
-0.0847704
-0.0842776
-0.0835186
-0.0824975
-0.0812192
-0.0796897
-0.0779162
-0.0759062
-0.0736682
-0.0712107
-0.0685425
-0.0656717
-0.0626057
-0.0593504
-0.0559101
-0.0522859
-0.0484761
-0.0444749
-0.0402723
-0.0358542
-0.0312026
-0.0262981
-0.0211225
-0.0156648
-0.00992948
-0.00394916
0.00219762
0.00836902
0.014292
0.0195703
0.0237118
0.0262562
0.0265512
0.0240113
-0.0339766
-0.0341705
-0.0341761
-0.0339616
-0.0335036
-0.0327895
-0.0318375
-0.0306948
-0.0294298
-0.0281226
-0.026857
-0.0257133
-0.0247631
-0.0240658
-0.0236677
-0.023601
-0.0238855
-0.0245291
-0.0255293
-0.0268752
-0.0285482
-0.0305239
-0.0327727
-0.0352614
-0.0379539
-0.0408125
-0.0437981
-0.0468718
-0.0499951
-0.0531305
-0.0562422
-0.0592964
-0.0622617
-0.0651092
-0.0678125
-0.0703481
-0.072695
-0.0748349
-0.0767521
-0.078433
-0.0798666
-0.0810437
-0.0819572
-0.0826017
-0.0829737
-0.083071
-0.082893
-0.0824405
-0.0817154
-0.0807209
-0.0794611
-0.0779409
-0.0761663
-0.0741434
-0.0718788
-0.0693792
-0.0666508
-0.0636991
-0.0605283
-0.0571408
-0.0535366
-0.0497126
-0.0456618
-0.041373
-0.0368301
-0.0320127
-0.0268964
-0.0214555
-0.0156666
-0.00951531
-0.00300625
0.00382346
0.0108853
0.0180127
0.0249141
0.0311317
0.0360947
0.0392553
0.0398658
0.0371986
-0.0339809
-0.0343256
-0.0343854
-0.0341427
-0.0335912
-0.032726
-0.0315764
-0.030203
-0.0286865
-0.0271191
-0.0255944
-0.0242006
-0.0230153
-0.0221021
-0.0215095
-0.0212712
-0.021407
-0.0219241
-0.0228193
-0.0240801
-0.0256863
-0.0276121
-0.0298264
-0.0322947
-0.0349795
-0.037842
-0.0408422
-0.0439402
-0.0470964
-0.0502727
-0.0534322
-0.0565404
-0.059565
-0.062476
-0.0652464
-0.0678516
-0.0702699
-0.0724821
-0.0744716
-0.0762243
-0.0777282
-0.0789737
-0.0799528
-0.0806598
-0.0810903
-0.0812418
-0.0811129
-0.0807038
-0.0800156
-0.0790506
-0.0778121
-0.0763038
-0.0745301
-0.0724956
-0.0702049
-0.0676625
-0.0648717
-0.0618349
-0.0585528
-0.0550235
-0.0512422
-0.0472002
-0.0428846
-0.0382769
-0.0333537
-0.028086
-0.0224408
-0.0163835
-0.00988267
-0.00291782
0.00450914
0.0123581
0.0205294
0.0288348
0.0369534
0.0443626
0.0503888
0.054359
0.0553939
0.0526074
-0.0340872
-0.0346276
-0.0347443
-0.0344494
-0.0337687
-0.032713
-0.0313284
-0.0296921
-0.0279
-0.0260563
-0.0242641
-0.022619
-0.021203
-0.0200824
-0.019307
-0.0189106
-0.0189122
-0.0193178
-0.0201225
-0.0213121
-0.0228646
-0.0247524
-0.026943
-0.0294002
-0.0320856
-0.034959
-0.0379795
-0.0411064
-0.0442993
-0.0475191
-0.0507285
-0.0538919
-0.0569764
-0.0599514
-0.0627888
-0.0654636
-0.067953
-0.0702373
-0.0722991
-0.0741235
-0.0756981
-0.0770123
-0.0780578
-0.0788281
-0.0793183
-0.0795252
-0.0794469
-0.0790827
-0.0784331
-0.0774993
-0.0762835
-0.0747882
-0.0730162
-0.0709704
-0.0686532
-0.0660663
-0.0632104
-0.0600842
-0.0566841
-0.0530035
-0.0490321
-0.0447547
-0.0401507
-0.0351935
-0.02985
-0.0240807
-0.017841
-0.0110844
-0.00376773
0.00413974
0.0126429
0.0217021
0.0312094
0.0409555
0.0505802
0.059506
0.0669217
0.0719797
0.0736046
0.070748
-0.0343683
-0.0351619
-0.0353291
-0.0349398
-0.0340764
-0.0327764
-0.0311088
-0.0291713
-0.0270763
-0.02494
-0.0228741
-0.0209791
-0.0193403
-0.0180248
-0.017082
-0.0165446
-0.0164296
-0.0167411
-0.017472
-0.0186058
-0.0201188
-0.0219814
-0.0241593
-0.0266152
-0.0293092
-0.0322003
-0.0352466
-0.0384065
-0.041639
-0.0449045
-0.0481647
-0.0513839
-0.0545281
-0.0575662
-0.0604696
-0.0632125
-0.0657715
-0.0681262
-0.0702587
-0.0721533
-0.073797
-0.0751787
-0.0762895
-0.0771222
-0.0776715
-0.0779333
-0.0779053
-0.0775858
-0.0769746
-0.0760719
-0.0748787
-0.0733961
-0.0716254
-0.0695674
-0.0672223
-0.064589
-0.0616648
-0.0584445
-0.0549201
-0.0510795
-0.0469059
-0.0423768
-0.0374628
-0.0321274
-0.0263258
-0.0200055
-0.0131074
-0.00556915
0.00266875
0.0116528
0.0214009
0.0318805
0.0429806
0.054475
0.0659672
0.0768144
0.0860706
0.0926276
0.0951148
0.092336
-0.0349493
-0.0360647
-0.0362561
-0.0357001
-0.0345741
-0.0329562
-0.0309444
-0.0286597
-0.0262309
-0.0237852
-0.0214405
-0.0193003
-0.0174498
-0.0159552
-0.0148636
-0.0142049
-0.0139933
-0.0142299
-0.0149049
-0.0159994
-0.0174875
-0.0193375
-0.0215138
-0.0239775
-0.0266877
-0.0296023
-0.0326788
-0.0358749
-0.039149
-0.0424608
-0.0457719
-0.0490456
-0.0522479
-0.0553469
-0.0583135
-0.0611214
-0.0637468
-0.0661685
-0.0683681
-0.0703295
-0.0720389
-0.0734849
-0.0746578
-0.0755501
-0.0761557
-0.07647
-0.0764899
-0.0762131
-0.0756384
-0.0747651
-0.0735929
-0.0721215
-0.0703504
-0.0682785
-0.0659035
-0.0632213
-0.0602256
-0.0569073
-0.0532531
-0.0492451
-0.0448593
-0.0400648
-0.0348226
-0.0290843
-0.0227917
-0.0158767
-0.00826218
0.000134223
0.00939399
0.0195864
0.0307513
0.0428737
0.0558508
0.0694495
0.0832457
0.0965314
0.10825
0.116924
0.120748
0.118401
-0.0360497
-0.0375578
-0.0377033
-0.0368576
-0.03535
-0.0333135
-0.0308791
-0.0281913
-0.0253934
-0.0226202
-0.0199926
-0.0176132
-0.0155646
-0.0139089
-0.0126891
-0.0119304
-0.011643
-0.0118245
-0.0124616
-0.0135329
-0.0150099
-0.0168594
-0.0190438
-0.0215232
-0.0242556
-0.0271981
-0.0303076
-0.0335412
-0.036857
-0.0402142
-0.0435741
-0.0468996
-0.0501563
-0.053312
-0.0563372
-0.0592051
-0.0618914
-0.0643747
-0.0666359
-0.0686585
-0.0704283
-0.0719332
-0.0731633
-0.0741102
-0.0747676
-0.0751301
-0.075194
-0.0749563
-0.0744147
-0.0735678
-0.0724138
-0.0709511
-0.0691774
-0.0670894
-0.0646823
-0.061949
-0.0588796
-0.0554604
-0.0516727
-0.0474923
-0.0428876
-0.0378187
-0.0322354
-0.0260767
-0.0192689
-0.0117256
-0.00334875
0.00596887
0.016337
0.0278563
0.0406003
0.0545869
0.0697401
0.085841
0.102459
0.118851
0.133844
0.145602
0.151622
0.150449
-0.0380641
-0.0400044
-0.0399413
-0.0385963
-0.0365293
-0.0339364
-0.0309784
-0.0278188
-0.02461
-0.0214888
-0.0185735
-0.0159616
-0.0137291
-0.0119309
-0.0106034
-0.00976567
-0.00942271
-0.0095675
-0.0101833
-0.0112455
-0.0127235
-0.0145819
-0.0167819
-0.0192825
-0.0220407
-0.0250131
-0.0281559
-0.0314261
-0.0347813
-0.0381806
-0.041585
-0.0449572
-0.0482626
-0.0514687
-0.0545457
-0.0574666
-0.0602067
-0.0627442
-0.0650596
-0.0671362
-0.0689593
-0.0705163
-0.0717969
-0.0727923
-0.0734955
-0.0739009
-0.0740037
-0.0738004
-0.073288
-0.0724637
-0.0713248
-0.0698681
-0.0680896
-0.0659838
-0.0635433
-0.060758
-0.0576141
-0.0540933
-0.0501715
-0.0458179
-0.0409929
-0.0356469
-0.0297184
-0.0231323
-0.0157983
-0.00761
0.00155501
0.011833
0.0233685
0.0363038
0.05076
0.0668084
0.0844282
0.103449
0.123476
0.143778
0.163123
0.179432
0.189183
0.190627
-0.0417235
-0.0440006
-0.0433613
-0.0411584
-0.0382671
-0.0349289
-0.031317
-0.0276013
-0.0239321
-0.020439
-0.0172304
-0.0143925
-0.0119898
-0.0100671
-0.0086511
-0.00775342
-0.00737256
-0.00749643
-0.00810426
-0.00916841
-0.0106559
-0.0125296
-0.0147494
-0.0172733
-0.0200577
-0.0230588
-0.0262326
-0.0295356
-0.0329254
-0.0363612
-0.0398036
-0.0432154
-0.0465619
-0.0498103
-0.0529309
-0.0558963
-0.0586817
-0.0612649
-0.0636263
-0.0657488
-0.0676172
-0.0692189
-0.0705429
-0.0715802
-0.0723232
-0.0727656
-0.0729024
-0.0727292
-0.072242
-0.0714373
-0.0703109
-0.0688584
-0.067074
-0.06495
-0.0624766
-0.0596406
-0.0564243
-0.052805
-0.0487533
-0.0442314
-0.0391921
-0.0335761
-0.0273103
-0.0203053
-0.0124537
-0.0036279
0.0063207
0.017561
0.0302784
0.0446666
0.0609112
0.0791623
0.0994919
0.121831
0.145885
0.171019
0.196101
0.218931
0.234992
0.241641
-0.0484333
-0.0505105
-0.0484597
-0.0447838
-0.0406781
-0.0363395
-0.0319096
-0.0275392
-0.0233577
-0.0194724
-0.0159703
-0.0129181
-0.0103634
-0.00833649
-0.00685248
-0.0059136
-0.00551119
-0.00562767
-0.00623819
-0.00731213
-0.00881435
-0.0107062
-0.0129467
-0.015493
-0.0183012
-0.0213272
-0.0245268
-0.0278568
-0.0312746
-0.0347395
-0.0382121
-0.0416555
-0.0450346
-0.0483169
-0.0514725
-0.0544739
-0.0572961
-0.0599169
-0.0623165
-0.0644772
-0.066384
-0.0680237
-0.069385
-0.0704586
-0.0712363
-0.0717115
-0.0718785
-0.0717322
-0.071268
-0.0704813
-0.0693669
-0.0679189
-0.0661297
-0.0639895
-0.0614866
-0.0586047
-0.0553226
-0.0516131
-0.0474418
-0.042765
-0.0375276
-0.0316614
-0.0250823
-0.0176875
-0.00935286
6.9956e-05
0.010756
0.0229081
0.0367569
0.0525559
0.0705717
0.0910631
0.114244
0.140223
0.16891
0.199898
0.232344
0.264172
0.290315
0.306623
-0.0610398
-0.0610285
-0.0557182
-0.0495454
-0.0436575
-0.0379823
-0.0325465
-0.0274333
-0.0227147
-0.0184494
-0.0146852
-0.0114577
-0.00879071
-0.0066963
-0.00517609
-0.00422234
-0.00381926
-0.00394417
-0.00456873
-0.00565995
-0.00718114
-0.00909276
-0.0113532
-0.0139194
-0.0167476
-0.0197935
-0.0230133
-0.0263638
-0.0298028
-0.0332897
-0.0367853
-0.0402528
-0.0436572
-0.0469662
-0.0501497
-0.0531803
-0.0560329
-0.0586852
-0.061117
-0.0633108
-0.065251
-0.0669242
-0.068319
-0.0694254
-0.0702352
-0.070741
-0.0709367
-0.0708165
-0.0703751
-0.0696071
-0.0685065
-0.0670659
-0.0652768
-0.0631254
-0.0606003
-0.0576818
-0.0543456
-0.050561
-0.0462889
-0.0414803
-0.0360737
-0.029993
-0.0231446
-0.0154141
-0.00666274
0.00327635
0.0146022
0.0275501
0.0423948
0.0594537
0.0790856
0.101686
0.127669
0.157428
0.191256
0.229215
0.270996
0.315067
0.356484
0.391566
-0.0860668
-0.0773505
-0.0650654
-0.0548202
-0.0463587
-0.0389908
-0.0324568
-0.0266475
-0.0214998
-0.0169808
-0.0130771
-0.00978351
-0.00709618
-0.00500892
-0.0035113
-0.00258785
-0.00221792
-0.00237594
-0.00303195
-0.00415218
-0.00569973
-0.00763519
-0.00991726
-0.0125033
-0.01535
-0.0184136
-0.0216508
-0.0250187
-0.0284756
-0.031981
-0.0354963
-0.0389847
-0.0424114
-0.0457442
-0.048953
-0.0520104
-0.0548912
-0.0575729
-0.0600354
-0.0622608
-0.0642333
-0.0659393
-0.0673671
-0.0685063
-0.0693483
-0.0698856
-0.0701112
-0.0700191
-0.0696029
-0.0688566
-0.0677741
-0.0663462
-0.064562
-0.0624123
-0.0598773
-0.056937
-0.0535653
-0.0497286
-0.0453846
-0.04048
-0.0349486
-0.0287084
-0.0216587
-0.0136765
-0.00461211
0.00571533
0.0175234
0.0310731
0.0466764
0.0647067
0.085611
0.109928
0.13831
0.171549
0.210577
0.256423
0.310005
0.371372
0.438045
0.51295
-0.141972
-0.0983536
-0.0711671
-0.0555662
-0.0446647
-0.0361266
-0.029178
-0.0233502
-0.0183471
-0.014027
-0.0103319
-0.00723701
-0.0047289
-0.0027981
-0.00143442
-0.000624333
-0.000349759
-0.000587849
-0.00131125
-0.0024886
-0.0040851
-0.00606318
-0.0083831
-0.0110035
-0.0138822
-0.0169764
-0.0202435
-0.0236411
-0.0271281
-0.0306644
-0.0342115
-0.0377329
-0.0411939
-0.0445623
-0.0478079
-0.0509033
-0.0538233
-0.0565452
-0.0590485
-0.0613153
-0.0633296
-0.0650775
-0.066547
-0.0677275
-0.0686102
-0.069187
-0.0694511
-0.0693958
-0.0690146
-0.0682987
-0.0672441
-0.0658413
-0.0640799
-0.0619454
-0.0594199
-0.056482
-0.0531042
-0.0492516
-0.0448797
-0.0399334
-0.0343439
-0.0280262
-0.020876
-0.012766
-0.00354084
0.00698734
0.0190461
0.0329105
0.0489143
0.0674657
0.0890707
0.114373
0.144218
0.179777
0.222743
0.275699
0.342483
0.428753
0.542243
0.695527
-0.275301
-0.114381
-0.0563256
-0.0399561
-0.0312159
-0.0244359
-0.0192503
-0.0150878
-0.0114699
-0.00823387
-0.00537614
-0.00292848
-0.000921701
0.000619473
0.00167831
0.00224751
0.00232929
0.00193444
0.00108116
-0.000206153
-0.001898
-0.00396085
-0.00635802
-0.00905052
-0.0119978
-0.0151585
-0.0184908
-0.0219532
-0.025505
-0.0291063
-0.0327189
-0.0363062
-0.0398336
-0.0432687
-0.0465814
-0.0497439
-0.0527309
-0.0555193
-0.0580888
-0.0604208
-0.0624994
-0.0643105
-0.0658417
-0.0670825
-0.0680236
-0.068657
-0.0689754
-0.0689724
-0.068642
-0.0679797
-0.0669717
-0.0656119
-0.0638912
-0.0617953
-0.0593066
-0.0564033
-0.0530578
-0.0492351
-0.0448911
-0.0399705
-0.034405
-0.0281099
-0.0209813
-0.0128922
-0.0036881
0.00681865
0.0188554
0.0326979
0.0486827
0.0672248
0.0888453
0.11422
0.144265
0.180314
0.224466
0.280528
0.355914
0.467224
0.643728
0.925385
)
;

boundaryField
{
    movingWall
    {
        type            zeroGradient;
    }
    fixedWalls
    {
        type            zeroGradient;
    }
    frontAndBack
    {
        type            empty;
    }
}


// ************************************************************************* //
