/*--------------------------------*- C++ -*----------------------------------*\
  =========                 |
  \\      /  F ield         | OpenFOAM: The Open Source CFD Toolbox
   \\    /   O peration     | Website:  https://openfoam.org
    \\  /    A nd           | Version:  7
     \\/     M anipulation  |
\*---------------------------------------------------------------------------*/
FoamFile
{
    version     2.0;
    format      ascii;
    class       volScalarField;
    location    "1.975";
    object      p;
}
// * * * * * * * * * * * * * * * * * * * * * * * * * * * * * * * * * * * * * //

dimensions      [0 2 -2 0 0 0 0];

internalField   nonuniform List<scalar> 
6400
(
-5.03096e-09
3.13724e-06
-2.88982e-05
-9.55936e-05
-0.000189491
-0.000303504
-0.000431593
-0.000568612
-0.000710573
-0.000854478
-0.000998169
-0.00114011
-0.00127921
-0.00141469
-0.00154592
-0.00167236
-0.00179344
-0.00190854
-0.00201692
-0.0021177
-0.00220991
-0.00229241
-0.00236398
-0.00242331
-0.00246902
-0.00249974
-0.0025141
-0.0025108
-0.00248866
-0.00244663
-0.00238388
-0.00229985
-0.00219423
-0.00206709
-0.00191885
-0.00175038
-0.00156295
-0.00135831
-0.00113867
-0.000906694
-0.000665491
-0.000418588
-0.000169868
7.64862e-05
0.000316065
0.000544327
0.000756698
0.000948678
0.00111596
0.00125455
0.00136088
0.00143193
0.00146528
0.00145928
0.00141301
0.00132643
0.00120031
0.00103627
0.000836752
0.000604946
0.000344729
6.05594e-05
-0.000242622
-0.0005595
-0.000884515
-0.00121197
-0.00153615
-0.00185137
-0.00215211
-0.00243307
-0.00268919
-0.00291574
-0.00310841
-0.00326339
-0.00337766
-0.00344942
-0.00347904
-0.00347068
-0.00343426
-0.00338774
-3.26581e-06
-2.13199e-07
-2.95037e-05
-8.75964e-05
-0.000168048
-0.000266046
-0.000377067
-0.000497022
-0.000622643
-0.000751298
-0.000880973
-0.00101015
-0.00113768
-0.00126269
-0.00138444
-0.0015023
-0.00161563
-0.00172374
-0.0018259
-0.00192126
-0.00200888
-0.0020877
-0.00215661
-0.00221442
-0.00225987
-0.00229172
-0.00230874
-0.00230976
-0.00229371
-0.00225967
-0.00220688
-0.00213482
-0.00204324
-0.00193219
-0.00180207
-0.00165365
-0.0014881
-0.00130701
-0.00111239
-0.000906666
-0.000692667
-0.000473601
-0.000253005
-3.46845e-05
0.000177348
0.000378963
0.000565998
0.000734371
0.000880175
0.000999794
0.00109001
0.00114809
0.00117189
0.00115994
0.00111148
0.00102649
0.000905753
0.000750808
0.000563934
0.000348095
0.000106874
-0.000155623
-0.000434859
-0.000725975
-0.0010239
-0.00132345
-0.00161944
-0.00190679
-0.00218055
-0.00243604
-0.00266887
-0.00287503
-0.00305099
-0.00319382
-0.00330138
-0.00337268
-0.00340863
-0.00341254
-0.00338792
-0.0033413
2.91736e-05
2.87289e-05
-1.23004e-06
-5.59888e-05
-0.000129748
-0.000218645
-0.000319121
-0.000427908
-0.000542261
-0.000659945
-0.00077919
-0.000898616
-0.00101715
-0.00113393
-0.00124823
-0.00135939
-0.00146677
-0.0015697
-0.00166743
-0.00175916
-0.00184397
-0.00192089
-0.00198885
-0.00204674
-0.00209339
-0.00212763
-0.00214831
-0.00215433
-0.00214468
-0.00211847
-0.00207498
-0.0020137
-0.00193436
-0.00183697
-0.00172187
-0.00158973
-0.00144161
-0.00127896
-0.00110361
-0.000917807
-0.000724161
-0.000525659
-0.000325591
-0.000127509
6.48351e-05
0.000247573
0.000416805
0.000568695
0.000699577
0.000806057
0.000885114
0.000934196
0.000951303
0.000935067
0.000884798
0.000800528
0.000683024
0.000533778
0.000354981
0.000149467
-7.93556e-05
-0.000327591
-0.000590951
-0.000864859
-0.00114456
-0.00142523
-0.00170207
-0.00197037
-0.00222565
-0.00246367
-0.00268053
-0.00287273
-0.00303725
-0.00317163
-0.0032741
-0.0033438
-0.00338133
-0.00338862
-0.00336358
-0.00330459
9.79062e-05
8.71668e-05
5.18846e-05
-4.00248e-06
-7.59299e-05
-0.000160611
-0.000255101
-0.000356752
-0.000463326
-0.000572994
-0.000684294
-0.00079607
-0.000907401
-0.00101754
-0.00112583
-0.00123167
-0.00133446
-0.00143356
-0.00152826
-0.00161779
-0.00170128
-0.00177779
-0.00184631
-0.00190575
-0.00195501
-0.00199294
-0.00201844
-0.00203043
-0.0020279
-0.00200997
-0.00197589
-0.00192511
-0.00185732
-0.00177246
-0.00167076
-0.0015528
-0.00141951
-0.00127219
-0.00111254
-0.000942647
-0.000764938
-0.00058224
-0.00039767
-0.000214613
-3.66534e-05
0.000132497
0.000289085
0.000429412
0.000549933
0.000647364
0.00071878
0.000761707
0.000774208
0.000754958
0.000703298
0.000619274
0.000503643
0.000357874
0.000184113
-1.4873e-05
-0.000235766
-0.000474784
-0.000727778
-0.000990343
-0.00125792
-0.00152593
-0.0017898
-0.00204515
-0.00228779
-0.00251383
-0.00271973
-0.00290235
-0.003059
-0.00318747
-0.00328608
-0.00335376
-0.00339059
-0.00339724
-0.00336761
-0.00329517
0.000196557
0.000169276
0.0001245
6.41596e-05
-9.07483e-06
-9.24607e-05
-0.000183592
-0.000280413
-0.000381197
-0.000484546
-0.000589343
-0.000694703
-0.000799921
-0.000904404
-0.00100763
-0.00110908
-0.00120824
-0.00130452
-0.00139726
-0.00148573
-0.00156912
-0.00164651
-0.00171691
-0.00177928
-0.00183253
-0.00187554
-0.00190718
-0.00192638
-0.00193211
-0.00192344
-0.00189958
-0.0018599
-0.00180401
-0.00173174
-0.00164322
-0.00153889
-0.00141955
-0.00128637
-0.00114089
-0.000985039
-0.000821143
-0.000651848
-0.00048015
-0.000309315
-0.00014282
1.57187e-05
0.00016263
0.000294278
0.000407173
0.000498071
0.000564072
0.000602719
0.000612083
0.000590842
0.000538333
0.000454589
0.000340357
0.000197084
2.68899e-05
-0.000167493
-0.000382793
-0.000615287
-0.00086091
-0.00111536
-0.00137421
-0.00163302
-0.00188744
-0.00213329
-0.00236663
-0.00258384
-0.00278168
-0.00295729
-0.0031082
-0.0032324
-0.00332821
-0.00339437
-0.0034305
-0.00343637
-0.00340347
-0.00332264
0.000318608
0.000270424
0.00021274
0.000145142
6.79501e-05
-1.66189e-05
-0.000106659
-0.000200698
-0.000297529
-0.000396192
-0.000495944
-0.000596209
-0.00069653
-0.000796515
-0.000895799
-0.000993995
-0.00109067
-0.00118533
-0.00127738
-0.00136613
-0.00145079
-0.0015305
-0.00160428
-0.0016711
-0.00172986
-0.00177943
-0.00181867
-0.00184644
-0.00186167
-0.00186336
-0.00185062
-0.00182275
-0.00177921
-0.00171972
-0.00164427
-0.00155316
-0.00144705
-0.00132695
-0.00119427
-0.00105079
-0.00089872
-0.000740595
-0.000579313
-0.000418062
-0.000260258
-0.000109478
3.06278e-05
0.000156429
0.000264426
0.000351351
0.000414269
0.000450681
0.000458617
0.000436708
0.000384254
0.000301251
0.000188415
4.71701e-05
-0.000120383
-0.000311525
-0.000523001
-0.000751111
-0.000991821
-0.00124088
-0.00149392
-0.00174661
-0.00199471
-0.0022342
-0.00246131
-0.00267265
-0.00286519
-0.00303626
-0.00318362
-0.00330534
-0.00339979
-0.00346556
-0.00350194
-0.00350816
-0.00347463
-0.00339117
0.000457843
0.000385624
0.000312475
0.000235353
0.000152014
6.41728e-05
-2.67376e-05
-0.00011982
-0.000214393
-0.000309947
-0.000406125
-0.000502684
-0.000599441
-0.000696235
-0.000792881
-0.000889143
-0.000984705
-0.00107916
-0.00117198
-0.00126253
-0.00135007
-0.00143374
-0.00151258
-0.00158554
-0.00165151
-0.00170931
-0.00175774
-0.00179561
-0.00182175
-0.00183505
-0.00183452
-0.00181931
-0.00178873
-0.00174237
-0.00168005
-0.00160192
-0.00150848
-0.00140058
-0.0012795
-0.00114689
-0.00100485
-0.000855832
-0.000702661
-0.000548484
-0.000396702
-0.000250898
-0.00011475
8.05986e-06
0.000113964
0.000199612
0.000261976
0.000298463
0.000307004
0.000286143
0.000235095
0.000153788
4.28832e-05
-9.62326e-05
-0.00026148
-0.000450147
-0.000658977
-0.000884266
-0.00112198
-0.00136786
-0.00161756
-0.00186678
-0.00211134
-0.00234731
-0.00257106
-0.00277931
-0.00296919
-0.00313821
-0.00328424
-0.00340546
-0.00350028
-0.00356721
-0.00360537
-0.00361369
-0.00358242
-0.00350145
0.000608163
0.00050974
0.000419251
0.000330879
0.000239693
0.000146928
5.35515e-05
-4.01142e-05
-0.000133914
-0.000227797
-0.000321809
-0.000416051
-0.000510633
-0.000605636
-0.000701076
-0.000796878
-0.000892853
-0.00098869
-0.00108394
-0.00117803
-0.00127023
-0.0013597
-0.00144547
-0.00152648
-0.00160155
-0.00166946
-0.00172892
-0.00177864
-0.00181732
-0.00184373
-0.00185672
-0.00185528
-0.00183857
-0.00180597
-0.00175714
-0.00169205
-0.00161103
-0.00151479
-0.00140443
-0.00128153
-0.00114804
-0.00100636
-0.000859275
-0.000709913
-0.00056169
-0.000418233
-0.000283297
-0.000160656
-5.39997e-05
3.3185e-05
9.77268e-05
0.00013688
0.000148428
0.000130772
8.29965e-05
4.92038e-06
-0.000102883
-0.000239089
-0.000401656
-0.000587889
-0.000794526
-0.00101784
-0.00125378
-0.00149803
-0.00174625
-0.0019941
-0.00223742
-0.0024723
-0.00269516
-0.00290283
-0.00309252
-0.00326183
-0.00340874
-0.00353152
-0.00362861
-0.00369853
-0.00374032
-0.00375278
-0.00372662
-0.00365243
0.000763727
0.000637647
0.000528482
0.000427593
0.000327291
0.000228328
0.000131208
3.56726e-05
-5.86551e-05
-0.000152191
-0.00024539
-0.000338705
-0.000432551
-0.000527258
-0.000623049
-0.000720017
-0.000818109
-0.000917114
-0.00101666
-0.00111621
-0.00121508
-0.00131241
-0.00140723
-0.00149841
-0.00158474
-0.00166488
-0.00173744
-0.00180101
-0.00185414
-0.00189544
-0.00192357
-0.00193733
-0.00193568
-0.00191781
-0.00188317
-0.00183154
-0.00176306
-0.00167827
-0.00157813
-0.00146408
-0.00133799
-0.00120219
-0.00105943
-0.000912841
-0.000765883
-0.000622254
-0.000485818
-0.000360489
-0.00025012
-0.000158382
-8.8646e-05
-4.38635e-05
-2.64571e-05
-3.82255e-05
-8.02659e-05
-0.000152921
-0.00025575
-0.000387529
-0.000546286
-0.000729364
-0.000933506
-0.00115497
-0.00138964
-0.00163317
-0.00188114
-0.00212917
-0.00237305
-0.00260885
-0.002833
-0.00304232
-0.00323407
-0.00340592
-0.00355589
-0.00368233
-0.00378371
-0.0038586
-0.003906
-0.0039247
-0.00390625
-0.00384231
0.000918959
0.000764252
0.000635504
0.000521211
0.00041087
0.000304744
0.000202866
0.00010438
8.37196e-06
-8.60475e-05
-0.000179749
-0.000273543
-0.000368146
-0.000464146
-0.000561975
-0.000661895
-0.000763986
-0.000868139
-0.000974051
-0.00108123
-0.001189
-0.00129651
-0.00140273
-0.00150649
-0.00160648
-0.00170125
-0.0017893
-0.00186903
-0.00193884
-0.00199712
-0.00204234
-0.00207308
-0.00208807
-0.00208627
-0.0020669
-0.00202953
-0.0019741
-0.00190094
-0.00181088
-0.00170521
-0.00158569
-0.00145459
-0.00131464
-0.00116898
-0.00102112
-0.000874862
-0.0007342
-0.000603226
-0.000485995
-0.00038641
-0.000308095
-0.000254266
-0.000227615
-0.000230201
-0.000263368
-0.000327681
-0.000422892
-0.00054793
-0.000700939
-0.000879332
-0.00107988
-0.00129884
-0.00153204
-0.00177507
-0.00202343
-0.00227265
-0.00251844
-0.00275678
-0.00298404
-0.00319701
-0.00339292
-0.00356944
-0.00372462
-0.00385682
-0.00396457
-0.00404646
-0.00410149
-0.00412847
-0.00412002
-0.00406908
0.0010684
0.000884465
0.000735567
0.000607297
0.000486282
0.000372283
0.000264843
0.000162495
6.37716e-05
-3.26946e-05
-0.000128191
-0.000223888
-0.000320807
-0.000419787
-0.000521469
-0.000626283
-0.000734438
-0.000845919
-0.00096049
-0.00107769
-0.00119686
-0.00131711
-0.00143738
-0.00155641
-0.00167277
-0.00178491
-0.00189114
-0.00198969
-0.00207876
-0.00215651
-0.00222117
-0.00227107
-0.00230469
-0.00232073
-0.00231816
-0.00229629
-0.00225484
-0.00219394
-0.00211422
-0.00201682
-0.00190341
-0.00177617
-0.00163778
-0.00149139
-0.0013406
-0.00118929
-0.00104164
-0.000901922
-0.000774445
-0.000663387
-0.000572678
-0.000505863
-0.000465969
-0.000455389
-0.000475787
-0.000528027
-0.000612125
-0.000727236
-0.000871675
-0.00104298
-0.001238
-0.00145298
-0.00168374
-0.0019258
-0.00217455
-0.00242541
-0.00267396
-0.00291605
-0.00314793
-0.00336628
-0.00356826
-0.00375149
-0.00391396
-0.00405403
-0.00417023
-0.00426117
-0.00432583
-0.00436302
-0.00436658
-0.00433083
0.00120665
0.000993186
0.000823847
0.000681275
0.000549188
0.00042681
0.000313174
0.000206183
0.000103801
4.17447e-06
-9.44028e-05
-0.00019346
-0.000294319
-0.000398069
-0.000505551
-0.000617359
-0.000733824
-0.00085502
-0.00098077
-0.00111064
-0.00124396
-0.00137981
-0.00151705
-0.00165435
-0.00179014
-0.00192271
-0.0020502
-0.00217062
-0.00228194
-0.00238206
-0.00246896
-0.00254067
-0.0025954
-0.00263154
-0.00264778
-0.00264317
-0.00261715
-0.00256961
-0.00250098
-0.00241228
-0.00230485
-0.00218094
-0.00204314
-0.0018946
-0.00173897
-0.00158025
-0.00142279
-0.00127108
-0.00112971
-0.00100318
-0.000895791
-0.000811472
-0.000753662
-0.000725171
-0.000728071
-0.000763613
-0.00083217
-0.000933205
-0.00106529
-0.00122615
-0.00141275
-0.00162141
-0.00184793
-0.00208779
-0.00233626
-0.0025886
-0.00284025
-0.00308687
-0.00332453
-0.00354975
-0.00375953
-0.00395136
-0.00412315
-0.00427315
-0.00439985
-0.00450188
-0.0045781
-0.00462738
-0.0046447
-0.00462592
0.00132833
0.00108529
0.000895447
0.000738458
0.000595085
0.000463985
0.000343649
0.000231327
0.000124402
2.05297e-05
-8.24226e-05
-0.000186338
-0.000292836
-0.000403247
-0.000518611
-0.000639672
-0.000766878
-0.000900385
-0.00104006
-0.00118549
-0.00133599
-0.00149058
-0.00164807
-0.00180697
-0.0019656
-0.00212206
-0.00227428
-0.00242005
-0.00255706
-0.00268295
-0.00279538
-0.00289208
-0.00297092
-0.00302998
-0.00306763
-0.0030826
-0.00307401
-0.0030415
-0.00298529
-0.00290633
-0.00280507
-0.00268433
-0.00254649
-0.00239463
-0.00223243
-0.00206401
-0.00189388
-0.00172678
-0.00156761
-0.00142124
-0.00129237
-0.00118542
-0.00110429
-0.00105232
-0.00103209
-0.00104534
-0.00109291
-0.00117467
-0.00128955
-0.00143555
-0.00160984
-0.00180885
-0.00202844
-0.00226401
-0.00251076
-0.0027638
-0.00301832
-0.00326978
-0.00351401
-0.00374729
-0.00396639
-0.00416857
-0.00435159
-0.00451353
-0.00465278
-0.00476787
-0.00485752
-0.00492076
-0.00495341
-0.00495305
0.00142804
0.00115562
0.000945412
0.000774058
0.000619338
0.000479296
0.00035185
0.000233575
0.000121261
1.20583e-05
-9.65872e-05
-0.000206914
-0.00032083
-0.000439904
-0.000565363
-0.000698096
-0.00083866
-0.000987283
-0.00114387
-0.00130801
-0.001479
-0.00165579
-0.00183709
-0.0020213
-0.00220656
-0.00239078
-0.00257166
-0.00274672
-0.00291337
-0.00306894
-0.00321076
-0.00333619
-0.00344276
-0.00352819
-0.00359046
-0.00362795
-0.00363945
-0.00362426
-0.00358219
-0.00351348
-0.00342017
-0.00330314
-0.00316504
-0.00300902
-0.00283875
-0.00265845
-0.00247281
-0.00228682
-0.0021057
-0.00193473
-0.0017791
-0.00164374
-0.00153315
-0.00145128
-0.00140131
-0.00138563
-0.00140565
-0.00146179
-0.00155345
-0.00167902
-0.00183597
-0.00202093
-0.00222986
-0.00245816
-0.00270093
-0.00295309
-0.00320964
-0.00346574
-0.0037169
-0.00395909
-0.00418876
-0.00440289
-0.00459894
-0.00477477
-0.00492856
-0.00505871
-0.00516379
-0.00524236
-0.00529195
-0.00531134
0.00150037
0.00119901
0.00096875
0.000783225
0.000617212
0.000468104
0.000333204
0.000208392
8.98513e-05
-2.57774e-05
-0.000141473
-0.000259826
-0.000383028
-0.000512879
-0.000650784
-0.000797771
-0.000954495
-0.00112125
-0.00129797
-0.00148424
-0.0016793
-0.00188207
-0.00209112
-0.00230471
-0.0025208
-0.00273709
-0.00295101
-0.00315982
-0.00336059
-0.00355032
-0.00372597
-0.00388453
-0.0040231
-0.004139
-0.0042298
-0.00429347
-0.0043284
-0.00433351
-0.00430828
-0.00425279
-0.00416806
-0.00405549
-0.00391738
-0.00375673
-0.00357719
-0.00338305
-0.00317913
-0.0029707
-0.0027633
-0.00256266
-0.00237449
-0.00220435
-0.0020574
-0.00193831
-0.00185102
-0.00179867
-0.00178341
-0.00180635
-0.0018675
-0.0019658
-0.00209913
-0.00226443
-0.00245783
-0.0026748
-0.00291036
-0.00315928
-0.00341628
-0.00367619
-0.00393416
-0.00418573
-0.00442696
-0.0046544
-0.00486515
-0.00505671
-0.00522699
-0.00537413
-0.00549641
-0.0055921
-0.00566003
-0.00570037
0.00153991
0.00121027
0.000960461
0.000761085
0.000583927
0.000425689
0.000283031
0.000151116
2.55026e-05
-9.76792e-05
-0.000221833
-0.0003499
-0.000484349
-0.000627205
-0.000780044
-0.000944024
-0.00111989
-0.001308
-0.0015083
-0.00172038
-0.00194342
-0.00217625
-0.00241732
-0.00266475
-0.0029163
-0.00316941
-0.00342126
-0.00366879
-0.00390874
-0.00413772
-0.00435229
-0.00454901
-0.00472456
-0.00487577
-0.00499976
-0.00509402
-0.00515648
-0.0051856
-0.00518046
-0.00514077
-0.00506704
-0.00496051
-0.00482321
-0.00465797
-0.00446837
-0.00425871
-0.00403393
-0.00379954
-0.00356144
-0.00332582
-0.00309896
-0.0028871
-0.00269618
-0.00253169
-0.00239849
-0.00230061
-0.0022411
-0.00222194
-0.00224394
-0.00230672
-0.00240877
-0.00254746
-0.0027192
-0.00291959
-0.00314364
-0.00338597
-0.003641
-0.0039032
-0.00416726
-0.00442824
-0.00468164
-0.00492352
-0.00515046
-0.00535951
-0.00554815
-0.00571418
-0.00585549
-0.00596997
-0.00605766
-0.00612015
0.0015413
0.00118429
0.000915577
0.000702776
0.000514697
0.000347314
0.000196613
5.70203e-05
-7.65341e-05
-0.000208438
-0.000342521
-0.000482066
-0.000629821
-0.000788024
-0.00095842
-0.00114229
-0.00134047
-0.00155336
-0.00178093
-0.00202274
-0.00227793
-0.00254523
-0.00282298
-0.00310909
-0.00340113
-0.00369629
-0.00399146
-0.00428324
-0.00456799
-0.00484192
-0.00510116
-0.00534179
-0.00556
-0.00575211
-0.00591473
-0.00604478
-0.00613968
-0.00619736
-0.00621638
-0.006196
-0.00613627
-0.00603805
-0.00590306
-0.00573387
-0.00553392
-0.00530748
-0.00505958
-0.00479591
-0.00452273
-0.00424669
-0.0039747
-0.00371374
-0.0034706
-0.00325176
-0.00306308
-0.00290967
-0.0027957
-0.00272418
-0.00269694
-0.00271449
-0.00277609
-0.00287972
-0.00302222
-0.00319944
-0.00340643
-0.0036377
-0.00388738
-0.00414952
-0.00441829
-0.00468812
-0.00495391
-0.00521104
-0.00545545
-0.00568359
-0.0058924
-0.0060792
-0.00624135
-0.00637629
-0.0064852
-0.00657113
0.00149926
0.00111603
0.000829213
0.000603509
0.000404795
0.00022828
6.92519e-05
-7.86098e-05
-0.000221011
-0.000362859
-0.000508407
-0.000661279
-0.000824495
-0.0010005
-0.00119121
-0.00139802
-0.00162184
-0.00186313
-0.00212188
-0.00239761
-0.0026894
-0.0029959
-0.00331529
-0.00364531
-0.00398331
-0.00432621
-0.00467057
-0.00501265
-0.00534841
-0.00567362
-0.00598393
-0.00627491
-0.00654221
-0.00678158
-0.00698903
-0.0071609
-0.00729398
-0.0073856
-0.00743372
-0.00743705
-0.0073951
-0.00730824
-0.00717779
-0.00700599
-0.00679607
-0.00655216
-0.00627931
-0.00598338
-0.00567093
-0.0053491
-0.00502543
-0.00470769
-0.00440363
-0.00412077
-0.00386618
-0.00364622
-0.00346633
-0.00333083
-0.00324277
-0.0032038
-0.00321417
-0.00327267
-0.00337677
-0.0035227
-0.00370569
-0.00392014
-0.00415995
-0.00441871
-0.00468997
-0.00496748
-0.00524535
-0.00551816
-0.00578105
-0.00602971
-0.00626039
-0.00646979
-0.00665461
-0.00681171
-0.00694339
-0.00705416
0.00140864
0.00100058
0.000696628
0.000458626
0.000249608
6.39916e-05
-0.000103654
-0.000260405
-0.000412604
-0.000565676
-0.000724297
-0.000892427
-0.00107335
-0.00126973
-0.00148362
-0.00171655
-0.00196952
-0.00224302
-0.00253704
-0.0028511
-0.00318422
-0.00353492
-0.00390126
-0.00428078
-0.00467059
-0.00506733
-0.00546725
-0.0058662
-0.00625973
-0.00664314
-0.00701155
-0.00736
-0.00768351
-0.00797724
-0.00823651
-0.00845701
-0.00863483
-0.0087666
-0.00884962
-0.00888192
-0.00886239
-0.00879081
-0.00866798
-0.00849574
-0.00827695
-0.00801558
-0.0077166
-0.00738596
-0.00703048
-0.00665775
-0.00627596
-0.00589368
-0.00551969
-0.00516268
-0.00483105
-0.00453257
-0.0042742
-0.00406178
-0.00389983
-0.00379144
-0.0037381
-0.00373968
-0.00379449
-0.00389935
-0.00404977
-0.00424022
-0.00446433
-0.00471523
-0.00498581
-0.00526902
-0.00555804
-0.00584649
-0.00612854
-0.00639895
-0.00665307
-0.00688684
-0.00709616
-0.00727719
-0.0074333
-0.00757047
0.00126453
0.000833272
0.000513281
0.000263665
4.47148e-05
-0.000149966
-0.000326539
-0.000492834
-0.000655829
-0.000821466
-0.000994834
-0.00118023
-0.0013812
-0.0016006
-0.00184067
-0.00210304
-0.00238878
-0.00269845
-0.00303204
-0.00338905
-0.00376844
-0.00416862
-0.00458749
-0.00502242
-0.00547025
-0.00592735
-0.00638959
-0.00685245
-0.00731101
-0.00776007
-0.0081942
-0.00860783
-0.00899534
-0.00935118
-0.00966999
-0.00994668
-0.0101766
-0.0103555
-0.0104801
-0.0105475
-0.0105559
-0.0105044
-0.0103931
-0.0102235
-0.00999787
-0.0097199
-0.0093944
-0.00902732
-0.00862569
-0.00819748
-0.00775148
-0.00729712
-0.0068442
-0.00640269
-0.00598241
-0.00559275
-0.00524238
-0.0049389
-0.00468862
-0.00449632
-0.00436508
-0.00429613
-0.00428891
-0.00434107
-0.00444862
-0.00460619
-0.00480727
-0.00504452
-0.00531013
-0.00559612
-0.00589462
-0.00619811
-0.00649959
-0.00679266
-0.00707164
-0.00733149
-0.00756715
-0.00777392
-0.00795624
-0.00812162
0.00106226
0.000609687
0.000274905
1.44278e-05
-0.000214052
-0.000417755
-0.000603584
-0.000780115
-0.000954954
-0.00113455
-0.00132441
-0.00152914
-0.00175256
-0.00199774
-0.00226706
-0.00256227
-0.00288454
-0.00323447
-0.00361207
-0.00401682
-0.0044476
-0.00490274
-0.00537998
-0.00587649
-0.00638887
-0.00691315
-0.00744486
-0.00797905
-0.00851032
-0.00903294
-0.00954088
-0.0100279
-0.0104878
-0.0109141
-0.0113007
-0.0116418
-0.0119318
-0.0121657
-0.0123391
-0.0124485
-0.0124912
-0.0124655
-0.0123708
-0.0122078
-0.0119783
-0.0116855
-0.0113341
-0.0109298
-0.0104798
-0.00999231
-0.00947673
-0.00894325
-0.00840275
-0.00786649
-0.00734584
-0.00685194
-0.00639536
-0.00598574
-0.00563145
-0.0053393
-0.00511428
-0.00495938
-0.00487548
-0.00486136
-0.00491381
-0.00502782
-0.00519683
-0.00541313
-0.00566814
-0.00595289
-0.00625831
-0.00657554
-0.0068962
-0.00721254
-0.00751758
-0.00780512
-0.00806895
-0.00830333
-0.0085138
-0.0087094
0.000797532
0.000325763
-2.24289e-05
-0.000292946
-0.000530525
-0.000743211
-0.000938645
-0.00112614
-0.00131391
-0.00150892
-0.00171705
-0.00194325
-0.00219159
-0.00246534
-0.00276705
-0.00309859
-0.00346123
-0.0038556
-0.00428175
-0.00473914
-0.0052266
-0.00574234
-0.00628396
-0.00684842
-0.00743205
-0.00803059
-0.00863917
-0.00925239
-0.00986437
-0.0104688
-0.011059
-0.011628
-0.0121689
-0.0126745
-0.0131378
-0.013552
-0.0139106
-0.0142078
-0.0144382
-0.0145972
-0.0146813
-0.0146879
-0.0146155
-0.014464
-0.0142347
-0.0139301
-0.0135544
-0.0131133
-0.0126138
-0.0120644
-0.0114748
-0.0108561
-0.0102201
-0.0095794
-0.00894695
-0.00833576
-0.00775849
-0.00722702
-0.00675209
-0.00634289
-0.00600672
-0.00574868
-0.00557152
-0.00547555
-0.00545863
-0.00551639
-0.00564243
-0.00582873
-0.00606602
-0.00634423
-0.00665294
-0.00698179
-0.00732078
-0.00766054
-0.00799258
-0.0083093
-0.0086031
-0.00886704
-0.00910773
-0.00933586
0.000466487
-2.21418e-05
-0.000382234
-0.00066191
-0.00090813
-0.00112976
-0.00133516
-0.00153438
-0.00173621
-0.0019481
-0.00217633
-0.00242617
-0.00270193
-0.00300709
-0.00334437
-0.00371576
-0.00412263
-0.00456567
-0.00504498
-0.00555997
-0.00610944
-0.0066915
-0.00730359
-0.00794247
-0.00860421
-0.0092842
-0.00997718
-0.0106773
-0.0113781
-0.0120727
-0.0127538
-0.0134137
-0.0140446
-0.0146385
-0.0151875
-0.0156838
-0.01612
-0.0164892
-0.016785
-0.0170018
-0.0171351
-0.0171811
-0.0171377
-0.0170036
-0.0167795
-0.0164671
-0.0160702
-0.0155939
-0.0150451
-0.0144325
-0.013766
-0.0130572
-0.012319
-0.0115652
-0.0108103
-0.0100693
-0.00935701
-0.00868783
-0.00807511
-0.00753077
-0.00706479
-0.00668487
-0.00639607
-0.00620065
-0.006098
-0.00608472
-0.00615485
-0.00630023
-0.00651094
-0.00677582
-0.00708298
-0.00742035
-0.00777608
-0.00813891
-0.00849855
-0.00884575
-0.00917126
-0.00946676
-0.00973992
-0.0100031
6.57564e-05
-0.00043718
-0.000807544
-0.00109544
-0.00134982
-0.00158034
-0.0017961
-0.0020078
-0.00222484
-0.00245511
-0.00270528
-0.00298093
-0.00328662
-0.00362603
-0.00400204
-0.00441681
-0.00487177
-0.00536771
-0.00590474
-0.00648229
-0.0070991
-0.00775319
-0.00844184
-0.00916161
-0.00990827
-0.0106769
-0.0114618
-0.0122567
-0.0130545
-0.0138477
-0.0146283
-0.0153878
-0.0161177
-0.0168089
-0.0174526
-0.0180401
-0.018563
-0.0190131
-0.019383
-0.0196661
-0.0198567
-0.01995
-0.0199428
-0.0198329
-0.0196199
-0.019305
-0.018891
-0.0183826
-0.0177864
-0.0171108
-0.0163661
-0.0155642
-0.0147187
-0.0138446
-0.012958
-0.0120758
-0.011215
-0.0103927
-0.00962505
-0.00892704
-0.00831177
-0.00778997
-0.00736955
-0.00705523
-0.00684841
-0.00674714
-0.00674625
-0.00683771
-0.00701111
-0.0072542
-0.00755356
-0.00789521
-0.0082652
-0.00865012
-0.00903755
-0.00941629
-0.00977519
-0.0101043
-0.0104123
-0.0107135
-0.000407445
-0.00092194
-0.00130084
-0.00159595
-0.00185798
-0.00209735
-0.00232384
-0.00254881
-0.0027822
-0.00303235
-0.00330629
-0.00360991
-0.003948
-0.00432446
-0.00474234
-0.00520392
-0.00571077
-0.00626374
-0.006863
-0.00750797
-0.00819734
-0.00892905
-0.00970022
-0.0105072
-0.0113455
-0.0122097
-0.0130939
-0.0139911
-0.0148939
-0.0157938
-0.0166823
-0.0175501
-0.0183875
-0.0191849
-0.0199322
-0.0206198
-0.0212381
-0.0217779
-0.0222307
-0.0225886
-0.0228448
-0.0229935
-0.0230302
-0.0229519
-0.0227569
-0.0224456
-0.02202
-0.0214841
-0.020844
-0.0201076
-0.0192853
-0.0183892
-0.0174335
-0.0164341
-0.0154085
-0.0143754
-0.0133541
-0.0123643
-0.0114253
-0.0105553
-0.00977099
-0.00908655
-0.00851327
-0.00805897
-0.00772763
-0.0075193
-0.00743008
-0.00745245
-0.00757574
-0.00778674
-0.00807044
-0.00841082
-0.0087916
-0.00919687
-0.00961177
-0.0100228
-0.0104166
-0.0107813
-0.0111267
-0.011469
-0.000955256
-0.00147839
-0.00186397
-0.00216526
-0.0024344
-0.00268254
-0.00292013
-0.00315914
-0.00341001
-0.00368151
-0.00398102
-0.0043147
-0.0046876
-0.00510383
-0.0055666
-0.00607834
-0.00664074
-0.00725474
-0.00792054
-0.0086376
-0.00940455
-0.0102192
-0.0110786
-0.0119788
-0.0129151
-0.0138817
-0.0148721
-0.015879
-0.0168941
-0.0179085
-0.0189128
-0.0198967
-0.02085
-0.0217617
-0.022621
-0.023417
-0.0241391
-0.0247769
-0.0253208
-0.0257618
-0.0260919
-0.026304
-0.0263927
-0.0263536
-0.0261841
-0.0258836
-0.025453
-0.0248956
-0.0242166
-0.0234237
-0.0225266
-0.0215377
-0.0204713
-0.0193441
-0.0181748
-0.0169835
-0.0157919
-0.0146222
-0.0134968
-0.0124376
-0.0114648
-0.0105968
-0.00984879
-0.00923221
-0.00875436
-0.00841792
-0.00822091
-0.00815681
-0.00821504
-0.00838163
-0.00864005
-0.00897213
-0.00935902
-0.00978202
-0.0102235
-0.0106672
-0.0110973
-0.0114996
-0.0118851
-0.0122717
-0.00157911
-0.0021078
-0.00249815
-0.00280452
-0.00308019
-0.00333701
-0.00358604
-0.00383982
-0.00410926
-0.00440352
-0.00473032
-0.00509607
-0.00550609
-0.00596466
-0.00647518
-0.00704025
-0.00766165
-0.00834044
-0.00907686
-0.00987037
-0.0107196
-0.0116223
-0.0125752
-0.0135742
-0.0146144
-0.0156894
-0.0167925
-0.0179156
-0.0190499
-0.0201858
-0.021313
-0.0224204
-0.0234968
-0.0245303
-0.025509
-0.0264209
-0.0272543
-0.0279978
-0.0286405
-0.0291722
-0.0295838
-0.0298672
-0.0300156
-0.0300236
-0.0298875
-0.0296054
-0.0291775
-0.0286057
-0.0278947
-0.0270513
-0.0260846
-0.0250067
-0.0238321
-0.0225776
-0.0212629
-0.0199093
-0.0185405
-0.0171812
-0.0158568
-0.0145927
-0.0134135
-0.0123417
-0.011397
-0.0105952
-0.00994765
-0.00946044
-0.00913418
-0.00896403
-0.00894004
-0.0090478
-0.0092694
-0.0095845
-0.0099715
-0.0104086
-0.0108749
-0.0113513
-0.0118189
-0.0122607
-0.0126889
-0.0131236
-0.00227968
-0.00281073
-0.00320384
-0.00351415
-0.00379574
-0.00406111
-0.00432189
-0.00459111
-0.00488014
-0.00519848
-0.00555417
-0.00595388
-0.00640315
-0.00690646
-0.00746739
-0.00808869
-0.00877227
-0.00951928
-0.01033
-0.011204
-0.0121397
-0.0131349
-0.0141861
-0.015289
-0.0164382
-0.0176273
-0.0188486
-0.0200937
-0.0213532
-0.0226166
-0.0238728
-0.0251099
-0.0263156
-0.0274772
-0.0285816
-0.0296158
-0.0305669
-0.0314225
-0.0321705
-0.0327998
-0.0332999
-0.0336616
-0.0338771
-0.0339398
-0.0338449
-0.0335894
-0.0331723
-0.0325946
-0.0318598
-0.0309736
-0.0299448
-0.0287845
-0.0275069
-0.0261289
-0.0246705
-0.0231542
-0.0216049
-0.0200497
-0.0185168
-0.0170353
-0.0156338
-0.0143395
-0.013177
-0.0121673
-0.0113262
-0.0106644
-0.0101858
-0.00988802
-0.00976247
-0.00979481
-0.00996602
-0.0102537
-0.0106333
-0.0110797
-0.0115684
-0.0120769
-0.0125826
-0.0130658
-0.0135394
-0.0140261
-0.00305684
-0.00358696
-0.00398078
-0.00429383
-0.0045807
-0.00485443
-0.00512718
-0.00541245
-0.00572198
-0.00606562
-0.00645165
-0.00688702
-0.00737746
-0.00792767
-0.00854138
-0.0092215
-0.00997008
-0.0107883
-0.0116767
-0.0126346
-0.0136605
-0.0147521
-0.0159057
-0.0171167
-0.0183795
-0.019687
-0.0210313
-0.0224033
-0.0237927
-0.0251884
-0.0265785
-0.0279502
-0.0292902
-0.0305847
-0.0318196
-0.032981
-0.0340549
-0.0350277
-0.0358864
-0.0366186
-0.0372129
-0.0376592
-0.0379483
-0.0380727
-0.0380266
-0.0378057
-0.037408
-0.0368333
-0.0360839
-0.0351647
-0.034083
-0.0328494
-0.0314771
-0.0299828
-0.0283863
-0.0267106
-0.0249818
-0.0232286
-0.0214819
-0.019774
-0.0181375
-0.0166046
-0.0152052
-0.0139657
-0.0129077
-0.0120468
-0.0113915
-0.0109429
-0.0106945
-0.0106327
-0.0107379
-0.0109857
-0.0113488
-0.0117984
-0.0123061
-0.0128453
-0.0133896
-0.0139158
-0.0144377
-0.0149802
-0.00390964
-0.00443549
-0.0048279
-0.00514248
-0.00543391
-0.00571575
-0.00600063
-0.00630245
-0.00663327
-0.00700323
-0.00742088
-0.00789338
-0.00842667
-0.00902562
-0.00969414
-0.0104353
-0.0112512
-0.0121433
-0.0131119
-0.0141566
-0.0152758
-0.0164669
-0.0177262
-0.0190487
-0.0204285
-0.021858
-0.0233288
-0.0248312
-0.0263541
-0.0278857
-0.0294132
-0.0309228
-0.0324003
-0.033831
-0.0351998
-0.0364916
-0.0376916
-0.038785
-0.0397579
-0.040597
-0.04129
-0.0418255
-0.0421937
-0.042386
-0.0423955
-0.0422169
-0.041847
-0.0412846
-0.0405308
-0.0395891
-0.0384657
-0.03717
-0.0357141
-0.0341139
-0.0323887
-0.0305614
-0.0286585
-0.0267099
-0.0247487
-0.0228098
-0.0209301
-0.0191462
-0.0174935
-0.0160046
-0.0147073
-0.0136232
-0.0127664
-0.0121426
-0.0117483
-0.0115716
-0.0115931
-0.0117868
-0.0121225
-0.0125678
-0.01309
-0.0136579
-0.0142408
-0.0148112
-0.0153842
-0.0159867
-0.00483629
-0.00535449
-0.00574337
-0.00605821
-0.00635344
-0.00664307
-0.00694014
-0.00725887
-0.0076116
-0.00800874
-0.00845904
-0.00896986
-0.00954735
-0.0101965
-0.0109215
-0.0117254
-0.0126106
-0.0135784
-0.0146294
-0.015763
-0.0169777
-0.0182706
-0.0196379
-0.0210744
-0.0225734
-0.0241274
-0.025727
-0.0273618
-0.0290204
-0.0306898
-0.0323565
-0.0340058
-0.0356225
-0.0371909
-0.0386949
-0.0401186
-0.0414461
-0.0426618
-0.0437508
-0.044699
-0.0454932
-0.0461214
-0.0465726
-0.0468376
-0.0469084
-0.046779
-0.046445
-0.0459041
-0.0451562
-0.0442034
-0.0430507
-0.0417059
-0.04018
-0.0384873
-0.0366463
-0.0346792
-0.0326123
-0.030476
-0.0283047
-0.0261358
-0.0240094
-0.0219666
-0.0200485
-0.0182937
-0.0167369
-0.0154069
-0.0143241
-0.0135
-0.0129356
-0.0126217
-0.0125398
-0.0126631
-0.0129589
-0.0133908
-0.0139217
-0.0145154
-0.0151362
-0.0157521
-0.0163787
-0.0170453
-0.00583415
-0.00634137
-0.00672458
-0.00703838
-0.0073366
-0.00763359
-0.00794278
-0.00827861
-0.00865369
-0.00907861
-0.00956232
-0.0101124
-0.010735
-0.0114355
-0.012218
-0.013086
-0.0140416
-0.0150866
-0.0162213
-0.0174452
-0.0187566
-0.0201528
-0.0216294
-0.023181
-0.0248006
-0.0264799
-0.0282092
-0.0299773
-0.031772
-0.0335797
-0.0353857
-0.0371746
-0.0389302
-0.0406359
-0.0422747
-0.0438297
-0.0452843
-0.0466219
-0.047827
-0.0488847
-0.049781
-0.0505033
-0.0510399
-0.0513809
-0.0515177
-0.0514432
-0.0511522
-0.0506415
-0.0499095
-0.0489574
-0.0477884
-0.0464089
-0.0448281
-0.043059
-0.0411183
-0.039027
-0.0368106
-0.0344992
-0.0321278
-0.0297354
-0.0273647
-0.0250608
-0.0228699
-0.020837
-0.0190042
-0.0174077
-0.0160757
-0.0150266
-0.0142672
-0.0137925
-0.013586
-0.0136208
-0.0138621
-0.01427
-0.0148025
-0.0154183
-0.0160757
-0.0167377
-0.0174203
-0.0181552
-0.0068998
-0.00739274
-0.00776815
-0.00807959
-0.0083799
-0.00868374
-0.00900482
-0.00935779
-0.00975542
-0.0102085
-0.010726
-0.0113158
-0.0119842
-0.0127366
-0.0135774
-0.0145099
-0.0155367
-0.0166593
-0.0178782
-0.019193
-0.0206017
-0.0221013
-0.0236874
-0.0253542
-0.0270941
-0.0288985
-0.0307569
-0.0326576
-0.0345873
-0.0365318
-0.0384756
-0.0404022
-0.0422946
-0.0441354
-0.0459066
-0.0475906
-0.0491698
-0.0506271
-0.0519464
-0.0531119
-0.0541094
-0.0549255
-0.0555482
-0.0559669
-0.0561725
-0.0561573
-0.0559154
-0.0554423
-0.0547358
-0.0537956
-0.0526235
-0.0512241
-0.0496051
-0.0477772
-0.0457554
-0.0435589
-0.0412115
-0.0387425
-0.0361863
-0.0335827
-0.0309761
-0.0284148
-0.0259498
-0.0236321
-0.021511
-0.019631
-0.018029
-0.0167313
-0.0157523
-0.0150925
-0.0147386
-0.0146651
-0.0148359
-0.0152076
-0.0157333
-0.0163662
-0.0170582
-0.0177665
-0.0185074
-0.0193146
-0.008029
-0.00850448
-0.00886999
-0.00917772
-0.00947916
-0.00978922
-0.0101218
-0.0104917
-0.0109118
-0.011393
-0.0119445
-0.0125742
-0.0132884
-0.0140929
-0.0149919
-0.015989
-0.0170868
-0.0182869
-0.0195898
-0.0209949
-0.0225003
-0.0241026
-0.0257973
-0.027578
-0.0294368
-0.0313645
-0.03335
-0.0353808
-0.0374429
-0.0395212
-0.0415994
-0.0436602
-0.0456856
-0.0476573
-0.0495567
-0.0513653
-0.0530649
-0.0546379
-0.0560674
-0.0573375
-0.0584333
-0.0593412
-0.0600489
-0.0605453
-0.0608211
-0.060868
-0.0606794
-0.0602505
-0.0595778
-0.0586599
-0.0574973
-0.056093
-0.0544525
-0.0525847
-0.0505021
-0.0482217
-0.0457652
-0.04316
-0.0404392
-0.0376422
-0.0348143
-0.032006
-0.0292718
-0.0266686
-0.0242526
-0.0220768
-0.0201873
-0.0186199
-0.0173977
-0.0165283
-0.0160038
-0.0158009
-0.0158833
-0.0162049
-0.0167142
-0.017358
-0.0180818
-0.0188361
-0.0196372
-0.0205208
-0.00921679
-0.00967176
-0.0100253
-0.010328
-0.0106295
-0.010945
-0.0112886
-0.011675
-0.0121173
-0.0126264
-0.0132115
-0.0138806
-0.0146404
-0.0154964
-0.0164531
-0.0175141
-0.0186821
-0.0199587
-0.0213443
-0.0228384
-0.0244388
-0.026142
-0.027943
-0.0298351
-0.0318101
-0.0338579
-0.0359669
-0.038124
-0.0403143
-0.0425218
-0.0447294
-0.0469191
-0.0490719
-0.0511688
-0.0531904
-0.0551177
-0.0569318
-0.0586147
-0.060149
-0.0615185
-0.0627081
-0.0637041
-0.0644939
-0.0650665
-0.065412
-0.0655221
-0.0653899
-0.0650099
-0.0643779
-0.0634915
-0.06235
-0.0609547
-0.0593093
-0.0574205
-0.0552983
-0.0529569
-0.0504154
-0.0476986
-0.0448376
-0.0418702
-0.0388414
-0.0358026
-0.0328111
-0.0299283
-0.027217
-0.0247386
-0.0225488
-0.0206939
-0.0192069
-0.0181046
-0.0173858
-0.0170316
-0.0170066
-0.0172628
-0.0177442
-0.0183919
-0.0191438
-0.0199432
-0.020806
-0.0217698
-0.0104576
-0.0108891
-0.0112288
-0.011525
-0.0118256
-0.0121456
-0.0124994
-0.0129017
-0.0133654
-0.0139017
-0.0145198
-0.0152276
-0.016032
-0.0169384
-0.0179516
-0.0190751
-0.0203117
-0.0216629
-0.0231292
-0.0247098
-0.0264025
-0.0282035
-0.0301075
-0.0321074
-0.0341943
-0.0363578
-0.0385855
-0.0408634
-0.0431762
-0.0455069
-0.0478375
-0.0501492
-0.0524224
-0.0546372
-0.0567737
-0.0588122
-0.0607334
-0.0625189
-0.0641511
-0.0656135
-0.0668911
-0.0679699
-0.0688376
-0.069483
-0.0698963
-0.0700692
-0.0699946
-0.0696665
-0.0690805
-0.0682332
-0.0671228
-0.0657493
-0.0641145
-0.0622228
-0.0600819
-0.0577028
-0.0551018
-0.0523003
-0.0493265
-0.0462157
-0.0430114
-0.0397646
-0.0365341
-0.0333845
-0.0303845
-0.0276031
-0.0251058
-0.0229498
-0.0211797
-0.0198228
-0.0188869
-0.0183589
-0.0182064
-0.0183805
-0.0188217
-0.0194649
-0.0202402
-0.0210831
-0.0220087
-0.0230563
-0.0117451
-0.0121506
-0.0124745
-0.0127629
-0.0130613
-0.0133848
-0.0137478
-0.014165
-0.0146493
-0.0152118
-0.0158616
-0.0166069
-0.0174543
-0.0184096
-0.0194773
-0.0206612
-0.0219639
-0.023387
-0.0249309
-0.0265947
-0.028376
-0.0302707
-0.0322731
-0.0343758
-0.0365694
-0.0388428
-0.0411829
-0.0435752
-0.0460033
-0.0484497
-0.0508955
-0.0533212
-0.0557065
-0.0580308
-0.0602736
-0.0624146
-0.0644344
-0.0663141
-0.0680361
-0.0695838
-0.0709422
-0.0720975
-0.0730374
-0.0737511
-0.0742289
-0.0744626
-0.0744451
-0.0741704
-0.0736337
-0.0728312
-0.0717601
-0.0704193
-0.0688089
-0.0669312
-0.0647913
-0.0623975
-0.0597623
-0.0569039
-0.0538466
-0.0506225
-0.0472721
-0.043845
-0.0403997
-0.037003
-0.0337276
-0.0306496
-0.0278439
-0.0253789
-0.0233113
-0.0216809
-0.0205063
-0.0197825
-0.0194818
-0.0195563
-0.0199435
-0.0205725
-0.0213656
-0.0222498
-0.0232389
-0.0243735
-0.0130726
-0.0134497
-0.0137561
-0.0140353
-0.0143302
-0.0146561
-0.0150272
-0.0154581
-0.0159617
-0.0165488
-0.0172288
-0.0180097
-0.0188982
-0.0198999
-0.0210196
-0.0222609
-0.0236265
-0.025118
-0.0267356
-0.0284782
-0.0303433
-0.0323265
-0.0344218
-0.0366213
-0.038915
-0.0412913
-0.0437365
-0.0462353
-0.0487707
-0.0513242
-0.0538764
-0.056407
-0.058895
-0.0613192
-0.0636587
-0.0658929
-0.0680018
-0.0699666
-0.0717695
-0.073394
-0.0748252
-0.0760497
-0.0770553
-0.0778316
-0.0783693
-0.0786605
-0.0786983
-0.0784768
-0.0779911
-0.0772371
-0.0762115
-0.0749121
-0.0733377
-0.0714888
-0.069368
-0.0669806
-0.0643359
-0.0614479
-0.058337
-0.0550311
-0.0515669
-0.0479911
-0.0443604
-0.040742
-0.0372115
-0.0338504
-0.030742
-0.027966
-0.0255918
-0.0236728
-0.0222401
-0.0212995
-0.0208301
-0.0207865
-0.0211048
-0.0217091
-0.0225134
-0.0234358
-0.0244885
-0.0257131
-0.0144331
-0.0147796
-0.0150669
-0.0153355
-0.0156258
-0.0159527
-0.0163304
-0.0167735
-0.0172946
-0.0179046
-0.0186127
-0.0194268
-0.0203537
-0.021399
-0.0225674
-0.0238625
-0.025287
-0.0268424
-0.0285288
-0.030345
-0.0322882
-0.0343538
-0.0365353
-0.0388245
-0.0412109
-0.0436822
-0.0462241
-0.0488206
-0.051454
-0.0541053
-0.0567542
-0.0593798
-0.0619604
-0.0644745
-0.0669006
-0.0692178
-0.0714059
-0.073446
-0.0753204
-0.0770127
-0.0785083
-0.079794
-0.0808582
-0.0816908
-0.0822829
-0.0826272
-0.0827171
-0.0825471
-0.0821124
-0.0814088
-0.0804327
-0.0791812
-0.0776521
-0.0758441
-0.0737579
-0.0713959
-0.0687641
-0.0658726
-0.0627373
-0.0593814
-0.055837
-0.0521465
-0.0483637
-0.0445543
-0.0407948
-0.0371707
-0.0337725
-0.03069
-0.0280057
-0.0257874
-0.0240807
-0.022904
-0.0222457
-0.0220655
-0.0222993
-0.0228672
-0.0236753
-0.0246321
-0.025748
-0.0270649
-0.015819
-0.0161332
-0.0164
-0.0166567
-0.0169409
-0.0172674
-0.0176502
-0.0181037
-0.0186403
-0.0192708
-0.0200044
-0.0208488
-0.0218109
-0.0228962
-0.0241093
-0.0254538
-0.0269324
-0.0285465
-0.030296
-0.0321797
-0.0341944
-0.0363353
-0.0385956
-0.0409665
-0.0434371
-0.0459946
-0.0486241
-0.0513088
-0.0540305
-0.0567694
-0.0595047
-0.0622148
-0.0648776
-0.067471
-0.0699732
-0.072363
-0.0746203
-0.0767259
-0.0786622
-0.0804133
-0.0819645
-0.0833033
-0.0844185
-0.0853005
-0.0859411
-0.0863333
-0.0864713
-0.0863498
-0.0859646
-0.0853115
-0.0843868
-0.0831874
-0.0817101
-0.0799526
-0.0779135
-0.075593
-0.0729939
-0.0701224
-0.06699
-0.0636147
-0.0600235
-0.0562535
-0.0523542
-0.0483881
-0.0444309
-0.04057
-0.0369012
-0.0335235
-0.0305319
-0.028009
-0.0260162
-0.0245866
-0.0237206
-0.0233851
-0.0235184
-0.0240374
-0.0248409
-0.0258277
-0.0270057
-0.028417
-0.0172229
-0.0175033
-0.0177482
-0.0179919
-0.0182686
-0.018593
-0.0189791
-0.0194409
-0.0199907
-0.020639
-0.021395
-0.0222663
-0.0232597
-0.0243807
-0.0256339
-0.0270228
-0.0285499
-0.0302167
-0.0320229
-0.0339671
-0.036046
-0.0382543
-0.0405851
-0.043029
-0.0455748
-0.0482089
-0.0509161
-0.0536789
-0.0564786
-0.0592946
-0.0621057
-0.0648896
-0.0676238
-0.0702859
-0.0728538
-0.075306
-0.0776223
-0.0797836
-0.0817726
-0.0835732
-0.0851716
-0.0865554
-0.087714
-0.0886385
-0.0893211
-0.0897557
-0.0899369
-0.0898602
-0.0895216
-0.0889175
-0.0880445
-0.086899
-0.0854776
-0.0837772
-0.0817948
-0.0795286
-0.0769785
-0.0741473
-0.071042
-0.0676757
-0.0640695
-0.0602548
-0.0562754
-0.0521893
-0.0480693
-0.0440026
-0.0400886
-0.0364335
-0.0331437
-0.0303164
-0.02803
-0.0263341
-0.0252435
-0.024735
-0.0247514
-0.0252084
-0.0259981
-0.0270096
-0.0282482
-0.0297554
-0.018637
-0.0188826
-0.0191046
-0.019334
-0.0196018
-0.0199225
-0.0203099
-0.0207776
-0.0213377
-0.0220007
-0.0227755
-0.0236698
-0.0246901
-0.0258419
-0.0271298
-0.0285573
-0.0301268
-0.0318395
-0.0336953
-0.0356924
-0.0378273
-0.0400946
-0.0424868
-0.0449945
-0.0476056
-0.0503065
-0.0530811
-0.0559117
-0.0587786
-0.061661
-0.0645371
-0.0673842
-0.0701793
-0.0728996
-0.0755228
-0.0780275
-0.0803931
-0.0826008
-0.0846333
-0.086475
-0.0881123
-0.0895334
-0.0907281
-0.091688
-0.0924063
-0.0928774
-0.0930966
-0.0930601
-0.0927646
-0.0922069
-0.0913839
-0.0902923
-0.0889286
-0.087289
-0.0853696
-0.0831671
-0.0806788
-0.0779044
-0.074847
-0.0715145
-0.0679224
-0.0640957
-0.060072
-0.0559031
-0.0516573
-0.0474197
-0.0432907
-0.0393817
-0.035809
-0.0326837
-0.0301013
-0.0281294
-0.0267996
-0.0261014
-0.0259849
-0.0263664
-0.0271325
-0.0281627
-0.0294597
-0.0310639
-0.0200539
-0.0202639
-0.0204622
-0.0206762
-0.0209337
-0.0212488
-0.0216352
-0.0221062
-0.0226736
-0.0233477
-0.0241372
-0.0250499
-0.0260921
-0.0272693
-0.028586
-0.0300456
-0.0316506
-0.0334019
-0.0352994
-0.0373411
-0.0395234
-0.0418406
-0.0442849
-0.0468464
-0.0495129
-0.0522702
-0.0551018
-0.0579893
-0.0609129
-0.0638511
-0.0667815
-0.0696812
-0.0725268
-0.0752953
-0.0779641
-0.0805116
-0.0829175
-0.0851628
-0.0872305
-0.0891053
-0.0907739
-0.0922249
-0.0934487
-0.0944377
-0.0951856
-0.0956874
-0.0959392
-0.095938
-0.0956812
-0.0951662
-0.0943904
-0.093351
-0.0920446
-0.0904671
-0.0886142
-0.0864811
-0.0840636
-0.0813586
-0.0783654
-0.0750876
-0.0715349
-0.067726
-0.0636913
-0.059476
-0.0551421
-0.0507705
-0.0464603
-0.0423259
-0.0384912
-0.03508
-0.0322044
-0.0299513
-0.0283707
-0.027468
-0.027203
-0.0274953
-0.0282274
-0.0292699
-0.0306224
-0.0323241
-0.021466
-0.0216402
-0.0218141
-0.0220118
-0.0222576
-0.0225653
-0.0229483
-0.0234196
-0.0239907
-0.0246719
-0.0254717
-0.0263977
-0.0274563
-0.0286528
-0.0299917
-0.0314765
-0.0331093
-0.0348914
-0.0368222
-0.0388997
-0.0411202
-0.0434777
-0.0459642
-0.0485695
-0.0512812
-0.0540843
-0.0569623
-0.0598963
-0.0628658
-0.0658492
-0.0688237
-0.0717659
-0.0746522
-0.0774594
-0.0801646
-0.0827462
-0.0851838
-0.0874587
-0.089554
-0.0914546
-0.0931476
-0.094622
-0.0958688
-0.0968809
-0.0976525
-0.0981795
-0.0984587
-0.0984878
-0.0982649
-0.0977882
-0.0970559
-0.0960656
-0.0948143
-0.093298
-0.0915122
-0.0894513
-0.0871099
-0.0844827
-0.0815659
-0.078359
-0.0748665
-0.0711009
-0.0670854
-0.0628575
-0.058472
-0.0540039
-0.0495485
-0.0452208
-0.0411498
-0.0374701
-0.0343094
-0.0317742
-0.0299348
-0.0288147
-0.0283868
-0.0285763
-0.0292636
-0.0303112
-0.0317161
-0.0335153
-0.0228663
-0.0230048
-0.023154
-0.0233345
-0.0235672
-0.0238654
-0.0242425
-0.0247109
-0.025282
-0.0259659
-0.0267709
-0.0277047
-0.0287735
-0.0299827
-0.0313367
-0.032839
-0.0344917
-0.036296
-0.0382512
-0.0403554
-0.0426045
-0.0449925
-0.0475112
-0.05015
-0.0528963
-0.0557349
-0.0586488
-0.0616187
-0.064624
-0.0676426
-0.0706512
-0.0736264
-0.0765441
-0.0793811
-0.0821142
-0.084722
-0.0871838
-0.0894812
-0.0915973
-0.0935174
-0.0952287
-0.0967208
-0.0979851
-0.0990148
-0.0998051
-0.100352
-0.100654
-0.100708
-0.100514
-0.100071
-0.0993781
-0.0984327
-0.0972328
-0.0957749
-0.0940545
-0.0920658
-0.0898023
-0.0872573
-0.0844247
-0.0813003
-0.077884
-0.0741824
-0.0702117
-0.0660015
-0.0615985
-0.05707
-0.0525061
-0.0480194
-0.0437414
-0.0398151
-0.0363825
-0.033569
-0.0314664
-0.0301185
-0.0295143
-0.0295878
-0.0302194
-0.0312647
-0.032718
-0.0346143
-0.0242481
-0.0243514
-0.0244759
-0.0246384
-0.0248566
-0.0251435
-0.0255118
-0.0259739
-0.0265409
-0.0272225
-0.0280274
-0.0289628
-0.0300352
-0.0312499
-0.0326114
-0.034123
-0.0357871
-0.0376046
-0.0395751
-0.0416963
-0.0439642
-0.0463727
-0.0489133
-0.0515754
-0.0543459
-0.0572097
-0.0601492
-0.063145
-0.0661762
-0.0692202
-0.0722538
-0.075253
-0.0781938
-0.0810524
-0.083806
-0.0864327
-0.0889122
-0.0912259
-0.093357
-0.0952911
-0.0970157
-0.0985206
-0.0997976
-0.100841
-0.101645
-0.102208
-0.102527
-0.102602
-0.102433
-0.102019
-0.101359
-0.100454
-0.0993007
-0.097897
-0.0962383
-0.0943192
-0.0921326
-0.0896708
-0.0869259
-0.0838909
-0.0805618
-0.0769397
-0.0730343
-0.0688673
-0.0644769
-0.0599219
-0.0552849
-0.0506741
-0.0462208
-0.0420735
-0.0383863
-0.0353026
-0.032936
-0.0313528
-0.0305606
-0.0305055
-0.0310704
-0.0321053
-0.0336029
-0.0355956
-0.025605
-0.0256742
-0.0257742
-0.0259182
-0.0261206
-0.026394
-0.0267508
-0.0272029
-0.0277613
-0.0284355
-0.0292342
-0.0301647
-0.0312335
-0.0324461
-0.0338068
-0.0353192
-0.0369857
-0.0388071
-0.0407832
-0.0429117
-0.0451884
-0.0476071
-0.0501595
-0.0528346
-0.0556193
-0.0584981
-0.0614534
-0.0644655
-0.0675132
-0.0705738
-0.0736237
-0.0766388
-0.0795949
-0.0824681
-0.0852355
-0.087875
-0.0903664
-0.0926911
-0.0948324
-0.0967761
-0.0985098
-0.100024
-0.101309
-0.102362
-0.103177
-0.103751
-0.104084
-0.104176
-0.104026
-0.103636
-0.103006
-0.102135
-0.101023
-0.0996683
-0.0980663
-0.096212
-0.0940986
-0.0917178
-0.0890604
-0.0861174
-0.0828814
-0.0793491
-0.075524
-0.0714204
-0.067068
-0.0625162
-0.0578392
-0.0531383
-0.048542
-0.0442017
-0.0402807
-0.0369388
-0.0343111
-0.0324876
-0.0314976
-0.031302
-0.0317891
-0.0328056
-0.0343428
-0.0364307
-0.0269316
-0.0269681
-0.027044
-0.0271691
-0.0273546
-0.0276125
-0.0279547
-0.0283929
-0.0289379
-0.0295991
-0.0303853
-0.0313038
-0.0323614
-0.0335635
-0.0349148
-0.036419
-0.0380784
-0.0398942
-0.041866
-0.0439917
-0.0462672
-0.0486862
-0.0512402
-0.0539183
-0.0567073
-0.0595915
-0.0625532
-0.0655725
-0.068628
-0.0716968
-0.0747552
-0.0777789
-0.0807436
-0.0836252
-0.0864005
-0.0890477
-0.0915464
-0.0938778
-0.0960255
-0.0979752
-0.0997147
-0.101234
-0.102526
-0.103585
-0.104407
-0.10499
-0.105334
-0.105438
-0.105304
-0.104933
-0.104327
-0.103486
-0.102409
-0.101097
-0.0995453
-0.0977497
-0.0957038
-0.093399
-0.0908255
-0.087973
-0.0848316
-0.081394
-0.0776586
-0.0736329
-0.0693381
-0.0648144
-0.0601264
-0.0553671
-0.0506597
-0.0461551
-0.0420235
-0.0384384
-0.0355558
-0.03349
-0.032294
-0.0319469
-0.0323456
-0.0333351
-0.0349071
-0.0370889
-0.0282226
-0.0282284
-0.0282811
-0.0283872
-0.0285547
-0.0287948
-0.0291194
-0.0295397
-0.0300661
-0.0307084
-0.0314752
-0.0323742
-0.0334123
-0.0345953
-0.0359281
-0.0374146
-0.0390573
-0.0408575
-0.0428151
-0.044928
-0.0471921
-0.0496013
-0.0521471
-0.0548186
-0.0576024
-0.0604829
-0.0634421
-0.0664602
-0.0695155
-0.0725851
-0.0756451
-0.0786709
-0.0816382
-0.0845228
-0.0873014
-0.089952
-0.092454
-0.0947889
-0.0969401
-0.0988931
-0.100636
-0.102159
-0.103455
-0.104518
-0.105345
-0.105935
-0.106286
-0.1064
-0.106278
-0.105922
-0.105335
-0.104518
-0.103471
-0.102194
-0.100686
-0.0989416
-0.0969556
-0.0947197
-0.0922239
-0.0894569
-0.0864071
-0.0830644
-0.0794226
-0.0754833
-0.0712598
-0.0667834
-0.0621085
-0.0573185
-0.0525294
-0.0478891
-0.043571
-0.0397601
-0.0366315
-0.0343237
-0.0329154
-0.0324069
-0.0327065
-0.0336607
-0.0352624
-0.0375363
-0.0294739
-0.0294514
-0.029482
-0.0295691
-0.0297176
-0.0299379
-0.0302418
-0.0306397
-0.0311422
-0.0317591
-0.0324993
-0.0333707
-0.0343808
-0.0355355
-0.0368403
-0.0382991
-0.0399151
-0.0416897
-0.043623
-0.0457129
-0.0479558
-0.0503455
-0.0528735
-0.0555291
-0.0582988
-0.061167
-0.0641156
-0.0671248
-0.0701728
-0.0732364
-0.0762918
-0.0793142
-0.0822792
-0.0851623
-0.0879403
-0.0905909
-0.0930935
-0.0954294
-0.097582
-0.0995367
-0.101282
-0.102807
-0.104105
-0.105171
-0.106002
-0.106596
-0.106952
-0.107073
-0.10696
-0.106616
-0.106044
-0.105245
-0.104222
-0.102974
-0.101501
-0.0998002
-0.0978654
-0.0956895
-0.0932626
-0.0905731
-0.0876084
-0.0843561
-0.0808066
-0.0769563
-0.0728118
-0.0683954
-0.0637518
-0.0589542
-0.0541094
-0.0493597
-0.0448792
-0.040861
-0.037497
-0.0349498
-0.0333244
-0.0326453
-0.0328357
-0.0337459
-0.0353719
-0.0377365
-0.0306819
-0.0306339
-0.030644
-0.0307123
-0.0308409
-0.0310397
-0.0313193
-0.0316904
-0.0321633
-0.032748
-0.0334537
-0.0342892
-0.0352619
-0.0363788
-0.0376455
-0.0390667
-0.0406457
-0.0423845
-0.0442832
-0.0463404
-0.0485523
-0.0509129
-0.0534141
-0.056045
-0.0587922
-0.0616401
-0.0645708
-0.0675641
-0.0705983
-0.0736503
-0.0766958
-0.0797102
-0.0826687
-0.0855469
-0.0883212
-0.0909694
-0.0934706
-0.0958059
-0.0979586
-0.099914
-0.10166
-0.103187
-0.104487
-0.105556
-0.106389
-0.106986
-0.107346
-0.107472
-0.107366
-0.10703
-0.106468
-0.105683
-0.104677
-0.103452
-0.102007
-0.10034
-0.098447
-0.0963208
-0.0939523
-0.0913299
-0.0884404
-0.0852701
-0.0818068
-0.0780426
-0.0739783
-0.0696284
-0.065028
-0.0602396
-0.0553602
-0.0505244
-0.0459037
-0.0416967
-0.0381092
-0.0353264
-0.0334807
-0.0326227
-0.0326938
-0.0335513
-0.0351962
-0.0376497
-0.031844
-0.0317738
-0.0317652
-0.0318153
-0.0319234
-0.0320984
-0.0323505
-0.0326899
-0.0331271
-0.0336724
-0.0343356
-0.035126
-0.0360518
-0.0371208
-0.0383392
-0.0397122
-0.0412438
-0.0429364
-0.0447906
-0.0468051
-0.0489765
-0.0512991
-0.0537648
-0.0563628
-0.0590799
-0.0619004
-0.0648064
-0.0677778
-0.0707928
-0.073828
-0.0768593
-0.0798619
-0.0828107
-0.0856813
-0.0884499
-0.0910939
-0.0935925
-0.0959264
-0.0980788
-0.100035
-0.101782
-0.103311
-0.104613
-0.105684
-0.106519
-0.107119
-0.107482
-0.107612
-0.10751
-0.107179
-0.106624
-0.105848
-0.104855
-0.103645
-0.10222
-0.100578
-0.0987164
-0.0966287
-0.0943065
-0.0917386
-0.0889118
-0.0858116
-0.082424
-0.0787379
-0.0747492
-0.0704656
-0.0659133
-0.0611447
-0.0562459
-0.0513425
-0.0466011
-0.0422222
-0.038423
-0.0354093
-0.0333407
-0.0322961
-0.0322381
-0.0330339
-0.034692
-0.037233
-0.0329584
-0.0328698
-0.0328447
-0.0328774
-0.0329644
-0.0331136
-0.0333347
-0.0336374
-0.0340325
-0.0345307
-0.0351426
-0.0358783
-0.0367472
-0.0377577
-0.038917
-0.0402312
-0.0417049
-0.043341
-0.0451407
-0.047103
-0.0492248
-0.0515008
-0.0539229
-0.0564805
-0.0591605
-0.0619473
-0.0648229
-0.0677671
-0.0707582
-0.0737728
-0.0767864
-0.0797741
-0.082711
-0.0855721
-0.0883336
-0.0909727
-0.0934681
-0.0958006
-0.0979528
-0.0999097
-0.101659
-0.10319
-0.104495
-0.105568
-0.106407
-0.107009
-0.107375
-0.107507
-0.107408
-0.107081
-0.10653
-0.105759
-0.104772
-0.103571
-0.102158
-0.100532
-0.0986912
-0.0966301
-0.094341
-0.0918134
-0.0890344
-0.0859893
-0.082663
-0.0790422
-0.0751188
-0.0708948
-0.0663888
-0.0616433
-0.0567337
-0.0517757
-0.0469286
-0.0423921
-0.0383919
-0.0351518
-0.0328582
-0.0316193
-0.0314221
-0.0321471
-0.0338129
-0.0364399
-0.0340239
-0.0339215
-0.0338826
-0.0338988
-0.0339644
-0.0340858
-0.0342721
-0.0345328
-0.0348789
-0.0353218
-0.0358731
-0.0365442
-0.0373454
-0.0382865
-0.0393758
-0.0406203
-0.0420254
-0.0435947
-0.04533
-0.0472309
-0.0492946
-0.0515159
-0.053887
-0.0563975
-0.0590343
-0.0617818
-0.0646221
-0.0675349
-0.0704984
-0.0734891
-0.0764825
-0.0794534
-0.0823767
-0.0852273
-0.0879812
-0.0906151
-0.0931077
-0.0954392
-0.0975921
-0.099551
-0.101303
-0.102837
-0.104146
-0.105224
-0.106066
-0.106672
-0.107041
-0.107175
-0.107077
-0.106751
-0.106202
-0.105432
-0.104446
-0.103248
-0.10184
-0.100221
-0.09839
-0.096343
-0.094073
-0.0915702
-0.0888223
-0.0858147
-0.0825319
-0.0789592
-0.0750856
-0.0709085
-0.0664398
-0.0617135
-0.0567945
-0.0517879
-0.0468446
-0.0421611
-0.037968
-0.034505
-0.0319838
-0.0305428
-0.030196
-0.0308406
-0.0325079
-0.0352201
-0.0350406
-0.0349293
-0.0348797
-0.0348809
-0.0349247
-0.0350163
-0.0351638
-0.0353768
-0.0356665
-0.0360454
-0.0365263
-0.037122
-0.0378445
-0.0387048
-0.0397127
-0.0408764
-0.0422022
-0.0436947
-0.0453562
-0.0471869
-0.0491843
-0.0513436
-0.0536571
-0.0561145
-0.0587028
-0.0614065
-0.0642075
-0.0670855
-0.0700187
-0.0729833
-0.0759547
-0.0789077
-0.0818167
-0.0846566
-0.0874029
-0.0900322
-0.0925227
-0.0948544
-0.0970094
-0.0989718
-0.100728
-0.102268
-0.103582
-0.104665
-0.105513
-0.106123
-0.106495
-0.106632
-0.106536
-0.10621
-0.105658
-0.104887
-0.103898
-0.102697
-0.101285
-0.0996641
-0.0978323
-0.0957865
-0.0935208
-0.0910262
-0.088291
-0.0853012
-0.0820412
-0.0784955
-0.0746513
-0.0705025
-0.0660555
-0.0613368
-0.0564019
-0.0513454
-0.0463089
-0.0414835
-0.0371022
-0.0334175
-0.0306646
-0.0290129
-0.0285054
-0.0290594
-0.030722
-0.0335186
-0.0360094
-0.0358949
-0.0358382
-0.035826
-0.0358479
-0.0359075
-0.036012
-0.036171
-0.0363964
-0.0367018
-0.0371018
-0.0376108
-0.0382428
-0.0390106
-0.0399255
-0.0409972
-0.0422331
-0.0436389
-0.0452175
-0.0469697
-0.0488935
-0.0509841
-0.0532342
-0.0556335
-0.0581691
-0.0608253
-0.063584
-0.0664249
-0.0693258
-0.0722631
-0.0752117
-0.0781463
-0.0810411
-0.0838707
-0.0866103
-0.0892361
-0.0917261
-0.0940596
-0.0962185
-0.0981864
-0.0999496
-0.101497
-0.102819
-0.103909
-0.104763
-0.105379
-0.105756
-0.105896
-0.1058
-0.105473
-0.104919
-0.104142
-0.103147
-0.101936
-0.100514
-0.0988816
-0.0970379
-0.0949803
-0.0927036
-0.0901996
-0.0874575
-0.0844637
-0.0812031
-0.0776598
-0.0738201
-0.0696753
-0.0652278
-0.0604978
-0.0555325
-0.0504167
-0.0452823
-0.0403138
-0.0357439
-0.0318353
-0.0288448
-0.0269721
-0.0262916
-0.0267436
-0.0283951
-0.0312759
-0.0369319
-0.0368209
-0.0367613
-0.0367376
-0.0367374
-0.0367627
-0.0368196
-0.0369177
-0.0370701
-0.0372918
-0.0375995
-0.0380099
-0.0385392
-0.0392022
-0.0400124
-0.0409808
-0.0421165
-0.043426
-0.0449131
-0.0465792
-0.0484226
-0.0504388
-0.0526207
-0.0549579
-0.0574374
-0.0600435
-0.062758
-0.0655604
-0.0684282
-0.0713377
-0.0742636
-0.0771803
-0.0800618
-0.0828822
-0.0856164
-0.0882405
-0.0907318
-0.0930694
-0.0952345
-0.0972104
-0.0989828
-0.10054
-0.101872
-0.102972
-0.103835
-0.104459
-0.104842
-0.104985
-0.104891
-0.104562
-0.104003
-0.103218
-0.102211
-0.100987
-0.0995471
-0.097894
-0.0960272
-0.0939444
-0.0916409
-0.0891092
-0.0863392
-0.083318
-0.0800309
-0.0764623
-0.0725979
-0.0684277
-0.0639511
-0.0591834
-0.054165
-0.0489718
-0.0437265
-0.0386059
-0.033841
-0.0297017
-0.0264642
-0.0243581
-0.0234903
-0.0238279
-0.0254609
-0.0284262
-0.0378112
-0.0377111
-0.0376535
-0.0376206
-0.0375982
-0.0375863
-0.0375902
-0.0376199
-0.0376896
-0.0378166
-0.0380198
-0.0383189
-0.0387325
-0.0392783
-0.0399718
-0.0408259
-0.0418511
-0.0430552
-0.0444429
-0.046016
-0.0477732
-0.0497104
-0.0518201
-0.0540922
-0.0565135
-0.059068
-0.0617373
-0.0645008
-0.0673357
-0.0702179
-0.0731221
-0.0760221
-0.0788917
-0.0817047
-0.0844357
-0.0870603
-0.0895553
-0.0918995
-0.0940735
-0.0960601
-0.0978445
-0.0994142
-0.100759
-0.101872
-0.102746
-0.103379
-0.10377
-0.103918
-0.103825
-0.103494
-0.10293
-0.102134
-0.101113
-0.0998684
-0.0984042
-0.0967216
-0.0948205
-0.0926989
-0.0903524
-0.087774
-0.084954
-0.0818802
-0.0785385
-0.0749138
-0.0709918
-0.0667618
-0.0622214
-0.0573824
-0.0522798
-0.0469821
-0.0416036
-0.0363135
-0.0313394
-0.0269566
-0.0234584
-0.0211031
-0.0200315
-0.0202402
-0.0218469
-0.0248975
-0.038651
-0.0385708
-0.0385207
-0.0384811
-0.0384362
-0.0383839
-0.0383287
-0.0382812
-0.0382575
-0.0382774
-0.038363
-0.0385372
-0.038822
-0.0392377
-0.0398024
-0.0405312
-0.0414363
-0.0425266
-0.0438076
-0.0452817
-0.0469481
-0.0488024
-0.0508374
-0.0530425
-0.0554045
-0.057907
-0.0605314
-0.0632566
-0.0660597
-0.0689161
-0.0718001
-0.0746855
-0.0775454
-0.0803535
-0.0830838
-0.0857115
-0.0882132
-0.0905669
-0.0927529
-0.0947533
-0.0965528
-0.0981382
-0.0994989
-0.100626
-0.101515
-0.10216
-0.10256
-0.102714
-0.102623
-0.102291
-0.101719
-0.100911
-0.0998709
-0.0986017
-0.0971059
-0.0953849
-0.0934383
-0.091264
-0.0888578
-0.0862128
-0.0833196
-0.0801666
-0.0767402
-0.0730258
-0.0690095
-0.0646805
-0.0600356
-0.0550844
-0.0498581
-0.0444195
-0.0388755
-0.0333886
-0.0281826
-0.0235362
-0.0197578
-0.0171332
-0.0158378
-0.015901
-0.0174722
-0.0206095
-0.0394564
-0.0394066
-0.0393706
-0.039327
-0.0392591
-0.0391623
-0.0390406
-0.0389059
-0.0387765
-0.0386758
-0.0386295
-0.0386645
-0.0388064
-0.0390789
-0.0395029
-0.0400959
-0.0408717
-0.0418405
-0.0430087
-0.044379
-0.0459508
-0.0477199
-0.0496786
-0.0518162
-0.054119
-0.0565703
-0.0591511
-0.0618397
-0.0646129
-0.0674458
-0.0703123
-0.0731857
-0.0760388
-0.0788449
-0.0815776
-0.0842117
-0.0867232
-0.0890897
-0.0912909
-0.0933085
-0.0951263
-0.0967307
-0.0981102
-0.0992558
-0.100161
-0.10082
-0.101231
-0.101393
-0.101306
-0.100971
-0.100391
-0.0995683
-0.0985062
-0.097207
-0.0956728
-0.0939041
-0.0919005
-0.0896594
-0.0871763
-0.0844441
-0.0814536
-0.0781933
-0.07465
-0.0708095
-0.0666586
-0.0621869
-0.057391
-0.0522796
-0.0468816
-0.0412558
-0.0355037
-0.029782
-0.0243108
-0.0193717
-0.0152865
-0.012367
-0.0108237
-0.0107215
-0.0122467
-0.0154729
-0.0402343
-0.0402272
-0.040213
-0.0401684
-0.0400762
-0.0399296
-0.0397326
-0.0394987
-0.0392497
-0.0390131
-0.0388195
-0.0386999
-0.0386845
-0.0388007
-0.0390724
-0.0395195
-0.0401576
-0.0409982
-0.0420485
-0.0433115
-0.0447865
-0.0464691
-0.0483515
-0.0504223
-0.0526673
-0.0550694
-0.0576088
-0.0602636
-0.06301
-0.0658225
-0.0686748
-0.0715395
-0.0743893
-0.0771968
-0.0799354
-0.0825794
-0.0851042
-0.087487
-0.089707
-0.0917451
-0.0935847
-0.0952113
-0.0966129
-0.0977796
-0.0987037
-0.0993799
-0.0998044
-0.0999752
-0.0998918
-0.0995549
-0.0989657
-0.0981263
-0.0970386
-0.0957043
-0.0941245
-0.0922992
-0.0902269
-0.0879044
-0.0853265
-0.0824858
-0.0793728
-0.0759756
-0.0722812
-0.0682759
-0.0639466
-0.0592839
-0.0542848
-0.0489581
-0.0433318
-0.0374626
-0.0314485
-0.025442
-0.0196608
-0.0143893
-0.0099615
-0.00671435
-0.00489351
-0.00460207
-0.00606894
-0.00938684
-0.0409924
-0.0410443
-0.0410605
-0.0410176
-0.0408989
-0.0406956
-0.040412
-0.0400648
-0.0396801
-0.0392907
-0.0389326
-0.0386423
-0.0384547
-0.0384014
-0.0385095
-0.0388015
-0.0392948
-0.0400019
-0.0409305
-0.042084
-0.0434614
-0.045058
-0.0468652
-0.0488712
-0.0510611
-0.0534171
-0.0559187
-0.0585434
-0.0612667
-0.0640629
-0.0669049
-0.069765
-0.0726153
-0.0754283
-0.0781766
-0.0808342
-0.0833761
-0.0857789
-0.0880212
-0.0900833
-0.0919481
-0.0936002
-0.095027
-0.0962177
-0.0971638
-0.0978591
-0.0982988
-0.09848
-0.0984013
-0.0980621
-0.0974629
-0.0966044
-0.0954875
-0.0941128
-0.0924803
-0.0905889
-0.0884359
-0.0860171
-0.0833263
-0.0803552
-0.0770933
-0.0735283
-0.0696469
-0.0654351
-0.0608805
-0.0559741
-0.050714
-0.0451097
-0.0391898
-0.0330105
-0.0266685
-0.0203143
-0.014165
-0.00850848
-0.00369124
-7.46714e-05
0.00206034
0.00256996
0.00117641
-0.00223712
-0.0417425
-0.0418718
-0.0419289
-0.0418905
-0.0417415
-0.041472
-0.0410879
-0.0406101
-0.0400708
-0.0395093
-0.0389681
-0.0384901
-0.0381152
-0.0378794
-0.0378135
-0.0379422
-0.0382847
-0.0388543
-0.0396592
-0.0407027
-0.0419834
-0.0434958
-0.0452307
-0.0471754
-0.0493142
-0.0516283
-0.0540966
-0.0566958
-0.0594009
-0.0621853
-0.0650216
-0.0678815
-0.0707369
-0.0735594
-0.0763216
-0.0789968
-0.0815596
-0.083986
-0.0862542
-0.0883439
-0.0902371
-0.0919179
-0.0933728
-0.0945902
-0.0955609
-0.0962773
-0.096734
-0.0969268
-0.0968532
-0.0965115
-0.0959009
-0.0950209
-0.0938711
-0.0924506
-0.0907581
-0.088791
-0.0865451
-0.0840148
-0.0811924
-0.0780681
-0.0746302
-0.0708653
-0.066759
-0.062297
-0.0574669
-0.05226
-0.0466755
-0.0407244
-0.0344366
-0.0278697
-0.0211211
-0.014342
-0.00775098
-0.00164169
0.00362577
0.00766516
0.01016
0.0109235
0.00962151
0.00610716
-0.0424987
-0.0427292
-0.0428395
-0.0428071
-0.0426215
-0.0422728
-0.0417701
-0.0411408
-0.0404248
-0.0396694
-0.038925
-0.0382411
-0.0376636
-0.0372331
-0.0369836
-0.0369423
-0.0371297
-0.0375598
-0.0382408
-0.0391756
-0.0403621
-0.0417939
-0.0434608
-0.0453491
-0.0474419
-0.0497196
-0.0521601
-0.0547394
-0.0574315
-0.0602095
-0.0630452
-0.0659099
-0.0687748
-0.0716114
-0.0743917
-0.0770884
-0.0796759
-0.0821297
-0.0844271
-0.0865475
-0.0884722
-0.0901847
-0.0916703
-0.0929169
-0.0939141
-0.0946535
-0.0951285
-0.0953337
-0.0952654
-0.0949207
-0.0942972
-0.093393
-0.0922062
-0.0907343
-0.0889742
-0.0869215
-0.0845704
-0.0819131
-0.07894
-0.0756394
-0.0719976
-0.0679995
-0.0636292
-0.0588711
-0.0537123
-0.0481441
-0.0421666
-0.0357924
-0.0290537
-0.0220104
-0.014763
-0.00746568
-0.000341817
0.00630633
0.0121023
0.016633
0.0195455
0.0206074
0.0194196
0.0157975
-0.0432806
-0.0436425
-0.0438198
-0.0437933
-0.0435611
-0.0431152
-0.0424707
-0.0416641
-0.0407452
-0.0397712
-0.0388014
-0.0378929
-0.0370978
-0.0364611
-0.03602
-0.0358037
-0.0358337
-0.0361242
-0.0366831
-0.0375125
-0.0386092
-0.0399657
-0.0415705
-0.0434085
-0.0454618
-0.0477095
-0.0501286
-0.0526941
-0.0553793
-0.0581566
-0.060997
-0.0638716
-0.066751
-0.0696061
-0.0724086
-0.0751308
-0.0777466
-0.0802309
-0.0825608
-0.0847149
-0.0866737
-0.0884201
-0.0899387
-0.0912164
-0.0922417
-0.0930053
-0.0934994
-0.0937174
-0.0936541
-0.0933052
-0.0926669
-0.0917355
-0.0905074
-0.0889782
-0.0871428
-0.0849947
-0.0825257
-0.0797258
-0.0765828
-0.0730824
-0.0692085
-0.0649433
-0.0602686
-0.0551671
-0.049624
-0.0436304
-0.0371864
-0.0303061
-0.0230242
-0.0154046
-0.00755136
0.000374946
0.00814321
0.0154385
0.0218635
0.0269742
0.0303784
0.0317952
0.0307506
0.0270112
-0.0441154
-0.0446471
-0.0449071
-0.0448833
-0.0445884
-0.0440203
-0.0432038
-0.0421879
-0.0410352
-0.0398147
-0.0385956
-0.0374433
-0.0364158
-0.0355626
-0.0349237
-0.0345295
-0.0344021
-0.0345553
-0.0349962
-0.0357255
-0.0367388
-0.0380269
-0.0395769
-0.0413721
-0.0433933
-0.0456183
-0.0480231
-0.0505815
-0.0532663
-0.0560487
-0.0588995
-0.0617891
-0.0646876
-0.0675655
-0.0703941
-0.0731454
-0.0757927
-0.0783106
-0.0806755
-0.0828655
-0.0848605
-0.0866426
-0.0881957
-0.0895056
-0.0905601
-0.0913484
-0.0918617
-0.0920921
-0.092033
-0.0916784
-0.0910228
-0.0900609
-0.0887868
-0.0871943
-0.0852757
-0.0830221
-0.0804228
-0.0774647
-0.0741327
-0.0704093
-0.066275
-0.0617087
-0.0566891
-0.0511957
-0.0452114
-0.0387254
-0.0317374
-0.024262
-0.0163364
-0.00802807
0.000552754
0.00923859
0.0177865
0.0258642
0.0330476
0.0388541
0.0428467
0.0446925
0.0438289
0.0399592
-0.0450423
-0.0457932
-0.0461524
-0.0461222
-0.0457399
-0.0450148
-0.0439868
-0.0427219
-0.0412987
-0.0397999
-0.0383059
-0.0368901
-0.0356166
-0.0345385
-0.0336976
-0.0331252
-0.0328429
-0.0328636
-0.0331928
-0.0338296
-0.0347676
-0.0359959
-0.0374996
-0.0392606
-0.041258
-0.0434682
-0.0458661
-0.0484245
-0.0511152
-0.0539088
-0.0567754
-0.0596849
-0.0626069
-0.0655116
-0.0683698
-0.0711531
-0.0738345
-0.0763882
-0.07879
-0.0810174
-0.0830499
-0.0848687
-0.0864569
-0.0877994
-0.088883
-0.0896959
-0.0902278
-0.0904696
-0.0904131
-0.0900506
-0.0893749
-0.0883786
-0.0870538
-0.0853916
-0.083382
-0.0810132
-0.0782712
-0.0751399
-0.0716003
-0.0676313
-0.0632091
-0.0583085
-0.0529038
-0.0469704
-0.0404875
-0.033441
-0.0258285
-0.0176643
-0.00898644
0.0001339
0.00958075
0.0191775
0.0286677
0.0376965
0.0458046
0.0524604
0.0571712
0.0595451
0.0589144
0.0548966
-0.046119
-0.0471522
-0.0476269
-0.0475712
-0.0470631
-0.0461325
-0.0448413
-0.043278
-0.041541
-0.0397283
-0.0379317
-0.036233
-0.034701
-0.0333914
-0.0323472
-0.031599
-0.0311671
-0.0310625
-0.0312887
-0.0318424
-0.032715
-0.0338933
-0.0353605
-0.0370966
-0.0390789
-0.0412827
-0.0436813
-0.0462466
-0.0489496
-0.05176
-0.0546474
-0.0575812
-0.0605305
-0.0634652
-0.0663557
-0.0691733
-0.0718906
-0.0744813
-0.0769209
-0.0791865
-0.0812567
-0.0831121
-0.0847351
-0.0861097
-0.0872216
-0.0880579
-0.0886069
-0.0888583
-0.0888021
-0.0884291
-0.0877299
-0.0866951
-0.0853144
-0.0835765
-0.0814682
-0.0789747
-0.0760787
-0.0727599
-0.0689956
-0.0647597
-0.0600238
-0.0547574
-0.0489295
-0.0425098
-0.0354721
-0.0277975
-0.0194795
-0.0105295
-0.000985017
0.00908115
0.0195482
0.0302307
0.0408568
0.0510461
0.060294
0.0680049
0.0736123
0.0766523
0.0763286
0.0721396
-0.0474322
-0.0488284
-0.0494305
-0.0493136
-0.048621
-0.0474169
-0.0457945
-0.0438717
-0.0417695
-0.0396027
-0.0374746
-0.0354737
-0.0336724
-0.0321276
-0.0308813
-0.0299625
-0.029389
-0.029169
-0.029303
-0.0297848
-0.0306031
-0.0317423
-0.0331834
-0.0349042
-0.0368805
-0.039086
-0.0414927
-0.0440715
-0.0467924
-0.0496247
-0.0525372
-0.0554988
-0.0584784
-0.0614453
-0.0643699
-0.067223
-0.0699768
-0.0726049
-0.0750822
-0.0773854
-0.0794924
-0.0813834
-0.0830399
-0.0844449
-0.0855833
-0.0864409
-0.0870049
-0.0872632
-0.0872046
-0.0868178
-0.0860915
-0.085014
-0.0835725
-0.0817529
-0.0795389
-0.0769123
-0.0738518
-0.0703332
-0.0663286
-0.0618072
-0.0567346
-0.0510743
-0.0447885
-0.03784
-0.0301953
-0.0218283
-0.0127257
-0.00289337
0.00763532
0.0187891
0.0304455
0.0424121
0.054403
0.0660118
0.0766775
0.0857215
0.0924771
0.0963832
0.0964788
0.0920919
-0.0491157
-0.0509761
-0.0517061
-0.0514634
-0.0504969
-0.048924
-0.0468814
-0.0445228
-0.0419948
-0.0394291
-0.0369388
-0.0346172
-0.032538
-0.0307567
-0.0293127
-0.0282315
-0.027527
-0.0272034
-0.0272577
-0.0276801
-0.0284563
-0.0295679
-0.0309934
-0.0327086
-0.0346875
-0.0369023
-0.0393238
-0.0419218
-0.0446656
-0.0475237
-0.0504645
-0.0534564
-0.056468
-0.0594684
-0.0624275
-0.0653161
-0.068106
-0.0707705
-0.0732843
-0.0756233
-0.0777653
-0.0796897
-0.0813772
-0.0828101
-0.0839722
-0.0848483
-0.0854243
-0.0856866
-0.0856222
-0.0852182
-0.0844611
-0.0833368
-0.08183
-0.0799235
-0.0775979
-0.0748311
-0.0715979
-0.0678692
-0.0636122
-0.0587902
-0.0533624
-0.0472851
-0.0405127
-0.0329994
-0.0247023
-0.0155856
-0.00562586
0.00518083
0.0168099
0.0291969
0.0422232
0.0556956
0.0693193
0.0826605
0.0951038
0.10586
0.114127
0.1192
0.119895
0.11529
-0.0513791
-0.0538272
-0.0546582
-0.0541769
-0.0527999
-0.0507246
-0.0481446
-0.0452555
-0.0422304
-0.0392157
-0.0363312
-0.0336715
-0.0313079
-0.0292919
-0.0276574
-0.0264246
-0.0256018
-0.0251885
-0.0251768
-0.0255532
-0.0262998
-0.0273952
-0.0288154
-0.0305341
-0.0325235
-0.0347543
-0.0371961
-0.039818
-0.0425883
-0.0454749
-0.0484459
-0.0514692
-0.0545132
-0.0575469
-0.0605398
-0.0634626
-0.0662869
-0.0689858
-0.0715335
-0.0739057
-0.0760798
-0.0780344
-0.0797497
-0.0812073
-0.0823898
-0.083281
-0.0838655
-0.0841284
-0.084055
-0.0836304
-0.0828391
-0.0816646
-0.0800888
-0.0780916
-0.0756502
-0.0727385
-0.0693269
-0.0653817
-0.0608643
-0.0557318
-0.0499365
-0.0434267
-0.0361476
-0.0280433
-0.0190595
-0.00914743
0.00173022
0.0135922
0.0264293
0.0401918
0.0547739
0.0699916
0.0855522
0.101005
0.115677
0.128679
0.138984
0.145686
0.147284
0.142478
-0.0545606
-0.0577352
-0.0585808
-0.057665
-0.0556686
-0.0529032
-0.0496319
-0.0460948
-0.0424887
-0.0389696
-0.035658
-0.0326442
-0.0299927
-0.0277467
-0.0259321
-0.024561
-0.0236348
-0.0231469
-0.023084
-0.023428
-0.0241574
-0.0252476
-0.0266721
-0.0284024
-0.0304089
-0.0326612
-0.0351277
-0.0377766
-0.0405755
-0.043492
-0.0464936
-0.0495481
-0.0526237
-0.0556891
-0.0587138
-0.0616684
-0.0645244
-0.0672545
-0.0698329
-0.0722348
-0.0744373
-0.0764185
-0.0781579
-0.0796363
-0.0808355
-0.0817384
-0.0823281
-0.0825885
-0.0825031
-0.0820552
-0.0812273
-0.0800003
-0.0783536
-0.0762639
-0.0737049
-0.0706467
-0.0670553
-0.0628917
-0.0581119
-0.0526663
-0.0464997
-0.0395517
-0.0317577
-0.02305
-0.0133607
-0.00262521
0.00921212
0.0221911
0.0363258
0.051592
0.0679101
0.0851216
0.102954
0.120957
0.138415
0.154418
0.167522
0.176582
0.17961
0.174747
-0.0592214
-0.0632452
-0.063892
-0.0622024
-0.0592665
-0.0555476
-0.0513832
-0.0470534
-0.0427693
-0.0386856
-0.0349144
-0.0315338
-0.0285949
-0.026128
-0.0241473
-0.0226544
-0.0216421
-0.0210962
-0.0209976
-0.0213233
-0.0220477
-0.0231431
-0.0245805
-0.0263294
-0.0283587
-0.0306366
-0.0331307
-0.0358083
-0.0386367
-0.0415829
-0.0446144
-0.0476987
-0.0508038
-0.0538985
-0.0569523
-0.0599355
-0.0628197
-0.0655774
-0.0681826
-0.0706105
-0.0728375
-0.0748414
-0.0766012
-0.078097
-0.0793097
-0.0802211
-0.0808134
-0.0810689
-0.0809697
-0.0804972
-0.0796317
-0.0783521
-0.0766349
-0.0744538
-0.0717792
-0.0685773
-0.0648096
-0.0604323
-0.0553956
-0.0496433
-0.0431125
-0.0357339
-0.027432
-0.0181266
-0.00773412
0.00382857
0.01664
0.0307677
0.0462586
0.0631273
0.0813387
0.100783
0.121239
0.142305
0.163293
0.183113
0.200205
0.212809
0.218221
0.213785
-0.0663335
-0.0712068
-0.0711697
-0.0681195
-0.0637556
-0.0587151
-0.0533964
-0.0480996
-0.0430291
-0.0383206
-0.0340629
-0.0303105
-0.0270932
-0.0244223
-0.0222959
-0.020703
-0.0196256
-0.0190413
-0.0189243
-0.0192466
-0.0199787
-0.0210898
-0.0225483
-0.0243222
-0.0263789
-0.0286856
-0.0312091
-0.0339164
-0.0367741
-0.0397493
-0.0428091
-0.045921
-0.0490532
-0.0521744
-0.055254
-0.0582625
-0.0611714
-0.0639533
-0.0665819
-0.0690322
-0.0712804
-0.0733039
-0.0750813
-0.0765918
-0.0778159
-0.0787341
-0.0793277
-0.0795777
-0.0794646
-0.0789683
-0.078067
-0.0767375
-0.0749537
-0.0726863
-0.0699027
-0.0665655
-0.062632
-0.0580535
-0.0527748
-0.0467334
-0.0398589
-0.032073
-0.0232894
-0.0134144
-0.0023479
0.0100144
0.0237777
0.0390436
0.0559021
0.074422
0.0946349
0.116512
0.139925
0.16458
0.189884
0.21474
0.237429
0.255466
0.265036
0.262328
-0.0776702
-0.0829475
-0.0811504
-0.07573
-0.0692043
-0.062341
-0.0555429
-0.0490834
-0.0431212
-0.0377427
-0.0329914
-0.028883
-0.0254151
-0.0225731
-0.020335
-0.0186742
-0.0175608
-0.0169634
-0.0168498
-0.0171867
-0.017941
-0.0190793
-0.0205681
-0.0223737
-0.0244626
-0.0268013
-0.0293562
-0.0320939
-0.0349809
-0.0379842
-0.041071
-0.0442089
-0.0473661
-0.0505114
-0.0536145
-0.0566459
-0.0595772
-0.0623808
-0.0650305
-0.0675013
-0.069769
-0.0718107
-0.0736044
-0.0751291
-0.0763643
-0.0772898
-0.0778859
-0.0781323
-0.0780083
-0.077492
-0.0765602
-0.0751874
-0.0733451
-0.0710021
-0.0681224
-0.0646652
-0.0605842
-0.0558267
-0.0503322
-0.0440326
-0.0368505
-0.0286993
-0.0194822
-0.00909239
0.00258722
0.0156831
0.03033
0.0466684
0.0648407
0.084985
0.107224
0.131648
0.15828
0.187014
0.217479
0.248786
0.279201
0.30564
0.322666
0.32478
-0.0966033
-0.100508
-0.0946122
-0.0851239
-0.0753781
-0.0660493
-0.0574087
-0.04961
-0.0426971
-0.0366588
-0.031461
-0.0270602
-0.0234094
-0.0204615
-0.0181706
-0.0164931
-0.0153872
-0.014813
-0.0147321
-0.0151075
-0.0159031
-0.0170834
-0.0186138
-0.0204598
-0.0225874
-0.0249628
-0.0275524
-0.0303226
-0.0332402
-0.0362724
-0.0393864
-0.0425503
-0.0457323
-0.0489015
-0.0520278
-0.0550819
-0.0580353
-0.0608608
-0.0635321
-0.0660238
-0.0683119
-0.0703731
-0.0721851
-0.0737263
-0.0749755
-0.075912
-0.076515
-0.0767634
-0.0766351
-0.0761071
-0.0751545
-0.0737501
-0.0718634
-0.0694612
-0.0665049
-0.0629512
-0.0587506
-0.0538467
-0.0481751
-0.0416626
-0.0342261
-0.0257717
-0.0161934
-0.00537228
0.00682456
0.0205452
0.0359542
0.0532334
0.0725833
0.0942232
0.11839
0.145333
0.175293
0.208463
0.244865
0.284112
0.32493
0.364003
0.394203
0.407612
-0.129769
-0.126841
-0.112108
-0.0958831
-0.0814729
-0.0689332
-0.058143
-0.0489531
-0.0411702
-0.0346109
-0.0291218
-0.0245778
-0.0208773
-0.0179371
-0.0156878
-0.0140705
-0.0130339
-0.0125321
-0.012523
-0.0129675
-0.0138282
-0.0150694
-0.016656
-0.0185539
-0.0207291
-0.0231483
-0.025778
-0.0285854
-0.0315375
-0.0346018
-0.0377461
-0.0409387
-0.0441482
-0.0473442
-0.0504965
-0.0535763
-0.0565552
-0.059406
-0.0621025
-0.0646193
-0.0669322
-0.0690177
-0.0708531
-0.0724166
-0.0736863
-0.0746411
-0.0752593
-0.0755189
-0.0753971
-0.0748697
-0.0739107
-0.0724913
-0.07058
-0.0681414
-0.0651354
-0.0615165
-0.057233
-0.0522258
-0.0464276
-0.0397614
-0.0321398
-0.0234632
-0.0136183
-0.00247661
0.0101082
0.0243031
0.0402994
0.058318
0.078617
0.101501
0.127334
0.156558
0.189702
0.227388
0.270273
0.318899
0.373186
0.430377
0.482955
0.520726
-0.192516
-0.16512
-0.13253
-0.106007
-0.0853595
-0.0690874
-0.0562337
-0.0459939
-0.0377423
-0.0310399
-0.0255844
-0.0211636
-0.0176255
-0.0148588
-0.0127796
-0.0113217
-0.0104307
-0.0100601
-0.0101682
-0.010717
-0.0116706
-0.0129946
-0.0146551
-0.0166193
-0.0188544
-0.0213278
-0.0240071
-0.0268602
-0.0298547
-0.0329589
-0.0361411
-0.0393699
-0.0426145
-0.0458447
-0.0490309
-0.0521442
-0.0551566
-0.0580409
-0.0607709
-0.0633214
-0.0656679
-0.0677868
-0.0696553
-0.0712509
-0.0725519
-0.0735363
-0.0741821
-0.0744668
-0.0743667
-0.0738567
-0.0729105
-0.0714983
-0.0695879
-0.0671422
-0.0641204
-0.0604757
-0.056155
-0.0510979
-0.045235
-0.0384874
-0.0307649
-0.0219646
-0.0119685
-0.000641779
0.0121712
0.0266508
0.0430084
0.0614953
0.0824165
0.10615
0.133178
0.164134
0.199868
0.241546
0.290751
0.349563
0.420227
0.502673
0.593455
0.687607
-0.328854
-0.213908
-0.144178
-0.105242
-0.0794334
-0.0611189
-0.047961
-0.0382007
-0.0306693
-0.024704
-0.0199242
-0.0160933
-0.0130573
-0.0107132
-0.00898831
-0.00782793
-0.00718789
-0.00703022
-0.00732057
-0.00802665
-0.00911724
-0.0105616
-0.0123293
-0.0143897
-0.016712
-0.0192655
-0.0220191
-0.0249417
-0.0280021
-0.0311692
-0.034412
-0.0376997
-0.041002
-0.0442889
-0.0475312
-0.0507003
-0.0537683
-0.056708
-0.0594935
-0.0620993
-0.0645011
-0.066675
-0.0685982
-0.0702481
-0.0716027
-0.0726397
-0.0733371
-0.073672
-0.073621
-0.0731569
-0.072255
-0.070885
-0.0690137
-0.0666045
-0.0636159
-0.0600012
-0.0557071
-0.0506727
-0.0448287
-0.0380958
-0.0303834
-0.0215877
-0.0115898
-0.000252645
0.0125826
0.0271018
0.0435249
0.0621178
0.0832088
0.107215
0.134687
0.166376
0.20336
0.247256
0.300599
0.3675
0.454365
0.569491
0.730054
0.958748
-0.603987
-0.259319
-0.120772
-0.0758603
-0.0532775
-0.0387695
-0.0294518
-0.023095
-0.0182874
-0.0144143
-0.0112301
-0.00862129
-0.00652936
-0.00492304
-0.00378287
-0.00309301
-0.0028376
-0.00299941
-0.00355935
-0.00449653
-0.00578827
-0.00741037
-0.00933729
-0.0115423
-0.0139978
-0.0166753
-0.0195456
-0.0225791
-0.0257459
-0.0290158
-0.0323586
-0.0357441
-0.0391425
-0.0425242
-0.0458602
-0.049122
-0.052282
-0.0553131
-0.0581893
-0.0608852
-0.0633765
-0.0656393
-0.0676507
-0.0693881
-0.0708296
-0.0719529
-0.072736
-0.0731559
-0.0731891
-0.072813
-0.0719972
-0.0707136
-0.0689304
-0.0666115
-0.063716
-0.0601982
-0.0560058
-0.0510792
-0.0453504
-0.0387419
-0.0311647
-0.0225174
-0.0126831
-0.00152768
0.0111047
0.0253964
0.0415635
0.0598671
0.08063
0.104263
0.131309
0.162514
0.198957
0.242306
0.295354
0.363343
0.45747
0.6024
0.861865
1.32906
)
;

boundaryField
{
    movingWall
    {
        type            zeroGradient;
    }
    fixedWalls
    {
        type            zeroGradient;
    }
    frontAndBack
    {
        type            empty;
    }
}


// ************************************************************************* //
