/*--------------------------------*- C++ -*----------------------------------*\
  =========                 |
  \\      /  F ield         | OpenFOAM: The Open Source CFD Toolbox
   \\    /   O peration     | Website:  https://openfoam.org
    \\  /    A nd           | Version:  7
     \\/     M anipulation  |
\*---------------------------------------------------------------------------*/
FoamFile
{
    version     2.0;
    format      ascii;
    class       volScalarField;
    location    "1.8";
    object      p;
}
// * * * * * * * * * * * * * * * * * * * * * * * * * * * * * * * * * * * * * //

dimensions      [0 2 -2 0 0 0 0];

internalField   nonuniform List<scalar> 
6400
(
-1.58452e-08
9.12271e-06
-3.91854e-06
-4.08125e-05
-9.87014e-05
-0.0001743
-0.000264357
-0.000366099
-0.000477363
-0.000596584
-0.00072268
-0.00085491
-0.000992743
-0.00113575
-0.0012835
-0.0014355
-0.00159111
-0.00174951
-0.0019097
-0.00207043
-0.00223023
-0.00238741
-0.00254002
-0.00268593
-0.00282279
-0.0029481
-0.00305924
-0.00315353
-0.00322826
-0.00328082
-0.00330876
-0.00330985
-0.00328226
-0.00322461
-0.00313607
-0.00301652
-0.0028666
-0.0026878
-0.0024825
-0.00225402
-0.00200658
-0.00174547
-0.00147653
-0.00120644
-0.000942387
-0.000691886
-0.000462541
-0.000261795
-9.66617e-05
2.65531e-05
0.000102506
0.000127051
9.74287e-05
1.24033e-05
-0.000127663
-0.000320809
-0.000563539
-0.00085097
-0.00117704
-0.0015347
-0.00191628
-0.00231376
-0.00271903
-0.00312424
-0.00352196
-0.00390547
-0.00426879
-0.00460685
-0.00491542
-0.00519111
-0.00543128
-0.00563389
-0.00579744
-0.00592092
-0.0060039
-0.00604688
-0.00605225
-0.00602604
-0.00597989
-0.00593123
-9.5794e-06
-5.21498e-07
-1.40067e-05
-4.82842e-05
-0.000100208
-0.000167606
-0.000248197
-0.000339934
-0.000441065
-0.000550248
-0.000666479
-0.000789017
-0.000917288
-0.0010508
-0.00118908
-0.0013316
-0.00147772
-0.00162666
-0.0017775
-0.00192908
-0.00208008
-0.00222894
-0.00237394
-0.00251311
-0.00264434
-0.00276537
-0.00287379
-0.00296716
-0.00304299
-0.00309888
-0.00313253
-0.00314189
-0.00312522
-0.00308117
-0.00300895
-0.00290835
-0.0027799
-0.00262488
-0.00244544
-0.00224458
-0.0020262
-0.00179485
-0.00155616
-0.0013162
-0.0010816
-0.000859301
-0.000656325
-0.000479564
-0.000335507
-0.000229988
-0.000167941
-0.000153186
-0.000188245
-0.000274222
-0.000410732
-0.000595905
-0.000826452
-0.0010978
-0.00140429
-0.0017394
-0.00209602
-0.00246672
-0.00284407
-0.00322083
-0.00359024
-0.00394615
-0.00428315
-0.00459666
-0.0048829
-0.00513891
-0.00536242
-0.00555185
-0.00570615
-0.00582486
-0.00590813
-0.00595697
-0.00597392
-0.0059637
-0.00593123
-0.00588251
3.50237e-06
1.2296e-05
-1.79536e-06
-3.51359e-05
-8.40815e-05
-0.0001468
-0.000221555
-0.000306634
-0.000400605
-0.000502369
-0.000611065
-0.000726038
-0.000846766
-0.000972792
-0.00110367
-0.0012389
-0.00137791
-0.00151997
-0.00166424
-0.00180967
-0.00195507
-0.00209901
-0.0022399
-0.00237596
-0.0025052
-0.00262553
-0.00273468
-0.00283034
-0.00291012
-0.00297171
-0.00301286
-0.00303153
-0.00302596
-0.00299475
-0.00293699
-0.00285235
-0.00274116
-0.00260451
-0.00244428
-0.00226321
-0.00206484
-0.00185364
-0.00163474
-0.00141397
-0.00119766
-0.000992465
-0.00080516
-0.000642398
-0.000510462
-0.000415007
-0.000360822
-0.000351615
-0.000389832
-0.000476532
-0.000611325
-0.000792371
-0.00101645
-0.0012791
-0.0015748
-0.00189723
-0.0022395
-0.00259446
-0.00295496
-0.00331412
-0.00366551
-0.00400337
-0.00432267
-0.00461921
-0.00488962
-0.00513131
-0.00534243
-0.00552174
-0.0056686
-0.00578284
-0.00586479
-0.00591535
-0.00593653
-0.0059314
-0.00589893
-0.00583643
4.20039e-05
4.65231e-05
2.96763e-05
-4.66562e-06
-5.29132e-05
-0.000113433
-0.000184614
-0.000265119
-0.000353802
-0.000449789
-0.000552415
-0.000661174
-0.000775664
-0.00089553
-0.00102041
-0.0011499
-0.0012835
-0.00142059
-0.00156042
-0.00170208
-0.00184446
-0.0019863
-0.00212611
-0.00226222
-0.00239279
-0.00251579
-0.00262905
-0.00273028
-0.00281715
-0.00288729
-0.00293842
-0.00296841
-0.00297536
-0.00295773
-0.00291441
-0.00284487
-0.0027492
-0.00262824
-0.00248364
-0.00231792
-0.00213436
-0.00193726
-0.00173156
-0.00152293
-0.0013176
-0.00112214
-0.000943274
-0.000787636
-0.000661514
-0.00057059
-0.000519691
-0.000512568
-0.000551709
-0.000638211
-0.000771707
-0.000950369
-0.00117098
-0.00142906
-0.00171909
-0.00203473
-0.00236912
-0.00271513
-0.0030657
-0.00341404
-0.00375391
-0.00407974
-0.00438677
-0.00467111
-0.00492972
-0.00516038
-0.00536159
-0.00553251
-0.00567278
-0.00578245
-0.00586185
-0.00591158
-0.00593291
-0.00592745
-0.0058897
-0.0058111
0.000104056
9.95534e-05
7.71956e-05
3.9906e-05
-9.35366e-06
-6.91423e-05
-0.000138152
-0.00021531
-0.000299782
-0.000390961
-0.000488414
-0.000591834
-0.000700989
-0.000815667
-0.000935638
-0.00106062
-0.00119024
-0.001324
-0.00146128
-0.0016013
-0.00174308
-0.00188546
-0.0020271
-0.00216642
-0.00230165
-0.00243081
-0.00255176
-0.00266219
-0.00275969
-0.00284182
-0.00290615
-0.00295037
-0.00297237
-0.00297037
-0.002943
-0.00288944
-0.00280953
-0.00270382
-0.00257374
-0.00242158
-0.00225039
-0.00206434
-0.00186826
-0.00166776
-0.00146905
-0.00127874
-0.00110362
-0.000950435
-0.00082561
-0.000734984
-0.000683546
-0.000675204
-0.000712588
-0.000796909
-0.000927878
-0.00110371
-0.00132117
-0.00157576
-0.00186186
-0.00217306
-0.00250237
-0.00284258
-0.00318661
-0.00352758
-0.00385931
-0.00417634
-0.00447406
-0.0047488
-0.00499782
-0.00521923
-0.00541188
-0.00557527
-0.00570934
-0.00581434
-0.00589062
-0.00593849
-0.00595868
-0.00595172
-0.00590918
-0.0058189
0.000186767
0.000169235
0.000138834
9.69113e-05
4.50351e-05
-1.54436e-05
-8.35278e-05
-0.000158495
-0.000239849
-0.000327285
-0.000420639
-0.00051984
-0.000624861
-0.000735678
-0.000852229
-0.000974391
-0.00110194
-0.00123455
-0.00137173
-0.00151284
-0.00165705
-0.00180331
-0.00195038
-0.00209674
-0.00224067
-0.0023802
-0.00251313
-0.00263705
-0.00274944
-0.00284766
-0.00292904
-0.00299101
-0.00303118
-0.00304742
-0.00303807
-0.00300197
-0.00293862
-0.00284831
-0.00273219
-0.00259243
-0.0024317
-0.00225421
-0.00206469
-0.00186874
-0.00167264
-0.00148311
-0.0013071
-0.00115159
-0.00102323
-0.000928133
-0.000871575
-0.000857735
-0.000889491
-0.000968268
-0.00109394
-0.00126483
-0.00147774
-0.00172813
-0.00201031
-0.00231771
-0.0026432
-0.00297939
-0.00331897
-0.00365501
-0.00398119
-0.00429203
-0.00458299
-0.00485053
-0.00509211
-0.0053061
-0.00549169
-0.00564866
-0.00577726
-0.00587793
-0.0059511
-0.00599694
-0.00601583
-0.00600763
-0.00596236
-0.00586607
0.000286467
0.000252792
0.000212218
0.000164042
0.000108238
4.58527e-05
-2.24398e-05
-9.63241e-05
-0.000175682
-0.000260545
-0.000351056
-0.000447411
-0.000549825
-0.000658491
-0.000773554
-0.00089508
-0.00102303
-0.00115725
-0.00129742
-0.00144305
-0.00159344
-0.00174766
-0.00190453
-0.00206259
-0.00222009
-0.002375
-0.00252502
-0.00266757
-0.00279989
-0.00291906
-0.00302212
-0.00310613
-0.00316832
-0.0032062
-0.00321768
-0.00320124
-0.00315603
-0.00308199
-0.00298007
-0.0028524
-0.00270073
-0.00252985
-0.00234431
-0.00214972
-0.00195245
-0.00175939
-0.00157774
-0.00141475
-0.00127744
-0.0011723
-0.00110499
-0.0010801
-0.00110087
-0.00116909
-0.0012849
-0.00144682
-0.00165181
-0.00189534
-0.00217168
-0.00247413
-0.00279536
-0.00312773
-0.00346371
-0.00379611
-0.00411843
-0.00442503
-0.00471132
-0.00497378
-0.00520997
-0.00541846
-0.00559865
-0.00575061
-0.00587484
-0.00597202
-0.00604268
-0.00608701
-0.00610521
-0.00609684
-0.0060514
-0.00595453
0.000399135
0.000346765
0.000294272
0.000238577
0.000177747
0.000112445
4.29559e-05
-3.08741e-05
-0.000109356
-0.000192901
-0.000281984
-0.000377103
-0.000478745
-0.000587351
-0.0007033
-0.000826876
-0.000958253
-0.00109747
-0.00124438
-0.00139867
-0.00155976
-0.00172681
-0.0018987
-0.00207396
-0.00225077
-0.00242699
-0.0026001
-0.0027673
-0.00292551
-0.00307144
-0.00320173
-0.00331301
-0.00340205
-0.0034659
-0.00350203
-0.00350847
-0.00348399
-0.00342816
-0.00334168
-0.00322663
-0.00308345
-0.00291801
-0.00273453
-0.00253859
-0.00233666
-0.00213584
-0.00194361
-0.00176759
-0.00161522
-0.00149347
-0.00140853
-0.00136553
-0.00136824
-0.00141895
-0.00151825
-0.00166503
-0.00185648
-0.00208825
-0.00235463
-0.00264885
-0.0029634
-0.0032904
-0.00362201
-0.00395072
-0.00426975
-0.00457319
-0.00485627
-0.00511535
-0.00534799
-0.00555283
-0.00572941
-0.00587801
-0.00599935
-0.00609431
-0.0061636
-0.00620752
-0.00622626
-0.00621929
-0.00617636
-0.00608363
0.000520385
0.000447258
0.00038147
0.000317272
0.000250553
0.000181509
0.000109954
3.51934e-05
-4.35679e-05
-0.000127158
-0.00021642
-0.000312185
-0.000415234
-0.000526287
-0.00064598
-0.000774845
-0.000913286
-0.00106156
-0.00121971
-0.00138758
-0.00156471
-0.00175036
-0.00194338
-0.00214228
-0.00234511
-0.00254952
-0.00275275
-0.00295164
-0.00314271
-0.00332226
-0.0034864
-0.00363127
-0.0037531
-0.00384841
-0.00391415
-0.00394785
-0.00394783
-0.00391328
-0.00384418
-0.0037411
-0.00360898
-0.00344905
-0.00326642
-0.00306689
-0.00285707
-0.00264425
-0.00243624
-0.00224106
-0.00206666
-0.0019206
-0.00180972
-0.00173984
-0.00171548
-0.00173959
-0.00181342
-0.00193643
-0.00210626
-0.00231888
-0.00256877
-0.00284918
-0.00315249
-0.0034706
-0.00379534
-0.00411885
-0.00443394
-0.00473433
-0.00501492
-0.00527185
-0.00550252
-0.00570549
-0.00588035
-0.00602746
-0.00614771
-0.00624216
-0.0063117
-0.00635678
-0.00637768
-0.00637391
-0.00633601
-0.00625126
0.000645599
0.000549968
0.000469817
0.000396378
0.000323117
0.000249656
0.000175244
9.85715e-05
1.8306e-05
-6.68408e-05
-0.000158116
-0.000256707
-0.000363721
-0.000480177
-0.000606997
-0.000744981
-0.000894788
-0.0010569
-0.00123156
-0.00141878
-0.0016182
-0.00182911
-0.00205037
-0.00228034
-0.00251692
-0.00275748
-0.00299891
-0.00323764
-0.00346971
-0.00369088
-0.0038967
-0.00408272
-0.00424455
-0.00437811
-0.00447974
-0.00454643
-0.00457594
-0.00456696
-0.00451909
-0.00443286
-0.00431135
-0.00415709
-0.00397471
-0.00376985
-0.00354916
-0.00332012
-0.00309085
-0.00286981
-0.00266552
-0.00248623
-0.00233958
-0.00223226
-0.0021697
-0.0021558
-0.00219269
-0.00228067
-0.00241808
-0.00260145
-0.00282564
-0.00308409
-0.00336921
-0.00367273
-0.00398618
-0.00430128
-0.00461038
-0.00490673
-0.00518475
-0.00544018
-0.0056701
-0.00587285
-0.0060479
-0.00619559
-0.00631685
-0.00641284
-0.00648461
-0.00653276
-0.0065577
-0.00655907
-0.00652844
-0.00645463
0.000769525
0.00065012
0.000554822
0.000471631
0.000391348
0.000312901
0.00023488
0.000155283
7.21814e-05
-1.62159e-05
-0.000111591
-0.000215517
-0.000329452
-0.000454742
-0.000592616
-0.000744168
-0.000910325
-0.00109181
-0.00128908
-0.00150227
-0.00173113
-0.00197496
-0.00223254
-0.00250208
-0.00278121
-0.00306699
-0.00335586
-0.00364377
-0.00392619
-0.00419827
-0.00445492
-0.00469099
-0.00490143
-0.00508145
-0.00522672
-0.00533355
-0.00539907
-0.00542134
-0.00539947
-0.0053337
-0.00522598
-0.00507906
-0.00489721
-0.00468592
-0.0044518
-0.00420247
-0.00394633
-0.00369228
-0.00344946
-0.00322691
-0.0030332
-0.00287608
-0.00276211
-0.0026964
-0.00268227
-0.00272114
-0.0028124
-0.00295343
-0.00313975
-0.00336525
-0.00362251
-0.00390324
-0.00419874
-0.00450031
-0.00479975
-0.00508974
-0.00536407
-0.00561791
-0.00584782
-0.00605175
-0.00622884
-0.00637926
-0.00650382
-0.00660368
-0.00667996
-0.00673337
-0.00676441
-0.00677283
-0.00675145
-0.00669075
0.000886734
0.000742513
0.00063152
0.000538246
0.000450587
0.000366652
0.000284271
0.000200666
0.000113258
1.97085e-05
-8.21322e-05
-0.00019425
-0.000318481
-0.000456524
-0.000609939
-0.000780134
-0.000968322
-0.00117547
-0.00140225
-0.00164893
-0.00191532
-0.00220069
-0.0025037
-0.00282235
-0.00315395
-0.00349515
-0.00384189
-0.00418954
-0.00453295
-0.00486655
-0.00518454
-0.00548101
-0.00575012
-0.0059863
-0.00618445
-0.0063401
-0.00644961
-0.00651033
-0.00652071
-0.00648043
-0.00639069
-0.00625388
-0.00607385
-0.00585584
-0.00560635
-0.00533304
-0.00504452
-0.00475014
-0.00445967
-0.00418299
-0.00392973
-0.00370887
-0.00352834
-0.00339473
-0.00331289
-0.00328573
-0.00331405
-0.00339647
-0.00352954
-0.0037079
-0.0039246
-0.00417152
-0.0044398
-0.00472041
-0.00500458
-0.00528427
-0.00555253
-0.00580373
-0.00603372
-0.00623981
-0.0064206
-0.00657586
-0.00670611
-0.00681236
-0.00689563
-0.00695666
-0.00699596
-0.00701336
-0.0070029
-0.00695684
0.00099125
0.000821486
0.000694471
0.000590936
0.000495637
0.000405734
0.000318199
0.000229397
0.00013604
3.52041e-05
-7.57629e-05
-0.00019929
-0.000337619
-0.000492826
-0.000666829
-0.000861367
-0.00107796
-0.00131782
-0.00158183
-0.00187036
-0.00218327
-0.00251976
-0.00287831
-0.00325666
-0.00365173
-0.00405967
-0.00447589
-0.00489507
-0.00531136
-0.00571842
-0.00610962
-0.0064782
-0.00681745
-0.00712093
-0.00738264
-0.00759722
-0.00776016
-0.00786795
-0.00791824
-0.00790995
-0.00784353
-0.00772075
-0.00754494
-0.00732094
-0.007055
-0.0067547
-0.00642881
-0.00608702
-0.00573972
-0.00539768
-0.00507163
-0.00477195
-0.00450816
-0.0042886
-0.00412
-0.00400717
-0.00395273
-0.00395702
-0.00401806
-0.00413167
-0.00429173
-0.00449056
-0.0047194
-0.00496895
-0.00522989
-0.00549339
-0.00575159
-0.00599788
-0.00622714
-0.00643574
-0.00662153
-0.00678357
-0.00692189
-0.00703709
-0.00712995
-0.00720108
-0.00725087
-0.00727912
-0.00728105
-0.00725063
0.00107667
0.000880956
0.000737796
0.000623939
0.000520791
0.000424431
0.000330868
0.000235541
0.000134397
2.38876e-05
-9.91757e-05
-0.000237695
-0.000394347
-0.000571613
-0.000771794
-0.000996982
-0.00124901
-0.00152935
-0.00183907
-0.00217864
-0.00254792
-0.00294601
-0.00337116
-0.00382077
-0.00429133
-0.00477842
-0.00527679
-0.00578042
-0.00628265
-0.00677627
-0.00725375
-0.00770739
-0.0081295
-0.00851265
-0.00884983
-0.00913469
-0.00936171
-0.00952641
-0.00962548
-0.00965696
-0.00962038
-0.00951678
-0.0093488
-0.00912072
-0.00883839
-0.00850918
-0.00814185
-0.00774636
-0.00733363
-0.00691526
-0.00650315
-0.00610912
-0.00574448
-0.00541956
-0.00514329
-0.00492279
-0.00476302
-0.00466653
-0.00463336
-0.00466102
-0.00474472
-0.00487765
-0.00505145
-0.00525673
-0.00548371
-0.00572276
-0.00596496
-0.0062025
-0.006429
-0.00663964
-0.00683113
-0.00700156
-0.00715014
-0.0072768
-0.00738187
-0.00746562
-0.00752816
-0.00756909
-0.00758471
-0.00757057
0.00113623
0.000914472
0.000755234
0.000631089
0.000519903
0.000416548
0.000315977
0.000212634
0.000101653
-2.1179e-05
-0.000159619
-0.000317074
-0.000496683
-0.000701365
-0.000933828
-0.00119654
-0.00149164
-0.00182089
-0.0021855
-0.00258604
-0.00302233
-0.0034933
-0.00399694
-0.00453025
-0.00508918
-0.0056687
-0.00626285
-0.00686477
-0.00746692
-0.00806114
-0.0086389
-0.00919143
-0.00971
-0.0101861
-0.0106115
-0.0109788
-0.0112814
-0.0115138
-0.0116714
-0.0117514
-0.0117522
-0.0116741
-0.0115188
-0.0112898
-0.0109926
-0.0106339
-0.0102226
-0.00976849
-0.00928302
-0.00877849
-0.00826787
-0.00776447
-0.00728143
-0.00683127
-0.00642542
-0.00607368
-0.00578382
-0.00556118
-0.00540844
-0.00532546
-0.00530937
-0.00535478
-0.00545418
-0.00559847
-0.00577756
-0.00598107
-0.00619892
-0.00642191
-0.00664212
-0.00685316
-0.00705025
-0.00723013
-0.00739082
-0.0075313
-0.00765112
-0.00774996
-0.00782748
-0.00788292
-0.00791342
-0.00791602
0.00116283
0.000915293
0.000740229
0.000605894
0.000486475
0.000375513
0.000266823
0.000153794
3.07047e-05
-0.00010736
-0.000264756
-0.000445429
-0.000653012
-0.00089089
-0.0011622
-0.00146981
-0.00181618
-0.00220333
-0.00263262
-0.00310469
-0.00361926
-0.00417506
-0.00476974
-0.00539984
-0.00606071
-0.00674662
-0.00745078
-0.00816545
-0.00888207
-0.00959146
-0.010284
-0.0109497
-0.0115787
-0.0121612
-0.0126879
-0.0131502
-0.0135403
-0.0138513
-0.0140777
-0.0142155
-0.0142621
-0.0142166
-0.0140798
-0.0138546
-0.0135454
-0.0131586
-0.0127025
-0.012187
-0.0116236
-0.0110251
-0.0104055
-0.00977933
-0.00916163
-0.00856714
-0.00800996
-0.0075029
-0.00705699
-0.00668093
-0.00638069
-0.00615922
-0.00601632
-0.00594875
-0.00595048
-0.00601316
-0.00612679
-0.00628037
-0.00646266
-0.00666291
-0.00687136
-0.00707968
-0.00728117
-0.00747078
-0.00764495
-0.00780128
-0.0079382
-0.00805454
-0.00814923
-0.00822095
-0.00826752
-0.00828725
0.00114919
0.000876488
0.000686026
0.00054165
0.000413773
0.0002945
0.000176437
5.18664e-05
-8.58237e-05
-0.000242279
-0.00042249
-0.000630969
-0.000871878
-0.0011491
-0.00146622
-0.00182651
-0.00223279
-0.00268728
-0.00319152
-0.00374613
-0.00435071
-0.00500374
-0.00570247
-0.00644285
-0.0072196
-0.00802615
-0.00885482
-0.00969684
-0.0105426
-0.0113817
-0.0122033
-0.0129962
-0.0137493
-0.0144515
-0.0150922
-0.0156615
-0.0161504
-0.0165508
-0.0168562
-0.0170611
-0.0171619
-0.0171567
-0.0170454
-0.0168296
-0.016513
-0.0161013
-0.0156021
-0.0150249
-0.0143812
-0.013684
-0.0129478
-0.0121885
-0.0114225
-0.0106669
-0.00993837
-0.00925293
-0.00862521
-0.00806778
-0.00759057
-0.00720039
-0.00690061
-0.00669098
-0.00656781
-0.00652422
-0.00655082
-0.00663634
-0.00676853
-0.00693496
-0.00712381
-0.00732442
-0.00752771
-0.00772633
-0.00791462
-0.00808836
-0.00824446
-0.00838054
-0.00849452
-0.00858429
-0.00864814
-0.0086855
0.00108796
0.00079107
0.000585804
0.000431569
0.000294962
0.000166573
3.77312e-05
-0.000100415
-0.0002554
-0.00043363
-0.000640754
-0.000881888
-0.00116175
-0.00148475
-0.00185495
-0.00227602
-0.00275113
-0.00328273
-0.00387245
-0.00452089
-0.00522747
-0.00599032
-0.0068062
-0.00767044
-0.00857695
-0.00951827
-0.0104857
-0.0114693
-0.0124582
-0.0134409
-0.0144051
-0.0153383
-0.016228
-0.0170619
-0.017828
-0.0185152
-0.0191132
-0.0196128
-0.0200061
-0.0202869
-0.0204502
-0.0204931
-0.0204143
-0.0202146
-0.0198966
-0.0194651
-0.0189269
-0.0182908
-0.0175678
-0.0167709
-0.0159149
-0.0150161
-0.0140925
-0.0131628
-0.0122463
-0.0113622
-0.0105289
-0.00976319
-0.0090795
-0.00848932
-0.00800047
-0.00761678
-0.00733787
-0.00715934
-0.00707316
-0.00706842
-0.00713215
-0.00725035
-0.00740894
-0.00759456
-0.00779526
-0.00800084
-0.00820297
-0.00839507
-0.00857204
-0.00872988
-0.00886517
-0.00897477
-0.00905721
-0.0091129
0.000971884
0.00065214
0.000432822
0.000268934
0.000123274
-1.51482e-05
-0.000156313
-0.000310235
-0.000485388
-0.00068896
-0.000927291
-0.00120612
-0.00153077
-0.00190617
-0.00233689
-0.00282702
-0.00338005
-0.00399863
-0.00468445
-0.00543802
-0.00625852
-0.00714365
-0.00808956
-0.00909085
-0.0101405
-0.0112301
-0.0123496
-0.013488
-0.014633
-0.0157716
-0.0168903
-0.0179751
-0.0190121
-0.0199877
-0.0208886
-0.0217024
-0.0224178
-0.0230244
-0.0235133
-0.0238771
-0.0241101
-0.0242081
-0.0241691
-0.0239926
-0.0236803
-0.0232358
-0.022665
-0.0219759
-0.0211785
-0.0202852
-0.0193107
-0.0182715
-0.0171863
-0.0160751
-0.0149594
-0.0138613
-0.0128027
-0.0118048
-0.010887
-0.0100662
-0.00935558
-0.00876401
-0.00829572
-0.00794996
-0.00772121
-0.00759975
-0.00757254
-0.00762428
-0.00773861
-0.00789922
-0.00809079
-0.00829966
-0.00851418
-0.00872478
-0.0089238
-0.00910514
-0.00926365
-0.00939485
-0.00949733
-0.00957239
0.000793945
0.000453052
0.000220584
4.72634e-05
-0.000107829
-0.000257298
-0.000412458
-0.000584493
-0.000782827
-0.00101545
-0.00128941
-0.0016111
-0.00198644
-0.00242095
-0.00291969
-0.00348717
-0.00412716
-0.00484249
-0.00563486
-0.00650461
-0.00745057
-0.00846992
-0.00955809
-0.0107088
-0.011914
-0.013164
-0.0144475
-0.0157522
-0.0170642
-0.018369
-0.0196517
-0.0208968
-0.0220891
-0.0232135
-0.0242557
-0.0252021
-0.0260403
-0.0267591
-0.0273488
-0.027801
-0.0281092
-0.0282683
-0.0282754
-0.0281291
-0.0278301
-0.0273808
-0.0267859
-0.0260523
-0.0251889
-0.0242072
-0.0231209
-0.0219463
-0.0207019
-0.0194087
-0.0180894
-0.0167684
-0.0154709
-0.0142224
-0.0130474
-0.0119682
-0.0110044
-0.0101711
-0.0094783
-0.00893036
-0.00852566
-0.00825693
-0.008112
-0.0080749
-0.00812724
-0.0082496
-0.00842288
-0.00862937
-0.00885338
-0.00908165
-0.00930327
-0.00950948
-0.00969297
-0.00984756
-0.00997171
-0.0100675
0.000547577
0.000187587
-5.69872e-05
-0.00023951
-0.000404463
-0.000566078
-0.000737006
-0.000929592
-0.00115421
-0.00141966
-0.00173372
-0.00210345
-0.00253541
-0.00303568
-0.00360983
-0.00426275
-0.0049985
-0.00582002
-0.00672892
-0.00772531
-0.00880754
-0.00997214
-0.0112137
-0.0125249
-0.0138964
-0.0153172
-0.0167746
-0.0182546
-0.0197418
-0.0212203
-0.0226734
-0.0240843
-0.0254363
-0.0267133
-0.0278998
-0.0289813
-0.0299447
-0.0307779
-0.0314705
-0.0320138
-0.0324004
-0.0326246
-0.032683
-0.0325732
-0.0322949
-0.0318495
-0.0312404
-0.0304733
-0.0295556
-0.0284974
-0.0273111
-0.026012
-0.0246179
-0.0231495
-0.0216302
-0.0200859
-0.0185442
-0.0170342
-0.0155852
-0.0142255
-0.0129811
-0.0118743
-0.0109223
-0.0101361
-0.00951946
-0.00906934
-0.00877578
-0.00862318
-0.00859168
-0.00865891
-0.00880173
-0.00899778
-0.00922664
-0.00947051
-0.00971451
-0.00994654
-0.0101566
-0.0103363
-0.010484
-0.0106024
0.000226837
-0.000149863
-0.000405369
-0.00059685
-0.000772132
-0.000947056
-0.00113559
-0.00135122
-0.00160526
-0.00190732
-0.0022659
-0.00268877
-0.00318312
-0.0037556
-0.00441226
-0.00515838
-0.00599821
-0.00693473
-0.00796941
-0.00910197
-0.0103302
-0.0116497
-0.0130542
-0.014535
-0.0160816
-0.0176812
-0.0193197
-0.0209812
-0.0226488
-0.0243048
-0.0259311
-0.0275095
-0.029022
-0.0304514
-0.0317814
-0.0329969
-0.0340839
-0.0350301
-0.0358248
-0.0364587
-0.0369244
-0.0372157
-0.0373287
-0.0372602
-0.0370093
-0.0365764
-0.0359637
-0.0351753
-0.0342172
-0.0330978
-0.0318278
-0.0304207
-0.0288928
-0.0272639
-0.0255568
-0.0237977
-0.0220158
-0.0202429
-0.0185123
-0.0168576
-0.0153117
-0.0139046
-0.0126616
-0.0116017
-0.0107363
-0.0100682
-0.00959151
-0.00929261
-0.00915118
-0.00914242
-0.00923916
-0.00941397
-0.00964093
-0.00989688
-0.0101621
-0.0104203
-0.0106582
-0.0108649
-0.0110381
-0.0111813
-0.000173412
-0.000564127
-0.000829266
-0.00102944
-0.00121554
-0.00140497
-0.00161298
-0.00185414
-0.0021407
-0.00248306
-0.00289047
-0.00337138
-0.00393361
-0.00458439
-0.00533022
-0.00617668
-0.00712819
-0.00818767
-0.00935631
-0.0106333
-0.0120157
-0.0134982
-0.0150732
-0.0167307
-0.0184583
-0.020242
-0.0220655
-0.0239114
-0.0257609
-0.0275947
-0.0293931
-0.0311367
-0.0328064
-0.0343841
-0.0358529
-0.0371972
-0.0384028
-0.0394572
-0.0403497
-0.041071
-0.0416137
-0.0419717
-0.0421401
-0.0421161
-0.0418979
-0.0414852
-0.040879
-0.0400821
-0.0390989
-0.0379357
-0.0366013
-0.0351069
-0.0334668
-0.0316987
-0.029824
-0.027868
-0.0258601
-0.0238333
-0.0218238
-0.0198701
-0.0180109
-0.016284
-0.0147237
-0.0133583
-0.0122083
-0.0112848
-0.0105882
-0.0101086
-0.00982706
-0.00971734
-0.00974861
-0.00988819
-0.0101041
-0.0103668
-0.0106509
-0.0109351
-0.0112019
-0.0114373
-0.0116381
-0.0118089
-0.000657323
-0.00105908
-0.00133244
-0.00154103
-0.00173843
-0.00194356
-0.00217287
-0.00244199
-0.00276406
-0.00315025
-0.00361054
-0.00415407
-0.00478928
-0.00552391
-0.0063649
-0.00731808
-0.00838792
-0.00957718
-0.0108866
-0.0123148
-0.0138578
-0.0155092
-0.0172599
-0.0190983
-0.0210104
-0.0229801
-0.0249894
-0.0270188
-0.0290479
-0.0310558
-0.0330214
-0.034924
-0.0367437
-0.0384619
-0.0400611
-0.0415255
-0.0428412
-0.0439959
-0.044979
-0.0457815
-0.0463963
-0.0468176
-0.0470405
-0.0470621
-0.0468802
-0.0464939
-0.0459034
-0.0451101
-0.0441168
-0.0429281
-0.0415503
-0.0399922
-0.0382653
-0.0363848
-0.0343694
-0.0322425
-0.0300321
-0.0277712
-0.0254972
-0.0232515
-0.0210784
-0.0190225
-0.0171269
-0.0154303
-0.0139639
-0.0127489
-0.0117946
-0.0110976
-0.0106422
-0.0104025
-0.010345
-0.010432
-0.0106248
-0.010887
-0.0111863
-0.0114954
-0.0117918
-0.0120574
-0.0122883
-0.0124895
-0.00122791
-0.0016375
-0.00191756
-0.00213423
-0.0023434
-0.00256537
-0.00281774
-0.00311713
-0.0034775
-0.00391079
-0.00442768
-0.00503796
-0.00575066
-0.00657404
-0.00751537
-0.00858064
-0.00977428
-0.0110988
-0.0125543
-0.0141385
-0.0158465
-0.0176703
-0.0195994
-0.0216202
-0.0237169
-0.0258714
-0.0280636
-0.0302722
-0.0324751
-0.0346497
-0.0367737
-0.0388256
-0.0407847
-0.0426319
-0.0443499
-0.0459231
-0.0473377
-0.0485819
-0.0496458
-0.0505211
-0.051201
-0.0516802
-0.0519544
-0.0520205
-0.0518765
-0.0515209
-0.0509534
-0.0501743
-0.049185
-0.0479882
-0.0465879
-0.0449905
-0.0432044
-0.0412414
-0.0391171
-0.0368516
-0.0344704
-0.0320046
-0.0294912
-0.0269729
-0.0244973
-0.0221149
-0.0198771
-0.0178327
-0.0160246
-0.0144861
-0.0132378
-0.0122856
-0.0116202
-0.0112181
-0.0110447
-0.0110579
-0.0112127
-0.0114647
-0.0117739
-0.0121059
-0.0124319
-0.0127292
-0.0129925
-0.0132276
-0.0018869
-0.00230092
-0.00258607
-0.00281045
-0.00303178
-0.00327165
-0.00354871
-0.00388048
-0.00428167
-0.00476497
-0.00534172
-0.00602232
-0.00681637
-0.00773254
-0.00877838
-0.00995996
-0.0112815
-0.0127451
-0.0143501
-0.0160933
-0.0179683
-0.0199656
-0.0220729
-0.0242747
-0.026553
-0.0288877
-0.0312567
-0.0336367
-0.0360041
-0.0383347
-0.0406054
-0.0427937
-0.0448787
-0.0468412
-0.048664
-0.0503321
-0.0518322
-0.0531535
-0.0542868
-0.0552245
-0.0559608
-0.056491
-0.0568113
-0.0569192
-0.0568126
-0.05649
-0.0559507
-0.0551941
-0.0542207
-0.0530313
-0.0516281
-0.0500147
-0.0481965
-0.046182
-0.0439827
-0.041615
-0.0391003
-0.0364666
-0.0337485
-0.0309879
-0.0282336
-0.0255401
-0.0229654
-0.0205678
-0.0184021
-0.016515
-0.0149406
-0.013697
-0.0127843
-0.0121846
-0.0118647
-0.0117795
-0.011878
-0.0121077
-0.0124196
-0.0127711
-0.0131262
-0.0134565
-0.0137545
-0.014027
-0.00263466
-0.00304956
-0.00333809
-0.00356973
-0.00380354
-0.00406223
-0.00436541
-0.00473139
-0.00517561
-0.00571139
-0.0063507
-0.00710454
-0.00798296
-0.00899501
-0.0101484
-0.0114492
-0.0129012
-0.014506
-0.0162621
-0.0181648
-0.0202065
-0.0223759
-0.0246585
-0.0270369
-0.0294909
-0.0319982
-0.0345347
-0.0370755
-0.0395951
-0.0420685
-0.0444714
-0.046781
-0.0489764
-0.0510385
-0.0529507
-0.0546986
-0.0562699
-0.0576547
-0.0588448
-0.0598338
-0.0606167
-0.0611897
-0.0615499
-0.0616952
-0.0616238
-0.0613345
-0.0608262
-0.0600982
-0.0591497
-0.0579806
-0.0565911
-0.0549825
-0.0531575
-0.0511209
-0.0488804
-0.0464477
-0.0438398
-0.0410799
-0.0381987
-0.0352353
-0.0322372
-0.0292604
-0.0263673
-0.0236241
-0.0210966
-0.0188453
-0.0169194
-0.0153519
-0.0141558
-0.0133224
-0.0128227
-0.0126112
-0.0126318
-0.012824
-0.0131294
-0.0134959
-0.0138788
-0.0142427
-0.0145778
-0.0148914
-0.00347009
-0.00388222
-0.00417236
-0.00441073
-0.00465719
-0.00493545
-0.00526595
-0.00566767
-0.00615668
-0.00674689
-0.00745085
-0.00828004
-0.00924496
-0.0103549
-0.0116176
-0.013039
-0.0146226
-0.0163689
-0.0182754
-0.0203363
-0.0225419
-0.0248793
-0.0273317
-0.0298796
-0.0325006
-0.0351703
-0.0378626
-0.0405508
-0.0432084
-0.0458091
-0.0483282
-0.0507428
-0.0530319
-0.0551771
-0.0571625
-0.0589746
-0.0606024
-0.0620369
-0.0632713
-0.0643001
-0.0651196
-0.0657268
-0.0661198
-0.066297
-0.0662573
-0.0659998
-0.0655235
-0.0648272
-0.06391
-0.0627706
-0.0614079
-0.0598213
-0.0580111
-0.0559787
-0.053728
-0.0512662
-0.0486052
-0.0457626
-0.0427639
-0.0396432
-0.0364449
-0.0332234
-0.0300429
-0.026975
-0.0240946
-0.0214752
-0.0191819
-0.0172646
-0.0157524
-0.0146497
-0.0139356
-0.0135672
-0.0134854
-0.0136223
-0.0139097
-0.0142848
-0.0146931
-0.0150911
-0.0154654
-0.0158237
-0.00439062
-0.00479627
-0.00508619
-0.00533066
-0.00558981
-0.00588817
-0.00624686
-0.00668546
-0.00722055
-0.00786657
-0.00863654
-0.00954239
-0.0105949
-0.0118036
-0.0131762
-0.0147181
-0.0164324
-0.0183187
-0.0203732
-0.0225885
-0.0249532
-0.027452
-0.0300664
-0.0327744
-0.0355514
-0.0383709
-0.0412051
-0.0440259
-0.0468054
-0.049517
-0.0521354
-0.0546377
-0.0570037
-0.0592155
-0.0612582
-0.0631195
-0.0647895
-0.0662606
-0.0675271
-0.0685848
-0.0694311
-0.0700641
-0.0704826
-0.0706859
-0.0706735
-0.070445
-0.0699995
-0.0693361
-0.0684534
-0.0673498
-0.0660232
-0.0644716
-0.0626931
-0.0606866
-0.0584525
-0.0559936
-0.0533166
-0.0504335
-0.0473634
-0.0441342
-0.0407847
-0.0373654
-0.0339393
-0.0305798
-0.0273687
-0.0243904
-0.0217253
-0.0194414
-0.0175866
-0.0161818
-0.015219
-0.0146615
-0.01445
-0.014511
-0.0147665
-0.0151423
-0.0155726
-0.0160042
-0.0164196
-0.0168264
-0.00539219
-0.00578769
-0.0060755
-0.0063253
-0.00659698
-0.00691571
-0.00730316
-0.00777935
-0.00836129
-0.00906384
-0.00990042
-0.0108833
-0.0120235
-0.0133306
-0.0148121
-0.0164731
-0.0183157
-0.0203387
-0.0225367
-0.0249006
-0.0274172
-0.0300691
-0.0328354
-0.0356919
-0.038612
-0.0415673
-0.0445283
-0.0474656
-0.0503505
-0.0531559
-0.0558565
-0.0584299
-0.0608563
-0.0631189
-0.065204
-0.0671004
-0.0687995
-0.0702951
-0.0715828
-0.0726595
-0.0735237
-0.0741744
-0.0746115
-0.0748351
-0.0748452
-0.0746418
-0.0742248
-0.0735933
-0.072746
-0.0716811
-0.0703961
-0.068888
-0.0671534
-0.0651892
-0.0629929
-0.0605636
-0.0579031
-0.0550176
-0.0519197
-0.0486302
-0.0451806
-0.0416154
-0.037993
-0.0343858
-0.0308785
-0.0275638
-0.0245354
-0.0218793
-0.0196635
-0.0179294
-0.0166857
-0.0159065
-0.0155365
-0.0154985
-0.0157058
-0.0160724
-0.0165201
-0.0169842
-0.0174421
-0.0179008
-0.00646931
-0.00685103
-0.00713481
-0.00738909
-0.00767294
-0.00801201
-0.00842839
-0.00894241
-0.00957139
-0.0103305
-0.0112335
-0.0122929
-0.0135198
-0.0149237
-0.0165119
-0.0182889
-0.0202559
-0.0224103
-0.0247456
-0.0272506
-0.0299102
-0.0327048
-0.0356113
-0.0386035
-0.0416526
-0.0447285
-0.0478003
-0.0508377
-0.0538112
-0.0566937
-0.0594601
-0.0620885
-0.0645601
-0.0668592
-0.0689731
-0.0708921
-0.072609
-0.0741187
-0.0754179
-0.076505
-0.0773793
-0.0780409
-0.0784904
-0.0787286
-0.0787563
-0.078574
-0.0781821
-0.0775801
-0.076767
-0.0757411
-0.0744998
-0.0730396
-0.0713564
-0.0694456
-0.0673025
-0.0649231
-0.0623052
-0.0594497
-0.0563626
-0.0530575
-0.0495578
-0.0458998
-0.0421349
-0.0383312
-0.0345726
-0.0309562
-0.027586
-0.0245644
-0.02198
-0.0198968
-0.0183442
-0.0173125
-0.0167542
-0.0165924
-0.0167331
-0.0170788
-0.0175377
-0.0180323
-0.0185337
-0.0190476
-0.00761517
-0.0079796
-0.00825739
-0.00851514
-0.00881057
-0.00916965
-0.00961474
-0.0101663
-0.010842
-0.011657
-0.0126254
-0.0137598
-0.0150713
-0.0165693
-0.0182607
-0.0201491
-0.022235
-0.0245143
-0.0269789
-0.0296159
-0.032408
-0.0353336
-0.0383675
-0.0414812
-0.0446444
-0.0478253
-0.0509919
-0.054113
-0.0571591
-0.0601028
-0.0629197
-0.0655887
-0.0680918
-0.0704147
-0.0725458
-0.0744768
-0.0762018
-0.0777169
-0.07902
-0.0801105
-0.0809885
-0.0816551
-0.0821116
-0.0823595
-0.0824002
-0.0822348
-0.0818641
-0.0812882
-0.0805067
-0.079518
-0.0783198
-0.0769086
-0.0752799
-0.0734285
-0.0713481
-0.0690327
-0.0664767
-0.0636766
-0.0606326
-0.0573508
-0.0538465
-0.0501468
-0.0462943
-0.0423494
-0.0383916
-0.0345184
-0.0308402
-0.0274725
-0.0245236
-0.022081
-0.0201982
-0.018886
-0.0181105
-0.0177989
-0.017853
-0.0181642
-0.0186266
-0.0191488
-0.0196941
-0.0202662
-0.0088217
-0.00916552
-0.00943538
-0.00969543
-0.0100016
-0.01038
-0.0108532
-0.0114416
-0.0121628
-0.0130324
-0.0140644
-0.0152714
-0.0166645
-0.0182527
-0.0200424
-0.0220366
-0.0242344
-0.0266306
-0.0292153
-0.0319739
-0.0348869
-0.0379307
-0.0410781
-0.0442989
-0.047561
-0.0508313
-0.054077
-0.0572665
-0.0603699
-0.0633603
-0.066214
-0.0689107
-0.0714336
-0.0737695
-0.0759082
-0.0778427
-0.0795681
-0.0810818
-0.0823828
-0.0834711
-0.084348
-0.0850151
-0.0854743
-0.0857277
-0.0857772
-0.0856247
-0.0852713
-0.0847177
-0.083964
-0.0830092
-0.0818513
-0.0804874
-0.0789131
-0.0771228
-0.0751097
-0.0728664
-0.070385
-0.0676584
-0.064682
-0.0614554
-0.0579856
-0.0542906
-0.0504026
-0.0463724
-0.0422717
-0.0381939
-0.0342516
-0.0305693
-0.0272721
-0.0244706
-0.0222445
-0.0206294
-0.0196098
-0.0191226
-0.0190686
-0.0193302
-0.0197873
-0.020333
-0.0209218
-0.0215546
-0.0100798
-0.0103999
-0.0106599
-0.010921
-0.0112368
-0.0116336
-0.0121337
-0.0127576
-0.0135229
-0.014445
-0.0155379
-0.0168142
-0.0182848
-0.0199583
-0.0218404
-0.0239334
-0.0262351
-0.028739
-0.0314336
-0.0343022
-0.0373236
-0.0404723
-0.0437192
-0.0470324
-0.0503783
-0.0537231
-0.057033
-0.0602763
-0.0634233
-0.0664476
-0.0693261
-0.0720396
-0.0745725
-0.0769128
-0.0790516
-0.0809829
-0.0827031
-0.0842105
-0.0855049
-0.0865873
-0.0874594
-0.0881235
-0.0885821
-0.0888377
-0.0888928
-0.0887494
-0.0884095
-0.0878742
-0.0871441
-0.0862189
-0.0850974
-0.0837771
-0.0822541
-0.0805233
-0.0785779
-0.0764096
-0.0740093
-0.0713676
-0.0684758
-0.0653283
-0.0619248
-0.0582739
-0.0543975
-0.0503352
-0.0461482
-0.0419223
-0.0377671
-0.0338118
-0.0301943
-0.027046
-0.0244733
-0.0225395
-0.021253
-0.0205654
-0.0203814
-0.020577
-0.0210184
-0.0215826
-0.022214
-0.0229094
-0.0113795
-0.011673
-0.0119212
-0.0121819
-0.0125061
-0.0129199
-0.0134454
-0.0141031
-0.0149101
-0.015882
-0.0170325
-0.018374
-0.0199171
-0.02167
-0.0236377
-0.0258215
-0.0282182
-0.0308196
-0.0336128
-0.0365794
-0.0396963
-0.0429362
-0.0462684
-0.0496596
-0.053075
-0.05648
-0.0598405
-0.0631246
-0.066303
-0.0693499
-0.0722433
-0.0749648
-0.0775
-0.079838
-0.0819712
-0.0838947
-0.0856056
-0.0871033
-0.0883884
-0.0894623
-0.0903274
-0.0909863
-0.091442
-0.0916973
-0.0917551
-0.0916178
-0.0912879
-0.0907669
-0.0900561
-0.0891559
-0.0880658
-0.086784
-0.0853077
-0.0836323
-0.0817514
-0.079657
-0.0773394
-0.0747878
-0.0719908
-0.0689385
-0.0656246
-0.0620495
-0.0582248
-0.0541783
-0.049959
-0.045642
-0.0413298
-0.037151
-0.0332512
-0.0297794
-0.0268671
-0.0246072
-0.0230362
-0.0221261
-0.0217906
-0.0219031
-0.0223174
-0.0228941
-0.0235661
-0.0243256
-0.01271
-0.0129744
-0.013209
-0.0134678
-0.0137988
-0.0142278
-0.0147769
-0.015466
-0.0163121
-0.0173303
-0.0185344
-0.0199362
-0.0215461
-0.0233717
-0.0254172
-0.0276831
-0.0301648
-0.0328531
-0.0357332
-0.0387852
-0.0419845
-0.045302
-0.0487057
-0.052161
-0.0556323
-0.0590844
-0.0624831
-0.0657965
-0.068996
-0.0720563
-0.0749563
-0.0776788
-0.0802105
-0.0825415
-0.0846653
-0.0865778
-0.0882772
-0.0897633
-0.0910375
-0.0921016
-0.0929584
-0.0936108
-0.0940621
-0.0943154
-0.0943738
-0.0942401
-0.093917
-0.0934068
-0.0927111
-0.0918311
-0.0907671
-0.0895183
-0.0880827
-0.0864568
-0.0846352
-0.0826104
-0.080373
-0.0779116
-0.0752135
-0.0722657
-0.0690571
-0.0655811
-0.06184
-0.05785
-0.0536473
-0.0492939
-0.0448816
-0.0405335
-0.0363977
-0.0326356
-0.0294013
-0.0268172
-0.0249508
-0.0237997
-0.0232927
-0.0233047
-0.0236798
-0.0242619
-0.024972
-0.0257962
-0.0140604
-0.0142934
-0.0145126
-0.0147679
-0.0151039
-0.0155462
-0.0161165
-0.0168342
-0.017716
-0.0187767
-0.0200295
-0.0214862
-0.0231564
-0.0250472
-0.0271622
-0.0295007
-0.0320571
-0.0348209
-0.0377759
-0.0409008
-0.0441692
-0.0475511
-0.051013
-0.0545194
-0.0580342
-0.0615216
-0.0649475
-0.0682804
-0.0714921
-0.0745583
-0.0774587
-0.0801771
-0.0827011
-0.085022
-0.087134
-0.089034
-0.0907207
-0.0921946
-0.0934574
-0.0945114
-0.0953595
-0.096005
-0.0964511
-0.0967013
-0.0967588
-0.0966267
-0.0963079
-0.0958052
-0.0951207
-0.0942563
-0.0932131
-0.0919914
-0.0905902
-0.0890071
-0.0872379
-0.0852763
-0.0831136
-0.0807388
-0.0781386
-0.0752984
-0.0722037
-0.0688422
-0.0652084
-0.0613077
-0.0571635
-0.0528234
-0.0483661
-0.0439047
-0.0395845
-0.0355738
-0.0320448
-0.0291477
-0.0269826
-0.0255773
-0.024881
-0.0247758
-0.0250988
-0.0256786
-0.0264235
-0.0273125
-0.0154191
-0.0156189
-0.0158212
-0.0160711
-0.0164102
-0.0168634
-0.0174521
-0.0181953
-0.019109
-0.0202076
-0.021504
-0.0230093
-0.0247329
-0.0266809
-0.0288564
-0.0312576
-0.033878
-0.0367058
-0.0397236
-0.0429086
-0.0462336
-0.049667
-0.0531745
-0.05672
-0.0602668
-0.0637791
-0.0672228
-0.0705669
-0.0737839
-0.0768501
-0.0797461
-0.0824568
-0.0849706
-0.0872797
-0.0893789
-0.0912659
-0.0929399
-0.0944019
-0.0956537
-0.0966979
-0.0975377
-0.0981764
-0.0986172
-0.0988637
-0.0989193
-0.0987872
-0.0984707
-0.0979726
-0.0972959
-0.0964429
-0.0954156
-0.0942151
-0.0928417
-0.0912942
-0.0895699
-0.0876638
-0.0855685
-0.0832738
-0.080767
-0.0780327
-0.0750543
-0.0718157
-0.0683048
-0.0645179
-0.0604659
-0.0561824
-0.0517309
-0.0472111
-0.0427607
-0.038549
-0.034761
-0.0315713
-0.0291123
-0.0274453
-0.0265455
-0.0263074
-0.0265655
-0.0271348
-0.0279105
-0.0288637
-0.0167748
-0.0169401
-0.0171237
-0.0173666
-0.0177065
-0.0181681
-0.0187722
-0.0195372
-0.0204785
-0.0216101
-0.0229443
-0.0244917
-0.026261
-0.0282579
-0.0304844
-0.0329381
-0.0356115
-0.0384917
-0.0415602
-0.0447932
-0.0481622
-0.0516351
-0.0551765
-0.0587501
-0.0623187
-0.0658467
-0.0693003
-0.0726489
-0.0758655
-0.0789274
-0.0818159
-0.0845166
-0.0870189
-0.0893156
-0.0914022
-0.0932766
-0.0949388
-0.0963898
-0.0976317
-0.0986672
-0.0994995
-0.100132
-0.100568
-0.10081
-0.100864
-0.10073
-0.100414
-0.0999187
-0.0992466
-0.0984012
-0.0973851
-0.0962004
-0.0948485
-0.0933296
-0.0916423
-0.0897833
-0.0877468
-0.0855241
-0.0831034
-0.0804695
-0.0776052
-0.0744919
-0.0711125
-0.0674556
-0.0635216
-0.0593301
-0.0549289
-0.0504023
-0.0458757
-0.0415141
-0.0375093
-0.0340555
-0.0313156
-0.0293859
-0.0282724
-0.0278878
-0.0280688
-0.0286188
-0.0294207
-0.0304367
-0.0181165
-0.0182461
-0.0184098
-0.0186437
-0.0189822
-0.0194493
-0.0200654
-0.0208481
-0.0218125
-0.0229717
-0.0243374
-0.0259199
-0.027727
-0.0297638
-0.0320318
-0.0345276
-0.037243
-0.040164
-0.0432713
-0.0465403
-0.0499417
-0.0534426
-0.0570072
-0.0605988
-0.0641804
-0.0677163
-0.0711731
-0.0745207
-0.0777328
-0.0807872
-0.0836663
-0.086356
-0.0888466
-0.0911312
-0.093206
-0.0950693
-0.096721
-0.0981626
-0.099396
-0.100424
-0.10125
-0.101877
-0.102309
-0.102548
-0.102598
-0.102463
-0.102146
-0.101651
-0.100981
-0.10014
-0.0991308
-0.0979569
-0.0966206
-0.0951234
-0.0934656
-0.0916453
-0.0896586
-0.0874986
-0.0851549
-0.0826137
-0.0798576
-0.076867
-0.0736215
-0.0701039
-0.0663055
-0.0622333
-0.0579197
-0.0534322
-0.0488809
-0.0444215
-0.0402464
-0.0365638
-0.0335635
-0.0313769
-0.0300443
-0.0295023
-0.0295947
-0.0301168
-0.0309398
-0.0320165
-0.0194332
-0.0195266
-0.0196691
-0.0198924
-0.020227
-0.0206965
-0.0213209
-0.0221171
-0.0230994
-0.0242805
-0.0256712
-0.0272813
-0.029118
-0.0311858
-0.0334854
-0.0360128
-0.0387591
-0.0417096
-0.0448443
-0.0481378
-0.0515604
-0.0550786
-0.0586566
-0.0622574
-0.065844
-0.0693811
-0.0728357
-0.0761781
-0.0793826
-0.0824278
-0.0852963
-0.0879751
-0.0904544
-0.0927282
-0.0947927
-0.0966465
-0.0982897
-0.0997237
-0.100951
-0.101973
-0.102794
-0.103417
-0.103845
-0.104081
-0.104128
-0.103991
-0.103672
-0.103176
-0.102506
-0.101666
-0.10066
-0.0994927
-0.0981666
-0.0966849
-0.0950491
-0.0932594
-0.0913136
-0.0892066
-0.0869301
-0.0844719
-0.0818156
-0.0789415
-0.0758275
-0.0724523
-0.0687998
-0.0648663
-0.0606698
-0.0562605
-0.0517316
-0.0472249
-0.042928
-0.0390568
-0.0358233
-0.0333923
-0.0318405
-0.0311331
-0.0311269
-0.0316127
-0.0324513
-0.0335863
-0.0207149
-0.0207721
-0.0208923
-0.0211031
-0.0214313
-0.0219
-0.0225288
-0.0233338
-0.0243288
-0.0255255
-0.0269345
-0.0285645
-0.0304224
-0.0325119
-0.0348332
-0.0373818
-0.0401481
-0.0431169
-0.0462678
-0.0495749
-0.0530082
-0.0565339
-0.0601163
-0.0637182
-0.0673031
-0.0708358
-0.0742837
-0.0776178
-0.0808127
-0.0838476
-0.0867056
-0.0893739
-0.0918433
-0.0941079
-0.0961641
-0.0980106
-0.0996475
-0.101076
-0.102298
-0.103317
-0.104135
-0.104755
-0.10518
-0.105413
-0.105458
-0.105318
-0.104997
-0.104498
-0.103826
-0.102985
-0.101979
-0.100814
-0.0994933
-0.0980213
-0.096401
-0.0946341
-0.0927204
-0.0906569
-0.0884375
-0.0860519
-0.0834853
-0.080719
-0.0777303
-0.0744954
-0.070993
-0.0672102
-0.0631522
-0.058853
-0.0543874
-0.0498807
-0.0455104
-0.0414939
-0.0380597
-0.0354027
-0.0336367
-0.0327597
-0.0326465
-0.033088
-0.033937
-0.035127
-0.0219527
-0.0219735
-0.0220706
-0.0222673
-0.0225864
-0.023051
-0.02368
-0.024489
-0.025491
-0.0266971
-0.0281171
-0.0297592
-0.0316296
-0.0337315
-0.0360646
-0.0386239
-0.0413995
-0.0443759
-0.0475322
-0.0508425
-0.0542766
-0.0578008
-0.0613793
-0.0649753
-0.0685524
-0.072076
-0.0755139
-0.0788372
-0.0820214
-0.0850456
-0.0878936
-0.0905527
-0.0930139
-0.0952713
-0.0973215
-0.0991631
-0.100796
-0.102222
-0.103442
-0.104458
-0.105274
-0.105893
-0.106316
-0.106547
-0.10659
-0.106447
-0.106123
-0.10562
-0.104945
-0.1041
-0.103092
-0.101926
-0.100606
-0.0991386
-0.0975276
-0.0957765
-0.0938867
-0.0918576
-0.0896852
-0.0873613
-0.0848736
-0.0822046
-0.0793324
-0.076232
-0.0728783
-0.0692519
-0.0653467
-0.0611816
-0.0568135
-0.052349
-0.0479515
-0.043834
-0.0402353
-0.0373761
-0.0354059
-0.0343588
-0.0341324
-0.0345226
-0.0353763
-0.036618
-0.0231375
-0.0231226
-0.0231967
-0.0233775
-0.0236847
-0.0241418
-0.0247667
-0.0255746
-0.0265777
-0.0277865
-0.0292102
-0.0308563
-0.0327304
-0.0348354
-0.0371704
-0.0397302
-0.0425046
-0.0454779
-0.0486294
-0.051933
-0.0553586
-0.0588728
-0.0624399
-0.0660237
-0.069588
-0.0730985
-0.0765235
-0.0798345
-0.0830072
-0.0860211
-0.0888601
-0.0915116
-0.0939666
-0.0962193
-0.0982661
-0.100105
-0.101737
-0.103162
-0.104382
-0.105398
-0.106214
-0.106832
-0.107255
-0.107485
-0.107526
-0.10738
-0.107052
-0.106545
-0.105864
-0.105015
-0.104002
-0.102831
-0.101509
-0.100041
-0.0984342
-0.0966923
-0.094819
-0.0928156
-0.0906804
-0.0884078
-0.0859877
-0.0834046
-0.0806382
-0.0776634
-0.0744532
-0.0709831
-0.0672382
-0.0632241
-0.0589803
-0.0545943
-0.050212
-0.0460371
-0.0423123
-0.0392784
-0.0371188
-0.0359046
-0.0355612
-0.0358941
-0.0367473
-0.0380369
-0.0242623
-0.024213
-0.0242633
-0.0244266
-0.02472
-0.0251658
-0.0257821
-0.0265836
-0.0275817
-0.0287865
-0.0302063
-0.0318482
-0.0337172
-0.0358158
-0.0381428
-0.040693
-0.0434559
-0.046416
-0.0495526
-0.0528401
-0.0562485
-0.0597448
-0.0632938
-0.0668596
-0.0704065
-0.0739006
-0.0773105
-0.0806081
-0.0837692
-0.0867735
-0.0896047
-0.0922505
-0.0947017
-0.0969522
-0.0989982
-0.100838
-0.102471
-0.103897
-0.105119
-0.106138
-0.106955
-0.107575
-0.107998
-0.108227
-0.108266
-0.108117
-0.107785
-0.107273
-0.106587
-0.10573
-0.10471
-0.103532
-0.102204
-0.100733
-0.0991246
-0.0973861
-0.0955224
-0.0935368
-0.0914297
-0.0891981
-0.0868343
-0.0843255
-0.081653
-0.078793
-0.0757178
-0.0723997
-0.0688168
-0.0649636
-0.0608637
-0.0565857
-0.0522561
-0.0480649
-0.0442527
-0.0410747
-0.0387442
-0.0373697
-0.0369078
-0.0371784
-0.0380264
-0.0393602
-0.0253209
-0.0252387
-0.0252651
-0.0254096
-0.0256865
-0.0261176
-0.0267209
-0.0275105
-0.0284974
-0.029691
-0.0310992
-0.0327285
-0.0345835
-0.0366663
-0.0389756
-0.0415061
-0.0442474
-0.0471845
-0.0502967
-0.053559
-0.0569419
-0.060413
-0.0639375
-0.0674801
-0.0710056
-0.0744804
-0.0778734
-0.0811568
-0.0843064
-0.0873021
-0.0901273
-0.0927695
-0.0952192
-0.0974701
-0.099518
-0.101361
-0.102997
-0.104428
-0.105654
-0.106677
-0.107498
-0.10812
-0.108544
-0.108774
-0.108811
-0.10866
-0.108324
-0.107806
-0.107112
-0.106248
-0.105218
-0.104032
-0.102695
-0.101215
-0.0996018
-0.0978615
-0.0960011
-0.0940259
-0.0919385
-0.0897381
-0.0874199
-0.0849735
-0.0823828
-0.0796255
-0.0766745
-0.0735003
-0.0700763
-0.0663879
-0.0624447
-0.0582971
-0.0540518
-0.0498816
-0.0460198
-0.0427296
-0.0402498
-0.0387247
-0.0381453
-0.0383501
-0.0391885
-0.0405628
-0.0263083
-0.0261949
-0.0261977
-0.0263223
-0.0265802
-0.0269932
-0.0275789
-0.028351
-0.0293203
-0.0304956
-0.0318843
-0.0334925
-0.0353244
-0.0373819
-0.0396638
-0.0421647
-0.0448747
-0.0477789
-0.0508576
-0.054086
-0.0574356
-0.0608745
-0.0643686
-0.0678832
-0.0713835
-0.0748364
-0.0782111
-0.0814799
-0.0846184
-0.0876065
-0.0904274
-0.0930681
-0.095519
-0.097773
-0.0998256
-0.101674
-0.103317
-0.104755
-0.105987
-0.107016
-0.107842
-0.108468
-0.108895
-0.109126
-0.109162
-0.109009
-0.108668
-0.108144
-0.107442
-0.106568
-0.105528
-0.10433
-0.102981
-0.101491
-0.0998682
-0.0981213
-0.0962587
-0.0942872
-0.0922116
-0.0900335
-0.0877505
-0.0853551
-0.0828336
-0.0801662
-0.077327
-0.0742861
-0.071014
-0.0674888
-0.0637087
-0.0597073
-0.0555714
-0.0514547
-0.0475785
-0.0442082
-0.0416024
-0.0399394
-0.0392455
-0.0393824
-0.0402074
-0.041619
-0.0272207
-0.0270783
-0.027058
-0.0271617
-0.0273985
-0.0277899
-0.0283534
-0.0291024
-0.0300474
-0.031197
-0.0325581
-0.0341366
-0.0359363
-0.0379591
-0.0402038
-0.0426653
-0.0453343
-0.0481964
-0.0512325
-0.0544188
-0.0577275
-0.0611275
-0.0645856
-0.0680676
-0.0715394
-0.0749681
-0.0783232
-0.0815768
-0.0847049
-0.0876865
-0.0905049
-0.0931464
-0.0956009
-0.0978608
-0.0999209
-0.101778
-0.10343
-0.104877
-0.106119
-0.107155
-0.107988
-0.108619
-0.10905
-0.109282
-0.109319
-0.109163
-0.108817
-0.108287
-0.107576
-0.106692
-0.10564
-0.104428
-0.103066
-0.101562
-0.0999259
-0.0981683
-0.0962982
-0.0943244
-0.0922534
-0.0900891
-0.0878316
-0.085476
-0.0830115
-0.0804208
-0.07768
-0.07476
-0.0716294
-0.0682617
-0.0646453
-0.0607992
-0.0567912
-0.0527549
-0.0488959
-0.0454765
-0.0427691
-0.0409826
-0.0401792
-0.0402474
-0.0410562
-0.0425018
-0.0280555
-0.0278866
-0.0278439
-0.0279261
-0.0281398
-0.0285062
-0.0290429
-0.0297631
-0.0306772
-0.0317935
-0.0331188
-0.0346587
-0.036417
-0.0383956
-0.0405934
-0.0430059
-0.0456243
-0.048435
-0.0514198
-0.0545558
-0.0578163
-0.0611711
-0.0645878
-0.0680329
-0.0714729
-0.0748752
-0.0782094
-0.0814477
-0.0845657
-0.0875422
-0.0903598
-0.0930043
-0.0954649
-0.0977334
-0.0998038
-0.101672
-0.103336
-0.104795
-0.106048
-0.107094
-0.107936
-0.108574
-0.10901
-0.109245
-0.109282
-0.109124
-0.108774
-0.108236
-0.107516
-0.10662
-0.105555
-0.104328
-0.10295
-0.101429
-0.0997774
-0.098005
-0.096123
-0.0941412
-0.0920681
-0.0899097
-0.0876685
-0.0853421
-0.0829226
-0.0803955
-0.0777392
-0.0749259
-0.0719243
-0.0687044
-0.0652474
-0.0615597
-0.0576917
-0.0537564
-0.0499418
-0.0465016
-0.0437169
-0.0418227
-0.0409164
-0.0409162
-0.0417065
-0.0431839
-0.0288113
-0.0286188
-0.0285547
-0.0286148
-0.0288036
-0.029142
-0.0296474
-0.0303331
-0.0312094
-0.0322847
-0.0335658
-0.0350581
-0.0367656
-0.0386903
-0.0408316
-0.0431854
-0.0457437
-0.048494
-0.051419
-0.0544969
-0.0577021
-0.0610055
-0.0643756
-0.0677796
-0.0711845
-0.0745583
-0.0778704
-0.0810931
-0.0842015
-0.087174
-0.0899925
-0.0926422
-0.0951114
-0.097391
-0.0994745
-0.101357
-0.103036
-0.104509
-0.105775
-0.106834
-0.107687
-0.108333
-0.108775
-0.109014
-0.109052
-0.108892
-0.108538
-0.107993
-0.107263
-0.106355
-0.105275
-0.104032
-0.102635
-0.101096
-0.0994253
-0.0976347
-0.0957363
-0.0937414
-0.0916601
-0.0895003
-0.0872666
-0.0849594
-0.0825733
-0.0800966
-0.0775105
-0.0747892
-0.071902
-0.0688174
-0.0655111
-0.0619794
-0.0582568
-0.0544371
-0.0506885
-0.0472528
-0.0444138
-0.0424279
-0.0414266
-0.0413592
-0.0421296
-0.043637
-0.029488
-0.0292747
-0.0291906
-0.0292286
-0.0293909
-0.0296982
-0.0301679
-0.0308134
-0.031645
-0.0326714
-0.0338996
-0.0353351
-0.0369823
-0.0388435
-0.0409185
-0.0432041
-0.045693
-0.0483739
-0.0512306
-0.0542428
-0.0573858
-0.0606317
-0.06395
-0.0673088
-0.0706756
-0.0740187
-0.0773075
-0.0805142
-0.0836133
-0.0865829
-0.0894039
-0.0920608
-0.094541
-0.0968345
-0.0989338
-0.100833
-0.10253
-0.104019
-0.105302
-0.106375
-0.10724
-0.107897
-0.108347
-0.108591
-0.108631
-0.10847
-0.108111
-0.10756
-0.10682
-0.105898
-0.104803
-0.103542
-0.102126
-0.100566
-0.0988732
-0.0970611
-0.0951423
-0.0931295
-0.0910342
-0.0888661
-0.0866319
-0.0843341
-0.0819701
-0.079531
-0.0770006
-0.0743558
-0.0715672
-0.0686028
-0.0654349
-0.0620516
-0.0584742
-0.054778
-0.0511113
-0.0477009
-0.0448283
-0.0427666
-0.0416783
-0.0415459
-0.0422956
-0.043832
-0.0300863
-0.0298556
-0.029753
-0.0297689
-0.0299035
-0.030177
-0.0306067
-0.0312061
-0.0319861
-0.0329556
-0.0341221
-0.0354915
-0.0370687
-0.0388564
-0.0408553
-0.043063
-0.0454733
-0.0480759
-0.0508562
-0.053795
-0.0568691
-0.0600516
-0.0633132
-0.0666228
-0.0699484
-0.0732585
-0.0765228
-0.0797129
-0.0828031
-0.0857706
-0.0885957
-0.0912617
-0.0937551
-0.096065
-0.0981829
-0.100102
-0.101819
-0.103328
-0.104629
-0.10572
-0.1066
-0.107269
-0.107728
-0.107978
-0.108021
-0.10786
-0.107498
-0.106939
-0.106189
-0.105254
-0.104143
-0.102863
-0.101426
-0.0998423
-0.0981257
-0.096289
-0.0943462
-0.092311
-0.0901963
-0.0880134
-0.0857707
-0.0834731
-0.0811203
-0.078706
-0.076217
-0.0736326
-0.0709255
-0.0680643
-0.0650193
-0.0617726
-0.0583343
-0.0547632
-0.0511881
-0.0478187
-0.0449303
-0.0428071
-0.04164
-0.0414449
-0.0421739
-0.0437392
-0.0306082
-0.0303634
-0.0302442
-0.0302384
-0.0303443
-0.0305814
-0.030967
-0.0315147
-0.032236
-0.0331404
-0.0342361
-0.0355298
-0.037027
-0.0387313
-0.0406442
-0.0427643
-0.0450867
-0.0476025
-0.0502983
-0.0531563
-0.0561548
-0.0592683
-0.0624683
-0.0657246
-0.0690059
-0.0722809
-0.0755192
-0.0786922
-0.0817737
-0.0847399
-0.0875703
-0.0902473
-0.0927562
-0.0950849
-0.097224
-0.099166
-0.100905
-0.102437
-0.103759
-0.10487
-0.105767
-0.10645
-0.106921
-0.107179
-0.107227
-0.107066
-0.106701
-0.106136
-0.105376
-0.104428
-0.103299
-0.101999
-0.10054
-0.0989317
-0.0971887
-0.0953247
-0.0933545
-0.0912927
-0.0891534
-0.0869493
-0.0846907
-0.0823842
-0.0800318
-0.0776298
-0.0751676
-0.0726272
-0.0699837
-0.067207
-0.0642667
-0.0611406
-0.0578301
-0.0543795
-0.0508992
-0.0475808
-0.04469
-0.0425176
-0.0412792
-0.0410239
-0.0417323
-0.0433274
-0.0310564
-0.0308012
-0.0306673
-0.0306405
-0.030717
-0.0309154
-0.0312529
-0.0317432
-0.0323986
-0.0332296
-0.0342453
-0.0354535
-0.0368605
-0.0384712
-0.0402881
-0.0423111
-0.0445364
-0.0469567
-0.0495601
-0.0523302
-0.0552468
-0.0582856
-0.0614193
-0.0646185
-0.0678524
-0.0710901
-0.074301
-0.0774563
-0.0805289
-0.0834945
-0.0863315
-0.0890212
-0.0915476
-0.0938976
-0.0960605
-0.0980277
-0.0997926
-0.10135
-0.102696
-0.103829
-0.104746
-0.105446
-0.10593
-0.106198
-0.106252
-0.106094
-0.105727
-0.105156
-0.104386
-0.103424
-0.102279
-0.100959
-0.0994753
-0.0978412
-0.0960699
-0.0941761
-0.0921752
-0.0900828
-0.087914
-0.0856827
-0.0834007
-0.0810764
-0.0787139
-0.0763116
-0.0738616
-0.0713484
-0.0687497
-0.0660372
-0.0631808
-0.0601559
-0.0569568
-0.053616
-0.050227
-0.0469634
-0.0440788
-0.0418664
-0.0405625
-0.0402488
-0.0409372
-0.0425641
-0.0314345
-0.0311726
-0.0310264
-0.0309794
-0.0310261
-0.0311838
-0.0314692
-0.0318966
-0.032479
-0.033228
-0.0341542
-0.0352667
-0.0365732
-0.03808
-0.0397908
-0.0417069
-0.0438262
-0.0461426
-0.0486458
-0.0513212
-0.0541497
-0.0571084
-0.0601713
-0.0633097
-0.0664933
-0.0696914
-0.0728736
-0.0760103
-0.0790741
-0.0820397
-0.0848843
-0.0875881
-0.0901341
-0.0925076
-0.0946969
-0.0966922
-0.0984857
-0.100071
-0.101445
-0.102602
-0.103541
-0.104261
-0.104761
-0.105041
-0.105103
-0.104949
-0.104582
-0.104006
-0.103227
-0.102252
-0.10109
-0.0997488
-0.0982414
-0.09658
-0.0947787
-0.0928528
-0.0908182
-0.0886914
-0.0864883
-0.0842239
-0.0819113
-0.0795604
-0.0771771
-0.0747618
-0.0723089
-0.0698057
-0.0672321
-0.0645621
-0.0617666
-0.0588198
-0.0557112
-0.0524636
-0.0491556
-0.0459438
-0.0430681
-0.0408208
-0.0394552
-0.0390841
-0.0397529
-0.0414143
-0.0317468
-0.031482
-0.031326
-0.03126
-0.0312767
-0.0313918
-0.0316215
-0.0319803
-0.0324823
-0.0331407
-0.0339676
-0.0349741
-0.0361696
-0.0375619
-0.0391564
-0.0409561
-0.0429603
-0.0451647
-0.0475604
-0.0501344
-0.0528691
-0.0557428
-0.0587307
-0.0618047
-0.0649353
-0.0680919
-0.0712438
-0.0743613
-0.0774162
-0.0803821
-0.0832353
-0.0859548
-0.088522
-0.0909213
-0.0931395
-0.0951655
-0.0969905
-0.0986074
-0.100011
-0.101196
-0.102161
-0.102903
-0.103421
-0.103716
-0.103788
-0.103639
-0.103274
-0.102695
-0.101908
-0.100921
-0.099742
-0.0983807
-0.0968487
-0.0951592
-0.0933266
-0.0913666
-0.0892956
-0.0871307
-0.0848887
-0.0825854
-0.0802349
-0.0778485
-0.0754335
-0.0729923
-0.0705212
-0.0680097
-0.0654405
-0.0627898
-0.0600299
-0.0571349
-0.0540914
-0.0509144
-0.0476703
-0.0444999
-0.0416294
-0.0393474
-0.0379206
-0.0374912
-0.0381406
-0.0398404
-0.0319979
-0.0317344
-0.0315713
-0.0314878
-0.0314744
-0.0315452
-0.0317155
-0.0320001
-0.0324143
-0.0329732
-0.0336909
-0.0345808
-0.0356544
-0.0369216
-0.0383898
-0.0400635
-0.041944
-0.0440284
-0.0463096
-0.0487761
-0.0514116
-0.0541958
-0.0571048
-0.0601114
-0.0631865
-0.0662997
-0.0694202
-0.0725178
-0.0755635
-0.0785302
-0.0813929
-0.0841293
-0.0867197
-0.0891468
-0.0913963
-0.0934557
-0.0953151
-0.0969662
-0.0984026
-0.0996192
-0.100612
-0.101379
-0.101919
-0.102231
-0.102316
-0.102176
-0.101813
-0.101233
-0.100441
-0.0994427
-0.098248
-0.0968666
-0.0953103
-0.0935923
-0.0917273
-0.0897315
-0.0876216
-0.0854152
-0.0831297
-0.0807817
-0.078386
-0.0759549
-0.0734971
-0.0710165
-0.068511
-0.0659725
-0.0633857
-0.0607291
-0.0579771
-0.0551044
-0.0520959
-0.0489611
-0.0457567
-0.0426096
-0.0397332
-0.0374108
-0.0359192
-0.0354284
-0.0360577
-0.0378008
-0.0321934
-0.0319354
-0.031768
-0.0316686
-0.0316254
-0.0316502
-0.0317574
-0.0319621
-0.0322809
-0.0327311
-0.0333295
-0.0340919
-0.0350328
-0.0361642
-0.0374958
-0.0390343
-0.0407825
-0.0427396
-0.0448999
-0.0472532
-0.0497849
-0.0524756
-0.0553025
-0.058239
-0.0612566
-0.0643248
-0.0674129
-0.07049
-0.0735266
-0.0764944
-0.0793675
-0.0821221
-0.0847372
-0.0871943
-0.0894773
-0.0915728
-0.0934694
-0.0951578
-0.0966303
-0.0978813
-0.0989061
-0.0997015
-0.100266
-0.100598
-0.100699
-0.10057
-0.100213
-0.0996342
-0.0988375
-0.0978305
-0.0966217
-0.0952213
-0.0936412
-0.0918947
-0.0899969
-0.0879639
-0.0858129
-0.0835619
-0.0812284
-0.0788297
-0.0763812
-0.0738961
-0.0713838
-0.0688495
-0.0662927
-0.0637069
-0.0610789
-0.0583895
-0.055615
-0.0527315
-0.0497232
-0.0465964
-0.0434001
-0.0402502
-0.0373485
-0.0349729
-0.033408
-0.0328495
-0.0334568
-0.0352487
-0.0323388
-0.0320909
-0.0319224
-0.0318089
-0.031736
-0.0317131
-0.0317534
-0.0318722
-0.0320878
-0.0324199
-0.0328885
-0.0335125
-0.0343095
-0.0352945
-0.0364797
-0.0378739
-0.039482
-0.0413048
-0.0433383
-0.0455737
-0.0479975
-0.0505916
-0.0533337
-0.0561982
-0.0591567
-0.062179
-0.0652339
-0.0682904
-0.0713179
-0.0742874
-0.0771717
-0.0799458
-0.0825873
-0.0850761
-0.0873951
-0.0895291
-0.0914657
-0.0931943
-0.0947063
-0.0959949
-0.0970547
-0.097882
-0.0984743
-0.0988303
-0.0989501
-0.0988351
-0.0984879
-0.0979125
-0.0971144
-0.0961005
-0.0948796
-0.0934618
-0.0918589
-0.0900845
-0.0881537
-0.0860826
-0.0838887
-0.0815899
-0.0792041
-0.0767488
-0.0742397
-0.0716905
-0.0691113
-0.0665082
-0.0638819
-0.0612271
-0.0585325
-0.0557809
-0.0529505
-0.0500191
-0.0469715
-0.043812
-0.0405846
-0.037397
-0.0344416
-0.0319918
-0.030339
-0.0297024
-0.0302838
-0.0321308
-0.0324401
-0.0322072
-0.0320411
-0.0319153
-0.031813
-0.0317406
-0.0317097
-0.0317363
-0.0318404
-0.0320447
-0.0323727
-0.0328473
-0.0334894
-0.0343175
-0.0353467
-0.0365881
-0.0380488
-0.0397312
-0.0416329
-0.0437464
-0.0460593
-0.0485544
-0.0512101
-0.0540013
-0.0568999
-0.0598757
-0.0628974
-0.0659333
-0.0689522
-0.071924
-0.0748204
-0.0776153
-0.0802846
-0.0828072
-0.0851642
-0.0873393
-0.0893186
-0.0910904
-0.092645
-0.0939746
-0.095073
-0.0959357
-0.0965595
-0.0969429
-0.0970854
-0.0969881
-0.0966534
-0.0960851
-0.0952887
-0.0942709
-0.0930404
-0.0916072
-0.0899833
-0.0881821
-0.0862185
-0.0841089
-0.0818704
-0.0795209
-0.0770785
-0.0745604
-0.0719825
-0.0693587
-0.0666995
-0.0640113
-0.0612956
-0.0585483
-0.0557593
-0.052913
-0.0499898
-0.0469692
-0.0438371
-0.0405976
-0.0372919
-0.0340221
-0.0309747
-0.0284206
-0.0266577
-0.0259273
-0.0264765
-0.0283857
-0.0325037
-0.0322913
-0.0321312
-0.0319951
-0.0318633
-0.031739
-0.0316324
-0.0315599
-0.0315437
-0.03161
-0.0317866
-0.0321004
-0.0325768
-0.0332379
-0.0341018
-0.0351826
-0.0364894
-0.0380263
-0.0397924
-0.0417811
-0.0439811
-0.0463759
-0.0489445
-0.0516621
-0.0545009
-0.0574305
-0.0604194
-0.0634353
-0.0664462
-0.0694213
-0.072331
-0.0751479
-0.0778467
-0.0804048
-0.0828019
-0.0850205
-0.0870452
-0.0888632
-0.0904635
-0.0918375
-0.092978
-0.0938798
-0.0945391
-0.0949536
-0.0951228
-0.0950471
-0.0947288
-0.0941714
-0.0933802
-0.0923619
-0.0911249
-0.0896791
-0.0880364
-0.0862099
-0.0842145
-0.0820661
-0.0797817
-0.077379
-0.0748754
-0.0722882
-0.069633
-0.0669233
-0.0641697
-0.0613787
-0.058552
-0.0556863
-0.0527722
-0.0497956
-0.0467383
-0.0435821
-0.0403143
-0.0369402
-0.0334999
-0.0300934
-0.0269045
-0.0242052
-0.0223011
-0.0214552
-0.0219623
-0.023941
-0.0325361
-0.0323504
-0.0322005
-0.0320558
-0.0318942
-0.031715
-0.0315271
-0.0313477
-0.0312018
-0.0311195
-0.0311333
-0.0312753
-0.0315753
-0.0320598
-0.0327503
-0.0336636
-0.0348111
-0.0361985
-0.0378261
-0.0396886
-0.041775
-0.0440695
-0.0465515
-0.0491965
-0.0519764
-0.0548609
-0.0578181
-0.0608152
-0.0638194
-0.066799
-0.0697232
-0.0725636
-0.0752935
-0.0778889
-0.0803283
-0.0825926
-0.0846653
-0.0865322
-0.0881814
-0.0896031
-0.0907893
-0.0917339
-0.0924326
-0.0928825
-0.0930824
-0.0930326
-0.0927349
-0.0921927
-0.0914108
-0.0903959
-0.089156
-0.0877009
-0.0860421
-0.0841925
-0.0821665
-0.0799796
-0.0776483
-0.0751897
-0.0726207
-0.0699577
-0.067216
-0.0644083
-0.0615448
-0.0586315
-0.0556702
-0.0526574
-0.0495843
-0.0464374
-0.0432001
-0.0398559
-0.0363942
-0.0328223
-0.0291815
-0.0255723
-0.0221802
-0.0192823
-0.0171957
-0.0162048
-0.0166556
-0.0187117
-0.0325442
-0.0323926
-0.0322574
-0.0321058
-0.0319132
-0.0316751
-0.0313993
-0.0311041
-0.030818
-0.0305758
-0.0304154
-0.0303745
-0.0304881
-0.0307871
-0.0312969
-0.0320371
-0.0330213
-0.0342568
-0.0357448
-0.0374809
-0.0394545
-0.0416502
-0.0440475
-0.0466217
-0.049345
-0.0521865
-0.055114
-0.058094
-0.0610933
-0.0640789
-0.0670194
-0.0698848
-0.0726475
-0.075282
-0.0777656
-0.0800778
-0.082201
-0.0841196
-0.0858207
-0.0872933
-0.0885288
-0.0895201
-0.0902622
-0.0907516
-0.0909867
-0.0909673
-0.0906948
-0.0901723
-0.0894043
-0.088397
-0.0871584
-0.0856978
-0.0840262
-0.082156
-0.0801011
-0.0778762
-0.0754972
-0.0729801
-0.0703411
-0.0675955
-0.0647574
-0.0618386
-0.0588483
-0.0557917
-0.0526695
-0.0494779
-0.0462079
-0.0428463
-0.0393772
-0.0357856
-0.0320637
-0.0282213
-0.0243029
-0.0204124
-0.016741
-0.0135771
-0.0112541
-0.0100797
-0.0104544
-0.0125958
-0.0325357
-0.0324271
-0.0323116
-0.0321544
-0.0319285
-0.031626
-0.0312537
-0.0308324
-0.0303944
-0.0299803
-0.0296341
-0.0293996
-0.0293175
-0.0294234
-0.0297466
-0.0303097
-0.0311283
-0.0322111
-0.0335602
-0.0351715
-0.0370349
-0.0391347
-0.0414505
-0.0439574
-0.0466272
-0.0494288
-0.0523294
-0.0552951
-0.0582916
-0.0612855
-0.064244
-0.0671363
-0.0699335
-0.0726091
-0.0751387
-0.077501
-0.0796769
-0.0816498
-0.0834056
-0.0849325
-0.0862206
-0.0872623
-0.0880519
-0.0885851
-0.0888599
-0.0888755
-0.088633
-0.088135
-0.0873857
-0.086391
-0.0851581
-0.0836961
-0.0820152
-0.0801274
-0.0780455
-0.0757834
-0.073356
-0.070778
-0.0680641
-0.0652285
-0.0622835
-0.0592396
-0.0561041
-0.0528808
-0.0495691
-0.0461636
-0.0426546
-0.0390281
-0.0352688
-0.0313628
-0.0273047
-0.0231078
-0.0188218
-0.0145569
-0.0105142
-0.00700002
-0.00437189
-0.00296422
-0.00323608
-0.00547118
-0.0325189
-0.0324647
-0.0323746
-0.0322123
-0.0319491
-0.0315744
-0.0310951
-0.030535
-0.0299321
-0.0293333
-0.0287896
-0.0283514
-0.0280653
-0.027972
-0.0281046
-0.0284885
-0.0291412
-0.0300725
-0.0312853
-0.0327754
-0.0345328
-0.0365414
-0.0387805
-0.0412248
-0.0438457
-0.0466116
-0.0494891
-0.0524437
-0.0554406
-0.0584451
-0.061424
-0.0643452
-0.0671788
-0.0698971
-0.0724748
-0.0748891
-0.0771199
-0.0791495
-0.0809627
-0.0825467
-0.0838908
-0.0849866
-0.0858275
-0.0864088
-0.0867277
-0.0867831
-0.0865755
-0.086107
-0.0853814
-0.084404
-0.0831816
-0.0817225
-0.0800362
-0.0781338
-0.076027
-0.0737286
-0.0712519
-0.0686103
-0.0658167
-0.0628831
-0.05982
-0.0566357
-0.0533352
-0.0499199
-0.046387
-0.042729
-0.038934
-0.0349869
-0.0308714
-0.0265745
-0.0220932
-0.0174451
-0.0126863
-0.00793666
-0.00341171
0.000557004
0.00357748
0.0052818
0.00514794
0.00281025
-0.0325034
-0.0325194
-0.0324606
-0.0322922
-0.0319853
-0.0315276
-0.0309275
-0.0302138
-0.0294312
-0.0286341
-0.0278812
-0.0272299
-0.0267331
-0.0264363
-0.0263764
-0.0265814
-0.0270703
-0.0278539
-0.028935
-0.0303097
-0.0319671
-0.0338909
-0.0360596
-0.0384475
-0.0410252
-0.0437607
-0.0466198
-0.0495674
-0.052568
-0.0555863
-0.0585881
-0.0615404
-0.0644124
-0.0671753
-0.0698028
-0.072271
-0.0745586
-0.076647
-0.07852
-0.0801639
-0.081567
-0.0827202
-0.0836161
-0.0842495
-0.0846169
-0.0847166
-0.0845486
-0.0841146
-0.0834176
-0.0824624
-0.0812551
-0.0798032
-0.0781153
-0.0762012
-0.0740716
-0.0717376
-0.0692107
-0.0665025
-0.0636236
-0.0605837
-0.0573906
-0.0540495
-0.0505626
-0.0469281
-0.0431397
-0.0391867
-0.035054
-0.0307238
-0.0261782
-0.0214038
-0.0163996
-0.0111882
-0.00583411
-0.000468005
0.00467285
0.00922451
0.0127478
0.0148298
0.0148796
0.0124299
-0.0325042
-0.0326085
-0.0325879
-0.0324101
-0.0320496
-0.0314939
-0.0307554
-0.0298701
-0.0288909
-0.027881
-0.0269075
-0.0260351
-0.0253227
-0.0248205
-0.0245688
-0.0245978
-0.0249277
-0.0255696
-0.0265264
-0.0277933
-0.0293589
-0.031206
-0.0333123
-0.0356512
-0.0381926
-0.0409037
-0.0437499
-0.0466953
-0.0497038
-0.0527392
-0.0557667
-0.0587526
-0.061665
-0.0644743
-0.0671532
-0.0696768
-0.072023
-0.0741721
-0.076107
-0.077813
-0.0792778
-0.0804913
-0.0814456
-0.0821346
-0.0825544
-0.0827027
-0.0825787
-0.0821836
-0.0815198
-0.0805913
-0.0794034
-0.0779626
-0.0762765
-0.0743534
-0.0722025
-0.0698332
-0.0672549
-0.0644767
-0.0615067
-0.0583515
-0.0550156
-0.0515006
-0.0478047
-0.0439217
-0.039841
-0.0355469
-0.0310198
-0.0262377
-0.0211793
-0.0158297
-0.010189
-0.00428516
0.00180722
0.00794858
0.0138662
0.0191596
0.0233267
0.0258918
0.0261845
0.0236138
-0.0325393
-0.032757
-0.0327816
-0.0325874
-0.0321576
-0.0314832
-0.0305838
-0.0295051
-0.0283103
-0.0270723
-0.0258673
-0.0247672
-0.0238365
-0.0231298
-0.0226901
-0.0225491
-0.0227277
-0.0232369
-0.0240788
-0.0252479
-0.0267317
-0.0285118
-0.0305649
-0.0328635
-0.0353765
-0.0380704
-0.0409099
-0.0438584
-0.0468791
-0.0499355
-0.0529917
-0.0560135
-0.0589683
-0.0618257
-0.0645574
-0.0671378
-0.0695438
-0.071755
-0.0737533
-0.0755232
-0.0770517
-0.0783279
-0.0793431
-0.0800908
-0.0805663
-0.0807665
-0.0806902
-0.0803378
-0.079711
-0.078813
-0.0776481
-0.0762217
-0.0745399
-0.0726098
-0.0704387
-0.0680338
-0.0654022
-0.0625502
-0.0594828
-0.0562029
-0.0527109
-0.0490042
-0.0450756
-0.0409136
-0.0365014
-0.0318172
-0.0268348
-0.0215257
-0.0158633
-0.00982905
-0.00342276
0.00332336
0.0103252
0.0174194
0.0243146
0.0305495
0.0355436
0.0387324
0.0393467
0.0366498
-0.0326367
-0.0330015
-0.0330771
-0.0328529
-0.0323301
-0.0315086
-0.0304193
-0.029121
-0.0276895
-0.0262069
-0.0247606
-0.0234282
-0.0222794
-0.0213722
-0.0207514
-0.0204496
-0.0204876
-0.0208756
-0.0216148
-0.0226981
-0.0241118
-0.0258362
-0.0278466
-0.0301144
-0.0326077
-0.0352921
-0.0381314
-0.0410887
-0.0441264
-0.0472074
-0.0502955
-0.0533556
-0.0563546
-0.0592613
-0.0620469
-0.0646849
-0.0671516
-0.0694255
-0.071488
-0.0733228
-0.0749162
-0.0762565
-0.0773344
-0.0781427
-0.0786759
-0.0789305
-0.0789045
-0.0785975
-0.0780104
-0.0771455
-0.076006
-0.074596
-0.0729204
-0.0709843
-0.068793
-0.0663516
-0.0636642
-0.0607341
-0.0575624
-0.0541481
-0.0504866
-0.0465698
-0.0423845
-0.0379122
-0.0331284
-0.0280029
-0.0225007
-0.0165844
-0.0102191
-0.00337975
0.00393674
0.0116956
0.0198021
0.0280711
0.0361846
0.0436134
0.0496768
0.0536838
0.05473
0.0519163
-0.0328412
-0.0333969
-0.0335257
-0.0332473
-0.0325961
-0.0315884
-0.0302723
-0.0287226
-0.0270294
-0.0252876
-0.0235904
-0.0220233
-0.0206595
-0.0195591
-0.0187677
-0.0183175
-0.0182285
-0.0185095
-0.0191601
-0.0201715
-0.0215283
-0.0232093
-0.0251884
-0.0274357
-0.0299184
-0.0326012
-0.0354472
-0.0384189
-0.0414783
-0.0445877
-0.0477103
-0.0508108
-0.0538553
-0.0568123
-0.0596521
-0.0623479
-0.064875
-0.0672116
-0.0693381
-0.0712377
-0.0728959
-0.0743005
-0.0754415
-0.0763109
-0.0769027
-0.0772125
-0.0772378
-0.0769774
-0.0764312
-0.0756005
-0.0744875
-0.0730948
-0.0714256
-0.0694834
-0.0672711
-0.0647913
-0.062045
-0.0590319
-0.0557491
-0.0521906
-0.0483464
-0.0442017
-0.039736
-0.0349223
-0.0297266
-0.0241081
-0.0180201
-0.0114132
-0.00424043
0.00353371
0.0119195
0.020883
0.0303215
0.0400297
0.0496492
0.0585978
0.0660573
0.0711614
0.0728066
0.0699273
-0.0332264
-0.0340287
-0.0342039
-0.0338292
-0.0329963
-0.0317493
-0.030159
-0.0283202
-0.0263383
-0.0243195
-0.0223644
-0.0205627
-0.0189902
-0.0177072
-0.0167587
-0.0161756
-0.0159759
-0.0161663
-0.0167443
-0.017699
-0.0190131
-0.0206637
-0.0226232
-0.0248605
-0.0273417
-0.0300307
-0.0328901
-0.0358816
-0.0389668
-0.0421077
-0.0452671
-0.0484092
-0.0514999
-0.054507
-0.0574006
-0.0601531
-0.0627395
-0.0651372
-0.0673263
-0.0692891
-0.0710106
-0.0724781
-0.0736807
-0.07461
-0.0752593
-0.0756236
-0.0756995
-0.0754849
-0.074979
-0.0741821
-0.0730948
-0.0717186
-0.0700551
-0.0681054
-0.0658704
-0.0633495
-0.0605408
-0.0574399
-0.0540392
-0.0503273
-0.0462879
-0.0418987
-0.0371305
-0.0319462
-0.0263003
-0.0201388
-0.0134004
-0.00601961
0.00206704
0.010911
0.020536
0.0309155
0.041944
0.0533996
0.0648871
0.0757617
0.0850675
0.0916796
0.0941968
0.0914022
-0.0339169
-0.0350329
-0.0352274
-0.0346842
-0.0335903
-0.032031
-0.030106
-0.0279325
-0.0256311
-0.0233177
-0.0210982
-0.0190646
-0.0172922
-0.0158402
-0.014751
-0.0140527
-0.0137605
-0.0138782
-0.0144005
-0.0153145
-0.0166004
-0.0182336
-0.020185
-0.0224223
-0.0249105
-0.0276129
-0.0304913
-0.033507
-0.0366212
-0.0397957
-0.042993
-0.046177
-0.0493132
-0.0523691
-0.0553145
-0.0581213
-0.0607642
-0.06322
-0.0654683
-0.067491
-0.0692725
-0.0707994
-0.0720605
-0.0730466
-0.0737504
-0.0741663
-0.07429
-0.0741189
-0.073651
-0.0728855
-0.0718219
-0.0704602
-0.0688001
-0.0668408
-0.0645804
-0.0620157
-0.0591409
-0.0559476
-0.052423
-0.0485498
-0.0443047
-0.0396568
-0.0345672
-0.028987
-0.0228572
-0.0161079
-0.00865988
-0.000427438
0.00867515
0.0187224
0.0297601
0.0417795
0.0546838
0.0682439
0.0820374
0.095354
0.107127
0.115864
0.119728
0.117374
-0.0351296
-0.0366285
-0.0367718
-0.0359371
-0.0344637
-0.0324924
-0.0301552
-0.0275916
-0.0249352
-0.0223082
-0.0198186
-0.017557
-0.015596
-0.0139903
-0.0127783
-0.0119839
-0.011618
-0.0116812
-0.012165
-0.0130535
-0.014325
-0.0159528
-0.0179065
-0.0201525
-0.0226549
-0.0253762
-0.0282778
-0.0313206
-0.0344656
-0.0376742
-0.0409087
-0.044133
-0.0473123
-0.050414
-0.0534075
-0.0562645
-0.0589592
-0.0614682
-0.0637706
-0.065848
-0.0676842
-0.0692653
-0.0705797
-0.0716176
-0.0723712
-0.072834
-0.0730014
-0.0728695
-0.0724359
-0.0716983
-0.0706552
-0.069305
-0.0676455
-0.0656738
-0.0633855
-0.0607742
-0.0578305
-0.0545412
-0.0508885
-0.0468486
-0.0423903
-0.0374738
-0.0320491
-0.0260544
-0.0194151
-0.0120432
-0.00383805
0.00531092
0.0155179
0.026889
0.0395038
0.0533867
0.0684678
0.0845319
0.10115
0.117575
0.132628
0.144454
0.150522
0.149353
-0.0372527
-0.0391727
-0.0391014
-0.0377653
-0.0357349
-0.0332149
-0.0303659
-0.0273445
-0.0242914
-0.0213296
-0.0185637
-0.0160787
-0.0139405
-0.0121972
-0.0108806
-0.0100087
-0.00958756
-0.00961332
-0.010074
-0.0109508
-0.0122197
-0.0138522
-0.0158163
-0.0180774
-0.0205988
-0.0233423
-0.026269
-0.0293395
-0.0325146
-0.0357556
-0.0390248
-0.0422858
-0.0455039
-0.0486463
-0.0516823
-0.0545834
-0.0573235
-0.0598791
-0.0622289
-0.064354
-0.0662381
-0.0678667
-0.0692279
-0.0703113
-0.0711085
-0.0716127
-0.0718183
-0.0717209
-0.0713169
-0.0706032
-0.069577
-0.068235
-0.0665734
-0.064587
-0.0622689
-0.0596094
-0.0565953
-0.0532089
-0.0494267
-0.0452184
-0.0405446
-0.0353559
-0.0295907
-0.0231732
-0.016012
-0.00799884
0.000991244
0.0110981
0.022471
0.0352575
0.0495852
0.0655318
0.0830822
0.10207
0.122101
0.142439
0.161846
0.178224
0.188029
0.189488
-0.0410056
-0.0432507
-0.0425955
-0.0403977
-0.0375458
-0.0342899
-0.0308008
-0.0272387
-0.0237402
-0.0204196
-0.0173706
-0.0146671
-0.0123638
-0.0104987
-0.00909496
-0.00816311
-0.00770318
-0.00770644
-0.00815699
-0.00903312
-0.0103084
-0.0119525
-0.0139321
-0.0162117
-0.0187539
-0.0215202
-0.0244711
-0.0275673
-0.0307694
-0.0340388
-0.0373378
-0.04063
-0.0438808
-0.0470573
-0.0501287
-0.0530665
-0.0558446
-0.058439
-0.0608284
-0.0629937
-0.0649181
-0.066587
-0.067988
-0.0691102
-0.0699449
-0.0704846
-0.0707232
-0.0706555
-0.070277
-0.0695836
-0.0685712
-0.0672352
-0.0655699
-0.063568
-0.0612197
-0.0585126
-0.0554297
-0.0519484
-0.04804
-0.0436672
-0.0387828
-0.0333278
-0.0272285
-0.0203951
-0.0127187
-0.00406981
0.00570298
0.0167722
0.0293282
0.04357
0.0596895
0.0778433
0.0981087
0.120421
0.144483
0.169657
0.1948
0.217699
0.233813
0.240485
-0.0477751
-0.049809
-0.0477312
-0.0440542
-0.0399913
-0.0357469
-0.0314565
-0.0272575
-0.023263
-0.0195636
-0.0162313
-0.0133204
-0.0108694
-0.00890239
-0.00743139
-0.00645815
-0.00597585
-0.00597051
-0.00642228
-0.00730649
-0.0085945
-0.0102545
-0.0122521
-0.014551
-0.0171132
-0.0199001
-0.0228722
-0.02599
-0.0292143
-0.0325066
-0.0358292
-0.0391461
-0.0424225
-0.0456259
-0.0487253
-0.0516924
-0.0545008
-0.0571267
-0.0595485
-0.061747
-0.063705
-0.0654078
-0.0668425
-0.0679981
-0.0688652
-0.0694359
-0.0697035
-0.0696621
-0.0693064
-0.0686314
-0.0676318
-0.0663014
-0.0646329
-0.0626172
-0.0602416
-0.057491
-0.0543448
-0.0507762
-0.046751
-0.0422259
-0.037146
-0.0314429
-0.0250322
-0.0178102
-0.00965125
-0.000404902
0.0101068
0.0220906
0.0357816
0.0514393
0.069336
0.0897368
0.112861
0.138819
0.167521
0.198552
0.231059
0.262949
0.289141
0.305474
-0.0603861
-0.0603207
-0.0549678
-0.0487869
-0.0429484
-0.0373834
-0.0321071
-0.0271851
-0.0226709
-0.0186053
-0.0150213
-0.0119424
-0.00938388
-0.00735246
-0.00584721
-0.00486042
-0.00437837
-0.00438219
-0.00484859
-0.0057505
-0.00705771
-0.00873734
-0.0107544
-0.0130722
-0.0156528
-0.0184574
-0.0214468
-0.0245817
-0.0278231
-0.0311328
-0.0344734
-0.0378089
-0.041105
-0.0443292
-0.0474507
-0.0504411
-0.0532743
-0.0559262
-0.0583752
-0.0606018
-0.0625889
-0.0643215
-0.0657862
-0.0669718
-0.0678686
-0.0684681
-0.068763
-0.0687469
-0.0684136
-0.0677575
-0.066772
-0.0654498
-0.0637817
-0.0617562
-0.0593607
-0.0565756
-0.0533771
-0.0497351
-0.045611
-0.0409557
-0.0357079
-0.0297913
-0.0231116
-0.0155534
-0.00697649
0.00278842
0.0139434
0.0267274
0.0414203
0.0583445
0.0778648
0.100382
0.126316
0.156062
0.189911
0.227918
0.269758
0.313884
0.35534
0.390441
-0.0853534
-0.0765745
-0.0642322
-0.0539772
-0.0455773
-0.0383386
-0.0319844
-0.0263851
-0.0214573
-0.0171503
-0.0134362
-0.0102984
-0.00772521
-0.00570565
-0.00422716
-0.00327457
-0.00282945
-0.00287006
-0.00337142
-0.00430563
-0.00564211
-0.00734801
-0.00938853
-0.0117273
-0.0143268
-0.0171488
-0.0201543
-0.0233047
-0.0265613
-0.0298862
-0.0332426
-0.0365948
-0.0399086
-0.0431516
-0.0462934
-0.0493057
-0.0521621
-0.0548387
-0.0573138
-0.0595678
-0.0615834
-0.0633452
-0.0648399
-0.0660557
-0.0669825
-0.0676116
-0.0679352
-0.0679462
-0.0676378
-0.0670034
-0.066036
-0.0647281
-0.0630661
-0.0610415
-0.0586369
-0.0558311
-0.0525982
-0.0489053
-0.04471
-0.0399594
-0.0345871
-0.0285108
-0.0216291
-0.0138178
-0.00492549
0.00523103
0.0168725
0.0302637
0.0457213
0.0636237
0.0844237
0.108665
0.137005
0.170235
0.209287
0.255183
0.308824
0.37024
0.436941
0.511856
-0.141176
-0.0974909
-0.0702417
-0.054635
-0.043806
-0.0354099
-0.0286534
-0.0230465
-0.0182729
-0.014173
-0.010675
-0.00774295
-0.00535599
-0.00349988
-0.00216237
-0.00133013
-0.000987213
-0.00111441
-0.00168923
-0.00268595
-0.00407601
-0.00582827
-0.00790942
-0.0102844
-0.0129168
-0.0157691
-0.0188034
-0.0219816
-0.0252657
-0.0286183
-0.0320027
-0.0353837
-0.0387274
-0.0420014
-0.0451755
-0.0482212
-0.0511124
-0.0538249
-0.0563369
-0.0586287
-0.0606828
-0.0624836
-0.0640174
-0.0652724
-0.0662381
-0.0669055
-0.0672664
-0.0673134
-0.0670394
-0.0664361
-0.0654958
-0.0642115
-0.062574
-0.0605662
-0.0581714
-0.0553685
-0.0521301
-0.0484216
-0.0441988
-0.0394064
-0.0339757
-0.0278212
-0.0208378
-0.012897
-0.00384165
0.00651852
0.0184141
0.032124
0.0479866
0.0664147
0.0879197
0.11315
0.142954
0.178506
0.221495
0.274497
0.341337
0.427653
0.541166
0.694451
-0.274469
-0.11348
-0.0553589
-0.0389801
-0.0303091
-0.0236689
-0.0186749
-0.0147346
-0.0113498
-0.00833974
-0.00568672
-0.00341119
-0.00153582
-8.01204e-05
0.000941748
0.00152272
0.00166324
0.00137076
0.000658831
-0.000453679
-0.00194342
-0.00378329
-0.0059431
-0.00839018
-0.01109
-0.0140065
-0.0171029
-0.0203419
-0.0236862
-0.0270988
-0.0305434
-0.033985
-0.0373897
-0.0407252
-0.0439613
-0.0470694
-0.0500231
-0.0527982
-0.0553728
-0.0577268
-0.0598425
-0.0617042
-0.063298
-0.0646118
-0.0656349
-0.0663581
-0.0667731
-0.0668722
-0.0666487
-0.0660963
-0.0652059
-0.0639658
-0.0623685
-0.0603996
-0.0580417
-0.0552735
-0.0520675
-0.0483889
-0.0441938
-0.0394269
-0.0340197
-0.0278872
-0.0209245
-0.0130036
-0.00396804
0.006372
0.0182469
0.0319362
0.0477805
0.0661997
0.0877197
0.113021
0.143022
0.179059
0.223228
0.27933
0.354767
0.46612
0.642647
0.924306
)
;

boundaryField
{
    movingWall
    {
        type            zeroGradient;
    }
    fixedWalls
    {
        type            zeroGradient;
    }
    frontAndBack
    {
        type            empty;
    }
}


// ************************************************************************* //
