/*--------------------------------*- C++ -*----------------------------------*\
  =========                 |
  \\      /  F ield         | OpenFOAM: The Open Source CFD Toolbox
   \\    /   O peration     | Website:  https://openfoam.org
    \\  /    A nd           | Version:  7
     \\/     M anipulation  |
\*---------------------------------------------------------------------------*/
FoamFile
{
    version     2.0;
    format      ascii;
    class       volScalarField;
    location    "3.35";
    object      p;
}
// * * * * * * * * * * * * * * * * * * * * * * * * * * * * * * * * * * * * * //

dimensions      [0 2 -2 0 0 0 0];

internalField   nonuniform List<scalar> 
6400
(
-5.71001e-09
1.5562e-05
5.83214e-06
-3.29938e-05
-9.87052e-05
-0.000187941
-0.000297004
-0.000422504
-0.00056169
-0.000712467
-0.000873315
-0.00104316
-0.00122121
-0.00140689
-0.00159962
-0.00179882
-0.00200373
-0.00221343
-0.00242672
-0.00264212
-0.00285787
-0.00307186
-0.00328168
-0.0034846
-0.00367764
-0.00385755
-0.00402091
-0.00416417
-0.00428376
-0.00437615
-0.00443799
-0.00446624
-0.00445825
-0.00441197
-0.00432605
-0.00419996
-0.00403414
-0.0038301
-0.0035905
-0.00331916
-0.00302112
-0.00270238
-0.00237034
-0.00203306
-0.00169935
-0.00137848
-0.00107994
-0.000813024
-0.000586594
-0.000408672
-0.000286136
-0.000224422
-0.000227274
-0.00029657
-0.000432216
-0.000632134
-0.000892334
-0.00120708
-0.00156925
-0.0019703
-0.00240108
-0.0028519
-0.00331303
-0.00377498
-0.00422889
-0.00466669
-0.00508134
-0.00546689
-0.00581847
-0.00613226
-0.00640535
-0.00663559
-0.00682148
-0.00696204
-0.00705691
-0.00710673
-0.00711417
-0.00708588
-0.00703483
-0.00698007
-1.48151e-05
4.98001e-07
-1.1163e-05
-4.85041e-05
-0.00010839
-0.000188652
-0.000286795
-0.000400316
-0.000527051
-0.000665261
-0.000813605
-0.000971064
-0.00113686
-0.00131036
-0.00149098
-0.00167807
-0.00187093
-0.00206863
-0.00227009
-0.00247394
-0.00267857
-0.00288206
-0.00308223
-0.0032766
-0.00346244
-0.00363678
-0.00379649
-0.0039383
-0.00405888
-0.00415496
-0.0042234
-0.00426131
-0.00426617
-0.00423597
-0.00416936
-0.00406574
-0.00392538
-0.00374955
-0.0035406
-0.00330198
-0.00303825
-0.00275495
-0.00245876
-0.0021572
-0.00185841
-0.00157101
-0.0013038
-0.00106544
-0.000864168
-0.000707457
-0.000601704
-0.000551957
-0.00056168
-0.000632587
-0.00076455
-0.000955592
-0.00120196
-0.00149829
-0.00183784
-0.00221284
-0.00261466
-0.00303439
-0.00346305
-0.00389194
-0.00431293
-0.00471868
-0.00510278
-0.00545987
-0.0057856
-0.0060766
-0.00633043
-0.00654538
-0.00672046
-0.00685529
-0.00695015
-0.00700624
-0.00702641
-0.00701588
-0.00698001
-0.0069252
-3.76943e-06
1.23653e-05
-1.46141e-07
-3.70032e-05
-9.39666e-05
-0.000169146
-0.000260542
-0.000366129
-0.00048414
-0.000613139
-0.000751996
-0.00089984
-0.001056
-0.0012199
-0.00139101
-0.00156877
-0.00175252
-0.00194146
-0.00213457
-0.00233065
-0.00252823
-0.00272555
-0.00292061
-0.00311113
-0.00329455
-0.0034681
-0.00362879
-0.00377352
-0.00389907
-0.00400225
-0.00407998
-0.00412936
-0.00414783
-0.00413329
-0.00408425
-0.00399991
-0.00388033
-0.00372651
-0.00354049
-0.00332539
-0.00308533
-0.00282577
-0.00255286
-0.00227376
-0.0019963
-0.0017288
-0.00147974
-0.00125756
-0.00107026
-0.000925121
-0.000828386
-0.000784989
-0.000798314
-0.000870036
-0.00100002
-0.00118633
-0.00142529
-0.00171165
-0.00203883
-0.00239924
-0.0027846
-0.0031862
-0.00359544
-0.00400399
-0.00440414
-0.00478898
-0.00515255
-0.00548993
-0.00579723
-0.00607154
-0.00631085
-0.0065139
-0.00668012
-0.00680948
-0.00690249
-0.00696024
-0.00698497
-0.0069801
-0.0069443
-0.00687433
3.78084e-05
5.0472e-05
3.51534e-05
-2.98912e-06
-5.93893e-05
-0.000132144
-0.000219492
-0.000319693
-0.000431308
-0.000553192
-0.000684462
-0.000824454
-0.000972668
-0.00112868
-0.0012921
-0.0014625
-0.00163933
-0.00182193
-0.00200945
-0.00220082
-0.00239472
-0.00258958
-0.00278353
-0.00297444
-0.00315989
-0.00333721
-0.00350349
-0.00365566
-0.00379052
-0.00390483
-0.0039954
-0.00405922
-0.00409354
-0.00409604
-0.00406498
-0.00399928
-0.00389871
-0.00376397
-0.0035968
-0.00340004
-0.00317754
-0.00293447
-0.00267685
-0.00241166
-0.00214661
-0.00188992
-0.00165007
-0.00143547
-0.00125417
-0.00111352
-0.00101982
-0.000978082
-0.000991779
-0.00106264
-0.00119059
-0.00137371
-0.00160831
-0.00188916
-0.00220965
-0.00256214
-0.00293835
-0.00332964
-0.00372742
-0.0041235
-0.00451032
-0.0048812
-0.00523048
-0.00555359
-0.00584702
-0.0061083
-0.00633585
-0.00652885
-0.00668709
-0.0068108
-0.00690053
-0.00695703
-0.00698178
-0.00697654
-0.00693501
-0.00684741
0.000108976
0.000112369
9.10264e-05
4.94807e-05
-8.26552e-06
-8.03706e-05
-0.000165272
-0.000261562
-0.000368127
-0.000484137
-0.000608998
-0.000742304
-0.000883778
-0.00103321
-0.00119038
-0.00135506
-0.00152688
-0.00170536
-0.00188982
-0.00207937
-0.00227287
-0.00246889
-0.00266572
-0.00286133
-0.00305339
-0.00323927
-0.00341607
-0.00358067
-0.00372976
-0.00385994
-0.00396782
-0.00405012
-0.00410382
-0.00412628
-0.00411539
-0.00406974
-0.00398875
-0.00387278
-0.00372328
-0.00354281
-0.00333499
-0.00310481
-0.00285818
-0.00260199
-0.00234399
-0.00209243
-0.0018559
-0.00164298
-0.0014619
-0.00132021
-0.00122446
-0.00117988
-0.00119013
-0.00125712
-0.0013809
-0.00155961
-0.00178959
-0.00206556
-0.00238083
-0.00272764
-0.00309757
-0.00348185
-0.0038718
-0.00425916
-0.00463638
-0.00499688
-0.00533516
-0.0056469
-0.00592891
-0.00617912
-0.00639635
-0.0065802
-0.00673081
-0.0068487
-0.00693444
-0.00698852
-0.00701183
-0.00700494
-0.00695833
-0.00685827
0.000207121
0.000196177
0.000165688
0.000118638
5.77492e-05
-1.5331e-05
-9.92874e-05
-0.000193085
-0.000295983
-0.000407501
-0.000527375
-0.000655499
-0.000791868
-0.000936523
-0.0010895
-0.00125077
-0.00142022
-0.00159757
-0.00178235
-0.00197387
-0.00217115
-0.00237294
-0.00257761
-0.00278323
-0.00298748
-0.00318771
-0.00338092
-0.00356384
-0.00373294
-0.00388455
-0.00401496
-0.00412052
-0.00419781
-0.00424378
-0.0042559
-0.00423234
-0.00417213
-0.00407527
-0.0039429
-0.00377738
-0.00358205
-0.0033618
-0.00312245
-0.00287093
-0.00261504
-0.00236321
-0.00212423
-0.00190695
-0.00171992
-0.00157104
-0.00146722
-0.00141405
-0.00141554
-0.0014739
-0.0015894
-0.00176036
-0.00198321
-0.00225264
-0.00256189
-0.00290306
-0.00326751
-0.00364624
-0.00403035
-0.00441139
-0.00478168
-0.00513456
-0.00546459
-0.00576755
-0.00604049
-0.00628165
-0.0064902
-0.00666611
-0.00680988
-0.00692229
-0.00700403
-0.00705548
-0.00707717
-0.00706895
-0.00701967
-0.00691371
0.000328449
0.000298932
0.000256681
0.000202246
0.000136569
6.10574e-05
-2.33322e-05
-0.000116017
-0.000216687
-0.000325261
-0.000441842
-0.000566664
-0.000700035
-0.000842292
-0.000993759
-0.00115468
-0.0013252
-0.00150529
-0.00169471
-0.00189298
-0.00209928
-0.00231249
-0.00253108
-0.00275311
-0.00297622
-0.00319765
-0.00341421
-0.00362234
-0.0038182
-0.00399772
-0.00415676
-0.00429118
-0.00439709
-0.00447092
-0.00450966
-0.00451104
-0.00447362
-0.00439702
-0.0042821
-0.00413118
-0.00394675
-0.00373411
-0.00349894
-0.0032482
-0.00298981
-0.00273241
-0.00248507
-0.00225701
-0.00205719
-0.00189398
-0.00177481
-0.00170578
-0.00169139
-0.00173431
-0.00183521
-0.00199271
-0.00220345
-0.00246223
-0.00276224
-0.00309548
-0.00345306
-0.00382574
-0.0042043
-0.00457997
-0.00494481
-0.00529197
-0.00561586
-0.00591229
-0.00617841
-0.00641258
-0.0066143
-0.00678384
-0.00692203
-0.00702989
-0.00710831
-0.00715773
-0.0071785
-0.00717017
-0.00712116
-0.00701551
0.00046836
0.000416901
0.000360605
0.000297186
0.000225414
0.000146249
6.0204e-05
-3.26807e-05
-0.000132598
-0.000239919
-0.000355153
-0.000478912
-0.000611861
-0.000754671
-0.000907982
-0.00107235
-0.00124822
-0.00143582
-0.00163517
-0.00184597
-0.00206759
-0.00229899
-0.00253865
-0.00278461
-0.00303437
-0.00328494
-0.00353283
-0.00377411
-0.00400448
-0.00421938
-0.00441411
-0.00458399
-0.00472452
-0.00483158
-0.00490161
-0.00493182
-0.0049203
-0.00486625
-0.00477034
-0.00463507
-0.00446043
-0.00425388
-0.00402056
-0.00376732
-0.00350219
-0.00323406
-0.00297232
-0.00272659
-0.00250638
-0.00232063
-0.0021774
-0.00208349
-0.00204408
-0.00206248
-0.00213998
-0.00227569
-0.00246665
-0.0027079
-0.00299275
-0.00331316
-0.00366007
-0.00402395
-0.00439524
-0.00476478
-0.00512424
-0.00546642
-0.0057855
-0.00607708
-0.00633827
-0.0065675
-0.00676439
-0.00692943
-0.00706371
-0.00716851
-0.00724495
-0.0072936
-0.00731485
-0.00730821
-0.00726248
-0.0071625
0.000621775
0.000545583
0.000473428
0.000399802
0.000320876
0.000237039
0.000148234
5.38534e-05
-4.68703e-05
-0.000154816
-0.000270952
-0.0003963
-0.000531916
-0.00067884
-0.000838066
-0.00101049
-0.00119686
-0.0013977
-0.00161328
-0.00184349
-0.00208782
-0.00234529
-0.00261435
-0.00289289
-0.00317819
-0.00346695
-0.00375525
-0.00403867
-0.00431237
-0.00457118
-0.00480974
-0.00502274
-0.00520502
-0.00535182
-0.00545897
-0.0055231
-0.00554181
-0.00551386
-0.00543909
-0.00531834
-0.00515663
-0.00495627
-0.00472331
-0.00446488
-0.00418914
-0.00390519
-0.00362277
-0.00335198
-0.00310289
-0.00288515
-0.00270761
-0.00257792
-0.00250216
-0.00248453
-0.00252716
-0.00262994
-0.00279054
-0.00300447
-0.00326536
-0.00356526
-0.00389507
-0.00424502
-0.00460519
-0.00496598
-0.00531859
-0.00565535
-0.00597
-0.00625781
-0.00651564
-0.00674183
-0.00693595
-0.00709862
-0.00723107
-0.00733479
-0.00741111
-0.00746081
-0.00748441
-0.0074815
-0.00744189
-0.00735186
0.000783055
0.000679855
0.000590453
0.00050571
0.000418827
0.000329463
0.000236865
0.000139666
3.64396e-05
-7.42529e-05
-0.00019388
-0.000323922
-0.00046585
-0.000621105
-0.000791061
-0.000976972
-0.00117991
-0.00140071
-0.00163986
-0.00189742
-0.00217298
-0.00246553
-0.00277342
-0.00309433
-0.0034252
-0.00376229
-0.00410118
-0.00443684
-0.00476378
-0.00507613
-0.00536781
-0.00563277
-0.00586514
-0.00605945
-0.00621086
-0.00631535
-0.00636995
-0.00637287
-0.0063235
-0.00622242
-0.00607328
-0.00587923
-0.00564589
-0.0053802
-0.00509037
-0.00478565
-0.00447613
-0.00417238
-0.0038851
-0.00362475
-0.0034011
-0.00322285
-0.0030972
-0.00302953
-0.00302308
-0.00307884
-0.00319542
-0.00336912
-0.00359414
-0.00386286
-0.0041663
-0.00449458
-0.00483744
-0.00518485
-0.00552743
-0.00585691
-0.00616645
-0.0064508
-0.00670638
-0.00693119
-0.00712464
-0.00728726
-0.00742027
-0.00752529
-0.0076038
-0.00765677
-0.00768487
-0.00768785
-0.00765685
-0.00757998
0.000945997
0.000813954
0.000706285
0.000609794
0.000514359
0.000418733
0.000321327
0.000219908
0.000112311
-3.52963e-06
-0.000129622
-0.000267936
-0.000420395
-0.000588864
-0.000775118
-0.000980786
-0.00120728
-0.00145571
-0.00172678
-0.0020207
-0.00233706
-0.00267479
-0.00303204
-0.00340617
-0.00379369
-0.00419034
-0.00459106
-0.00499015
-0.00538134
-0.00575801
-0.00611327
-0.00644028
-0.00673235
-0.00698327
-0.00718743
-0.0073401
-0.00743762
-0.00747757
-0.00745875
-0.0073813
-0.0072481
-0.00706211
-0.00682863
-0.00655441
-0.00624757
-0.00591749
-0.00557451
-0.00522965
-0.00489431
-0.00457978
-0.00429692
-0.00405564
-0.0038645
-0.00373034
-0.00365789
-0.00364957
-0.00370532
-0.0038226
-0.00399654
-0.00422016
-0.00448486
-0.00478079
-0.00509752
-0.00542457
-0.00575195
-0.00607068
-0.00637317
-0.00665343
-0.00690721
-0.00713198
-0.00732672
-0.00749162
-0.00762779
-0.00773678
-0.00782009
-0.00787884
-0.00791378
-0.00792482
-0.00790454
-0.0078431
0.00110366
0.000941449
0.000814831
0.000706198
0.000601768
0.000499213
0.000395959
0.000288792
0.000174732
5.1034e-05
-8.48974e-05
-0.000235553
-0.000403336
-0.000590559
-0.000799414
-0.00103191
-0.0012898
-0.00157446
-0.00188676
-0.002227
-0.00259475
-0.00298875
-0.00340688
-0.00384607
-0.00430233
-0.00477074
-0.00524555
-0.00572026
-0.00618781
-0.00664068
-0.00707114
-0.00747146
-0.00783412
-0.00815203
-0.00841876
-0.00862879
-0.00877766
-0.00886218
-0.00888049
-0.00883226
-0.00871918
-0.00854413
-0.00831189
-0.00802884
-0.00770294
-0.00734354
-0.00696115
-0.00656722
-0.00617378
-0.00579304
-0.00543698
-0.00511693
-0.00484302
-0.00462385
-0.00446598
-0.00437368
-0.00434867
-0.00439001
-0.0044942
-0.00465534
-0.00486551
-0.00511523
-0.00539403
-0.00569107
-0.00599577
-0.00629834
-0.00659025
-0.00686458
-0.00711617
-0.00734165
-0.0075393
-0.00770876
-0.00785074
-0.00796651
-0.00805746
-0.00812467
-0.0081689
-0.0081901
-0.00818234
-0.00813781
0.00124859
0.00105527
0.000909316
0.000788347
0.000674587
0.000564444
0.000454219
0.000339611
0.000216745
8.21471e-05
-6.74055e-05
-0.000234957
-0.000423414
-0.000635557
-0.000874009
-0.00114116
-0.00143908
-0.00176938
-0.00213308
-0.00253049
-0.00296105
-0.00342328
-0.00391467
-0.00443164
-0.00496958
-0.00552284
-0.00608488
-0.00664835
-0.00720527
-0.0077472
-0.00826549
-0.00875146
-0.00919665
-0.00959305
-0.00993333
-0.010211
-0.0104209
-0.0105587
-0.010622
-0.0106095
-0.0105221
-0.0103622
-0.0101337
-0.00984274
-0.00949683
-0.00910517
-0.00867835
-0.00822809
-0.00776699
-0.00730816
-0.00686477
-0.00644961
-0.00607462
-0.00575041
-0.00548572
-0.0052871
-0.00515852
-0.0051012
-0.00511353
-0.00519121
-0.00532747
-0.00551356
-0.00573929
-0.00599365
-0.00626548
-0.00654416
-0.00682008
-0.00708515
-0.007333
-0.00755914
-0.00776082
-0.00793682
-0.00808714
-0.00821253
-0.008314
-0.00839243
-0.00844842
-0.00848184
-0.0084881
-0.00846136
0.00137263
0.00114774
0.000982342
0.000848995
0.000725631
0.000607207
0.000488764
0.000364816
0.000230529
8.16489e-05
-8.57096e-05
-0.000275172
-0.000490173
-0.000733976
-0.00100964
-0.00131993
-0.0016672
-0.00205328
-0.00247925
-0.00294538
-0.00345091
-0.00399403
-0.00457175
-0.0051799
-0.00581314
-0.00646502
-0.00712813
-0.00779417
-0.00845419
-0.00909878
-0.00971826
-0.010303
-0.0108434
-0.0113305
-0.0117561
-0.0121126
-0.0123938
-0.0125947
-0.0127116
-0.0127425
-0.0126874
-0.0125478
-0.0123269
-0.0120303
-0.0116648
-0.0112394
-0.0107645
-0.010252
-0.00971496
-0.0091672
-0.00862305
-0.00809683
-0.00760236
-0.00715246
-0.00675839
-0.00642937
-0.00617215
-0.00599065
-0.00588579
-0.00585549
-0.00589474
-0.00599607
-0.00614995
-0.00634551
-0.00657119
-0.00681552
-0.00706773
-0.00731832
-0.00755944
-0.00778511
-0.00799117
-0.0081752
-0.0083361
-0.00847379
-0.00858864
-0.00868105
-0.00875124
-0.00879885
-0.00882044
-0.00881195
0.00146715
0.00121066
0.00102598
0.000880328
0.000747098
0.000619622
0.000491558
0.000356148
0.000207544
4.06687e-05
-0.000149057
-0.000365866
-0.00061374
-0.000896435
-0.00121744
-0.00157989
-0.0019864
-0.00243893
-0.00293861
-0.00348554
-0.00407872
-0.00471588
-0.00539348
-0.00610664
-0.00684922
-0.0076139
-0.00839229
-0.00917508
-0.0099523
-0.0107134
-0.0114478
-0.0121445
-0.0127932
-0.0133836
-0.0139064
-0.0143531
-0.0147164
-0.0149902
-0.01517
-0.0152527
-0.0152372
-0.015124
-0.0149159
-0.0146171
-0.0142341
-0.0137753
-0.0132507
-0.0126721
-0.0120529
-0.0114073
-0.0107509
-0.0100991
-0.00946794
-0.00887234
-0.00832633
-0.00784218
-0.00742987
-0.00709663
-0.0068466
-0.00668061
-0.0065962
-0.00658781
-0.00664721
-0.0067641
-0.00692684
-0.00712323
-0.00734127
-0.0075699
-0.00779947
-0.00802212
-0.0082319
-0.0084247
-0.00859796
-0.00875034
-0.00888122
-0.00899025
-0.00907703
-0.0091407
-0.00917885
-0.00918884
0.00152306
0.00123546
0.0010319
0.000874092
0.000730709
0.000593299
0.000454031
0.00030481
0.000138721
-5.01668e-05
-0.000267152
-0.0005171
-0.000804554
-0.00113377
-0.00150866
-0.00193268
-0.00240869
-0.00293874
-0.00352388
-0.00416402
-0.00485777
-0.00560235
-0.00639354
-0.00722569
-0.00809176
-0.00898344
-0.0098913
-0.010805
-0.0117133
-0.0126047
-0.0134672
-0.014289
-0.0150584
-0.0157641
-0.0163957
-0.0169436
-0.0173994
-0.0177559
-0.0180076
-0.0181504
-0.0181822
-0.0181025
-0.0179129
-0.017617
-0.0172203
-0.0167304
-0.0161568
-0.0155111
-0.0148062
-0.0140571
-0.0132797
-0.012491
-0.0117083
-0.0109491
-0.0102301
-0.00956693
-0.00897309
-0.0084597
-0.0080348
-0.00770297
-0.00746512
-0.00731847
-0.00725689
-0.0072713
-0.00735046
-0.00748173
-0.00765198
-0.00784844
-0.0080594
-0.00827474
-0.00848623
-0.00868758
-0.00887428
-0.00904329
-0.00919258
-0.0093207
-0.00942634
-0.00950795
-0.00956369
-0.00959242
0.00153108
0.00121331
0.000991513
0.000821752
0.000667877
0.000519525
0.000367287
0.000201682
1.46977e-05
-0.000200479
-0.000449889
-0.000739045
-0.00107306
-0.00145669
-0.00189424
-0.0023895
-0.00294547
-0.00356423
-0.0042467
-0.00499249
-0.00579974
-0.00666503
-0.00758338
-0.00854825
-0.0095516
-0.0105841
-0.0116351
-0.012693
-0.0137456
-0.0147801
-0.0157832
-0.0167419
-0.0176434
-0.0184752
-0.0192259
-0.0198847
-0.0204422
-0.0208902
-0.0212222
-0.021433
-0.0215195
-0.0214804
-0.0213161
-0.0210291
-0.020624
-0.0201076
-0.0194884
-0.0187774
-0.0179872
-0.0171326
-0.0162298
-0.0152966
-0.0143519
-0.0134149
-0.0125052
-0.0116416
-0.0108415
-0.0101203
-0.00949061
-0.00896149
-0.00853818
-0.00822173
-0.00800906
-0.00789325
-0.00786417
-0.00790924
-0.00801447
-0.00816539
-0.00834802
-0.0085496
-0.00875911
-0.00896754
-0.00916786
-0.00935481
-0.00952448
-0.00967391
-0.00980053
-0.00990184
-0.00997638
-0.0100242
0.00148187
0.00113537
0.000896172
0.000714694
0.000549921
0.000389485
0.000222338
3.75824e-05
-0.000173912
-0.000419854
-0.000707044
-0.00104165
-0.00142936
-0.00187541
-0.00238451
-0.00296068
-0.00360705
-0.00432564
-0.00511716
-0.00598078
-0.00691409
-0.00791293
-0.00897145
-0.0100821
-0.0112357
-0.0124218
-0.0136284
-0.0148429
-0.0160515
-0.0172401
-0.0183944
-0.0195
-0.0205429
-0.0215097
-0.0223876
-0.023165
-0.0238316
-0.0243782
-0.0247973
-0.0250829
-0.0252309
-0.0252391
-0.0251068
-0.0248355
-0.0244289
-0.0238924
-0.0232337
-0.0224626
-0.0215913
-0.0206337
-0.019606
-0.0185263
-0.0174143
-0.0162909
-0.0151778
-0.014097
-0.0130697
-0.0121158
-0.0112529
-0.0104955
-0.00985384
-0.00933408
-0.00893732
-0.00865995
-0.00849397
-0.00842768
-0.00844671
-0.00853512
-0.00867657
-0.00885534
-0.00905714
-0.00926963
-0.00948264
-0.00968805
-0.00987954
-0.0100522
-0.0102018
-0.0103245
-0.0104191
-0.0104866
0.00136626
0.000992951
0.00073739
0.000544445
0.000368298
0.000194508
1.03633e-05
-0.000196464
-0.000436225
-0.000717534
-0.00104795
-0.00143431
-0.00188286
-0.00239932
-0.00298872
-0.00365532
-0.00440226
-0.00523145
-0.00614324
-0.00713631
-0.00820754
-0.00935193
-0.0105626
-0.0118309
-0.0131464
-0.0144973
-0.0158704
-0.0172516
-0.0186257
-0.0199773
-0.0212909
-0.0225507
-0.0237417
-0.0248493
-0.02586
-0.0267611
-0.0275414
-0.0281912
-0.0287021
-0.0290675
-0.0292825
-0.0293436
-0.0292498
-0.0290013
-0.0286006
-0.0280521
-0.0273622
-0.0265396
-0.0255952
-0.0245419
-0.0233953
-0.0221731
-0.0208952
-0.0195833
-0.018261
-0.0169527
-0.0156832
-0.0144767
-0.0133562
-0.0123417
-0.01145
-0.010693
-0.0100774
-0.00960436
-0.00926924
-0.00906238
-0.0089699
-0.00897488
-0.00905876
-0.00920267
-0.00938859
-0.00960025
-0.00982362
-0.010047
-0.0102612
-0.0104585
-0.0106328
-0.0107787
-0.0108948
-0.0109831
0.00117552
0.000777778
0.000507072
0.00030292
0.000114855
-7.36597e-05
-0.000277008
-0.000508929
-0.000780786
-0.00110209
-0.00148118
-0.00192551
-0.00244192
-0.00303653
-0.00371471
-0.00448083
-0.00533801
-0.00628791
-0.00733043
-0.00846364
-0.00968357
-0.0109842
-0.0123576
-0.0137937
-0.0152809
-0.0168058
-0.0183538
-0.0199092
-0.0214556
-0.0229761
-0.0244538
-0.0258719
-0.0272142
-0.0284653
-0.0296107
-0.0306372
-0.031533
-0.0322878
-0.0328926
-0.0333404
-0.0336255
-0.0337441
-0.033694
-0.0334749
-0.0330881
-0.0325366
-0.0318258
-0.0309627
-0.0299567
-0.0288196
-0.0275654
-0.0262109
-0.0247754
-0.0232809
-0.0217515
-0.0202134
-0.0186944
-0.0172228
-0.0158263
-0.0145313
-0.013361
-0.0123345
-0.0114655
-0.010761
-0.0102218
-0.00984158
-0.00960821
-0.00950471
-0.00951073
-0.00960428
-0.00976331
-0.009967
-0.0101967
-0.0104366
-0.0106734
-0.0108965
-0.0110971
-0.0112678
-0.0114071
-0.0115174
0.000901611
0.000482234
0.000197765
-1.73265e-05
-0.000217909
-0.000422593
-0.000647414
-0.000907486
-0.00121526
-0.00158113
-0.00201417
-0.00252251
-0.00311347
-0.0037936
-0.0045685
-0.00544261
-0.00641892
-0.00749871
-0.00868134
-0.00996409
-0.011342
-0.012808
-0.0143527
-0.0159647
-0.0176309
-0.0193363
-0.0210647
-0.0227989
-0.024521
-0.0262127
-0.0278558
-0.0294324
-0.0309255
-0.0323189
-0.0335975
-0.0347476
-0.0357571
-0.0366153
-0.0373132
-0.0378433
-0.0381997
-0.0383781
-0.0383758
-0.0381916
-0.037826
-0.0372809
-0.0365602
-0.0356695
-0.0346164
-0.0334108
-0.0320651
-0.0305944
-0.0290167
-0.0273529
-0.0256271
-0.0238663
-0.0221
-0.0203596
-0.0186775
-0.0170856
-0.0156143
-0.0142903
-0.0131352
-0.0121642
-0.0113845
-0.0107955
-0.0103882
-0.0101471
-0.0100509
-0.0100748
-0.0101927
-0.0103787
-0.0106088
-0.0108621
-0.0111207
-0.0113701
-0.0115984
-0.0117956
-0.0119597
-0.0120941
0.000537413
9.96004e-05
-0.000197103
-0.000422853
-0.000636582
-0.000858915
-0.00110748
-0.00139873
-0.00174613
-0.00216096
-0.002653
-0.00323098
-0.00390274
-0.00467516
-0.00555402
-0.00654371
-0.00764699
-0.00886465
-0.0101954
-0.0116354
-0.0131789
-0.0148171
-0.0165395
-0.0183329
-0.0201826
-0.022072
-0.023983
-0.025897
-0.0277945
-0.0296559
-0.0314618
-0.0331935
-0.0348331
-0.0363637
-0.0377702
-0.0390386
-0.0401566
-0.0411136
-0.0419007
-0.0425103
-0.0429366
-0.0431749
-0.0432223
-0.0430772
-0.0427392
-0.0422093
-0.0414899
-0.0405851
-0.0395007
-0.0382447
-0.0368273
-0.0352612
-0.0335624
-0.03175
-0.029847
-0.0278797
-0.0258782
-0.0238759
-0.0219086
-0.0200133
-0.0182269
-0.0165841
-0.0151155
-0.0138453
-0.0127895
-0.0119548
-0.011338
-0.0109266
-0.0106997
-0.0106308
-0.0106897
-0.0108452
-0.0110676
-0.0113296
-0.0116081
-0.0118837
-0.0121406
-0.012366
-0.012557
-0.0127178
7.69876e-05
-0.000375716
-0.00068299
-0.000919096
-0.0011466
-0.00138804
-0.00166258
-0.00198789
-0.00237846
-0.00284634
-0.00340202
-0.00405482
-0.00481299
-0.00568369
-0.0066728
-0.00778457
-0.00902138
-0.0103834
-0.0118685
-0.0134718
-0.015186
-0.0170012
-0.0189049
-0.0208824
-0.022917
-0.0249904
-0.0270829
-0.0291741
-0.031243
-0.0332688
-0.0352312
-0.0371106
-0.0388885
-0.0405479
-0.0420735
-0.0434515
-0.0446697
-0.045718
-0.0465876
-0.0472715
-0.0477637
-0.0480596
-0.048157
-0.0480533
-0.0477477
-0.0472404
-0.0465326
-0.045627
-0.0445277
-0.0432404
-0.0417729
-0.0401354
-0.0383412
-0.0364067
-0.0343526
-0.0322036
-0.0299889
-0.0277422
-0.0255014
-0.0233072
-0.0212022
-0.0192288
-0.0174266
-0.0158301
-0.0144655
-0.0133492
-0.012486
-0.0118687
-0.0114792
-0.0112902
-0.0112685
-0.0113777
-0.0115814
-0.0118457
-0.0121408
-0.0124418
-0.012728
-0.012983
-0.013203
-0.013393
-0.000484217
-0.00094797
-0.00126403
-0.00151015
-0.00175201
-0.00201397
-0.00231657
-0.00267865
-0.0031156
-0.00364025
-0.00426372
-0.00499583
-0.00584523
-0.00681928
-0.00792382
-0.00916287
-0.0105383
-0.0120495
-0.0136933
-0.0154636
-0.0173515
-0.0193456
-0.0214314
-0.0235926
-0.0258104
-0.0280645
-0.0303337
-0.0325959
-0.0348287
-0.0370101
-0.0391191
-0.0411354
-0.0430404
-0.044817
-0.0464501
-0.0479263
-0.049234
-0.0503635
-0.0513067
-0.0520571
-0.0526092
-0.052958
-0.0531041
-0.0530424
-0.0527721
-0.052293
-0.0516057
-0.0507114
-0.0496124
-0.0483125
-0.046817
-0.0451334
-0.0432718
-0.0412455
-0.0390718
-0.0367727
-0.0343751
-0.0319115
-0.0294199
-0.0269432
-0.0245281
-0.0222236
-0.0200779
-0.0181359
-0.0164356
-0.015005
-0.0138592
-0.0129993
-0.0124122
-0.0120725
-0.0119449
-0.0119882
-0.0121596
-0.0124174
-0.0127244
-0.0130489
-0.0133647
-0.0136507
-0.013902
-0.0141243
-0.00114917
-0.0016199
-0.00194285
-0.00219858
-0.00245533
-0.00273907
-0.00307164
-0.0034729
-0.00395908
-0.00454371
-0.00523847
-0.00605364
-0.00699817
-0.00807952
-0.00930341
-0.0106735
-0.0121909
-0.0138542
-0.0156589
-0.0175976
-0.0196598
-0.021832
-0.024098
-0.0264392
-0.0288351
-0.0312636
-0.0337014
-0.036125
-0.0385109
-0.0408361
-0.0430789
-0.0452187
-0.0472369
-0.0491168
-0.0508437
-0.0524047
-0.0537892
-0.0549883
-0.0559945
-0.0568022
-0.0574071
-0.0578066
-0.0579947
-0.0579726
-0.0577385
-0.0572914
-0.0566312
-0.0557579
-0.0546727
-0.0533773
-0.0518747
-0.0501696
-0.048269
-0.0461824
-0.0439236
-0.0415105
-0.0389667
-0.0363218
-0.0336121
-0.0308804
-0.0281759
-0.025552
-0.0230647
-0.0207688
-0.0187144
-0.0169425
-0.0154811
-0.0143425
-0.0135217
-0.0129976
-0.0127352
-0.0126898
-0.0128119
-0.0130521
-0.0133646
-0.0137099
-0.0140548
-0.0143731
-0.0146579
-0.0149158
-0.00191914
-0.00239258
-0.00272044
-0.0029853
-0.00325733
-0.00356395
-0.00392813
-0.00437064
-0.00490843
-0.00555564
-0.00632447
-0.00722557
-0.00826808
-0.00945946
-0.0108052
-0.0123084
-0.0139694
-0.0157858
-0.0177515
-0.0198577
-0.0220919
-0.0244387
-0.02688
-0.0293949
-0.031961
-0.0345542
-0.0371497
-0.0397225
-0.0422481
-0.0447027
-0.0470642
-0.0493121
-0.051428
-0.0533958
-0.0552013
-0.0568328
-0.0582804
-0.0595364
-0.0605943
-0.0614493
-0.0620979
-0.0625377
-0.0627656
-0.0627809
-0.0625822
-0.0621688
-0.06154
-0.0606954
-0.0596346
-0.058358
-0.0568666
-0.0551625
-0.0532493
-0.0511334
-0.0488241
-0.046335
-0.0436851
-0.0409
-0.0380123
-0.0350631
-0.032101
-0.0291821
-0.0263679
-0.0237218
-0.0213056
-0.0191741
-0.0173699
-0.0159193
-0.014829
-0.0140854
-0.0136565
-0.013496
-0.0135491
-0.0137579
-0.0140675
-0.0144293
-0.0148023
-0.0151536
-0.0154743
-0.0157713
-0.00279357
-0.00326535
-0.00359604
-0.00386946
-0.00415702
-0.00448739
-0.0048845
-0.00536989
-0.00596112
-0.00667286
-0.00751771
-0.00850662
-0.00964882
-0.0109517
-0.0124203
-0.0140571
-0.0158615
-0.0178297
-0.0199543
-0.0222246
-0.0246262
-0.0271417
-0.0297506
-0.0324302
-0.0351558
-0.0379018
-0.0406416
-0.0433492
-0.045999
-0.048567
-0.0510309
-0.0533703
-0.0555675
-0.057607
-0.0594757
-0.0611629
-0.06266
-0.0639601
-0.0650581
-0.0659502
-0.0666337
-0.0671068
-0.0673679
-0.0674162
-0.0672507
-0.0668707
-0.0662755
-0.0654641
-0.0644355
-0.0631888
-0.0617234
-0.0600391
-0.0581368
-0.0560194
-0.0536921
-0.051164
-0.0484489
-0.0455672
-0.0425466
-0.0394239
-0.0362455
-0.0330672
-0.0299532
-0.0269736
-0.0242003
-0.0217016
-0.0195359
-0.0177457
-0.0163526
-0.0153543
-0.0147255
-0.014421
-0.0143818
-0.0145427
-0.0148389
-0.0152118
-0.0156108
-0.0159957
-0.0163543
-0.0166941
-0.00377002
-0.00423574
-0.00456712
-0.0048484
-0.00515155
-0.00550626
-0.00593725
-0.00646665
-0.00711256
-0.00789002
-0.00881198
-0.00988953
-0.0111319
-0.0125463
-0.0141372
-0.0159064
-0.0178521
-0.019969
-0.0222483
-0.0246771
-0.0272392
-0.0299148
-0.0326815
-0.0355144
-0.0383869
-0.0412716
-0.0441407
-0.0469671
-0.0497247
-0.0523892
-0.0549384
-0.0573526
-0.0596146
-0.06171
-0.0636268
-0.0653554
-0.0668886
-0.0682206
-0.0693476
-0.0702668
-0.0709765
-0.0714756
-0.0717635
-0.0718398
-0.071704
-0.0713557
-0.0707941
-0.0700182
-0.0690265
-0.0678173
-0.0663887
-0.0647388
-0.0628664
-0.0607711
-0.0584544
-0.055921
-0.0531794
-0.050244
-0.0471369
-0.0438889
-0.0405417
-0.0371484
-0.0337729
-0.030489
-0.0273764
-0.0245153
-0.0219799
-0.0198305
-0.0181063
-0.0168203
-0.0159578
-0.0154782
-0.0153213
-0.0154151
-0.0156851
-0.0160618
-0.0164839
-0.016902
-0.0173005
-0.0176867
-0.00484423
-0.0052995
-0.00562938
-0.00591768
-0.00623626
-0.00661556
-0.00708095
-0.00765499
-0.00835614
-0.00919974
-0.0101989
-0.0113649
-0.0127068
-0.0142314
-0.0159426
-0.0178412
-0.0199242
-0.0221849
-0.0246125
-0.0271923
-0.0299058
-0.0327312
-0.0356438
-0.0386168
-0.0416219
-0.04463
-0.0476123
-0.0505408
-0.0533892
-0.0561332
-0.0587509
-0.0612234
-0.0635345
-0.0656708
-0.0676215
-0.0693786
-0.0709357
-0.0722886
-0.0734344
-0.0743716
-0.0750993
-0.0756173
-0.0759258
-0.0760248
-0.0759146
-0.0755951
-0.0750656
-0.0743253
-0.0733724
-0.0722049
-0.0708201
-0.0692149
-0.0673863
-0.0653315
-0.0630489
-0.0605388
-0.0578049
-0.0548559
-0.0517069
-0.0483823
-0.0449171
-0.0413589
-0.0377687
-0.0342206
-0.0307988
-0.0275931
-0.024692
-0.0221739
-0.0200977
-0.0184952
-0.0173666
-0.0166803
-0.0163779
-0.016383
-0.0166119
-0.0169834
-0.0174244
-0.017875
-0.0183148
-0.0187509
-0.00601011
-0.00645063
-0.00677678
-0.00707112
-0.0074047
-0.00780852
-0.00830838
-0.0089271
-0.00968337
-0.0105927
-0.0116684
-0.0129215
-0.014361
-0.0159931
-0.0178211
-0.0198446
-0.0220593
-0.0244569
-0.0270247
-0.029746
-0.0326003
-0.0355634
-0.0386088
-0.0417075
-0.0448298
-0.0479453
-0.0510242
-0.0540381
-0.0569605
-0.0597675
-0.0624378
-0.0649533
-0.067299
-0.0694626
-0.0714348
-0.0732086
-0.074779
-0.0761431
-0.0772991
-0.0782463
-0.0789849
-0.0795154
-0.0798386
-0.0799554
-0.0798665
-0.0795721
-0.079072
-0.0783656
-0.0774512
-0.0763267
-0.0749891
-0.0734346
-0.071659
-0.0696576
-0.0674265
-0.0649625
-0.0622648
-0.0593365
-0.0561864
-0.0528311
-0.0492982
-0.0456278
-0.0418753
-0.0381113
-0.0344212
-0.030901
-0.0276509
-0.0247662
-0.0223266
-0.0203855
-0.0189619
-0.0180379
-0.0175613
-0.0174541
-0.0176247
-0.0179802
-0.0184346
-0.0189161
-0.0193983
-0.0198875
-0.0072599
-0.00768152
-0.00800168
-0.00830091
-0.00864881
-0.00907669
-0.0096106
-0.0102735
-0.0110841
-0.012058
-0.0132084
-0.0145463
-0.0160802
-0.017816
-0.0197558
-0.0218982
-0.0242375
-0.0267637
-0.0294621
-0.0323142
-0.035297
-0.0383847
-0.0415484
-0.0447579
-0.0479816
-0.0511882
-0.0543474
-0.0574305
-0.0604111
-0.0632656
-0.0659739
-0.0685187
-0.0708861
-0.0730653
-0.0750481
-0.0768288
-0.0784038
-0.0797711
-0.08093
-0.0818807
-0.0826241
-0.0831616
-0.0834946
-0.0836246
-0.0835525
-0.0832793
-0.0828052
-0.0821298
-0.0812519
-0.0801695
-0.0788794
-0.0773779
-0.0756599
-0.0737199
-0.071552
-0.0691504
-0.0665107
-0.0636311
-0.0605142
-0.0571694
-0.0536158
-0.049885
-0.0460242
-0.042098
-0.0381888
-0.0343947
-0.0308243
-0.0275877
-0.0247843
-0.0224907
-0.0207487
-0.0195587
-0.0188793
-0.0186348
-0.0187281
-0.0190552
-0.0195161
-0.0200259
-0.0205511
-0.0210965
-0.0085843
-0.00898309
-0.009295
-0.00959781
-0.00995905
-0.0104101
-0.0109772
-0.0116831
-0.0125465
-0.0135829
-0.0148055
-0.0162248
-0.0178491
-0.0196832
-0.0217287
-0.0239828
-0.0264383
-0.0290834
-0.0319017
-0.0348724
-0.0379709
-0.0411691
-0.0444365
-0.0477413
-0.0510507
-0.0543328
-0.0575567
-0.0606936
-0.0637177
-0.066606
-0.0693393
-0.0719014
-0.0742797
-0.0764646
-0.0784492
-0.080229
-0.0818016
-0.0831658
-0.0843219
-0.0852709
-0.0860146
-0.0865547
-0.0868932
-0.0870321
-0.086973
-0.0867171
-0.0862652
-0.0856172
-0.0847724
-0.0837292
-0.0824849
-0.0810355
-0.0793762
-0.0775009
-0.0754025
-0.0730736
-0.070507
-0.0676969
-0.0646406
-0.0613406
-0.0578078
-0.0540646
-0.0501484
-0.0461151
-0.042041
-0.038022
-0.0341709
-0.0306086
-0.0274527
-0.0248031
-0.0227267
-0.0212464
-0.0203372
-0.0199302
-0.0199258
-0.0202103
-0.0206696
-0.0212041
-0.0217723
-0.0223763
-0.00997268
-0.010345
-0.0106464
-0.0109513
-0.0113246
-0.0117977
-0.0123965
-0.0131437
-0.0140578
-0.015154
-0.0164452
-0.0179417
-0.019651
-0.0215774
-0.0237213
-0.0260787
-0.0286408
-0.0313942
-0.0343207
-0.0373974
-0.0405979
-0.0438923
-0.0472486
-0.0506335
-0.0540136
-0.0573561
-0.0606301
-0.063807
-0.0668615
-0.0697715
-0.0725187
-0.0750882
-0.0774685
-0.0796512
-0.0816308
-0.0834038
-0.0849685
-0.0863251
-0.0874743
-0.088418
-0.0891583
-0.0896976
-0.0900383
-0.0901828
-0.0901331
-0.0898909
-0.0894572
-0.0888327
-0.0880171
-0.0870092
-0.0858069
-0.0844068
-0.0828043
-0.0809932
-0.0789662
-0.0767149
-0.0742303
-0.0715036
-0.0685278
-0.0652994
-0.0618217
-0.0581079
-0.054185
-0.0500985
-0.0459153
-0.0417257
-0.0376415
-0.0337905
-0.030305
-0.0273066
-0.0248886
-0.0231
-0.0219371
-0.021343
-0.0212198
-0.0214461
-0.0218943
-0.022449
-0.0230594
-0.0237243
-0.0114133
-0.0117557
-0.0120444
-0.0123498
-0.0127337
-0.0132271
-0.0138558
-0.014642
-0.0156039
-0.0167565
-0.0181121
-0.0196806
-0.0214689
-0.0234805
-0.0257146
-0.028166
-0.0308244
-0.0336748
-0.0366971
-0.0398667
-0.0431553
-0.0465317
-0.0499623
-0.053413
-0.0568493
-0.0602385
-0.0635494
-0.0667541
-0.0698277
-0.0727492
-0.0755011
-0.0780699
-0.0804453
-0.0826201
-0.0845895
-0.0863514
-0.0879048
-0.0892506
-0.0903903
-0.0913261
-0.0920606
-0.0925967
-0.0929372
-0.0930845
-0.0930413
-0.0928093
-0.0923903
-0.0917853
-0.0909945
-0.0900174
-0.0888525
-0.0874972
-0.0859473
-0.0841973
-0.08224
-0.0800668
-0.0776676
-0.0750319
-0.0721493
-0.0690118
-0.0656157
-0.0619658
-0.0580787
-0.0539884
-0.0497506
-0.0454463
-0.0411823
-0.0370881
-0.0333063
-0.0299774
-0.0272203
-0.0251129
-0.0236769
-0.0228731
-0.02261
-0.0227618
-0.0231881
-0.0237575
-0.0244086
-0.0251359
-0.0128935
-0.0132031
-0.013477
-0.0137811
-0.0141736
-0.0146854
-0.0153416
-0.0161641
-0.0171705
-0.0183753
-0.0197904
-0.021425
-0.0232855
-0.0253744
-0.0276898
-0.0302252
-0.032969
-0.0359045
-0.0390099
-0.0422592
-0.0456224
-0.0490668
-0.0525579
-0.0560606
-0.0595401
-0.0629634
-0.0662998
-0.0695215
-0.0726048
-0.0755293
-0.0782789
-0.0808409
-0.0832063
-0.0853689
-0.0873249
-0.0890729
-0.0906129
-0.0919461
-0.0930747
-0.0940012
-0.0947286
-0.09526
-0.0955984
-0.0957466
-0.0957073
-0.0954828
-0.0950752
-0.0944857
-0.0937154
-0.0927643
-0.0916317
-0.0903156
-0.088813
-0.0871189
-0.085227
-0.0831288
-0.0808143
-0.0782718
-0.075489
-0.0724543
-0.0691586
-0.065599
-0.0617826
-0.0577318
-0.0534898
-0.0491256
-0.0447374
-0.0404513
-0.0364152
-0.0327841
-0.0297009
-0.0272726
-0.02555
-0.024517
-0.0240939
-0.0241544
-0.0245473
-0.025125
-0.0258146
-0.0266051
-0.0144002
-0.0146743
-0.0149313
-0.0152322
-0.0156315
-0.0161592
-0.0168402
-0.0176957
-0.0187426
-0.0199949
-0.0214639
-0.0231583
-0.0250834
-0.0272411
-0.0296283
-0.0322374
-0.0350553
-0.0380638
-0.0412397
-0.0445555
-0.04798
-0.0514792
-0.0550177
-0.0585599
-0.0620708
-0.0655173
-0.068869
-0.072099
-0.0751842
-0.0781052
-0.080847
-0.083398
-0.0857499
-0.0878977
-0.0898384
-0.0915712
-0.0930968
-0.0944167
-0.0955336
-0.0964503
-0.09717
-0.0976958
-0.098031
-0.0981786
-0.0981415
-0.0979221
-0.0975229
-0.0969455
-0.0961916
-0.0952617
-0.094156
-0.0928734
-0.0914118
-0.0897674
-0.0879346
-0.0859061
-0.0836721
-0.0812209
-0.0785391
-0.0756127
-0.0724288
-0.0689782
-0.0652595
-0.0612839
-0.0570818
-0.0527089
-0.0482513
-0.0438277
-0.0395855
-0.0356896
-0.0323028
-0.0295604
-0.0275448
-0.0262674
-0.0256661
-0.0256188
-0.0259661
-0.0265448
-0.0272699
-0.028124
-0.0159199
-0.0161563
-0.0163945
-0.0166902
-0.0170938
-0.0176348
-0.0183375
-0.0192222
-0.0203052
-0.0215998
-0.0231167
-0.0248638
-0.0268457
-0.0290632
-0.0315124
-0.0341844
-0.0370649
-0.0401344
-0.0433684
-0.0467381
-0.0502111
-0.0537526
-0.0573266
-0.060897
-0.0644287
-0.0678889
-0.0712477
-0.0744788
-0.0775598
-0.0804725
-0.0832027
-0.0857397
-0.0880762
-0.0902079
-0.0921326
-0.09385
-0.0953611
-0.096668
-0.0977735
-0.0986805
-0.0993924
-0.0999125
-0.100244
-0.10039
-0.100354
-0.100137
-0.0997441
-0.0991758
-0.0984343
-0.0975212
-0.0964372
-0.0951822
-0.0937552
-0.0921534
-0.0903727
-0.0884067
-0.0862468
-0.0838817
-0.081298
-0.0784806
-0.0754136
-0.0720834
-0.0684811
-0.0646084
-0.0604831
-0.0561468
-0.0516717
-0.0471649
-0.0427686
-0.0386518
-0.0349925
-0.031952
-0.0296446
-0.0281131
-0.0273182
-0.0271473
-0.0274366
-0.0280085
-0.0287655
-0.0296828
-0.017439
-0.0176361
-0.0178536
-0.0181421
-0.0185476
-0.0190989
-0.0198197
-0.0207295
-0.0218438
-0.0231751
-0.0247334
-0.0265258
-0.0285561
-0.0308243
-0.0333254
-0.0360494
-0.0389811
-0.0420997
-0.0453796
-0.048791
-0.0523005
-0.0558729
-0.0594714
-0.0630599
-0.0666034
-0.0700693
-0.0734283
-0.0766548
-0.0797273
-0.0826283
-0.0853444
-0.0878659
-0.0901863
-0.0923018
-0.0942107
-0.0959132
-0.0974107
-0.0987054
-0.0998003
-0.100698
-0.101403
-0.101918
-0.102245
-0.102389
-0.102353
-0.102138
-0.101749
-0.101186
-0.100454
-0.0995536
-0.0984864
-0.0972534
-0.0958545
-0.0942883
-0.092552
-0.0906406
-0.0885468
-0.0862606
-0.0837691
-0.0810569
-0.0781069
-0.0749019
-0.0714278
-0.0676777
-0.0636581
-0.0593967
-0.0549505
-0.0504125
-0.0459152
-0.0416259
-0.0377324
-0.0344179
-0.0318277
-0.0300382
-0.029038
-0.0287296
-0.0289487
-0.0295055
-0.03029
-0.0312694
-0.0189443
-0.0191008
-0.0192961
-0.0195752
-0.0199799
-0.0205383
-0.0212734
-0.0222038
-0.0233441
-0.0247061
-0.0262989
-0.0281289
-0.0301991
-0.0325085
-0.0350514
-0.0378167
-0.0407883
-0.0439444
-0.0472586
-0.0507001
-0.0542351
-0.0578277
-0.0614411
-0.0650389
-0.0685864
-0.0720515
-0.0754053
-0.0786229
-0.0816837
-0.0845708
-0.0872718
-0.0897774
-0.0920818
-0.0941817
-0.0960759
-0.0977649
-0.0992501
-0.100534
-0.10162
-0.10251
-0.103208
-0.103718
-0.104042
-0.104184
-0.104146
-0.103932
-0.103544
-0.102986
-0.10226
-0.101368
-0.100313
-0.0990971
-0.0977202
-0.0961827
-0.0944831
-0.092618
-0.0905817
-0.0883657
-0.0859583
-0.0833448
-0.0805076
-0.0774278
-0.0740871
-0.0704719
-0.066579
-0.0624231
-0.0580457
-0.0535241
-0.0489772
-0.0445658
-0.0404816
-0.0369244
-0.0340679
-0.0320231
-0.0308101
-0.0303523
-0.0304898
-0.0310231
-0.0318304
-0.0328701
-0.020423
-0.0205382
-0.0207098
-0.0209774
-0.0213784
-0.0219405
-0.0226858
-0.023632
-0.0247928
-0.0261793
-0.0277995
-0.0296592
-0.0317605
-0.0341016
-0.0366761
-0.0394721
-0.0424725
-0.045655
-0.0489923
-0.0524532
-0.0560034
-0.0596067
-0.0632262
-0.0668256
-0.0703707
-0.0738296
-0.0771741
-0.08038
-0.083427
-0.0862994
-0.0889849
-0.0914751
-0.0937646
-0.0958503
-0.0977314
-0.0994085
-0.100883
-0.102158
-0.103236
-0.10412
-0.104813
-0.105318
-0.105639
-0.105779
-0.10574
-0.105525
-0.105138
-0.104582
-0.103859
-0.102973
-0.101927
-0.100722
-0.0993615
-0.0978461
-0.0961758
-0.0943488
-0.0923611
-0.090206
-0.0878735
-0.08535
-0.0826186
-0.0796596
-0.0764522
-0.0729779
-0.0692254
-0.0651977
-0.0609216
-0.0564578
-0.0519094
-0.047426
-0.0431975
-0.0394344
-0.036335
-0.0340438
-0.0326157
-0.0319994
-0.0320448
-0.0325462
-0.0333712
-0.034469
-0.0218629
-0.0219369
-0.0220832
-0.0223373
-0.0227319
-0.023294
-0.0240451
-0.025002
-0.0261776
-0.0275819
-0.0292223
-0.0311035
-0.0332271
-0.0355905
-0.0381864
-0.0410026
-0.0440212
-0.0472194
-0.0505694
-0.0540397
-0.0575956
-0.0612009
-0.0648189
-0.0684136
-0.0719508
-0.0753994
-0.0787315
-0.0819236
-0.084956
-0.0878134
-0.0904841
-0.0929601
-0.0952362
-0.0973097
-0.0991798
-0.100847
-0.102314
-0.103581
-0.104653
-0.105532
-0.106221
-0.106723
-0.107042
-0.107179
-0.107138
-0.106923
-0.106535
-0.105979
-0.105258
-0.104374
-0.103333
-0.102135
-0.100786
-0.0992866
-0.0976386
-0.0958418
-0.093894
-0.0917904
-0.0895228
-0.0870796
-0.0844449
-0.0815994
-0.0785211
-0.0751882
-0.071583
-0.0676988
-0.063549
-0.0591777
-0.0546707
-0.050163
-0.0458373
-0.041909
-0.0385958
-0.0360732
-0.0344324
-0.0336518
-0.0335963
-0.034058
-0.0348953
-0.0360483
-0.0232536
-0.0232863
-0.0234056
-0.0236446
-0.0240298
-0.0245881
-0.0253405
-0.0263028
-0.0274872
-0.0289025
-0.0305556
-0.0324502
-0.0345872
-0.0369634
-0.039571
-0.0423971
-0.0454236
-0.0486273
-0.0519801
-0.0554503
-0.0590034
-0.0626031
-0.066213
-0.0697972
-0.0733222
-0.0767572
-0.0800749
-0.0832521
-0.0862697
-0.0891127
-0.0917699
-0.0942334
-0.0964982
-0.0985618
-0.100423
-0.102083
-0.103544
-0.104807
-0.105874
-0.10675
-0.107436
-0.107936
-0.108253
-0.108388
-0.108346
-0.108129
-0.10774
-0.107182
-0.10646
-0.105577
-0.104536
-0.103343
-0.102
-0.100511
-0.0988789
-0.0971048
-0.0951885
-0.093127
-0.0909144
-0.0885409
-0.0859926
-0.0832512
-0.0802946
-0.0770993
-0.0736429
-0.069911
-0.0659049
-0.0616534
-0.0572246
-0.0527362
-0.0483593
-0.0443085
-0.0408147
-0.0380813
-0.0362351
-0.0352879
-0.0351245
-0.0355392
-0.0363836
-0.0375884
-0.0245841
-0.0245753
-0.0246694
-0.0248903
-0.025263
-0.0258137
-0.0265626
-0.0275249
-0.0287116
-0.0301312
-0.0317892
-0.0336889
-0.0358305
-0.0382101
-0.0408196
-0.0436458
-0.0466703
-0.0498697
-0.053216
-0.0566776
-0.0602199
-0.0638071
-0.0674029
-0.0709721
-0.0744813
-0.0779003
-0.0812022
-0.0843641
-0.0873674
-0.0901972
-0.0928426
-0.0952957
-0.0975517
-0.0996078
-0.101463
-0.103119
-0.104575
-0.105836
-0.106901
-0.107775
-0.108461
-0.108959
-0.109274
-0.109408
-0.109364
-0.109145
-0.108754
-0.108194
-0.107469
-0.106584
-0.105542
-0.104349
-0.103008
-0.101525
-0.0999023
-0.0981441
-0.0962513
-0.0942231
-0.0920556
-0.0897414
-0.0872685
-0.0846204
-0.0817761
-0.078711
-0.0754004
-0.0718235
-0.067972
-0.0638604
-0.0595396
-0.0551088
-0.050724
-0.0465934
-0.0429552
-0.0400358
-0.0379962
-0.0368837
-0.0366076
-0.0369688
-0.037815
-0.0390681
-0.025846
-0.0257974
-0.0258646
-0.0260661
-0.0264236
-0.0269626
-0.0277032
-0.0286598
-0.0298426
-0.0312592
-0.0329145
-0.034811
-0.0369483
-0.0393221
-0.041924
-0.0447406
-0.0477535
-0.0509394
-0.0542704
-0.0577152
-0.0612395
-0.064808
-0.0683846
-0.0719347
-0.0754253
-0.0788264
-0.0821117
-0.0852586
-0.0882485
-0.0910667
-0.0937023
-0.0961475
-0.0983973
-0.100449
-0.102301
-0.103955
-0.10541
-0.10667
-0.107736
-0.10861
-0.109295
-0.109794
-0.110108
-0.110241
-0.110196
-0.109974
-0.10958
-0.109016
-0.108288
-0.107398
-0.106352
-0.105156
-0.103814
-0.102331
-0.100713
-0.0989648
-0.0970883
-0.0950849
-0.0929532
-0.0906877
-0.0882792
-0.0857131
-0.0829698
-0.0800256
-0.0768539
-0.07343
-0.0697377
-0.0657794
-0.0615894
-0.0572484
-0.0528947
-0.0487254
-0.0449803
-0.0419031
-0.0396861
-0.0384131
-0.0380216
-0.0383241
-0.0391671
-0.0404649
-0.0270319
-0.0269451
-0.0269851
-0.0271655
-0.0275049
-0.0280285
-0.0287559
-0.0297009
-0.0308732
-0.0322796
-0.0339242
-0.0358091
-0.0379332
-0.0402921
-0.042877
-0.0456746
-0.0486667
-0.0518302
-0.0551377
-0.058558
-0.0620578
-0.0656017
-0.0691547
-0.0726821
-0.0761517
-0.0795338
-0.0828023
-0.0859346
-0.0889123
-0.0917209
-0.0943491
-0.096789
-0.0990354
-0.101085
-0.102937
-0.104591
-0.106048
-0.10731
-0.108378
-0.109254
-0.109941
-0.110441
-0.110756
-0.110888
-0.110841
-0.110617
-0.110219
-0.109651
-0.108917
-0.108021
-0.106969
-0.105767
-0.10442
-0.102934
-0.101316
-0.099571
-0.097704
-0.0957178
-0.0936128
-0.0913862
-0.0890309
-0.0865351
-0.0838811
-0.0810464
-0.0780043
-0.0747275
-0.0711939
-0.0673957
-0.0633527
-0.0591271
-0.0548383
-0.0506685
-0.0468536
-0.0436489
-0.0412738
-0.0398482
-0.039341
-0.0395808
-0.0404162
-0.0417549
-0.0281357
-0.0280127
-0.0280255
-0.0281835
-0.028502
-0.0290062
-0.0297154
-0.0306429
-0.031798
-0.0331867
-0.0348128
-0.0366776
-0.0387797
-0.0411144
-0.0436731
-0.0464426
-0.049405
-0.0525375
-0.0558134
-0.0592023
-0.0626711
-0.0661854
-0.0697104
-0.0732123
-0.076659
-0.0800211
-0.0832726
-0.0863913
-0.0893585
-0.0921594
-0.0947827
-0.0972202
-0.0994662
-0.101517
-0.103372
-0.10503
-0.106491
-0.107757
-0.108829
-0.109709
-0.110399
-0.110901
-0.111217
-0.111349
-0.111301
-0.111074
-0.110672
-0.110098
-0.109358
-0.108454
-0.107394
-0.106183
-0.104828
-0.103335
-0.101712
-0.099966
-0.0981023
-0.0961259
-0.0940393
-0.0918421
-0.0895295
-0.0870923
-0.0845154
-0.0817779
-0.078854
-0.0757153
-0.0723356
-0.0686991
-0.0648126
-0.0607215
-0.0565253
-0.0523893
-0.0485401
-0.0452388
-0.0427274
-0.0411599
-0.040539
-0.0407133
-0.0415371
-0.0429131
-0.0291527
-0.0289958
-0.0289819
-0.0291162
-0.0294113
-0.0298922
-0.0305782
-0.0314823
-0.0326133
-0.0339768
-0.0355762
-0.0374123
-0.0394835
-0.041785
-0.0443083
-0.0470406
-0.0499645
-0.0530578
-0.0562946
-0.0596451
-0.0630771
-0.0665568
-0.0700501
-0.0735236
-0.0769457
-0.0802871
-0.0835221
-0.086628
-0.0895863
-0.0923819
-0.0950029
-0.0974408
-0.0996895
-0.101745
-0.103605
-0.105269
-0.106737
-0.10801
-0.109088
-0.109974
-0.110669
-0.111174
-0.111493
-0.111626
-0.111576
-0.111346
-0.110939
-0.11036
-0.109611
-0.108699
-0.107628
-0.106406
-0.10504
-0.103537
-0.101905
-0.100153
-0.0982864
-0.0963131
-0.0942372
-0.0920603
-0.0897802
-0.0873903
-0.084878
-0.0822249
-0.0794067
-0.0763948
-0.0731607
-0.0696824
-0.0659564
-0.0620122
-0.0579304
-0.0538573
-0.0500065
-0.0466391
-0.0440145
-0.0423182
-0.0415875
-0.0416948
-0.0425037
-0.0439138
-0.0300798
-0.0298916
-0.0298516
-0.0299614
-0.0302308
-0.0306847
-0.0313424
-0.032217
-0.0333168
-0.0346475
-0.0362118
-0.0380105
-0.0400418
-0.042301
-0.0447799
-0.047466
-0.0503428
-0.0533888
-0.056579
-0.0598845
-0.063274
-0.0667145
-0.0701725
-0.0736151
-0.077011
-0.0803313
-0.0835499
-0.0866443
-0.0895955
-0.0923879
-0.0950093
-0.0974505
-0.0997049
-0.101768
-0.103637
-0.10531
-0.106788
-0.10807
-0.109157
-0.110051
-0.110752
-0.111262
-0.111583
-0.111717
-0.111667
-0.111434
-0.111023
-0.110436
-0.109678
-0.108755
-0.107673
-0.106438
-0.105058
-0.103541
-0.101897
-0.100133
-0.0982592
-0.0962829
-0.0942103
-0.0920453
-0.089788
-0.0874344
-0.0849746
-0.0823927
-0.0796666
-0.0767686
-0.073669
-0.0703418
-0.0667748
-0.0629839
-0.059032
-0.0550453
-0.0512217
-0.0478173
-0.045103
-0.0432925
-0.0424576
-0.0424976
-0.043289
-0.0447305
-0.0309151
-0.0306987
-0.0306336
-0.0307181
-0.0309596
-0.031383
-0.0320076
-0.0328464
-0.0339081
-0.0351979
-0.0367187
-0.0384711
-0.0404534
-0.042661
-0.0450863
-0.0477174
-0.0505385
-0.0535293
-0.0566656
-0.0599197
-0.0632612
-0.0666579
-0.0700771
-0.0734864
-0.0768547
-0.0801532
-0.0833559
-0.0864399
-0.0893857
-0.0921772
-0.0948017
-0.0972492
-0.0995124
-0.101586
-0.103467
-0.105153
-0.106643
-0.107937
-0.109035
-0.109938
-0.110647
-0.111164
-0.111489
-0.111625
-0.111574
-0.111339
-0.110922
-0.110328
-0.109561
-0.108626
-0.10753
-0.10628
-0.104883
-0.10335
-0.101689
-0.0999104
-0.0980238
-0.0960386
-0.0939625
-0.0918014
-0.0895577
-0.0872297
-0.0848105
-0.0822868
-0.0796387
-0.0768405
-0.0738623
-0.0706756
-0.0672616
-0.063625
-0.059812
-0.0559295
-0.0521573
-0.0487421
-0.0459612
-0.0440519
-0.0431197
-0.0430932
-0.0438654
-0.045336
-0.0316582
-0.0314168
-0.0313279
-0.0313868
-0.0315986
-0.031988
-0.0325746
-0.0333716
-0.0343878
-0.0356287
-0.0370973
-0.0387942
-0.0407182
-0.0428649
-0.0452273
-0.0477945
-0.0505515
-0.0534791
-0.0565544
-0.0597506
-0.0630386
-0.0663871
-0.069764
-0.0731375
-0.0764768
-0.0797531
-0.0829402
-0.0860148
-0.0889569
-0.0917499
-0.09438
-0.0968367
-0.0991118
-0.101199
-0.103095
-0.104796
-0.106302
-0.10761
-0.108722
-0.109637
-0.110356
-0.110881
-0.111212
-0.111351
-0.1113
-0.111062
-0.11064
-0.110038
-0.10926
-0.108312
-0.107201
-0.105933
-0.104519
-0.102966
-0.101285
-0.0994875
-0.0975835
-0.0955838
-0.0934978
-0.091333
-0.0890941
-0.0867817
-0.0843914
-0.0819127
-0.0793285
-0.076615
-0.0737435
-0.070684
-0.0674132
-0.0639266
-0.0602558
-0.0564891
-0.0527872
-0.049384
-0.046558
-0.0445655
-0.0435438
-0.0434525
-0.0442043
-0.0457026
-0.0323099
-0.0320469
-0.0319359
-0.0319691
-0.0321496
-0.0325018
-0.0330457
-0.0337947
-0.0347581
-0.0359418
-0.0373492
-0.0389814
-0.0408374
-0.0429138
-0.045204
-0.0476981
-0.0503824
-0.0532389
-0.0562459
-0.0593781
-0.0626072
-0.065903
-0.0692342
-0.0725694
-0.0758782
-0.0791317
-0.0823034
-0.0853696
-0.0883098
-0.0911062
-0.0937447
-0.0962134
-0.0985034
-0.100608
-0.102522
-0.104242
-0.105766
-0.107092
-0.10822
-0.109149
-0.10988
-0.110414
-0.110752
-0.110895
-0.110845
-0.110605
-0.110178
-0.109567
-0.108778
-0.107816
-0.106689
-0.105402
-0.103967
-0.102392
-0.100688
-0.098868
-0.0969422
-0.0949229
-0.0928208
-0.0906452
-0.0884026
-0.0860959
-0.0837232
-0.0812767
-0.0787419
-0.0760976
-0.0733166
-0.0703689
-0.0672282
-0.0638827
-0.0603518
-0.0567065
-0.0530881
-0.0497154
-0.0468633
-0.0448024
-0.0436994
-0.0435455
-0.0442765
-0.0458016
-0.0328722
-0.0325913
-0.03246
-0.0324677
-0.0326157
-0.0329279
-0.0334245
-0.0341194
-0.0350225
-0.0361406
-0.0374775
-0.0390353
-0.0408135
-0.0428096
-0.045018
-0.04743
-0.050033
-0.0528105
-0.055742
-0.0588037
-0.0619685
-0.0652071
-0.0684891
-0.0717836
-0.0750603
-0.0782903
-0.0814468
-0.0845056
-0.0874452
-0.0902472
-0.0928964
-0.09538
-0.0976881
-0.0998128
-0.101748
-0.10349
-0.105035
-0.106382
-0.107529
-0.108475
-0.10922
-0.109766
-0.110112
-0.110261
-0.110213
-0.109971
-0.109539
-0.10892
-0.108119
-0.107143
-0.105997
-0.10469
-0.103232
-0.101633
-0.0999035
-0.0980566
-0.0961049
-0.0940609
-0.0919369
-0.0897435
-0.0874891
-0.0851786
-0.0828124
-0.0803852
-0.0778855
-0.0752944
-0.0725868
-0.0697336
-0.0667069
-0.0634896
-0.060091
-0.0565666
-0.0530391
-0.0497103
-0.0468479
-0.044732
-0.0435554
-0.0433415
-0.0440516
-0.0456038
-0.0333481
-0.0330531
-0.0329036
-0.0328865
-0.033001
-0.0332706
-0.0337156
-0.0343503
-0.0351856
-0.0362292
-0.0374863
-0.0389596
-0.0406498
-0.0425556
-0.0446724
-0.0469929
-0.0495058
-0.0521962
-0.0550452
-0.05803
-0.061125
-0.0643021
-0.0675314
-0.0707825
-0.0740255
-0.0772312
-0.0803725
-0.0834245
-0.086365
-0.0891746
-0.0918369
-0.0943382
-0.0966673
-0.0988154
-0.100776
-0.102543
-0.104112
-0.105483
-0.106651
-0.107617
-0.108379
-0.108939
-0.109295
-0.10945
-0.109406
-0.109163
-0.108727
-0.1081
-0.107287
-0.106295
-0.105131
-0.103803
-0.10232
-0.100694
-0.0989358
-0.0970593
-0.0950776
-0.0930043
-0.0908527
-0.0886348
-0.0863606
-0.0840369
-0.0816662
-0.0792458
-0.0767664
-0.074212
-0.0715599
-0.0687824
-0.0658511
-0.0627455
-0.0594667
-0.0560568
-0.0526213
-0.0493442
-0.0464832
-0.0443234
-0.0430801
-0.0428085
-0.0434983
-0.0450786
-0.0337417
-0.0334366
-0.0332712
-0.0332301
-0.0333105
-0.0335352
-0.0339243
-0.0344928
-0.0352526
-0.036213
-0.0373803
-0.0387588
-0.0403506
-0.0421555
-0.0441707
-0.0463902
-0.0488042
-0.0513995
-0.0541586
-0.0570603
-0.0600802
-0.0631911
-0.0663642
-0.0695694
-0.0727769
-0.0759575
-0.0790835
-0.0821294
-0.085072
-0.087891
-0.0905687
-0.0930904
-0.0954435
-0.0976182
-0.0996064
-0.101402
-0.103
-0.104397
-0.10559
-0.106578
-0.10736
-0.107936
-0.108305
-0.108469
-0.108428
-0.108187
-0.107747
-0.107112
-0.106288
-0.10528
-0.104096
-0.102745
-0.101237
-0.0995816
-0.0977927
-0.0958834
-0.0938679
-0.0917608
-0.0895761
-0.0873272
-0.0850254
-0.0826792
-0.0802932
-0.0778666
-0.0753928
-0.0728584
-0.0702429
-0.0675208
-0.064664
-0.06165
-0.0584738
-0.0551665
-0.0518177
-0.0485942
-0.0457414
-0.0435455
-0.0422408
-0.0419134
-0.0425834
-0.0441939
-0.0340576
-0.0337464
-0.0335678
-0.0335038
-0.03355
-0.0337277
-0.0340569
-0.0345532
-0.0352299
-0.0360978
-0.0371653
-0.0384382
-0.0399207
-0.0416141
-0.0435174
-0.0456261
-0.0479323
-0.0504244
-0.0530864
-0.0558986
-0.0588381
-0.0618785
-0.0649918
-0.0681486
-0.0713189
-0.0744734
-0.0775839
-0.0806242
-0.0835701
-0.0864002
-0.0890956
-0.0916402
-0.0940203
-0.0962247
-0.0982442
-0.100072
-0.101701
-0.103128
-0.10435
-0.105363
-0.106168
-0.106762
-0.107146
-0.107321
-0.107287
-0.107047
-0.106605
-0.105963
-0.105128
-0.104105
-0.102901
-0.101526
-0.0999906
-0.0983052
-0.096483
-0.0945381
-0.0924853
-0.0903398
-0.0881167
-0.0858303
-0.0834933
-0.0811154
-0.0787029
-0.0762573
-0.073774
-0.071242
-0.0686435
-0.0659549
-0.0631496
-0.060204
-0.0571089
-0.0538866
-0.0506128
-0.0474381
-0.0445946
-0.0423666
-0.0410035
-0.0406209
-0.0412716
-0.0429153
-0.0343013
-0.0339883
-0.0337991
-0.0337139
-0.0337257
-0.0338547
-0.0341201
-0.0345383
-0.0351241
-0.0358903
-0.0368474
-0.0380038
-0.0393656
-0.0409365
-0.0427172
-0.0447053
-0.0468948
-0.0492755
-0.0518333
-0.05455
-0.0574038
-0.0603695
-0.0634197
-0.0665255
-0.0696569
-0.0727844
-0.0758793
-0.0789144
-0.0818648
-0.0847075
-0.0874227
-0.0899927
-0.0924026
-0.0946399
-0.096694
-0.0985567
-0.100221
-0.101682
-0.102935
-0.103978
-0.104808
-0.105424
-0.105825
-0.106013
-0.105988
-0.105752
-0.105309
-0.104662
-0.103816
-0.102778
-0.101555
-0.100156
-0.0985921
-0.0968749
-0.0950175
-0.0930345
-0.090941
-0.088753
-0.0864862
-0.084156
-0.0817758
-0.0793568
-0.0769068
-0.0744288
-0.0719203
-0.0693726
-0.0667703
-0.0640921
-0.0613128
-0.0584092
-0.0553694
-0.0522088
-0.0489918
-0.0458542
-0.0430147
-0.0407536
-0.039332
-0.0388932
-0.0395247
-0.0412055
-0.0344787
-0.0341682
-0.0339715
-0.0338666
-0.0338445
-0.0339231
-0.034121
-0.0344553
-0.0349423
-0.0355971
-0.0364331
-0.0374616
-0.0386912
-0.0401282
-0.0417756
-0.0436332
-0.0456969
-0.0479583
-0.050405
-0.0530203
-0.0557834
-0.0586704
-0.0616544
-0.0647068
-0.0677978
-0.0708974
-0.0739765
-0.077007
-0.0799627
-0.0828198
-0.0855567
-0.0881546
-0.0905971
-0.0928703
-0.0949624
-0.0968639
-0.0985668
-0.100065
-0.101353
-0.102428
-0.103287
-0.103928
-0.10435
-0.104554
-0.10454
-0.104311
-0.103868
-0.103217
-0.102362
-0.10131
-0.100068
-0.0986453
-0.097053
-0.0953031
-0.093409
-0.0913855
-0.0892483
-0.0870138
-0.0846983
-0.0823178
-0.0798866
-0.077417
-0.0749178
-0.0723936
-0.0698436
-0.0672611
-0.0646329
-0.0619399
-0.0591591
-0.0562678
-0.053253
-0.0501254
-0.0469402
-0.0438206
-0.0409728
-0.0386717
-0.0371875
-0.0366891
-0.0373008
-0.0390234
-0.0345963
-0.0342927
-0.0340917
-0.0339691
-0.0339135
-0.0339402
-0.034067
-0.0343113
-0.0346914
-0.0352251
-0.035929
-0.0368177
-0.0379033
-0.0391949
-0.0406982
-0.0424154
-0.0443444
-0.0464788
-0.0488078
-0.0513161
-0.0539841
-0.0567887
-0.0597037
-0.0627007
-0.06575
-0.0688211
-0.0718843
-0.0749107
-0.0778729
-0.0807457
-0.0835064
-0.0861346
-0.0886124
-0.0909245
-0.0930578
-0.0950015
-0.0967464
-0.0982854
-0.0996126
-0.100723
-0.101615
-0.102284
-0.10273
-0.102953
-0.102954
-0.102733
-0.102294
-0.101641
-0.100779
-0.0997136
-0.0984536
-0.097008
-0.0953875
-0.0936044
-0.0916724
-0.0896066
-0.087423
-0.0851381
-0.0827689
-0.0803317
-0.0778416
-0.0753114
-0.0727509
-0.070166
-0.0675572
-0.0649195
-0.0622417
-0.059507
-0.0566941
-0.0537821
-0.0507576
-0.0476284
-0.044443
-0.0413144
-0.0384381
-0.0360834
-0.0345273
-0.0339627
-0.0345526
-0.0363226
-0.0346606
-0.0343686
-0.0341667
-0.0340286
-0.0339399
-0.0339134
-0.0339653
-0.0341136
-0.0343784
-0.0347809
-0.0353414
-0.0360784
-0.0370079
-0.0381424
-0.0394907
-0.0410577
-0.0428435
-0.0448436
-0.0470488
-0.049445
-0.0520139
-0.0547331
-0.0575769
-0.0605169
-0.0635235
-0.0665658
-0.0696133
-0.0726361
-0.0756059
-0.0784961
-0.0812825
-0.0839432
-0.0864589
-0.0888129
-0.0909907
-0.09298
-0.0947706
-0.0963542
-0.0977239
-0.0988745
-0.0998019
-0.100503
-0.100977
-0.101223
-0.101241
-0.101032
-0.100599
-0.099947
-0.0990797
-0.0980039
-0.0967275
-0.0952599
-0.0936118
-0.0917956
-0.0898252
-0.0877156
-0.085483
-0.0831443
-0.0807165
-0.0782161
-0.0756587
-0.0730575
-0.070423
-0.0677618
-0.0650757
-0.0623609
-0.0596079
-0.0568018
-0.0539237
-0.050954
-0.0478802
-0.0447087
-0.0414837
-0.0383106
-0.0353767
-0.0329468
-0.0313038
-0.0306625
-0.0312267
-0.0330505
-0.0346784
-0.0344031
-0.034204
-0.0340525
-0.0339315
-0.0338501
-0.033823
-0.0338687
-0.0340097
-0.0342705
-0.034676
-0.0352491
-0.0360104
-0.0369763
-0.0381591
-0.0395664
-0.0412009
-0.0430599
-0.0451358
-0.0474158
-0.0498824
-0.0525137
-0.0552846
-0.0581668
-0.0611302
-0.0641438
-0.067176
-0.0701962
-0.0731748
-0.076084
-0.078898
-0.0815935
-0.0841498
-0.0865486
-0.0887739
-0.0908122
-0.092652
-0.0942839
-0.0957
-0.0968942
-0.0978618
-0.0985993
-0.0991046
-0.0993765
-0.0994152
-0.099222
-0.0987993
-0.0981507
-0.0972813
-0.0961973
-0.0949068
-0.0934188
-0.0917443
-0.0898957
-0.0878867
-0.0857324
-0.0834489
-0.081053
-0.0785616
-0.0759916
-0.0733582
-0.0706751
-0.0679529
-0.0651989
-0.0624153
-0.0595995
-0.0567434
-0.0538336
-0.050853
-0.0477844
-0.0446163
-0.0413553
-0.0380433
-0.0347812
-0.0317509
-0.0292152
-0.0274629
-0.0267292
-0.0272614
-0.0291459
-0.0346568
-0.0344038
-0.0342114
-0.0340488
-0.0338957
-0.0337575
-0.0336469
-0.033583
-0.0335909
-0.0336993
-0.0339378
-0.0343349
-0.0349159
-0.0357019
-0.036709
-0.0379479
-0.0394237
-0.0411358
-0.0430778
-0.0452382
-0.0476
-0.0501422
-0.0528394
-0.0556635
-0.058584
-0.0615694
-0.0645873
-0.0676061
-0.070595
-0.0735248
-0.0763685
-0.0791011
-0.0817005
-0.0841469
-0.0864228
-0.0885133
-0.0904058
-0.0920896
-0.093556
-0.0947977
-0.0958095
-0.0965871
-0.0971278
-0.0974302
-0.0974939
-0.0973201
-0.0969109
-0.0962697
-0.0954016
-0.0943127
-0.0930107
-0.0915049
-0.0898059
-0.0879261
-0.0858789
-0.0836793
-0.0813431
-0.0788868
-0.0763273
-0.0736807
-0.0709624
-0.0681857
-0.0653613
-0.0624963
-0.0595934
-0.0566505
-0.0536603
-0.0506108
-0.0474868
-0.0442727
-0.0409593
-0.0375542
-0.0340992
-0.0306935
-0.0275172
-0.0248346
-0.0229419
-0.0220942
-0.0225847
-0.0245371
-0.0346029
-0.0343784
-0.034197
-0.0340255
-0.0338403
-0.0336426
-0.0334431
-0.0332619
-0.0331269
-0.0330715
-0.0331311
-0.0333399
-0.0337289
-0.0343243
-0.0351462
-0.0362087
-0.0375195
-0.0390798
-0.0408846
-0.0429231
-0.0451792
-0.0476317
-0.0502555
-0.0530222
-0.0559009
-0.0588593
-0.0618645
-0.0648834
-0.0678843
-0.0708367
-0.0737121
-0.0764842
-0.0791291
-0.0816257
-0.0839552
-0.0861012
-0.0880497
-0.0897891
-0.0913094
-0.0926026
-0.0936626
-0.0944844
-0.0950649
-0.095402
-0.0954952
-0.095345
-0.0949535
-0.094324
-0.0934611
-0.0923709
-0.0910609
-0.0895402
-0.0878192
-0.0859099
-0.0838255
-0.0815805
-0.0791902
-0.0766708
-0.0740382
-0.0713082
-0.0684955
-0.0656128
-0.0626703
-0.0596746
-0.0566284
-0.0535295
-0.050371
-0.0471419
-0.0438282
-0.0404164
-0.0368995
-0.0332874
-0.0296237
-0.0260086
-0.0226246
-0.0197419
-0.0176675
-0.0166768
-0.0171115
-0.0191396
-0.0345239
-0.0343353
-0.0341697
-0.0339914
-0.0337733
-0.0335123
-0.0332174
-0.0329098
-0.0326211
-0.0323901
-0.0322585
-0.032267
-0.032453
-0.0328477
-0.0334762
-0.0343557
-0.0354965
-0.0369016
-0.0385672
-0.0404832
-0.0426336
-0.0449974
-0.0475492
-0.0502603
-0.0530991
-0.0560327
-0.059027
-0.0620483
-0.0650633
-0.0680404
-0.0709497
-0.0737635
-0.0764565
-0.0790059
-0.0813917
-0.0835961
-0.085604
-0.0874024
-0.0889803
-0.090329
-0.0914412
-0.0923115
-0.0929361
-0.0933125
-0.0934395
-0.0933177
-0.0929485
-0.0923351
-0.0914819
-0.0903947
-0.0890807
-0.0875487
-0.0858087
-0.0838722
-0.081752
-0.0794619
-0.0770165
-0.074431
-0.0717206
-0.0689
-0.0659828
-0.0629807
-0.0599029
-0.0567551
-0.0535392
-0.0502523
-0.0468876
-0.043434
-0.0398787
-0.0362099
-0.0324232
-0.0285317
-0.0245824
-0.0206798
-0.0170125
-0.0138625
-0.0115531
-0.0103811
-0.0107407
-0.0128525
-0.0344275
-0.0342839
-0.0341393
-0.0339557
-0.0337029
-0.0333733
-0.0329748
-0.0325302
-0.0320759
-0.0316567
-0.0313215
-0.0311183
-0.0310908
-0.0312764
-0.0317044
-0.032396
-0.0333636
-0.0346119
-0.0361381
-0.0379325
-0.039979
-0.0422564
-0.0447391
-0.0473974
-0.0501994
-0.0531109
-0.0560972
-0.0591234
-0.0621551
-0.0651593
-0.0681049
-0.0709627
-0.0737061
-0.0763109
-0.0787556
-0.0810213
-0.0830916
-0.0849522
-0.0865913
-0.0879991
-0.0891676
-0.0900906
-0.0907637
-0.0911839
-0.0913497
-0.0912609
-0.090919
-0.0903267
-0.0894879
-0.0884084
-0.0870948
-0.0855554
-0.0837999
-0.081839
-0.0796848
-0.0773502
-0.0748487
-0.0721945
-0.0694013
-0.0664825
-0.0634502
-0.0603144
-0.0570828
-0.0537594
-0.0503447
-0.0468346
-0.0432212
-0.039493
-0.0356376
-0.0316445
-0.0275122
-0.0232575
-0.0189331
-0.0146501
-0.010608
-0.00710705
-0.00449448
-0.00309247
-0.00335081
-0.0055548
-0.0343218
-0.034235
-0.0341173
-0.0339291
-0.033638
-0.0332323
-0.0327194
-0.0321254
-0.031492
-0.0308714
-0.0303203
-0.0298944
-0.0296445
-0.029614
-0.0298368
-0.0303374
-0.0311308
-0.0322229
-0.0336115
-0.035287
-0.0372332
-0.0394284
-0.0418459
-0.0444558
-0.0472248
-0.0501181
-0.0530999
-0.0561342
-0.0591854
-0.0622195
-0.0652038
-0.068108
-0.070904
-0.0735666
-0.0760728
-0.0784024
-0.0805377
-0.0824637
-0.0841672
-0.0856377
-0.0868663
-0.0878461
-0.0885721
-0.0890407
-0.0892499
-0.0891992
-0.0888896
-0.0883234
-0.0875042
-0.0864372
-0.0851287
-0.0835863
-0.081819
-0.0798368
-0.0776506
-0.0752722
-0.0727138
-0.0699881
-0.067107
-0.0640821
-0.0609232
-0.0576384
-0.0542329
-0.0507085
-0.0470632
-0.043291
-0.0393818
-0.0353229
-0.0311014
-0.0267076
-0.0221427
-0.0174284
-0.0126238
-0.00785083
-0.00332361
0.000631844
0.0036339
0.00532838
0.00520558
0.00290027
-0.0342156
-0.0342023
-0.0341176
-0.0339242
-0.0335886
-0.0330961
-0.0324551
-0.0316964
-0.0308688
-0.0300328
-0.0292537
-0.0285953
-0.0281158
-0.0278643
-0.0278794
-0.0281888
-0.0288095
-0.0297484
-0.0310036
-0.0325653
-0.0344166
-0.0365351
-0.0388933
-0.04146
-0.0442013
-0.0470811
-0.0500626
-0.0531086
-0.0561827
-0.0592494
-0.062275
-0.065228
-0.068079
-0.0708015
-0.0733713
-0.0757671
-0.0779701
-0.0799641
-0.081735
-0.0832714
-0.0845637
-0.0856041
-0.0863871
-0.0869085
-0.0871658
-0.087158
-0.0868857
-0.0863507
-0.0855562
-0.0845068
-0.0832081
-0.0816671
-0.0798918
-0.0778912
-0.075675
-0.0732535
-0.0706374
-0.0678372
-0.0648628
-0.0617232
-0.0584258
-0.0549756
-0.0513748
-0.0476219
-0.0437117
-0.0396346
-0.0353777
-0.0309257
-0.0262639
-0.0213829
-0.0162858
-0.011
-0.00559336
-0.000199101
0.00494624
0.00948376
0.0129847
0.0150515
0.0151088
0.0126923
-0.0341252
-0.0342013
-0.0341576
-0.0339564
-0.0335665
-0.0329722
-0.0321854
-0.0312437
-0.0302048
-0.0291387
-0.0281197
-0.0272206
-0.0265063
-0.0260318
-0.0258398
-0.0259608
-0.0264132
-0.0272047
-0.0283332
-0.0297882
-0.0315522
-0.0336014
-0.0359074
-0.0384377
-0.0411573
-0.0440291
-0.0470151
-0.0500772
-0.0531777
-0.0562801
-0.0593497
-0.0623537
-0.0652618
-0.0680461
-0.0706815
-0.0731454
-0.0754181
-0.0774824
-0.0793233
-0.0809284
-0.0822874
-0.0833919
-0.0842356
-0.0848138
-0.0851235
-0.0851632
-0.0849329
-0.0844339
-0.0836689
-0.0826417
-0.0813573
-0.0798218
-0.078042
-0.0760258
-0.0737814
-0.0713174
-0.0686423
-0.0657643
-0.0626908
-0.0594277
-0.0559791
-0.0523463
-0.0485274
-0.0445169
-0.0403047
-0.0358768
-0.0312155
-0.0263014
-0.0211167
-0.0156506
-0.00990801
-0.0039217
0.00222956
0.0084029
0.0143267
0.0196043
0.0237441
0.0262872
0.0265824
0.0240448
-0.0340654
-0.0342578
-0.0342621
-0.0340463
-0.0335865
-0.0328697
-0.0319142
-0.0307674
-0.0294978
-0.0281861
-0.0269166
-0.0257702
-0.0248188
-0.0241225
-0.0237273
-0.023666
-0.0239579
-0.0246107
-0.0256219
-0.02698
-0.028666
-0.0306551
-0.0329173
-0.0354191
-0.0381241
-0.0409941
-0.04399
-0.0470726
-0.0502033
-0.0533447
-0.0564608
-0.059518
-0.0624849
-0.0653326
-0.068035
-0.0705686
-0.0729126
-0.0750488
-0.0769615
-0.0786375
-0.0800657
-0.081237
-0.0821446
-0.0827829
-0.0831487
-0.0832397
-0.0830554
-0.0825965
-0.0818651
-0.0808642
-0.079598
-0.0780715
-0.0762903
-0.0742607
-0.0719894
-0.0694827
-0.066747
-0.0637876
-0.0606088
-0.0572129
-0.0535999
-0.0497667
-0.0457063
-0.0414075
-0.0368544
-0.0320266
-0.0268999
-0.0214487
-0.01565
-0.00948979
-0.00297285
0.00386329
0.0109297
0.0180596
0.0249617
0.0311782
0.0361391
0.0392978
0.0399081
0.0372431
-0.0340635
-0.0344069
-0.0344656
-0.0342218
-0.0336684
-0.0328003
-0.0316468
-0.0302685
-0.0287463
-0.0271733
-0.0256434
-0.0242457
-0.0230581
-0.0221447
-0.0215542
-0.0213204
-0.021463
-0.0219891
-0.022895
-0.0241679
-0.0257874
-0.027727
-0.0299553
-0.0324373
-0.0351354
-0.0380102
-0.0410217
-0.0441296
-0.0472943
-0.0504776
-0.0536427
-0.0567549
-0.059782
-0.0626942
-0.0654645
-0.0680685
-0.0704845
-0.0726936
-0.0746793
-0.0764274
-0.0779263
-0.0791663
-0.0801396
-0.0808406
-0.0812649
-0.08141
-0.0812747
-0.0808591
-0.0801644
-0.0791929
-0.0779477
-0.0764326
-0.074652
-0.0726105
-0.0703126
-0.0677626
-0.0649641
-0.0619192
-0.0586285
-0.0550903
-0.0512997
-0.047248
-0.0429221
-0.038304
-0.0333699
-0.0280911
-0.0224349
-0.0163667
-0.00985548
-0.00288104
0.00455432
0.0124101
0.0205864
0.0288945
0.0370136
0.0444215
0.050445
0.0544126
0.0554467
0.0526622
-0.0341633
-0.0347027
-0.0348186
-0.0345226
-0.03384
-0.0327812
-0.0313921
-0.02975
-0.0279514
-0.0261009
-0.0243024
-0.0226522
-0.0212327
-0.0201109
-0.0193367
-0.0189441
-0.018952
-0.0193663
-0.0201815
-0.0213833
-0.0229492
-0.0248512
-0.0270562
-0.0295278
-0.0322271
-0.0351137
-0.0381464
-0.0412842
-0.0444866
-0.0477145
-0.0509303
-0.0540988
-0.0571868
-0.0601639
-0.0630021
-0.0656763
-0.0681642
-0.070446
-0.0725045
-0.0743248
-0.0758947
-0.0772037
-0.0782437
-0.079008
-0.0794921
-0.0796927
-0.0796079
-0.0792371
-0.0785808
-0.0776402
-0.0764175
-0.0749152
-0.073136
-0.0710828
-0.0687579
-0.0661632
-0.0632991
-0.0601643
-0.0567552
-0.0530653
-0.049084
-0.0447962
-0.0401815
-0.0352132
-0.0298583
-0.0240773
-0.0178259
-0.0110578
-0.0037302
0.00418741
0.0126994
0.0217659
0.0312783
0.0410273
0.0506524
0.0595766
0.0669891
0.0720437
0.0736671
0.0708122
-0.0344374
-0.0352304
-0.0353972
-0.035007
-0.0341416
-0.0328382
-0.0311654
-0.0292214
-0.0271188
-0.0249746
-0.0229014
-0.0210002
-0.0193569
-0.0180393
-0.017097
-0.0165627
-0.0164536
-0.0167735
-0.0175148
-0.0186609
-0.0201875
-0.0220645
-0.0242574
-0.0267282
-0.0294368
-0.0323418
-0.0354011
-0.0385728
-0.0418158
-0.0450902
-0.0483579
-0.051583
-0.0547316
-0.0577727
-0.0606776
-0.0634208
-0.065979
-0.0683318
-0.0704614
-0.0723524
-0.0739918
-0.0753687
-0.0764741
-0.0773011
-0.0778443
-0.0780999
-0.0780653
-0.0777391
-0.0771211
-0.0762114
-0.0750111
-0.0735212
-0.071743
-0.0696773
-0.0673242
-0.0646826
-0.0617498
-0.0585206
-0.0549868
-0.0511363
-0.0469523
-0.0424124
-0.0374872
-0.0321401
-0.0263265
-0.019994
-0.0130837
-0.00553339
0.002716
0.0117106
0.021468
0.0319552
0.0430606
0.0545579
0.0660504
0.0768955
0.0861482
0.0927011
0.095186
0.0924084
-0.0350111
-0.0361265
-0.0363177
-0.0357609
-0.0346329
-0.0330111
-0.0309936
-0.0287015
-0.0262642
-0.0238096
-0.0214565
-0.0193091
-0.0174534
-0.0159559
-0.0148643
-0.0142082
-0.0140021
-0.0142469
-0.0149323
-0.0160391
-0.0175409
-0.0194058
-0.0215974
-0.0240766
-0.026802
-0.0297313
-0.0328215
-0.0360301
-0.0393155
-0.0426371
-0.0459565
-0.049237
-0.0524445
-0.0555473
-0.0585162
-0.0613251
-0.0639502
-0.0663707
-0.0685679
-0.0705261
-0.0722317
-0.0736731
-0.0748409
-0.0757277
-0.0763273
-0.0766354
-0.0766488
-0.0763653
-0.0757836
-0.0749032
-0.0737237
-0.0722448
-0.0704659
-0.068386
-0.0660027
-0.0633119
-0.0603073
-0.0569796
-0.0533156
-0.0492972
-0.0449006
-0.0400949
-0.034841
-0.0290905
-0.0227855
-0.0158577
-0.00823053
0.000178342
0.00945001
0.0196534
0.0308278
0.0429579
0.0559404
0.069542
0.0833383
0.0966217
0.108337
0.117006
0.120827
0.11848
-0.036104
-0.0376128
-0.0377585
-0.0369121
-0.0354023
-0.0333615
-0.0309207
-0.0282246
-0.0254172
-0.0226342
-0.0199973
-0.0176099
-0.0155554
-0.0138964
-0.012676
-0.0119197
-0.0116377
-0.0118271
-0.0124747
-0.0135583
-0.0150494
-0.0169139
-0.019114
-0.0216094
-0.0243575
-0.0273153
-0.0304391
-0.033686
-0.0370138
-0.0403816
-0.0437505
-0.0470836
-0.0503462
-0.0535064
-0.0565347
-0.0594042
-0.0620909
-0.0645734
-0.0668328
-0.0688527
-0.0706189
-0.0721196
-0.0733448
-0.0742864
-0.074938
-0.0752943
-0.0753517
-0.0751072
-0.0745587
-0.0737045
-0.072543
-0.0710726
-0.0692909
-0.0671947
-0.0647791
-0.0620369
-0.0589582
-0.0555292
-0.0517314
-0.0475403
-0.0429245
-0.0378439
-0.0322485
-0.0260772
-0.0192565
-0.0117002
-0.00331024
0.00602017
0.0164004
0.027931
0.0406846
0.0546789
0.0698375
0.085941
0.102559
0.118949
0.133937
0.14569
0.151706
0.150533
-0.0381112
-0.0400529
-0.0399903
-0.0386449
-0.0365755
-0.0339778
-0.0310126
-0.0278438
-0.0246245
-0.0214926
-0.0185672
-0.0159467
-0.0137077
-0.0119058
-0.0105775
-0.00974205
-0.00940434
-0.00955715
-0.0101834
-0.0112582
-0.0127503
-0.0146241
-0.0168402
-0.0193571
-0.0221315
-0.0251196
-0.0282774
-0.0315614
-0.0349292
-0.0383398
-0.0417539
-0.0451343
-0.0484463
-0.0516576
-0.0547382
-0.0576613
-0.0604024
-0.0629396
-0.0652537
-0.067328
-0.0691478
-0.0707009
-0.0719769
-0.0729671
-0.0736647
-0.074064
-0.0741604
-0.0739503
-0.0734308
-0.0725992
-0.0714527
-0.0699882
-0.0682015
-0.0660873
-0.063638
-0.0608435
-0.05769
-0.0541592
-0.050227
-0.0458624
-0.0410259
-0.0356679
-0.029727
-0.023128
-0.0157808
-0.00757922
0.00159907
0.01189
0.0234378
0.0363842
0.05085
0.066906
0.0845309
0.103554
0.123581
0.14388
0.16322
0.179524
0.189271
0.190714
-0.0417644
-0.0440436
-0.0434054
-0.0412023
-0.0383084
-0.0349649
-0.0313448
-0.0276188
-0.0239382
-0.0204335
-0.017214
-0.014367
-0.0119575
-0.0100308
-0.00861391
-0.00771845
-0.00734287
-0.00747484
-0.00809326
-0.00917011
-0.0106719
-0.0125612
-0.0147974
-0.0173379
-0.0201389
-0.0231561
-0.0263452
-0.0296626
-0.0330656
-0.0365131
-0.0399657
-0.0433864
-0.04674
-0.0499942
-0.0531189
-0.056087
-0.0588738
-0.0614573
-0.0638178
-0.0659382
-0.0678038
-0.0694018
-0.0707215
-0.0717538
-0.0724913
-0.0729278
-0.0730582
-0.0728782
-0.072384
-0.0715719
-0.0704379
-0.0689774
-0.0671846
-0.065052
-0.0625697
-0.0597243
-0.0564982
-0.0528686
-0.0488061
-0.0442731
-0.0392221
-0.0335938
-0.0273153
-0.0202973
-0.0124324
-0.00359317
0.00636873
0.0176219
0.0303515
0.0447507
0.0610046
0.079263
0.0995972
0.121939
0.145992
0.171123
0.1962
0.219025
0.235081
0.241729
-0.0484702
-0.0505503
-0.0485014
-0.0448257
-0.0407172
-0.0363724
-0.0319332
-0.0275514
-0.0233573
-0.0194595
-0.0159458
-0.012884
-0.0103222
-0.00829113
-0.00680614
-0.00586946
-0.00547235
-0.00559699
-0.00621818
-0.00730492
-0.0088216
-0.0107292
-0.0129862
-0.0155493
-0.0183743
-0.0214167
-0.024632
-0.0279767
-0.031408
-0.0348851
-0.0383685
-0.041821
-0.0452078
-0.0484963
-0.0516565
-0.0546611
-0.0574852
-0.0601066
-0.0625055
-0.0646647
-0.0665689
-0.0682052
-0.0695624
-0.0706311
-0.0714035
-0.0718729
-0.0720336
-0.0718806
-0.0714094
-0.0706152
-0.0694931
-0.068037
-0.0662394
-0.0640905
-0.0615784
-0.058687
-0.0553949
-0.051675
-0.0474928
-0.0428046
-0.0375553
-0.0316768
-0.0250849
-0.017677
-0.00932906
0.000107109
0.0108063
0.0229711
0.0368317
0.0526414
0.0706661
0.0911642
0.114349
0.14033
0.169015
0.2
0.232441
0.264265
0.290404
0.306711
-0.0610764
-0.0610688
-0.0557615
-0.0495893
-0.0436982
-0.0380158
-0.0325693
-0.0274433
-0.0227109
-0.0184321
-0.0146557
-0.0114181
-0.00874363
-0.00664484
-0.00512349
-0.00417185
-0.00377399
-0.003907
-0.00454217
-0.00564613
-0.00718177
-0.0091091
-0.0113861
-0.0139692
-0.0168142
-0.0198767
-0.0231124
-0.0264778
-0.0299307
-0.03343
-0.0369367
-0.0404137
-0.0438262
-0.0471417
-0.0503303
-0.0533644
-0.0562193
-0.0588725
-0.0613041
-0.0634965
-0.0654344
-0.0671045
-0.0684954
-0.0695972
-0.0704018
-0.0709019
-0.0710913
-0.0709645
-0.0705161
-0.0697407
-0.0686323
-0.0671836
-0.0653858
-0.0632258
-0.0606914
-0.0577633
-0.054417
-0.0506219
-0.0463388
-0.0415187
-0.0361001
-0.0300071
-0.0231459
-0.0154024
-0.00663781
0.00331445
0.0146532
0.0276134
0.0424696
0.0595385
0.0791786
0.101785
0.127771
0.157532
0.191358
0.229314
0.27109
0.315157
0.356571
0.391651
-0.0861076
-0.0773955
-0.0651142
-0.0548698
-0.0464043
-0.0390279
-0.0324818
-0.0266585
-0.0214959
-0.0169626
-0.013046
-0.00974183
-0.00704668
-0.00495471
-0.00345566
-0.00253406
-0.00216909
-0.00233495
-0.00300132
-0.00413407
-0.00569587
-0.00764687
-0.00994533
-0.0125482
-0.0154118
-0.018492
-0.0217451
-0.0251281
-0.0285989
-0.0321171
-0.0356437
-0.0391419
-0.042577
-0.0459166
-0.0491308
-0.052192
-0.0550754
-0.0577584
-0.060221
-0.0624453
-0.0644158
-0.0661189
-0.0675429
-0.0686777
-0.0695147
-0.0700463
-0.0702658
-0.0701671
-0.069744
-0.0689902
-0.0678999
-0.0664639
-0.0646714
-0.0625125
-0.0599683
-0.0570182
-0.0536364
-0.0497891
-0.0454341
-0.040518
-0.0349746
-0.0287221
-0.0216598
-0.0136646
-0.00458722
0.00575311
0.0175738
0.0311354
0.0467496
0.0647894
0.0857015
0.110024
0.13841
0.171649
0.210674
0.256517
0.310095
0.371458
0.438128
0.513033
-0.142019
-0.0984044
-0.0712222
-0.0556218
-0.0447155
-0.036168
-0.0292066
-0.0233639
-0.0183454
-0.0140104
-0.010302
-0.00719593
-0.00467953
-0.00274356
-0.00137797
-0.000569253
-0.000299177
-0.000544658
-0.00127802
-0.00246752
-0.00407796
-0.00607132
-0.00840744
-0.0110446
-0.0139401
-0.0170509
-0.0203339
-0.0237468
-0.0272479
-0.0307971
-0.0343558
-0.0378873
-0.041357
-0.0447325
-0.0479838
-0.0510834
-0.0540062
-0.0567296
-0.0592333
-0.0614993
-0.0635117
-0.0652569
-0.0667228
-0.0678991
-0.0687768
-0.0693481
-0.0696061
-0.0695443
-0.0691561
-0.0684328
-0.0673705
-0.0659597
-0.0641896
-0.0620461
-0.0595113
-0.0565636
-0.0531757
-0.0493125
-0.0449296
-0.0399718
-0.0343703
-0.0280404
-0.0208777
-0.0127548
-0.00351691
0.00702394
0.0190949
0.032971
0.0489854
0.067546
0.0891585
0.114466
0.144314
0.179874
0.222838
0.27579
0.34257
0.428837
0.542325
0.695609
-0.27535
-0.114434
-0.0563834
-0.0400147
-0.03127
-0.0244807
-0.0192822
-0.0151048
-0.0114713
-0.00821998
-0.00534837
-0.002889
-0.000873232
0.000673845
0.00173531
0.00230385
0.00238178
0.00198012
0.00111737
-0.000181693
-0.00188718
-0.00396511
-0.00637838
-0.00908759
-0.0120518
-0.0152292
-0.0185777
-0.0220556
-0.0256218
-0.0292364
-0.0328608
-0.0364586
-0.039995
-0.0434376
-0.0467563
-0.0499233
-0.0529134
-0.0557037
-0.0582737
-0.0606051
-0.0626821
-0.0644906
-0.0660184
-0.0672549
-0.0681912
-0.0688191
-0.0691315
-0.0691219
-0.0687846
-0.0681151
-0.0670993
-0.0657313
-0.064002
-0.0618972
-0.0593991
-0.0564861
-0.0531304
-0.0492972
-0.0449421
-0.0400101
-0.0344328
-0.0281255
-0.0209844
-0.0128826
-0.00366577
0.00685355
0.0189024
0.0327565
0.0487519
0.0673031
0.0889311
0.114312
0.14436
0.180409
0.22456
0.280619
0.356001
0.467307
0.64381
0.925466
)
;

boundaryField
{
    movingWall
    {
        type            zeroGradient;
    }
    fixedWalls
    {
        type            zeroGradient;
    }
    frontAndBack
    {
        type            empty;
    }
}


// ************************************************************************* //
