/*--------------------------------*- C++ -*----------------------------------*\
  =========                 |
  \\      /  F ield         | OpenFOAM: The Open Source CFD Toolbox
   \\    /   O peration     | Website:  https://openfoam.org
    \\  /    A nd           | Version:  7
     \\/     M anipulation  |
\*---------------------------------------------------------------------------*/
FoamFile
{
    version     2.0;
    format      ascii;
    class       volScalarField;
    location    "2.675";
    object      p;
}
// * * * * * * * * * * * * * * * * * * * * * * * * * * * * * * * * * * * * * //

dimensions      [0 2 -2 0 0 0 0];

internalField   nonuniform List<scalar> 
6400
(
-7.2597e-09
1.40726e-05
3.20071e-06
-3.60089e-05
-0.000101335
-0.000189473
-0.0002968
-0.000420012
-0.000556433
-0.000704038
-0.000861358
-0.00102736
-0.00120129
-0.00138257
-0.00157067
-0.00176498
-0.00196477
-0.00216913
-0.00237687
-0.00258655
-0.00279642
-0.00300443
-0.00320821
-0.0034051
-0.00359219
-0.0037663
-0.00392411
-0.00406216
-0.00417697
-0.00426512
-0.00432334
-0.00434869
-0.00433861
-0.00429111
-0.0042049
-0.00407951
-0.00391539
-0.00371405
-0.0034781
-0.00321135
-0.00291875
-0.00260616
-0.00228088
-0.0019508
-0.00162456
-0.00131126
-0.00102015
-0.00076037
-0.000540562
-0.000368566
-0.000251097
-0.000193453
-0.000199275
-0.000270369
-0.000406612
-0.000605937
-0.000864401
-0.00117635
-0.00153486
-0.0019314
-0.00235707
-0.00280235
-0.00325767
-0.00371372
-0.00416178
-0.00459395
-0.00500328
-0.00538391
-0.00573104
-0.0060409
-0.0063106
-0.00653801
-0.00672162
-0.00686044
-0.0069541
-0.00700324
-0.00701048
-0.00698241
-0.00693187
-0.00687775
-1.50215e-05
-8.82244e-07
-1.3285e-05
-5.07749e-05
-0.000110205
-0.000189428
-0.000285979
-0.000397415
-0.00052163
-0.000656934
-0.000802034
-0.000955936
-0.00111789
-0.00128728
-0.00146353
-0.00164601
-0.00183401
-0.00202664
-0.00222281
-0.00242119
-0.00262018
-0.00281792
-0.00301226
-0.00320079
-0.00338083
-0.00354951
-0.00370376
-0.00384041
-0.00395623
-0.00404802
-0.00411274
-0.0041476
-0.00415016
-0.00411848
-0.00405127
-0.00394797
-0.00380889
-0.0036353
-0.00342952
-0.00319495
-0.00293607
-0.00265836
-0.00236836
-0.00207342
-0.00178154
-0.00150116
-0.00124088
-0.00100917
-0.000814103
-0.000662956
-0.000561974
-0.000516074
-0.000528619
-0.000601257
-0.000733832
-0.000924375
-0.00116918
-0.00146297
-0.00179914
-0.00217002
-0.00256715
-0.00298179
-0.00340511
-0.00382858
-0.00424421
-0.00464478
-0.005024
-0.00537658
-0.00569822
-0.00598562
-0.00623633
-0.00644866
-0.00662162
-0.0067548
-0.00684849
-0.00690385
-0.0069237
-0.00691321
-0.0068777
-0.00682351
-4.49706e-06
1.05807e-05
-2.45773e-06
-3.92923e-05
-9.57283e-05
-0.000169875
-0.000259741
-0.000363361
-0.000479007
-0.000605283
-0.0007411
-0.000885606
-0.00103814
-0.00119815
-0.00136512
-0.00153848
-0.00171759
-0.00190164
-0.00208965
-0.00228042
-0.00247251
-0.0026642
-0.00285354
-0.00303828
-0.00321595
-0.00338383
-0.00353903
-0.00367853
-0.00379919
-0.00389794
-0.00397175
-0.00401784
-0.00403374
-0.00401743
-0.00396746
-0.00388309
-0.00376442
-0.00361245
-0.00342922
-0.00321778
-0.00298222
-0.00272787
-0.00246078
-0.00218797
-0.00191711
-0.00165633
-0.00141396
-0.00119822
-0.00101693
-0.000877206
-0.000785129
-0.000745502
-0.00076161
-0.000835058
-0.000965686
-0.00115156
-0.00138906
-0.00167302
-0.00199697
-0.00235344
-0.00273437
-0.00313111
-0.00353527
-0.00393869
-0.00433378
-0.00471374
-0.00507272
-0.00540587
-0.00570936
-0.00598031
-0.00621671
-0.00641733
-0.00658157
-0.0067094
-0.00680128
-0.0068583
-0.00688269
-0.00687779
-0.00684234
-0.00677314
3.62113e-05
4.78352e-05
3.21121e-05
-5.88694e-06
-6.1677e-05
-0.000133358
-0.000219207
-0.000317508
-0.000426861
-0.000546154
-0.000674535
-0.000811357
-0.000956129
-0.00110844
-0.00126789
-0.00143405
-0.00160639
-0.00178425
-0.00196679
-0.00215294
-0.00234142
-0.00253067
-0.00271889
-0.00290398
-0.00308359
-0.00325511
-0.00341574
-0.00356246
-0.00369219
-0.00380178
-0.00388813
-0.00394832
-0.00397971
-0.00398007
-0.0039477
-0.0038816
-0.00378157
-0.00364833
-0.00348361
-0.0032902
-0.00307191
-0.00283381
-0.0025818
-0.00232272
-0.00206413
-0.00181407
-0.00158083
-0.00137264
-0.00119735
-0.00106212
-0.000973115
-0.000935207
-0.000951753
-0.00102442
-0.0011531
-0.00133587
-0.00156911
-0.00184766
-0.00216503
-0.00251372
-0.00288559
-0.00327219
-0.00366505
-0.00405616
-0.0044381
-0.0048043
-0.00514921
-0.0054683
-0.00575814
-0.00601627
-0.00624111
-0.00643185
-0.00658826
-0.00671054
-0.00679923
-0.00685505
-0.00687946
-0.0068742
-0.00683306
-0.00674639
0.000105999
0.000108438
8.67784e-05
4.55105e-05
-1.15349e-05
-8.25206e-05
-0.000165911
-0.000260334
-0.00036471
-0.000478231
-0.000600324
-0.000730594
-0.000868769
-0.00101463
-0.00116798
-0.00132855
-0.00149599
-0.0016698
-0.00184932
-0.00203367
-0.0022217
-0.00241205
-0.00260301
-0.00279262
-0.00297862
-0.00315844
-0.00332927
-0.00348806
-0.00363162
-0.00375665
-0.00385986
-0.00393809
-0.00398839
-0.00400823
-0.00399559
-0.00394912
-0.00386827
-0.00375343
-0.00360604
-0.00342865
-0.00322481
-0.00299941
-0.00275825
-0.0025081
-0.00225652
-0.00201161
-0.00178175
-0.00157532
-0.00140037
-0.00126427
-0.00117339
-0.00113281
-0.00114611
-0.00121509
-0.00133978
-0.00151832
-0.00174711
-0.00202093
-0.00233322
-0.00267637
-0.00304209
-0.0034218
-0.00380698
-0.00418951
-0.00456201
-0.00491799
-0.00525207
-0.00555998
-0.0058386
-0.00608584
-0.00630055
-0.00648231
-0.00663124
-0.00674782
-0.00683261
-0.00688607
-0.00690907
-0.00690218
-0.006856
-0.00675694
0.000202174
0.000190509
0.000159702
0.00011313
5.30601e-05
-1.88331e-05
-0.000101246
-0.000193182
-0.000293929
-0.000403022
-0.000520213
-0.000645395
-0.000778558
-0.000919736
-0.00106896
-0.00122618
-0.00139127
-0.00156394
-0.00174372
-0.00192993
-0.00212159
-0.00231747
-0.002516
-0.00271528
-0.00291308
-0.0031068
-0.00329355
-0.00347014
-0.00363315
-0.00377903
-0.00390418
-0.00400507
-0.00407838
-0.00412118
-0.00413101
-0.00410614
-0.00404563
-0.00394952
-0.00381894
-0.00365624
-0.00346468
-0.00324908
-0.00301514
-0.00276965
-0.00252025
-0.00227519
-0.00204305
-0.0018325
-0.00165186
-0.00150887
-0.00141024
-0.00136142
-0.0013663
-0.00142699
-0.00154373
-0.00171484
-0.00193677
-0.00220432
-0.00251083
-0.00284853
-0.00320896
-0.00358329
-0.00396278
-0.00433915
-0.00470486
-0.00505338
-0.00537936
-0.00567866
-0.00594838
-0.00618674
-0.00639294
-0.00656692
-0.00670916
-0.00682038
-0.00690126
-0.00695216
-0.00697357
-0.00696536
-0.0069165
-0.00681154
0.000320894
0.000290853
0.000248643
0.000194778
0.000130035
5.57996e-05
-2.6995e-05
-0.000117797
-0.000216318
-0.000322489
-0.00043642
-0.000558336
-0.000688531
-0.000827332
-0.000975035
-0.00113187
-0.00129794
-0.00147322
-0.00165745
-0.00185013
-0.00205049
-0.00225739
-0.00246937
-0.00268454
-0.00290061
-0.0031149
-0.0033243
-0.00352538
-0.0037144
-0.00388744
-0.00404047
-0.00416949
-0.00427073
-0.00434073
-0.00437659
-0.0043761
-0.0043379
-0.00426163
-0.00414817
-0.0039998
-0.00381898
-0.0036109
-0.00338113
-0.00313649
-0.00288474
-0.00263433
-0.00239414
-0.00217316
-0.00198015
-0.0018233
-0.00170982
-0.00164566
-0.00163519
-0.00168097
-0.00178363
-0.00194177
-0.00215207
-0.00240937
-0.00270702
-0.00303712
-0.00339097
-0.0037595
-0.00413365
-0.00450484
-0.00486527
-0.00520823
-0.00552823
-0.00582116
-0.00608419
-0.00631574
-0.00651526
-0.00668302
-0.0068198
-0.00692659
-0.00700424
-0.00705315
-0.00707368
-0.00706536
-0.00701671
-0.00691198
0.00045764
0.000405992
0.000350015
0.000287332
0.000216636
0.000138854
5.44787e-05
-3.64726e-05
-0.000134206
-0.000239097
-0.000351654
-0.000472473
-0.000602196
-0.000741468
-0.000890899
-0.00105101
-0.00122221
-0.0014047
-0.00159849
-0.00180327
-0.00201841
-0.0022429
-0.00247529
-0.00271364
-0.00295554
-0.0031981
-0.00343794
-0.00367124
-0.00389385
-0.00410135
-0.00428917
-0.00445279
-0.00458783
-0.0046903
-0.00475676
-0.00478449
-0.00477166
-0.0047175
-0.00462269
-0.00448972
-0.00431853
-0.00411649
-0.0038886
-0.00364159
-0.00338333
-0.0031225
-0.00286831
-0.00263017
-0.00241734
-0.00223858
-0.00210173
-0.00201342
-0.00197868
-0.00200071
-0.00208071
-0.00221778
-0.00240897
-0.00264938
-0.00293244
-0.00325021
-0.00359383
-0.00395394
-0.00432114
-0.00468646
-0.00504174
-0.00537993
-0.00569529
-0.00598353
-0.00624179
-0.00646853
-0.00666335
-0.00682673
-0.00695971
-0.00706353
-0.00713926
-0.00718745
-0.00720847
-0.0072018
-0.00715637
-0.00705714
0.000607381
0.000531429
0.000459878
0.000387187
0.000309495
0.000227165
0.000140128
4.77627e-05
-5.07e-05
-0.000156133
-0.000269492
-0.00039178
-0.000524018
-0.000667206
-0.000822296
-0.000990139
-0.00117144
-0.0013667
-0.00157614
-0.00179967
-0.00203678
-0.00228651
-0.00254736
-0.00281731
-0.00309372
-0.00337338
-0.00365251
-0.00392684
-0.00419167
-0.00444198
-0.00467259
-0.00487833
-0.00505419
-0.00519556
-0.00529837
-0.00535935
-0.00537617
-0.00534762
-0.00527364
-0.00515522
-0.00499651
-0.00480053
-0.00457306
-0.00432104
-0.00405247
-0.00377623
-0.00350188
-0.00323929
-0.00299831
-0.00278837
-0.0026181
-0.00249496
-0.00242486
-0.00241186
-0.00245801
-0.00256313
-0.0027249
-0.00293888
-0.00319878
-0.00349678
-0.00382394
-0.00417066
-0.00452721
-0.00488418
-0.00523294
-0.00556596
-0.0058771
-0.00616174
-0.00641679
-0.00664061
-0.00683278
-0.00699389
-0.00712512
-0.00722792
-0.00730357
-0.00735283
-0.00737617
-0.00737319
-0.00733376
-0.00724427
0.000764568
0.000662096
0.000573619
0.000490024
0.000404541
0.000316824
0.000226117
0.000131052
3.02169e-05
-7.78116e-05
-0.000194482
-0.000321241
-0.000459515
-0.000610693
-0.000776094
-0.000956923
-0.0011542
-0.00136872
-0.00160094
-0.00185092
-0.00211826
-0.00240198
-0.00270051
-0.00301159
-0.00333228
-0.00365896
-0.00398736
-0.00431261
-0.00462939
-0.00493199
-0.00521454
-0.00547113
-0.00569605
-0.00588399
-0.00603022
-0.00613082
-0.0061829
-0.00618473
-0.00613564
-0.00603596
-0.00589022
-0.00570063
-0.00547287
-0.00521381
-0.00493148
-0.00463496
-0.00433412
-0.00403931
-0.00376101
-0.00350944
-0.00329415
-0.00312362
-0.00300486
-0.00294309
-0.00294145
-0.00300084
-0.00311983
-0.00329475
-0.00351988
-0.0037877
-0.00408937
-0.00441518
-0.00475508
-0.00509921
-0.00543837
-0.00576447
-0.00607078
-0.00635218
-0.00660514
-0.00682771
-0.00701931
-0.00718042
-0.00731226
-0.00741639
-0.00749424
-0.00754675
-0.00757455
-0.00757738
-0.00754642
-0.00746987
0.000923099
0.000792334
0.000685933
0.000590815
0.000496956
0.00040313
0.000307764
0.000208642
0.000103625
-9.32286e-06
-0.000132181
-0.000266868
-0.000415252
-0.000579139
-0.000760239
-0.000960118
-0.00118013
-0.00142135
-0.00168445
-0.00196963
-0.00227652
-0.00260408
-0.00295054
-0.00331336
-0.00368919
-0.0040739
-0.00446261
-0.00484979
-0.00522938
-0.00559493
-0.00593975
-0.00625717
-0.00654069
-0.00678422
-0.0069823
-0.0071303
-0.00722464
-0.00726293
-0.00724401
-0.00716798
-0.00703767
-0.00685601
-0.00662819
-0.00636082
-0.00606186
-0.0057405
-0.00540687
-0.00507179
-0.00474641
-0.0044418
-0.00416855
-0.00393636
-0.00375359
-0.00362688
-0.00356081
-0.00355769
-0.00361741
-0.00373742
-0.00391286
-0.00413689
-0.00440098
-0.00469548
-0.00501013
-0.00533464
-0.00565921
-0.00597503
-0.00627466
-0.00655223
-0.0068036
-0.00702626
-0.00721921
-0.00738267
-0.00751769
-0.00762578
-0.00770841
-0.00776664
-0.0078012
-0.00781199
-0.00779161
-0.00773025
0.0010762
0.00091584
0.000790842
0.000683814
0.000581146
0.00048056
0.000379524
0.000274865
0.000163641
4.31532e-05
-8.91484e-05
-0.000235697
-0.000398827
-0.00058078
-0.000783677
-0.00100946
-0.00125982
-0.00153607
-0.0018391
-0.00216919
-0.00252593
-0.00290816
-0.00331384
-0.00374002
-0.00418286
-0.00463761
-0.00509872
-0.00555989
-0.00601426
-0.00645452
-0.00687315
-0.00726261
-0.00761553
-0.007925
-0.00818471
-0.00838925
-0.00853422
-0.0086165
-0.00863425
-0.00858712
-0.00847673
-0.00830594
-0.00807943
-0.00780345
-0.0074858
-0.00713565
-0.00676333
-0.00638007
-0.00599765
-0.00562805
-0.00528301
-0.0049736
-0.00470973
-0.00449978
-0.00435014
-0.00426492
-0.00424574
-0.00429163
-0.00439908
-0.00456224
-0.0047733
-0.00502291
-0.00530077
-0.00559625
-0.00589893
-0.00619922
-0.00648877
-0.00676077
-0.00701019
-0.00723372
-0.00742968
-0.00759773
-0.00773855
-0.00785338
-0.00794358
-0.00801018
-0.00805393
-0.00807476
-0.00806673
-0.00802206
0.00121656
0.0010257
0.000881717
0.000762581
0.000650777
0.000542792
0.000434999
0.000323163
0.000203468
7.24997e-05
-7.29038e-05
-0.000235716
-0.000418768
-0.000624759
-0.000856231
-0.00111551
-0.00140459
-0.00172506
-0.00207792
-0.00246349
-0.00288129
-0.0033299
-0.00380694
-0.00430899
-0.0048316
-0.00536933
-0.00591585
-0.00646402
-0.0070061
-0.00753388
-0.0080389
-0.00851268
-0.00894695
-0.00933384
-0.00966615
-0.00993754
-0.0101428
-0.0102778
-0.01034
-0.0103283
-0.0102434
-0.0100876
-0.00986496
-0.00958125
-0.00924394
-0.00886206
-0.008446
-0.0080073
-0.00755831
-0.00711189
-0.00668098
-0.00627811
-0.00591498
-0.00560194
-0.00534754
-0.00515813
-0.00503755
-0.00498692
-0.00500459
-0.00508626
-0.00522523
-0.00541286
-0.00563911
-0.00589313
-0.00616398
-0.00644121
-0.0067154
-0.00697861
-0.00722462
-0.00744901
-0.00764911
-0.00782373
-0.00797286
-0.00809724
-0.00819787
-0.00827558
-0.00833096
-0.00836387
-0.0083697
-0.00834259
0.00133623
0.00111439
0.000951327
0.000820036
0.000698826
0.000582771
0.000467014
0.000346164
0.000215469
7.07518e-05
-9.18012e-05
-0.000275734
-0.000484395
-0.000720958
-0.000988398
-0.00128941
-0.00162631
-0.00200086
-0.00241418
-0.00286656
-0.00335733
-0.00388478
-0.00444607
-0.00503721
-0.00565307
-0.00628744
-0.00693311
-0.00758205
-0.00822554
-0.0088544
-0.00945918
-0.0100304
-0.0105587
-0.0110353
-0.011452
-0.0118015
-0.0120774
-0.0122749
-0.0123903
-0.0124217
-0.0123689
-0.0122333
-0.0120183
-0.011729
-0.0113725
-0.0109573
-0.0104938
-0.00999372
-0.00946979
-0.00893568
-0.00840547
-0.0078932
-0.00741246
-0.00697578
-0.0065942
-0.00627672
-0.00602989
-0.0058575
-0.00576036
-0.00573634
-0.00578047
-0.00588532
-0.00604149
-0.00623825
-0.00646424
-0.00670818
-0.00695948
-0.00720883
-0.00744854
-0.00767273
-0.00787736
-0.00806004
-0.00821973
-0.00835633
-0.00847021
-0.00856176
-0.00863119
-0.00867814
-0.00869914
-0.00869008
0.00142675
0.00117393
0.000991922
0.000848544
0.000717671
0.000592798
0.000467721
0.000335807
0.000191312
2.92503e-05
-0.00015487
-0.000365194
-0.000605606
-0.000879769
-0.00119109
-0.00154264
-0.00193699
-0.00237608
-0.00286106
-0.00339212
-0.00396833
-0.0045876
-0.00524654
-0.0059405
-0.00666357
-0.00740869
-0.0081677
-0.0089316
-0.00969062
-0.0104345
-0.0111528
-0.0118348
-0.0124703
-0.0130493
-0.0135624
-0.0140014
-0.0143589
-0.0146289
-0.0148068
-0.0148896
-0.0148762
-0.0147671
-0.0145647
-0.0142735
-0.0138997
-0.0134514
-0.0129388
-0.0123733
-0.011768
-0.0111373
-0.0104961
-0.00985989
-0.0092442
-0.00866385
-0.00813257
-0.00766236
-0.00726298
-0.00694146
-0.00670177
-0.00654466
-0.00646759
-0.00646504
-0.00652883
-0.00664878
-0.00681342
-0.00701072
-0.00722889
-0.00745707
-0.00768579
-0.00790734
-0.0081159
-0.00830743
-0.00847945
-0.00863066
-0.00876044
-0.00886846
-0.00895431
-0.00901718
-0.00905454
-0.0090638
0.00147928
0.00119591
0.000995361
0.000840038
0.000699226
0.000564683
0.000428757
0.000283507
0.000122144
-6.11566e-05
-0.000271595
-0.000513935
-0.00079262
-0.00111181
-0.00147535
-0.00188664
-0.00234849
-0.00286297
-0.00343119
-0.00405314
-0.00472759
-0.00545193
-0.00622215
-0.00703285
-0.00787726
-0.00874734
-0.00963395
-0.010527
-0.0114156
-0.0122883
-0.0131336
-0.0139396
-0.014695
-0.0153885
-0.0160098
-0.0165494
-0.016999
-0.0173514
-0.017601
-0.0177439
-0.0177776
-0.0177019
-0.0175181
-0.0172298
-0.0168424
-0.0163633
-0.0158021
-0.0151699
-0.0144797
-0.0137463
-0.0129852
-0.0122134
-0.0114478
-0.0107058
-0.0100036
-0.00935671
-0.00877834
-0.00827935
-0.00786758
-0.00754741
-0.00731963
-0.00718143
-0.00712665
-0.0071463
-0.00722925
-0.00736303
-0.00753471
-0.00773172
-0.00794256
-0.00815729
-0.00836784
-0.00856806
-0.00875353
-0.00892128
-0.00906935
-0.0091963
-0.00930084
-0.00938146
-0.00943628
-0.00946411
0.00148475
0.00117175
0.000953256
0.000786187
0.000635108
0.000489923
0.00034144
0.00018036
-1.18145e-06
-0.000209874
-0.000451651
-0.000731916
-0.00105568
-0.00142761
-0.00185196
-0.00233245
-0.00287209
-0.003473
-0.00413617
-0.00486135
-0.00564685
-0.0064895
-0.00738454
-0.00832573
-0.00930533
-0.0103143
-0.0113422
-0.012378
-0.0134095
-0.0144241
-0.015409
-0.0163512
-0.017238
-0.0180572
-0.0187972
-0.0194475
-0.0199986
-0.0204424
-0.0207723
-0.0209831
-0.0210716
-0.0210364
-0.0208779
-0.0205986
-0.0202029
-0.0196974
-0.0190907
-0.0183935
-0.0176184
-0.01678
-0.0158944
-0.0149791
-0.0140527
-0.0131345
-0.0122435
-0.0113983
-0.010616
-0.00991187
-0.00929805
-0.00878347
-0.00837314
-0.00806797
-0.0078648
-0.0077567
-0.00773361
-0.00778308
-0.0078913
-0.00804401
-0.00822743
-0.00842904
-0.00863802
-0.00884553
-0.00904468
-0.00923033
-0.00939868
-0.00954675
-0.0096721
-0.00977226
-0.00984573
-0.00989251
0.00143402
0.00109277
0.000857158
0.000678575
0.000516842
0.00035991
0.000196989
1.73933e-05
-0.00018784
-0.000426283
-0.000704618
-0.0010289
-0.00140473
-0.00183725
-0.00233112
-0.00289035
-0.00351808
-0.0042164
-0.00498614
-0.00582667
-0.00673578
-0.00770958
-0.00874251
-0.00982733
-0.0109552
-0.012116
-0.0132981
-0.0144891
-0.0156755
-0.0168434
-0.0179788
-0.0190675
-0.0200954
-0.0210494
-0.0219167
-0.0226857
-0.0233461
-0.0238886
-0.0243057
-0.0245915
-0.0247417
-0.0247539
-0.0246275
-0.0243639
-0.0239665
-0.0234409
-0.0227946
-0.0220375
-0.0211813
-0.0202401
-0.0192299
-0.0181687
-0.0170759
-0.0159723
-0.0148793
-0.0138187
-0.0128113
-0.0118768
-0.0110324
-0.0102923
-0.00966661
-0.00916107
-0.00877669
-0.00850976
-0.00835225
-0.00829254
-0.0083164
-0.00840809
-0.00855149
-0.00873111
-0.00893292
-0.00914481
-0.00935677
-0.00956087
-0.0097509
-0.00992208
-0.0100702
-0.0101917
-0.0102851
-0.0103514
0.00131815
0.000950507
0.000698774
0.000508924
0.000336078
0.000166169
-1.32189e-05
-0.000214174
-0.000446759
-0.000719443
-0.00103967
-0.00141414
-0.00184904
-0.00235
-0.00292204
-0.00356939
-0.00429529
-0.00510173
-0.00598924
-0.00695674
-0.00800136
-0.00911841
-0.0103014
-0.0115419
-0.01283
-0.0141541
-0.0155014
-0.0168581
-0.0182093
-0.0195398
-0.0208342
-0.0220771
-0.0232533
-0.0243484
-0.0253488
-0.0262419
-0.0270166
-0.0276628
-0.0281722
-0.0285382
-0.0287555
-0.028821
-0.0287331
-0.0284923
-0.0281008
-0.0275631
-0.0268854
-0.0260764
-0.0251468
-0.0241098
-0.0229806
-0.0217769
-0.0205185
-0.0192269
-0.0179256
-0.0166386
-0.0153906
-0.0142054
-0.0131057
-0.0121112
-0.0112381
-0.0104983
-0.00989806
-0.00943831
-0.00911437
-0.00891654
-0.00883102
-0.00884103
-0.00892824
-0.00907404
-0.00926068
-0.00947216
-0.00969471
-0.00991689
-0.0101295
-0.0103253
-0.010498
-0.0106424
-0.0107572
-0.0108441
0.00112859
0.000736855
0.000470188
0.000269326
8.48402e-05
-9.93765e-05
-0.000297379
-0.00052264
-0.000786322
-0.00109778
-0.00146522
-0.00189602
-0.0023969
-0.00297395
-0.00363254
-0.00437706
-0.00521076
-0.00613542
-0.00715121
-0.00825643
-0.00944746
-0.0107186
-0.0120624
-0.0134691
-0.0149274
-0.0164244
-0.0179457
-0.0194761
-0.0209993
-0.0224987
-0.0239575
-0.0253591
-0.0266872
-0.0279265
-0.0290625
-0.0300819
-0.0309729
-0.0317249
-0.032329
-0.0327779
-0.033066
-0.0331892
-0.0331454
-0.032934
-0.0325562
-0.0320153
-0.0313162
-0.0304663
-0.0294746
-0.0283531
-0.0271158
-0.0257793
-0.024363
-0.0228887
-0.0213804
-0.0198642
-0.0183676
-0.0169186
-0.0155446
-0.0142717
-0.0131225
-0.0121159
-0.0112651
-0.0105769
-0.0100517
-0.00968316
-0.00945912
-0.00936267
-0.00937366
-0.00947036
-0.009631
-0.00983511
-0.0100644
-0.0103031
-0.0105384
-0.0107598
-0.0109587
-0.0111278
-0.0112655
-0.0113745
0.000857455
0.000444351
0.000164095
-4.75163e-05
-0.000244221
-0.000444153
-0.000662986
-0.000915546
-0.00121407
-0.0015688
-0.00198868
-0.00248172
-0.00305522
-0.00371567
-0.00446872
-0.00531887
-0.00626926
-0.0073214
-0.00847493
-0.00972744
-0.0110744
-0.012509
-0.0140224
-0.0156037
-0.0172399
-0.0189167
-0.0206181
-0.0223273
-0.0240264
-0.0256975
-0.0273224
-0.0288835
-0.0303635
-0.0317463
-0.0330167
-0.0341611
-0.0351669
-0.0360236
-0.0367217
-0.0372539
-0.0376139
-0.0377975
-0.0378017
-0.0376254
-0.0372688
-0.0367339
-0.0360244
-0.0351461
-0.0341065
-0.0329157
-0.0315859
-0.0301323
-0.0285728
-0.0269285
-0.0252233
-0.0234842
-0.0217404
-0.0200232
-0.0183645
-0.0167962
-0.015348
-0.0140461
-0.0129119
-0.0119599
-0.0111971
-0.0106225
-0.0102272
-0.00999537
-0.00990601
-0.00993459
-0.0100552
-0.0102423
-0.0104725
-0.0107249
-0.010982
-0.0112297
-0.0114562
-0.0116516
-0.0118141
-0.0119469
0.000497756
6.63916e-05
-0.000225962
-0.000448043
-0.000657576
-0.000874671
-0.00111657
-0.00139939
-0.00173642
-0.00213875
-0.00261604
-0.00317696
-0.00382927
-0.00457989
-0.00543463
-0.00639805
-0.00747307
-0.00866079
-0.0099602
-0.011368
-0.0128786
-0.014484
-0.0161738
-0.0179355
-0.0197547
-0.0216152
-0.0234994
-0.0253888
-0.0272641
-0.029106
-0.030895
-0.0326125
-0.0342406
-0.0357623
-0.0371623
-0.0384265
-0.0395424
-0.0404993
-0.041288
-0.0419007
-0.0423315
-0.0425757
-0.0426301
-0.042493
-0.0421639
-0.0416438
-0.0409351
-0.040042
-0.0389702
-0.0377278
-0.0363249
-0.0347745
-0.0330926
-0.0312984
-0.0294148
-0.0274682
-0.0254886
-0.0235092
-0.0215656
-0.0196945
-0.0179323
-0.0163135
-0.0148678
-0.0136191
-0.0125829
-0.0117655
-0.0111632
-0.0107635
-0.0105456
-0.0104831
-0.010546
-0.0107037
-0.0109267
-0.0111882
-0.0114653
-0.0117392
-0.0119943
-0.0122177
-0.0124069
-0.012566
4.36367e-05
-0.000402535
-0.00070536
-0.000937612
-0.00116059
-0.00139628
-0.00166342
-0.00197938
-0.0023584
-0.00281239
-0.00335173
-0.00398566
-0.00472241
-0.00556921
-0.00653202
-0.0076153
-0.00882167
-0.0101517
-0.0116035
-0.0131727
-0.0148527
-0.0166337
-0.018504
-0.0204493
-0.0224534
-0.0244982
-0.0265645
-0.0286321
-0.0306802
-0.032688
-0.0346353
-0.0365024
-0.0382708
-0.0399234
-0.0414445
-0.0428202
-0.0440383
-0.045088
-0.0459607
-0.0466489
-0.0471467
-0.0474495
-0.0475542
-0.0474588
-0.047162
-0.0466642
-0.0459666
-0.0450718
-0.043984
-0.042709
-0.0412546
-0.0396312
-0.0378521
-0.0359341
-0.0338976
-0.0317676
-0.0295734
-0.0273486
-0.0251307
-0.0229606
-0.0208803
-0.0189317
-0.017154
-0.0155809
-0.0142383
-0.0131418
-0.0122958
-0.0116928
-0.0113145
-0.0111338
-0.0111178
-0.0112302
-0.0114353
-0.0116995
-0.0119936
-0.0122929
-0.0125772
-0.0128302
-0.0130483
-0.0132364
-0.000509415
-0.000966646
-0.0012782
-0.00152028
-0.00175728
-0.00201295
-0.00230742
-0.00265917
-0.0030834
-0.00359276
-0.00419829
-0.00490976
-0.00573583
-0.00668395
-0.00776012
-0.00896861
-0.0103116
-0.0117889
-0.0133977
-0.0151326
-0.0169851
-0.0189443
-0.0209964
-0.0231254
-0.025313
-0.0275395
-0.0297837
-0.0320237
-0.0342374
-0.036403
-0.038499
-0.0405054
-0.0424033
-0.0441754
-0.0458063
-0.0472824
-0.0485918
-0.0497247
-0.0506725
-0.0514286
-0.0519876
-0.052345
-0.0524982
-0.0524447
-0.0521833
-0.0517136
-0.0510359
-0.0501515
-0.049063
-0.0477741
-0.0462902
-0.0446189
-0.0427705
-0.0407585
-0.0386004
-0.0363182
-0.033939
-0.0314955
-0.0290254
-0.0265716
-0.0241807
-0.021901
-0.0197805
-0.0178633
-0.0161868
-0.0147782
-0.013652
-0.0128089
-0.0122355
-0.0119062
-0.0117859
-0.0118339
-0.0120076
-0.0122659
-0.0125722
-0.0128953
-0.0132091
-0.0134931
-0.0137423
-0.0139625
-0.00116439
-0.00162869
-0.00194711
-0.00219864
-0.00245018
-0.00272709
-0.00305077
-0.00344074
-0.00391302
-0.00448098
-0.00515624
-0.00594906
-0.00686843
-0.00792195
-0.00911556
-0.0104532
-0.0119364
-0.0135642
-0.0153327
-0.0172349
-0.019261
-0.021398
-0.0236304
-0.02594
-0.0283067
-0.0307087
-0.0331232
-0.0355267
-0.0378958
-0.0402075
-0.0424399
-0.0445724
-0.0465861
-0.048464
-0.0501911
-0.0517544
-0.0531427
-0.0543469
-0.0553595
-0.0561744
-0.056787
-0.0571937
-0.0573913
-0.0573783
-0.0571532
-0.0567153
-0.0560642
-0.0552003
-0.0541246
-0.0528389
-0.0513464
-0.0496519
-0.0477624
-0.045688
-0.0434424
-0.0410438
-0.038516
-0.0358887
-0.0331983
-0.0304878
-0.027806
-0.0252062
-0.0227438
-0.0204732
-0.0184437
-0.0166955
-0.0152558
-0.0141363
-0.0133316
-0.0128201
-0.012567
-0.0125277
-0.0126533
-0.0128949
-0.0132071
-0.0135511
-0.0138941
-0.0142103
-0.0144929
-0.0147485
-0.00192259
-0.0023898
-0.00271315
-0.00297365
-0.00324013
-0.00353938
-0.00389392
-0.00432418
-0.00484692
-0.00547614
-0.00622398
-0.0071011
-0.00811675
-0.00927857
-0.0105923
-0.0120615
-0.0136869
-0.0154664
-0.017395
-0.019464
-0.0216619
-0.0239737
-0.0263819
-0.0288662
-0.0314045
-0.0339731
-0.0365474
-0.0391025
-0.0416138
-0.0440577
-0.0464116
-0.048655
-0.0507692
-0.0527376
-0.0545458
-0.0561818
-0.0576354
-0.0588984
-0.0599642
-0.0608278
-0.0614853
-0.0619339
-0.0621712
-0.0621957
-0.0620062
-0.0616018
-0.0609819
-0.0601459
-0.0590937
-0.0578258
-0.0563431
-0.0546479
-0.0527441
-0.0506382
-0.0483397
-0.0458625
-0.043226
-0.0404557
-0.0375848
-0.0346541
-0.0317126
-0.0288162
-0.0260258
-0.0234046
-0.0210136
-0.0189067
-0.0171259
-0.0156964
-0.0146243
-0.0138955
-0.0134779
-0.0133253
-0.0133831
-0.0135942
-0.0139041
-0.0142649
-0.0146361
-0.0149854
-0.0153038
-0.0155983
-0.00278359
-0.00324943
-0.00357567
-0.00384458
-0.00412626
-0.00444872
-0.00483546
-0.00530767
-0.00588275
-0.00657523
-0.0073977
-0.00836114
-0.00947494
-0.0107467
-0.0121818
-0.0137832
-0.0155508
-0.0174814
-0.0195683
-0.0218012
-0.0241667
-0.0266477
-0.0292246
-0.031875
-0.0345748
-0.0372983
-0.0400194
-0.0427119
-0.0453504
-0.0479106
-0.0503698
-0.0527077
-0.0549059
-0.0569486
-0.0588225
-0.0605164
-0.0620214
-0.0633302
-0.0644376
-0.0653395
-0.066033
-0.0665159
-0.0667868
-0.0668446
-0.0666884
-0.0663173
-0.0657306
-0.0649274
-0.0639068
-0.0626678
-0.0612098
-0.059533
-0.0576385
-0.0555291
-0.0532105
-0.0506918
-0.0479874
-0.0451176
-0.0421108
-0.0390039
-0.0358433
-0.032685
-0.029593
-0.026637
-0.0238883
-0.0214145
-0.0192731
-0.0175055
-0.0161325
-0.0151511
-0.0145356
-0.0142407
-0.0142078
-0.014372
-0.0146693
-0.0150415
-0.015439
-0.0158217
-0.016178
-0.0165152
-0.0037451
-0.00420523
-0.00453227
-0.00480891
-0.00510586
-0.00545215
-0.00587206
-0.00638743
-0.00701614
-0.00777318
-0.00867148
-0.00972223
-0.0109349
-0.0123168
-0.0138731
-0.0156058
-0.0175138
-0.0195926
-0.0218339
-0.0242256
-0.0267522
-0.0293945
-0.0321306
-0.0349361
-0.0377849
-0.0406497
-0.0435028
-0.0463171
-0.0490664
-0.051726
-0.0542736
-0.056689
-0.0589548
-0.0610559
-0.0629802
-0.0647176
-0.0662605
-0.0676029
-0.0687406
-0.0696706
-0.0703911
-0.0709008
-0.0711989
-0.0712849
-0.0711585
-0.0708191
-0.0702659
-0.0694978
-0.0685134
-0.0673111
-0.0658891
-0.0642456
-0.0623795
-0.0602905
-0.0579806
-0.0554544
-0.0527209
-0.0497948
-0.0466985
-0.0434632
-0.0401308
-0.0367545
-0.0333985
-0.0301361
-0.0270467
-0.0242099
-0.0216989
-0.019573
-0.0178703
-0.016603
-0.0157557
-0.0152876
-0.0151385
-0.0152368
-0.0155087
-0.0158853
-0.016306
-0.0167221
-0.0171182
-0.0175016
-0.00480304
-0.00525315
-0.00557882
-0.00586239
-0.00617447
-0.00654487
-0.00699854
-0.00755773
-0.00824074
-0.00906286
-0.0100373
-0.0111753
-0.0124863
-0.0139774
-0.015653
-0.0175144
-0.0195593
-0.0217816
-0.0241714
-0.0267147
-0.0293936
-0.0321871
-0.035071
-0.0380189
-0.0410027
-0.0439936
-0.0469628
-0.0498823
-0.0527254
-0.0554675
-0.0580866
-0.0605631
-0.0628804
-0.0650248
-0.0669852
-0.0687528
-0.0703212
-0.0716858
-0.0728435
-0.0737924
-0.0745316
-0.0750608
-0.0753798
-0.0754889
-0.0753882
-0.0750775
-0.0745562
-0.0738234
-0.0728775
-0.0717163
-0.0703373
-0.0687376
-0.0669142
-0.0648644
-0.0625868
-0.0600821
-0.0573542
-0.0544119
-0.051271
-0.047956
-0.0445024
-0.0409581
-0.0373844
-0.0338551
-0.0304543
-0.0272714
-0.0243941
-0.0218996
-0.0198458
-0.0182635
-0.0171518
-0.0164788
-0.0161857
-0.0161966
-0.0164283
-0.0168003
-0.0172403
-0.017689
-0.0181263
-0.0185595
-0.00595155
-0.00638741
-0.00670952
-0.00699905
-0.00732587
-0.00772036
-0.00820789
-0.00881104
-0.00954833
-0.0104353
-0.0114852
-0.0127094
-0.014117
-0.0157148
-0.0175065
-0.0194924
-0.0216689
-0.0240283
-0.0265589
-0.0292447
-0.0320657
-0.0349986
-0.0380173
-0.0410934
-0.0441971
-0.0472983
-0.0503671
-0.053375
-0.0562951
-0.0591032
-0.0617775
-0.0642997
-0.0666539
-0.0688278
-0.0708114
-0.0725974
-0.0741805
-0.0755574
-0.0767261
-0.0776858
-0.0784364
-0.0789784
-0.0793126
-0.0794396
-0.0793602
-0.0790746
-0.0785825
-0.0778834
-0.0769757
-0.0758571
-0.0745248
-0.0729751
-0.0712038
-0.0692065
-0.0669792
-0.064519
-0.0618254
-0.0589018
-0.0557572
-0.0524088
-0.0488845
-0.0452248
-0.0414854
-0.0377372
-0.0340654
-0.0305658
-0.027338
-0.0244764
-0.0220595
-0.0201393
-0.0187341
-0.0178249
-0.0173592
-0.0172592
-0.0174336
-0.0177903
-0.0182441
-0.0187238
-0.0192036
-0.0196898
-0.00718313
-0.00760063
-0.00791696
-0.00821133
-0.00855224
-0.00897041
-0.00949147
-0.0101381
-0.010929
-0.0118797
-0.0130036
-0.0143118
-0.0158132
-0.017514
-0.0194172
-0.0215218
-0.0238231
-0.0263116
-0.0289737
-0.0317914
-0.0347427
-0.0378022
-0.0409416
-0.0441309
-0.0473389
-0.0505341
-0.0536862
-0.0567662
-0.0597474
-0.0626059
-0.0653207
-0.0678744
-0.0702526
-0.0724438
-0.0744396
-0.0762339
-0.0778227
-0.0792037
-0.080376
-0.0813397
-0.0820957
-0.082645
-0.0829891
-0.0831293
-0.0830667
-0.0828023
-0.0823361
-0.0816678
-0.0807963
-0.0797194
-0.0784344
-0.0769371
-0.0752229
-0.0732862
-0.0711211
-0.0687222
-0.0660853
-0.0632086
-0.0600952
-0.0567549
-0.0532071
-0.049484
-0.0456331
-0.0417194
-0.0378254
-0.0340493
-0.0304991
-0.0272841
-0.0245029
-0.0222306
-0.0205079
-0.019334
-0.018667
-0.0184311
-0.0185292
-0.0188582
-0.019319
-0.0198272
-0.0203501
-0.0208923
-0.00848873
-0.00888399
-0.0091923
-0.00949025
-0.00984432
-0.0102854
-0.0108391
-0.0115283
-0.0123714
-0.013384
-0.0145793
-0.0159684
-0.0175596
-0.0193586
-0.0213673
-0.0235838
-0.0260016
-0.0286099
-0.031393
-0.034331
-0.0373997
-0.0405719
-0.0438175
-0.0471047
-0.0504013
-0.0536749
-0.0568945
-0.0600312
-0.0630586
-0.0659534
-0.0686955
-0.0712687
-0.0736595
-0.075858
-0.077857
-0.0796515
-0.0812386
-0.0826173
-0.0837874
-0.0847498
-0.0855062
-0.0860582
-0.0864079
-0.0865571
-0.0865075
-0.0862602
-0.0858161
-0.0851751
-0.0843365
-0.0832987
-0.082059
-0.0806137
-0.0789577
-0.0770851
-0.0749891
-0.0726621
-0.0700972
-0.0672888
-0.0642344
-0.0609369
-0.0574076
-0.0536693
-0.04976
-0.045736
-0.0416738
-0.0376698
-0.0338362
-0.0302935
-0.0271586
-0.02453
-0.0224733
-0.0210101
-0.0201146
-0.0197174
-0.019719
-0.0200062
-0.0204658
-0.0209991
-0.021565
-0.0221658
-0.009858
-0.0102274
-0.0105255
-0.0108255
-0.0111916
-0.0116543
-0.0122395
-0.0129695
-0.0138627
-0.0149347
-0.0161982
-0.017664
-0.0193401
-0.0212313
-0.0233385
-0.0256587
-0.0281839
-0.0309016
-0.0337942
-0.0368398
-0.0400126
-0.0432833
-0.0466202
-0.0499904
-0.0533603
-0.0566971
-0.0599697
-0.063149
-0.0662093
-0.069128
-0.0718862
-0.0744685
-0.0768629
-0.0790606
-0.0810555
-0.082844
-0.0844241
-0.0857956
-0.0869592
-0.0879165
-0.0886697
-0.089221
-0.0895729
-0.0897276
-0.0896873
-0.0894535
-0.0890275
-0.0884099
-0.0876002
-0.0865976
-0.0853998
-0.0840035
-0.082404
-0.0805954
-0.0785704
-0.0763205
-0.0738369
-0.071111
-0.0681359
-0.0649086
-0.0614326
-0.0577214
-0.0538027
-0.0497225
-0.0455481
-0.0413701
-0.0373005
-0.0334667
-0.0300003
-0.0270219
-0.0246234
-0.0228525
-0.0217042
-0.0211211
-0.0210049
-0.0212349
-0.0216839
-0.0222377
-0.022846
-0.0235076
-0.0112795
-0.0116196
-0.0119053
-0.0122059
-0.0125824
-0.0130653
-0.0136801
-0.0144488
-0.0153896
-0.0165175
-0.0178452
-0.0193828
-0.0211379
-0.0231143
-0.0253122
-0.027727
-0.0303494
-0.0331652
-0.0361552
-0.0392956
-0.0425587
-0.0459137
-0.0493275
-0.052766
-0.0561949
-0.059581
-0.062893
-0.0661025
-0.0691842
-0.0721163
-0.0748811
-0.0774642
-0.079855
-0.0820458
-0.0840315
-0.0858095
-0.0873787
-0.0887398
-0.089894
-0.0908436
-0.0915911
-0.0921392
-0.0924907
-0.0926482
-0.0926142
-0.0923906
-0.0919791
-0.0913808
-0.0905958
-0.0896238
-0.0884633
-0.0871116
-0.0855647
-0.083817
-0.0818614
-0.0796893
-0.0772908
-0.0746553
-0.0717727
-0.0686352
-0.0652394
-0.0615903
-0.0577052
-0.0536186
-0.0493866
-0.0450907
-0.0408382
-0.0367583
-0.0329934
-0.0296829
-0.0269446
-0.0248549
-0.0234341
-0.0226422
-0.0223872
-0.0225434
-0.0229713
-0.0235402
-0.0241893
-0.0249133
-0.0127409
-0.0130488
-0.01332
-0.0136194
-0.0140046
-0.0145057
-0.0151478
-0.0159525
-0.0169376
-0.0181175
-0.0195045
-0.0211084
-0.0229357
-0.0249898
-0.0272695
-0.0297692
-0.0324781
-0.0353804
-0.0384552
-0.0416771
-0.0450169
-0.0484423
-0.0519191
-0.0554121
-0.0588867
-0.0623094
-0.0656492
-0.068878
-0.0719712
-0.0749082
-0.0776721
-0.0802497
-0.0826316
-0.084811
-0.0867839
-0.0885486
-0.0901047
-0.0914534
-0.0925967
-0.093537
-0.0942773
-0.0948207
-0.09517
-0.0953282
-0.095298
-0.0950818
-0.0946815
-0.0940985
-0.0933339
-0.0923878
-0.0912594
-0.0899469
-0.0884471
-0.0867552
-0.0848649
-0.0827678
-0.0804537
-0.0779112
-0.0751279
-0.0720924
-0.068796
-0.065236
-0.0614199
-0.0573706
-0.0531318
-0.0487731
-0.0443932
-0.0401185
-0.0360966
-0.0324819
-0.0294162
-0.0270051
-0.025298
-0.0242775
-0.0238634
-0.0239292
-0.0243243
-0.0249018
-0.0255896
-0.026377
-0.0142292
-0.0145023
-0.014757
-0.0150533
-0.0154452
-0.0159622
-0.0166291
-0.0174666
-0.0184921
-0.0197195
-0.0211605
-0.0228242
-0.0247165
-0.0268399
-0.0291921
-0.0317664
-0.0345507
-0.0375275
-0.0406746
-0.043965
-0.0473682
-0.0508506
-0.0543771
-0.0579121
-0.0614203
-0.0648685
-0.0682257
-0.0714647
-0.0745615
-0.0774965
-0.0802538
-0.0828215
-0.0851907
-0.087356
-0.0893141
-0.0910639
-0.0926058
-0.0939414
-0.0950731
-0.0960036
-0.0967361
-0.0972737
-0.0976198
-0.0977773
-0.0977491
-0.0975377
-0.0971456
-0.0965746
-0.0958262
-0.0949012
-0.0937996
-0.0925204
-0.0910616
-0.0894193
-0.0875882
-0.0855606
-0.083327
-0.0808756
-0.0781932
-0.0752658
-0.0720806
-0.0686287
-0.0649089
-0.0609331
-0.0567321
-0.0523621
-0.04791
-0.0434948
-0.0392639
-0.035382
-0.0320109
-0.0292848
-0.0272845
-0.02602
-0.0254284
-0.0253871
-0.0257372
-0.0263162
-0.0270397
-0.0278908
-0.0157313
-0.0159674
-0.0162036
-0.016495
-0.0168913
-0.0174216
-0.0181101
-0.0189768
-0.0200384
-0.0213082
-0.0227972
-0.0245139
-0.0264635
-0.0286473
-0.0310625
-0.0337008
-0.0365489
-0.0395883
-0.0427951
-0.0461413
-0.0495951
-0.053122
-0.0566862
-0.0602515
-0.0637827
-0.0672466
-0.0706127
-0.0738544
-0.0769486
-0.0798765
-0.0826232
-0.0851778
-0.0875323
-0.089682
-0.0916244
-0.093359
-0.0948866
-0.0962093
-0.0973295
-0.0982503
-0.0989749
-0.0995067
-0.099849
-0.100005
-0.0999771
-0.0997687
-0.0993823
-0.0988201
-0.0980841
-0.0971756
-0.0960956
-0.094844
-0.0934196
-0.09182
-0.0900408
-0.0880758
-0.0859163
-0.0835511
-0.0809668
-0.0781481
-0.0750796
-0.0717475
-0.0681434
-0.0642692
-0.0601434
-0.0558079
-0.0513357
-0.0468344
-0.0424466
-0.0383411
-0.0346955
-0.0316699
-0.0293771
-0.0278586
-0.0270737
-0.0269096
-0.0272023
-0.027775
-0.0285306
-0.029445
-0.0172338
-0.0174312
-0.0176472
-0.0179315
-0.0183298
-0.0188706
-0.0195772
-0.0204691
-0.0215621
-0.0228687
-0.0243995
-0.0261619
-0.0281604
-0.0303957
-0.0328637
-0.0355552
-0.0384559
-0.0415459
-0.0448004
-0.0481901
-0.0516824
-0.0552422
-0.0588329
-0.0624183
-0.0659632
-0.0694345
-0.0728025
-0.076041
-0.0791278
-0.082045
-0.0847786
-0.0873183
-0.0896571
-0.0917909
-0.0937179
-0.0954378
-0.0969518
-0.0982623
-0.0993719
-0.100284
-0.101001
-0.101527
-0.101865
-0.102019
-0.101991
-0.101784
-0.101401
-0.100845
-0.100118
-0.099222
-0.0981586
-0.0969288
-0.0955325
-0.0939684
-0.0922337
-0.0903233
-0.08823
-0.0859437
-0.0834516
-0.0807383
-0.0777867
-0.0745797
-0.0711033
-0.0673509
-0.0633295
-0.0590673
-0.0546219
-0.0500869
-0.0455953
-0.0413146
-0.0374325
-0.0341311
-0.0315545
-0.0297777
-0.0287877
-0.0284865
-0.0287096
-0.0292676
-0.0300511
-0.0310278
-0.0187237
-0.0188812
-0.0190752
-0.0193504
-0.0197481
-0.0202961
-0.0210172
-0.0219299
-0.0230491
-0.0243867
-0.0259524
-0.0277529
-0.029792
-0.0320693
-0.0345801
-0.0373141
-0.040256
-0.0433851
-0.0466754
-0.0500971
-0.0536167
-0.0571985
-0.0608059
-0.0644023
-0.0679528
-0.0714248
-0.074789
-0.0780198
-0.0810959
-0.0840001
-0.0867191
-0.0892435
-0.0915667
-0.0936853
-0.0955977
-0.0973041
-0.098806
-0.100106
-0.101206
-0.10211
-0.102821
-0.103342
-0.103676
-0.103827
-0.103798
-0.103592
-0.103211
-0.102658
-0.101937
-0.10105
-0.0999986
-0.0987853
-0.0974109
-0.0958754
-0.0941773
-0.0923133
-0.0902776
-0.0880616
-0.0856538
-0.0830393
-0.0802007
-0.0771188
-0.0737756
-0.0701578
-0.0662623
-0.0621043
-0.057726
-0.0532052
-0.0486615
-0.0442562
-0.0401809
-0.0366348
-0.0337906
-0.0317577
-0.030555
-0.0301047
-0.0302466
-0.0307815
-0.0315882
-0.0326254
-0.0201883
-0.0203051
-0.0204758
-0.0207398
-0.0211341
-0.021686
-0.0224174
-0.0233462
-0.0244862
-0.0258486
-0.0274422
-0.029273
-0.0313439
-0.0336539
-0.0361972
-0.0389631
-0.0419352
-0.0450921
-0.0484072
-0.0518499
-0.0553863
-0.0589805
-0.0625955
-0.0661952
-0.0697446
-0.0732117
-0.0765676
-0.0797876
-0.0828508
-0.0857408
-0.0884449
-0.0909542
-0.0932628
-0.0953674
-0.0972668
-0.0989615
-0.100453
-0.101743
-0.102836
-0.103733
-0.104439
-0.104956
-0.105287
-0.105435
-0.105405
-0.105198
-0.104817
-0.104267
-0.103549
-0.102667
-0.101624
-0.100422
-0.099064
-0.0975505
-0.0958816
-0.0940557
-0.0920687
-0.0899138
-0.087581
-0.0850568
-0.0823241
-0.0793632
-0.0761535
-0.0726763
-0.0689208
-0.0648902
-0.060612
-0.0561473
-0.0516
-0.0471202
-0.0428981
-0.039144
-0.0360552
-0.033775
-0.0323568
-0.0317482
-0.0317984
-0.0323018
-0.0331265
-0.0342221
-0.0216157
-0.0216917
-0.0218377
-0.0220884
-0.0224765
-0.0230287
-0.0237662
-0.024706
-0.0258611
-0.0272419
-0.0288561
-0.0307092
-0.0328031
-0.0351363
-0.0377022
-0.0404894
-0.043481
-0.0466549
-0.0499841
-0.0534376
-0.0569813
-0.0605789
-0.0641939
-0.0677899
-0.0713327
-0.0747904
-0.0781349
-0.0813418
-0.084391
-0.0872665
-0.0899562
-0.0924516
-0.094747
-0.0968394
-0.0987279
-0.100413
-0.101896
-0.103179
-0.104266
-0.105158
-0.10586
-0.106373
-0.106702
-0.106848
-0.106816
-0.106607
-0.106226
-0.105676
-0.104959
-0.10408
-0.103041
-0.101847
-0.100499
-0.0990019
-0.0973553
-0.0955595
-0.0936124
-0.0915091
-0.0892414
-0.0867976
-0.0841619
-0.0813148
-0.0782344
-0.0748988
-0.0712905
-0.067403
-0.0632502
-0.0588767
-0.054369
-0.0498628
-0.0455412
-0.0416197
-0.0383153
-0.0358026
-0.0341711
-0.0333981
-0.0333476
-0.0338117
-0.0346491
-0.0358
-0.0229954
-0.0230302
-0.0231503
-0.023386
-0.023765
-0.0243137
-0.0250529
-0.0259985
-0.0271627
-0.0285551
-0.0301825
-0.0320497
-0.0341579
-0.0365047
-0.0390833
-0.0418816
-0.0448823
-0.0480629
-0.0513963
-0.054851
-0.0583931
-0.0619863
-0.0655942
-0.0691809
-0.0727124
-0.0761573
-0.079488
-0.0826806
-0.0857155
-0.088577
-0.0912534
-0.0937364
-0.0960206
-0.0981032
-0.0999831
-0.101661
-0.103138
-0.104416
-0.105499
-0.106388
-0.107086
-0.107598
-0.107924
-0.108069
-0.108034
-0.107824
-0.107442
-0.10689
-0.106172
-0.105293
-0.104255
-0.103064
-0.101724
-0.100236
-0.0986056
-0.0968325
-0.0949168
-0.0928557
-0.0906432
-0.0882694
-0.0857204
-0.0829777
-0.0800194
-0.0768215
-0.0733622
-0.0696268
-0.0656173
-0.0613627
-0.0569318
-0.0524431
-0.0480683
-0.0440221
-0.0405353
-0.0378103
-0.0359727
-0.0350329
-0.0348746
-0.0352919
-0.0361367
-0.0373398
-0.0243165
-0.0243107
-0.0244053
-0.0246235
-0.0249904
-0.0255318
-0.0262679
-0.0272139
-0.0283811
-0.0297782
-0.0314113
-0.0332842
-0.0353978
-0.037749
-0.0403305
-0.04313
-0.0461297
-0.0493072
-0.0526352
-0.0560824
-0.0596147
-0.0631964
-0.0667912
-0.0703636
-0.07388
-0.0773095
-0.0806249
-0.0838026
-0.0868234
-0.0896719
-0.0923366
-0.0948093
-0.0970848
-0.09916
-0.101034
-0.102707
-0.10418
-0.105456
-0.106536
-0.107424
-0.108121
-0.108631
-0.108956
-0.1091
-0.109064
-0.108851
-0.108466
-0.107912
-0.107191
-0.10631
-0.105271
-0.10408
-0.102741
-0.101259
-0.0996382
-0.097881
-0.0959889
-0.0939611
-0.0917938
-0.0894795
-0.0870062
-0.0843572
-0.0815115
-0.0784444
-0.075131
-0.0715509
-0.0676957
-0.0635806
-0.0592567
-0.0548242
-0.0504396
-0.0463117
-0.0426786
-0.0397661
-0.0377341
-0.0366286
-0.0363576
-0.0367217
-0.0375685
-0.0388203
-0.0255708
-0.0255257
-0.0255936
-0.0257928
-0.0261449
-0.0266751
-0.0274034
-0.0283441
-0.0295079
-0.0309026
-0.0325336
-0.0344041
-0.0365142
-0.0388605
-0.0414353
-0.0442261
-0.0472153
-0.0503803
-0.0536939
-0.0571252
-0.0606404
-0.0642041
-0.0677805
-0.0713343
-0.0748325
-0.0782447
-0.0815437
-0.0847065
-0.087714
-0.0905511
-0.0932061
-0.0956709
-0.0979402
-0.100011
-0.101882
-0.103552
-0.105025
-0.1063
-0.10738
-0.108268
-0.108966
-0.109475
-0.1098
-0.109942
-0.109905
-0.10969
-0.109302
-0.108743
-0.108019
-0.107133
-0.10609
-0.104896
-0.103556
-0.102075
-0.100458
-0.0987102
-0.0968344
-0.0948315
-0.0927001
-0.0904347
-0.088026
-0.0854594
-0.0827152
-0.0797693
-0.0765954
-0.0731686
-0.0694727
-0.0655106
-0.061317
-0.0569733
-0.0526183
-0.0484499
-0.0447081
-0.0416363
-0.0394258
-0.0381592
-0.0377727
-0.0380783
-0.0389222
-0.040219
-0.0267507
-0.0266678
-0.0267088
-0.0268874
-0.0272218
-0.027737
-0.0284525
-0.0293822
-0.0305361
-0.0319212
-0.0335423
-0.0354019
-0.0374997
-0.0398318
-0.0423906
-0.0451633
-0.0481325
-0.051276
-0.0545668
-0.0579745
-0.0614657
-0.0650055
-0.0685585
-0.0720902
-0.0755676
-0.0789609
-0.0822431
-0.0853915
-0.0883869
-0.0912142
-0.0938617
-0.0963213
-0.0985871
-0.100656
-0.102526
-0.104198
-0.105672
-0.106949
-0.108031
-0.108921
-0.10962
-0.110131
-0.110456
-0.110598
-0.110559
-0.110341
-0.109949
-0.109386
-0.108657
-0.107765
-0.106715
-0.105515
-0.10417
-0.102685
-0.101068
-0.0993243
-0.0974579
-0.0954722
-0.0933676
-0.0911413
-0.0887862
-0.0862902
-0.0836357
-0.0807999
-0.077756
-0.0744768
-0.07094
-0.0671381
-0.0630912
-0.0588622
-0.0545709
-0.0504007
-0.0465874
-0.0433865
-0.0410168
-0.0395969
-0.0390945
-0.0393375
-0.040174
-0.0415119
-0.0278502
-0.0277314
-0.0277456
-0.0279021
-0.0282161
-0.0287124
-0.0294103
-0.0303231
-0.0314604
-0.0328285
-0.0344317
-0.036272
-0.0383485
-0.0406574
-0.0431907
-0.045936
-0.0488763
-0.0519895
-0.0552494
-0.0586261
-0.0620868
-0.0655973
-0.0691227
-0.0726288
-0.0760834
-0.0794567
-0.082722
-0.0858566
-0.0888413
-0.0916609
-0.0943034
-0.0967604
-0.0990257
-0.101096
-0.102969
-0.104644
-0.106122
-0.107403
-0.10849
-0.109383
-0.110086
-0.110599
-0.110925
-0.111067
-0.111026
-0.110806
-0.11041
-0.109842
-0.109105
-0.108205
-0.107148
-0.105939
-0.104585
-0.103094
-0.101472
-0.0997264
-0.0978634
-0.0958876
-0.0938015
-0.0916047
-0.0892926
-0.0868555
-0.0842785
-0.0815404
-0.0786154
-0.0754748
-0.0720924
-0.0684525
-0.0645622
-0.0604672
-0.0562679
-0.0521302
-0.0482812
-0.0449823
-0.042475
-0.0409125
-0.0402961
-0.0404735
-0.0412986
-0.0426743
-0.0288645
-0.0287121
-0.0286999
-0.0288332
-0.0291243
-0.0295978
-0.030273
-0.031163
-0.0322768
-0.0336205
-0.0351977
-0.03701
-0.0390564
-0.0413328
-0.0438315
-0.0465403
-0.0494427
-0.0525173
-0.0557385
-0.0590771
-0.0625013
-0.0659773
-0.069471
-0.0729488
-0.0763787
-0.0797311
-0.0829796
-0.0861012
-0.0890768
-0.0918907
-0.0945308
-0.096988
-0.0992558
-0.10133
-0.103209
-0.10489
-0.106375
-0.107663
-0.108756
-0.109655
-0.110363
-0.110879
-0.111208
-0.11135
-0.111308
-0.111085
-0.110685
-0.11011
-0.109366
-0.108457
-0.107389
-0.106169
-0.104804
-0.103302
-0.101672
-0.0999195
-0.098054
-0.0960814
-0.0940061
-0.0918298
-0.0895505
-0.0871611
-0.0846491
-0.0819959
-0.0791771
-0.076164
-0.0729278
-0.0694466
-0.065717
-0.0617689
-0.0576836
-0.0536078
-0.0497561
-0.0463898
-0.0437682
-0.042076
-0.0413494
-0.0414598
-0.0422702
-0.0436802
-0.0297905
-0.0296071
-0.0295691
-0.0296782
-0.029944
-0.0303911
-0.0310388
-0.0318999
-0.0329833
-0.0342947
-0.0358377
-0.0376133
-0.0396205
-0.0418553
-0.0443102
-0.0469735
-0.0498293
-0.052857
-0.0560319
-0.0593258
-0.0627075
-0.0661442
-0.0696024
-0.0730491
-0.0764525
-0.0797833
-0.0830151
-0.0861248
-0.0890929
-0.0919034
-0.0945436
-0.0970038
-0.0992772
-0.101359
-0.103246
-0.104937
-0.106431
-0.107729
-0.10883
-0.109737
-0.110451
-0.110973
-0.111304
-0.111448
-0.111405
-0.111179
-0.110774
-0.110192
-0.109439
-0.108519
-0.10744
-0.106207
-0.104828
-0.103313
-0.101669
-0.0999061
-0.0980329
-0.0960572
-0.0939854
-0.0918212
-0.0895649
-0.0872121
-0.0847531
-0.0821717
-0.0794456
-0.076547
-0.073446
-0.0701166
-0.0665464
-0.0627519
-0.0587962
-0.0548063
-0.0509809
-0.0475764
-0.044864
-0.0430568
-0.0422255
-0.0422686
-0.0430617
-0.0445033
-0.0306261
-0.0304147
-0.0303519
-0.0304361
-0.0306745
-0.0310917
-0.0317069
-0.032533
-0.0335789
-0.0348503
-0.0363505
-0.0380806
-0.0400395
-0.0422234
-0.0446253
-0.0472341
-0.0500347
-0.0530074
-0.0561286
-0.059371
-0.0627046
-0.0660973
-0.0695163
-0.0729292
-0.0763045
-0.0796131
-0.0828285
-0.0859272
-0.0888895
-0.0916986
-0.0943415
-0.0968077
-0.0990896
-0.101182
-0.10308
-0.104784
-0.10629
-0.1076
-0.108713
-0.109629
-0.110351
-0.110879
-0.111215
-0.11136
-0.111317
-0.111089
-0.110678
-0.110089
-0.109326
-0.108395
-0.107302
-0.106053
-0.104659
-0.103127
-0.101467
-0.0996887
-0.0978029
-0.0958184
-0.0937433
-0.0915832
-0.0893407
-0.087014
-0.0845959
-0.0820732
-0.0794258
-0.0766277
-0.0736488
-0.0704606
-0.0670441
-0.0634042
-0.0595876
-0.0557016
-0.0519269
-0.0485107
-0.0457307
-0.0438239
-0.0428949
-0.0428713
-0.0436453
-0.0451163
-0.0313709
-0.0311346
-0.0310483
-0.0311073
-0.0313165
-0.0317003
-0.0322782
-0.0330632
-0.0340644
-0.0352877
-0.0367365
-0.0384119
-0.0403132
-0.0424369
-0.0447765
-0.0473218
-0.0500585
-0.0529682
-0.0560283
-0.0592128
-0.0624926
-0.0658367
-0.0692129
-0.0725894
-0.075935
-0.0792207
-0.0824198
-0.0855085
-0.0884665
-0.0912765
-0.0939246
-0.0963996
-0.098693
-0.100799
-0.102712
-0.104431
-0.105953
-0.107277
-0.108403
-0.109332
-0.110064
-0.1106
-0.110941
-0.111089
-0.111047
-0.110816
-0.1104
-0.109803
-0.10903
-0.108085
-0.106977
-0.105712
-0.104298
-0.102747
-0.101067
-0.0992704
-0.0973674
-0.0953686
-0.0932837
-0.0911203
-0.0888828
-0.086572
-0.0841834
-0.0817063
-0.0791234
-0.0764107
-0.0735392
-0.0704789
-0.0672064
-0.0637171
-0.060043
-0.0562728
-0.052568
-0.0491632
-0.0463372
-0.0443464
-0.0433275
-0.0432388
-0.0439925
-0.0454914
-0.0320256
-0.0317678
-0.0316596
-0.0316932
-0.0318717
-0.032219
-0.0327549
-0.0334927
-0.034442
-0.0356089
-0.0369973
-0.0386087
-0.0404428
-0.0424967
-0.0447645
-0.0472372
-0.0499015
-0.0527401
-0.055732
-0.058852
-0.0620725
-0.0653632
-0.0686931
-0.0720305
-0.0753449
-0.0786069
-0.0817898
-0.0848694
-0.0878246
-0.0906375
-0.0932932
-0.0957798
-0.0980878
-0.10021
-0.102142
-0.103879
-0.105419
-0.10676
-0.107903
-0.108846
-0.10959
-0.110135
-0.110484
-0.110636
-0.110595
-0.110362
-0.109941
-0.109336
-0.108551
-0.107593
-0.106468
-0.105184
-0.10375
-0.102177
-0.100475
-0.0986551
-0.0967304
-0.0947122
-0.0926115
-0.0904374
-0.0881966
-0.0858919
-0.0835214
-0.081077
-0.0785442
-0.0759014
-0.0731212
-0.0701736
-0.0670319
-0.0636845
-0.0601508
-0.0565022
-0.0528808
-0.0495059
-0.0466532
-0.0445934
-0.0434925
-0.0433412
-0.044074
-0.0456001
-0.0325921
-0.0323164
-0.032188
-0.0321965
-0.032343
-0.032651
-0.0331403
-0.0338249
-0.0347148
-0.0358169
-0.0371357
-0.0386735
-0.0404305
-0.0424048
-0.0445914
-0.0469822
-0.0495653
-0.0523249
-0.0552411
-0.0582903
-0.0614458
-0.0646787
-0.0679585
-0.0712543
-0.0745356
-0.0777731
-0.0809398
-0.084011
-0.0869649
-0.0897826
-0.0924484
-0.0949493
-0.0972749
-0.0994171
-0.10137
-0.103128
-0.10469
-0.106052
-0.107213
-0.108173
-0.108931
-0.109489
-0.109845
-0.110003
-0.109964
-0.10973
-0.109304
-0.108691
-0.107894
-0.106922
-0.105779
-0.104475
-0.103019
-0.101421
-0.0996928
-0.0978473
-0.0958968
-0.0938543
-0.0917319
-0.0895404
-0.0872882
-0.0849801
-0.0826165
-0.080192
-0.0776949
-0.075106
-0.0724001
-0.0695479
-0.0665211
-0.0633027
-0.0599019
-0.0563746
-0.0528441
-0.0495129
-0.0466494
-0.044534
-0.0433591
-0.0431475
-0.0438596
-0.0454129
-0.0330731
-0.0327834
-0.032637
-0.032621
-0.0327345
-0.0330005
-0.033439
-0.0340642
-0.0348872
-0.0359159
-0.0371557
-0.0386098
-0.0402797
-0.0421642
-0.0442597
-0.0465593
-0.0490525
-0.051725
-0.0545582
-0.05753
-0.0606152
-0.0637856
-0.0670117
-0.0702631
-0.0735095
-0.0767217
-0.0798721
-0.0829355
-0.0858893
-0.0887137
-0.0913919
-0.0939097
-0.0962558
-0.098421
-0.100398
-0.102182
-0.103767
-0.105153
-0.106336
-0.107315
-0.108091
-0.108662
-0.109029
-0.109194
-0.109157
-0.108923
-0.108493
-0.107871
-0.107064
-0.106076
-0.104915
-0.103589
-0.102109
-0.100484
-0.0987279
-0.096853
-0.0948728
-0.0928013
-0.0906517
-0.0884361
-0.0861645
-0.0838437
-0.0814761
-0.0790589
-0.0765828
-0.0740314
-0.0713819
-0.0686061
-0.0656757
-0.0625698
-0.0592896
-0.0558774
-0.0524392
-0.0491597
-0.0462972
-0.0441373
-0.0428954
-0.0426259
-0.0433176
-0.0448993
-0.0334727
-0.0331728
-0.0330107
-0.032971
-0.0330509
-0.0332727
-0.0336561
-0.034216
-0.0349646
-0.035911
-0.037062
-0.0384223
-0.0399944
-0.0417788
-0.0437732
-0.0459721
-0.0483665
-0.0509436
-0.0536866
-0.0565747
-0.0595839
-0.0626873
-0.0658561
-0.0690604
-0.0722701
-0.0754559
-0.0785898
-0.0816459
-0.0846007
-0.0874335
-0.0901262
-0.0926636
-0.0950331
-0.0972243
-0.099229
-0.101041
-0.102654
-0.104067
-0.105274
-0.106276
-0.107071
-0.107658
-0.108038
-0.108211
-0.10818
-0.107946
-0.107513
-0.106884
-0.106065
-0.105061
-0.103881
-0.102533
-0.101027
-0.099374
-0.0975871
-0.0956797
-0.0936661
-0.091561
-0.0893788
-0.0871326
-0.0848339
-0.0824911
-0.0801088
-0.0776861
-0.0752162
-0.0726855
-0.0700735
-0.067354
-0.064499
-0.0614856
-0.0583089
-0.055
-0.0516489
-0.048423
-0.0455685
-0.0433723
-0.0420686
-0.041743
-0.042415
-0.044027
-0.0337954
-0.0334894
-0.0333141
-0.0332519
-0.033298
-0.0334734
-0.0337977
-0.0342865
-0.034953
-0.035808
-0.0368602
-0.0381159
-0.0395796
-0.0412532
-0.0431361
-0.0452245
-0.0475112
-0.0499849
-0.0526304
-0.0554285
-0.0583563
-0.0613882
-0.0644961
-0.0676505
-0.0708217
-0.07398
-0.0770971
-0.0801463
-0.0831032
-0.0859459
-0.0886553
-0.0912148
-0.0936105
-0.0958308
-0.0978663
-0.0997095
-0.101354
-0.102796
-0.104032
-0.10506
-0.105877
-0.106483
-0.106878
-0.107062
-0.107037
-0.106806
-0.10637
-0.105735
-0.104905
-0.103886
-0.102686
-0.101315
-0.0997819
-0.098099
-0.0962791
-0.0943365
-0.0922861
-0.0901431
-0.0879229
-0.0856397
-0.0833062
-0.0809324
-0.0785242
-0.0760831
-0.0736045
-0.071077
-0.0684827
-0.0657977
-0.0629951
-0.0600511
-0.0569564
-0.0537332
-0.0504577
-0.0472809
-0.0444357
-0.042207
-0.0408446
-0.0404637
-0.0411164
-0.0427618
-0.0340466
-0.0337386
-0.0335529
-0.0334696
-0.0334818
-0.0336092
-0.0338706
-0.0342823
-0.0348589
-0.0356133
-0.0365563
-0.0376965
-0.0390405
-0.0405923
-0.0423532
-0.0443214
-0.0464914
-0.0488536
-0.0513945
-0.0540963
-0.0569376
-0.0598936
-0.0629371
-0.0660391
-0.0691699
-0.0722997
-0.0753997
-0.0784423
-0.0814023
-0.0842565
-0.0869845
-0.0895685
-0.0919931
-0.0942456
-0.0963151
-0.0981932
-0.0998727
-0.101348
-0.102616
-0.103672
-0.104514
-0.105142
-0.105555
-0.105752
-0.105736
-0.105509
-0.105073
-0.104432
-0.103592
-0.102558
-0.101339
-0.0999445
-0.0983839
-0.0966696
-0.094815
-0.0928347
-0.0907441
-0.0885591
-0.0862958
-0.0839693
-0.0815933
-0.0791789
-0.0767339
-0.0742611
-0.071758
-0.0692156
-0.0666184
-0.0639446
-0.061169
-0.058268
-0.0552295
-0.0520689
-0.0488509
-0.0457116
-0.0428705
-0.0406085
-0.0391874
-0.0387501
-0.0393837
-0.0410662
-0.034232
-0.0339263
-0.0337331
-0.0336305
-0.0336091
-0.0336868
-0.0338816
-0.0342103
-0.0346892
-0.0353335
-0.0361567
-0.0371701
-0.0383829
-0.0398016
-0.0414299
-0.043268
-0.0453123
-0.0475551
-0.0499844
-0.052584
-0.0553337
-0.0582098
-0.0611858
-0.064233
-0.0673218
-0.0704221
-0.0735047
-0.0765411
-0.079505
-0.0823721
-0.0851207
-0.0877315
-0.0901878
-0.0924753
-0.0945822
-0.0964984
-0.098216
-0.0997285
-0.101031
-0.102119
-0.10299
-0.103643
-0.104077
-0.10429
-0.104286
-0.104065
-0.10363
-0.102985
-0.102136
-0.101089
-0.0998518
-0.0984334
-0.0968449
-0.0950984
-0.0932076
-0.0911873
-0.0890535
-0.0868227
-0.0845112
-0.082135
-0.0797087
-0.0772444
-0.0747509
-0.0722326
-0.0696888
-0.0671124
-0.0644901
-0.0618025
-0.0590263
-0.0561386
-0.0531261
-0.0499994
-0.0468139
-0.0436931
-0.0408439
-0.0385419
-0.0370579
-0.0365608
-0.0371746
-0.0388992
-0.0343579
-0.034059
-0.0338615
-0.0337414
-0.0336869
-0.0337133
-0.0338378
-0.0340777
-0.0344509
-0.0349754
-0.0356677
-0.0365427
-0.0376125
-0.0388868
-0.0403717
-0.0420698
-0.0439796
-0.0460953
-0.0484065
-0.0508984
-0.053552
-0.0563445
-0.0592501
-0.0622404
-0.0652858
-0.068356
-0.0714209
-0.0744516
-0.0774203
-0.0803018
-0.0830728
-0.0857126
-0.0882032
-0.0905287
-0.0926761
-0.0946339
-0.0963931
-0.0979461
-0.0992869
-0.100411
-0.101315
-0.101996
-0.102453
-0.102686
-0.102696
-0.102484
-0.102053
-0.101407
-0.100551
-0.0994916
-0.0982366
-0.0967955
-0.0951792
-0.0934
-0.0914719
-0.08941
-0.0872303
-0.0849498
-0.0825852
-0.0801531
-0.0776684
-0.0751442
-0.0725902
-0.070012
-0.0674102
-0.0647794
-0.0621084
-0.05938
-0.0565728
-0.0536654
-0.0506441
-0.0475167
-0.0443318
-0.0412025
-0.038325
-0.0359694
-0.0344135
-0.0338501
-0.0344421
-0.0362143
-0.0344309
-0.0341435
-0.0339451
-0.0338095
-0.0337224
-0.0336962
-0.0337466
-0.0338914
-0.0341507
-0.0345453
-0.0350957
-0.0358203
-0.0367353
-0.0378536
-0.0391844
-0.0407328
-0.0424996
-0.0444809
-0.0466679
-0.0490471
-0.0516006
-0.0543065
-0.0571393
-0.0600711
-0.0630721
-0.0661117
-0.0691592
-0.0721846
-0.0751592
-0.0780565
-0.0808517
-0.0835228
-0.0860501
-0.0884166
-0.0906075
-0.0926102
-0.0944145
-0.0960116
-0.0973947
-0.0985582
-0.0994981
-0.100211
-0.100696
-0.100952
-0.10098
-0.10078
-0.100355
-0.0997104
-0.0988497
-0.09778
-0.0965091
-0.0950465
-0.0934031
-0.0915915
-0.0896255
-0.0875204
-0.0852926
-0.0829588
-0.0805363
-0.0780418
-0.0754906
-0.0728962
-0.0702689
-0.0676153
-0.0649369
-0.06223
-0.0594847
-0.0566859
-0.0538143
-0.0508502
-0.0477806
-0.0446119
-0.0413881
-0.038215
-0.0352802
-0.0328495
-0.0312065
-0.0305663
-0.0311325
-0.0329587
-0.0344576
-0.0341867
-0.0339911
-0.0338422
-0.0337231
-0.0336425
-0.0336148
-0.0336582
-0.0337949
-0.0340494
-0.0344461
-0.0350084
-0.0357566
-0.0367074
-0.0378736
-0.0392631
-0.0408789
-0.0427191
-0.0447765
-0.0470388
-0.049489
-0.0521058
-0.0548643
-0.0577366
-0.0606928
-0.0637018
-0.0667322
-0.0697531
-0.0727349
-0.0756494
-0.0784707
-0.0811752
-0.0837418
-0.0861519
-0.0883894
-0.0904404
-0.0922932
-0.0939381
-0.0953671
-0.096574
-0.0975539
-0.0983032
-0.0988196
-0.099102
-0.0991506
-0.0989664
-0.0985521
-0.0979112
-0.0970488
-0.0959714
-0.0946868
-0.0932045
-0.0915354
-0.0896919
-0.087688
-0.0855389
-0.0832607
-0.0808705
-0.0783853
-0.0758218
-0.0731955
-0.07052
-0.0678059
-0.0650602
-0.0622853
-0.0594783
-0.0566308
-0.0537292
-0.0507562
-0.0476941
-0.0445313
-0.0412739
-0.037964
-0.0347025
-0.0316716
-0.0291352
-0.0273827
-0.02665
-0.0271843
-0.0290713
-0.0344451
-0.0341963
-0.0340072
-0.0338474
-0.0336964
-0.0335595
-0.0334492
-0.0333841
-0.0333891
-0.0334927
-0.0337242
-0.034112
-0.0346814
-0.0354537
-0.0364452
-0.037667
-0.0391246
-0.0408179
-0.0427412
-0.0448832
-0.0472279
-0.0497543
-0.0524377
-0.0552503
-0.0581618
-0.0611407
-0.0641549
-0.0671726
-0.0701627
-0.0730961
-0.0759454
-0.0786856
-0.0812939
-0.0837504
-0.0860374
-0.0881398
-0.0900445
-0.0917408
-0.0932196
-0.0944737
-0.0954975
-0.0962868
-0.0968387
-0.0971517
-0.0972254
-0.0970609
-0.0966604
-0.0960273
-0.0951667
-0.0940848
-0.0927894
-0.0912897
-0.0895967
-0.0877227
-0.0856813
-0.0834876
-0.0811576
-0.0787078
-0.0761552
-0.073516
-0.0708056
-0.0680374
-0.0652219
-0.0623661
-0.0594728
-0.0565396
-0.053559
-0.0505188
-0.0474032
-0.0441967
-0.0408895
-0.037489
-0.0340368
-0.0306323
-0.0274559
-0.0247725
-0.0228795
-0.0220326
-0.0225252
-0.0244804
-0.0344003
-0.0341798
-0.0340017
-0.033833
-0.0336502
-0.0334543
-0.0332559
-0.0330746
-0.0329381
-0.0328794
-0.0329337
-0.033135
-0.0335141
-0.0340971
-0.0349047
-0.0359511
-0.0372442
-0.0387859
-0.0405718
-0.0425915
-0.0448294
-0.0472651
-0.0498737
-0.0526272
-0.0554952
-0.0584453
-0.0614447
-0.0644606
-0.0674609
-0.0704151
-0.0732943
-0.0760723
-0.0787247
-0.0812302
-0.0835696
-0.0857264
-0.0876864
-0.0894376
-0.0909698
-0.0922751
-0.0933468
-0.0941802
-0.0947718
-0.0951196
-0.0952229
-0.0950823
-0.0946998
-0.0940788
-0.0932238
-0.0921411
-0.0908383
-0.0893244
-0.08761
-0.0857072
-0.0836294
-0.081391
-0.0790078
-0.0764956
-0.0738708
-0.0711491
-0.0683451
-0.0654717
-0.062539
-0.0595536
-0.0565179
-0.0534296
-0.0502818
-0.0470628
-0.0437587
-0.0403554
-0.0368456
-0.033239
-0.0295789
-0.0259657
-0.0225819
-0.0196985
-0.0176237
-0.0166334
-0.0170702
-0.0191013
-0.0343305
-0.0341458
-0.0339833
-0.0338077
-0.0335923
-0.0333336
-0.0330405
-0.032734
-0.0324452
-0.0322126
-0.0320775
-0.0320803
-0.0322581
-0.0326422
-0.0332576
-0.034122
-0.0352458
-0.0366327
-0.0382792
-0.0401759
-0.0423074
-0.0446533
-0.0471886
-0.0498849
-0.0527112
-0.0556346
-0.0586213
-0.0616374
-0.06465
-0.067627
-0.0705384
-0.0733563
-0.0760552
-0.0786122
-0.0810067
-0.0832209
-0.0852393
-0.0870487
-0.0886381
-0.0899983
-0.091122
-0.0920037
-0.0926394
-0.0930264
-0.0931638
-0.0930517
-0.0926919
-0.0920874
-0.0912426
-0.0901634
-0.0888571
-0.0873325
-0.0855998
-0.0836706
-0.0815577
-0.0792751
-0.0768375
-0.0742601
-0.0715583
-0.0687469
-0.0658393
-0.0628475
-0.0597804
-0.0566438
-0.0534394
-0.0501642
-0.046811
-0.0433687
-0.039824
-0.0361647
-0.0323861
-0.028501
-0.0245561
-0.0206557
-0.016989
-0.0138383
-0.0115282
-0.0103565
-0.010718
-0.0128331
-0.0342434
-0.0341034
-0.0339619
-0.0337809
-0.0335309
-0.0332041
-0.0328081
-0.0323658
-0.0319128
-0.0314939
-0.031157
-0.03095
-0.0309163
-0.0310929
-0.0315094
-0.0321868
-0.0331383
-0.0343688
-0.035876
-0.0376507
-0.0396776
-0.0419361
-0.0444009
-0.047043
-0.0498306
-0.0527301
-0.0557069
-0.058726
-0.0617531
-0.0647553
-0.0677012
-0.0705614
-0.0733091
-0.07592
-0.0783722
-0.0806465
-0.0827263
-0.0845972
-0.0862471
-0.0876659
-0.0888456
-0.0897798
-0.0904638
-0.0908947
-0.0910709
-0.0909922
-0.0906599
-0.0900768
-0.089247
-0.0881759
-0.0868706
-0.0853394
-0.0835918
-0.081639
-0.0794928
-0.0771665
-0.0746737
-0.0720284
-0.0692448
-0.066336
-0.0633143
-0.0601896
-0.0569697
-0.0536585
-0.0502563
-0.0467589
-0.0431581
-0.0394422
-0.0355984
-0.0316159
-0.0274926
-0.0232452
-0.0189259
-0.0146457
-0.0106044
-0.00710273
-0.00448911
-0.00308695
-0.00334701
-0.00555443
-0.034147
-0.0340636
-0.0339487
-0.0337632
-0.033475
-0.0330725
-0.0325629
-0.0319722
-0.0313418
-0.0307232
-0.0301724
-0.0297447
-0.0294906
-0.0294529
-0.0296657
-0.0301535
-0.0309315
-0.0320063
-0.033376
-0.0350317
-0.0369577
-0.0391329
-0.0415314
-0.0441234
-0.0468765
-0.049756
-0.0527263
-0.0557515
-0.0587962
-0.0618263
-0.064809
-0.0677138
-0.0705126
-0.0731797
-0.075692
-0.078029
-0.0801729
-0.0821083
-0.0838219
-0.0853028
-0.0865422
-0.0875329
-0.0882697
-0.088749
-0.0889686
-0.0889282
-0.0886285
-0.0880719
-0.0872621
-0.0862042
-0.0849045
-0.0833709
-0.0816123
-0.0796388
-0.0774614
-0.0750921
-0.0725433
-0.0698274
-0.0669567
-0.0639427
-0.0607953
-0.0575226
-0.0541298
-0.0506186
-0.0469868
-0.0432283
-0.0393328
-0.0352873
-0.0310785
-0.0266963
-0.0221414
-0.0174352
-0.0126364
-0.00786681
-0.00334051
0.000615822
0.00361939
0.00531454
0.00519031
0.0028814
-0.0340501
-0.0340402
-0.0339581
-0.0337672
-0.0334346
-0.0329456
-0.0323088
-0.0315546
-0.0307315
-0.0298993
-0.0291225
-0.0284645
-0.0279827
-0.027726
-0.0277327
-0.0280306
-0.0286369
-0.029559
-0.0307955
-0.0323371
-0.0341677
-0.0362654
-0.0386033
-0.0411509
-0.0438746
-0.0467388
-0.0497069
-0.052742
-0.0558076
-0.0588683
-0.0618905
-0.0648423
-0.0676943
-0.0704198
-0.0729943
-0.0753963
-0.0776068
-0.0796092
-0.0813895
-0.0829357
-0.0842383
-0.0852893
-0.0860829
-0.0866149
-0.0868828
-0.0868854
-0.0866233
-0.0860983
-0.0853136
-0.0842737
-0.0829844
-0.0814528
-0.0796869
-0.0776958
-0.0754892
-0.0730777
-0.0704719
-0.0676824
-0.0647192
-0.0615915
-0.0583065
-0.0548694
-0.0512822
-0.0475435
-0.0436478
-0.0395856
-0.0353435
-0.0309059
-0.0262579
-0.0213895
-0.0163035
-0.0110265
-0.00562645
-0.000235831
0.00490842
0.00944706
0.0129501
0.0150182
0.0150745
0.0126543
-0.0339694
-0.0340485
-0.0340071
-0.0338083
-0.0334214
-0.0328311
-0.0320493
-0.0311133
-0.0300805
-0.02902
-0.0280055
-0.0271088
-0.0263944
-0.0259165
-0.0257178
-0.0258286
-0.0262677
-0.027043
-0.028153
-0.0295879
-0.0313306
-0.0333583
-0.0356429
-0.0381528
-0.0408532
-0.0437077
-0.0466785
-0.0497277
-0.0528178
-0.0559124
-0.0589767
-0.0619777
-0.0648851
-0.0676708
-0.0703095
-0.0727783
-0.0750574
-0.0771291
-0.0789785
-0.0805928
-0.0819616
-0.0830763
-0.0839304
-0.0845192
-0.0848394
-0.0848896
-0.0846697
-0.084181
-0.0834262
-0.0824091
-0.0811347
-0.0796092
-0.0778395
-0.0758335
-0.0735995
-0.0711462
-0.0684822
-0.0656158
-0.0625544
-0.0593041
-0.0558688
-0.05225
-0.0484458
-0.0444504
-0.0402539
-0.0358418
-0.0311964
-0.0262979
-0.0211281
-0.0156757
-0.00994505
-0.00396857
0.0021753
0.00834552
0.0142679
0.0195467
0.0236892
0.0262346
0.0265293
0.023988
-0.0339196
-0.0341145
-0.034121
-0.0339073
-0.0334506
-0.0327382
-0.0317885
-0.0306486
-0.0293867
-0.0280826
-0.0268196
-0.0256777
-0.0247282
-0.0240304
-0.0236302
-0.02356
-0.0238396
-0.0244769
-0.0254699
-0.0268077
-0.0284721
-0.0304389
-0.0326788
-0.0351589
-0.0378433
-0.0406943
-0.0436733
-0.0467413
-0.0498597
-0.0529914
-0.0561003
-0.0591528
-0.0621174
-0.0649649
-0.0676691
-0.0702063
-0.0725555
-0.0746982
-0.0766185
-0.0783031
-0.0797405
-0.0809216
-0.0818392
-0.082488
-0.0828643
-0.0829659
-0.0827922
-0.0823439
-0.0816231
-0.0806328
-0.079377
-0.0778611
-0.0760906
-0.0740719
-0.0718117
-0.0693165
-0.0665926
-0.0636457
-0.0604798
-0.0570976
-0.0534988
-0.0496806
-0.0456358
-0.0413532
-0.0368167
-0.0320059
-0.0268962
-0.0214617
-0.0156789
-0.00953343
-0.00302942
0.00379616
0.010855
0.0179808
0.0248817
0.0311
0.0360643
0.0392262
0.0398368
0.0371682
-0.033928
-0.0342736
-0.0343341
-0.0340922
-0.0335419
-0.0326786
-0.0315318
-0.0301617
-0.0286489
-0.0270852
-0.025564
-0.0241729
-0.0229891
-0.022076
-0.021482
-0.0212407
-0.0213719
-0.0218831
-0.0227711
-0.0240238
-0.0256213
-0.0275379
-0.029743
-0.0322021
-0.0348783
-0.0377327
-0.0407256
-0.0438171
-0.0469678
-0.0501396
-0.0532957
-0.0564015
-0.0594246
-0.0623351
-0.0651058
-0.0677121
-0.0701321
-0.0723467
-0.074339
-0.076095
-0.0776025
-0.0788518
-0.079835
-0.0805461
-0.0809809
-0.0811367
-0.0810121
-0.0806073
-0.0799235
-0.0789628
-0.0777287
-0.0762248
-0.0744555
-0.0724255
-0.0701394
-0.0676016
-0.0648157
-0.061784
-0.0585072
-0.0549835
-0.051208
-0.0471721
-0.0428628
-0.0382618
-0.0333454
-0.0280847
-0.0224465
-0.0163961
-0.00990185
-0.00294313
0.00447843
0.0123229
0.0204911
0.0287947
0.0369129
0.044323
0.0503509
0.0543227
0.055358
0.0525702
-0.0340387
-0.0345798
-0.034697
-0.0344028
-0.0337233
-0.0326698
-0.0312882
-0.0296557
-0.027868
-0.0260288
-0.0242409
-0.0225992
-0.0211855
-0.0200656
-0.0192894
-0.0188905
-0.0188879
-0.0192878
-0.0200854
-0.0212668
-0.0228105
-0.0246889
-0.0268698
-0.0293175
-0.0319937
-0.0348584
-0.037871
-0.0409908
-0.0441775
-0.0473922
-0.0505974
-0.0537578
-0.0568402
-0.0598141
-0.0626513
-0.0653266
-0.0678173
-0.0701035
-0.0721678
-0.0739952
-0.0755731
-0.0768909
-0.0779403
-0.0787147
-0.0792091
-0.0794204
-0.0793464
-0.0789866
-0.0783415
-0.0774122
-0.0762009
-0.0747102
-0.0729428
-0.0709017
-0.0685893
-0.0660075
-0.0631567
-0.0600359
-0.0566414
-0.0529667
-0.0490014
-0.0447304
-0.0401332
-0.0351831
-0.0298468
-0.0240848
-0.0178525
-0.0111032
-0.00379352
0.00410746
0.0126049
0.0216595
0.0311634
0.0409076
0.050532
0.0594588
0.0668765
0.0719367
0.0735625
0.0707048
-0.0343244
-0.0351184
-0.035286
-0.0348973
-0.0340352
-0.0327376
-0.0310734
-0.0291403
-0.0270503
-0.0249192
-0.0228583
-0.0209674
-0.0193315
-0.0180174
-0.0170743
-0.0165347
-0.0164158
-0.0167218
-0.0174456
-0.0185713
-0.0200753
-0.0219282
-0.0240962
-0.0265422
-0.0292265
-0.0321084
-0.0351462
-0.0382984
-0.0415242
-0.0447838
-0.0480393
-0.0512548
-0.0543963
-0.0574327
-0.0603353
-0.0630782
-0.0656381
-0.0679944
-0.0701289
-0.0720262
-0.073673
-0.0750581
-0.0761727
-0.0770094
-0.0775628
-0.0778289
-0.0778052
-0.0774902
-0.0768836
-0.0759855
-0.074797
-0.0733191
-0.0715533
-0.0695002
-0.0671601
-0.0645321
-0.0616133
-0.0583987
-0.0548802
-0.0510458
-0.0468787
-0.0423563
-0.0374494
-0.0321214
-0.0263274
-0.0200148
-0.0131244
-0.00559385
0.00263671
0.011614
0.0213561
0.0318309
0.0429275
0.05442
0.0659119
0.0767603
0.0860189
0.0925785
0.095067
0.0922875
-0.0349103
-0.0360257
-0.0362172
-0.0356617
-0.0345371
-0.0329218
-0.0309139
-0.0286341
-0.0262111
-0.0237712
-0.0214322
-0.0192967
-0.0174497
-0.015957
-0.0148654
-0.0142048
-0.0139895
-0.0142207
-0.0148887
-0.015975
-0.0174539
-0.0192941
-0.0214602
-0.0239136
-0.0266138
-0.0295188
-0.0325863
-0.0357741
-0.0390408
-0.0423463
-0.045652
-0.0489215
-0.0521205
-0.0552172
-0.0581826
-0.0609901
-0.0636158
-0.0660387
-0.0682401
-0.0702038
-0.071916
-0.0733652
-0.0745418
-0.0754379
-0.0760475
-0.0763661
-0.0763904
-0.0761181
-0.0755481
-0.0746795
-0.073512
-0.0720455
-0.0702795
-0.0682127
-0.0658429
-0.0631662
-0.0601762
-0.0568638
-0.0532158
-0.0492142
-0.0448352
-0.0400478
-0.034813
-0.0290824
-0.0227977
-0.0158907
-0.0082843
0.000104151
0.0093563
0.0195417
0.0307004
0.0428179
0.0557914
0.0693883
0.0831843
0.0964715
0.108193
0.11687
0.120696
0.118348
-0.0360157
-0.0375234
-0.0376688
-0.0368235
-0.0353174
-0.0332838
-0.0308536
-0.0281714
-0.0253799
-0.0226132
-0.0199918
-0.0176177
-0.015573
-0.0139196
-0.0127001
-0.0119397
-0.0116488
-0.0118248
-0.012455
-0.0135179
-0.0149857
-0.0168251
-0.018999
-0.0214678
-0.0241898
-0.0271223
-0.0302223
-0.0334472
-0.0367551
-0.0401055
-0.0434595
-0.0467802
-0.0500332
-0.0531861
-0.0562096
-0.0590766
-0.0617629
-0.064247
-0.0665096
-0.0685343
-0.0703066
-0.0718146
-0.0730481
-0.0739988
-0.0746601
-0.0750268
-0.0750951
-0.0748619
-0.074325
-0.0734828
-0.0723337
-0.070876
-0.0691075
-0.0670248
-0.0646232
-0.0618956
-0.0588321
-0.055419
-0.0516377
-0.0474641
-0.0428664
-0.0378048
-0.0322292
-0.0260784
-0.0192788
-0.0117438
-0.0033753
0.00593415
0.0162944
0.0278067
0.0405444
0.0545259
0.0696757
0.0857748
0.102393
0.118787
0.133783
0.145543
0.151566
0.150393
-0.038035
-0.0399744
-0.0399108
-0.0385663
-0.0365008
-0.0339111
-0.0309579
-0.0278046
-0.0246027
-0.0214886
-0.01858
-0.0159739
-0.0137456
-0.0119499
-0.0106229
-0.00978358
-0.00943706
-0.00957645
-0.0101852
-0.011239
-0.0127075
-0.0145557
-0.0167451
-0.0192348
-0.0219822
-0.0249442
-0.0280773
-0.0313383
-0.0346852
-0.0380773
-0.0414753
-0.0448423
-0.0481435
-0.0513464
-0.0544213
-0.0573409
-0.0600806
-0.0626185
-0.0649351
-0.0670135
-0.0688389
-0.0703987
-0.0716825
-0.0726816
-0.0733887
-0.0737981
-0.0739053
-0.0737066
-0.0731988
-0.0723794
-0.0712454
-0.0697939
-0.0680206
-0.0659203
-0.0634854
-0.060706
-0.0575681
-0.0540537
-0.0501386
-0.0457919
-0.0409741
-0.0356357
-0.0297151
-0.0231371
-0.0158115
-0.00763168
0.00152487
0.0117946
0.0233223
0.0362503
0.0507003
0.0667438
0.0843603
0.10338
0.123407
0.14371
0.163058
0.179371
0.189124
0.190569
-0.0416986
-0.0439742
-0.0433342
-0.0411315
-0.0382418
-0.0349073
-0.0313009
-0.027592
-0.0239305
-0.0204451
-0.0172437
-0.0144118
-0.0120137
-0.0100935
-0.00867811
-0.00777888
-0.00739445
-0.00751286
-0.00811358
-0.00916922
-0.0106471
-0.0125104
-0.0147194
-0.0172322
-0.0200057
-0.0229961
-0.0261597
-0.0294533
-0.0328345
-0.0362626
-0.0396983
-0.0431045
-0.0464464
-0.0496913
-0.0528094
-0.0557731
-0.0585578
-0.0611411
-0.0635034
-0.0656274
-0.067498
-0.0691023
-0.0704294
-0.0714701
-0.0722169
-0.0726634
-0.0728045
-0.0726358
-0.0721534
-0.0713535
-0.0702322
-0.0687849
-0.0670058
-0.0648874
-0.0624197
-0.0595897
-0.0563797
-0.0527669
-0.0487219
-0.0442072
-0.0391753
-0.033567
-0.0273092
-0.0203125
-0.0124694
-0.00365214
0.00628795
0.01752
0.0302296
0.0446107
0.0608493
0.0790958
0.0994222
0.12176
0.145815
0.170951
0.196035
0.218868
0.234932
0.241582
-0.048411
-0.0504862
-0.0484343
-0.0447582
-0.0406543
-0.03632
-0.0318963
-0.0275336
-0.0233605
-0.0194835
-0.0159891
-0.0129432
-0.0103932
-0.008369
-0.0068856
-0.00594517
-0.00553916
-0.00565015
-0.0062535
-0.00731887
-0.00881141
-0.0106928
-0.0129223
-0.0154574
-0.0182544
-0.0212696
-0.0244589
-0.0277791
-0.0311881
-0.034645
-0.0381107
-0.0415481
-0.0449223
-0.0482008
-0.0513535
-0.054353
-0.0571743
-0.0597949
-0.0621951
-0.0643571
-0.0662658
-0.0679079
-0.0692722
-0.0703491
-0.0711305
-0.0716097
-0.071781
-0.0716392
-0.0711797
-0.0703978
-0.0692885
-0.0678458
-0.066062
-0.0639274
-0.0614304
-0.0585546
-0.0552788
-0.051576
-0.0474117
-0.042742
-0.0375122
-0.0316538
-0.0250828
-0.0176963
-0.00937019
4.4112e-05
0.0107217
0.0228657
0.0367069
0.0524991
0.0705092
0.0909962
0.114174
0.140152
0.16884
0.19983
0.232279
0.26411
0.290255
0.306565
-0.0610177
-0.0610039
-0.0556917
-0.0495185
-0.0436328
-0.0379625
-0.0325338
-0.0274292
-0.0227197
-0.0184634
-0.0147073
-0.0114866
-0.00882446
-0.0067329
-0.00521338
-0.00425816
-0.00385152
-0.00397098
-0.00458841
-0.00567108
-0.0071826
-0.00908374
-0.0113332
-0.0138882
-0.0167051
-0.01974
-0.0229494
-0.02629
-0.02972
-0.0331987
-0.0366871
-0.0401484
-0.0435477
-0.0468526
-0.050033
-0.0530614
-0.0559128
-0.0585646
-0.0609969
-0.0631917
-0.0651336
-0.0668091
-0.0682067
-0.0693163
-0.0701297
-0.0706394
-0.0708393
-0.0707236
-0.0702868
-0.0695237
-0.0684282
-0.066993
-0.0652095
-0.0630637
-0.0605445
-0.0576322
-0.0543024
-0.0505245
-0.0462595
-0.0414581
-0.0360591
-0.0299863
-0.023146
-0.0154238
-0.00668083
0.00324987
0.0145675
0.0275074
0.0423449
0.0593972
0.0790237
0.10162
0.1276
0.157359
0.191188
0.22915
0.270933
0.315007
0.356426
0.391508
-0.086042
-0.0773229
-0.0650352
-0.0547895
-0.0463307
-0.0389686
-0.0324426
-0.0266427
-0.0215049
-0.0169954
-0.0131003
-0.00981372
-0.00713156
-0.00504736
-0.00355062
-0.00262588
-0.00225258
-0.00240531
-0.00305434
-0.00416617
-0.00570419
-0.00762927
-0.00990042
-0.0124753
-0.0153107
-0.0183634
-0.02159
-0.024948
-0.0283957
-0.0318928
-0.0354008
-0.0388828
-0.0423042
-0.0456326
-0.0488381
-0.051893
-0.0547724
-0.0574536
-0.0599162
-0.0621425
-0.0641166
-0.0658247
-0.0672551
-0.0683975
-0.069243
-0.0697841
-0.0700139
-0.0699261
-0.0695146
-0.0687732
-0.0676957
-0.0662731
-0.0644943
-0.0623506
-0.0598217
-0.0568875
-0.0535223
-0.0496924
-0.0453554
-0.0404581
-0.0349342
-0.0287019
-0.0216603
-0.0136863
-0.00463019
0.00568901
0.0174891
0.0310311
0.0466274
0.0646515
0.0855508
0.109864
0.138244
0.171483
0.210511
0.25636
0.309945
0.371314
0.437988
0.512894
-0.141944
-0.0983221
-0.0711327
-0.0555315
-0.0446332
-0.0361015
-0.0291615
-0.0233435
-0.0183508
-0.0140406
-0.0103544
-0.00726682
-0.0047642
-0.00283678
-0.0014743
-0.000663234
-0.000385592
-0.000618689
-0.00133539
-0.00250458
-0.00409176
-0.00605963
-0.00836874
-0.0109781
-0.0138456
-0.0169288
-0.0201853
-0.0235729
-0.0270506
-0.0305784
-0.034118
-0.0376328
-0.0410883
-0.0444521
-0.0476942
-0.0507871
-0.0537054
-0.0564265
-0.0589299
-0.0611974
-0.0632131
-0.064963
-0.066435
-0.0676186
-0.0685046
-0.0690853
-0.0693534
-0.0693025
-0.0689259
-0.0682149
-0.0671654
-0.0657679
-0.064012
-0.0618834
-0.0593639
-0.0564322
-0.0530609
-0.049215
-0.0448503
-0.0399112
-0.0343293
-0.0280194
-0.0208772
-0.0127753
-0.00355833
0.00696177
0.0190126
0.0328696
0.0488666
0.0674121
0.0890123
0.114311
0.144154
0.179713
0.22268
0.275638
0.342425
0.428697
0.542188
0.695473
-0.275271
-0.114347
-0.0562894
-0.0399194
-0.0311823
-0.0244085
-0.0192314
-0.0150789
-0.0114715
-0.00824564
-0.00539714
-0.00295725
-0.000956407
0.000580894
0.00163804
0.00220776
0.00229217
0.00190192
0.00105502
-0.000224402
-0.00190712
-0.00395989
-0.00634632
-0.00902771
-0.0119638
-0.0151134
-0.018435
-0.0218872
-0.0254294
-0.0290221
-0.0326269
-0.0362074
-0.039729
-0.0431594
-0.0464683
-0.049628
-0.0526131
-0.0554006
-0.0579699
-0.0603026
-0.0623825
-0.0641955
-0.0657291
-0.0669728
-0.0679173
-0.0685545
-0.068877
-0.0688783
-0.0685526
-0.0678951
-0.0668922
-0.0655378
-0.0638226
-0.0617326
-0.0592499
-0.0563528
-0.0530138
-0.0491978
-0.0448608
-0.0399476
-0.0343896
-0.0281023
-0.0209816
-0.0129006
-0.00370458
0.00679415
0.0188231
0.0326582
0.0486362
0.0671724
0.0887881
0.11416
0.144202
0.18025
0.224403
0.280467
0.355856
0.467167
0.643673
0.92533
)
;

boundaryField
{
    movingWall
    {
        type            zeroGradient;
    }
    fixedWalls
    {
        type            zeroGradient;
    }
    frontAndBack
    {
        type            empty;
    }
}


// ************************************************************************* //
