/*--------------------------------*- C++ -*----------------------------------*\
  =========                 |
  \\      /  F ield         | OpenFOAM: The Open Source CFD Toolbox
   \\    /   O peration     | Website:  https://openfoam.org
    \\  /    A nd           | Version:  7
     \\/     M anipulation  |
\*---------------------------------------------------------------------------*/
FoamFile
{
    version     2.0;
    format      ascii;
    class       volScalarField;
    location    "1.975";
    object      p;
}
// * * * * * * * * * * * * * * * * * * * * * * * * * * * * * * * * * * * * * //

dimensions      [0 2 -2 0 0 0 0];

internalField   nonuniform List<scalar> 
6400
(
2.28147e-06
5.64629e-07
-6.33626e-05
-0.000185796
-0.000351596
-0.000547388
-0.000761506
-0.000984069
-0.00120699
-0.00142382
-0.0016295
-0.0018201
-0.00199258
-0.00214469
-0.00227474
-0.00238149
-0.00246406
-0.00252185
-0.00255444
-0.00256152
-0.00254293
-0.00249855
-0.00242832
-0.00233222
-0.00221028
-0.00206257
-0.00188924
-0.00169049
-0.00146664
-0.00121813
-0.000945508
-0.000649515
-0.000331061
8.74125e-06
0.000368554
0.000746808
0.00114168
0.00155111
0.00197277
0.00240407
0.00284221
0.00328413
0.00372658
0.00416612
0.00459919
0.00502211
0.00543115
0.00582256
0.00619265
0.00653784
0.00685472
0.00714009
0.00739107
0.00760511
0.00778008
0.0079143
0.00800659
0.00805633
0.00806348
0.0080286
0.00795284
0.00783801
0.00768653
0.00750142
0.00728631
0.00704536
0.00678331
0.00650539
0.00621732
0.00592526
0.0056358
0.00535592
0.00509297
0.00485459
0.00464862
0.00448279
0.004364
0.0042974
0.00428493
0.0043138
6.83934e-06
3.89316e-06
-5.27096e-05
-0.000156502
-0.000295333
-0.000459731
-0.000640755
-0.000830502
-0.00102211
-0.00120988
-0.00138918
-0.00155627
-0.0017082
-0.00184267
-0.00195791
-0.00205256
-0.00212561
-0.00217632
-0.00220413
-0.00220864
-0.00218958
-0.00214675
-0.00208002
-0.00198933
-0.00187466
-0.00173609
-0.00157373
-0.00138778
-0.00117857
-0.000946513
-0.000692162
-0.000416227
-0.000119591
0.000196679
0.00053131
0.000882815
0.00124948
0.00162938
0.00202032
0.00241991
0.00282555
0.0032344
0.00364347
0.0040496
0.00444952
0.00483985
0.00521718
0.0055781
0.00591925
0.00623738
0.0065294
0.00679245
0.00702391
0.00722153
0.0073834
0.00750806
0.00759452
0.00764227
0.00765134
0.00762232
0.00755637
0.00745519
0.00732108
0.00715686
0.00696591
0.00675209
0.00651977
0.00627374
0.0060192
0.00576173
0.00550722
0.00526183
0.00503192
0.00482395
0.00464431
0.00449899
0.00439293
0.0043296
0.00431356
0.00434261
7.15443e-05
6.05016e-05
3.40843e-06
-9.25871e-05
-0.000217465
-0.000363719
-0.000524294
-0.000692636
-0.000862952
-0.0010303
-0.00119053
-0.00134025
-0.00147669
-0.00159765
-0.0017014
-0.00178656
-0.0018521
-0.00189722
-0.0019213
-0.0019239
-0.00190466
-0.00186335
-0.00179979
-0.00171387
-0.00160557
-0.0014749
-0.00132198
-0.00114698
-0.000950193
-0.000732019
-0.000492983
-0.000233758
4.48206e-05
0.000341741
0.000655802
0.000985597
0.00132952
0.00168573
0.0020522
0.00242668
0.00280671
0.00318966
0.00357272
0.00395293
0.00432725
0.00469252
0.00504557
0.00538322
0.00570236
0.00599996
0.00627316
0.00651932
0.00673603
0.00692121
0.00707314
0.00719048
0.00727235
0.00731833
0.00732851
0.00730348
0.00724435
0.0071528
0.00703099
0.00688161
0.00670782
0.00651327
0.006302
0.00607848
0.0058475
0.00561415
0.00538378
0.00516193
0.0049542
0.00476623
0.00460348
0.00447104
0.00437298
0.00431259
0.00429711
0.00433066
0.000195355
0.000164766
9.84011e-05
1.42158e-06
-0.000119061
-0.000256804
-0.000405962
-0.00056111
-0.000717389
-0.000870579
-0.00101709
-0.0011539
-0.00127855
-0.00138903
-0.00148372
-0.00156135
-0.00162089
-0.00166157
-0.00168278
-0.00168403
-0.00166497
-0.00162531
-0.00156486
-0.00148349
-0.00138111
-0.00125773
-0.00111342
-0.000948326
-0.000762704
-0.000556909
-0.000331423
-8.68676e-05
0.000175981
0.000456177
0.000752595
0.00106392
0.00138863
0.001725
0.00207112
0.00242486
0.00278391
0.00314577
0.00350779
0.00386719
0.00422106
0.00456644
0.00490031
0.00521968
0.00552159
0.00580318
0.00606176
0.00629482
0.00650009
0.00667561
0.00681977
0.00693133
0.00700946
0.00705379
0.00706444
0.007042
0.00698756
0.00690271
0.00678955
0.00665062
0.00648895
0.00630796
0.00611149
0.0059037
0.00568906
0.00547227
0.00525824
0.005052
0.00485861
0.00468311
0.00453036
0.00440495
0.00431063
0.00425079
0.00423378
0.00426583
0.000364706
0.000305341
0.000222839
0.000118978
-2.91763e-06
-0.000137738
-0.000280643
-0.000427256
-0.000573611
-0.000716202
-0.000852004
-0.000978456
-0.00109342
-0.00119514
-0.00128218
-0.0013534
-0.00140787
-0.00144486
-0.00146378
-0.00146417
-0.00144567
-0.00140797
-0.00135086
-0.00127418
-0.00117782
-0.00106175
-0.000925988
-0.000770653
-0.000595942
-0.000402162
-0.000189737
4.07769e-05
0.000288672
0.00055308
0.000832958
0.00112708
0.00143403
0.0017522
0.00207977
0.00241473
0.00275492
0.00309795
0.00344131
0.00378235
0.00411831
0.00444637
0.00476363
0.00506725
0.00535438
0.00562231
0.00586844
0.00609038
0.00628595
0.00645328
0.00659083
0.0066974
0.00677224
0.00681498
0.00682574
0.00680511
0.00675414
0.00667438
0.00656781
0.00643689
0.00628449
0.00611388
0.00592866
0.00573275
0.00553033
0.00532578
0.00512361
0.00492843
0.00474483
0.00457734
0.00443036
0.00430804
0.00421389
0.00415129
0.00412807
0.00415027
0.000567172
0.000473278
0.000369576
0.000254143
0.000126118
-1.03911e-05
-0.000151407
-0.000293515
-0.000433586
-0.000568807
-0.000696723
-0.000815235
-0.000922576
-0.00101728
-0.00109814
-0.00116417
-0.00121458
-0.00124871
-0.00126603
-0.00126613
-0.00124863
-0.00121326
-0.00115977
-0.00108797
-0.000997739
-0.000888993
-0.000761717
-0.00061597
-0.000451895
-0.000269734
-6.98442e-05
0.000147291
0.000381045
0.000630635
0.000895108
0.00117334
0.001464
0.00176559
0.00207642
0.00239457
0.00271799
0.00304443
0.00337147
0.00369659
0.00401714
0.00433039
0.00463357
0.00492391
0.00519869
0.00545525
0.00569108
0.00590386
0.00609147
0.00625209
0.00638421
0.00648668
0.00655873
0.00660002
0.00661066
0.0065912
0.00654267
0.00646653
0.00636472
0.00623958
0.00609386
0.00593067
0.00575343
0.00556586
0.00537188
0.00517558
0.00498116
0.00479283
0.00461483
0.00445125
0.00430608
0.00418309
0.00408556
0.00401671
0.00398288
0.00398863
0.000791734
0.000659968
0.000531654
0.000401052
0.000263113
0.000121104
-2.17282e-05
-0.000162836
-0.000299865
-0.000430655
-0.00055331
-0.000666197
-0.000767936
-0.000857371
-0.000933544
-0.000995668
-0.00104309
-0.00107528
-0.00109178
-0.00109221
-0.00107625
-0.00104362
-0.000994057
-0.000927372
-0.000843395
-0.000742007
-0.000623143
-0.000486803
-0.000333066
-0.000162101
2.58112e-05
0.000230269
0.000450734
0.000686514
0.000936755
0.00120042
0.00147631
0.001763
0.0020589
0.00236223
0.00267101
0.00298309
0.00329616
0.00360779
0.00391541
0.00421638
0.004508
0.00478756
0.0050524
0.00529991
0.00552762
0.00573324
0.00591468
0.00607013
0.00619809
0.0062974
0.0063673
0.00640741
0.00641782
0.00639905
0.00635208
0.00627831
0.0061796
0.00605821
0.00591678
0.00575828
0.00558601
0.00540347
0.00521439
0.00502263
0.00483209
0.00464671
0.00447039
0.00430688
0.00415981
0.00403259
0.00392834
0.00385
0.0038019
0.00378655
0.00102869
0.000857399
0.00070226
0.000553906
0.000403215
0.000252756
0.000105163
-3.78002e-05
-0.000174488
-0.000303356
-0.00042304
-0.000532369
-0.000630348
-0.000716144
-0.000789064
-0.000848532
-0.000894063
-0.000925247
-0.000941728
-0.000943189
-0.000929339
-0.000899913
-0.000854665
-0.000793372
-0.000715837
-0.000621897
-0.000511431
-0.000384376
-0.000240739
-8.06119e-05
9.58109e-05
0.000288217
0.000496163
0.000719053
0.000956133
0.00120647
0.00146896
0.00174229
0.00202497
0.0023153
0.00261141
0.00291122
0.00321252
0.00351294
0.00380996
0.00410102
0.00438345
0.00465459
0.00491178
0.00515246
0.00537415
0.00557456
0.00575159
0.00590342
0.00602852
0.0061257
0.00619416
0.0062335
0.00624375
0.00622539
0.00617933
0.00610693
0.00600997
0.00589062
0.00575144
0.00559529
0.00542532
0.00524492
0.00505763
0.00486709
0.00467703
0.00449111
0.00431297
0.00414609
0.00399379
0.00385918
0.00374517
0.00365455
0.0035893
0.00354973
0.00126961
0.0010582
0.000874955
0.000707093
0.0005416
0.000380472
0.000225829
7.87283e-05
-5.98347e-05
-0.000188887
-0.000307572
-0.000415162
-0.000511044
-0.000594706
-0.000665726
-0.000723746
-0.000768459
-0.00079959
-0.000816885
-0.000820097
-0.000808983
-0.000783298
-0.000742796
-0.000687237
-0.000616391
-0.000530048
-0.00042803
-0.000310204
-0.000176499
-2.69225e-05
0.000138423
0.000319322
0.000515429
0.000726254
0.000951145
0.00118928
0.00143964
0.00170103
0.00197204
0.00225108
0.00253633
0.00282583
0.0031174
0.00340872
0.00369735
0.00398073
0.00425624
0.0045212
0.00477297
0.00500896
0.00522669
0.00542381
0.00559819
0.00574797
0.00587157
0.00596774
0.00603562
0.00607475
0.0060851
0.00606708
0.00602154
0.00594978
0.00585349
0.0057348
0.00559616
0.00544035
0.00527041
0.00508961
0.00490136
0.00470916
0.00451654
0.00432699
0.00414392
0.00397061
0.00381013
0.00366531
0.00353895
0.00343365
0.00334905
0.00328325
0.00150717
0.00125571
0.00104374
0.000855255
0.000673535
0.00050011
0.000336666
0.000183626
4.13878e-05
-8.96069e-05
-0.00020898
-0.000316426
-0.000411701
-0.000494613
-0.000565004
-0.000622738
-0.000667687
-0.000699716
-0.000718677
-0.000724401
-0.000716689
-0.000695322
-0.000660054
-0.000610628
-0.000546778
-0.000468245
-0.000374787
-0.0002662
-0.000142328
-3.08819e-06
0.000151515
0.000321369
0.000506234
0.000705726
0.000919301
0.00114624
0.00138564
0.00163639
0.00189718
0.0021665
0.00244261
0.00272361
0.00300738
0.00329163
0.00357396
0.00385181
0.00412256
0.00438353
0.00463204
0.00486546
0.00508125
0.00527702
0.00545057
0.00559995
0.0057235
0.00581989
0.00588819
0.00592785
0.00593875
0.00592124
0.00587608
0.00580449
0.00570811
0.00558897
0.00544947
0.00529231
0.00512046
0.00493707
0.00474547
0.00454903
0.00435116
0.00415522
0.00396446
0.00378199
0.00361068
0.00345318
0.0033122
0.00319022
0.00308462
0.00299135
0.0017349
0.0014439
0.00120304
0.0009933
0.000794423
0.00060755
0.000434004
0.000273629
0.000126273
-8.11403e-06
-0.000129603
-0.000238293
-0.000334292
-0.000417714
-0.000488662
-0.000547218
-0.00059343
-0.000627303
-0.000648797
-0.000657816
-0.000654212
-0.000637785
-0.000608292
-0.000565454
-0.000508969
-0.000438523
-0.00035381
-0.000254544
-0.000140482
-1.14432e-05
0.00013267
0.000291853
0.000465977
0.000654771
0.000857802
0.00107446
0.00130395
0.00154525
0.00179715
0.00205821
0.00232677
0.00260098
0.00287876
0.00315787
0.00343589
0.00371028
0.00397839
0.0042375
0.00448488
0.00471784
0.00493377
0.00513017
0.00530475
0.00545546
0.00558054
0.00567854
0.00574843
0.00578955
0.00580168
0.00578507
0.00574039
0.00566878
0.00557181
0.00545144
0.00530999
0.0051501
0.00497469
0.00478684
0.00458979
0.00438687
0.00418138
0.00397659
0.00377566
0.00358158
0.0033971
0.00322472
0.00306714
0.00292684
0.00279896
0.00267744
0.00194702
0.00161722
0.00134766
0.00111639
0.000899816
0.000698731
0.000514148
0.000345382
0.000191775
5.28132e-05
-7.19939e-05
-0.000183124
-0.000281026
-0.000366103
-0.000438712
-0.000499141
-0.000547612
-0.000584267
-0.000609166
-0.000622288
-0.000623528
-0.000612709
-0.000589583
-0.000553848
-0.000505161
-0.000443151
-0.000367439
-0.000277655
-0.000173464
-5.4581e-05
7.92002e-05
0.000227988
0.000391771
0.000570395
0.000763543
0.000970716
0.00119122
0.00142415
0.00166836
0.00192251
0.00218501
0.00245403
0.00272755
0.00300334
0.00327898
0.00355191
0.00381943
0.00407879
0.00432717
0.00456181
0.00477996
0.00497904
0.00515662
0.00531052
0.00543885
0.00554002
0.00561286
0.00565658
0.00567085
0.00565578
0.00561195
0.00554042
0.00544265
0.00532053
0.00517634
0.00501265
0.00483233
0.00463843
0.00443416
0.00422278
0.00400757
0.00379175
0.00357844
0.00337056
0.0031708
0.00298157
0.00280567
0.00264561
0.00249444
0.00234416
0.00213828
0.00177059
0.00147273
0.00121995
0.000985422
0.000769666
0.00057341
0.00039548
0.000234743
9.0255e-05
-3.88719e-05
-0.000153475
-0.000254321
-0.000342094
-0.000417385
-0.000480687
-0.000532382
-0.000572742
-0.000601924
-0.000619976
-0.000626833
-0.000622331
-0.000606218
-0.000578163
-0.000537776
-0.000484623
-0.00041825
-0.000338197
-0.000244028
-0.000135353
-1.18473e-05
0.000126715
0.000280446
0.000449311
0.000633116
0.000831478
0.00104381
0.00126931
0.00150693
0.0017554
0.00201319
0.00227853
0.00254941
0.00282362
0.00309873
0.00337214
0.00364112
0.00390282
0.00415435
0.00439281
0.00461536
0.00481925
0.00500192
0.00516101
0.00529446
0.00540055
0.00547791
0.00552561
0.00554317
0.00553056
0.00548825
0.00541715
0.00531866
0.0051946
0.00504716
0.00487889
0.00469262
0.00449137
0.00427835
0.00405681
0.00383003
0.00360124
0.00337355
0.00314989
0.00293294
0.00272511
0.00252933
0.00234823
0.00217288
0.00199344
0.00230381
0.00189927
0.00157368
0.0012996
0.0010471
0.000816455
0.00060813
0.000420493
0.000251962
0.000101189
-3.30905e-05
-0.000152053
-0.000256766
-0.000348177
-0.000427103
-0.000494226
-0.00055008
-0.000595059
-0.00062941
-0.000653239
-0.000666517
-0.000669089
-0.000660689
-0.000640953
-0.00060944
-0.000565649
-0.00050904
-0.000439061
-0.000355169
-0.000256858
-0.000143685
-1.5297e-05
0.000128545
0.000287938
0.000462812
0.000652905
0.000857747
0.00107664
0.00130863
0.00155252
0.00180684
0.00206988
0.00233966
0.00261396
0.00289033
0.00316614
0.00343857
0.00370471
0.00396155
0.00420606
0.00443524
0.00464619
0.00483615
0.00500259
0.00514325
0.00525621
0.00533991
0.00539323
0.0054155
0.00540655
0.00536668
0.0052967
0.00519789
0.00507197
0.00492109
0.00474774
0.00455474
0.00434513
0.00412209
0.00388894
0.00364898
0.00340549
0.00316162
0.00292039
0.00268451
0.00245645
0.00223934
0.00203602
0.00183564
0.00162659
0.00243911
0.00199881
0.00164618
0.00135117
0.00108086
0.000835296
0.000614696
0.000416993
0.00024018
8.2523e-05
-5.75982e-05
-0.000181682
-0.000291082
-0.000386993
-0.000470445
-0.000542293
-0.000603218
-0.000653722
-0.000694134
-0.00072461
-0.000745149
-0.000755597
-0.00075567
-0.000744963
-0.000722977
-0.000689137
-0.000642815
-0.000583355
-0.000510105
-0.000422435
-0.000319777
-0.000201642
-6.76567e-05
8.24098e-05
0.000248621
0.000430845
0.00062873
0.000841685
0.00106886
0.00130915
0.00156114
0.00182316
0.00209327
0.00236923
0.00264859
0.00292865
0.00320654
0.00347923
0.00374358
0.00399641
0.00423456
0.00445494
0.00465457
0.00483071
0.00498086
0.00510288
0.00519499
0.00525583
0.00528455
0.00528076
0.00524459
0.00517671
0.00507827
0.0049509
0.00479669
0.00461808
0.00441787
0.00419913
0.00396508
0.00371908
0.00346454
0.0032048
0.00294314
0.00268268
0.00242625
0.00217643
0.00193661
0.00170992
0.00148364
0.00124443
0.00253991
0.00206501
0.00168612
0.00137067
0.00108286
0.000822485
0.000589556
0.000381577
0.000196137
3.11277e-05
-0.000115407
-0.000245273
-0.000360094
-0.000461298
-0.000550112
-0.000627558
-0.000694446
-0.000751379
-0.000798755
-0.000836775
-0.000865454
-0.000884634
-0.000894001
-0.000893107
-0.000881387
-0.000858183
-0.000822773
-0.000774394
-0.000712272
-0.00063565
-0.000543823
-0.000436163
-0.000312154
-0.000171421
-1.37586e-05
0.000160836
0.000352142
0.000559685
0.000782724
0.00102023
0.00127088
0.00153304
0.0018048
0.00208393
0.00236793
0.00265408
0.00293939
0.00322074
0.00349485
0.00375837
0.00400794
0.00424024
0.00445209
0.00464047
0.00480264
0.00493618
0.00503904
0.00510963
0.00514683
0.00515002
0.00511916
0.00505471
0.00495768
0.0048296
0.00467247
0.00448871
0.0042811
0.00405274
0.00380692
0.00354709
0.00327675
0.00299941
0.00271849
0.00243727
0.00215876
0.00188569
0.00162182
0.00137058
0.00111745
0.000847358
0.00260214
0.00209388
0.00168958
0.00135427
0.00104936
0.000774424
0.000529231
0.000310887
0.000116584
-5.61389e-05
-0.000209565
-0.000345791
-0.000466696
-0.00057393
-0.000668905
-0.000752794
-0.000826527
-0.000890795
-0.000946057
-0.000992548
-0.00103029
-0.00105911
-0.00107867
-0.00108845
-0.00108783
-0.00107605
-0.00105229
-0.00101568
-0.000965301
-0.000900276
-0.000819749
-0.000722945
-0.000609194
-0.000477969
-0.000328915
-0.000161881
2.30484e-05
0.00022553
0.000444935
0.000680335
0.000930484
0.00119381
0.00146843
0.00175212
0.00204236
0.00233636
0.00263106
0.0029232
0.00320936
0.003486
0.00374955
0.00399645
0.00422324
0.00442664
0.0046036
0.00475139
0.00486768
0.00495055
0.00499861
0.00501098
0.00498737
0.00492804
0.00483383
0.00470613
0.00454685
0.00435836
0.00414346
0.00390527
0.00364717
0.00337273
0.0030856
0.00278946
0.00248793
0.00218453
0.00188246
0.00158471
0.00129541
0.00101838
0.000737319
0.000435403
0.00262196
0.00208159
0.00165282
0.00129832
0.000976808
0.000687625
0.000430329
0.00020162
-1.68914e-06
-0.000182405
-0.000343125
-0.000486223
-0.000613823
-0.000727783
-0.000829688
-0.00092085
-0.00100231
-0.00107483
-0.00113892
-0.00119484
-0.00124262
-0.00128206
-0.00131277
-0.00133419
-0.00134559
-0.00134614
-0.0013349
-0.00131086
-0.001273
-0.00122028
-0.00115168
-0.00106629
-0.000963259
-0.000841904
-0.000701707
-0.000542359
-0.000363794
-0.000166214
4.98792e-05
0.000283667
0.000533995
0.000799361
0.00107791
0.00136745
0.00166543
0.001969
0.00227502
0.0025801
0.00288064
0.00317293
0.00345314
0.00371745
0.00396213
0.00418355
0.00437834
0.00454342
0.00467612
0.00477417
0.00483586
0.00485999
0.00484598
0.00479386
0.00470425
0.0045784
0.0044181
0.00422567
0.0040039
0.00375596
0.00348534
0.00319573
0.00289099
0.00257501
0.00225166
0.00192472
0.00159767
0.00127379
0.000957652
0.00065353
0.000343285
8.34208e-06
0.00259565
0.00202452
0.00157226
0.00119929
0.000861744
0.000558719
0.000289552
5.05539e-05
-0.000161838
-0.000350764
-0.000519122
-0.000669556
-0.000804423
-0.000925776
-0.00103536
-0.00113462
-0.00122468
-0.00130639
-0.00138029
-0.00144665
-0.0015055
-0.0015566
-0.00159951
-0.00163361
-0.00165807
-0.00167197
-0.00167424
-0.00166376
-0.00163934
-0.00159978
-0.00154394
-0.00147069
-0.00137904
-0.00126812
-0.00113724
-0.000985917
-0.000813917
-0.00062129
-0.000408393
-0.000175921
7.50773e-05
0.000343182
0.000626593
0.000923132
0.00123025
0.00154504
0.00186427
0.00218442
0.00250173
0.00281225
0.00311192
0.00339664
0.00366233
0.00390503
0.00412098
0.00430673
0.00445919
0.00457571
0.00465418
0.00469307
0.00469145
0.00464905
0.00456627
0.00444415
0.00428435
0.00408913
0.00386126
0.00360397
0.00332085
0.00301577
0.0026928
0.00235609
0.00200981
0.00165805
0.00130463
0.000953148
0.000608702
0.000276055
-6.47997e-05
-0.000434252
0.00251968
0.00191918
0.00144449
0.00105383
0.000700869
0.000384461
0.000103715
-0.000145444
-0.000366943
-0.000564247
-0.000740549
-0.00089875
-0.00104143
-0.00117082
-0.00128883
-0.00139701
-0.00149657
-0.00158843
-0.00167314
-0.00175101
-0.00182201
-0.00188589
-0.00194215
-0.00199007
-0.00202876
-0.00205716
-0.00207409
-0.00207827
-0.00206838
-0.00204306
-0.00200096
-0.00194082
-0.00186142
-0.00176173
-0.00164085
-0.00149811
-0.00133312
-0.00114573
-0.000936141
-0.000704911
-0.000452962
-0.000181614
0.000107402
0.000411945
0.000729465
0.00105702
0.00139129
0.00172863
0.0020651
0.00239653
0.00271859
0.00302686
0.00331691
0.0035844
0.00382515
0.00403527
0.00421122
0.0043499
0.00444877
0.00450587
0.00451988
0.00449021
0.00441694
0.00430089
0.00414355
0.0039471
0.00371427
0.00344835
0.00315306
0.00283245
0.00249084
0.00213268
0.00176247
0.00138468
0.00100351
0.000622936
0.000248626
-0.000114102
-0.000487197
-0.000892941
0.00239068
0.00176226
0.00126623
0.000858732
0.000491025
0.000161741
-0.000130249
-0.000389398
-0.000619989
-0.000825808
-0.00101033
-0.00117671
-0.00132773
-0.0014658
-0.00159297
-0.0017109
-0.00182089
-0.00192388
-0.00202047
-0.00211094
-0.00219526
-0.00227312
-0.00234396
-0.00240697
-0.00246116
-0.00250535
-0.00253823
-0.00255837
-0.00256429
-0.00255445
-0.00252732
-0.00248144
-0.00241541
-0.00232797
-0.00221803
-0.00208471
-0.00192741
-0.0017458
-0.0015399
-0.00131009
-0.00105715
-0.000782279
-0.000487119
-0.000173754
0.000155285
0.000497027
0.000848085
0.00120468
0.00156271
0.00191777
0.00226523
0.00260036
0.00291833
0.00321438
0.00348388
0.00372244
0.00392601
0.004091
0.00421434
0.0042936
0.00432701
0.00431356
0.004253
0.00414585
0.00399342
0.00379774
0.00356152
0.00328808
0.00298127
0.00264535
0.00228492
0.00190475
0.00150974
0.00110477
0.000694473
0.000283273
-0.000122545
-0.000517052
-0.000924231
-0.00136836
0.0022054
0.00155061
0.00103441
0.000610944
0.000229212
-0.000112403
-0.000415266
-0.000684203
-0.000923848
-0.0011383
-0.0013313
-0.00150624
-0.00166613
-0.00181353
-0.00195062
-0.00207915
-0.00220051
-0.00231566
-0.00242523
-0.00252947
-0.00262834
-0.00272147
-0.00280822
-0.0028877
-0.0029588
-0.00302022
-0.0030705
-0.00310807
-0.00313125
-0.00313835
-0.00312763
-0.00309742
-0.0030461
-0.00297221
-0.00287441
-0.00275162
-0.002603
-0.002428
-0.00222644
-0.0019985
-0.0017448
-0.00146639
-0.00116479
-0.000841997
-0.000500514
-0.000143314
0.000226158
0.000604014
0.00098597
0.00136739
0.00174337
0.00210879
0.00245844
0.00278709
0.00308959
0.00336102
0.00359678
0.00379267
0.00394507
0.00405097
0.00410809
0.00411494
0.00407084
0.003976
0.00383144
0.00363903
0.00340143
0.00312199
0.00280468
0.00245399
0.00207479
0.00167226
0.0012517
0.000818482
0.000377705
-6.57052e-05
-0.000504773
-0.000932903
-0.00137624
-0.00186118
0.0019608
0.00128125
0.000746102
0.000307597
-8.74057e-05
-0.000440773
-0.000754113
-0.00103261
-0.00128125
-0.00150443
-0.00170616
-0.00189007
-0.00205934
-0.00221672
-0.00236449
-0.00250451
-0.0026382
-0.00276658
-0.00289028
-0.00300954
-0.00312427
-0.00323404
-0.00333814
-0.00343558
-0.00352513
-0.00360536
-0.00367467
-0.00373131
-0.00377344
-0.00379915
-0.00380651
-0.00379362
-0.00375864
-0.00369986
-0.00361571
-0.00350484
-0.00336618
-0.00319894
-0.00300268
-0.00277739
-0.00252347
-0.00224178
-0.00193372
-0.00160116
-0.00124654
-0.000872804
-0.000483447
-8.24483e-05
0.000325744
0.000736266
0.00114391
0.00154319
0.00192845
0.00229397
0.00263406
0.00294318
0.0032161
0.00344799
0.00363455
0.00377215
0.00385789
0.00388972
0.00386646
0.00378791
0.00365478
0.00346872
0.00323228
0.00294882
0.00262244
0.00225784
0.00186024
0.00143519
0.000988491
0.000526025
5.34343e-05
-0.000423807
-0.000897964
-0.00136171
-0.0018435
-0.00237199
0.00165401
0.000951399
0.000398575
-5.39988e-05
-0.000461483
-0.000825999
-0.0011494
-0.00143722
-0.00169479
-0.00192679
-0.0021375
-0.00233076
-0.00250996
-0.00267797
-0.0028372
-0.0029896
-0.00313664
-0.00327937
-0.00341841
-0.00355399
-0.00368596
-0.00381384
-0.00393683
-0.00405384
-0.00416352
-0.00426431
-0.00435444
-0.00443199
-0.00449493
-0.00454115
-0.0045685
-0.00457485
-0.0045581
-0.00451629
-0.00444759
-0.00435038
-0.00422329
-0.00406528
-0.00387565
-0.00365412
-0.00340085
-0.0031165
-0.00280226
-0.00245989
-0.0020917
-0.0017006
-0.00129009
-0.000864224
-0.000427594
1.47141e-05
0.000457188
0.000893967
0.00131894
0.00172583
0.00210837
0.00246037
0.00277588
0.00304935
0.00327576
0.00345071
0.00357062
0.00363277
0.0036354
0.00357781
0.00346031
0.00328428
0.00305211
0.00276715
0.00243358
0.00205635
0.00164101
0.00119355
0.000720292
0.00022769
-0.000278017
-0.000790745
-0.00130193
-0.00180345
-0.00232622
-0.00290133
0.00128236
0.000558463
-1.07016e-05
-0.000476335
-0.000895482
-0.00127052
-0.00160354
-0.00190044
-0.00216685
-0.00240777
-0.0026277
-0.00283072
-0.00302038
-0.0031997
-0.00337121
-0.00353692
-0.00369835
-0.00385658
-0.00401222
-0.00416547
-0.00431615
-0.0044637
-0.00460723
-0.00474554
-0.00487717
-0.0050004
-0.00511331
-0.0052138
-0.00529964
-0.00536851
-0.00541801
-0.00544577
-0.00544945
-0.00542678
-0.00537565
-0.00529415
-0.00518061
-0.00503368
-0.00485235
-0.00463606
-0.0043847
-0.00409866
-0.00377891
-0.00342702
-0.00304516
-0.00263616
-0.00220348
-0.00175122
-0.00128411
-0.000807427
-0.000326987
0.000150966
0.000619843
0.00107282
0.00150296
0.00190337
0.00226734
0.0025885
0.00286099
0.00307959
0.00323989
0.00333841
0.00337272
0.00334148
0.00324453
0.00308291
0.00285877
0.00257539
0.00223705
0.00184891
0.00141687
0.000947401
0.000447372
-7.61276e-05
-0.000616203
-0.0011661
-0.00171633
-0.00225792
-0.00282443
-0.00344958
0.000843383
0.000100067
-0.000484046
-0.000961692
-0.00139165
-0.00177656
-0.00211876
-0.00242447
-0.00269966
-0.00294957
-0.00317899
-0.00339217
-0.00359284
-0.00378417
-0.00396878
-0.00414874
-0.00432565
-0.00450057
-0.00467412
-0.00484647
-0.00501739
-0.00518625
-0.00535206
-0.00551353
-0.00566905
-0.00581677
-0.00595459
-0.00608024
-0.00619126
-0.00628513
-0.0063592
-0.00641083
-0.0064374
-0.00643635
-0.00640525
-0.00634188
-0.00624422
-0.00611059
-0.00593966
-0.0057305
-0.0054827
-0.00519636
-0.00487216
-0.00451144
-0.00411618
-0.00368907
-0.00323352
-0.00275363
-0.0022542
-0.00174073
-0.00121928
-0.000696492
-0.000179442
0.000324458
0.000807593
0.0012623
0.00168101
0.00205647
0.00238187
0.00265106
0.00285869
0.0030004
0.00307293
0.00307424
0.00300356
0.00286147
0.00264983
0.00237181
0.0020317
0.00163489
0.00118763
0.000696874
0.00017011
-0.000384892
-0.000960513
-0.00154926
-0.00214065
-0.00272475
-0.00333799
-0.0040169
0.000334862
-0.00042593
-0.00102355
-0.00151212
-0.00195203
-0.00234614
-0.00269705
-0.00301131
-0.00329519
-0.0035542
-0.00379335
-0.00401711
-0.00422935
-0.00443339
-0.00463193
-0.00482713
-0.00502061
-0.00521345
-0.00540627
-0.0055992
-0.00579196
-0.00598384
-0.00617378
-0.00636035
-0.00654184
-0.00671622
-0.00688125
-0.00703444
-0.00717315
-0.0072946
-0.00739589
-0.00747412
-0.00752635
-0.00754972
-0.00754145
-0.00749898
-0.00741992
-0.00730222
-0.00714417
-0.00694447
-0.00670234
-0.00641752
-0.00609038
-0.00572195
-0.00531399
-0.00486899
-0.00439024
-0.00388179
-0.00334852
-0.00279605
-0.00223071
-0.00165952
-0.00109003
-0.000530261
1.14458e-05
0.000526601
0.00100673
0.00144359
0.00182932
0.00215671
0.00241936
0.00261187
0.00273002
0.00277091
0.00273307
0.00261648
0.00242263
0.00215446
0.00181627
0.00141361
0.000953087
0.000442178
-0.000110989
-0.000697895
-0.00131014
-0.0019394
-0.00257411
-0.0032033
-0.00386648
-0.00460321
-0.000245174
-0.00102142
-0.00163105
-0.00212944
-0.00257839
-0.00298102
-0.00334018
-0.00366272
-0.0039552
-0.0042234
-0.00447254
-0.00470728
-0.00493167
-0.00514912
-0.00536245
-0.00557388
-0.00578505
-0.00599707
-0.00621054
-0.00642557
-0.00664182
-0.00685851
-0.00707448
-0.00728821
-0.00749784
-0.0077012
-0.00789587
-0.00807917
-0.00824825
-0.00840007
-0.00853148
-0.00863929
-0.00872024
-0.00877113
-0.00878884
-0.0087704
-0.00871306
-0.00861432
-0.00847208
-0.00828462
-0.00805072
-0.00776973
-0.00744164
-0.00706712
-0.00664763
-0.00618541
-0.00568356
-0.00514606
-0.00457777
-0.0039844
-0.00337254
-0.00274952
-0.0021234
-0.00150281
-0.000896829
-0.000314823
0.000233753
0.00073956
0.00119361
0.00158748
0.00191357
0.0021653
0.00233736
0.00242581
0.00242829
0.0023441
0.00217419
0.00192121
0.00158936
0.00118434
0.000713098
0.000183628
-0.000395254
-0.00101422
-0.00166402
-0.00233542
-0.00301566
-0.00369263
-0.00440918
-0.00520812
-0.000898421
-0.00168804
-0.00230813
-0.00281519
-0.00327227
-0.00368273
-0.00404965
-0.0043802
-0.00468119
-0.00495866
-0.00521805
-0.00546419
-0.00570128
-0.00593286
-0.00616183
-0.00639047
-0.00662046
-0.00685293
-0.00708846
-0.00732714
-0.00756855
-0.00781188
-0.00805587
-0.00829887
-0.00853891
-0.00877367
-0.00900055
-0.00921668
-0.00941897
-0.00960415
-0.00976881
-0.00990942
-0.0100224
-0.0101043
-0.0101514
-0.0101605
-0.0101284
-0.010052
-0.00992898
-0.00975699
-0.00953437
-0.00926003
-0.0089335
-0.00855504
-0.00812571
-0.00764747
-0.00712315
-0.00655656
-0.00595251
-0.00531676
-0.00465605
-0.00397806
-0.00329128
-0.00260497
-0.00192897
-0.00127356
-0.000649239
-6.65148e-05
0.000464358
0.000933636
0.00133236
0.0016526
0.00188775
0.00203268
0.00208398
0.00204007
0.00190123
0.00166969
0.00134948
0.000946347
0.000467564
-7.83399e-05
-0.000681831
-0.00133272
-0.00202081
-0.0027359
-0.0034639
-0.00419145
-0.00496499
-0.00583084
-0.00162628
-0.00242712
-0.00305609
-0.00357066
-0.00403494
-0.00445252
-0.00482672
-0.00516498
-0.00547439
-0.0057612
-0.00603108
-0.00628902
-0.00653936
-0.00678576
-0.00703121
-0.00727804
-0.00752798
-0.00778216
-0.00804116
-0.00830503
-0.00857333
-0.00884515
-0.00911916
-0.00939362
-0.00966641
-0.00993507
-0.0101968
-0.0104486
-0.0106871
-0.0109088
-0.01111
-0.0112869
-0.0114355
-0.011552
-0.0116324
-0.0116729
-0.0116698
-0.0116198
-0.0115197
-0.0113669
-0.0111591
-0.0108947
-0.0105728
-0.0101931
-0.00975623
-0.00926373
-0.00871813
-0.00812298
-0.00748295
-0.0068038
-0.00609237
-0.00535659
-0.00460541
-0.00384866
-0.00309696
-0.00236152
-0.00165395
-0.000986013
-0.00036933
0.000184889
0.00066616
0.00106504
0.00137341
0.00158477
0.00169443
0.00169975
0.00160017
0.00139734
0.00109498
0.000698837
0.000216445
-0.000343142
-0.000969644
-0.00165195
-0.00237885
-0.00313906
-0.00391702
-0.00469803
-0.00553238
-0.00647016
-0.00242986
-0.00323971
-0.00387596
-0.00439685
-0.00486738
-0.00529137
-0.00567234
-0.00601802
-0.00633573
-0.00663196
-0.00691254
-0.00718265
-0.00744677
-0.00770866
-0.0079714
-0.00823737
-0.00850835
-0.00878547
-0.00906932
-0.00935993
-0.0096568
-0.00995897
-0.010265
-0.0105731
-0.0108811
-0.0111862
-0.0114856
-0.0117759
-0.0120538
-0.0123153
-0.0125565
-0.0127733
-0.0129614
-0.0131164
-0.0132341
-0.0133101
-0.0133403
-0.0133209
-0.013248
-0.0131185
-0.0129297
-0.0126792
-0.0123655
-0.0119878
-0.0115463
-0.0110419
-0.0104768
-0.00985428
-0.00917867
-0.00845567
-0.00769216
-0.00689627
-0.00607731
-0.00524569
-0.00441278
-0.00359074
-0.00279234
-0.00203065
-0.00131878
-0.000669539
-9.51035e-05
0.000393362
0.000786041
0.0010748
0.00125347
0.0013181
0.00126711
0.00110135
0.000824114
0.000441017
-4.02121e-05
-0.00061002
-0.00125736
-0.00197015
-0.00273606
-0.00354265
-0.00437276
-0.00521015
-0.00610931
-0.00712435
-0.00330991
-0.00412655
-0.00476846
-0.00529447
-0.00577029
-0.00619995
-0.00658719
-0.00693997
-0.00726586
-0.00757153
-0.00786301
-0.00814564
-0.00842402
-0.00870202
-0.0089828
-0.00926881
-0.00956187
-0.00986313
-0.0101732
-0.010492
-0.0108191
-0.0111534
-0.0114936
-0.0118375
-0.0121829
-0.0125271
-0.0128669
-0.0131988
-0.0135192
-0.0138239
-0.0141088
-0.0143693
-0.0146008
-0.0147985
-0.0149578
-0.0150738
-0.0151419
-0.0151576
-0.0151166
-0.0150151
-0.0148497
-0.0146174
-0.0143161
-0.0139444
-0.0135017
-0.0129886
-0.0124065
-0.0117584
-0.0110483
-0.0102817
-0.00946535
-0.00860759
-0.00771801
-0.0068075
-0.00588818
-0.00497316
-0.00407636
-0.00321227
-0.00239555
-0.00164076
-0.000961921
-0.000372134
0.000116854
0.000495035
0.000754496
0.000889729
0.000897851
0.000778734
0.000535034
0.000172093
-0.000302258
-0.000878011
-0.00154335
-0.00228516
-0.00308995
-0.00394396
-0.00482829
-0.00572504
-0.00669315
-0.00779106
-0.00426689
-0.00508807
-0.00573398
-0.00626392
-0.00674408
-0.00717868
-0.00757166
-0.00793122
-0.00826512
-0.00858023
-0.00888276
-0.00917818
-0.00947124
-0.00976591
-0.0100654
-0.0103723
-0.0106884
-0.0110149
-0.0113524
-0.0117008
-0.0120597
-0.012428
-0.0128041
-0.0131861
-0.0135713
-0.0139571
-0.01434
-0.0147165
-0.0150826
-0.0154341
-0.0157662
-0.0160743
-0.0163533
-0.0165982
-0.0168035
-0.0169642
-0.017075
-0.0171307
-0.0171267
-0.0170582
-0.0169212
-0.0167121
-0.0164279
-0.0160667
-0.015627
-0.0151088
-0.014513
-0.0138419
-0.0130991
-0.0122899
-0.0114208
-0.0105001
-0.00953765
-0.00854481
-0.00753434
-0.00652028
-0.00551774
-0.0045426
-0.00361122
-0.00274001
-0.00194502
-0.00124147
-0.000643287
-0.000162635
0.000190543
0.000408889
0.000487938
0.000426314
0.000225803
-0.000108704
-0.000569404
-0.00114591
-0.00182564
-0.00259443
-0.0034375
-0.00433969
-0.00528019
-0.00623925
-0.00728061
-0.00846728
-0.00530087
-0.00612434
-0.00677264
-0.00730532
-0.00778884
-0.00822764
-0.00862583
-0.0089918
-0.00933351
-0.00965802
-0.00997168
-0.0102801
-0.0105882
-0.0109
-0.0112188
-0.0115473
-0.0118872
-0.0122399
-0.012606
-0.0129854
-0.0133776
-0.0137815
-0.0141954
-0.0146174
-0.0150447
-0.0154745
-0.0159034
-0.0163274
-0.0167424
-0.017144
-0.0175271
-0.0178868
-0.0182175
-0.0185138
-0.01877
-0.0189802
-0.0191387
-0.0192397
-0.0192778
-0.0192478
-0.0191446
-0.0189641
-0.0187024
-0.0183567
-0.0179248
-0.017406
-0.0168004
-0.0161097
-0.0153369
-0.0144868
-0.0135658
-0.0125819
-0.0115452
-0.0104673
-0.00936151
-0.00824287
-0.00712758
-0.00603298
-0.00497714
-0.00397845
-0.00305514
-0.00222478
-0.00150373
-0.000906578
-0.000445623
-0.000130401
3.27142e-05
4.07847e-05
-0.000105547
-0.000402069
-0.000841178
-0.0014122
-0.00210186
-0.00289486
-0.00377511
-0.00472591
-0.00572434
-0.00674863
-0.00786762
-0.00914922
-0.0064116
-0.00723515
-0.00788423
-0.00841845
-0.0089044
-0.00934665
-0.00974949
-0.0101215
-0.0104708
-0.0108045
-0.0111293
-0.0114509
-0.0117742
-0.0121035
-0.0124421
-0.0127927
-0.0131572
-0.013537
-0.0139326
-0.0143441
-0.0147709
-0.0152118
-0.0156653
-0.0161292
-0.0166008
-0.017077
-0.0175543
-0.0180287
-0.0184958
-0.0189508
-0.0193886
-0.0198037
-0.0201904
-0.0205426
-0.0208542
-0.0211189
-0.0213303
-0.0214821
-0.021568
-0.021582
-0.0215185
-0.0213723
-0.0211389
-0.0208143
-0.0203958
-0.0198814
-0.0192707
-0.0185646
-0.0177653
-0.016877
-0.0159058
-0.0148594
-0.0137478
-0.012583
-0.0113786
-0.0101505
-0.00891602
-0.00769391
-0.00650402
-0.00536679
-0.00430279
-0.00333212
-0.00247383
-0.00174525
-0.00116137
-0.000734268
-0.000472599
-0.00038122
-0.000460963
-0.000708578
-0.00111687
-0.00167505
-0.00236916
-0.00318284
-0.00409855
-0.00509795
-0.00615581
-0.00724816
-0.00844925
-0.00983219
-0.00759845
-0.00841993
-0.00906821
-0.00960284
-0.0100903
-0.0105352
-0.0109421
-0.0113197
-0.0116762
-0.0120191
-0.0123549
-0.0126896
-0.0130283
-0.0133752
-0.0137338
-0.0141069
-0.0144966
-0.0149041
-0.0153301
-0.0157746
-0.016237
-0.0167164
-0.0172109
-0.0177183
-0.018236
-0.0187608
-0.019289
-0.0198164
-0.0203385
-0.0208503
-0.0213462
-0.0218207
-0.0222674
-0.02268
-0.0230518
-0.023376
-0.0236456
-0.0238536
-0.023993
-0.0240571
-0.0240393
-0.0239336
-0.0237345
-0.0234372
-0.023038
-0.0225339
-0.0219236
-0.0212069
-0.0203855
-0.0194627
-0.018444
-0.0173368
-0.0161508
-0.0148981
-0.0135927
-0.0122512
-0.0108918
-0.00953474
-0.00820162
-0.006915
-0.00569789
-0.00457313
-0.00356271
-0.00268699
-0.00196403
-0.00140884
-0.00103277
-0.000843029
-0.000842288
-0.00102861
-0.00139548
-0.00193216
-0.00262417
-0.00345405
-0.0044028
-0.00545029
-0.00656879
-0.00773189
-0.0090196
-0.0105105
-0.00886046
-0.00967779
-0.0103238
-0.0108577
-0.0113457
-0.0117926
-0.0122029
-0.0125856
-0.012949
-0.0133007
-0.0136473
-0.013995
-0.0143489
-0.0147134
-0.0150922
-0.0154881
-0.0159031
-0.0163387
-0.0167955
-0.0172737
-0.0177728
-0.0182915
-0.0188282
-0.0193807
-0.0199463
-0.0205216
-0.0211028
-0.0216857
-0.0222655
-0.022837
-0.0233945
-0.0239319
-0.0244426
-0.0249199
-0.0253566
-0.0257452
-0.0260782
-0.0263479
-0.0265466
-0.0266668
-0.0267009
-0.0266421
-0.026484
-0.0262206
-0.0258471
-0.0253597
-0.0247558
-0.0240344
-0.023196
-0.0222433
-0.0211808
-0.0200155
-0.0187568
-0.0174164
-0.0160087
-0.0145507
-0.0130617
-0.0115631
-0.0100782
-0.00863181
-0.00724939
-0.00595671
-0.0047789
-0.00373972
-0.00286064
-0.00216004
-0.00165243
-0.0013478
-0.00125115
-0.00136223
-0.00167558
-0.00218075
-0.00286288
-0.00370347
-0.00468201
-0.00577649
-0.00695644
-0.00819278
-0.00957162
-0.0111773
-0.0101963
-0.0110075
-0.0116498
-0.0121819
-0.0126696
-0.0131177
-0.0135309
-0.0139181
-0.0142879
-0.0146479
-0.015005
-0.0153653
-0.0157342
-0.0161161
-0.0165149
-0.0169334
-0.0173738
-0.0178376
-0.0183256
-0.0188378
-0.019374
-0.0199328
-0.0205127
-0.0211114
-0.0217261
-0.0223535
-0.0229896
-0.0236302
-0.0242702
-0.0249042
-0.0255263
-0.02613
-0.0267085
-0.0272545
-0.0277604
-0.0282183
-0.0286198
-0.0289567
-0.0292205
-0.0294027
-0.0294952
-0.0294899
-0.0293793
-0.0291567
-0.0288159
-0.028352
-0.0277613
-0.0270415
-0.0261923
-0.0252151
-0.0241136
-0.0228941
-0.0215653
-0.0201387
-0.0186286
-0.0170525
-0.0154302
-0.0137845
-0.0121402
-0.0105243
-0.00896483
-0.00749057
-0.00613005
-0.00491066
-0.00385771
-0.00299338
-0.00233582
-0.00189836
-0.00168881
-0.00170912
-0.00195525
-0.0024174
-0.00308052
-0.00392517
-0.00492935
-0.00606902
-0.00731077
-0.00862259
-0.010097
-0.0118245
-0.0116044
-0.0124077
-0.0130449
-0.0135743
-0.0140607
-0.0145093
-0.0149247
-0.0153158
-0.0156915
-0.0160592
-0.0164262
-0.0167986
-0.0171819
-0.0175808
-0.017999
-0.0184398
-0.0189052
-0.019397
-0.019916
-0.0204624
-0.0210357
-0.021635
-0.0222586
-0.0229042
-0.0235691
-0.0242498
-0.0249424
-0.0256424
-0.0263446
-0.0270435
-0.0277329
-0.0284061
-0.0290557
-0.0296743
-0.0302536
-0.0307851
-0.0312601
-0.0316694
-0.0320039
-0.0322542
-0.0324112
-0.032466
-0.0324099
-0.032235
-0.0319341
-0.0315009
-0.0309306
-0.0302196
-0.0293663
-0.028371
-0.0272363
-0.0259675
-0.0245725
-0.0230624
-0.0214513
-0.0197566
-0.0179988
-0.0162016
-0.0143915
-0.0125973
-0.0108498
-0.00918082
-0.00762241
-0.00620592
-0.00496084
-0.00391361
-0.0030866
-0.00249699
-0.00215602
-0.00206837
-0.00223194
-0.00263796
-0.00327148
-0.00411229
-0.00513689
-0.00631915
-0.0076225
-0.00901173
-0.0105862
-0.0124426
-0.0130826
-0.0138764
-0.0145074
-0.0150331
-0.0155176
-0.0159659
-0.0163827
-0.0167772
-0.0171579
-0.0175327
-0.0179087
-0.0182924
-0.0186894
-0.0191044
-0.0195413
-0.0200035
-0.0204934
-0.0210125
-0.021562
-0.022142
-0.0227524
-0.0233921
-0.0240594
-0.0247523
-0.0254679
-0.0262027
-0.0269528
-0.0277136
-0.0284797
-0.0292455
-0.0300045
-0.0307496
-0.0314735
-0.0321679
-0.0328244
-0.0334338
-0.0339867
-0.0344734
-0.0348839
-0.0352081
-0.0354357
-0.035557
-0.0355622
-0.0354422
-0.0351884
-0.0347935
-0.0342512
-0.0335565
-0.0327065
-0.0317002
-0.030539
-0.0292269
-0.0277709
-0.0261813
-0.0244718
-0.0226596
-0.0207655
-0.0188141
-0.016833
-0.0148531
-0.0129076
-0.0110314
-0.00926042
-0.00763005
-0.00617433
-0.00492446
-0.0039075
-0.00314517
-0.00265276
-0.00243832
-0.00250227
-0.00283736
-0.00342913
-0.0042568
-0.00529545
-0.0065168
-0.0078809
-0.00934905
-0.0110277
-0.0130203
-0.0146289
-0.0154118
-0.0160356
-0.0165568
-0.0170386
-0.0174859
-0.0179034
-0.0183003
-0.0186852
-0.0190661
-0.0194503
-0.0198442
-0.0202536
-0.0206835
-0.0211381
-0.0216205
-0.0221336
-0.022679
-0.0232579
-0.0238709
-0.0245175
-0.025197
-0.0259077
-0.0266477
-0.027414
-0.0282033
-0.0290114
-0.0298338
-0.030665
-0.0314991
-0.0323294
-0.0331488
-0.0339493
-0.0347226
-0.0354594
-0.0361504
-0.0367854
-0.0373539
-0.0378454
-0.0382487
-0.0385529
-0.0387469
-0.03882
-0.0387617
-0.0385625
-0.0382135
-0.0377069
-0.0370365
-0.0361977
-0.0351882
-0.0340078
-0.0326594
-0.0311487
-0.0294849
-0.0276811
-0.025754
-0.0237245
-0.0216176
-0.019462
-0.0172904
-0.0151383
-0.0130437
-0.0110462
-0.00918558
-0.00750078
-0.00602814
-0.00480002
-0.00384329
-0.00317801
-0.00281633
-0.00276186
-0.0030095
-0.00354567
-0.00434939
-0.00539442
-0.00665034
-0.00807359
-0.00962172
-0.0114086
-0.0135446
-0.0162407
-0.0170116
-0.0176274
-0.0181435
-0.0186219
-0.0190674
-0.0194848
-0.0198832
-0.0202714
-0.0206572
-0.0210482
-0.0214509
-0.0218713
-0.0223145
-0.0227849
-0.0232861
-0.0238207
-0.0243908
-0.0249977
-0.0256421
-0.0263237
-0.0270419
-0.0277951
-0.0285814
-0.029398
-0.0302414
-0.0311076
-0.0319919
-0.0328887
-0.033792
-0.034695
-0.0355902
-0.0364693
-0.0373236
-0.0381436
-0.0389192
-0.0396398
-0.0402943
-0.0408711
-0.0413585
-0.0417445
-0.042017
-0.0421642
-0.0421745
-0.042037
-0.0417412
-0.0412782
-0.0406401
-0.0398208
-0.0388163
-0.037625
-0.036248
-0.0346899
-0.0329585
-0.0310658
-0.029028
-0.0268655
-0.0246036
-0.0222719
-0.0199042
-0.0175385
-0.0152156
-0.0129788
-0.0108725
-0.00894053
-0.00722496
-0.00576398
-0.00459028
-0.00372945
-0.00319853
-0.00300513
-0.00314695
-0.00361194
-0.00437925
-0.00542162
-0.00670644
-0.0081864
-0.009815
-0.0117139
-0.0140006
-0.0179152
-0.0186734
-0.0192806
-0.0197911
-0.0202655
-0.0207086
-0.0211251
-0.021524
-0.0219141
-0.0223034
-0.0226995
-0.0231092
-0.0235386
-0.0239932
-0.0244773
-0.0249949
-0.025549
-0.0261416
-0.0267745
-0.0274482
-0.028163
-0.0289182
-0.0297124
-0.0305437
-0.0314094
-0.0323062
-0.0332298
-0.0341757
-0.0351381
-0.0361109
-0.0370872
-0.038059
-0.0390181
-0.0399552
-0.0408604
-0.0417231
-0.0425322
-0.0432759
-0.0439419
-0.0445176
-0.0449902
-0.0453465
-0.0455736
-0.0456587
-0.0455895
-0.0453544
-0.0449426
-0.0443448
-0.0435533
-0.0425623
-0.0413686
-0.0399716
-0.0383741
-0.0365827
-0.0346079
-0.032465
-0.0301737
-0.0277592
-0.0252513
-0.0226853
-0.0201007
-0.0175413
-0.015054
-0.0126875
-0.0104912
-0.00851283
-0.00679711
-0.00538322
-0.00430308
-0.0035795
-0.00322495
-0.00324079
-0.00361717
-0.00433392
-0.00536301
-0.00666982
-0.00820309
-0.00991199
-0.0119264
-0.0143709
-0.0196497
-0.0203948
-0.0209931
-0.0214976
-0.0219676
-0.0224076
-0.0228222
-0.0232204
-0.023611
-0.0240021
-0.0244013
-0.0248157
-0.0252518
-0.025715
-0.0262102
-0.0267415
-0.0273122
-0.0279246
-0.0285807
-0.0292813
-0.0300267
-0.0308165
-0.0316495
-0.0325239
-0.033437
-0.0343856
-0.0353655
-0.0363719
-0.0373993
-0.0384413
-0.0394907
-0.0405396
-0.0415792
-0.0426
-0.0435918
-0.0445434
-0.0454431
-0.0462786
-0.0470369
-0.0477045
-0.0482677
-0.0487124
-0.0490245
-0.0491901
-0.0491954
-0.0490276
-0.0486743
-0.0481246
-0.047369
-0.0464001
-0.0452127
-0.0438046
-0.0421766
-0.0403336
-0.0382847
-0.0360435
-0.0336292
-0.0310661
-0.0283843
-0.0256195
-0.0228129
-0.0200108
-0.0172634
-0.0146239
-0.0121469
-0.00988669
-0.00789454
-0.00621691
-0.00489286
-0.00395193
-0.00341243
-0.00328031
-0.00354877
-0.00419896
-0.00520255
-0.00652303
-0.00810514
-0.00989344
-0.0120263
-0.0146358
-0.021441
-0.0221732
-0.0227627
-0.0232611
-0.0237263
-0.0241625
-0.0245743
-0.0249705
-0.0253598
-0.0257505
-0.0261504
-0.0265669
-0.0270065
-0.0274753
-0.0279782
-0.0285198
-0.0291036
-0.0297324
-0.0304083
-0.0311324
-0.0319053
-0.0327267
-0.0335957
-0.0345105
-0.0354687
-0.0364669
-0.0375011
-0.0385665
-0.0396575
-0.0407676
-0.0418894
-0.0430149
-0.0441349
-0.0452398
-0.0463187
-0.0473602
-0.048352
-0.0492811
-0.0501339
-0.0508961
-0.0515532
-0.05209
-0.0524914
-0.0527423
-0.0528277
-0.0527332
-0.0524451
-0.0519508
-0.051239
-0.0503005
-0.0491282
-0.0477179
-0.0460685
-0.044183
-0.0420686
-0.0397375
-0.0372072
-0.0345013
-0.0316494
-0.0286875
-0.025658
-0.022609
-0.019594
-0.0166705
-0.0138983
-0.011338
-0.00904829
-0.00708336
-0.00549026
-0.00430623
-0.0035565
-0.00325269
-0.00339202
-0.00395778
-0.00492188
-0.00624623
-0.00787151
-0.00973748
-0.0119913
-0.0147727
-0.0232863
-0.0240062
-0.0245872
-0.0250797
-0.0255399
-0.0259718
-0.0263796
-0.0267721
-0.0271581
-0.0275459
-0.0279436
-0.0283588
-0.0287985
-0.0292689
-0.0297756
-0.0303234
-0.0309162
-0.0315571
-0.0322486
-0.0329922
-0.0337887
-0.0346381
-0.0355395
-0.0364915
-0.0374915
-0.0385366
-0.0396225
-0.0407447
-0.0418972
-0.0430736
-0.0442664
-0.0454673
-0.046667
-0.0478553
-0.0490212
-0.0501528
-0.0512372
-0.0522609
-0.0532096
-0.0540683
-0.0548215
-0.0554533
-0.0559474
-0.0562876
-0.0564577
-0.0564418
-0.0562247
-0.0557923
-0.0551315
-0.0542311
-0.0530823
-0.0516787
-0.0500172
-0.0480986
-0.0459281
-0.0435159
-0.040878
-0.0380365
-0.0350202
-0.0318649
-0.0286136
-0.0253159
-0.0220281
-0.0188115
-0.0157312
-0.0128542
-0.0102467
-0.00797131
-0.0060838
-0.00463012
-0.00364358
-0.00314267
-0.00312977
-0.00359127
-0.00450004
-0.00581685
-0.00747835
-0.00941929
-0.0117961
-0.0147561
-0.0251825
-0.0258913
-0.0264649
-0.0269518
-0.0274069
-0.0278338
-0.0282365
-0.0286235
-0.0290038
-0.0293858
-0.0297778
-0.0301878
-0.0306232
-0.0310907
-0.0315964
-0.0321454
-0.0327422
-0.0333904
-0.0340926
-0.0348509
-0.0356664
-0.0365392
-0.0374688
-0.0384539
-0.0394921
-0.0405805
-0.041715
-0.0428908
-0.0441021
-0.0453425
-0.0466041
-0.0478786
-0.0491563
-0.0504268
-0.0516788
-0.0528998
-0.0540765
-0.0551949
-0.05624
-0.0571961
-0.0580468
-0.0587754
-0.0593647
-0.0597971
-0.0600554
-0.0601223
-0.0599812
-0.0596162
-0.0590127
-0.0581576
-0.05704
-0.0556515
-0.0539868
-0.0520444
-0.0498273
-0.0473436
-0.0446071
-0.0416384
-0.0384649
-0.0351217
-0.0316517
-0.0281058
-0.0245422
-0.0210258
-0.0176267
-0.0144181
-0.011474
-0.00886571
-0.00665854
-0.00490816
-0.00365715
-0.00293218
-0.0027421
-0.00307752
-0.00391321
-0.00520931
-0.00689866
-0.00891085
-0.0114118
-0.0145569
-0.0271266
-0.0278265
-0.0283939
-0.028876
-0.0293261
-0.0297474
-0.0301436
-0.0305231
-0.0308948
-0.0312675
-0.0316497
-0.0320499
-0.0324759
-0.0329352
-0.0334342
-0.0339787
-0.0345737
-0.0352233
-0.0359307
-0.0366981
-0.0375271
-0.0384182
-0.0393711
-0.0403845
-0.0414565
-0.042584
-0.0437631
-0.0449889
-0.0462558
-0.047557
-0.0488846
-0.0502301
-0.0515836
-0.0529344
-0.0542706
-0.0555796
-0.0568476
-0.0580599
-0.0592009
-0.0602543
-0.061203
-0.0620292
-0.0627148
-0.0632413
-0.0635902
-0.063743
-0.0636816
-0.0633885
-0.0628476
-0.0620438
-0.0609642
-0.0595983
-0.0579386
-0.0559814
-0.0537271
-0.0511814
-0.0483561
-0.0452693
-0.0419469
-0.0384228
-0.0347393
-0.0309476
-0.0271076
-0.0232871
-0.0195607
-0.0160077
-0.0127097
-0.00974718
-0.00719559
-0.00512127
-0.0035773
-0.00259994
-0.00220592
-0.00239146
-0.00313429
-0.0043947
-0.00610199
-0.00818054
-0.0108063
-0.0141425
-0.0291161
-0.0298099
-0.030373
-0.0308514
-0.0312969
-0.031712
-0.0321002
-0.0324697
-0.0328296
-0.0331887
-0.0335562
-0.0339412
-0.034352
-0.0347967
-0.0352825
-0.0358159
-0.0364025
-0.0370468
-0.0377527
-0.0385229
-0.0393593
-0.0402627
-0.0412332
-0.0422697
-0.0433703
-0.0445321
-0.0457513
-0.047023
-0.0483414
-0.0496997
-0.0510899
-0.0525032
-0.0539296
-0.0553579
-0.056776
-0.0581708
-0.0595281
-0.0608326
-0.0620682
-0.0632179
-0.0642638
-0.0651873
-0.0659695
-0.0665908
-0.0670315
-0.0672719
-0.0672927
-0.0670747
-0.0666002
-0.0658525
-0.0648165
-0.0634797
-0.0618324
-0.0598683
-0.0575856
-0.0549873
-0.0520825
-0.0488873
-0.0454251
-0.0417281
-0.0378376
-0.0338046
-0.0296897
-0.0255632
-0.0215033
-0.0175953
-0.0139281
-0.0105915
-0.00767162
-0.00524626
-0.00338028
-0.00212098
-0.00149459
-0.00150447
-0.0021326
-0.00334039
-0.00505406
-0.00719284
-0.00994315
-0.0134761
-0.0311487
-0.0318401
-0.0324017
-0.0328777
-0.033319
-0.0337274
-0.0341058
-0.0344626
-0.0348066
-0.0351474
-0.0354947
-0.035858
-0.0362467
-0.0366696
-0.0371347
-0.0376493
-0.0382198
-0.0388513
-0.0395484
-0.0403141
-0.041151
-0.0420601
-0.0430419
-0.0440954
-0.0452189
-0.0464097
-0.0476639
-0.0489767
-0.0503421
-0.0517533
-0.0532021
-0.0546795
-0.0561751
-0.0576776
-0.0591745
-0.0606523
-0.0620962
-0.0634905
-0.0648184
-0.0660624
-0.0672039
-0.0682234
-0.0691012
-0.0698167
-0.0703492
-0.0706777
-0.0707816
-0.0706406
-0.070235
-0.0695465
-0.0685583
-0.0672557
-0.0656266
-0.0636626
-0.0613591
-0.0587166
-0.0557415
-0.052447
-0.0488543
-0.0449931
-0.0409033
-0.0366348
-0.0322485
-0.0278161
-0.0234191
-0.0191477
-0.0150982
-0.0113694
-0.00805837
-0.00525534
-0.003038
-0.00146624
-0.000577489
-0.000383937
-0.000873413
-0.00200961
-0.00371634
-0.00590787
-0.0087816
-0.0125167
-0.0332224
-0.0339165
-0.0344798
-0.0349554
-0.0353933
-0.0357942
-0.036161
-0.0365015
-0.0368252
-0.037142
-0.0374622
-0.0377966
-0.0381552
-0.0385479
-0.0389838
-0.039471
-0.0400167
-0.040627
-0.0413069
-0.0420602
-0.0428899
-0.0437974
-0.0447835
-0.0458474
-0.0469877
-0.0482016
-0.0494852
-0.0508338
-0.0522414
-0.0537007
-0.0552037
-0.0567408
-0.0583017
-0.0598746
-0.0614465
-0.0630037
-0.0645308
-0.0660117
-0.067429
-0.0687645
-0.0699988
-0.0711121
-0.0720833
-0.0728913
-0.0735142
-0.07393
-0.0741167
-0.0740528
-0.073717
-0.0730894
-0.0721514
-0.0708862
-0.0692798
-0.067321
-0.065003
-0.0623235
-0.0592859
-0.0559008
-0.0521864
-0.0481699
-0.0438888
-0.0393917
-0.0347388
-0.0300024
-0.0252666
-0.0206258
-0.016183
-0.0120457
-0.00832223
-0.00511564
-0.0025176
-0.000602084
0.000580489
0.00100715
0.00068244
-0.000361063
-0.00204563
-0.00428096
-0.00727602
-0.0112179
-0.035336
-0.0360391
-0.0366084
-0.0370861
-0.0375214
-0.0379142
-0.0382668
-0.0385871
-0.038885
-0.0391711
-0.0394567
-0.0397534
-0.0400728
-0.0404258
-0.0408227
-0.0412727
-0.041784
-0.0423636
-0.0430172
-0.0437494
-0.0445634
-0.0454615
-0.0464443
-0.0475116
-0.0486619
-0.0498926
-0.0511998
-0.0525786
-0.0540229
-0.0555254
-0.0570776
-0.05867
-0.0602916
-0.0619305
-0.0635734
-0.0652058
-0.0668122
-0.0683758
-0.0698787
-0.0713021
-0.0726259
-0.0738295
-0.0748911
-0.0757887
-0.0764993
-0.0770001
-0.0772678
-0.0772796
-0.0770128
-0.0764461
-0.0755588
-0.0743326
-0.0727511
-0.070801
-0.0684728
-0.0657616
-0.062668
-0.0591994
-0.0553711
-0.0512074
-0.046743
-0.0420244
-0.0371105
-0.0320736
-0.026999
-0.0219848
-0.0171396
-0.0125796
-0.00842388
-0.0047888
-0.00178094
0.000510215
0.00201937
0.00271069
0.00257908
0.00165163
6.4356e-06
-0.00226215
-0.00537546
-0.00952861
-0.0374893
-0.038209
-0.0387896
-0.0392723
-0.0397061
-0.04009
-0.0404255
-0.0407209
-0.0409866
-0.041234
-0.0414759
-0.0417252
-0.0419948
-0.0422973
-0.0426442
-0.043046
-0.0435122
-0.0440507
-0.044668
-0.0453695
-0.046159
-0.047039
-0.0480106
-0.0490738
-0.0502271
-0.051468
-0.0527925
-0.0541957
-0.0556712
-0.0572115
-0.058808
-0.0604506
-0.0621283
-0.0638285
-0.0655377
-0.067241
-0.0689222
-0.0705641
-0.0721483
-0.0736551
-0.0750642
-0.0763538
-0.0775018
-0.0784849
-0.0792796
-0.0798617
-0.0802071
-0.0802916
-0.0800915
-0.0795835
-0.0787457
-0.0775578
-0.0760014
-0.0740611
-0.0717249
-0.0689853
-0.0658399
-0.0622932
-0.0583571
-0.0540529
-0.0494124
-0.0444791
-0.03931
-0.0339765
-0.0285644
-0.0231743
-0.0179196
-0.0129243
-0.00831806
-0.00423064
-0.000784206
0.00191489
0.0037846
0.00477403
0.0048661
0.0040804
0.00249396
0.000204334
-0.00302305
-0.00739137
-0.0396828
-0.0404289
-0.0410272
-0.0415185
-0.0419521
-0.0423257
-0.0426407
-0.0429054
-0.0431311
-0.0433307
-0.0435183
-0.0437087
-0.0439166
-0.0441562
-0.0444408
-0.0447823
-0.0451916
-0.0456776
-0.0462479
-0.0469085
-0.0476638
-0.0485168
-0.0494689
-0.0505202
-0.0516693
-0.0529135
-0.054249
-0.0556705
-0.0571715
-0.0587443
-0.0603797
-0.0620676
-0.0637963
-0.0655531
-0.0673238
-0.069093
-0.0708443
-0.0725597
-0.0742202
-0.0758057
-0.0772949
-0.0786657
-0.079895
-0.0809587
-0.0818325
-0.0824912
-0.0829096
-0.0830624
-0.0829246
-0.0824716
-0.08168
-0.0805276
-0.0789943
-0.0770625
-0.074718
-0.0719506
-0.0687552
-0.0651331
-0.0610933
-0.0566534
-0.051842
-0.0466995
-0.0412804
-0.0356541
-0.0299062
-0.0241386
-0.0184687
-0.013027
-0.00795345
-0.00339086
0.000522468
0.00366216
0.00592757
0.00725041
0.00759912
0.0069834
0.00547739
0.00318077
-0.000155397
-0.00474248
-0.0419188
-0.042703
-0.0433267
-0.0438309
-0.0442655
-0.0446274
-0.0449173
-0.0451444
-0.045321
-0.0454617
-0.0455828
-0.0457011
-0.0458335
-0.0459964
-0.0462048
-0.0464727
-0.0468121
-0.0472334
-0.0477451
-0.048354
-0.0490651
-0.0498818
-0.0508058
-0.0518371
-0.0529746
-0.0542154
-0.0555555
-0.0569894
-0.0585102
-0.06011
-0.0617792
-0.0635073
-0.0652821
-0.0670904
-0.0689176
-0.0707479
-0.0725641
-0.0743478
-0.0760794
-0.0777381
-0.0793021
-0.0807484
-0.0820532
-0.0831917
-0.0841386
-0.0848679
-0.0853533
-0.0855685
-0.0854872
-0.0850836
-0.0843328
-0.0832111
-0.0816965
-0.0797695
-0.0774136
-0.0746162
-0.0713697
-0.0676723
-0.0635297
-0.0589562
-0.0539769
-0.0486287
-0.042963
-0.0370468
-0.0309643
-0.0248178
-0.0187275
-0.0128295
-0.00727273
-0.00221296
0.00219527
0.00580861
0.00850608
0.0101996
0.0108404
0.0104256
0.00902422
0.00673664
0.00329812
-0.00151107
-0.0442011
-0.0450377
-0.0456963
-0.046218
-0.0466551
-0.0470029
-0.0472622
-0.047443
-0.0475594
-0.0476284
-0.0476685
-0.0476995
-0.0477409
-0.0478114
-0.0479285
-0.0481079
-0.0483635
-0.0487069
-0.0491477
-0.0496936
-0.0503502
-0.051121
-0.0520081
-0.0530116
-0.0541302
-0.0553609
-0.0566993
-0.0581397
-0.0596749
-0.0612964
-0.0629943
-0.0647575
-0.0665735
-0.0684285
-0.0703073
-0.0721935
-0.0740695
-0.0759161
-0.0777133
-0.0794395
-0.0810723
-0.0825879
-0.0839618
-0.0851685
-0.0861817
-0.0869745
-0.0875198
-0.0877901
-0.0877581
-0.0873966
-0.0866793
-0.0855812
-0.0840785
-0.0821499
-0.0797769
-0.0769445
-0.0736426
-0.0698666
-0.0656189
-0.0609107
-0.0557632
-0.05021
-0.0442988
-0.0380935
-0.0316762
-0.0251487
-0.0186324
-0.0122681
-0.00621281
-0.000634225
0.00429691
0.00841755
0.0115848
0.0136885
0.0146596
0.0144796
0.0132098
0.0109495
0.00741626
0.0023817
-0.046536
-0.0474424
-0.0481468
-0.0486917
-0.0491323
-0.049463
-0.0496844
-0.0498083
-0.0498512
-0.0498329
-0.0497753
-0.0497015
-0.049634
-0.0495947
-0.0496036
-0.0496785
-0.0498352
-0.0500867
-0.0504439
-0.0509151
-0.0515065
-0.0522219
-0.0530635
-0.0540313
-0.0551239
-0.0563379
-0.0576687
-0.0591101
-0.0606545
-0.0622927
-0.0640146
-0.0658082
-0.0676607
-0.0695575
-0.071483
-0.0734202
-0.0753507
-0.0772549
-0.0791119
-0.0808997
-0.0825949
-0.0841733
-0.0856094
-0.086877
-0.0879489
-0.0887974
-0.0893944
-0.0897114
-0.0897198
-0.0893915
-0.0886989
-0.0876152
-0.0861155
-0.0841765
-0.0817777
-0.0789022
-0.0755374
-0.0716759
-0.0673173
-0.0624694
-0.0571499
-0.0513886
-0.0452295
-0.0387329
-0.0319782
-0.0250654
-0.0181164
-0.0112752
-0.00470542
0.00141399
0.00689658
0.0115593
0.0152359
0.0177917
0.0191345
0.0192265
0.0181185
0.015906
0.0122869
0.00702353
-0.0489327
-0.04993
-0.0506934
-0.0512674
-0.0517121
-0.0520211
-0.0521955
-0.0522493
-0.0522023
-0.0520784
-0.0519035
-0.0517046
-0.0515082
-0.0513396
-0.0512215
-0.0511746
-0.0512163
-0.0513614
-0.0516216
-0.0520063
-0.0525218
-0.0531724
-0.05396
-0.0548847
-0.0559445
-0.0571358
-0.0584535
-0.0598908
-0.0614395
-0.06309
-0.0648313
-0.066651
-0.0685355
-0.0704697
-0.0724373
-0.0744205
-0.0764005
-0.0783568
-0.0802679
-0.0821111
-0.0838624
-0.0854966
-0.0869876
-0.0883083
-0.0894308
-0.0903264
-0.090966
-0.0913202
-0.0913592
-0.0910538
-0.0903751
-0.0892951
-0.0877871
-0.0858265
-0.0833908
-0.0804611
-0.0770225
-0.0730652
-0.0685859
-0.0635894
-0.0580897
-0.0521131
-0.0456994
-0.0389054
-0.0318069
-0.0245016
-0.0171105
-0.00977958
-0.00267786
0.00400577
0.0100698
0.0153111
0.019539
0.0225921
0.0243516
0.0247569
0.0238444
0.0217032
0.0180084
0.0125122
-0.0514045
-0.052518
-0.0533558
-0.0539655
-0.0544142
-0.0546949
-0.0548101
-0.0547772
-0.0546206
-0.054369
-0.0540537
-0.0537065
-0.0533585
-0.0530387
-0.0527734
-0.0525859
-0.0524957
-0.052519
-0.0526688
-0.0529549
-0.0533842
-0.0539607
-0.0546864
-0.0555609
-0.0565819
-0.0577451
-0.0590448
-0.0604735
-0.0620224
-0.0636811
-0.0654379
-0.0672798
-0.0691923
-0.0711597
-0.0731649
-0.0751896
-0.077214
-0.0792171
-0.0811767
-0.0830692
-0.0848698
-0.0865528
-0.0880912
-0.0894569
-0.0906213
-0.0915548
-0.0922273
-0.0926082
-0.092667
-0.0923731
-0.0916963
-0.0906074
-0.0890782
-0.0870825
-0.0845963
-0.0815985
-0.0780722
-0.0740052
-0.0693917
-0.0642333
-0.0585409
-0.0523368
-0.0456573
-0.0385548
-0.0311015
-0.0233919
-0.0155454
-0.00770843
-5.42124e-05
0.00721981
0.0138981
0.0197574
0.0245821
0.0281817
0.0304076
0.0311722
0.0304933
0.0284501
0.024691
0.0189571
-0.0539694
-0.0552301
-0.0561603
-0.0568124
-0.0572634
-0.0575065
-0.0575466
-0.0574061
-0.0571155
-0.05671
-0.0562272
-0.0557049
-0.0551794
-0.0546844
-0.0542498
-0.0539017
-0.0536617
-0.0535477
-0.0535735
-0.0537493
-0.0540822
-0.0545762
-0.0552326
-0.0560507
-0.0570274
-0.0581578
-0.0594353
-0.0608516
-0.0623971
-0.0640607
-0.0658297
-0.0676903
-0.0696273
-0.0716242
-0.0736631
-0.0757248
-0.077789
-0.0798338
-0.0818362
-0.0837719
-0.0856153
-0.0873399
-0.0889178
-0.0903203
-0.0915176
-0.0924794
-0.0931744
-0.0935711
-0.0936379
-0.093343
-0.0926551
-0.0915435
-0.0899786
-0.0879327
-0.08538
-0.0822978
-0.0786671
-0.0744734
-0.0697083
-0.0643707
-0.0584682
-0.0520198
-0.0450576
-0.0376301
-0.0298053
-0.0216741
-0.0133534
-0.00498904
0.00324302
0.0111381
0.0184677
0.0249892
0.030461
0.0346619
0.0374098
0.0385859
0.0381842
0.0362696
0.0324593
0.0264811
-0.0566525
-0.0580978
-0.0591413
-0.0598424
-0.0602917
-0.0604838
-0.0604278
-0.0601531
-0.0596986
-0.0591075
-0.0584253
-0.0576971
-0.0569653
-0.0562684
-0.0556406
-0.0551107
-0.0547026
-0.0544354
-0.0543237
-0.054378
-0.054605
-0.0550086
-0.0555893
-0.0563456
-0.0572736
-0.0583674
-0.0596194
-0.0610204
-0.0625599
-0.0642256
-0.0660041
-0.0678807
-0.0698392
-0.0718623
-0.0739312
-0.0760261
-0.0781256
-0.0802071
-0.0822469
-0.0842198
-0.0860995
-0.0878585
-0.0894682
-0.0908989
-0.09212
-0.0931
-0.0938069
-0.0942081
-0.0942707
-0.0939617
-0.0932487
-0.0920995
-0.0904833
-0.0883706
-0.085734
-0.082549
-0.0787946
-0.0744542
-0.0695169
-0.0639789
-0.0578448
-0.0511299
-0.0438628
-0.0360877
-0.0278684
-0.0192916
-0.0104711
-0.00155119
0.00729076
0.0158442
0.0238689
0.0311034
0.0372799
0.0421444
0.045478
0.0471253
0.0470514
0.0453011
0.0414544
0.0352229
-0.0594876
-0.061163
-0.062344
-0.0630996
-0.0635394
-0.0636616
-0.0634816
-0.0630391
-0.0623835
-0.0615687
-0.0606498
-0.0596802
-0.0587094
-0.0577815
-0.0569347
-0.0562009
-0.0556058
-0.0551697
-0.0549076
-0.0548297
-0.0549425
-0.0552488
-0.0557485
-0.0564388
-0.0573146
-0.0583691
-0.0595933
-0.0609771
-0.0625086
-0.0641747
-0.0659608
-0.0678512
-0.0698287
-0.0718752
-0.0739711
-0.0760954
-0.0782261
-0.0803398
-0.0824117
-0.084416
-0.0863255
-0.0881119
-0.0897455
-0.0911959
-0.0924315
-0.0934198
-0.0941278
-0.0945217
-0.0945675
-0.0942311
-0.0934785
-0.0922764
-0.0905923
-0.0883952
-0.0856561
-0.0823485
-0.0784494
-0.0739401
-0.0688073
-0.0630444
-0.056653
-0.0496452
-0.0420455
-0.0338941
-0.0252502
-0.0161964
-0.00684237
0.00266981
0.0121625
0.0214207
0.0301936
0.0382016
0.0451504
0.0507514
0.0547451
0.056934
0.0572476
0.0557041
0.0518378
0.0453406
-0.0625207
-0.0644816
-0.0658275
-0.0666411
-0.067058
-0.0670832
-0.0667424
-0.0660888
-0.0651862
-0.0641016
-0.062902
-0.0616504
-0.0604041
-0.0592133
-0.0581202
-0.0571595
-0.0563586
-0.0557382
-0.0553134
-0.0550938
-0.0550851
-0.0552887
-0.0557032
-0.0563246
-0.0571462
-0.0581598
-0.0593552
-0.0607208
-0.0622435
-0.0639088
-0.0657013
-0.067604
-0.0695988
-0.0716665
-0.0737865
-0.075937
-0.0780951
-0.0802365
-0.0823356
-0.0843657
-0.0862987
-0.0881054
-0.0897553
-0.091217
-0.0924579
-0.0934446
-0.0941428
-0.0945178
-0.0945343
-0.0941569
-0.0933503
-0.0920796
-0.090311
-0.0880116
-0.0851506
-0.0816998
-0.0776339
-0.0729321
-0.0675785
-0.0615637
-0.0548863
-0.0475548
-0.0395899
-0.0310276
-0.0219224
-0.0123519
-0.00242168
0.0077295
0.0179248
0.027946
0.0375328
0.0463882
0.0541909
0.0606158
0.0653588
0.0681739
0.0689474
0.0676623
0.0637962
0.057016
-0.0658136
-0.068128
-0.0696695
-0.0705405
-0.0709126
-0.0708026
-0.0702514
-0.0693313
-0.0681245
-0.0667147
-0.0651825
-0.0636024
-0.0620401
-0.0605517
-0.0591835
-0.0579725
-0.056947
-0.0561279
-0.0555294
-0.0551601
-0.055024
-0.055121
-0.055448
-0.055999
-0.0567658
-0.0577383
-0.0589049
-0.0602524
-0.0617662
-0.0634308
-0.0652292
-0.0671433
-0.0691541
-0.0712412
-0.0733831
-0.075557
-0.0777391
-0.0799041
-0.0820256
-0.0840761
-0.0860265
-0.0878467
-0.0895054
-0.0909702
-0.0922074
-0.0931827
-0.0938606
-0.0942053
-0.0941802
-0.0937486
-0.0928737
-0.0915193
-0.0896496
-0.0872302
-0.0842284
-0.0806137
-0.0763588
-0.0714403
-0.0658396
-0.0595445
-0.0525501
-0.0448614
-0.0364949
-0.0274818
-0.0178718
-0.00773716
0.00282157
0.0136698
0.0246326
0.0354895
0.0459722
0.0557667
0.0645243
0.0718809
0.077483
0.0810288
0.082352
0.0813898
0.0775483
0.070461
-0.0694508
-0.0722019
-0.0739727
-0.074893
-0.0751855
-0.074886
-0.0740581
-0.0728001
-0.071218
-0.0694157
-0.0674903
-0.0655287
-0.0636053
-0.0617822
-0.060109
-0.0586242
-0.0573563
-0.0563253
-0.0555437
-0.0550184
-0.0547511
-0.0547396
-0.0549783
-0.0554592
-0.0561721
-0.0571048
-0.0582439
-0.0595745
-0.0610806
-0.0627451
-0.0645498
-0.0664753
-0.0685014
-0.0706066
-0.0727684
-0.0749632
-0.0771661
-0.0793509
-0.0814905
-0.0835562
-0.0855182
-0.0873454
-0.0890057
-0.0904656
-0.0916906
-0.0926451
-0.0932927
-0.0935962
-0.0935178
-0.0930195
-0.0920629
-0.0906102
-0.088624
-0.0860679
-0.082907
-0.0791088
-0.0746434
-0.0694847
-0.0636111
-0.0570071
-0.0496642
-0.0415831
-0.0327758
-0.0232683
-0.0131045
-0.00235089
0.00889824
0.0205135
0.0323232
0.0441063
0.0555873
0.066436
0.0762753
0.0846991
0.0912988
0.0957077
0.0976954
0.0971394
0.0933537
0.0859263
-0.0735471
-0.0768377
-0.0788727
-0.0798222
-0.0799805
-0.0794145
-0.0782208
-0.0765326
-0.0744865
-0.0722107
-0.0698212
-0.0674179
-0.0650841
-0.0628869
-0.0608782
-0.0590968
-0.05757
-0.0563157
-0.055344
-0.0546587
-0.0542587
-0.0541388
-0.0542907
-0.0547038
-0.0553653
-0.056261
-0.0573753
-0.0586915
-0.060192
-0.061858
-0.0636699
-0.0656073
-0.0676485
-0.0697711
-0.0719515
-0.074165
-0.0763859
-0.0785871
-0.0807405
-0.0828166
-0.0847847
-0.0866129
-0.088268
-0.0897156
-0.0909203
-0.0918453
-0.0924532
-0.0927055
-0.0925632
-0.0919867
-0.0909363
-0.0893724
-0.0872556
-0.0845476
-0.0812115
-0.0772119
-0.0725165
-0.0670959
-0.0609254
-0.0539855
-0.0462634
-0.0377552
-0.0284673
-0.0184197
-0.00764963
0.00378387
0.0157938
0.028258
0.0410096
0.0538291
0.0664354
0.0784827
0.0895645
0.0992289
0.107005
0.112449
0.115252
0.115214
0.111526
0.103714
-0.0782609
-0.0822183
-0.0845507
-0.0854882
-0.0854282
-0.0844863
-0.0828065
-0.0805689
-0.077948
-0.0751013
-0.072165
-0.0692525
-0.0664549
-0.0638426
-0.0614682
-0.0593687
-0.0575688
-0.0560827
-0.0549166
-0.0540703
-0.0535389
-0.0533134
-0.0533824
-0.0537319
-0.0543465
-0.0552096
-0.0563032
-0.0576088
-0.0591067
-0.0607768
-0.0625979
-0.0645482
-0.066605
-0.0687447
-0.0709426
-0.0731731
-0.0754095
-0.077624
-0.0797874
-0.0818695
-0.0838387
-0.0856622
-0.0873059
-0.0887346
-0.0899116
-0.0907994
-0.0913593
-0.0915516
-0.0913361
-0.0906717
-0.0895171
-0.0878308
-0.0855719
-0.0826996
-0.0791746
-0.074959
-0.0700172
-0.0643166
-0.0578285
-0.0505289
-0.0424002
-0.0334326
-0.0236261
-0.0129933
-0.00156316
0.0106145
0.0234624
0.0368676
0.0506716
0.0646588
0.0785457
0.0919719
0.104501
0.11563
0.124816
0.131525
0.135348
0.135981
0.132453
0.124196
-0.0838126
-0.088595
-0.0912498
-0.0920992
-0.0916915
-0.0902175
-0.0878892
-0.0849477
-0.0816146
-0.0780802
-0.0745019
-0.0710053
-0.0676871
-0.0646184
-0.0618495
-0.0594134
-0.0573296
-0.0556069
-0.0542459
-0.0532413
-0.052583
-0.0522579
-0.0522504
-0.0525431
-0.0531175
-0.0539541
-0.0550328
-0.0563326
-0.0578322
-0.0595098
-0.0613427
-0.0633078
-0.0653811
-0.067538
-0.0697529
-0.0719991
-0.0742491
-0.0764741
-0.0786443
-0.0807285
-0.0826944
-0.0845083
-0.0861352
-0.0875391
-0.0886823
-0.0895264
-0.0900314
-0.0901567
-0.0898605
-0.0891005
-0.0878337
-0.086017
-0.0836072
-0.0805616
-0.076838
-0.0723958
-0.0671959
-0.061202
-0.0543807
-0.0467032
-0.0381459
-0.0286919
-0.0183336
-0.00707433
0.00506738
0.0180534
0.0318192
0.0462652
0.0612453
0.0765529
0.0919059
0.106933
0.121169
0.134054
0.144962
0.153246
0.158373
0.159898
0.156624
0.147842
-0.0905145
-0.0963179
-0.0992986
-0.0999251
-0.0989706
-0.0967417
-0.093545
-0.0897003
-0.085485
-0.0811244
-0.076796
-0.0726341
-0.0687367
-0.0651718
-0.0619833
-0.0591967
-0.0568234
-0.0548644
-0.053313
-0.0521571
-0.0513808
-0.0509656
-0.0508914
-0.0511368
-0.0516799
-0.0524983
-0.0535692
-0.0548697
-0.0563764
-0.0580659
-0.059914
-0.0618964
-0.0639879
-0.0661629
-0.0683946
-0.0706558
-0.0729179
-0.0751515
-0.0773258
-0.079409
-0.0813679
-0.0831682
-0.0847741
-0.0861486
-0.0872533
-0.0880486
-0.0884938
-0.088547
-0.0881652
-0.0873047
-0.085921
-0.0839691
-0.0814038
-0.0781801
-0.0742532
-0.0695791
-0.0641154
-0.0578213
-0.0506586
-0.0425924
-0.0335922
-0.0236333
-0.012698
-0.000778854
0.012119
0.0259725
0.0407343
0.0563232
0.0726119
0.0894102
0.106446
0.123343
0.139609
0.154627
0.167672
0.17796
0.184794
0.187538
0.184672
0.175267
-0.0988184
-0.105883
-0.109144
-0.109314
-0.107506
-0.104204
-0.0998417
-0.094838
-0.0895323
-0.0841841
-0.0789855
-0.0740734
-0.0695402
-0.0654441
-0.0618174
-0.0586737
-0.0560128
-0.053825
-0.0520941
-0.0508
-0.0499194
-0.0494281
-0.0493005
-0.0495112
-0.0500346
-0.0508451
-0.0519175
-0.0532265
-0.054747
-0.0564538
-0.0583216
-0.0603246
-0.0624367
-0.0646312
-0.0668806
-0.0691567
-0.0714302
-0.0736711
-0.0758478
-0.0779278
-0.0798774
-0.0816614
-0.0832434
-0.0845856
-0.0856488
-0.0863927
-0.0867755
-0.0867543
-0.086285
-0.0853224
-0.0838207
-0.0817331
-0.0790125
-0.0756113
-0.0714822
-0.0665778
-0.0608519
-0.0542589
-0.0467553
-0.0382994
-0.0288531
-0.0183818
-0.00685674
0.00574347
0.0194298
0.0341987
0.0500251
0.0668537
0.0845846
0.103055
0.122014
0.141096
0.159791
0.177426
0.193164
0.206051
0.215175
0.219635
0.217441
0.207298
-0.109398
-0.118006
-0.121398
-0.120707
-0.117576
-0.112744
-0.106818
-0.100331
-0.0936844
-0.0871654
-0.0809695
-0.075224
-0.0700055
-0.0653535
-0.0612815
-0.0577854
-0.0548493
-0.0524497
-0.050559
-0.0491468
-0.0481822
-0.0476338
-0.0474708
-0.047663
-0.0481812
-0.0489967
-0.0500817
-0.0514089
-0.0529513
-0.0546823
-0.0565752
-0.0586031
-0.0607391
-0.0629555
-0.0652242
-0.0675161
-0.0698014
-0.0720494
-0.074228
-0.0763041
-0.0782434
-0.0800101
-0.0815673
-0.0828764
-0.0838978
-0.0845901
-0.0849109
-0.0848163
-0.0842612
-0.0831992
-0.081583
-0.0793644
-0.076494
-0.0729223
-0.068599
-0.0634736
-0.0574955
-0.0506147
-0.0427815
-0.0339471
-0.0240644
-0.0130882
-0.000976483
0.0123084
0.0267972
0.0425102
0.0594518
0.0776006
0.0968963
0.117218
0.138358
0.159978
0.181575
0.202433
0.221601
0.237918
0.250191
0.257141
0.256086
0.245107
-0.123297
-0.133738
-0.136896
-0.134653
-0.129473
-0.122465
-0.114446
-0.106071
-0.0977938
-0.0899067
-0.0825885
-0.0759386
-0.0700023
-0.0647881
-0.0602819
-0.056455
-0.0532711
-0.0506899
-0.0486697
-0.047169
-0.0461479
-0.0455679
-0.0453923
-0.0455866
-0.0461175
-0.0469537
-0.0480649
-0.0494217
-0.0509958
-0.0527591
-0.0546839
-0.0567423
-0.0589067
-0.0611486
-0.0634393
-0.0657492
-0.0680481
-0.0703045
-0.0724862
-0.0745595
-0.0764896
-0.0782403
-0.0797741
-0.0810522
-0.0820341
-0.0826781
-0.0829409
-0.0827778
-0.082143
-0.080989
-0.0792672
-0.0769278
-0.07392
-0.0701917
-0.0656901
-0.0603615
-0.0541513
-0.0470045
-0.0388653
-0.0296773
-0.0193838
-0.00792789
0.00474732
0.0186979
0.0339778
0.0506364
0.0687138
0.0882334
0.109188
0.131521
0.155089
0.179622
0.204658
0.229479
0.253033
0.273933
0.290623
0.301296
0.302228
0.290432
-0.142209
-0.154659
-0.156769
-0.151792
-0.143455
-0.133363
-0.122566
-0.111821
-0.101594
-0.092146
-0.0836022
-0.0760067
-0.0693518
-0.0636001
-0.0586983
-0.0545863
-0.0512025
-0.0484864
-0.0463809
-0.0448324
-0.0437915
-0.0432124
-0.043053
-0.0432742
-0.0438396
-0.0447151
-0.0458684
-0.0472686
-0.0488859
-0.0506914
-0.0526563
-0.0547524
-0.056951
-0.0592235
-0.0615407
-0.0638726
-0.0661885
-0.0684568
-0.0706448
-0.0727187
-0.0746432
-0.076382
-0.0778971
-0.0791493
-0.0800979
-0.0807006
-0.0809137
-0.0806918
-0.0799884
-0.0787552
-0.0769425
-0.0744992
-0.071373
-0.0675098
-0.0628543
-0.0573499
-0.0509381
-0.043559
-0.0351506
-0.0256491
-0.0149879
-0.00309771
0.0100943
0.0246643
0.0406922
0.0582608
0.077453
0.098347
0.121006
0.145457
0.171662
0.199464
0.228509
0.258144
0.28729
0.314347
0.337332
0.353704
0.358205
0.346
-0.169051
-0.183179
-0.182502
-0.172782
-0.15962
-0.145208
-0.130783
-0.117129
-0.104643
-0.0934822
-0.0836653
-0.0751409
-0.0678208
-0.0616032
-0.0563843
-0.0520655
-0.0485555
-0.0457723
-0.043642
-0.042099
-0.0410848
-0.040547
-0.0404384
-0.0407164
-0.0413417
-0.0422783
-0.0434924
-0.0449518
-0.0466261
-0.0484853
-0.0505006
-0.052643
-0.0548838
-0.0571939
-0.059544
-0.0619039
-0.0642427
-0.0665288
-0.0687292
-0.0708099
-0.0727357
-0.07447
-0.0759747
-0.0772104
-0.078136
-0.0787091
-0.0788855
-0.0786197
-0.0778644
-0.0765708
-0.0746883
-0.072165
-0.0689469
-0.0649786
-0.0602025
-0.0545593
-0.0479871
-0.0404214
-0.0317947
-0.0220357
-0.0110682
0.00118921
0.0148254
0.0299374
0.0466327
0.0650301
0.0852609
0.107467
0.131797
0.15839
0.18735
0.218697
0.252278
0.287634
0.323797
0.359094
0.391109
0.416372
0.427443
0.416371
-0.209159
-0.223004
-0.215863
-0.198046
-0.177637
-0.157305
-0.138287
-0.121207
-0.106243
-0.0933299
-0.0823046
-0.0729679
-0.0651199
-0.0585759
-0.0531718
-0.0487654
-0.0452347
-0.0424756
-0.040399
-0.0389284
-0.0379977
-0.0375492
-0.0375321
-0.0379013
-0.0386158
-0.0396384
-0.0409344
-0.0424713
-0.0442182
-0.0461451
-0.0482228
-0.0504226
-0.0527156
-0.0550727
-0.0574647
-0.0598613
-0.062232
-0.0645448
-0.066767
-0.0688646
-0.0708024
-0.0725438
-0.0740507
-0.0752837
-0.0762016
-0.0767619
-0.0769205
-0.0766313
-0.0758469
-0.0745182
-0.0725939
-0.0700213
-0.0667457
-0.0627102
-0.0578556
-0.0521202
-0.0454394
-0.0377448
-0.028964
-0.0190189
-0.00782506
0.00471048
0.0186914
0.0342349
0.0514752
0.070568
0.0916945
0.115066
0.140928
0.169552
0.201229
0.236224
0.274705
0.316591
0.361297
0.407378
0.452275
0.491535
0.514932
0.509491
-0.272534
-0.279678
-0.258577
-0.227268
-0.196283
-0.168158
-0.143635
-0.122814
-0.105389
-0.0909122
-0.0789343
-0.0690542
-0.0609322
-0.054288
-0.048894
-0.0445654
-0.0411524
-0.0385325
-0.0366049
-0.0352857
-0.0345039
-0.0341993
-0.0343192
-0.0348178
-0.0356537
-0.0367896
-0.038191
-0.0398258
-0.0416632
-0.0436737
-0.0458285
-0.0480991
-0.0504569
-0.0528733
-0.0553191
-0.0577647
-0.0601793
-0.0625316
-0.064789
-0.0669177
-0.0688825
-0.0706472
-0.0721739
-0.0734231
-0.074354
-0.074924
-0.075089
-0.0748031
-0.0740186
-0.0726863
-0.0707549
-0.068171
-0.0648794
-0.0608223
-0.0559393
-0.0501672
-0.0434391
-0.0356837
-0.0268247
-0.0167789
-0.00545496
0.00724952
0.0214508
0.0372832
0.0549047
0.0745043
0.0963104
0.120602
0.147724
0.178094
0.212217
0.250674
0.294082
0.342976
0.397553
0.457233
0.520053
0.581115
0.627437
0.63882
-0.378113
-0.360832
-0.311676
-0.258931
-0.21317
-0.175353
-0.144792
-0.120392
-0.10096
-0.0854528
-0.0730355
-0.0630637
-0.0550468
-0.0486131
-0.0434797
-0.0394299
-0.0362953
-0.0339435
-0.0322686
-0.0311844
-0.0306197
-0.0305145
-0.0308174
-0.0314836
-0.0324732
-0.0337499
-0.0352807
-0.0370343
-0.038981
-0.0410922
-0.0433399
-0.0456963
-0.0481336
-0.0506236
-0.0531378
-0.055647
-0.058121
-0.0605287
-0.062838
-0.0650154
-0.0670263
-0.0688345
-0.0704025
-0.0716913
-0.0726601
-0.0732667
-0.0734672
-0.0732158
-0.0724652
-0.0711659
-0.0692668
-0.0667144
-0.0634532
-0.059425
-0.054569
-0.0488209
-0.0421124
-0.0343707
-0.0255167
-0.0154641
-0.00411657
0.00863445
0.0229141
0.0388691
0.0566751
0.0765464
0.0987492
0.12362
0.151591
0.183219
0.21923
0.26056
0.308392
0.364138
0.429321
0.50524
0.591973
0.685707
0.773196
0.826822
-0.569404
-0.474918
-0.371517
-0.287588
-0.223166
-0.174778
-0.138849
-0.112045
-0.0917881
-0.0762681
-0.0642321
-0.0548082
-0.0473864
-0.041536
-0.0369472
-0.0333932
-0.030704
-0.0287499
-0.0274291
-0.0266603
-0.0263771
-0.0265237
-0.0270527
-0.0279225
-0.0290963
-0.0305404
-0.0322237
-0.0341171
-0.0361923
-0.0384223
-0.0407802
-0.0432393
-0.0457728
-0.0483533
-0.0509532
-0.0535437
-0.0560955
-0.0585781
-0.0609597
-0.0632076
-0.0652875
-0.0671637
-0.0687991
-0.070155
-0.0711913
-0.071866
-0.0721355
-0.0719544
-0.0712757
-0.0700503
-0.0682272
-0.0657532
-0.0625729
-0.0586282
-0.0538582
-0.0481985
-0.0415805
-0.0339307
-0.0251693
-0.0152086
-0.00395063
0.00871603
0.0229202
0.0388144
0.0565825
0.0764517
0.098709
0.123724
0.151986
0.184151
0.221121
0.264155
0.31502
0.376193
0.451109
0.544304
0.660228
0.800048
0.96217
1.12361
-0.965519
-0.622966
-0.409696
-0.288221
-0.20864
-0.154704
-0.118206
-0.0928726
-0.0746495
-0.0611527
-0.0509362
-0.0430799
-0.0369837
-0.0322471
-0.0285947
-0.0258311
-0.0238131
-0.0224326
-0.0216058
-0.0212657
-0.0213571
-0.0218336
-0.0226552
-0.0237865
-0.0251954
-0.0268526
-0.0287303
-0.0308021
-0.0330424
-0.035426
-0.0379278
-0.0405228
-0.0431854
-0.0458895
-0.0486083
-0.0513143
-0.0539789
-0.0565724
-0.0590637
-0.0614209
-0.0636102
-0.0655966
-0.0673436
-0.0688131
-0.0699653
-0.070759
-0.071151
-0.0710964
-0.0705487
-0.0694594
-0.0677779
-0.0654517
-0.0624258
-0.0586428
-0.0540424
-0.0485609
-0.0421306
-0.034679
-0.0261274
-0.0163896
-0.00536933
0.00704239
0.0209715
0.0365667
0.0540071
0.073514
0.0953669
0.119929
0.147682
0.17929
0.215689
0.258246
0.309032
0.371284
0.450285
0.554673
0.696721
0.894351
1.19844
1.65351
-1.6787
-0.771006
-0.369869
-0.222405
-0.147596
-0.102998
-0.0760648
-0.0589027
-0.0470777
-0.0384503
-0.0319354
-0.0269191
-0.0230316
-0.0200391
-0.0177857
-0.0161611
-0.0150836
-0.0144901
-0.0143299
-0.0145607
-0.0151464
-0.0160553
-0.0172587
-0.0187302
-0.020445
-0.0223796
-0.0245109
-0.0268167
-0.0292745
-0.0318621
-0.0345567
-0.0373353
-0.0401742
-0.0430489
-0.0459341
-0.0488034
-0.0516295
-0.0543836
-0.0570359
-0.059555
-0.0619081
-0.0640612
-0.0659783
-0.0676221
-0.0689535
-0.069932
-0.070515
-0.0706585
-0.0703164
-0.0694411
-0.0679828
-0.0658898
-0.0631082
-0.0595815
-0.055251
-0.0500544
-0.0439262
-0.0367963
-0.0285893
-0.0192233
-0.00860747
0.00335965
0.0167941
0.0318307
0.04863
0.0673866
0.0883428
0.111808
0.138186
0.168027
0.202098
0.241528
0.28807
0.344653
0.41668
0.514924
0.660987
0.907181
1.42723
2.4579
)
;

boundaryField
{
    movingWall
    {
        type            zeroGradient;
    }
    fixedWalls
    {
        type            zeroGradient;
    }
    frontAndBack
    {
        type            empty;
    }
}


// ************************************************************************* //
