/*--------------------------------*- C++ -*----------------------------------*\
  =========                 |
  \\      /  F ield         | OpenFOAM: The Open Source CFD Toolbox
   \\    /   O peration     | Website:  https://openfoam.org
    \\  /    A nd           | Version:  7
     \\/     M anipulation  |
\*---------------------------------------------------------------------------*/
FoamFile
{
    version     2.0;
    format      ascii;
    class       volScalarField;
    location    "2.3";
    object      p;
}
// * * * * * * * * * * * * * * * * * * * * * * * * * * * * * * * * * * * * * //

dimensions      [0 2 -2 0 0 0 0];

internalField   nonuniform List<scalar> 
6400
(
-1.01761e-06
1.16159e-05
3.60956e-07
-3.82347e-05
-0.000101863
-0.000187218
-0.000290753
-0.000409274
-0.000540222
-0.000681676
-0.000832251
-0.000990976
-0.00115716
-0.00133023
-0.00150968
-0.00169493
-0.00188527
-0.00207978
-0.00227733
-0.0024765
-0.00267562
-0.00287269
-0.00306545
-0.00325136
-0.0034276
-0.00359117
-0.00373889
-0.00386747
-0.00397361
-0.00405404
-0.00410569
-0.00412575
-0.00411184
-0.0040621
-0.00397533
-0.00385114
-0.00369002
-0.00349348
-0.00326409
-0.00300554
-0.00272267
-0.0024211
-0.00210793
-0.00179078
-0.00147795
-0.00117821
-0.000900469
-0.000653488
-0.000445565
-0.00028421
-0.000175841
-0.000125508
-0.000136657
-0.000210971
-0.000348274
-0.00054652
-0.000801854
-0.00110876
-0.0014606
-0.00184917
-0.00226561
-0.00270088
-0.00314572
-0.00359112
-0.00402863
-0.0044506
-0.00485031
-0.00522203
-0.00556112
-0.00586385
-0.00612741
-0.00634967
-0.00652911
-0.00666476
-0.00675622
-0.0068041
-0.00681097
-0.0067833
-0.00673368
-0.00668069
-1.51905e-05
-2.11209e-06
-1.46533e-05
-5.13524e-05
-0.000109084
-0.000185681
-0.000278731
-0.000385869
-0.000505071
-0.000634719
-0.000773584
-0.000920735
-0.00107546
-0.00123715
-0.00140526
-0.00157918
-0.0017582
-0.00194147
-0.00212791
-0.00231623
-0.0025049
-0.00269212
-0.00287582
-0.0030537
-0.0032232
-0.00338157
-0.00352591
-0.00365318
-0.00376033
-0.00384434
-0.00390231
-0.00393162
-0.00392997
-0.00389558
-0.00382724
-0.00372448
-0.00358765
-0.00341802
-0.00321788
-0.00299054
-0.00274034
-0.00247265
-0.00219373
-0.00191066
-0.00163117
-0.00136337
-0.00111552
-0.000895761
-0.000711811
-0.000570647
-0.000478227
-0.000439228
-0.000456832
-0.000532565
-0.000666222
-0.000855857
-0.00109785
-0.00138701
-0.00171682
-0.00208092
-0.00246936
-0.00287476
-0.00328847
-0.00370216
-0.0041081
-0.00449932
-0.00486971
-0.00521412
-0.00552837
-0.00580922
-0.00605427
-0.00626185
-0.00643094
-0.00656113
-0.00665267
-0.00670669
-0.00672595
-0.00671553
-0.00668065
-0.0066276
-3.96676e-06
9.7884e-06
-3.4109e-06
-3.9427e-05
-9.41841e-05
-0.000165803
-0.00025236
-0.000351931
-0.000462879
-0.000583848
-0.000713811
-0.000851964
-0.000997669
-0.00115039
-0.00130962
-0.00147481
-0.00164532
-0.00182036
-0.00199898
-0.00218
-0.00236203
-0.00254344
-0.00272232
-0.00289654
-0.00306373
-0.00322132
-0.00336655
-0.00349654
-0.00360834
-0.00369902
-0.00376574
-0.00380586
-0.00381708
-0.0037975
-0.00374581
-0.00366135
-0.00354426
-0.00339557
-0.00321727
-0.00301237
-0.00278483
-0.0025398
-0.00228313
-0.00202158
-0.00176255
-0.00151384
-0.00128344
-0.00107924
-0.00090874
-0.000778722
-0.000694997
-0.000662128
-0.000683217
-0.00075975
-0.000891514
-0.0010766
-0.00131146
-0.00159109
-0.00190919
-0.00225872
-0.00263154
-0.00301955
-0.00341458
-0.00380873
-0.00419466
-0.00456581
-0.00491649
-0.00524199
-0.00553858
-0.00580343
-0.00603458
-0.00623078
-0.00639142
-0.00651643
-0.00660627
-0.00666197
-0.0066857
-0.00668076
-0.00664593
-0.00657813
3.64497e-05
4.65395e-05
3.06023e-05
-6.56366e-06
-6.06805e-05
-0.000129884
-0.000212555
-0.000306966
-0.000411831
-0.000526083
-0.000648911
-0.000779701
-0.000917971
-0.00106332
-0.00121536
-0.00137366
-0.00153769
-0.0017068
-0.00188015
-0.00205673
-0.00223527
-0.0024143
-0.00259205
-0.00276655
-0.00293553
-0.00309654
-0.00324689
-0.00338375
-0.00350417
-0.00360518
-0.00368388
-0.0037375
-0.00376357
-0.00376
-0.00372523
-0.00365836
-0.00355925
-0.00342864
-0.00326826
-0.00308083
-0.00287005
-0.00264083
-0.00239885
-0.00215072
-0.00190369
-0.00166551
-0.00144411
-0.00124739
-0.00108286
-0.000957366
-0.000876773
-0.000845714
-0.000867359
-0.000943249
-0.00107321
-0.00125535
-0.00148614
-0.00176054
-0.00207229
-0.00241415
-0.0027782
-0.00315634
-0.00354035
-0.0039225
-0.00429563
-0.00465339
-0.00499037
-0.0053022
-0.00558553
-0.00583794
-0.00605788
-0.00624451
-0.00639758
-0.00651726
-0.00660404
-0.00665861
-0.00668239
-0.0066771
-0.00663668
-0.00655168
0.000104719
0.000105623
8.38453e-05
4.34658e-05
-1.18772e-05
-8.04033e-05
-0.000160656
-0.000251314
-0.000351371
-0.000460064
-0.00057685
-0.00070135
-0.000833296
-0.000972473
-0.00111866
-0.0012716
-0.00143092
-0.00159613
-0.00176656
-0.00194135
-0.0021194
-0.00229938
-0.00247966
-0.00265837
-0.00283336
-0.00300218
-0.00316217
-0.00331046
-0.00344401
-0.00355971
-0.00365447
-0.0037253
-0.00376945
-0.00378454
-0.00376869
-0.00372067
-0.00364001
-0.00352715
-0.00338351
-0.00321158
-0.00301483
-0.00279797
-0.0025666
-0.00232724
-0.00208716
-0.00185413
-0.00163622
-0.00144143
-0.00127746
-0.00115136
-0.00106919
-0.00103579
-0.00105452
-0.00112707
-0.00125337
-0.0014316
-0.00165822
-0.00192817
-0.00223509
-0.00257164
-0.00292979
-0.00330126
-0.00367783
-0.00405167
-0.00441563
-0.00476347
-0.00508994
-0.00539093
-0.00566338
-0.00590525
-0.00611539
-0.00629335
-0.00643922
-0.00655342
-0.00663646
-0.00668879
-0.00671122
-0.00670432
-0.0066589
-0.00656167
0.000198087
0.000185062
0.000154473
0.000108883
5.05932e-05
-1.88026e-05
-9.80851e-05
-0.000186325
-0.000282865
-0.000387282
-0.000499338
-0.000618937
-0.000746061
-0.00088073
-0.00102294
-0.00117264
-0.00132966
-0.00149371
-0.00166431
-0.00184077
-0.00202217
-0.0022073
-0.00239466
-0.00258245
-0.00276854
-0.00295048
-0.00312552
-0.00329065
-0.00344265
-0.00357817
-0.0036938
-0.00378623
-0.00385235
-0.00388939
-0.00389507
-0.00386778
-0.00380667
-0.00371184
-0.00358442
-0.0034267
-0.00324186
-0.00303455
-0.00281027
-0.00257557
-0.00233778
-0.00210482
-0.00188494
-0.00168642
-0.00151725
-0.00138479
-0.00129545
-0.00125442
-0.00126535
-0.00133021
-0.00144915
-0.00162049
-0.00184077
-0.00210491
-0.00240647
-0.00273794
-0.00309112
-0.0034575
-0.00382866
-0.0041966
-0.00455404
-0.00489469
-0.00521335
-0.00550603
-0.0057699
-0.0060032
-0.00620513
-0.00637561
-0.00651504
-0.00662411
-0.00670342
-0.00675329
-0.0067742
-0.006766
-0.00671789
-0.00661473
0.000312813
0.000281912
0.000239933
0.000187419
0.000124658
5.30179e-05
-2.66081e-05
-0.000113727
-0.000208093
-0.000309661
-0.000418544
-0.000534963
-0.000659195
-0.000791529
-0.000932223
-0.00108146
-0.00123933
-0.00140575
-0.00158045
-0.00176295
-0.00195246
-0.00214793
-0.00234792
-0.00255065
-0.00275397
-0.00295533
-0.0031518
-0.00334014
-0.00351683
-0.00367816
-0.00382034
-0.0039396
-0.00403238
-0.00409544
-0.00412605
-0.00412215
-0.00408248
-0.00400675
-0.00389585
-0.00375194
-0.00357754
-0.00337759
-0.00315747
-0.00292375
-0.00268387
-0.00244597
-0.00221856
-0.00201026
-0.00182946
-0.00168397
-0.00158068
-0.00152523
-0.00152177
-0.00157267
-0.00167846
-0.00183772
-0.00204717
-0.00230182
-0.00259518
-0.00291963
-0.00326675
-0.00362777
-0.00399397
-0.00435707
-0.00470953
-0.00504494
-0.0053579
-0.00564448
-0.00590194
-0.0061287
-0.00632424
-0.00648875
-0.00662296
-0.00672779
-0.00680403
-0.00685202
-0.00687209
-0.00686377
-0.0068158
-0.0067127
0.000444448
0.0003926
0.000337487
0.000276189
0.000207627
0.000132576
5.14501e-05
-3.57746e-05
-0.000129331
-0.000229605
-0.000337096
-0.000452382
-0.000576067
-0.000708745
-0.000850968
-0.0010032
-0.0011658
-0.00133893
-0.00152255
-0.00171636
-0.00191975
-0.00213173
-0.00235092
-0.00257551
-0.00280323
-0.00303133
-0.00325663
-0.00347555
-0.00368416
-0.0038783
-0.00405365
-0.00420595
-0.00433107
-0.00442523
-0.0044852
-0.00450841
-0.00449315
-0.00443872
-0.00434575
-0.00421649
-0.00405173
-0.00385775
-0.00363957
-0.0034037
-0.00315773
-0.00290999
-0.00266932
-0.00244474
-0.00224514
-0.00207888
-0.00195346
-0.00187517
-0.00184878
-0.00187728
-0.00196174
-0.00210122
-0.00229279
-0.00253167
-0.00281146
-0.00312448
-0.00346215
-0.00381542
-0.00417525
-0.00453296
-0.0048807
-0.00521166
-0.0055203
-0.00580248
-0.00605543
-0.00627764
-0.0064687
-0.00662906
-0.00675966
-0.00686169
-0.00693613
-0.00698347
-0.00700404
-0.00699733
-0.00695242
-0.00685453
0.000588077
0.000512671
0.000442359
0.000371485
0.000296187
0.000216762
0.000133106
4.45788e-05
-4.96005e-05
-0.000150298
-0.000258448
-0.000375012
-0.000500954
-0.00063721
-0.000784653
-0.000944061
-0.00111607
-0.00130112
-0.00149941
-0.00171081
-0.00193483
-0.00217057
-0.00241661
-0.00267105
-0.00293141
-0.00319467
-0.00345728
-0.00371521
-0.00396404
-0.00419903
-0.00441528
-0.00460791
-0.00477217
-0.00490369
-0.00499861
-0.00505384
-0.00506717
-0.00503747
-0.00496476
-0.00485032
-0.00469705
-0.0045089
-0.00429123
-0.00405067
-0.00379489
-0.00353247
-0.00327257
-0.00302468
-0.00279823
-0.00260225
-0.00244501
-0.00233359
-0.00227361
-0.0022689
-0.00232132
-0.00243062
-0.00259445
-0.00280848
-0.00306656
-0.00336111
-0.00368346
-0.00402433
-0.00437434
-0.0047244
-0.00506618
-0.00539243
-0.00569724
-0.00597614
-0.00622615
-0.00644567
-0.00663429
-0.00679254
-0.00692154
-0.00702266
-0.00709709
-0.00714551
-0.00716838
-0.00716526
-0.00712615
-0.00703764
0.000738358
0.0006373
0.000550598
0.000469202
0.000386385
0.000301784
0.000214639
0.000123594
2.72414e-05
-7.58136e-05
-0.000186975
-0.000307632
-0.000439137
-0.000582792
-0.000739824
-0.000911342
-0.00109829
-0.00130138
-0.00152103
-0.0017573
-0.00200979
-0.00227759
-0.00255923
-0.0028526
-0.00315495
-0.00346289
-0.00377239
-0.00407888
-0.00437734
-0.00466238
-0.00492843
-0.00516989
-0.00538135
-0.00555773
-0.00569454
-0.00578804
-0.00583547
-0.00583519
-0.00578655
-0.00568986
-0.00554969
-0.00536793
-0.00515012
-0.00490289
-0.00463398
-0.00435213
-0.00406684
-0.00378806
-0.00352586
-0.00329003
-0.00308972
-0.00293302
-0.00282661
-0.00277541
-0.00278236
-0.00284822
-0.0029715
-0.00314858
-0.00337385
-0.00364
-0.00393844
-0.00425979
-0.00459431
-0.0049325
-0.00526548
-0.00558544
-0.00588592
-0.00616196
-0.00641017
-0.00662867
-0.00681688
-0.00697526
-0.00710496
-0.00720746
-0.0072841
-0.00733574
-0.00736298
-0.00736553
-0.00733465
-0.00725866
0.000889396
0.000761025
0.000656997
0.000564456
0.000473554
0.000383093
0.000291526
0.000196681
9.64544e-05
-1.1139e-05
-0.00012801
-0.000256003
-0.000396893
-0.000552378
-0.000724057
-0.000913391
-0.00112164
-0.00134979
-0.00159848
-0.00186789
-0.0021577
-0.00246695
-0.00279399
-0.00313646
-0.00349125
-0.00385446
-0.00422154
-0.00458728
-0.00494594
-0.00529142
-0.00561739
-0.00591748
-0.00618549
-0.00641562
-0.00660264
-0.00674209
-0.00683054
-0.00686571
-0.00684646
-0.00677293
-0.00664773
-0.00647378
-0.00625606
-0.00600092
-0.00571606
-0.00541031
-0.00509347
-0.00477593
-0.00446843
-0.0041816
-0.00392561
-0.00370974
-0.00354196
-0.0034286
-0.00337396
-0.00338015
-0.00344696
-0.00357181
-0.00374993
-0.00397461
-0.00423757
-0.00452945
-0.00484031
-0.00516019
-0.00547965
-0.0057902
-0.00608464
-0.00635735
-0.00660432
-0.00682315
-0.00701287
-0.00717368
-0.00730659
-0.00741303
-0.0074944
-0.00755167
-0.00758554
-0.00759585
-0.00757527
-0.00751404
0.00103471
0.000877766
0.000755765
0.000651707
0.000552307
0.000455369
0.000358428
0.000258392
0.000152392
3.78044e-05
-8.78328e-05
-0.000226853
-0.00038148
-0.000553831
-0.000745899
-0.000959507
-0.00119624
-0.00145734
-0.00174365
-0.00205545
-0.00239242
-0.00275347
-0.00313675
-0.00353952
-0.00395821
-0.00438838
-0.00482481
-0.00526157
-0.00569216
-0.00610966
-0.0065069
-0.00687667
-0.00721194
-0.00750607
-0.00775299
-0.00794746
-0.00808527
-0.00816334
-0.00817992
-0.00813464
-0.00802902
-0.0078658
-0.0076495
-0.00738616
-0.00708329
-0.00674975
-0.00639551
-0.0060314
-0.00566878
-0.0053192
-0.00499395
-0.00470365
-0.0044578
-0.00426441
-0.00412952
-0.00405699
-0.00404827
-0.00410229
-0.00421555
-0.0043823
-0.00459489
-0.00484425
-0.00512039
-0.00541298
-0.00571199
-0.00600814
-0.00629337
-0.00656116
-0.00680663
-0.00702661
-0.00721949
-0.00738495
-0.00752364
-0.00763675
-0.00772556
-0.00779106
-0.00783392
-0.00785406
-0.00784554
-0.00780057
0.00116725
0.00098088
0.000840535
0.000724769
0.00061656
0.00051254
0.000409203
0.00030244
0.000188542
6.42015e-05
-7.36344e-05
-0.000227819
-0.000401053
-0.000595895
-0.000814747
-0.0010598
-0.00133296
-0.00163573
-0.00196909
-0.0023334
-0.00272826
-0.0031524
-0.00360365
-0.00407886
-0.00457388
-0.00508363
-0.00560217
-0.00612275
-0.00663804
-0.00714022
-0.00762121
-0.00807289
-0.00848731
-0.00885689
-0.00917465
-0.00943447
-0.00963123
-0.00976098
-0.00982116
-0.00981067
-0.00973015
-0.00958176
-0.00936941
-0.00909869
-0.00877682
-0.0084125
-0.00801579
-0.00759786
-0.00717064
-0.00674657
-0.00633811
-0.00595735
-0.00561554
-0.00532259
-0.00508668
-0.00491383
-0.00480761
-0.00476897
-0.00479619
-0.00488498
-0.00502877
-0.00521912
-0.00544623
-0.0056996
-0.00596862
-0.00624319
-0.00651422
-0.00677405
-0.0070167
-0.00723791
-0.00743512
-0.00760721
-0.00775417
-0.0078767
-0.00797577
-0.00805216
-0.00810642
-0.00813838
-0.00814342
-0.00811562
0.00127944
0.00106318
0.000904377
0.000776851
0.000659577
0.000547843
0.000436979
0.000321768
0.000197602
6.04354e-05
-9.34059e-05
-0.000267328
-0.000464531
-0.000688037
-0.000940669
-0.00122499
-0.00154322
-0.00189708
-0.00228768
-0.00271537
-0.00317962
-0.00367892
-0.00421068
-0.00477123
-0.0053558
-0.00595858
-0.0065728
-0.00719086
-0.00780446
-0.00840485
-0.00898296
-0.00952967
-0.010036
-0.0104934
-0.0108939
-0.0112303
-0.0114965
-0.0116877
-0.0118003
-0.0118323
-0.0117834
-0.0116551
-0.0114505
-0.0111745
-0.0108339
-0.0104372
-0.00999423
-0.0095164
-0.00901613
-0.00850663
-0.00800152
-0.0075144
-0.00705837
-0.00664552
-0.00628643
-0.00598971
-0.00576157
-0.00560553
-0.00552225
-0.0055095
-0.00556234
-0.00567346
-0.00583369
-0.00603256
-0.00625906
-0.00650223
-0.00675185
-0.00699892
-0.00723603
-0.00745754
-0.00765955
-0.00783978
-0.00799723
-0.00813184
-0.00824394
-0.00833392
-0.00840195
-0.00844768
-0.00846758
-0.00845748
0.00136318
0.00111699
0.000939868
0.00080064
0.000674058
0.000553913
0.000434251
0.000308667
0.000171599
1.82252e-05
-0.000155787
-0.000354423
-0.000581407
-0.000840238
-0.00113417
-0.00146615
-0.00183867
-0.00225365
-0.00271228
-0.00321483
-0.0037606
-0.0043477
-0.00497309
-0.00563249
-0.00632041
-0.00703022
-0.00775426
-0.00848396
-0.00921003
-0.00992267
-0.0106117
-0.011267
-0.0118785
-0.0124365
-0.012932
-0.0133567
-0.0137034
-0.0139663
-0.0141407
-0.0142236
-0.0142138
-0.0141118
-0.0139198
-0.013642
-0.0132846
-0.0128555
-0.0123644
-0.0118225
-0.0112425
-0.0106384
-0.0100247
-0.00941659
-0.00882891
-0.00827608
-0.00777136
-0.00732628
-0.00695019
-0.00664976
-0.00642868
-0.0062875
-0.00622362
-0.00623151
-0.00630314
-0.00642855
-0.00659654
-0.00679543
-0.00701381
-0.00724113
-0.00746826
-0.00768778
-0.00789409
-0.0080833
-0.00825306
-0.00840211
-0.00852988
-0.00863605
-0.00872021
-0.00878156
-0.00881751
-0.00882542
0.00141001
0.0011343
0.000939212
0.000788418
0.000652269
0.000522917
0.000393022
0.000254928
0.000102067
-7.11907e-05
-0.000269866
-0.000498547
-0.000761505
-0.00106273
-0.00140593
-0.00179438
-0.00223086
-0.00271744
-0.00325531
-0.00384463
-0.00448441
-0.00517236
-0.00590484
-0.0066769
-0.00748223
-0.0083133
-0.00916147
-0.0100171
-0.0108699
-0.0117088
-0.0125226
-0.0132999
-0.0140296
-0.0147008
-0.0153032
-0.0158277
-0.0162657
-0.0166104
-0.0168561
-0.0169986
-0.0170358
-0.016967
-0.0167936
-0.016519
-0.0161483
-0.0156888
-0.0151497
-0.014542
-0.0138785
-0.0131733
-0.0124419
-0.0117005
-0.0109659
-0.0102548
-0.00958312
-0.00896562
-0.00841517
-0.00794216
-0.00755403
-0.00725485
-0.0070452
-0.00692216
-0.00687958
-0.00690861
-0.00699833
-0.00713658
-0.00731077
-0.00750872
-0.00771928
-0.00793287
-0.00814169
-0.00833983
-0.00852305
-0.00868851
-0.00883433
-0.00895913
-0.00906166
-0.00914047
-0.00919361
-0.00921979
0.00141126
0.00110687
0.000894382
0.000732208
0.000586192
0.00044672
0.000304986
0.00015203
-1.9752e-05
-0.000216829
-0.000444934
-0.000709282
-0.00101471
-0.00136571
-0.00176642
-0.00222047
-0.00273086
-0.00329976
-0.00392833
-0.00461651
-0.00536296
-0.00616485
-0.00701793
-0.0079164
-0.00885309
-0.00981945
-0.0108058
-0.0118013
-0.0127944
-0.013773
-0.0147245
-0.0156365
-0.0164965
-0.0172923
-0.0180128
-0.0186474
-0.0191867
-0.0196226
-0.0199484
-0.0201589
-0.0202507
-0.0202225
-0.0200745
-0.0198088
-0.01943
-0.0189442
-0.0183601
-0.0176879
-0.0169402
-0.0161311
-0.0152766
-0.0143937
-0.0135006
-0.0126162
-0.011759
-0.0109472
-0.0101972
-0.00952381
-0.0089387
-0.00845034
-0.00806339
-0.00777852
-0.00759241
-0.00749816
-0.00748581
-0.00754316
-0.0076567
-0.00781257
-0.00799738
-0.008199
-0.00840697
-0.00861278
-0.00880979
-0.00899306
-0.00915892
-0.00930457
-0.00942761
-0.00952565
-0.00959716
-0.00964203
0.00135818
0.00102641
0.00079729
0.000623957
0.000467712
0.000317083
0.000161735
-8.62602e-06
-0.000202663
-0.000427706
-0.000690218
-0.000996062
-0.00135065
-0.00175899
-0.00222563
-0.00275453
-0.00334887
-0.00401087
-0.00474155
-0.0055406
-0.00640619
-0.00733491
-0.0083217
-0.00935991
-0.0104413
-0.0115563
-0.0126938
-0.013842
-0.014988
-0.0161183
-0.0172192
-0.0182767
-0.0192773
-0.0202076
-0.0210553
-0.0218087
-0.0224575
-0.0229923
-0.0234057
-0.0236915
-0.0238454
-0.0238646
-0.0237487
-0.0234989
-0.0231183
-0.0226124
-0.0219887
-0.0212566
-0.0204279
-0.0195165
-0.0185381
-0.0175103
-0.0164524
-0.0153846
-0.0143281
-0.013304
-0.0123328
-0.0114333
-0.0106225
-0.00991369
-0.0093167
-0.00883681
-0.00847473
-0.00822657
-0.00808429
-0.0080364
-0.00806892
-0.00816645
-0.00831329
-0.00849441
-0.00869619
-0.00890694
-0.00911699
-0.00931871
-0.00950613
-0.00967458
-0.00982011
-0.00993913
-0.0100303
-0.0100945
0.00124219
0.00088478
0.000639979
0.000455727
0.000288824
0.000125877
-4.5007e-05
-0.000235475
-0.000455258
-0.000712558
-0.00101459
-0.00136786
-0.00177838
-0.00225166
-0.00279265
-0.00340558
-0.00409378
-0.00485944
-0.00570338
-0.0066249
-0.00762162
-0.00868939
-0.00982227
-0.0110126
-0.012251
-0.0135265
-0.014827
-0.0161391
-0.0174485
-0.0187404
-0.0199998
-0.0212113
-0.0223603
-0.0234323
-0.0244137
-0.0252921
-0.026056
-0.0266954
-0.0272019
-0.0275685
-0.0277901
-0.0278631
-0.027786
-0.0275589
-0.0271841
-0.0266658
-0.0260103
-0.0252259
-0.0243235
-0.0233159
-0.0222183
-0.0210482
-0.0198252
-0.0185706
-0.0173072
-0.016059
-0.0148499
-0.0137034
-0.0126413
-0.0116828
-0.0108436
-0.0101347
-0.00956218
-0.00912644
-0.00882263
-0.00864105
-0.00856801
-0.00858705
-0.00868021
-0.00882935
-0.00901725
-0.00922838
-0.00944941
-0.00966931
-0.0098792
-0.010072
-0.0102419
-0.0103836
-0.0104959
-0.0105804
0.00105508
0.000674201
0.000414841
0.000219919
4.1866e-05
-0.000134661
-0.000323125
-0.000536516
-0.000785633
-0.00107955
-0.00142624
-0.00183288
-0.00230605
-0.00285174
-0.00347529
-0.00418118
-0.00497279
-0.0058522
-0.00681994
-0.00787482
-0.00901377
-0.0102318
-0.0115219
-0.0128752
-0.0142812
-0.0157274
-0.0172004
-0.0186851
-0.0201659
-0.0216266
-0.0230507
-0.0244218
-0.0257237
-0.0269412
-0.0280597
-0.0290658
-0.0299476
-0.0306943
-0.0312968
-0.0317476
-0.0320408
-0.0321723
-0.0321396
-0.0319421
-0.0315808
-0.0310589
-0.0303813
-0.029555
-0.0285896
-0.0274964
-0.0262897
-0.0249861
-0.0236047
-0.0221671
-0.0206972
-0.0192208
-0.0177648
-0.0163568
-0.0150237
-0.0137906
-0.0126798
-0.0117091
-0.0108912
-0.0102323
-0.0097324
-0.00938491
-0.00917765
-0.00909388
-0.00911378
-0.0092161
-0.00937962
-0.00958443
-0.00981276
-0.0100495
-0.010282
-0.0105004
-0.0106962
-0.0108623
-0.0109973
-0.0111036
0.000789258
0.000387478
0.000114839
-9.04959e-05
-0.000280246
-0.000471692
-0.000679858
-0.000919046
-0.00120111
-0.00153599
-0.00193241
-0.0023982
-0.00294052
-0.00356583
-0.00427979
-0.00508705
-0.005991
-0.00699351
-0.0080947
-0.00929275
-0.0105838
-0.0119617
-0.0134185
-0.0149439
-0.0165259
-0.0181505
-0.0198027
-0.0214659
-0.0231231
-0.0247563
-0.0263479
-0.0278801
-0.0293359
-0.0306991
-0.0319543
-0.0330876
-0.0340865
-0.03494
-0.0356384
-0.0361741
-0.0365406
-0.0367334
-0.0367493
-0.0365871
-0.0362468
-0.0357303
-0.0350414
-0.0341857
-0.0331708
-0.0320066
-0.0307058
-0.0292832
-0.027757
-0.0261482
-0.0244805
-0.0227807
-0.0210778
-0.0194027
-0.0177868
-0.0162611
-0.0148547
-0.013593
-0.0124965
-0.0115789
-0.0108465
-0.010298
-0.00992407
-0.00970903
-0.00963201
-0.00966891
-0.00979438
-0.00998361
-0.0102137
-0.0104644
-0.010719
-0.0109635
-0.0111866
-0.0113789
-0.0115384
-0.0116683
0.000437948
1.82177e-05
-0.000266276
-0.000481752
-0.000683776
-0.000891527
-0.00112154
-0.0013894
-0.00170797
-0.00208804
-0.00253907
-0.00306954
-0.00368716
-0.00439881
-0.00521042
-0.00612676
-0.00715112
-0.00828504
-0.00952811
-0.0108777
-0.012329
-0.0138749
-0.0155057
-0.0172098
-0.0189735
-0.0207814
-0.0226165
-0.0244607
-0.0262954
-0.0281012
-0.0298592
-0.0315505
-0.0331572
-0.0346623
-0.0360501
-0.0373063
-0.0384182
-0.0393745
-0.0401658
-0.0407841
-0.041223
-0.0414776
-0.0415446
-0.0414219
-0.041109
-0.0406067
-0.0399176
-0.0390456
-0.0379967
-0.0367789
-0.0354026
-0.0338808
-0.0322297
-0.0304686
-0.0286202
-0.0267112
-0.0247714
-0.0228336
-0.0209331
-0.0191059
-0.0173878
-0.0158123
-0.0144083
-0.0131985
-0.0121977
-0.0114113
-0.0108353
-0.0104567
-0.010255
-0.0102039
-0.0102741
-0.0104356
-0.0106596
-0.0109201
-0.0111949
-0.0114657
-0.0117173
-0.0119373
-0.0121233
-0.0122792
-4.55741e-06
-0.000438947
-0.000733741
-0.000959066
-0.00117395
-0.00139939
-0.00165338
-0.00195269
-0.00231118
-0.00274045
-0.00325067
-0.00385094
-0.00454947
-0.00535354
-0.00626928
-0.00730147
-0.00845318
-0.00972553
-0.0111174
-0.0126253
-0.0142431
-0.0159624
-0.0177721
-0.0196589
-0.0216072
-0.0235999
-0.0256182
-0.0276424
-0.0296521
-0.0316268
-0.0335461
-0.0353905
-0.0371413
-0.0387809
-0.0402936
-0.0416649
-0.0428822
-0.0439345
-0.0448126
-0.0455087
-0.0460165
-0.0463311
-0.0464495
-0.0463689
-0.0460883
-0.0456078
-0.0449287
-0.0440536
-0.0429867
-0.041734
-0.0403034
-0.0387057
-0.0369542
-0.0350659
-0.0330616
-0.0309662
-0.0288092
-0.026624
-0.024448
-0.0223215
-0.0202859
-0.0183824
-0.0166491
-0.0151186
-0.0138156
-0.0127549
-0.0119399
-0.0113626
-0.0110046
-0.010839
-0.010833
-0.0109513
-0.0111588
-0.0114229
-0.0117151
-0.0120113
-0.0122921
-0.0125416
-0.0127562
-0.0129407
-0.000542701
-0.00098817
-0.00129159
-0.00152643
-0.00175474
-0.00199922
-0.00227921
-0.00261261
-0.00301419
-0.00349634
-0.00406989
-0.00474454
-0.00552895
-0.00643069
-0.00745606
-0.00860971
-0.0098944
-0.0113106
-0.0128565
-0.0145273
-0.0163157
-0.0182117
-0.0202024
-0.0222728
-0.0244053
-0.0265811
-0.0287793
-0.0309787
-0.0331574
-0.0352934
-0.0373656
-0.0393535
-0.041238
-0.0430016
-0.0446282
-0.0461039
-0.0474164
-0.0485551
-0.0495114
-0.050278
-0.0508491
-0.0512203
-0.0513879
-0.0513498
-0.0511046
-0.0506518
-0.0499916
-0.0491255
-0.0480559
-0.0467869
-0.0453239
-0.043675
-0.0418506
-0.0398645
-0.0377346
-0.0354832
-0.0331375
-0.0307302
-0.0282993
-0.0258872
-0.0235401
-0.0213056
-0.0192307
-0.0173585
-0.015725
-0.0143561
-0.0132654
-0.0124526
-0.0119038
-0.0115933
-0.0114863
-0.0115426
-0.0117204
-0.0119798
-0.0122848
-0.0126051
-0.0129154
-0.0131957
-0.0134412
-0.0136575
-0.00117948
-0.00163221
-0.00194247
-0.00218646
-0.0024287
-0.00269345
-0.00300131
-0.00337121
-0.00381875
-0.00435703
-0.00499752
-0.00575044
-0.00662486
-0.00762858
-0.00876791
-0.0100473
-0.0114691
-0.0130329
-0.0147359
-0.0165722
-0.0185328
-0.0206059
-0.022777
-0.0250289
-0.0273422
-0.0296959
-0.0320675
-0.0344339
-0.036772
-0.0390587
-0.0412719
-0.0433907
-0.0453959
-0.04727
-0.0489974
-0.0505645
-0.0519598
-0.0531734
-0.0541975
-0.0550255
-0.0556523
-0.0560741
-0.0562876
-0.0562907
-0.0560821
-0.0556607
-0.0550263
-0.0541793
-0.0531207
-0.0518526
-0.0503782
-0.0487028
-0.0468337
-0.0447812
-0.0425594
-0.040187
-0.0376881
-0.0350928
-0.0324375
-0.0297653
-0.0271247
-0.0245686
-0.0221515
-0.0199267
-0.0179422
-0.0162369
-0.0148365
-0.0137515
-0.0129757
-0.012487
-0.0122506
-0.0122224
-0.0123543
-0.0125982
-0.0129099
-0.0132515
-0.0135911
-0.0139035
-0.0141823
-0.0144337
-0.00191632
-0.00237231
-0.00268754
-0.00294022
-0.0031968
-0.00348292
-0.00382031
-0.00422879
-0.00472473
-0.00532188
-0.00603227
-0.00686659
-0.00783421
-0.00894308
-0.0101994
-0.0116074
-0.0131686
-0.0148819
-0.0167432
-0.018745
-0.0208769
-0.0231251
-0.025473
-0.0279014
-0.0303888
-0.0329123
-0.0354475
-0.03797
-0.040455
-0.0428789
-0.0452189
-0.0474538
-0.0495646
-0.051534
-0.0533472
-0.0549914
-0.0564558
-0.0577317
-0.058812
-0.0596913
-0.0603652
-0.0608305
-0.0610847
-0.0611261
-0.0609532
-0.0605652
-0.0599612
-0.059141
-0.0581044
-0.0568519
-0.0553848
-0.0537057
-0.0518187
-0.0497307
-0.0474516
-0.0449959
-0.0423833
-0.03964
-0.0367992
-0.0339023
-0.030998
-0.0281421
-0.025395
-0.0228189
-0.0204735
-0.0184113
-0.0166727
-0.0152813
-0.0142421
-0.0135401
-0.0131428
-0.0130044
-0.0130708
-0.0132858
-0.0135963
-0.0139554
-0.0143234
-0.0146688
-0.0149831
-0.0152732
-0.00275297
-0.00320809
-0.00352632
-0.00378717
-0.00405834
-0.00436673
-0.00473502
-0.0051838
-0.0057301
-0.00638825
-0.00717077
-0.0080887
-0.00915168
-0.0103677
-0.0117427
-0.0132804
-0.0149817
-0.0168444
-0.0188629
-0.0210282
-0.023328
-0.0257464
-0.0282649
-0.030862
-0.0335142
-0.0361965
-0.0388831
-0.041548
-0.0441655
-0.0467111
-0.0491618
-0.0514966
-0.0536966
-0.0557454
-0.0576288
-0.059335
-0.0608545
-0.0621796
-0.0633043
-0.0642242
-0.064936
-0.0654372
-0.065726
-0.0658013
-0.065662
-0.0653071
-0.064736
-0.0639476
-0.0629412
-0.0617159
-0.0602714
-0.058608
-0.0567271
-0.0546319
-0.0523286
-0.0498268
-0.0471413
-0.0442931
-0.0413111
-0.0382325
-0.0351041
-0.0319819
-0.0289296
-0.0260163
-0.0233122
-0.0208834
-0.0187858
-0.0170592
-0.0157224
-0.0147716
-0.0141801
-0.0139026
-0.0138809
-0.0140511
-0.0143501
-0.0147213
-0.0151159
-0.0154948
-0.0158468
-0.0161792
-0.00368741
-0.00413747
-0.00445668
-0.00472504
-0.00501093
-0.00534223
-0.00574244
-0.0062328
-0.00683089
-0.00755149
-0.00840754
-0.00941037
-0.0105697
-0.0118935
-0.0133875
-0.0150546
-0.0168947
-0.0189046
-0.0210771
-0.0234015
-0.0258634
-0.028445
-0.0311253
-0.0338808
-0.0366861
-0.0395143
-0.042338
-0.04513
-0.0478638
-0.0505146
-0.0530592
-0.0554769
-0.0577496
-0.0598615
-0.0617996
-0.0635533
-0.0651141
-0.0664757
-0.0676333
-0.0685834
-0.0693239
-0.0698531
-0.0701701
-0.0702742
-0.070165
-0.0698417
-0.0693036
-0.0685496
-0.0675784
-0.0663885
-0.0649781
-0.0633458
-0.0614906
-0.0594127
-0.0571144
-0.0546009
-0.0518816
-0.048972
-0.0458948
-0.0426822
-0.0393763
-0.0360307
-0.0327096
-0.0294861
-0.0264387
-0.0236457
-0.0211788
-0.0190953
-0.0174316
-0.0161981
-0.0153783
-0.0149308
-0.0147957
-0.0149021
-0.0151774
-0.0155538
-0.0159721
-0.0163846
-0.0167762
-0.0171545
-0.0047159
-0.00515672
-0.00547481
-0.00574992
-0.00605041
-0.00640498
-0.00683776
-0.00737051
-0.00802118
-0.00880497
-0.00973509
-0.0108231
-0.0120787
-0.0135097
-0.0151212
-0.0169156
-0.0188917
-0.0210448
-0.0233661
-0.0258431
-0.0284592
-0.0311945
-0.0340259
-0.0369277
-0.0398726
-0.042832
-0.0457772
-0.0486799
-0.0515133
-0.0542521
-0.0568737
-0.0593577
-0.0616868
-0.0638463
-0.0658245
-0.0676119
-0.0692014
-0.0705878
-0.0717675
-0.0727383
-0.0734988
-0.0740485
-0.0743872
-0.0745149
-0.0744315
-0.0741369
-0.0736304
-0.0729111
-0.0719776
-0.0708277
-0.069459
-0.0678688
-0.0660542
-0.0640129
-0.061744
-0.0592483
-0.0565305
-0.0535999
-0.050473
-0.0471749
-0.0437419
-0.0402224
-0.036678
-0.0331826
-0.0298198
-0.026678
-0.0238435
-0.0213918
-0.0193785
-0.0178325
-0.0167514
-0.0161021
-0.015826
-0.0158474
-0.0160841
-0.016457
-0.0168951
-0.0173403
-0.0177733
-0.0182011
-0.00583299
-0.00626044
-0.00657528
-0.00685622
-0.00717098
-0.00754886
-0.00801445
-0.00858983
-0.00929326
-0.0101402
-0.0111441
-0.0123164
-0.013667
-0.0152032
-0.0169296
-0.0188476
-0.020955
-0.0232455
-0.0257085
-0.0283297
-0.0310903
-0.0339682
-0.0369382
-0.0399727
-0.0430424
-0.0461174
-0.0491677
-0.0521646
-0.0550806
-0.0578909
-0.060573
-0.0631075
-0.0654779
-0.0676709
-0.0696759
-0.0714847
-0.0730915
-0.0744924
-0.0756849
-0.0766678
-0.0774409
-0.0780043
-0.0783586
-0.0785045
-0.0784425
-0.0781729
-0.0776955
-0.0770095
-0.0761135
-0.0750055
-0.0736824
-0.0721409
-0.0703768
-0.0683861
-0.066165
-0.0637111
-0.0610242
-0.0581082
-0.0549729
-0.0516363
-0.0481268
-0.044486
-0.0407698
-0.0370498
-0.0334109
-0.0299483
-0.0267607
-0.0239406
-0.0215645
-0.0196823
-0.0183101
-0.0174276
-0.0169817
-0.0168945
-0.0170758
-0.0174347
-0.0178873
-0.0183638
-0.0188392
-0.0193199
-0.0070316
-0.00744169
-0.00775112
-0.00803683
-0.00836529
-0.00876614
-0.00926432
-0.00988205
-0.0106378
-0.011547
-0.0126234
-0.0138783
-0.0153214
-0.0169595
-0.0187967
-0.0208333
-0.0230657
-0.0254861
-0.0280823
-0.0308376
-0.0337315
-0.0367395
-0.0398346
-0.042987
-0.0461661
-0.0493407
-0.0524799
-0.0555544
-0.0585369
-0.0614027
-0.0641301
-0.0667007
-0.069099
-0.0713129
-0.0733331
-0.0751528
-0.0767674
-0.0781741
-0.0793716
-0.0803597
-0.0811388
-0.0817101
-0.0820747
-0.0822339
-0.0821889
-0.0819403
-0.0814885
-0.080833
-0.0799728
-0.0789058
-0.0776293
-0.0761393
-0.0744313
-0.0724998
-0.0703392
-0.0679444
-0.0653114
-0.0624392
-0.0593312
-0.0559981
-0.0524601
-0.0487501
-0.0449164
-0.0410247
-0.0371578
-0.0334137
-0.0298997
-0.0267237
-0.0239823
-0.0217485
-0.0200605
-0.0189157
-0.0182711
-0.0180504
-0.0181574
-0.01849
-0.0189504
-0.0194559
-0.0199745
-0.020511
-0.0083032
-0.0086921
-0.00899396
-0.00928322
-0.00962452
-0.0100477
-0.0105777
-0.011237
-0.0120438
-0.0130138
-0.0141605
-0.0154953
-0.0170273
-0.018763
-0.0207055
-0.0228541
-0.0252039
-0.0277455
-0.0304647
-0.033343
-0.0363577
-0.0394825
-0.0426882
-0.0459436
-0.0492166
-0.0524748
-0.055687
-0.0588236
-0.0618574
-0.0647643
-0.0675234
-0.0701173
-0.0725318
-0.074756
-0.0767819
-0.0786039
-0.0802186
-0.0816242
-0.0828206
-0.0838081
-0.0845882
-0.0851625
-0.0855329
-0.0857012
-0.085669
-0.0854375
-0.0850074
-0.0843789
-0.0835513
-0.082523
-0.0812914
-0.0798527
-0.0782022
-0.0763339
-0.0742411
-0.0719166
-0.0693538
-0.0665474
-0.0634954
-0.0602015
-0.0566775
-0.0529472
-0.0490494
-0.0450414
-0.0410002
-0.0370225
-0.0332201
-0.0297127
-0.0266155
-0.0240246
-0.0220032
-0.0205709
-0.0197
-0.0193204
-0.0193329
-0.019625
-0.0200853
-0.0206164
-0.0211781
-0.0217731
-0.00963791
-0.0100021
-0.0102942
-0.0105856
-0.0109386
-0.011383
-0.0119438
-0.0126431
-0.0134993
-0.0145277
-0.0157418
-0.0171526
-0.018769
-0.0205967
-0.0226379
-0.024891
-0.0273495
-0.0300022
-0.0328335
-0.0358226
-0.0389451
-0.0421726
-0.0454743
-0.0488176
-0.0521691
-0.0554958
-0.0587661
-0.0619503
-0.0650217
-0.0679569
-0.0707359
-0.0733423
-0.0757634
-0.0779893
-0.0800133
-0.0818309
-0.0834398
-0.0848393
-0.0860299
-0.0870128
-0.08779
-0.0883637
-0.0887363
-0.08891
-0.0888869
-0.0886687
-0.0882566
-0.0876511
-0.0868522
-0.0858587
-0.0846686
-0.0832786
-0.0816841
-0.0798792
-0.0778567
-0.0756084
-0.0731256
-0.0704
-0.0674251
-0.0641985
-0.0607242
-0.0570167
-0.0531046
-0.0490347
-0.0448753
-0.0407176
-0.0366737
-0.0328704
-0.0294383
-0.0264958
-0.0241323
-0.0223932
-0.0212712
-0.0207077
-0.0206044
-0.0208408
-0.0212916
-0.0218438
-0.0224481
-0.0231039
-0.0110248
-0.0113609
-0.0116412
-0.0119332
-0.0122966
-0.0127608
-0.0133507
-0.0140881
-0.0149911
-0.0160749
-0.0173525
-0.0188349
-0.0205301
-0.0224433
-0.0245758
-0.0269247
-0.029482
-0.0322352
-0.0351666
-0.0382539
-0.0414706
-0.0447867
-0.04817
-0.0515865
-0.055002
-0.058383
-0.0616976
-0.0649165
-0.0680135
-0.070966
-0.073755
-0.0763652
-0.0787851
-0.0810061
-0.0830225
-0.084831
-0.08643
-0.0878198
-0.0890014
-0.0899768
-0.0907484
-0.0913189
-0.091691
-0.0918673
-0.0918503
-0.091642
-0.0912441
-0.0906577
-0.0898832
-0.0889201
-0.087767
-0.0864213
-0.084879
-0.0831347
-0.0811813
-0.0790102
-0.0766118
-0.0739755
-0.0710917
-0.0679528
-0.0645561
-0.0609073
-0.0570246
-0.0529434
-0.0487209
-0.0444394
-0.0402066
-0.0361521
-0.0324169
-0.0291393
-0.0264347
-0.0243767
-0.0229834
-0.0222128
-0.0219723
-0.0221367
-0.0225674
-0.0231353
-0.0237808
-0.0244991
-0.012452
-0.0127571
-0.0130234
-0.0133145
-0.0136865
-0.0141687
-0.0147856
-0.0155586
-0.0165054
-0.0176409
-0.0189777
-0.0205262
-0.0222939
-0.0242854
-0.0265008
-0.0289359
-0.0315818
-0.034424
-0.0374433
-0.0406157
-0.043913
-0.0473039
-0.0507547
-0.0542305
-0.0576964
-0.0611186
-0.0644654
-0.0677077
-0.07082
-0.0737806
-0.0765717
-0.0791789
-0.0815919
-0.0838032
-0.0858081
-0.0876041
-0.0891907
-0.0905686
-0.0917394
-0.0927057
-0.0934701
-0.0940357
-0.0944054
-0.0945822
-0.0945687
-0.0943675
-0.0939805
-0.0934092
-0.0926547
-0.0917172
-0.090596
-0.0892893
-0.087794
-0.0861054
-0.084217
-0.0821207
-0.0798063
-0.0772624
-0.074477
-0.0714389
-0.0681398
-0.0645776
-0.0607605
-0.0567125
-0.0524783
-0.0481286
-0.0437627
-0.0395077
-0.0355106
-0.0319249
-0.0288904
-0.0265101
-0.0248307
-0.0238328
-0.0234348
-0.0235102
-0.0239092
-0.0244866
-0.0251712
-0.0259529
-0.0139071
-0.0141786
-0.014429
-0.0147173
-0.015096
-0.015594
-0.0162354
-0.0170411
-0.0180281
-0.0192109
-0.0206018
-0.0222104
-0.0240437
-0.0261053
-0.0283946
-0.0309061
-0.0336295
-0.036549
-0.0396437
-0.0428882
-0.0462529
-0.0497051
-0.0532101
-0.0567322
-0.0602361
-0.063688
-0.0670562
-0.0703123
-0.0734315
-0.076393
-0.0791799
-0.0817792
-0.0841812
-0.0863796
-0.0883706
-0.0901525
-0.0917253
-0.0930903
-0.0942496
-0.095206
-0.0959625
-0.0965222
-0.0968884
-0.0970641
-0.0970524
-0.0968557
-0.0964766
-0.095917
-0.0951784
-0.0942617
-0.0931671
-0.0918936
-0.0904391
-0.0888
-0.0869707
-0.0849439
-0.0827098
-0.0802569
-0.077572
-0.0746412
-0.0714522
-0.0679964
-0.0642733
-0.0602956
-0.0560951
-0.0517293
-0.0472858
-0.0428846
-0.0386733
-0.0348158
-0.0314726
-0.0287755
-0.0268025
-0.0255612
-0.0249868
-0.0249564
-0.0253116
-0.0258913
-0.0266121
-0.0274577
-0.0153774
-0.0156131
-0.0158457
-0.0161293
-0.0165126
-0.0170239
-0.0176869
-0.0185217
-0.0195448
-0.0207702
-0.0222094
-0.0238715
-0.0257629
-0.0278862
-0.0302398
-0.0328174
-0.0356071
-0.0385919
-0.0417496
-0.0450535
-0.0484726
-0.0519733
-0.0555201
-0.0590767
-0.0626076
-0.0660789
-0.0694595
-0.0727215
-0.0758408
-0.0787976
-0.0815759
-0.0841637
-0.0865523
-0.0887361
-0.090712
-0.0924792
-0.094038
-0.0953901
-0.096538
-0.0974846
-0.0982331
-0.0987867
-0.0991488
-0.0993225
-0.099311
-0.099117
-0.0987433
-0.0981921
-0.0974656
-0.0965653
-0.095492
-0.0942458
-0.0928257
-0.0912291
-0.0894519
-0.0874876
-0.0853277
-0.082961
-0.0803741
-0.0775519
-0.074479
-0.071142
-0.067533
-0.0636546
-0.0595261
-0.0551907
-0.0507223
-0.0462298
-0.0418562
-0.0377703
-0.0341486
-0.0311493
-0.0288826
-0.0273872
-0.0266204
-0.0264683
-0.0267672
-0.0273413
-0.0280947
-0.029004
-0.0168498
-0.017048
-0.017261
-0.0175379
-0.0179235
-0.0184454
-0.0191267
-0.0199868
-0.0210415
-0.0223041
-0.0237854
-0.025494
-0.0274354
-0.0296115
-0.0320198
-0.0346526
-0.0374974
-0.0405357
-0.0437443
-0.0470951
-0.0505565
-0.0540937
-0.0576708
-0.0612512
-0.0647993
-0.0682815
-0.0716669
-0.0749284
-0.0780428
-0.0809908
-0.0837576
-0.0863318
-0.0887056
-0.0908743
-0.0928353
-0.094588
-0.0961334
-0.0974734
-0.0986106
-0.0995481
-0.100289
-0.100837
-0.101195
-0.101366
-0.101354
-0.101161
-0.10079
-0.100245
-0.099527
-0.0986388
-0.097582
-0.0963574
-0.0949652
-0.093404
-0.0916712
-0.0897616
-0.087668
-0.0853804
-0.0828859
-0.0801691
-0.077213
-0.0740007
-0.0705185
-0.0667604
-0.062734
-0.0584687
-0.0540231
-0.0494921
-0.0450096
-0.0407435
-0.0368809
-0.0336025
-0.03105
-0.0292957
-0.0283242
-0.0280358
-0.028266
-0.0288263
-0.0296082
-0.03058
-0.0183118
-0.0184711
-0.0186629
-0.0189312
-0.0193164
-0.0198458
-0.0205418
-0.021423
-0.0225043
-0.0237984
-0.0253154
-0.0270631
-0.0290462
-0.0312659
-0.0337187
-0.0363963
-0.0392848
-0.042365
-0.0456126
-0.0489986
-0.0524906
-0.0560534
-0.0596505
-0.0632453
-0.0668022
-0.0702878
-0.073672
-0.0769281
-0.0800336
-0.0829703
-0.0857237
-0.0882836
-0.0906426
-0.0927965
-0.0947432
-0.0964827
-0.0980159
-0.0993451
-0.100473
-0.101402
-0.102137
-0.102679
-0.103033
-0.103201
-0.103188
-0.102995
-0.102626
-0.102084
-0.101372
-0.100492
-0.099447
-0.0982387
-0.0968682
-0.0953356
-0.0936393
-0.0917762
-0.0897404
-0.0875233
-0.0851133
-0.0824956
-0.0796527
-0.0765655
-0.0732162
-0.0695918
-0.0656899
-0.0615265
-0.0571448
-0.0526239
-0.0480848
-0.0436891
-0.0396287
-0.0361018
-0.0332791
-0.0312674
-0.030083
-0.0296461
-0.0297959
-0.0303338
-0.0311395
-0.0321723
-0.0197509
-0.0198705
-0.0200398
-0.0202973
-0.0206796
-0.0212133
-0.02192
-0.0228176
-0.0239204
-0.0252399
-0.0267856
-0.0285647
-0.030581
-0.0328349
-0.0353223
-0.0380339
-0.0409551
-0.0440658
-0.047341
-0.0507511
-0.0542631
-0.0578413
-0.0614491
-0.06505
-0.0686084
-0.0720916
-0.0754697
-0.0787167
-0.0818109
-0.0847346
-0.0874741
-0.0900196
-0.0923645
-0.0945048
-0.0964388
-0.0981666
-0.0996894
-0.101009
-0.102129
-0.103052
-0.103781
-0.104319
-0.104669
-0.104835
-0.10482
-0.104626
-0.104257
-0.103717
-0.103007
-0.102133
-0.101096
-0.0998987
-0.0985442
-0.0970335
-0.0953664
-0.0935413
-0.0915543
-0.0893985
-0.0870639
-0.0845369
-0.0818003
-0.0788344
-0.0756186
-0.0721347
-0.0683719
-0.0643344
-0.0600504
-0.0555824
-0.0510355
-0.0465609
-0.0423491
-0.0386102
-0.0355398
-0.033279
-0.0318784
-0.0312834
-0.0313421
-0.0318493
-0.0326736
-0.0337652
-0.0211555
-0.0212352
-0.0213805
-0.0216253
-0.0220019
-0.0225364
-0.0232497
-0.0241589
-0.0252774
-0.026616
-0.0281835
-0.0299859
-0.0320268
-0.0343056
-0.0368175
-0.0395526
-0.0424956
-0.0456259
-0.0489179
-0.0523415
-0.0558634
-0.0594479
-0.0630582
-0.0666579
-0.0702119
-0.0736877
-0.077056
-0.0802915
-0.0833728
-0.0862829
-0.0890088
-0.0915409
-0.0938729
-0.0960013
-0.0979245
-0.0996427
-0.101157
-0.10247
-0.103584
-0.104501
-0.105226
-0.10576
-0.106108
-0.106271
-0.106254
-0.106059
-0.105689
-0.105148
-0.10444
-0.103568
-0.102535
-0.101345
-0.100001
-0.098506
-0.0968611
-0.0950662
-0.0931191
-0.0910151
-0.088746
-0.0862998
-0.0836606
-0.080809
-0.077723
-0.0743807
-0.0707649
-0.0668697
-0.0627096
-0.0583303
-0.0538198
-0.0493147
-0.0449991
-0.0410887
-0.0377993
-0.0353036
-0.0336886
-0.0329291
-0.0328876
-0.033356
-0.0341935
-0.0353411
-0.0225151
-0.0225544
-0.0226749
-0.0229051
-0.0232732
-0.0238048
-0.0245204
-0.0254361
-0.0265645
-0.0279156
-0.0294973
-0.0313152
-0.0333717
-0.035666
-0.0381924
-0.0409407
-0.0438951
-0.0470345
-0.050333
-0.0537603
-0.057283
-0.0608654
-0.0644708
-0.0680631
-0.0716076
-0.0750722
-0.078428
-0.0816502
-0.0847181
-0.0876148
-0.0903278
-0.0928479
-0.0951691
-0.0972877
-0.0992024
-0.100913
-0.102422
-0.10373
-0.104839
-0.105754
-0.106475
-0.107007
-0.107353
-0.107514
-0.107495
-0.107298
-0.106926
-0.106384
-0.105674
-0.104801
-0.103769
-0.102583
-0.101245
-0.0997602
-0.0981308
-0.0963585
-0.094443
-0.0923814
-0.0901676
-0.0877919
-0.08524
-0.0824934
-0.07953
-0.076326
-0.0728594
-0.069116
-0.0650984
-0.0608364
-0.0564
-0.0519091
-0.0475364
-0.0434973
-0.0400219
-0.0373114
-0.0354886
-0.0345618
-0.0344127
-0.0348349
-0.0356804
-0.0368807
-0.0238192
-0.023819
-0.0239143
-0.0241277
-0.0244844
-0.0250094
-0.0257226
-0.0266395
-0.0277717
-0.0291286
-0.0307171
-0.0325421
-0.0346056
-0.0369058
-0.0394371
-0.0421884
-0.0451439
-0.0482823
-0.0515776
-0.0549994
-0.0585145
-0.0620872
-0.0656813
-0.0692608
-0.0727916
-0.0762418
-0.0795833
-0.0827913
-0.0858457
-0.0887299
-0.0914315
-0.0939415
-0.096254
-0.0983653
-0.100274
-0.10198
-0.103485
-0.10479
-0.105898
-0.10681
-0.107531
-0.108061
-0.108405
-0.108565
-0.108544
-0.108345
-0.107971
-0.107425
-0.106713
-0.105838
-0.104804
-0.103617
-0.102281
-0.100801
-0.0991815
-0.097425
-0.095533
-0.0935048
-0.0913366
-0.0890206
-0.086545
-0.0838928
-0.0810427
-0.0779702
-0.0746501
-0.0710621
-0.0671986
-0.063075
-0.0587439
-0.0543065
-0.0499207
-0.0457961
-0.042171
-0.0392701
-0.0372512
-0.0361577
-0.0358959
-0.0362653
-0.0371133
-0.0383629
-0.0250594
-0.0250207
-0.02509
-0.0252852
-0.0256277
-0.0261422
-0.0268484
-0.0277609
-0.0288907
-0.0302463
-0.031834
-0.0336579
-0.0357194
-0.0380163
-0.0405426
-0.0432872
-0.046234
-0.0493618
-0.0526445
-0.0560522
-0.0595518
-0.063108
-0.0666849
-0.070247
-0.0737605
-0.0771942
-0.0805199
-0.0837135
-0.0867549
-0.0896278
-0.0923198
-0.094822
-0.0971282
-0.099235
-0.101141
-0.102845
-0.104348
-0.105653
-0.10676
-0.107673
-0.108394
-0.108924
-0.109268
-0.109427
-0.109404
-0.109202
-0.108825
-0.108275
-0.107559
-0.106679
-0.105641
-0.10445
-0.103113
-0.101633
-0.100018
-0.0982707
-0.096395
-0.0943918
-0.0922596
-0.089993
-0.0875825
-0.0850133
-0.0822656
-0.0793151
-0.0761352
-0.0727012
-0.0689971
-0.0650263
-0.0608243
-0.0564737
-0.0521148
-0.0479465
-0.0442093
-0.0411461
-0.0389466
-0.037691
-0.0373134
-0.0376245
-0.0384701
-0.0397652
-0.0262284
-0.0261526
-0.0261955
-0.0263708
-0.0266964
-0.0271968
-0.0278912
-0.0287936
-0.0299145
-0.0312617
-0.0328407
-0.0346551
-0.0367057
-0.0389901
-0.041502
-0.0442301
-0.0471586
-0.0502664
-0.0535279
-0.0569134
-0.0603902
-0.0639235
-0.067478
-0.0710187
-0.074512
-0.0779271
-0.0812363
-0.0844156
-0.0874449
-0.0903081
-0.0929927
-0.0954894
-0.0977922
-0.0998971
-0.101802
-0.103507
-0.105012
-0.106319
-0.107428
-0.108343
-0.109065
-0.109597
-0.109941
-0.110099
-0.110075
-0.10987
-0.109489
-0.108935
-0.108213
-0.107327
-0.106282
-0.105085
-0.103742
-0.10226
-0.100644
-0.0989
-0.0970337
-0.0950477
-0.0929425
-0.0907153
-0.0883589
-0.085861
-0.0832038
-0.0803642
-0.0773154
-0.0740298
-0.0704854
-0.0666749
-0.0626191
-0.058382
-0.0540847
-0.0499118
-0.0461001
-0.0429049
-0.0405439
-0.0391337
-0.0386397
-0.0388883
-0.039727
-0.0410638
-0.0273199
-0.0272088
-0.0272256
-0.0273795
-0.0276855
-0.0281678
-0.0288456
-0.0297322
-0.0308376
-0.0321691
-0.0337315
-0.0355279
-0.0375587
-0.0398214
-0.0423093
-0.0450116
-0.0479125
-0.0509914
-0.0542232
-0.0575787
-0.0610259
-0.0645306
-0.0680579
-0.0715735
-0.0750441
-0.0784393
-0.0817315
-0.0848968
-0.0879153
-0.0907705
-0.0934498
-0.0959438
-0.0982459
-0.100352
-0.10226
-0.103968
-0.105477
-0.106788
-0.107902
-0.10882
-0.109546
-0.11008
-0.110425
-0.110583
-0.110557
-0.11035
-0.109965
-0.109405
-0.108676
-0.107782
-0.106729
-0.105524
-0.104172
-0.102682
-0.101061
-0.099316
-0.097453
-0.095477
-0.0933905
-0.0911932
-0.0888802
-0.0864419
-0.0838629
-0.081122
-0.0781931
-0.0750472
-0.071658
-0.0680101
-0.064111
-0.0600072
-0.0558005
-0.0516578
-0.0478078
-0.0445118
-0.0420111
-0.0404567
-0.0398481
-0.0400312
-0.0408588
-0.0422339
-0.0283292
-0.028185
-0.0281759
-0.0283073
-0.0285912
-0.0290518
-0.0297079
-0.0305729
-0.0316561
-0.0329643
-0.034502
-0.0362719
-0.038274
-0.0405056
-0.0429603
-0.0456274
-0.0484916
-0.0515329
-0.0547269
-0.0580451
-0.0614562
-0.0649268
-0.0684226
-0.0719097
-0.0753554
-0.0787294
-0.0820044
-0.0851564
-0.0881654
-0.0910145
-0.093691
-0.0961849
-0.0984893
-0.100599
-0.102512
-0.104227
-0.105743
-0.10706
-0.108181
-0.109105
-0.109836
-0.110373
-0.110721
-0.11088
-0.110853
-0.110643
-0.110253
-0.109687
-0.10895
-0.108047
-0.106983
-0.105767
-0.104404
-0.102904
-0.101273
-0.0995217
-0.0976563
-0.0956835
-0.093608
-0.0914315
-0.0891517
-0.0867616
-0.0842486
-0.0815936
-0.0787719
-0.0757546
-0.0725128
-0.0690246
-0.0652866
-0.0613297
-0.057236
-0.0531538
-0.0492987
-0.045933
-0.0433156
-0.0416301
-0.0409105
-0.0410263
-0.0418396
-0.0432496
-0.0292529
-0.0290781
-0.0290438
-0.0291517
-0.0294113
-0.0298464
-0.0304761
-0.0313134
-0.0323674
-0.0336448
-0.0351496
-0.0368842
-0.0388485
-0.0410398
-0.043452
-0.0460747
-0.0488934
-0.0518886
-0.0550369
-0.0583107
-0.0616795
-0.0651107
-0.0685708
-0.0720262
-0.075445
-0.0787968
-0.0820545
-0.0851939
-0.0881947
-0.0910398
-0.0937159
-0.0962124
-0.0985219
-0.100639
-0.10256
-0.104284
-0.10581
-0.107137
-0.108266
-0.109198
-0.109935
-0.110478
-0.110828
-0.110988
-0.110961
-0.110748
-0.110353
-0.109781
-0.109035
-0.108121
-0.107046
-0.105816
-0.104439
-0.102925
-0.101282
-0.0995196
-0.0976465
-0.0956709
-0.0935991
-0.0914349
-0.0891786
-0.0868258
-0.0843665
-0.0817843
-0.0790564
-0.0761549
-0.0730496
-0.0697141
-0.0661365
-0.0623335
-0.0583692
-0.0543718
-0.0505413
-0.0471353
-0.0444251
-0.042623
-0.0417978
-0.0418461
-0.0426423
-0.0440845
-0.030089
-0.0298865
-0.0298279
-0.0299116
-0.0301447
-0.0305509
-0.0311493
-0.0319529
-0.0329708
-0.0342095
-0.035673
-0.0373634
-0.0392807
-0.0414224
-0.0437827
-0.0463519
-0.0491162
-0.052057
-0.0551519
-0.0583743
-0.0616948
-0.0650816
-0.0685019
-0.0719228
-0.0753126
-0.0786413
-0.0818816
-0.0850092
-0.0880032
-0.0908463
-0.0935243
-0.0960263
-0.0983438
-0.100471
-0.102404
-0.10414
-0.105677
-0.107016
-0.108157
-0.109099
-0.109844
-0.110393
-0.110748
-0.11091
-0.110883
-0.110667
-0.110268
-0.109688
-0.108932
-0.108006
-0.106917
-0.105673
-0.10428
-0.102749
-0.10109
-0.0993124
-0.0974267
-0.0954424
-0.0933675
-0.0912079
-0.0889659
-0.0866398
-0.0842223
-0.0816997
-0.0790517
-0.0762519
-0.07327
-0.0700771
-0.0666543
-0.0630067
-0.0591816
-0.0552877
-0.0515067
-0.0480873
-0.0453077
-0.0434044
-0.0424806
-0.0424619
-0.0432391
-0.0447111
-0.0308367
-0.0306095
-0.0305279
-0.030587
-0.0307918
-0.0311659
-0.0317282
-0.032492
-0.0334667
-0.0346587
-0.0360722
-0.0377093
-0.0395704
-0.0416531
-0.0439521
-0.0464586
-0.0491596
-0.0520378
-0.0550717
-0.058236
-0.0615022
-0.0648396
-0.0682162
-0.0715997
-0.0749587
-0.0782632
-0.081486
-0.0846024
-0.0875911
-0.090434
-0.0931164
-0.0956264
-0.097955
-0.100095
-0.102043
-0.103794
-0.105346
-0.1067
-0.107854
-0.108808
-0.109563
-0.110121
-0.110481
-0.110647
-0.110619
-0.110402
-0.109997
-0.109409
-0.108643
-0.107705
-0.106601
-0.105339
-0.103928
-0.102378
-0.100699
-0.098903
-0.0970003
-0.095002
-0.0929176
-0.090755
-0.0885186
-0.0862091
-0.0838217
-0.0813457
-0.0787633
-0.0760503
-0.0731772
-0.0701138
-0.0668362
-0.0633403
-0.0596584
-0.0558802
-0.0521684
-0.0487591
-0.0459319
-0.0439432
-0.0429284
-0.0428444
-0.0436014
-0.0451017
-0.0314966
-0.0312481
-0.0311449
-0.0311793
-0.0313543
-0.031693
-0.0322147
-0.0329328
-0.033857
-0.0349941
-0.0363487
-0.0379233
-0.0397184
-0.0417325
-0.0439608
-0.0463954
-0.0490244
-0.0518317
-0.0547971
-0.0578965
-0.0611026
-0.0643857
-0.0677147
-0.0710578
-0.074384
-0.0776634
-0.0808685
-0.0839743
-0.086959
-0.0898036
-0.0924927
-0.0950134
-0.0973558
-0.0995123
-0.101477
-0.103246
-0.104817
-0.106188
-0.107358
-0.108327
-0.109094
-0.109661
-0.110029
-0.110199
-0.110173
-0.109953
-0.109543
-0.108948
-0.108171
-0.107219
-0.106099
-0.104818
-0.103387
-0.101815
-0.100114
-0.0982952
-0.0963712
-0.0943538
-0.092254
-0.0900813
-0.0878421
-0.0855394
-0.0831709
-0.0807286
-0.0781975
-0.0755557
-0.0727754
-0.0698261
-0.066681
-0.0633282
-0.0597877
-0.0561314
-0.0525028
-0.0491225
-0.0462674
-0.0442083
-0.0431108
-0.0429636
-0.0436998
-0.0452277
-0.0320702
-0.0318039
-0.031681
-0.031691
-0.0318348
-0.0321354
-0.0326119
-0.0332782
-0.0341446
-0.0352185
-0.0365051
-0.0380075
-0.039727
-0.0416626
-0.0438105
-0.0461639
-0.0487121
-0.0514404
-0.0543297
-0.0573575
-0.0604977
-0.0637217
-0.0669991
-0.0702989
-0.0735903
-0.0768435
-0.0800306
-0.0831264
-0.0861081
-0.0889563
-0.0916542
-0.0941882
-0.0965473
-0.098723
-0.100708
-0.102499
-0.104091
-0.105482
-0.106671
-0.107656
-0.108438
-0.109017
-0.109393
-0.109569
-0.109545
-0.109324
-0.10891
-0.108307
-0.107519
-0.106552
-0.105415
-0.104114
-0.102661
-0.101065
-0.0993383
-0.0974939
-0.0955445
-0.0935032
-0.0913823
-0.0891926
-0.0869427
-0.0846373
-0.0822767
-0.0798553
-0.077361
-0.0747744
-0.0720699
-0.0692175
-0.0661889
-0.0629667
-0.0595603
-0.0560261
-0.0524886
-0.0491515
-0.0462846
-0.0441688
-0.0429964
-0.0427885
-0.043504
-0.0450595
-0.0325604
-0.03228
-0.0321393
-0.0321254
-0.0322371
-0.0324969
-0.0329239
-0.0335325
-0.0343337
-0.0353359
-0.0365452
-0.0379655
-0.0395992
-0.0414462
-0.0435039
-0.0457667
-0.0482253
-0.0508662
-0.0536721
-0.0566217
-0.0596902
-0.0628502
-0.0660722
-0.0693257
-0.0725801
-0.0758059
-0.0789748
-0.0820608
-0.0850407
-0.0878939
-0.0906028
-0.0931526
-0.0955312
-0.097729
-0.0997382
-0.101553
-0.103169
-0.104584
-0.105794
-0.106799
-0.107598
-0.108191
-0.108578
-0.10876
-0.10874
-0.108519
-0.108101
-0.10749
-0.10669
-0.105709
-0.104554
-0.103232
-0.101755
-0.100133
-0.0983783
-0.096505
-0.0945264
-0.0924565
-0.090309
-0.0880959
-0.0858273
-0.08351
-0.0811464
-0.0787334
-0.0762613
-0.0737136
-0.0710668
-0.0682926
-0.0653619
-0.0622539
-0.0589695
-0.0555515
-0.0521068
-0.0488213
-0.0459547
-0.0437937
-0.0425534
-0.0422872
-0.0429824
-0.0445665
-0.0329706
-0.03268
-0.0325238
-0.0324868
-0.0325659
-0.0327825
-0.033156
-0.0337009
-0.0344295
-0.0353512
-0.0364734
-0.0378015
-0.0393389
-0.041087
-0.0430446
-0.0452072
-0.0475671
-0.0501125
-0.0528274
-0.0556923
-0.0586835
-0.0617747
-0.0649373
-0.0681416
-0.0713571
-0.0745541
-0.0777043
-0.0807809
-0.0837598
-0.0866196
-0.0893414
-0.0919094
-0.0943103
-0.0965331
-0.0985692
-0.100412
-0.102055
-0.103496
-0.104731
-0.105758
-0.106577
-0.107186
-0.107586
-0.107777
-0.107762
-0.107542
-0.107121
-0.106503
-0.105692
-0.104696
-0.103522
-0.102178
-0.100676
-0.0990257
-0.0972412
-0.095336
-0.0933246
-0.0912219
-0.0890424
-0.0867994
-0.0845046
-0.0821663
-0.0797888
-0.0773714
-0.0749068
-0.0723811
-0.0697733
-0.067057
-0.0642035
-0.0611897
-0.0580104
-0.054697
-0.0513402
-0.0481086
-0.0452498
-0.0430516
-0.0417489
-0.0414263
-0.0421017
-0.0437165
-0.0333054
-0.0330085
-0.0328393
-0.0327803
-0.0328264
-0.0329979
-0.0333137
-0.0337892
-0.0344375
-0.0352698
-0.0362951
-0.0375204
-0.0389509
-0.0405895
-0.0424365
-0.0444893
-0.0467416
-0.0491833
-0.0518
-0.0545736
-0.0574819
-0.0604997
-0.0635992
-0.0667513
-0.0699257
-0.0730928
-0.0762236
-0.079291
-0.0822698
-0.0851375
-0.0878742
-0.0904626
-0.0928884
-0.0951392
-0.0972053
-0.0990786
-0.100753
-0.102223
-0.103486
-0.104539
-0.10538
-0.106008
-0.106423
-0.106625
-0.106617
-0.1064
-0.105977
-0.105352
-0.104531
-0.10352
-0.102327
-0.100961
-0.0994322
-0.0977528
-0.095936
-0.0939963
-0.0919487
-0.0898089
-0.0875922
-0.0853132
-0.0829845
-0.080616
-0.0782139
-0.0757792
-0.073307
-0.070786
-0.0681975
-0.0655172
-0.0627179
-0.0597752
-0.0566796
-0.0534535
-0.0501733
-0.0469913
-0.0441417
-0.0419107
-0.0405488
-0.0401704
-0.0408266
-0.042475
-0.0335698
-0.0332708
-0.0330912
-0.0330115
-0.0330246
-0.0331492
-0.0334036
-0.0338038
-0.0343643
-0.035098
-0.0360161
-0.0371278
-0.0384403
-0.0399585
-0.0416846
-0.0436177
-0.0457535
-0.0480833
-0.0505947
-0.0532707
-0.0560908
-0.0590306
-0.0620635
-0.0651606
-0.068292
-0.0714278
-0.0745388
-0.077597
-0.0805764
-0.0834533
-0.0862066
-0.0888178
-0.091271
-0.0935527
-0.0956518
-0.0975591
-0.0992673
-0.100771
-0.102065
-0.103146
-0.104012
-0.104662
-0.105095
-0.105312
-0.105312
-0.1051
-0.104676
-0.104047
-0.103216
-0.102191
-0.100979
-0.0995903
-0.0980346
-0.0963245
-0.0944738
-0.0924971
-0.0904102
-0.0882293
-0.0859704
-0.083649
-0.0812788
-0.078871
-0.0764331
-0.0739679
-0.0714726
-0.0689381
-0.0663482
-0.0636808
-0.0609102
-0.0580123
-0.0549747
-0.0518128
-0.0485914
-0.0454476
-0.0426023
-0.0403378
-0.0389166
-0.0384816
-0.0391186
-0.0408045
-0.0337693
-0.0334724
-0.0332855
-0.0331868
-0.0331671
-0.033243
-0.0334324
-0.0337515
-0.0342163
-0.0348421
-0.0356426
-0.0366295
-0.0378127
-0.0391993
-0.0407939
-0.0425977
-0.0446079
-0.046818
-0.049217
-0.0517896
-0.0545163
-0.0573742
-0.060337
-0.0633765
-0.0664631
-0.0695666
-0.0726572
-0.0757064
-0.0786871
-0.0815744
-0.084346
-0.086982
-0.0894651
-0.0917805
-0.0939157
-0.0958603
-0.0976059
-0.0991456
-0.100474
-0.101587
-0.102483
-0.103157
-0.103611
-0.103844
-0.103857
-0.103651
-0.103229
-0.102597
-0.101758
-0.10072
-0.0994898
-0.098078
-0.0964951
-0.0947537
-0.0928676
-0.0908519
-0.0887228
-0.0864969
-0.084191
-0.081821
-0.0794016
-0.0769449
-0.0744597
-0.0719504
-0.0694158
-0.0668487
-0.0642354
-0.0615558
-0.0587863
-0.0559036
-0.0528938
-0.0497674
-0.0465799
-0.0434556
-0.0406026
-0.038298
-0.0368136
-0.0363185
-0.0369357
-0.0386639
-0.0339101
-0.0336197
-0.0334285
-0.0333127
-0.0332605
-0.0332864
-0.033407
-0.033639
-0.0340003
-0.0345086
-0.0351806
-0.0360314
-0.0370736
-0.0383175
-0.03977
-0.0414346
-0.0433106
-0.0453934
-0.0476735
-0.050137
-0.0527659
-0.055538
-0.0584278
-0.0614076
-0.0644478
-0.067518
-0.070588
-0.0736283
-0.076611
-0.07951
-0.0823016
-0.0849645
-0.0874799
-0.0898317
-0.0920059
-0.093991
-0.0957773
-0.0973569
-0.0987236
-0.0998724
-0.1008
-0.101503
-0.101981
-0.102233
-0.10226
-0.102064
-0.101647
-0.101013
-0.100168
-0.0991183
-0.0978717
-0.096438
-0.0948282
-0.0930551
-0.0911327
-0.0890763
-0.0869024
-0.084628
-0.0822701
-0.0798453
-0.0773688
-0.0748535
-0.0723091
-0.0697412
-0.06715
-0.0645301
-0.0618696
-0.0591509
-0.0563522
-0.0534515
-0.0504348
-0.0473094
-0.044124
-0.0409923
-0.0381116
-0.0357534
-0.0341969
-0.0336352
-0.0342306
-0.0360067
-0.0339985
-0.0337193
-0.0335272
-0.0333962
-0.033312
-0.0332863
-0.0333343
-0.0334733
-0.0337229
-0.0341038
-0.0346363
-0.0353392
-0.0362288
-0.0373186
-0.0386185
-0.0401343
-0.0418678
-0.043816
-0.0459712
-0.0483208
-0.0508478
-0.0535309
-0.0563455
-0.0592638
-0.0622565
-0.0652929
-0.0683421
-0.071374
-0.0743596
-0.0772714
-0.0800846
-0.0827763
-0.0853265
-0.0877173
-0.0899336
-0.0919624
-0.0937927
-0.0954157
-0.096824
-0.098012
-0.0989752
-0.0997107
-0.100216
-0.100492
-0.100536
-0.100353
-0.0999429
-0.0993109
-0.0984619
-0.0974025
-0.0961408
-0.0946865
-0.0930506
-0.091246
-0.0892867
-0.0871884
-0.0849674
-0.082641
-0.0802264
-0.0777405
-0.0751987
-0.0726146
-0.0699984
-0.0673565
-0.0646903
-0.0619957
-0.0592625
-0.0564752
-0.0536138
-0.0506582
-0.047595
-0.04443
-0.0412073
-0.038033
-0.0350957
-0.0326625
-0.0310187
-0.03038
-0.0309497
-0.0327801
-0.0340412
-0.0337782
-0.0335887
-0.0334446
-0.0333289
-0.0332499
-0.0332213
-0.0332608
-0.0333901
-0.0336334
-0.0340151
-0.0345583
-0.0352835
-0.036208
-0.0373449
-0.038703
-0.0402861
-0.0420932
-0.0441181
-0.0463496
-0.0487715
-0.0513634
-0.054101
-0.0569569
-0.0599015
-0.0629039
-0.0659327
-0.0689568
-0.0719462
-0.0748723
-0.0777087
-0.0804313
-0.0830184
-0.0854509
-0.087712
-0.0897876
-0.0916653
-0.0933352
-0.0947888
-0.0960197
-0.0970227
-0.0977939
-0.0983311
-0.098633
-0.0986995
-0.0985319
-0.0981326
-0.0975054
-0.0966554
-0.0955892
-0.0943147
-0.0928417
-0.0911811
-0.0893457
-0.0873497
-0.0852085
-0.0829385
-0.0805569
-0.078081
-0.0755274
-0.072912
-0.0702481
-0.0675466
-0.0648142
-0.062053
-0.0592599
-0.0564262
-0.0535378
-0.0505768
-0.047525
-0.0443703
-0.0411185
-0.0378111
-0.0345496
-0.031517
-0.0289783
-0.0272248
-0.0264934
-0.0270311
-0.0289227
-0.0340448
-0.0338035
-0.0336205
-0.0334656
-0.0333186
-0.0331842
-0.0330744
-0.0330074
-0.0330075
-0.0331026
-0.0333219
-0.0336934
-0.0342426
-0.0349908
-0.035955
-0.0371467
-0.0385724
-0.0402327
-0.0421231
-0.0442332
-0.0465478
-0.0490471
-0.051707
-0.0545002
-0.0573969
-0.0603659
-0.063375
-0.0663923
-0.0693867
-0.0723285
-0.0751899
-0.0779454
-0.0805717
-0.0830484
-0.0853572
-0.0874825
-0.0894109
-0.0911311
-0.0926337
-0.0939112
-0.0949578
-0.0957689
-0.0963416
-0.0966741
-0.0967662
-0.0966187
-0.0962338
-0.0956151
-0.0947676
-0.0936978
-0.0924134
-0.0909241
-0.0892407
-0.087376
-0.0853437
-0.0831593
-0.0808387
-0.0783989
-0.0758569
-0.0732292
-0.0705311
-0.0677761
-0.0649746
-0.0621337
-0.0592557
-0.0563381
-0.053373
-0.0503477
-0.047246
-0.0440516
-0.0407543
-0.037361
-0.0339129
-0.0305096
-0.0273321
-0.0246468
-0.0227526
-0.0219067
-0.0224027
-0.0243628
-0.0340163
-0.033803
-0.0336308
-0.0334671
-0.0332887
-0.0330961
-0.0328997
-0.0327184
-0.0325795
-0.0325153
-0.0325604
-0.0327485
-0.0331102
-0.0336719
-0.0344542
-0.035472
-0.0367342
-0.0382432
-0.0399958
-0.0419826
-0.044189
-0.0465953
-0.0491778
-0.051909
-0.0547589
-0.0576957
-0.0606865
-0.0636985
-0.0666995
-0.0696587
-0.0725469
-0.0753372
-0.0780051
-0.0805283
-0.0828875
-0.0850655
-0.0870477
-0.0888216
-0.0903768
-0.0917048
-0.0927988
-0.0936538
-0.0942662
-0.0946337
-0.0947556
-0.0946324
-0.0942661
-0.0936601
-0.0928192
-0.0917494
-0.0904587
-0.0889562
-0.0872527
-0.0853604
-0.083293
-0.0810652
-0.0786928
-0.076192
-0.0735793
-0.0708705
-0.0680804
-0.0652218
-0.0623048
-0.0593358
-0.0563171
-0.0532462
-0.0501156
-0.0469134
-0.0436248
-0.0402355
-0.0367375
-0.0331397
-0.0294852
-0.0258742
-0.0224901
-0.019605
-0.0175288
-0.0165392
-0.0169792
-0.0190156
-0.0339629
-0.0337851
-0.0336283
-0.0334577
-0.033247
-0.0329925
-0.0327028
-0.0323983
-0.0321097
-0.0318745
-0.0317334
-0.0317264
-0.0318899
-0.0322554
-0.0328478
-0.0336855
-0.0347795
-0.0361342
-0.0377472
-0.0396102
-0.0417086
-0.0440232
-0.0465299
-0.049201
-0.052006
-0.0549125
-0.057887
-0.0608957
-0.0639054
-0.0668839
-0.069801
-0.0726283
-0.0753398
-0.077912
-0.0803241
-0.0825576
-0.0845966
-0.0864274
-0.0880387
-0.0894208
-0.0905663
-0.0914693
-0.0921256
-0.0925325
-0.0926888
-0.0925946
-0.0922516
-0.0916628
-0.0908327
-0.0897674
-0.0884743
-0.0869622
-0.0852416
-0.0833242
-0.0812231
-0.0789524
-0.0765271
-0.0739627
-0.0712745
-0.0684775
-0.0655855
-0.06261
-0.0595602
-0.0564418
-0.053256
-0.05
-0.0466659
-0.0432421
-0.0397149
-0.0360714
-0.0323063
-0.0284315
-0.0244936
-0.0205967
-0.0169303
-0.013778
-0.0114662
-0.0102947
-0.0106593
-0.0127799
-0.0338923
-0.0337589
-0.0336227
-0.0334468
-0.0332017
-0.0328799
-0.0324887
-0.0320504
-0.0316002
-0.0311818
-0.0308424
-0.0306289
-0.0305842
-0.0307452
-0.0311413
-0.0317941
-0.032717
-0.033916
-0.0353896
-0.0371299
-0.0391225
-0.0413478
-0.0437815
-0.0463955
-0.0491587
-0.052038
-0.0549989
-0.0580069
-0.0610276
-0.0640279
-0.066976
-0.0698424
-0.0725998
-0.0752233
-0.0776907
-0.0799823
-0.082081
-0.0839718
-0.0856424
-0.0870823
-0.0882832
-0.0892383
-0.0899428
-0.0903936
-0.0905888
-0.0905284
-0.0902136
-0.0896473
-0.0888327
-0.0877764
-0.0864853
-0.0849678
-0.0832335
-0.0812938
-0.0791608
-0.0768479
-0.0743688
-0.071738
-0.0689696
-0.0660769
-0.0630721
-0.0599656
-0.0567646
-0.0534733
-0.0500916
-0.0466151
-0.0430352
-0.0393398
-0.0355153
-0.0315505
-0.0274424
-0.023207
-0.018896
-0.0146204
-0.01058
-0.00707662
-0.0044608
-0.00305811
-0.00332101
-0.00553437
-0.0338126
-0.0337353
-0.0336256
-0.0334449
-0.0331619
-0.0327651
-0.0322617
-0.0316771
-0.0310521
-0.0304372
-0.0298873
-0.0294568
-0.0291952
-0.029145
-0.0293402
-0.0298054
-0.0305565
-0.0316005
-0.0329369
-0.0345575
-0.036448
-0.0385882
-0.0409534
-0.0435146
-0.0462402
-0.0490961
-0.0520471
-0.0550576
-0.0580922
-0.0611168
-0.0640983
-0.0670061
-0.0698115
-0.0724885
-0.0750136
-0.0773657
-0.0795266
-0.0814803
-0.0832134
-0.0847145
-0.0859742
-0.0869854
-0.0877425
-0.0882416
-0.0884805
-0.0884587
-0.0881768
-0.087637
-0.0868441
-0.085802
-0.0845176
-0.0829988
-0.0812547
-0.0792957
-0.0771329
-0.0747784
-0.0722449
-0.069545
-0.066691
-0.0636947
-0.060566
-0.057313
-0.0539409
-0.0504513
-0.0468419
-0.0431061
-0.0392334
-0.0352103
-0.0310227
-0.02666
-0.022122
-0.0174293
-0.0126403
-0.00787627
-0.00335132
0.000606913
0.00361338
0.00530993
0.00518334
0.00286821
-0.0337328
-0.0337281
-0.0336511
-0.0334648
-0.0331375
-0.032655
-0.0320256
-0.0312797
-0.0304648
-0.0296395
-0.0288672
-0.02821
-0.0277244
-0.0274585
-0.0274505
-0.0277281
-0.028309
-0.0292014
-0.0304048
-0.031911
-0.033705
-0.0357661
-0.0380685
-0.0405827
-0.0432759
-0.0461133
-0.0490586
-0.0520754
-0.0551274
-0.0581791
-0.0611967
-0.0641482
-0.0670038
-0.0697363
-0.072321
-0.0747359
-0.0769613
-0.0789805
-0.0807789
-0.0823441
-0.0836663
-0.0847372
-0.0855508
-0.0861025
-0.0863898
-0.0864113
-0.0861676
-0.0856603
-0.084893
-0.0838698
-0.0825968
-0.0810812
-0.0793311
-0.0773557
-0.0751651
-0.0727698
-0.0701808
-0.0674088
-0.064464
-0.0613556
-0.0580909
-0.0546752
-0.0511104
-0.0473951
-0.0435236
-0.039486
-0.0352686
-0.0308553
-0.0262305
-0.0213835
-0.0163161
-0.0110542
-0.00566523
-0.000280652
0.00486179
0.0094026
0.0129094
0.01498
0.0150346
0.012608
-0.0336692
-0.0337534
-0.0337164
-0.0335219
-0.0331405
-0.0325573
-0.0317844
-0.0308588
-0.029837
-0.0287868
-0.0277804
-0.0268883
-0.0261736
-0.02569
-0.0254794
-0.0255723
-0.0259877
-0.0267343
-0.0278116
-0.0292108
-0.030916
-0.0329056
-0.0351527
-0.0376267
-0.0402939
-0.0431184
-0.0460632
-0.0490907
-0.0521636
-0.0552457
-0.0583019
-0.0612994
-0.0642073
-0.0669972
-0.0696435
-0.0721228
-0.0744148
-0.0765016
-0.0783676
-0.0799997
-0.0813872
-0.0825212
-0.0833948
-0.0840031
-0.0843428
-0.0844122
-0.0842112
-0.0837409
-0.083004
-0.0820045
-0.0807474
-0.079239
-0.0774863
-0.0754974
-0.0732807
-0.070845
-0.0681993
-0.0653519
-0.0623104
-0.059081
-0.0556676
-0.0520719
-0.0482919
-0.0443217
-0.0401511
-0.0357656
-0.0311469
-0.0262746
-0.0211299
-0.0157008
-0.0099905
-0.00403087
0.0020998
0.00826615
0.0141855
0.0194665
0.0236138
0.026163
0.026457
0.0239093
-0.033637
-0.0338367
-0.0338469
-0.0336373
-0.0331861
-0.0324815
-0.0315424
-0.0304148
-0.0291669
-0.0278764
-0.0266252
-0.0254916
-0.0245455
-0.0238452
-0.023436
-0.0233502
-0.0236079
-0.0242176
-0.0251783
-0.0264802
-0.0281064
-0.0300337
-0.0322343
-0.0346762
-0.0373246
-0.0401428
-0.0430925
-0.0461354
-0.0492333
-0.052349
-0.0554467
-0.0584924
-0.0614543
-0.0643033
-0.0670124
-0.0695578
-0.0719178
-0.0740737
-0.0760091
-0.0777102
-0.0791653
-0.080365
-0.0813017
-0.0819698
-0.0823655
-0.0824864
-0.0823319
-0.0819026
-0.0812004
-0.0802285
-0.0789911
-0.0774932
-0.0757409
-0.0737405
-0.0714989
-0.0690228
-0.0663186
-0.0633921
-0.0602477
-0.0568879
-0.0533127
-0.0495192
-0.0455003
-0.0412446
-0.0367361
-0.0319536
-0.0268725
-0.0214662
-0.0157105
-0.00959004
-0.00310808
0.00369936
0.010745
0.0178642
0.024763
0.0309842
0.0359545
0.0391218
0.039733
0.0370582
-0.033664
-0.0340136
-0.0340772
-0.0338389
-0.0332943
-0.0324396
-0.0313047
-0.0299495
-0.0284535
-0.0269068
-0.0254009
-0.0240217
-0.0228448
-0.0219324
-0.0213322
-0.0210775
-0.0211885
-0.0216731
-0.0225293
-0.0237459
-0.0253044
-0.0271804
-0.0293444
-0.0317632
-0.034401
-0.0372197
-0.0401803
-0.0432436
-0.0463706
-0.0495232
-0.0526648
-0.0557606
-0.0587781
-0.0616872
-0.0644602
-0.0670723
-0.0695011
-0.071727
-0.0737329
-0.0755041
-0.0770283
-0.0782953
-0.079297
-0.0800271
-0.0804812
-0.0806564
-0.0805514
-0.080166
-0.0795014
-0.07856
-0.0773449
-0.0758601
-0.07411
-0.0720995
-0.0698333
-0.0673159
-0.064551
-0.0615413
-0.0582873
-0.0547875
-0.0510372
-0.0470277
-0.042746
-0.0381737
-0.0332869
-0.0280565
-0.0224487
-0.0164284
-0.00996305
-0.00303112
0.00436681
0.012192
0.0203462
0.0286419
0.0367587
0.0441724
0.0502076
0.0541867
0.0552243
0.0524308
-0.0337942
-0.0343384
-0.0344579
-0.034167
-0.0334933
-0.0324493
-0.0310813
-0.029466
-0.027698
-0.0258791
-0.0241099
-0.0224836
-0.02108
-0.0199638
-0.0191838
-0.0187735
-0.0187522
-0.0191265
-0.0198927
-0.0210378
-0.0225418
-0.0243784
-0.0265167
-0.0289222
-0.0315577
-0.0343842
-0.0373618
-0.0404504
-0.0436103
-0.0468027
-0.0499903
-0.0531378
-0.0562118
-0.0591814
-0.0620185
-0.0646972
-0.0671946
-0.0694903
-0.0715665
-0.0734078
-0.0750012
-0.076336
-0.0774032
-0.0781962
-0.0787098
-0.0789405
-0.0788862
-0.0785462
-0.0779208
-0.0770113
-0.07582
-0.0743492
-0.0726021
-0.0705816
-0.0682902
-0.0657299
-0.0629015
-0.0598039
-0.0564337
-0.0527845
-0.0488459
-0.0446028
-0.0400348
-0.035115
-0.0298101
-0.0240801
-0.0178801
-0.0111627
-0.00388362
0.00398898
0.0124614
0.0214955
0.0309847
0.0407207
0.0503437
0.0592749
0.0667015
0.071771
0.0734009
0.0705385
-0.0341007
-0.0348964
-0.0350655
-0.0346797
-0.0338236
-0.0325364
-0.0308876
-0.0289741
-0.0269067
-0.0247991
-0.0227604
-0.0208877
-0.019265
-0.0179571
-0.0170124
-0.0164631
-0.0163267
-0.0166078
-0.0173005
-0.0183898
-0.0198534
-0.0216635
-0.0237875
-0.0261894
-0.028831
-0.0316723
-0.0346725
-0.0377909
-0.040987
-0.0442215
-0.0474566
-0.0506562
-0.0537866
-0.0568163
-0.0597163
-0.0624604
-0.0650249
-0.0673888
-0.0695337
-0.0714435
-0.0731047
-0.0745059
-0.0756376
-0.0764924
-0.0770647
-0.0773502
-0.0773463
-0.0770513
-0.0764649
-0.0755872
-0.0744193
-0.0729623
-0.0712175
-0.069186
-0.066868
-0.0642627
-0.0613674
-0.0581774
-0.0546845
-0.0508768
-0.0467378
-0.0422448
-0.0373687
-0.0320726
-0.0263116
-0.0200327
-0.0131763
-0.00567913
0.00251929
0.0114668
0.0211827
0.0316361
0.0427175
0.0542016
0.0656923
0.0765462
0.0858149
0.0923858
0.0948806
0.0920977
-0.0347084
-0.035824
-0.036016
-0.035463
-0.0343447
-0.032741
-0.0307503
-0.0284928
-0.0260951
-0.0236818
-0.0213678
-0.0192536
-0.017422
-0.0159375
-0.0148462
-0.0141772
-0.0139452
-0.0141521
-0.014789
-0.0158386
-0.0172765
-0.0190729
-0.0211936
-0.0236014
-0.0262569
-0.0291192
-0.0321468
-0.0352984
-0.0385329
-0.0418107
-0.0450934
-0.0483445
-0.0515298
-0.0546174
-0.0575779
-0.0603844
-0.0630128
-0.0654416
-0.0676517
-0.0696266
-0.0713522
-0.0728165
-0.0740095
-0.0749233
-0.0755514
-0.0758893
-0.0759333
-0.0756813
-0.0751317
-0.074284
-0.0731377
-0.0716927
-0.0699485
-0.0679042
-0.0655574
-0.0629045
-0.0599392
-0.0566525
-0.0530313
-0.0490577
-0.0447081
-0.0399515
-0.0347488
-0.0290516
-0.0228014
-0.0159295
-0.00835838
-4.70275e-06
0.00921409
0.0193687
0.0305004
0.0425959
0.055554
0.0691425
0.0829378
0.0962313
0.107964
0.116654
0.120488
0.118139
-0.0358363
-0.0373421
-0.037487
-0.0366438
-0.0351444
-0.0331237
-0.0307129
-0.0280555
-0.0252923
-0.0225549
-0.0199611
-0.0176106
-0.0155834
-0.0139398
-0.0127216
-0.0119537
-0.0116466
-0.0117985
-0.0123975
-0.0134233
-0.0148495
-0.016644
-0.0187715
-0.0211932
-0.0238689
-0.0267568
-0.029815
-0.0330015
-0.036275
-0.0395953
-0.0429239
-0.046224
-0.049461
-0.0526026
-0.0556191
-0.0584832
-0.0611704
-0.0636586
-0.0659286
-0.0679631
-0.0697477
-0.0712698
-0.072519
-0.0734868
-0.0741663
-0.0745521
-0.0746401
-0.0744271
-0.0739111
-0.0730901
-0.0719626
-0.070527
-0.0687811
-0.0667216
-0.0643438
-0.0616409
-0.0586031
-0.0552166
-0.0514633
-0.0473189
-0.0427518
-0.0377222
-0.0321799
-0.0260637
-0.0192997
-0.011801
-0.00346882
0.00580491
0.016131
0.0276118
0.0403222
0.0542817
0.0694161
0.0855072
0.102125
0.118526
0.133534
0.145309
0.151341
0.150169
-0.0378773
-0.0398126
-0.0397473
-0.0384044
-0.0363462
-0.0337709
-0.0308395
-0.0277137
-0.0245431
-0.021461
-0.0185824
-0.0160017
-0.0137923
-0.0120074
-0.0106824
-0.00983595
-0.0094734
-0.00958853
-0.0101658
-0.011182
-0.0126082
-0.0144107
-0.0165525
-0.0189939
-0.0216937
-0.0246096
-0.0276991
-0.0309199
-0.0342305
-0.0375905
-0.0409612
-0.0443055
-0.0475887
-0.0507783
-0.0538443
-0.0567592
-0.0594982
-0.0620388
-0.0643613
-0.0664484
-0.0682849
-0.069858
-0.0711569
-0.0721724
-0.0728973
-0.0733255
-0.0734523
-0.0732739
-0.072787
-0.0719891
-0.0708771
-0.0694481
-0.067698
-0.0656215
-0.0632113
-0.0604573
-0.057346
-0.0538591
-0.0499729
-0.0456564
-0.0408702
-0.0355647
-0.0296784
-0.023136
-0.0158468
-0.007704
0.00141555
0.011649
0.0231423
0.0360388
0.0504616
0.0664835
0.0840852
0.103098
0.123125
0.143436
0.162797
0.179124
0.188889
0.190337
-0.0415596
-0.0438288
-0.0431855
-0.0409837
-0.0381018
-0.0347836
-0.0312017
-0.0275236
-0.0238963
-0.0204456
-0.0172763
-0.0144714
-0.0120931
-0.0101844
-0.00877129
-0.00786497
-0.00746438
-0.00755826
-0.00812707
-0.00914464
-0.0105796
-0.0123965
-0.014557
-0.0170206
-0.0197452
-0.0226883
-0.0258071
-0.0290589
-0.0324023
-0.0357967
-0.0392034
-0.0425852
-0.0459074
-0.0491374
-0.052245
-0.0552025
-0.0579849
-0.0605696
-0.0629365
-0.065068
-0.0669488
-0.0685655
-0.0699069
-0.0709636
-0.0717277
-0.0721927
-0.0723532
-0.0722048
-0.0717433
-0.0709651
-0.0698661
-0.0684417
-0.0666862
-0.0645921
-0.0621497
-0.0593458
-0.0561631
-0.0525786
-0.0485633
-0.0440795
-0.0390799
-0.0335053
-0.0272825
-0.0203219
-0.0125157
-0.00373578
0.00616717
0.017363
0.0300385
0.0443886
0.0606007
0.0788265
0.0991392
0.121471
0.145527
0.170672
0.195769
0.218617
0.234691
0.241347
-0.048284
-0.0503505
-0.048293
-0.0446166
-0.0405212
-0.0362056
-0.0318098
-0.0274815
-0.0233459
-0.0195063
-0.016046
-0.0130285
-0.0104993
-0.00848703
-0.00700609
-0.00605856
-0.00563626
-0.0057225
-0.00629368
-0.00732065
-0.00876989
-0.0106045
-0.0127849
-0.0152701
-0.0180176
-0.0209845
-0.024128
-0.0274055
-0.0307754
-0.0341973
-0.0376326
-0.0410443
-0.0443974
-0.0476595
-0.0508003
-0.0537922
-0.0566099
-0.0592307
-0.0616343
-0.063803
-0.0657209
-0.0673746
-0.0687525
-0.0698447
-0.070643
-0.0711404
-0.0713309
-0.0712093
-0.0707708
-0.0700107
-0.068924
-0.0675045
-0.0657448
-0.0636344
-0.061163
-0.0583141
-0.0550662
-0.0513923
-0.0472581
-0.0426199
-0.0374229
-0.0315987
-0.025063
-0.0177128
-0.00942367
-4.65889e-05
0.0105942
0.0227026
0.0365104
0.0522727
0.0702576
0.0907254
0.113891
0.139865
0.168555
0.199555
0.232016
0.26386
0.290016
0.306331
-0.0608915
-0.0608668
-0.055546
-0.0493711
-0.0434951
-0.0378468
-0.0324501
-0.0273838
-0.0227154
-0.0184993
-0.0147794
-0.0115885
-0.00894819
-0.00686921
-0.00535257
-0.00439052
-0.00396779
-0.00406267
-0.00464805
-0.00569242
-0.0071607
-0.00901499
-0.0112153
-0.0137202
-0.0164872
-0.0194735
-0.0226364
-0.0259335
-0.0293236
-0.0327664
-0.0362234
-0.0396578
-0.0430349
-0.0463222
-0.0494895
-0.0525092
-0.0553559
-0.0580068
-0.0604415
-0.062642
-0.0645923
-0.0662786
-0.0676892
-0.0688136
-0.0696434
-0.0701709
-0.0703898
-0.0702941
-0.0698783
-0.069137
-0.0680642
-0.0666527
-0.0648949
-0.0627723
-0.0602788
-0.0573937
-0.0540921
-0.0503435
-0.0461089
-0.0413394
-0.0359734
-0.0299349
-0.02313
-0.015444
-0.00673769
0.0031563
0.0144378
0.0273432
0.0421485
0.0591724
0.0787753
0.101354
0.127324
0.15708
0.190913
0.228885
0.27068
0.314766
0.356193
0.39128
-0.0859037
-0.077172
-0.0648727
-0.054625
-0.0461784
-0.0388422
-0.0323523
-0.0265946
-0.0215009
-0.0170341
-0.0131771
-0.00992185
-0.0072626
-0.00519194
-0.00369892
-0.00276815
-0.00237952
-0.00250842
-0.00312612
-0.00420032
-0.00569568
-0.0075744
-0.00979679
-0.0123218
-0.0151074
-0.0181113
-0.0212912
-0.0246053
-0.0280125
-0.0314731
-0.0349488
-0.038403
-0.0418013
-0.0451112
-0.0483026
-0.0513478
-0.0542215
-0.0569007
-0.059365
-0.0615961
-0.0635778
-0.0652961
-0.0667389
-0.0678955
-0.0687571
-0.0693156
-0.0695641
-0.0694962
-0.0691056
-0.0683859
-0.0673308
-0.0659312
-0.0641754
-0.0620592
-0.0595568
-0.0566497
-0.0533126
-0.0495122
-0.0452059
-0.0403405
-0.0348497
-0.0286516
-0.0216452
-0.013707
-0.0046871
0.0055961
0.017361
0.0308696
0.0464351
0.0644321
0.0853093
0.109607
0.137978
0.171214
0.210248
0.256107
0.309705
0.371084
0.437764
0.512672
-0.141789
-0.0981538
-0.0709518
-0.0553492
-0.0444654
-0.0359621
-0.0290606
-0.0232871
-0.0183405
-0.0140746
-0.010428
-0.0073732
-0.0048949
-0.00298242
-0.00162509
-0.000809407
-0.000517829
-0.000728414
-0.00141501
-0.00254766
-0.0040931
-0.00601536
-0.00827626
-0.0108361
-0.0136539
-0.0166883
-0.0198978
-0.0232411
-0.0266778
-0.0301685
-0.033675
-0.0371613
-0.0405927
-0.043937
-0.0471642
-0.0502464
-0.0531581
-0.0558765
-0.0583807
-0.0606523
-0.062675
-0.0644345
-0.0659184
-0.0671159
-0.0680176
-0.0686154
-0.0689021
-0.0688708
-0.0685149
-0.0678257
-0.0667985
-0.0654243
-0.0636931
-0.0615909
-0.0590979
-0.0561932
-0.0528501
-0.0490337
-0.0446996
-0.0397925
-0.0342435
-0.0279676
-0.0208604
-0.0127939
-0.00361266
0.00687206
0.0188885
0.0327129
0.04868
0.0671994
0.0887784
0.114062
0.143896
0.179453
0.222425
0.275393
0.342192
0.428474
0.54197
0.695254
-0.275109
-0.114171
-0.0561002
-0.0397282
-0.0310048
-0.024259
-0.0191204
-0.0150125
-0.011452
-0.00827153
-0.00546421
-0.00305894
-0.0010845
0.000435677
0.0014855
0.00205772
0.00215413
0.00178468
0.000966419
-0.000277622
-0.00191948
-0.00392719
-0.00626569
-0.00889754
-0.0117837
-0.014884
-0.018158
-0.0215651
-0.0250654
-0.0286198
-0.0321906
-0.0357414
-0.039238
-0.0426478
-0.0459408
-0.0490889
-0.0520666
-0.0548506
-0.05742
-0.0597561
-0.0618425
-0.0636646
-0.0652098
-0.0664672
-0.0674271
-0.0680813
-0.0684223
-0.0684433
-0.0681383
-0.0675021
-0.0665221
-0.0651913
-0.0635008
-0.0614365
-0.0589803
-0.0561104
-0.0527997
-0.0490132
-0.0447069
-0.0398254
-0.0343003
-0.0280468
-0.0209609
-0.0129151
-0.00375452
0.00670912
0.0187039
0.0325067
0.0484551
0.0669653
0.0885596
0.113916
0.143949
0.179994
0.224151
0.280223
0.355622
0.466943
0.643453
0.925111
)
;

boundaryField
{
    movingWall
    {
        type            zeroGradient;
    }
    fixedWalls
    {
        type            zeroGradient;
    }
    frontAndBack
    {
        type            empty;
    }
}


// ************************************************************************* //
