/*--------------------------------*- C++ -*----------------------------------*\
  =========                 |
  \\      /  F ield         | OpenFOAM: The Open Source CFD Toolbox
   \\    /   O peration     | Website:  https://openfoam.org
    \\  /    A nd           | Version:  7
     \\/     M anipulation  |
\*---------------------------------------------------------------------------*/
FoamFile
{
    version     2.0;
    format      ascii;
    class       volScalarField;
    location    "2.35";
    object      p;
}
// * * * * * * * * * * * * * * * * * * * * * * * * * * * * * * * * * * * * * //

dimensions      [0 2 -2 0 0 0 0];

internalField   nonuniform List<scalar> 
6400
(
-9.14197e-07
1.20275e-05
9.06926e-07
-3.77559e-05
-0.000101678
-0.000187539
-0.000291783
-0.000411189
-0.000543175
-0.0006858
-0.000837666
-0.000997784
-0.00116545
-0.00134011
-0.00152122
-0.00170822
-0.00190038
-0.00209679
-0.0022963
-0.00249751
-0.0026987
-0.00289788
-0.00309277
-0.00328079
-0.00345912
-0.00362473
-0.00377439
-0.00390479
-0.0040126
-0.00409451
-0.00414743
-0.0041685
-0.00415533
-0.00410601
-0.00401935
-0.00389491
-0.0037332
-0.00353572
-0.00330506
-0.00304491
-0.00276015
-0.00245644
-0.00214091
-0.00182125
-0.00150582
-0.00120344
-0.000923111
-0.00067365
-0.000463424
-0.00030001
-0.000189881
-0.000138134
-0.000148255
-0.000221952
-0.000359056
-0.000557519
-0.000813455
-0.0011213
-0.0014746
-0.00186458
-0.00228282
-0.00272006
-0.00316694
-0.00361441
-0.00405398
-0.00447794
-0.00487952
-0.00525299
-0.00559364
-0.00589777
-0.00616253
-0.00638579
-0.00656606
-0.00670232
-0.00679422
-0.00684234
-0.00684929
-0.00682154
-0.00677174
-0.00671853
-1.52187e-05
-1.89581e-06
-1.43629e-05
-5.11784e-05
-0.000109204
-0.000186283
-0.000279989
-0.000387935
-0.000508088
-0.000638812
-0.000778869
-0.000927312
-0.00108342
-0.0012466
-0.00141627
-0.00159184
-0.0017726
-0.00195767
-0.00214598
-0.00233625
-0.00252691
-0.00271615
-0.0029019
-0.00308183
-0.00325337
-0.00341373
-0.00355997
-0.00368905
-0.00379787
-0.00388337
-0.00394264
-0.00397301
-0.00397218
-0.0039383
-0.00387017
-0.0037673
-0.00363002
-0.00345962
-0.00325838
-0.00302964
-0.00277775
-0.00250811
-0.00222703
-0.00194166
-0.00165977
-0.00138952
-0.00113926
-0.000917193
-0.000731091
-0.000587995
-0.000493919
-0.000453587
-0.000470216
-0.000545356
-0.000678812
-0.000868631
-0.00111118
-0.00140127
-0.00173248
-0.00209751
-0.00248779
-0.00289502
-0.0033106
-0.0037262
-0.00413403
-0.00452707
-0.00489919
-0.00524519
-0.00556089
-0.00584302
-0.00608917
-0.00629768
-0.00646753
-0.0065983
-0.00669026
-0.00674455
-0.00676392
-0.00675349
-0.00671849
-0.00666522
-4.06738e-06
9.96859e-06
-3.17319e-06
-3.93157e-05
-9.43716e-05
-0.000166464
-0.000253633
-0.000353959
-0.000465815
-0.000587787
-0.000718867
-0.000858234
-0.00100525
-0.00115938
-0.00132009
-0.00148685
-0.00165902
-0.0018358
-0.00201623
-0.00219913
-0.0023831
-0.00256649
-0.00274738
-0.00292363
-0.00309285
-0.00325242
-0.00339957
-0.00353138
-0.00364489
-0.00373712
-0.0038052
-0.00384647
-0.00385859
-0.00383964
-0.00378827
-0.00370382
-0.00358641
-0.00343708
-0.00325783
-0.00305165
-0.00282256
-0.00257571
-0.00231702
-0.00205328
-0.00179196
-0.00154091
-0.00130819
-0.00110176
-0.000929167
-0.000797271
-0.000711932
-0.000677759
-0.000697887
-0.000773828
-0.00090538
-0.00109063
-0.00132601
-0.00160649
-0.00192575
-0.00227655
-0.00265099
-0.0030407
-0.00343751
-0.00383347
-0.00422118
-0.00459405
-0.00494635
-0.00527334
-0.00557128
-0.00583732
-0.0060695
-0.00626656
-0.0064279
-0.00655347
-0.00664371
-0.00669967
-0.00672352
-0.0067186
-0.00668365
-0.00661557
3.64616e-05
4.68558e-05
3.09811e-05
-6.32496e-06
-6.07488e-05
-0.000130415
-0.000213667
-0.00030882
-0.00041454
-0.000529749
-0.000653638
-0.000785582
-0.000925102
-0.00107179
-0.00122525
-0.00138507
-0.0015507
-0.00172149
-0.00189662
-0.00207504
-0.0022555
-0.00243649
-0.00261626
-0.0027928
-0.00296383
-0.00312686
-0.00327919
-0.00341795
-0.00354016
-0.00364283
-0.00372299
-0.00377788
-0.00380497
-0.00380215
-0.00376784
-0.00370111
-0.00360182
-0.00347069
-0.00330946
-0.00312087
-0.00290864
-0.00267769
-0.00243376
-0.0021835
-0.00193424
-0.00169375
-0.00147006
-0.00127112
-0.00110451
-0.000977131
-0.000894912
-0.000862532
-0.000883195
-0.000958466
-0.00108819
-0.00127046
-0.00150173
-0.00177694
-0.00208979
-0.00243296
-0.00279855
-0.00317833
-0.00356406
-0.00394796
-0.00432281
-0.00468221
-0.00502073
-0.00533399
-0.00561859
-0.00587211
-0.00609301
-0.00628044
-0.00643416
-0.00655436
-0.00664151
-0.00669633
-0.00672023
-0.00671495
-0.00667439
-0.00658907
0.000105062
0.000106266
8.45286e-05
4.39918e-05
-1.16734e-05
-8.06521e-05
-0.000161494
-0.000252867
-0.000353743
-0.000463353
-0.000581154
-0.00070676
-0.000839903
-0.000980365
-0.00112793
-0.00128233
-0.00144322
-0.00161009
-0.00178227
-0.0019589
-0.00213887
-0.00232085
-0.00250319
-0.002684
-0.0028611
-0.00303204
-0.00319412
-0.00334443
-0.00347991
-0.00359741
-0.00369379
-0.00376604
-0.00381138
-0.00382738
-0.00381214
-0.00376442
-0.00368372
-0.00357047
-0.0034261
-0.00325311
-0.00305497
-0.00283646
-0.00260318
-0.00236173
-0.00211942
-0.0018841
-0.00166387
-0.00146683
-0.00130074
-0.0011727
-0.00108885
-0.00105407
-0.00107175
-0.00114361
-0.00126961
-0.0014479
-0.00167495
-0.00194566
-0.00225364
-0.00259147
-0.00295109
-0.00332417
-0.00370241
-0.00407794
-0.00444357
-0.00479299
-0.00512095
-0.00542329
-0.00569694
-0.00593986
-0.00615089
-0.0063296
-0.00647607
-0.00659074
-0.00667412
-0.00672667
-0.00674922
-0.00674232
-0.00669676
-0.00659917
0.000199006
0.000186228
0.000155653
0.000109856
5.12316e-05
-1.86313e-05
-9.85068e-05
-0.000187448
-0.000284786
-0.000390093
-0.000503133
-0.000623802
-0.000752086
-0.000888005
-0.00103156
-0.00118271
-0.00134129
-0.001507
-0.00167936
-0.0018577
-0.00204107
-0.00222827
-0.00241779
-0.00260779
-0.00279614
-0.00298034
-0.00315764
-0.00332497
-0.0034791
-0.00361661
-0.00373407
-0.00382814
-0.00389564
-0.00393378
-0.00394026
-0.00391343
-0.00385244
-0.00375735
-0.00362932
-0.00347063
-0.00328448
-0.00307556
-0.00284941
-0.00261262
-0.00237258
-0.00213728
-0.00191503
-0.00171418
-0.00154279
-0.00140829
-0.00131716
-0.00127462
-0.00128439
-0.00134845
-0.00146697
-0.00163828
-0.00185889
-0.00212369
-0.00242622
-0.0027589
-0.00311349
-0.00348142
-0.00385421
-0.00422379
-0.00458284
-0.00492503
-0.00524511
-0.00553909
-0.00580409
-0.00603839
-0.00624116
-0.00641232
-0.0065523
-0.00666179
-0.00674141
-0.00679149
-0.00681249
-0.0068043
-0.00675604
-0.00665253
0.000314534
0.000283807
0.000241885
0.000189026
0.000125877
5.37464e-05
-2.64799e-05
-0.000114297
-0.000209454
-0.000311901
-0.000421752
-0.000539224
-0.000664601
-0.000798176
-0.000940217
-0.00109092
-0.00125037
-0.00141849
-0.00159503
-0.00177948
-0.00197109
-0.00216875
-0.00237105
-0.00257618
-0.00278196
-0.0029858
-0.00318476
-0.00337556
-0.00355462
-0.00371821
-0.00386248
-0.00398362
-0.00407803
-0.00414243
-0.00417405
-0.0041708
-0.00413142
-0.00405558
-0.00394417
-0.0037994
-0.00362376
-0.00342223
-0.00320024
-0.0029644
-0.00272223
-0.00248191
-0.00225202
-0.00204127
-0.00185811
-0.00171042
-0.00160516
-0.00154803
-0.00154322
-0.00159314
-0.00169833
-0.00185738
-0.00206701
-0.00232218
-0.00261638
-0.00294193
-0.00329036
-0.00365285
-0.0040206
-0.00438527
-0.00473924
-0.00507622
-0.00539051
-0.00567832
-0.00593687
-0.00616458
-0.00636089
-0.00652604
-0.00666075
-0.00676597
-0.00684249
-0.00689066
-0.00691082
-0.00690251
-0.0068544
-0.00675098
0.000447166
0.000395347
0.000339982
0.000278512
0.00020956
0.000133992
5.2251e-05
-3.56815e-05
-0.000130035
-0.000231192
-0.000339655
-0.000456
-0.000580843
-0.000714789
-0.000858398
-0.00101215
-0.0011764
-0.00135133
-0.00153691
-0.00173283
-0.00193848
-0.00215287
-0.0023746
-0.00260184
-0.00283229
-0.00306318
-0.00329128
-0.00351297
-0.00372428
-0.00392099
-0.00409875
-0.00425323
-0.00438026
-0.00447603
-0.00453725
-0.00456133
-0.00454654
-0.00449215
-0.00439882
-0.00426882
-0.00410285
-0.00390731
-0.00368725
-0.00344922
-0.00320087
-0.0029506
-0.00270731
-0.00248011
-0.00227795
-0.00210927
-0.00198165
-0.00190142
-0.00187342
-0.00190067
-0.00198428
-0.00212331
-0.00231481
-0.002554
-0.00283443
-0.00314838
-0.00348721
-0.00384182
-0.00420308
-0.00456229
-0.00491148
-0.00524387
-0.00555381
-0.00583718
-0.00609117
-0.00631426
-0.00650607
-0.00666701
-0.00679808
-0.00690047
-0.00697516
-0.00702267
-0.00704333
-0.00703662
-0.00699162
-0.00689347
0.000591997
0.000516489
0.000445924
0.00037472
0.000298967
0.00021899
0.000134691
4.54321e-05
-4.95668e-05
-0.000151172
-0.000260319
-0.000377979
-0.000505129
-0.000642718
-0.000791633
-0.000952664
-0.00112646
-0.00131347
-0.00151391
-0.00172764
-0.00195418
-0.00219261
-0.00244151
-0.00269893
-0.00296238
-0.0032288
-0.0034946
-0.00375569
-0.00400761
-0.00424555
-0.00446458
-0.00465974
-0.00482624
-0.00495966
-0.00505611
-0.00511245
-0.00512646
-0.00509697
-0.00502405
-0.00490906
-0.00475453
-0.00456483
-0.00434526
-0.00410248
-0.00384422
-0.00357913
-0.00331643
-0.0030657
-0.00283643
-0.00263776
-0.002478
-0.00236432
-0.00230238
-0.00229607
-0.00234728
-0.00245579
-0.00261923
-0.00283326
-0.00309171
-0.00338693
-0.00371022
-0.00405225
-0.00440353
-0.00475494
-0.00509808
-0.00542566
-0.0057317
-0.00601173
-0.00626272
-0.00648309
-0.0066724
-0.00683121
-0.00696065
-0.0070621
-0.00713678
-0.00718537
-0.00720833
-0.00720523
-0.00716607
-0.00707737
0.000743631
0.0006423
0.000555256
0.000473441
0.000390116
0.000304919
0.000217095
0.000125281
2.80704e-05
-7.59368e-05
-0.000188154
-0.000309979
-0.000442784
-0.000587886
-0.000746528
-0.000919836
-0.00110877
-0.00131406
-0.00153613
-0.00177503
-0.00203038
-0.00230125
-0.00258614
-0.00288292
-0.00318881
-0.00350035
-0.0038135
-0.00412362
-0.00442561
-0.00471404
-0.00498328
-0.00522767
-0.00544173
-0.00562035
-0.00575898
-0.00585386
-0.0059022
-0.00590233
-0.00585358
-0.00575614
-0.00561505
-0.0054318
-0.00521208
-0.00496256
-0.00469105
-0.00440636
-0.00411806
-0.00383618
-0.00357086
-0.00333199
-0.00312878
-0.0029694
-0.00286061
-0.00280737
-0.00281267
-0.00287728
-0.00299974
-0.00317642
-0.00340167
-0.00366816
-0.00396724
-0.00428946
-0.00462504
-0.00496439
-0.00529858
-0.00561974
-0.00592136
-0.00619845
-0.00644759
-0.00666689
-0.00685577
-0.00701468
-0.00714481
-0.00724763
-0.0073245
-0.00737632
-0.00740367
-0.00740627
-0.00737538
-0.00729928
0.000896128
0.000767293
0.000662807
0.000569774
0.000478308
0.000387202
0.000294908
0.000199245
9.8102e-05
-1.05161e-05
-0.000128534
-0.000257811
-0.000400142
-0.000557242
-0.000730731
-0.000922091
-0.0011326
-0.00136326
-0.00161472
-0.00188718
-0.00218027
-0.00249304
-0.00282382
-0.00317022
-0.00352906
-0.00389642
-0.00426768
-0.00463756
-0.00500027
-0.00534963
-0.00567924
-0.00598269
-0.00625371
-0.00648644
-0.0066756
-0.00681672
-0.00690631
-0.0069421
-0.00692292
-0.00684888
-0.0067227
-0.00654727
-0.00632759
-0.00607009
-0.0057825
-0.00547373
-0.00515364
-0.00483271
-0.00452174
-0.00423146
-0.00397213
-0.00375311
-0.00358243
-0.00346649
-0.00340964
-0.00341405
-0.00347949
-0.00360341
-0.00378103
-0.0040056
-0.00426879
-0.00456119
-0.0048728
-0.00519359
-0.00551405
-0.00582563
-0.00612109
-0.00639475
-0.00664259
-0.00686217
-0.00705253
-0.00721386
-0.00734718
-0.00745395
-0.00753556
-0.00759302
-0.00762703
-0.00763744
-0.0076169
-0.00755565
0.00104295
0.000885352
0.000762771
0.000658143
0.000558117
0.000460479
0.000362753
0.000261834
0.000154835
3.91175e-05
-8.77988e-05
-0.000228264
-0.000384524
-0.00055872
-0.000752869
-0.000968816
-0.00120816
-0.00147218
-0.00176171
-0.00207703
-0.00241781
-0.00278294
-0.00317053
-0.00357782
-0.00400117
-0.00443608
-0.00487728
-0.00531876
-0.00575395
-0.00617586
-0.00657724
-0.00695083
-0.00728953
-0.00758664
-0.00783605
-0.00803248
-0.00817168
-0.00825058
-0.0082674
-0.00822176
-0.00811522
-0.00795054
-0.00773226
-0.00746647
-0.00716074
-0.00682399
-0.00646624
-0.00609842
-0.00573197
-0.00537851
-0.00504943
-0.00475542
-0.00450609
-0.00430949
-0.00417175
-0.00409678
-0.00408604
-0.0041385
-0.00425064
-0.00441671
-0.00462902
-0.00487845
-0.00515493
-0.0054481
-0.00574783
-0.00604479
-0.00633087
-0.00659949
-0.00684573
-0.00706641
-0.0072599
-0.00742587
-0.00756498
-0.00767843
-0.00776752
-0.00783323
-0.00787626
-0.00789654
-0.00788812
-0.00784321
0.00117702
0.000989775
0.000848727
0.000732312
0.000623413
0.000518632
0.000414443
0.000306709
0.000191702
6.60901e-05
-7.31986e-05
-0.000229039
-0.000404158
-0.000601141
-0.000822418
-0.00107021
-0.00134643
-0.0016526
-0.00198971
-0.00235812
-0.00275739
-0.00318625
-0.00364248
-0.00412286
-0.00462321
-0.00513838
-0.00566232
-0.00618825
-0.00670873
-0.00721587
-0.00770152
-0.0081575
-0.00857577
-0.00894872
-0.00926932
-0.00953139
-0.0097298
-0.00986059
-0.00992117
-0.00991046
-0.0098291
-0.00967928
-0.00946494
-0.00919171
-0.00886684
-0.00849912
-0.00809866
-0.0076767
-0.00724526
-0.00681686
-0.00640404
-0.006019
-0.00567306
-0.00537622
-0.00513673
-0.00496068
-0.00485168
-0.00481073
-0.00483612
-0.00492354
-0.00506641
-0.00525624
-0.0054832
-0.00573671
-0.0060061
-0.0062812
-0.00655285
-0.00681335
-0.00705666
-0.0072785
-0.00747628
-0.00764886
-0.00779625
-0.00791915
-0.00801853
-0.00809518
-0.00814965
-0.00818181
-0.00818699
-0.00815934
0.00129065
0.00107331
0.000913687
0.000785435
0.000667405
0.000554844
0.000443043
0.000326752
0.000201334
6.27187e-05
-9.27946e-05
-0.000268637
-0.00046804
-0.000694054
-0.000949531
-0.00123706
-0.00155888
-0.00191672
-0.0023117
-0.00274414
-0.00321351
-0.00371823
-0.00425569
-0.00482215
-0.00541278
-0.00602167
-0.00664198
-0.00726602
-0.00788542
-0.00849134
-0.00907463
-0.0096261
-0.0101367
-0.0105979
-0.0110015
-0.0113405
-0.0116086
-0.011801
-0.0119142
-0.0119461
-0.0118965
-0.0117667
-0.0115601
-0.0112815
-0.0109378
-0.0105375
-0.0100906
-0.00960845
-0.00910359
-0.00858931
-0.00807933
-0.00758734
-0.00712651
-0.00670904
-0.00634559
-0.00604485
-0.0058131
-0.0056539
-0.00556794
-0.00555302
-0.00560418
-0.00571411
-0.00587356
-0.00607204
-0.00629845
-0.00654178
-0.00679174
-0.00703927
-0.00727689
-0.00749893
-0.00770146
-0.00788217
-0.00804007
-0.00817506
-0.00828752
-0.0083778
-0.00844611
-0.00849208
-0.00851219
-0.0085023
0.00137571
0.00112823
0.000950166
0.000810139
0.000682733
0.000561682
0.000440981
0.000314184
0.000175691
2.06502e-05
-0.000155302
-0.00035618
-0.000585741
-0.000847518
-0.0011448
-0.00148054
-0.00185726
-0.00227688
-0.00274058
-0.00324863
-0.00380026
-0.00439358
-0.00502545
-0.00569153
-0.00638626
-0.00710291
-0.00783373
-0.00857006
-0.00930253
-0.0100212
-0.010716
-0.0113765
-0.0119927
-0.0125548
-0.0130537
-0.0134812
-0.01383
-0.0140943
-0.0142694
-0.0143523
-0.0143418
-0.0142384
-0.0140444
-0.0137641
-0.0134035
-0.0129707
-0.0124753
-0.0119288
-0.011344
-0.0107347
-0.0101157
-0.00950208
-0.00890896
-0.00835079
-0.00784092
-0.00739097
-0.00701036
-0.00670585
-0.00648117
-0.00633691
-0.00627049
-0.00627636
-0.00634649
-0.00647085
-0.00663821
-0.00683681
-0.00705515
-0.00728265
-0.00751011
-0.00773003
-0.00793678
-0.00812645
-0.00829666
-0.00844613
-0.0085743
-0.00868083
-0.00876532
-0.00882697
-0.0088632
-0.00887136
0.00142364
0.00114645
0.000950305
0.000798639
0.000661593
0.000531244
0.000400192
0.000260725
0.000106233
-6.89506e-05
-0.000269882
-0.000501185
-0.000767163
-0.00107184
-0.00141895
-0.00181179
-0.00225316
-0.00274511
-0.00328883
-0.00388445
-0.00453092
-0.00522589
-0.00596568
-0.00674522
-0.00755812
-0.00839676
-0.00925239
-0.0101153
-0.010975
-0.0118205
-0.0126405
-0.0134234
-0.0141581
-0.0148336
-0.0154398
-0.0159672
-0.0164075
-0.0167537
-0.0170002
-0.0171428
-0.0171793
-0.0171092
-0.0169338
-0.0166565
-0.0162825
-0.0158193
-0.0152759
-0.0146634
-0.0139947
-0.013284
-0.0125468
-0.0117996
-0.011059
-0.0103418
-0.00966422
-0.00904101
-0.00848514
-0.0080071
-0.00761439
-0.00731115
-0.00709799
-0.00697202
-0.00692709
-0.00695431
-0.00704274
-0.00718013
-0.00735385
-0.00755162
-0.00776225
-0.00797607
-0.00818524
-0.00838379
-0.00856745
-0.00873337
-0.00887962
-0.00900484
-0.00910777
-0.00918693
-0.0092404
-0.00926691
0.00142571
0.00111966
0.000906004
0.000742886
0.000595896
0.000455326
0.000312296
0.000157783
-1.58705e-05
-0.000215176
-0.000445904
-0.000713309
-0.00102226
-0.00137729
-0.00178254
-0.00224168
-0.0027577
-0.00333277
-0.00396801
-0.00466334
-0.00541733
-0.00622711
-0.00708831
-0.00799506
-0.00894008
-0.0099147
-0.0109091
-0.0119124
-0.012913
-0.0138987
-0.0148567
-0.0157746
-0.0166398
-0.0174402
-0.0181646
-0.0188022
-0.0193439
-0.0197813
-0.0201079
-0.0203185
-0.0204097
-0.0203802
-0.0202301
-0.0199618
-0.0195796
-0.0190901
-0.0185015
-0.0178245
-0.0170715
-0.0162567
-0.0153961
-0.0145068
-0.0136073
-0.0127163
-0.0118526
-0.0110342
-0.010278
-0.00959865
-0.00900797
-0.00851453
-0.00812305
-0.00783425
-0.00764484
-0.00754792
-0.00753349
-0.00758933
-0.00770186
-0.00785712
-0.00804167
-0.0082433
-0.00845148
-0.00865762
-0.00885506
-0.00903879
-0.00920513
-0.00935127
-0.00947476
-0.00957321
-0.00964511
-0.00969035
0.00137309
0.00103949
0.000809106
0.000634758
0.000477457
0.000325616
0.000168815
-3.31573e-06
-0.0001995
-0.000427114
-0.000692663
-0.00100205
-0.00136072
-0.00177371
-0.00224559
-0.00278033
-0.0033811
-0.0040501
-0.00478833
-0.00559539
-0.0064694
-0.00740685
-0.00840259
-0.00944984
-0.0105403
-0.0116641
-0.0128104
-0.0139669
-0.0151208
-0.0162584
-0.017366
-0.0184296
-0.0194356
-0.0203706
-0.0212221
-0.0219786
-0.0226296
-0.023166
-0.0235801
-0.0238659
-0.0240191
-0.024037
-0.0239191
-0.0236665
-0.0232827
-0.022773
-0.0221449
-0.0214079
-0.0205739
-0.0196566
-0.018672
-0.0176378
-0.016573
-0.0154983
-0.0144347
-0.0134035
-0.0124252
-0.011519
-0.0107016
-0.00998673
-0.00938417
-0.00889932
-0.00853291
-0.00828112
-0.0081359
-0.00808573
-0.00811658
-0.00821299
-0.00835917
-0.00854001
-0.00874181
-0.00895278
-0.00916322
-0.0093654
-0.00955333
-0.00972232
-0.00986836
-0.00998785
-0.0100795
-0.0101441
0.00125712
0.000897733
0.000651587
0.000466254
0.000298207
0.000133924
-3.85921e-05
-0.00023107
-0.00045331
-0.000713563
-0.00101909
-0.00137644
-0.00179165
-0.00227025
-0.00281721
-0.00343677
-0.00413224
-0.00490577
-0.00575813
-0.00668855
-0.00769454
-0.00877186
-0.00991446
-0.0111145
-0.0123626
-0.0136476
-0.0149572
-0.0162779
-0.0175955
-0.018895
-0.0201612
-0.0213789
-0.0225332
-0.0236098
-0.0245949
-0.0254762
-0.0262422
-0.026883
-0.0273901
-0.0277566
-0.0279774
-0.0280489
-0.0279697
-0.02774
-0.027362
-0.0268399
-0.02618
-0.0253909
-0.0244831
-0.0234698
-0.022366
-0.0211894
-0.0199595
-0.0186977
-0.0174269
-0.0161712
-0.0149545
-0.0138005
-0.012731
-0.0117656
-0.0109198
-0.0102049
-0.00962697
-0.00918657
-0.00887887
-0.00869415
-0.0086187
-0.008636
-0.00872801
-0.00887652
-0.00906418
-0.00927538
-0.00949671
-0.00971706
-0.00992749
-0.0101209
-0.0102913
-0.0104336
-0.0105463
-0.0106313
0.00106954
0.000686561
0.000425784
0.000229716
5.04253e-05
-0.000127578
-0.000317873
-0.000533541
-0.000785453
-0.00108274
-0.00143342
-0.0018447
-0.0023232
-0.00287493
-0.00350523
-0.00421856
-0.00501829
-0.00590645
-0.00688348
-0.00794811
-0.00909715
-0.0103255
-0.011626
-0.0129897
-0.0144059
-0.015862
-0.0173444
-0.018838
-0.0203272
-0.0217954
-0.0232263
-0.0246034
-0.0259105
-0.0271322
-0.0282542
-0.029263
-0.0301465
-0.0308943
-0.0314971
-0.0319476
-0.0322399
-0.0323697
-0.0323349
-0.0321346
-0.0317702
-0.0312445
-0.0305627
-0.0297319
-0.0287613
-0.0276626
-0.02645
-0.0251399
-0.0237517
-0.0223069
-0.0208296
-0.0193454
-0.0178815
-0.0164655
-0.0151245
-0.0138836
-0.0127654
-0.0117877
-0.0109634
-0.0102988
-0.009794
-0.00944244
-0.00923194
-0.00914571
-0.0091639
-0.00926513
-0.0094281
-0.00963278
-0.0098613
-0.0100984
-0.0103315
-0.0105505
-0.0107468
-0.0109136
-0.0110491
-0.0111559
0.000802696
0.000398722
0.000124608
-8.19382e-05
-0.000273026
-0.000466103
-0.000676316
-0.000918072
-0.0012033
-0.00154199
-0.00194292
-0.00241395
-0.00296227
-0.00359435
-0.00431584
-0.00513138
-0.0060443
-0.0070564
-0.00816773
-0.00937633
-0.0106782
-0.0120672
-0.013535
-0.0150713
-0.0166638
-0.0182986
-0.0199604
-0.0216326
-0.023298
-0.0249386
-0.0265368
-0.0280747
-0.0295353
-0.0309023
-0.0321605
-0.033296
-0.0342963
-0.0351504
-0.0358488
-0.0363838
-0.0367491
-0.0369401
-0.0369537
-0.0367887
-0.0364452
-0.0359252
-0.0352323
-0.0343721
-0.0333524
-0.0321831
-0.0308766
-0.029448
-0.0279153
-0.0262995
-0.0246245
-0.022917
-0.0212062
-0.0195229
-0.0178986
-0.0163646
-0.0149501
-0.0136806
-0.0125767
-0.0116525
-0.0109142
-0.0103606
-0.00998257
-0.00976428
-0.00968487
-0.00972017
-0.0098447
-0.0100335
-0.0102636
-0.0105147
-0.0107698
-0.0110149
-0.0112387
-0.0114316
-0.0115916
-0.0117221
0.000449768
2.77843e-05
-0.000258232
-0.000474983
-0.000678453
-0.000888
-0.0011203
-0.00139103
-0.00171314
-0.00209749
-0.00255357
-0.0030899
-0.0037142
-0.00443336
-0.00525329
-0.00617873
-0.00721288
-0.00835721
-0.00961119
-0.0109721
-0.0124349
-0.0139923
-0.0156346
-0.0173499
-0.0191245
-0.0209427
-0.0227874
-0.0246405
-0.0264831
-0.028296
-0.0300601
-0.0317565
-0.0333675
-0.0348759
-0.0362661
-0.0375239
-0.0386365
-0.039593
-0.0403838
-0.0410011
-0.0414384
-0.041691
-0.0417555
-0.04163
-0.0413139
-0.0408082
-0.0401152
-0.0392391
-0.0381857
-0.0369631
-0.0355817
-0.0340543
-0.0323972
-0.0306296
-0.0287744
-0.026858
-0.0249104
-0.0229645
-0.0210556
-0.0192199
-0.0174932
-0.0159092
-0.0144971
-0.0132798
-0.0122721
-0.0114797
-0.0108986
-0.010516
-0.0103111
-0.0102578
-0.0103266
-0.0104874
-0.0107112
-0.0109719
-0.0112472
-0.0115185
-0.0117708
-0.0119915
-0.0121781
-0.0123346
5.02234e-06
-0.00043165
-0.000728001
-0.000954664
-0.00117111
-0.00139852
-0.00165503
-0.00195754
-0.00231998
-0.002754
-0.00326982
-0.00387657
-0.00458247
-0.00539478
-0.00631961
-0.00736167
-0.00852396
-0.00980747
-0.011211
-0.0127308
-0.0143607
-0.016092
-0.0179135
-0.0198117
-0.0217709
-0.0237738
-0.0258015
-0.0278342
-0.0298514
-0.0318326
-0.0337575
-0.0356064
-0.0373606
-0.0390028
-0.0405172
-0.0418894
-0.0431068
-0.0441587
-0.0450357
-0.0457302
-0.0462361
-0.0465485
-0.0466642
-0.0465807
-0.0462969
-0.0458131
-0.0451303
-0.0442514
-0.0431804
-0.0419233
-0.0404881
-0.0388854
-0.0371285
-0.0352344
-0.0332238
-0.0311217
-0.0289574
-0.0267645
-0.0245804
-0.0224453
-0.020401
-0.0184888
-0.0167468
-0.015208
-0.0138973
-0.0128297
-0.0120087
-0.0114264
-0.0110645
-0.0108959
-0.010888
-0.0110052
-0.0112122
-0.0114764
-0.0117689
-0.0120657
-0.0123472
-0.0125974
-0.0128126
-0.0129979
-0.000535998
-0.000983748
-0.00128874
-0.00152499
-0.00175497
-0.0020016
-0.00228437
-0.0026213
-0.00302723
-0.00351462
-0.00409432
-0.00477606
-0.0055685
-0.0064792
-0.00751438
-0.00867864
-0.00997462
-0.0114027
-0.0129608
-0.014644
-0.0164449
-0.0183532
-0.0203559
-0.0224377
-0.0245811
-0.0267667
-0.028974
-0.0311814
-0.0333669
-0.0355088
-0.0375857
-0.0395772
-0.0414644
-0.0432296
-0.0448571
-0.0463329
-0.0476448
-0.0487824
-0.0497371
-0.0505016
-0.0510703
-0.0514388
-0.0516036
-0.0515625
-0.0513142
-0.050858
-0.0501944
-0.0493248
-0.0482515
-0.0469786
-0.0455116
-0.0438583
-0.0420292
-0.0400381
-0.0379026
-0.0356452
-0.033293
-0.0308787
-0.0284401
-0.0260199
-0.0236642
-0.0214209
-0.0193372
-0.0174562
-0.0158143
-0.0144378
-0.0133402
-0.0125215
-0.0119679
-0.0116538
-0.0115442
-0.0115989
-0.0117759
-0.0120351
-0.0123404
-0.0126611
-0.0129721
-0.0132532
-0.0134994
-0.0137165
-0.00117629
-0.00163127
-0.00194311
-0.00218856
-0.00243258
-0.00269968
-0.00301058
-0.00338433
-0.00383663
-0.00438062
-0.00502781
-0.00578842
-0.00667151
-0.00768486
-0.00883468
-0.0101254
-0.011559
-0.0131353
-0.014851
-0.0167001
-0.0186734
-0.020759
-0.0229421
-0.0252053
-0.0275291
-0.0298922
-0.0322722
-0.034646
-0.0369901
-0.0392818
-0.0414988
-0.0436203
-0.0456272
-0.047502
-0.0492294
-0.0507957
-0.0521897
-0.0534015
-0.0544233
-0.0552488
-0.0558728
-0.0562916
-0.056502
-0.0565019
-0.0562901
-0.0558655
-0.0552279
-0.0543775
-0.0533156
-0.052044
-0.0505662
-0.048887
-0.047014
-0.0449572
-0.0427308
-0.0403533
-0.0378488
-0.0352472
-0.0325851
-0.0299054
-0.0272568
-0.0246921
-0.0222663
-0.0200326
-0.0180393
-0.0163257
-0.0149177
-0.013826
-0.0130445
-0.0125514
-0.0123117
-0.0122814
-0.0124121
-0.0126555
-0.0129674
-0.0133094
-0.0136497
-0.0139628
-0.0142423
-0.0144946
-0.00191726
-0.00237543
-0.00269223
-0.00294643
-0.0032049
-0.00349355
-0.00383424
-0.00424691
-0.004748
-0.00535133
-0.00606894
-0.00691151
-0.00788841
-0.00900752
-0.010275
-0.0116948
-0.0132684
-0.0149946
-0.016869
-0.0188839
-0.0210287
-0.0232893
-0.025649
-0.0280883
-0.0305857
-0.033118
-0.0356609
-0.0381898
-0.0406801
-0.0431079
-0.0454506
-0.0476872
-0.0497987
-0.0517679
-0.0535801
-0.0552227
-0.056685
-0.0579584
-0.0590359
-0.059912
-0.0605827
-0.0610447
-0.0612956
-0.0613337
-0.0611576
-0.0607663
-0.0601593
-0.059336
-0.0582964
-0.0570409
-0.0555708
-0.0538885
-0.0519983
-0.0499067
-0.0476239
-0.0451641
-0.0425468
-0.0397982
-0.0369516
-0.0340481
-0.0311366
-0.0282728
-0.0255173
-0.0229324
-0.0205781
-0.0185073
-0.0167604
-0.0153617
-0.0143161
-0.0136088
-0.0132076
-0.0130664
-0.0131312
-0.0133455
-0.0136559
-0.0140153
-0.0143839
-0.01473
-0.0150451
-0.0153361
-0.00275861
-0.00321581
-0.00353559
-0.003798
-0.0040712
-0.0043823
-0.00475413
-0.00520742
-0.00575927
-0.00642403
-0.00721425
-0.00814097
-0.00921377
-0.0104406
-0.0118272
-0.0133773
-0.0150915
-0.0169673
-0.0189991
-0.0211776
-0.0234902
-0.0259209
-0.0284508
-0.0310583
-0.0337199
-0.0364103
-0.0391037
-0.041774
-0.0443956
-0.0469441
-0.0493965
-0.0517319
-0.0539316
-0.0559792
-0.0578607
-0.0595645
-0.0610812
-0.0624031
-0.0635244
-0.0644407
-0.0651489
-0.0656465
-0.0659318
-0.0660036
-0.065861
-0.065503
-0.0649288
-0.0641376
-0.0631284
-0.0619004
-0.0604533
-0.0587873
-0.0569038
-0.0548059
-0.0524996
-0.0499945
-0.0473054
-0.044453
-0.0414662
-0.0383821
-0.0352474
-0.0321182
-0.0290582
-0.0261366
-0.0234239
-0.0209863
-0.0188802
-0.0171456
-0.0158018
-0.014845
-0.0142488
-0.013968
-0.0139441
-0.0141131
-0.0144119
-0.0147833
-0.0151784
-0.0155581
-0.0159109
-0.0162442
-0.00369828
-0.0041503
-0.00447102
-0.00474099
-0.005029
-0.00536319
-0.00576719
-0.00626237
-0.00686635
-0.00759398
-0.00845818
-0.00947027
-0.0106399
-0.011975
-0.013481
-0.0151608
-0.0170142
-0.0190375
-0.0212234
-0.0235609
-0.0260354
-0.0286289
-0.0313201
-0.0340855
-0.0368993
-0.0397347
-0.0425642
-0.0453606
-0.0480974
-0.0507499
-0.0532952
-0.0557124
-0.0579837
-0.0600935
-0.0620289
-0.0637794
-0.0653367
-0.0666945
-0.0678481
-0.0687943
-0.0695308
-0.0700562
-0.0703695
-0.0704701
-0.0703574
-0.070031
-0.0694899
-0.0687332
-0.0677595
-0.0665672
-0.0651545
-0.0635201
-0.0616628
-0.0595828
-0.0572823
-0.0547663
-0.0520443
-0.0491315
-0.0460506
-0.0428336
-0.0395226
-0.0361711
-0.0328432
-0.0296121
-0.0265565
-0.023755
-0.0212796
-0.0191878
-0.0175165
-0.0162765
-0.0154513
-0.0149999
-0.014862
-0.0149669
-0.0152415
-0.0156179
-0.0160367
-0.0164499
-0.0168424
-0.0172217
-0.00473246
-0.00517509
-0.00549465
-0.00577139
-0.00607411
-0.00643173
-0.00686854
-0.00740638
-0.00806328
-0.00885447
-0.00979314
-0.0108908
-0.0121571
-0.0135998
-0.0152237
-0.0170311
-0.0190206
-0.0211872
-0.0235218
-0.0260117
-0.0286401
-0.0313868
-0.0342285
-0.0371394
-0.0400919
-0.0430575
-0.0460074
-0.0489135
-0.0517488
-0.0544883
-0.0571093
-0.0595919
-0.0619186
-0.0640752
-0.0660499
-0.0678333
-0.0694186
-0.0708007
-0.0719761
-0.0729425
-0.0736989
-0.0742446
-0.0745794
-0.0747034
-0.0746166
-0.0743188
-0.0738095
-0.0730876
-0.0721516
-0.0709996
-0.0696289
-0.0680369
-0.0662206
-0.0641777
-0.0619071
-0.0594098
-0.05669
-0.0537572
-0.0506276
-0.0473263
-0.0438893
-0.040365
-0.0368149
-0.033313
-0.0299428
-0.026793
-0.0239502
-0.0214901
-0.019469
-0.0179159
-0.0168289
-0.016175
-0.0158956
-0.015915
-0.0161507
-0.0165234
-0.0169619
-0.0174078
-0.0178416
-0.0182704
-0.00585563
-0.00628472
-0.00660097
-0.00688356
-0.00720065
-0.00758173
-0.00805155
-0.00863228
-0.00934224
-0.0101969
-0.0112097
-0.012392
-0.0137537
-0.0153018
-0.0170409
-0.0189721
-0.0210929
-0.0233968
-0.0258731
-0.0285068
-0.0312793
-0.034168
-0.0371475
-0.0401902
-0.0432666
-0.0463467
-0.0494007
-0.0523997
-0.0553166
-0.0581264
-0.060807
-0.063339
-0.0657063
-0.0678955
-0.0698962
-0.0717005
-0.0733026
-0.0746987
-0.0758865
-0.0768649
-0.0776335
-0.0781927
-0.0785431
-0.0786853
-0.0786199
-0.0783471
-0.0778668
-0.0771783
-0.07628
-0.07517
-0.0738452
-0.0723021
-0.0705366
-0.0685447
-0.0663224
-0.0638673
-0.0611792
-0.0582618
-0.0551248
-0.0517859
-0.0482736
-0.0446291
-0.0409085
-0.037183
-0.0335377
-0.030068
-0.0268726
-0.0240444
-0.0216604
-0.0197708
-0.0183922
-0.0175045
-0.0170548
-0.0169651
-0.0171451
-0.0175035
-0.0179563
-0.0184335
-0.0189098
-0.0193915
-0.00706062
-0.00747215
-0.00778292
-0.00807031
-0.00840116
-0.00880535
-0.00930794
-0.00993125
-0.0106937
-0.011611
-0.0126965
-0.0139618
-0.0154162
-0.0170665
-0.0189165
-0.0209663
-0.0232121
-0.0256458
-0.0282548
-0.0310224
-0.0339275
-0.0369456
-0.0400493
-0.0432091
-0.0463938
-0.0495725
-0.0527142
-0.0557898
-0.058772
-0.0616364
-0.0643613
-0.0669285
-0.0693229
-0.0715323
-0.0735477
-0.0753623
-0.0769718
-0.0783734
-0.0795659
-0.0805492
-0.0813237
-0.0818907
-0.0822512
-0.0824067
-0.0823582
-0.0821066
-0.0816519
-0.080994
-0.0801316
-0.0790627
-0.0777846
-0.0762932
-0.074584
-0.0726515
-0.0704902
-0.0680946
-0.0654609
-0.0625879
-0.059479
-0.0561446
-0.0526047
-0.0488922
-0.0450553
-0.0411593
-0.0372871
-0.0335368
-0.0300158
-0.0268323
-0.0240832
-0.0218419
-0.0201471
-0.0189967
-0.0183477
-0.0181241
-0.0182294
-0.0185613
-0.0190218
-0.0195278
-0.0200472
-0.0205848
-0.0083388
-0.00872894
-0.00903205
-0.00932299
-0.00966675
-0.0100934
-0.010628
-0.011293
-0.0121068
-0.0130851
-0.0142412
-0.0155864
-0.0171299
-0.0188779
-0.0208333
-0.0229951
-0.0253582
-0.0279128
-0.0306445
-0.0335345
-0.0365598
-0.0396938
-0.0429074
-0.046169
-0.0494466
-0.0527079
-0.0559215
-0.0590581
-0.0620907
-0.0649952
-0.0677509
-0.0703407
-0.0727505
-0.0749696
-0.0769902
-0.0788067
-0.0804159
-0.0818163
-0.0830074
-0.08399
-0.0847654
-0.0853353
-0.0857016
-0.0858661
-0.0858305
-0.0855959
-0.0851631
-0.0845322
-0.0837025
-0.0826723
-0.0814392
-0.0799992
-0.0783477
-0.0764786
-0.0743853
-0.0720604
-0.0694973
-0.0666906
-0.0636382
-0.0603436
-0.0568187
-0.0530869
-0.049187
-0.0451759
-0.0411307
-0.0371479
-0.0333395
-0.0298253
-0.0267207
-0.0241225
-0.0220943
-0.020656
-0.0197803
-0.0193973
-0.0194076
-0.0196988
-0.020159
-0.0206905
-0.021253
-0.0218492
-0.00968021
-0.0100454
-0.0103387
-0.0106318
-0.0109873
-0.0114352
-0.0120007
-0.0127059
-0.0135692
-0.0146061
-0.0158297
-0.0172512
-0.0188792
-0.0207192
-0.0227733
-0.0250394
-0.0275109
-0.0301763
-0.0330196
-0.0360198
-0.0391521
-0.0423881
-0.0456967
-0.0490453
-0.0524004
-0.0557291
-0.0589998
-0.0621831
-0.0652523
-0.0681842
-0.0709591
-0.0735607
-0.0759765
-0.0781968
-0.080215
-0.0820269
-0.0836301
-0.085024
-0.0862092
-0.0871871
-0.0879595
-0.0885288
-0.0888973
-0.0890673
-0.0890408
-0.0888196
-0.0884048
-0.087797
-0.086996
-0.0860007
-0.0848092
-0.083418
-0.0818225
-0.080017
-0.0779941
-0.0757455
-0.0732627
-0.0705371
-0.0675623
-0.0643356
-0.060861
-0.0571529
-0.0532397
-0.0491678
-0.0450056
-0.0408439
-0.0367951
-0.0329859
-0.0295472
-0.0265977
-0.0242274
-0.0224821
-0.021355
-0.0207877
-0.0206819
-0.0209171
-0.0213676
-0.0219201
-0.0225251
-0.0231821
-0.0110738
-0.0114107
-0.011692
-0.0119857
-0.0123516
-0.0128194
-0.0134141
-0.0141575
-0.0150678
-0.0161602
-0.0174475
-0.0189406
-0.0206474
-0.0225729
-0.0247182
-0.0270798
-0.0296499
-0.0324153
-0.0353582
-0.0384559
-0.0416816
-0.0450054
-0.0483947
-0.0518155
-0.0552337
-0.0586156
-0.0619297
-0.0651468
-0.0682407
-0.0711891
-0.0739733
-0.0765782
-0.0789923
-0.0812073
-0.0832176
-0.08502
-0.0866132
-0.0879973
-0.0891735
-0.0901438
-0.0909106
-0.0914767
-0.0918447
-0.0920174
-0.091997
-0.0917857
-0.0913852
-0.0907964
-0.0900199
-0.0890551
-0.0879006
-0.0865538
-0.0850106
-0.0832657
-0.081312
-0.0791408
-0.0767424
-0.0741064
-0.0712229
-0.0680843
-0.0646879
-0.0610392
-0.0571561
-0.0530739
-0.0488496
-0.0445654
-0.0403289
-0.0362695
-0.0325286
-0.0292446
-0.0265335
-0.0244694
-0.0230707
-0.0222959
-0.0220527
-0.0222155
-0.0226456
-0.0232137
-0.0238599
-0.0245793
-0.0125076
-0.0128133
-0.0130806
-0.0133732
-0.0137478
-0.0142336
-0.0148554
-0.0156345
-0.0165887
-0.0177328
-0.0190793
-0.0206385
-0.0224179
-0.0244215
-0.0266494
-0.0290972
-0.0317553
-0.0346093
-0.0376394
-0.0408215
-0.0441272
-0.0475249
-0.0509807
-0.0544599
-0.0579276
-0.0613499
-0.0646952
-0.0679348
-0.0710434
-0.0739993
-0.0767849
-0.0793863
-0.0817931
-0.0839981
-0.0859966
-0.0877864
-0.089367
-0.0907391
-0.0919045
-0.0928656
-0.0936253
-0.0941864
-0.0945521
-0.0947253
-0.0947086
-0.0945044
-0.0941148
-0.0935412
-0.0927848
-0.0918456
-0.0907231
-0.0894153
-0.0879192
-0.08623
-0.0843413
-0.0822449
-0.0799306
-0.0773871
-0.0746022
-0.0715647
-0.0682662
-0.0647045
-0.0608878
-0.0568396
-0.0526046
-0.0482532
-0.0438847
-0.0396259
-0.035624
-0.0320328
-0.0289923
-0.026606
-0.0249212
-0.0239189
-0.0235178
-0.0235913
-0.0239896
-0.024567
-0.0252522
-0.026035
-0.0139692
-0.014241
-0.0144922
-0.0147821
-0.0151633
-0.015665
-0.0163113
-0.0171231
-0.0181176
-0.0193091
-0.0207096
-0.0223289
-0.0241737
-0.0262473
-0.0285489
-0.0310727
-0.0338079
-0.0367386
-0.0398436
-0.0430971
-0.0464693
-0.0499274
-0.0534366
-0.0569613
-0.0604661
-0.0639172
-0.0672832
-0.0705359
-0.0736507
-0.0766069
-0.0793879
-0.0819809
-0.0843764
-0.0865682
-0.0885527
-0.0903282
-0.0918949
-0.0932541
-0.0944079
-0.0953592
-0.096111
-0.0966663
-0.0970286
-0.0972007
-0.0971857
-0.0969862
-0.0966046
-0.0960427
-0.0953023
-0.094384
-0.093288
-0.0920135
-0.0905582
-0.0889185
-0.0870889
-0.085062
-0.0828281
-0.0803756
-0.0776913
-0.0747613
-0.0715731
-0.0681182
-0.0643958
-0.0604186
-0.0562181
-0.0518516
-0.0474065
-0.0430026
-0.0387876
-0.0349254
-0.0315769
-0.0288741
-0.0268958
-0.0256501
-0.0250723
-0.0250398
-0.025394
-0.0259736
-0.0266949
-0.0275416
-0.0154456
-0.0156814
-0.0159147
-0.0161998
-0.0165856
-0.0171006
-0.0177685
-0.0186095
-0.0196401
-0.0208741
-0.0223229
-0.0239956
-0.0258983
-0.0280334
-0.030399
-0.0329884
-0.0357895
-0.038785
-0.0419524
-0.0452645
-0.0486904
-0.0521963
-0.0557465
-0.0593048
-0.0628357
-0.0663056
-0.0696833
-0.0729412
-0.0760556
-0.0790066
-0.0817787
-0.0843598
-0.0867416
-0.0889187
-0.090888
-0.0926487
-0.0942013
-0.0955476
-0.09669
-0.0976315
-0.0983753
-0.0989246
-0.0992828
-0.099453
-0.0994383
-0.0992415
-0.0988653
-0.098312
-0.0975837
-0.0966818
-0.0956072
-0.09436
-0.0929391
-0.091342
-0.0895644
-0.0876001
-0.0854403
-0.083074
-0.0804877
-0.0776663
-0.0745944
-0.0712584
-0.0676505
-0.063773
-0.0596451
-0.0553099
-0.0508408
-0.0463467
-0.0419704
-0.0378808
-0.0342545
-0.0312501
-0.0289784
-0.0274784
-0.0267082
-0.0265537
-0.0268514
-0.0274252
-0.0281791
-0.0290893
-0.0169239
-0.0171219
-0.0173355
-0.0176139
-0.0180019
-0.0185274
-0.0192136
-0.0200799
-0.021142
-0.0224131
-0.023904
-0.0256231
-0.0275756
-0.0297632
-0.0321831
-0.0348274
-0.0376831
-0.0407315
-0.0439491
-0.0473076
-0.050775
-0.0543167
-0.0578964
-0.0614778
-0.0650252
-0.0685053
-0.0718872
-0.0751441
-0.078253
-0.0811949
-0.0839551
-0.0865224
-0.0888894
-0.0910511
-0.0930053
-0.0947515
-0.0962908
-0.0976249
-0.0987567
-0.0996891
-0.100425
-0.100969
-0.101323
-0.101491
-0.101475
-0.10128
-0.100907
-0.100359
-0.0996397
-0.09875
-0.0976919
-0.0964663
-0.0950733
-0.0935117
-0.0917785
-0.0898688
-0.0877754
-0.0854882
-0.0829942
-0.0802782
-0.077323
-0.0741119
-0.0706309
-0.066874
-0.0628488
-0.0585842
-0.0541387
-0.049607
-0.0451228
-0.040854
-0.0369877
-0.0337048
-0.0311477
-0.029389
-0.0284139
-0.0281231
-0.0283519
-0.0289117
-0.0296939
-0.0306667
-0.0183913
-0.0185502
-0.0187425
-0.0190121
-0.0193997
-0.0199328
-0.0206336
-0.0215208
-0.0226095
-0.0239121
-0.0254385
-0.0271964
-0.0291904
-0.0314213
-0.0338855
-0.036574
-0.039473
-0.0425627
-0.0458187
-0.0492117
-0.0527092
-0.0562757
-0.0598748
-0.0634699
-0.0670255
-0.0705084
-0.0738886
-0.0771397
-0.0802394
-0.0831696
-0.0859162
-0.088469
-0.0908209
-0.0929678
-0.0949077
-0.0966406
-0.0981677
-0.099491
-0.100613
-0.101538
-0.102267
-0.102806
-0.103156
-0.103321
-0.103304
-0.103109
-0.102737
-0.102193
-0.101479
-0.100598
-0.099552
-0.0983427
-0.0969715
-0.0954384
-0.0937418
-0.0918786
-0.0898428
-0.0876261
-0.0852166
-0.0825996
-0.0797576
-0.0766716
-0.0733236
-0.0697006
-0.0658
-0.0616378
-0.0572569
-0.0527361
-0.0481962
-0.0437987
-0.0397355
-0.0362049
-0.0333781
-0.0313623
-0.0301743
-0.0297348
-0.0298831
-0.0304205
-0.0312263
-0.03226
-0.0198353
-0.0199544
-0.020124
-0.0203827
-0.0207674
-0.0213045
-0.0220161
-0.0229197
-0.0240296
-0.0253575
-0.0269125
-0.0287016
-0.0307286
-0.0329934
-0.0354917
-0.0382139
-0.041145
-0.0442648
-0.0475478
-0.0509643
-0.054481
-0.0580624
-0.0616716
-0.0652722
-0.0688289
-0.0723088
-0.0756825
-0.0789242
-0.0820122
-0.0849292
-0.0876617
-0.0902001
-0.0925377
-0.0946709
-0.0965981
-0.0983193
-0.099836
-0.10115
-0.102265
-0.103182
-0.103907
-0.10444
-0.104787
-0.104949
-0.104931
-0.104735
-0.104364
-0.103821
-0.10311
-0.102234
-0.101196
-0.0999982
-0.0986431
-0.0971318
-0.0954644
-0.0936393
-0.0916523
-0.0894968
-0.0871626
-0.0846362
-0.0819004
-0.0789356
-0.0757211
-0.0722386
-0.0684774
-0.0644413
-0.0601586
-0.0556913
-0.0511445
-0.0466689
-0.0424552
-0.0387134
-0.0356395
-0.033375
-0.031971
-0.0313733
-0.0314304
-0.0319369
-0.0327612
-0.0338536
-0.0212444
-0.0213233
-0.0214688
-0.0217148
-0.0220936
-0.0226314
-0.0233495
-0.0242646
-0.0253902
-0.026737
-0.0283135
-0.0301258
-0.032177
-0.0344663
-0.0369888
-0.039734
-0.0426866
-0.0458254
-0.0491247
-0.0525542
-0.0560804
-0.0596674
-0.0632786
-0.0668776
-0.0704293
-0.0739015
-0.0772651
-0.0804949
-0.0835699
-0.0864731
-0.0891918
-0.0917166
-0.0940414
-0.0961626
-0.098079
-0.0997906
-0.101299
-0.102606
-0.103714
-0.104627
-0.105347
-0.105877
-0.106221
-0.106381
-0.106361
-0.106163
-0.105791
-0.105249
-0.104539
-0.103665
-0.102631
-0.10144
-0.100096
-0.0986002
-0.096955
-0.09516
-0.093213
-0.0911091
-0.0888404
-0.0863947
-0.0837563
-0.0809057
-0.0778209
-0.07448
-0.0708658
-0.0669722
-0.0628136
-0.0584356
-0.0539257
-0.0494205
-0.0451038
-0.0411913
-0.037899
-0.0354001
-0.0337819
-0.0330198
-0.0329766
-0.0334441
-0.0342817
-0.0354299
-0.0226079
-0.0226463
-0.0227668
-0.022998
-0.0233682
-0.0239031
-0.0246232
-0.0255447
-0.0266801
-0.0280392
-0.0296298
-0.0314572
-0.0335238
-0.0358283
-0.038365
-0.041123
-0.0440864
-0.0472339
-0.0505392
-0.0539719
-0.0574984
-0.0610829
-0.0646888
-0.06828
-0.0718219
-0.0752826
-0.0786334
-0.0818497
-0.084911
-0.0878008
-0.0905065
-0.0930193
-0.0953331
-0.0974446
-0.0993525
-0.101057
-0.102559
-0.103861
-0.104965
-0.105875
-0.106592
-0.10712
-0.107461
-0.10762
-0.107597
-0.107398
-0.107024
-0.10648
-0.105769
-0.104895
-0.103862
-0.102674
-0.101336
-0.0998505
-0.0982209
-0.0964485
-0.094533
-0.0924716
-0.0902581
-0.0878828
-0.0853315
-0.0825858
-0.0796235
-0.0764208
-0.0729557
-0.0692141
-0.0651981
-0.0609377
-0.0565025
-0.0520121
-0.0476391
-0.0435987
-0.0401211
-0.0374078
-0.0355822
-0.0346529
-0.0345021
-0.0349233
-0.0357686
-0.0369695
-0.0239153
-0.023914
-0.0240092
-0.0242235
-0.0245822
-0.0251103
-0.025828
-0.0267505
-0.0278895
-0.0292542
-0.0308514
-0.0326857
-0.0347589
-0.0370691
-0.0396101
-0.0423709
-0.045335
-0.0484811
-0.0517827
-0.0552095
-0.058728
-0.0623024
-0.0658966
-0.0694748
-0.0730026
-0.0764488
-0.079785
-0.0829871
-0.0860348
-0.0889119
-0.0916062
-0.0941088
-0.0964139
-0.0985182
-0.10042
-0.10212
-0.103618
-0.104917
-0.10602
-0.106927
-0.107643
-0.10817
-0.10851
-0.108667
-0.108643
-0.108441
-0.108065
-0.107518
-0.106804
-0.105927
-0.104892
-0.103705
-0.102368
-0.100888
-0.0992681
-0.0975114
-0.0956195
-0.0935915
-0.0914235
-0.0891079
-0.0866328
-0.0839813
-0.0811322
-0.0780608
-0.0747421
-0.0711558
-0.067294
-0.0631722
-0.0588426
-0.0544063
-0.0500208
-0.0458956
-0.042269
-0.0393659
-0.0373445
-0.0362488
-0.0359852
-0.0363535
-0.0372013
-0.0384513
-0.0251583
-0.0251183
-0.0251873
-0.0253833
-0.0257277
-0.0262452
-0.0269557
-0.0278737
-0.0290101
-0.0303732
-0.0319693
-0.0338023
-0.0358732
-0.0381798
-0.0407155
-0.0434692
-0.0464242
-0.0495592
-0.052848
-0.0562604
-0.059763
-0.0633207
-0.0668974
-0.0704579
-0.0739684
-0.0773977
-0.0807182
-0.0839057
-0.0869403
-0.0898061
-0.0924908
-0.0949856
-0.0972845
-0.0993841
-0.101283
-0.10298
-0.104478
-0.105777
-0.106879
-0.107787
-0.108503
-0.109029
-0.109369
-0.109525
-0.109499
-0.109294
-0.108915
-0.108364
-0.107646
-0.106765
-0.105726
-0.104535
-0.103196
-0.101717
-0.100101
-0.098354
-0.0964782
-0.0944752
-0.0923432
-0.0900769
-0.0876668
-0.0850982
-0.0823512
-0.0794017
-0.0762231
-0.0727906
-0.0690883
-0.0651192
-0.060919
-0.0565699
-0.0522118
-0.0480436
-0.0443056
-0.0412408
-0.0390392
-0.0377814
-0.0374021
-0.0377122
-0.0385575
-0.0398529
-0.0263294
-0.0262522
-0.0262948
-0.0264707
-0.026798
-0.0273012
-0.0279997
-0.0289074
-0.0300347
-0.0313893
-0.0329765
-0.0347996
-0.0368594
-0.0391531
-0.0416741
-0.0444109
-0.0473474
-0.0504622
-0.0537294
-0.0571192
-0.0605988
-0.0641334
-0.0676876
-0.0712265
-0.0747167
-0.0781274
-0.0814313
-0.0846044
-0.087627
-0.0904831
-0.0931603
-0.0956497
-0.0979452
-0.100043
-0.101941
-0.103639
-0.105138
-0.106439
-0.107543
-0.108453
-0.109171
-0.109699
-0.110039
-0.110194
-0.110166
-0.109959
-0.109576
-0.109021
-0.108297
-0.10741
-0.106364
-0.105167
-0.103823
-0.10234
-0.100724
-0.0989803
-0.097114
-0.0951281
-0.0930231
-0.0907962
-0.0884401
-0.0859426
-0.083286
-0.0804472
-0.0773995
-0.0741152
-0.0705724
-0.0667637
-0.0627098
-0.0584743
-0.0541783
-0.050006
-0.0461941
-0.0429978
-0.0406352
-0.0392231
-0.0387276
-0.0389751
-0.0398133
-0.0411504
-0.0274224
-0.0273099
-0.0273261
-0.0274805
-0.0277881
-0.0282731
-0.0289547
-0.0298465
-0.0309581
-0.0322966
-0.033867
-0.0356719
-0.0377116
-0.0399832
-0.04248
-0.0451907
-0.0480993
-0.0511849
-0.0544222
-0.0577819
-0.0612317
-0.0647375
-0.0682644
-0.0717781
-0.0752455
-0.0786364
-0.0819232
-0.0850825
-0.0880942
-0.0909424
-0.0936145
-0.0961011
-0.098396
-0.100495
-0.102396
-0.104097
-0.1056
-0.106905
-0.108014
-0.108928
-0.109649
-0.110179
-0.11052
-0.110675
-0.110646
-0.110437
-0.110049
-0.109488
-0.108757
-0.107862
-0.106809
-0.105602
-0.10425
-0.10276
-0.101139
-0.0993937
-0.0975307
-0.0955547
-0.0934684
-0.0912712
-0.0889584
-0.0865204
-0.0839419
-0.0812017
-0.0782736
-0.0751288
-0.0717411
-0.0680948
-0.0641975
-0.0600956
-0.0558904
-0.0517488
-0.047899
-0.0446026
-0.0421006
-0.0405447
-0.0399346
-0.0401166
-0.0409437
-0.0423189
-0.0284327
-0.028287
-0.0282773
-0.028409
-0.0286943
-0.0291574
-0.0298172
-0.030687
-0.0317761
-0.0330912
-0.0346366
-0.0364147
-0.0384254
-0.0406658
-0.043129
-0.0458043
-0.048676
-0.0517238
-0.0549231
-0.0582453
-0.0616589
-0.0651306
-0.0686259
-0.0721111
-0.0755537
-0.0789234
-0.0821932
-0.0853392
-0.0883414
-0.0911838
-0.093853
-0.0963396
-0.0986368
-0.10074
-0.102646
-0.104354
-0.105864
-0.107176
-0.108291
-0.10921
-0.109936
-0.11047
-0.110813
-0.110969
-0.110939
-0.110727
-0.110335
-0.109767
-0.109029
-0.108124
-0.10706
-0.105843
-0.10448
-0.102979
-0.101349
-0.099597
-0.0977315
-0.0957588
-0.0936834
-0.0915069
-0.0892273
-0.0868374
-0.0843247
-0.0816701
-0.0788491
-0.0758327
-0.072592
-0.0691053
-0.0653691
-0.0614139
-0.057322
-0.0532411
-0.0493868
-0.046021
-0.0434029
-0.0417161
-0.0409952
-0.04111
-0.0419227
-0.0433327
-0.0293569
-0.0291805
-0.0291454
-0.0292535
-0.0295143
-0.0299518
-0.0305849
-0.0314268
-0.0324866
-0.0337705
-0.0352827
-0.0370253
-0.0389979
-0.0411977
-0.0436182
-0.0462489
-0.0490748
-0.0520764
-0.0552298
-0.0585076
-0.0618789
-0.0653111
-0.0687708
-0.0722245
-0.0756402
-0.0789879
-0.0822404
-0.085374
-0.0883683
-0.0912066
-0.0938755
-0.0963649
-0.0986673
-0.100777
-0.102692
-0.104409
-0.105929
-0.10725
-0.108374
-0.109301
-0.110033
-0.110572
-0.110919
-0.111076
-0.111045
-0.11083
-0.110433
-0.109859
-0.109111
-0.108196
-0.10712
-0.10589
-0.104513
-0.102998
-0.101355
-0.0995927
-0.0977195
-0.0957439
-0.0936721
-0.091508
-0.0892518
-0.0868991
-0.0844399
-0.0818579
-0.0791304
-0.0762296
-0.0731252
-0.069791
-0.0662149
-0.0624137
-0.0584511
-0.0544553
-0.0506259
-0.0472203
-0.0445097
-0.0427066
-0.0418803
-0.0419276
-0.0427232
-0.0441652
-0.0301929
-0.0299886
-0.0299293
-0.030013
-0.0302472
-0.0306556
-0.0312572
-0.0320651
-0.0330885
-0.0343335
-0.035804
-0.0375022
-0.0394276
-0.0415775
-0.0439459
-0.0465229
-0.0492942
-0.0522412
-0.0553413
-0.0585676
-0.0618906
-0.0652785
-0.0686986
-0.0721179
-0.0755048
-0.0788295
-0.0820649
-0.0851868
-0.0881745
-0.0910109
-0.0936819
-0.0961768
-0.0984873
-0.100608
-0.102534
-0.104263
-0.105795
-0.107128
-0.108263
-0.1092
-0.109941
-0.110486
-0.110837
-0.110996
-0.110965
-0.110747
-0.110345
-0.109764
-0.109007
-0.10808
-0.10699
-0.105744
-0.104352
-0.10282
-0.101161
-0.0993835
-0.0974978
-0.0955135
-0.0934386
-0.0912789
-0.0890368
-0.0867107
-0.0842931
-0.0817706
-0.0791228
-0.0763234
-0.0733422
-0.0701503
-0.0667288
-0.0630828
-0.0592595
-0.0553671
-0.0515875
-0.0481688
-0.0453892
-0.0434852
-0.0425604
-0.0425408
-0.0433174
-0.0447892
-0.0309401
-0.0307111
-0.0306286
-0.0306877
-0.0308933
-0.0312693
-0.0318346
-0.0326025
-0.0335824
-0.0347804
-0.0362007
-0.0378453
-0.0397142
-0.0418048
-0.0441118
-0.0466258
-0.0493338
-0.0522181
-0.0552572
-0.0584254
-0.0616943
-0.0650329
-0.0684094
-0.0717915
-0.0751478
-0.0784487
-0.0816667
-0.0847777
-0.0877603
-0.0905967
-0.0932723
-0.0957754
-0.098097
-0.100231
-0.102171
-0.103916
-0.105463
-0.10681
-0.107959
-0.108908
-0.109659
-0.110212
-0.110569
-0.110731
-0.1107
-0.11048
-0.110073
-0.109484
-0.108716
-0.107777
-0.106672
-0.105409
-0.103998
-0.102448
-0.100769
-0.0989724
-0.0970696
-0.0950712
-0.0929868
-0.090824
-0.0885875
-0.0862778
-0.0838902
-0.0814141
-0.0788317
-0.0761188
-0.0732461
-0.0701833
-0.0669069
-0.0634123
-0.0597321
-0.0559555
-0.0522452
-0.0488368
-0.0460099
-0.0440208
-0.0430053
-0.0429204
-0.0436768
-0.0451768
-0.031599
-0.0313486
-0.0312445
-0.0312788
-0.0314544
-0.0317948
-0.0323192
-0.0330411
-0.0339701
-0.0351131
-0.0364742
-0.0380559
-0.0398586
-0.0418804
-0.0441164
-0.0465585
-0.0491944
-0.0520078
-0.0549783
-0.0580817
-0.0612906
-0.0645752
-0.0679044
-0.0712463
-0.0745701
-0.0778461
-0.0810468
-0.0841475
-0.0871263
-0.0899647
-0.0926471
-0.0951611
-0.0974968
-0.0996465
-0.101605
-0.103368
-0.104933
-0.106298
-0.107462
-0.108426
-0.109189
-0.109752
-0.110115
-0.110282
-0.110253
-0.110031
-0.109619
-0.109021
-0.108243
-0.10729
-0.106168
-0.104887
-0.103456
-0.101883
-0.100182
-0.0983632
-0.096439
-0.0944215
-0.0923216
-0.0901486
-0.0879092
-0.0856061
-0.0832373
-0.0807946
-0.0782633
-0.0756213
-0.0728412
-0.0698922
-0.0667479
-0.0633963
-0.0598571
-0.0562024
-0.0525753
-0.0491962
-0.0463416
-0.0442824
-0.0431843
-0.0430363
-0.0437719
-0.0452994
-0.0321712
-0.0319031
-0.0317791
-0.0317888
-0.0319332
-0.0322351
-0.0327141
-0.033384
-0.0342549
-0.0353343
-0.0366271
-0.0381364
-0.0398632
-0.0418062
-0.0439617
-0.0463224
-0.0488774
-0.0516118
-0.0545063
-0.0575383
-0.0606815
-0.0639072
-0.0671851
-0.0704841
-0.0737734
-0.0770235
-0.0802066
-0.0832975
-0.0862737
-0.0891158
-0.0918074
-0.0943349
-0.0966874
-0.0988565
-0.100836
-0.10262
-0.104206
-0.105591
-0.106774
-0.107755
-0.108532
-0.109107
-0.109479
-0.109651
-0.109625
-0.109401
-0.108985
-0.108379
-0.10759
-0.106622
-0.105483
-0.104182
-0.102728
-0.101132
-0.0994053
-0.0975606
-0.095611
-0.0935695
-0.0914483
-0.0892583
-0.087008
-0.0847021
-0.082341
-0.0799191
-0.0774243
-0.0748373
-0.0721326
-0.0692803
-0.0662521
-0.0630308
-0.0596256
-0.0560928
-0.0525567
-0.0492209
-0.0463547
-0.0442391
-0.0430662
-0.0428576
-0.0435725
-0.0451275
-0.0326596
-0.0323774
-0.0322356
-0.0322213
-0.0323334
-0.0325944
-0.0330236
-0.0336354
-0.0344408
-0.0354481
-0.0366633
-0.0380902
-0.0397309
-0.0415852
-0.0436503
-0.0459202
-0.0483855
-0.0510326
-0.0538438
-0.0567977
-0.0598695
-0.0630315
-0.0662543
-0.0695073
-0.0727602
-0.0759832
-0.0791485
-0.08223
-0.0852047
-0.0880522
-0.0907551
-0.0932986
-0.0956708
-0.0978621
-0.0998651
-0.101674
-0.103284
-0.104693
-0.105898
-0.106898
-0.107692
-0.10828
-0.108664
-0.108843
-0.108819
-0.108596
-0.108175
-0.107562
-0.106761
-0.105779
-0.104622
-0.1033
-0.101822
-0.100199
-0.0984444
-0.0965707
-0.0945918
-0.0925216
-0.0903737
-0.0881602
-0.085891
-0.0835731
-0.0812088
-0.078795
-0.0763222
-0.0737738
-0.0711266
-0.0683522
-0.0654216
-0.0623141
-0.0590306
-0.0556138
-0.0521704
-0.0488861
-0.0460205
-0.0438597
-0.0426191
-0.0423524
-0.0430469
-0.0446305
-0.0330678
-0.0327754
-0.0326181
-0.0325805
-0.0326597
-0.0328774
-0.0332527
-0.0338006
-0.034533
-0.0354595
-0.0365873
-0.0379216
-0.0394658
-0.0412209
-0.0431856
-0.0453553
-0.0477219
-0.0502735
-0.0529939
-0.0558633
-0.058858
-0.0619516
-0.0651154
-0.0683196
-0.0715339
-0.0747288
-0.0778757
-0.0809482
-0.0839224
-0.0867768
-0.0894929
-0.0920549
-0.0944495
-0.0966662
-0.0986961
-0.100533
-0.10217
-0.103605
-0.104835
-0.105857
-0.106671
-0.107276
-0.107672
-0.10786
-0.107842
-0.107619
-0.107196
-0.106575
-0.105763
-0.104765
-0.10359
-0.102245
-0.100742
-0.0990915
-0.0973065
-0.0954009
-0.0933891
-0.0912859
-0.0891059
-0.0868623
-0.0845668
-0.0822277
-0.0798493
-0.0774309
-0.0749654
-0.0724388
-0.0698302
-0.0671133
-0.0642597
-0.061246
-0.0580673
-0.0547549
-0.0513993
-0.0481688
-0.0453109
-0.0431132
-0.0418103
-0.0414872
-0.0421619
-0.0437761
-0.0334003
-0.0331016
-0.0329312
-0.0328716
-0.0329176
-0.0330899
-0.0334074
-0.0338854
-0.0345373
-0.0353739
-0.0364044
-0.0376356
-0.0390726
-0.0407179
-0.0425719
-0.0446316
-0.0468906
-0.0493385
-0.0519609
-0.0547392
-0.0576513
-0.0606718
-0.063773
-0.0669255
-0.0700993
-0.0732646
-0.0763927
-0.0794565
-0.0824309
-0.0852937
-0.088025
-0.0906078
-0.0930276
-0.0952724
-0.0973324
-0.0991998
-0.100868
-0.102333
-0.103591
-0.104638
-0.105475
-0.106098
-0.10651
-0.106709
-0.106697
-0.106477
-0.106052
-0.105425
-0.104602
-0.10359
-0.102395
-0.101028
-0.0994983
-0.0978182
-0.0960009
-0.0940606
-0.0920124
-0.089872
-0.0876547
-0.0853749
-0.0830452
-0.0806758
-0.0782725
-0.0758366
-0.0733633
-0.070841
-0.0682515
-0.0655704
-0.0627705
-0.0598277
-0.0567323
-0.0535068
-0.0502277
-0.0470467
-0.044198
-0.0419675
-0.0406055
-0.0402267
-0.0408822
-0.04253
-0.0336621
-0.0333613
-0.0331806
-0.0331002
-0.0331131
-0.0332382
-0.033494
-0.0338964
-0.03446
-0.0351977
-0.0361206
-0.0372378
-0.0385564
-0.0400811
-0.041814
-0.0437539
-0.0458963
-0.0482325
-0.0507496
-0.0534306
-0.0562548
-0.0591978
-0.0622327
-0.0653308
-0.068462
-0.0715967
-0.0747055
-0.0777606
-0.0807361
-0.0836085
-0.0863568
-0.0889627
-0.0914102
-0.0936862
-0.0957794
-0.097681
-0.0993836
-0.100882
-0.10217
-0.103247
-0.104108
-0.104754
-0.105183
-0.105396
-0.105393
-0.105178
-0.104752
-0.10412
-0.103288
-0.102261
-0.101048
-0.0996574
-0.0981007
-0.0963898
-0.0945383
-0.0925609
-0.0904733
-0.0882916
-0.0860319
-0.0837095
-0.0813382
-0.0789292
-0.0764899
-0.0740233
-0.0715266
-0.0689906
-0.0663993
-0.0637308
-0.0609593
-0.0580609
-0.0550232
-0.0518615
-0.0486409
-0.0454981
-0.0426536
-0.0403896
-0.0389685
-0.0385331
-0.0391694
-0.0408547
-0.0338589
-0.0335603
-0.0333721
-0.0332727
-0.0332526
-0.0333289
-0.0335193
-0.0338402
-0.0343078
-0.0349372
-0.035742
-0.0367341
-0.037923
-0.0393158
-0.040917
-0.0427274
-0.0447442
-0.0469607
-0.0493656
-0.0519434
-0.0546747
-0.057536
-0.0605014
-0.0635424
-0.0666294
-0.0697322
-0.0728213
-0.0758679
-0.0788453
-0.0817286
-0.0844957
-0.0871267
-0.0896045
-0.0919144
-0.094044
-0.0959831
-0.0977232
-0.0992575
-0.100581
-0.101689
-0.10258
-0.10325
-0.1037
-0.103929
-0.103938
-0.10373
-0.103306
-0.102671
-0.10183
-0.10079
-0.0995585
-0.0981453
-0.0965613
-0.0948189
-0.0929319
-0.0909153
-0.0887853
-0.0865584
-0.0842514
-0.0818803
-0.0794596
-0.0770015
-0.0745147
-0.0720037
-0.0694674
-0.0668985
-0.0642836
-0.0616025
-0.0588318
-0.0559482
-0.0529379
-0.0498115
-0.0466245
-0.0435009
-0.0406487
-0.0383446
-0.0368604
-0.0363649
-0.0369814
-0.0387089
-0.0339968
-0.0337048
-0.0335123
-0.0333956
-0.033343
-0.033369
-0.0334903
-0.0337239
-0.0340875
-0.0345989
-0.0352748
-0.0361302
-0.0371778
-0.0384276
-0.0398864
-0.0415575
-0.0434401
-0.0455292
-0.0478154
-0.0502844
-0.0529181
-0.0556942
-0.0585871
-0.0615689
-0.0646101
-0.0676802
-0.0707492
-0.0737876
-0.0767676
-0.0796631
-0.0824506
-0.0851089
-0.0876195
-0.0899661
-0.092135
-0.0941148
-0.0958958
-0.0974701
-0.0988317
-0.0999757
-0.100898
-0.101597
-0.102071
-0.10232
-0.102344
-0.102144
-0.101724
-0.101088
-0.100241
-0.0991892
-0.097941
-0.0965058
-0.0948947
-0.0931204
-0.0911969
-0.0891394
-0.0869644
-0.0846888
-0.0823296
-0.0799034
-0.0774253
-0.0749084
-0.0723622
-0.0697923
-0.0671992
-0.0645772
-0.0619147
-0.0591942
-0.0563939
-0.053492
-0.0504745
-0.0473487
-0.0441635
-0.0410324
-0.0381523
-0.0357947
-0.0342383
-0.0336763
-0.034271
-0.0360464
-0.0340822
-0.0338014
-0.0336081
-0.0334762
-0.0333914
-0.0333656
-0.0334141
-0.0335542
-0.0338056
-0.0341892
-0.0347251
-0.0354322
-0.0363267
-0.037422
-0.0387279
-0.0402501
-0.0419901
-0.0439447
-0.046106
-0.0484614
-0.0509935
-0.0536811
-0.0564992
-0.0594202
-0.0624144
-0.0654514
-0.0685003
-0.0715309
-0.0745142
-0.0774232
-0.0802328
-0.0829205
-0.0854662
-0.0878522
-0.0900635
-0.0920871
-0.0939124
-0.0955303
-0.0969337
-0.0981168
-0.0990755
-0.0998066
-0.100308
-0.10058
-0.100621
-0.100434
-0.100022
-0.099387
-0.0985357
-0.0974743
-0.0962108
-0.0947548
-0.0931174
-0.0913114
-0.0893509
-0.0872512
-0.0850289
-0.0827011
-0.080285
-0.0777974
-0.0752538
-0.0726677
-0.0700495
-0.0674053
-0.0647369
-0.0620399
-0.0593045
-0.056515
-0.0536517
-0.0506945
-0.0476301
-0.0444645
-0.0412416
-0.0380676
-0.0351308
-0.0326981
-0.0310545
-0.0304155
-0.0309846
-0.0328142
-0.0341218
-0.0338572
-0.0336665
-0.0335215
-0.0334052
-0.0333258
-0.0332974
-0.0333376
-0.0334684
-0.0337138
-0.0340984
-0.0346453
-0.0353749
-0.0363045
-0.0374471
-0.0388113
-0.0404007
-0.0422143
-0.0442455
-0.0464829
-0.0489104
-0.0515071
-0.0542488
-0.0571078
-0.0600547
-0.0630584
-0.0660875
-0.0691109
-0.0720987
-0.0750225
-0.077856
-0.080575
-0.0831581
-0.0855862
-0.0878427
-0.0899134
-0.0917862
-0.0934512
-0.0949
-0.0961262
-0.0971246
-0.0978916
-0.0984247
-0.0987227
-0.0987857
-0.0986149
-0.0982127
-0.0975828
-0.0967304
-0.0956619
-0.0943855
-0.0929106
-0.0912483
-0.0894113
-0.0874138
-0.085271
-0.0829995
-0.0806162
-0.0781385
-0.0755831
-0.0729655
-0.0702995
-0.0675955
-0.0648606
-0.0620968
-0.0593011
-0.0564648
-0.0535739
-0.0506107
-0.0475569
-0.0444007
-0.0411478
-0.03784
-0.0345786
-0.0315463
-0.0290081
-0.0272549
-0.0265232
-0.0270603
-0.028951
-0.0341222
-0.0338795
-0.0336953
-0.0335394
-0.0333917
-0.0332568
-0.0331468
-0.0330802
-0.0330812
-0.033178
-0.0333996
-0.0337743
-0.0343274
-0.0350803
-0.0360497
-0.0372473
-0.0386791
-0.0403459
-0.0422426
-0.0443589
-0.0466794
-0.0491839
-0.0518484
-0.0546453
-0.057545
-0.0605159
-0.063526
-0.0665433
-0.0695369
-0.072477
-0.075336
-0.0780884
-0.0807112
-0.0831839
-0.0854884
-0.0876092
-0.0895329
-0.0912484
-0.0927464
-0.0940193
-0.0950614
-0.0958682
-0.0964368
-0.0967656
-0.096854
-0.0967032
-0.0963153
-0.0956938
-0.0948437
-0.0937715
-0.0924849
-0.0909936
-0.0893083
-0.0874417
-0.0854077
-0.0832214
-0.080899
-0.0784574
-0.0759133
-0.0732834
-0.070583
-0.0678254
-0.0650213
-0.0621775
-0.0592967
-0.0563761
-0.0534081
-0.0503799
-0.0472756
-0.0440789
-0.0407797
-0.037385
-0.0339363
-0.0305327
-0.0273555
-0.0246706
-0.0227767
-0.0219306
-0.0224259
-0.0243851
-0.0340906
-0.0338759
-0.0337025
-0.0335379
-0.0333586
-0.0331654
-0.0329686
-0.0327873
-0.0326488
-0.0325857
-0.0326325
-0.0328231
-0.0331882
-0.033754
-0.0345412
-0.0355646
-0.0368327
-0.0383481
-0.0401071
-0.0421003
-0.0443128
-0.0467249
-0.0493125
-0.052048
-0.0549014
-0.0578408
-0.0608332
-0.0638459
-0.0668468
-0.069805
-0.0726914
-0.0754793
-0.0781441
-0.0806638
-0.0830191
-0.085193
-0.0871708
-0.0889402
-0.0904909
-0.0918144
-0.0929041
-0.0937549
-0.0943632
-0.0947268
-0.094845
-0.0947185
-0.094349
-0.0937401
-0.0928964
-0.0918241
-0.090531
-0.0890262
-0.0873206
-0.0854262
-0.0833568
-0.0811269
-0.0787524
-0.0762495
-0.0736344
-0.0709232
-0.0681304
-0.065269
-0.0623489
-0.0593768
-0.0563549
-0.0532807
-0.0501468
-0.0469414
-0.0436499
-0.040258
-0.0367577
-0.0331583
-0.0295027
-0.0258913
-0.0225073
-0.0196226
-0.0175466
-0.0165569
-0.0169964
-0.0190317
-0.034034
-0.0338548
-0.0336969
-0.0335254
-0.0333137
-0.0330584
-0.0327681
-0.0324632
-0.0321745
-0.0319398
-0.0317999
-0.0317947
-0.031961
-0.03233
-0.0329269
-0.0337697
-0.0348695
-0.0362304
-0.03785
-0.0397195
-0.0418244
-0.044145
-0.0466573
-0.0493333
-0.0521424
-0.0550522
-0.0580291
-0.0610392
-0.0640494
-0.0670276
-0.0699436
-0.072769
-0.075478
-0.0780472
-0.0804559
-0.0826856
-0.0847205
-0.0865471
-0.0881541
-0.0895319
-0.0906732
-0.091572
-0.0922242
-0.0926272
-0.0927798
-0.0926821
-0.0923358
-0.0917439
-0.090911
-0.089843
-0.0885472
-0.0870327
-0.0853097
-0.08339
-0.0812866
-0.0790136
-0.0765859
-0.074019
-0.0713282
-0.0685284
-0.0656334
-0.0626548
-0.0596017
-0.0564798
-0.0532905
-0.0500308
-0.0466931
-0.0432658
-0.0397352
-0.0360888
-0.0323211
-0.0284444
-0.0245052
-0.0206076
-0.0169411
-0.0137892
-0.0114777
-0.0103062
-0.0106702
-0.0127898
-0.0339602
-0.0338255
-0.0336883
-0.0335114
-0.0332654
-0.0329425
-0.0325504
-0.0321113
-0.0316606
-0.031242
-0.0309031
-0.0306908
-0.0306482
-0.0308123
-0.0312123
-0.0318698
-0.0327983
-0.0340034
-0.0354835
-0.0372305
-0.0392297
-0.0414615
-0.0439013
-0.0465207
-0.0492887
-0.0521719
-0.0551359
-0.058146
-0.061168
-0.0641686
-0.0671162
-0.0699814
-0.0727369
-0.0753579
-0.0778223
-0.0801105
-0.0822054
-0.0840924
-0.0857589
-0.0871947
-0.0883913
-0.0893423
-0.0900429
-0.0904897
-0.0906812
-0.0906172
-0.0902989
-0.0897292
-0.0889118
-0.0878527
-0.0865588
-0.0850385
-0.0833017
-0.0813594
-0.0792238
-0.0769083
-0.0744266
-0.071793
-0.0690216
-0.0661258
-0.0631179
-0.0600078
-0.0568032
-0.0535081
-0.0501225
-0.046642
-0.0430581
-0.0393588
-0.0355307
-0.0315625
-0.0274515
-0.0232138
-0.0189012
-0.0146248
-0.0105842
-0.00708121
-0.00446583
-0.00306325
-0.00332561
-0.00553782
-0.0338773
-0.0337987
-0.0336881
-0.0335064
-0.0332224
-0.0328244
-0.0323198
-0.0317341
-0.031108
-0.0304923
-0.0299423
-0.0295123
-0.0292521
-0.0292043
-0.0294029
-0.0298725
-0.0306288
-0.0316788
-0.0330216
-0.034649
-0.0365464
-0.0386934
-0.0410651
-0.0436323
-0.0463632
-0.0492237
-0.0521785
-0.0551918
-0.0582284
-0.061254
-0.0642357
-0.0671429
-0.069947
-0.0726221
-0.0751446
-0.0774937
-0.0796513
-0.0816014
-0.0833307
-0.0848278
-0.0860835
-0.0870907
-0.0878438
-0.088339
-0.0885742
-0.0885487
-0.0882633
-0.0877204
-0.086924
-0.0858788
-0.0845914
-0.0830697
-0.0813228
-0.0793609
-0.0771953
-0.0748379
-0.0723014
-0.0695984
-0.0667413
-0.0637415
-0.0606093
-0.0573525
-0.0539764
-0.0504827
-0.046869
-0.0431289
-0.0392519
-0.0352245
-0.0310328
-0.0266665
-0.0221252
-0.0174299
-0.012639
-0.00787397
-0.00334876
0.00060908
0.00361497
0.00531125
0.0051851
0.00287117
-0.0337941
-0.0337885
-0.0337104
-0.0335232
-0.0331948
-0.0327111
-0.0320803
-0.0313328
-0.0305162
-0.0296896
-0.0289164
-0.028259
-0.0277741
-0.02751
-0.0275048
-0.0277863
-0.0283722
-0.0292703
-0.0304801
-0.0319932
-0.0337943
-0.0358625
-0.0381719
-0.0406925
-0.0433917
-0.0462342
-0.049184
-0.0522044
-0.055259
-0.0583124
-0.0613308
-0.0642824
-0.0671373
-0.0698684
-0.0724511
-0.0748634
-0.0770859
-0.0791018
-0.0808966
-0.0824581
-0.0837764
-0.0848434
-0.085653
-0.0862009
-0.0864844
-0.0865022
-0.0862549
-0.0857442
-0.0849733
-0.0839469
-0.0826708
-0.081152
-0.0793988
-0.0774204
-0.0752266
-0.0728282
-0.070236
-0.0674606
-0.0645123
-0.0614001
-0.0581316
-0.0547117
-0.0511427
-0.0474229
-0.0435468
-0.0395045
-0.0352824
-0.0308645
-0.0262352
-0.0213841
-0.0163132
-0.0110484
-0.00565728
-0.000271562
0.00487124
0.00941162
0.0129177
0.0149878
0.0150427
0.0126173
-0.0337272
-0.0338104
-0.0337725
-0.0335772
-0.0331947
-0.0326102
-0.0318355
-0.0309079
-0.0298839
-0.0288317
-0.0278237
-0.0269307
-0.026216
-0.0257335
-0.0255252
-0.0256215
-0.0260415
-0.0267937
-0.0278774
-0.0292835
-0.030996
-0.032993
-0.0352474
-0.0377284
-0.040402
-0.0432323
-0.0461822
-0.0492139
-0.0522901
-0.0553746
-0.0584324
-0.0614306
-0.0643383
-0.0671274
-0.0697721
-0.0722494
-0.0745389
-0.0766226
-0.0784854
-0.080114
-0.0814978
-0.082628
-0.0834978
-0.0841023
-0.0844382
-0.0845038
-0.084299
-0.0838251
-0.0830847
-0.0820818
-0.0808213
-0.0793096
-0.0775536
-0.0755613
-0.0733413
-0.0709022
-0.0682529
-0.0654019
-0.0623566
-0.0591231
-0.0557056
-0.0521054
-0.0483208
-0.0443458
-0.0401702
-0.0357797
-0.0311558
-0.0262785
-0.021129
-0.0156954
-0.00998126
-0.00401838
0.00211492
0.00828176
0.0142018
0.0194824
0.0236288
0.0261772
0.0264714
0.0239249
-0.0336916
-0.0338903
-0.0338998
-0.0336894
-0.0332371
-0.032531
-0.0315898
-0.0304598
-0.0292092
-0.027916
-0.0266625
-0.0255273
-0.0245805
-0.0238807
-0.0234732
-0.0233905
-0.0236524
-0.0242675
-0.0252344
-0.0265433
-0.0281769
-0.0301119
-0.0323201
-0.0347694
-0.0374249
-0.0402494
-0.0432048
-0.0462526
-0.0493545
-0.0524732
-0.0555731
-0.0586201
-0.0615825
-0.0644311
-0.0671393
-0.069683
-0.0720409
-0.0741942
-0.0761267
-0.0778245
-0.0792761
-0.0804721
-0.0814051
-0.0820694
-0.0824613
-0.0825784
-0.0824202
-0.0819871
-0.0812813
-0.0803058
-0.0790648
-0.0775634
-0.0758075
-0.0738036
-0.0715583
-0.0690785
-0.0663706
-0.0634401
-0.0602916
-0.0569275
-0.0533478
-0.0495495
-0.0455256
-0.0412648
-0.0367509
-0.031963
-0.0268765
-0.0214648
-0.0157039
-0.00957864
-0.00309246
0.00371847
0.0107666
0.017887
0.0247863
0.0310069
0.0359761
0.0391423
0.0397534
0.0370798
-0.033715
-0.0340637
-0.0341267
-0.0338878
-0.0333421
-0.0324857
-0.0313484
-0.0299903
-0.028491
-0.026941
-0.0254321
-0.0240506
-0.0228724
-0.0219598
-0.0213608
-0.0211087
-0.0212236
-0.0217134
-0.0225758
-0.0237993
-0.0253654
-0.0272493
-0.0294212
-0.0318479
-0.0344932
-0.0373188
-0.0402857
-0.0433545
-0.0464861
-0.0496424
-0.0527868
-0.0558845
-0.0589031
-0.0618124
-0.064585
-0.0671959
-0.0696229
-0.0718466
-0.0738498
-0.075618
-0.0771389
-0.0784024
-0.0794005
-0.0801269
-0.0805772
-0.0807486
-0.0806397
-0.0802505
-0.0795822
-0.0786371
-0.0774183
-0.0759297
-0.0741759
-0.0721616
-0.0698915
-0.0673702
-0.0646012
-0.0615872
-0.0583289
-0.0548245
-0.0510693
-0.0470548
-0.0427678
-0.03819
-0.0332976
-0.0280613
-0.0224477
-0.0164216
-0.00995076
-0.00301369
0.00438878
0.0122176
0.0203745
0.0286718
0.0367888
0.0442018
0.0502356
0.0542134
0.0552505
0.0524581
-0.0338414
-0.0343849
-0.034504
-0.0342124
-0.0335376
-0.0324917
-0.0311211
-0.0295025
-0.0277306
-0.0259078
-0.0241349
-0.0225056
-0.0211
-0.0199831
-0.0192039
-0.0187958
-0.018778
-0.0191573
-0.0199296
-0.0210818
-0.0225935
-0.0244382
-0.0265848
-0.0289985
-0.0316419
-0.0344758
-0.0374602
-0.0405549
-0.04372
-0.0469167
-0.0501077
-0.0532577
-0.0563333
-0.0593037
-0.0621408
-0.0648188
-0.0673149
-0.0696087
-0.0716825
-0.0735211
-0.0751114
-0.0764428
-0.0775066
-0.0782959
-0.0788058
-0.0790326
-0.0789745
-0.0786306
-0.0780013
-0.077088
-0.0758928
-0.0744181
-0.0726671
-0.0706425
-0.0683471
-0.0657827
-0.0629499
-0.0598478
-0.056473
-0.0528188
-0.0488751
-0.0446267
-0.0400531
-0.0351275
-0.0298165
-0.0240804
-0.0178742
-0.0111507
-0.00386577
0.00401227
0.0124895
0.0215276
0.0310195
0.0407571
0.0503804
0.0593108
0.0667357
0.0718034
0.0734325
0.070571
-0.0341438
-0.0349391
-0.035108
-0.0347216
-0.0338643
-0.0325751
-0.0309232
-0.029006
-0.0269342
-0.024822
-0.0227789
-0.0209028
-0.0192775
-0.0179683
-0.0170239
-0.0164765
-0.0163435
-0.0166295
-0.0173282
-0.0184245
-0.019896
-0.0217144
-0.0238469
-0.0262574
-0.0289073
-0.0317565
-0.034764
-0.037889
-0.0410908
-0.0443302
-0.0475693
-0.050772
-0.0539045
-0.0569354
-0.0598359
-0.0625798
-0.0651433
-0.0675057
-0.0696485
-0.0715559
-0.0732143
-0.0746123
-0.0757406
-0.0765919
-0.0771605
-0.0774422
-0.0774344
-0.0771355
-0.0765451
-0.0756634
-0.0744915
-0.0730304
-0.0712815
-0.0692458
-0.0669236
-0.0643138
-0.0614141
-0.0582193
-0.0547214
-0.0509087
-0.0467642
-0.0422656
-0.0373836
-0.0320814
-0.026314
-0.0200287
-0.0131657
-0.00566219
0.00254239
0.0114956
0.0212165
0.0316741
0.0427584
0.0542441
0.0657351
0.0765879
0.0858547
0.0924234
0.094917
0.0921348
-0.0347473
-0.0358628
-0.0360547
-0.0355012
-0.0343817
-0.0327757
-0.0307816
-0.0285198
-0.0261172
-0.0236987
-0.0213798
-0.0192615
-0.0174269
-0.0159409
-0.0148494
-0.0141821
-0.0139534
-0.0141649
-0.0148079
-0.0158646
-0.0173105
-0.0191154
-0.0212449
-0.0236616
-0.0263257
-0.0291963
-0.0322317
-0.0353903
-0.0386311
-0.0419142
-0.0452014
-0.048456
-0.051644
-0.0547334
-0.0576948
-0.0605014
-0.0631293
-0.0655569
-0.0677653
-0.069738
-0.0714609
-0.0729222
-0.074112
-0.0750223
-0.0756468
-0.0759809
-0.0760211
-0.0757651
-0.0752115
-0.0743597
-0.0732093
-0.0717601
-0.0700117
-0.067963
-0.0656117
-0.0629542
-0.0599841
-0.0566925
-0.0530661
-0.0490872
-0.0447319
-0.0399694
-0.0347605
-0.0290569
-0.0228001
-0.0159215
-0.00834357
1.67747e-05
0.00924197
0.0194025
0.0305394
0.0426391
0.0556002
0.0691903
0.0829857
0.096278
0.108008
0.116696
0.120529
0.11818
-0.0358708
-0.0373769
-0.0375219
-0.0366783
-0.0351775
-0.0331543
-0.0307398
-0.0280776
-0.0253088
-0.0225658
-0.0199666
-0.0176115
-0.0155809
-0.0139354
-0.0127169
-0.0119505
-0.0116466
-0.0118032
-0.0124082
-0.0134412
-0.0148754
-0.0166787
-0.0188152
-0.0212461
-0.0239307
-0.0268274
-0.0298937
-0.0330876
-0.0363678
-0.039694
-0.0430275
-0.0463316
-0.0495716
-0.0527154
-0.0557332
-0.0585978
-0.0612848
-0.0637722
-0.0660407
-0.0680733
-0.0698555
-0.0713748
-0.0726209
-0.0735854
-0.0742613
-0.0746433
-0.0747274
-0.0745106
-0.0739904
-0.0731653
-0.0720336
-0.0705937
-0.0688434
-0.0667794
-0.064397
-0.0616893
-0.0586465
-0.0552549
-0.0514962
-0.0473461
-0.0427732
-0.0377374
-0.0321888
-0.026066
-0.0192951
-0.0117894
-0.00345027
0.00583031
0.016163
0.0276498
0.0403654
0.0543292
0.0694666
0.0855593
0.102177
0.118577
0.133583
0.145354
0.151385
0.150213
-0.0379076
-0.0398436
-0.0397787
-0.0384354
-0.0363758
-0.0337977
-0.0308621
-0.0277309
-0.0245542
-0.0214659
-0.0185815
-0.0159958
-0.0137828
-0.0119958
-0.0106703
-0.00982532
-0.00946589
-0.00958573
-0.0101691
-0.0111926
-0.012627
-0.0144384
-0.0165895
-0.0190402
-0.0217493
-0.0246741
-0.0277721
-0.0310007
-0.0343184
-0.0376846
-0.0410606
-0.0444093
-0.047696
-0.0508881
-0.0539558
-0.0568716
-0.0596107
-0.0621507
-0.0644721
-0.0665574
-0.0683917
-0.0699622
-0.0712581
-0.0722704
-0.0729918
-0.0734164
-0.0735393
-0.0733569
-0.072866
-0.0720638
-0.0709476
-0.0695142
-0.0677596
-0.0656785
-0.0632635
-0.0605046
-0.0573881
-0.0538959
-0.0500041
-0.0456818
-0.0408896
-0.0355778
-0.0296849
-0.0231356
-0.0158394
-0.00768951
0.00143714
0.0116776
0.0231774
0.03608
0.050508
0.0665341
0.0841387
0.103152
0.12318
0.14349
0.162848
0.179172
0.188934
0.190382
-0.0415862
-0.0438566
-0.043214
-0.041012
-0.0381285
-0.0348072
-0.0312205
-0.0275364
-0.0239025
-0.0204451
-0.0172695
-0.0144593
-0.0120772
-0.0101663
-0.00875273
-0.00784779
-0.00745035
-0.007549
-0.00812401
-0.00914897
-0.0105923
-0.0124182
-0.0145881
-0.0170612
-0.0197954
-0.0227477
-0.0258751
-0.0291351
-0.0324858
-0.0358868
-0.0392991
-0.0426856
-0.0460116
-0.0492445
-0.052354
-0.0553127
-0.0580955
-0.0606799
-0.0630459
-0.065176
-0.0670547
-0.0686689
-0.0700076
-0.0710611
-0.0718218
-0.0722832
-0.0724399
-0.0722875
-0.0718219
-0.0710395
-0.0699362
-0.0685073
-0.0667472
-0.0646484
-0.0622011
-0.0593922
-0.0562042
-0.0526142
-0.0485932
-0.0441034
-0.0390977
-0.0335166
-0.027287
-0.0203195
-0.0125062
-0.00371911
0.00619097
0.0173938
0.0300758
0.0444319
0.0606491
0.0788788
0.0991942
0.121528
0.145583
0.170726
0.195821
0.218666
0.234738
0.241393
-0.0483082
-0.0503765
-0.04832
-0.0446437
-0.0405466
-0.0362273
-0.0318261
-0.0274911
-0.0233482
-0.0195014
-0.0160344
-0.0130115
-0.0104782
-0.00846364
-0.00698223
-0.00603609
-0.00561695
-0.005708
-0.00628544
-0.00731987
-0.00877752
-0.0106212
-0.0128112
-0.0153061
-0.0180632
-0.0210395
-0.0241918
-0.0274776
-0.0308551
-0.0342839
-0.037725
-0.0411416
-0.0444989
-0.0477641
-0.0509072
-0.0539006
-0.0567189
-0.0593397
-0.0617426
-0.0639099
-0.065826
-0.0674774
-0.0688526
-0.0699419
-0.0707369
-0.0712307
-0.0714174
-0.0712918
-0.0708492
-0.0700849
-0.0689938
-0.0675698
-0.0658054
-0.0636903
-0.0612139
-0.0583598
-0.0551065
-0.051427
-0.047287
-0.0426428
-0.0374395
-0.0316087
-0.0250662
-0.017709
-0.00941279
-2.85618e-05
0.0106193
0.0227346
0.0365488
0.0523168
0.0703066
0.0907781
0.113946
0.139921
0.168611
0.199608
0.232068
0.263909
0.290063
0.306376
-0.0609156
-0.060893
-0.0555739
-0.0493993
-0.0435214
-0.0378688
-0.0324659
-0.0273921
-0.0227158
-0.0184919
-0.014765
-0.0115683
-0.00892369
-0.00684227
-0.00532507
-0.00436436
-0.00394477
-0.00404442
-0.00463603
-0.00568785
-0.00716452
-0.00902792
-0.0112378
-0.0137524
-0.0165291
-0.0195249
-0.0226968
-0.0260024
-0.0294002
-0.0328499
-0.036313
-0.0397526
-0.043134
-0.0464247
-0.0495946
-0.0526159
-0.0554635
-0.0581145
-0.0605487
-0.0627481
-0.0646967
-0.0663809
-0.0677889
-0.0689104
-0.069737
-0.070261
-0.0704762
-0.0703765
-0.0699567
-0.0692111
-0.0681339
-0.0667178
-0.0649551
-0.0628279
-0.0603294
-0.0574391
-0.054132
-0.0503778
-0.0461373
-0.0413616
-0.0359893
-0.0299442
-0.0231325
-0.0154395
-0.00672617
0.00317488
0.0144634
0.0273754
0.0421869
0.0592162
0.0788236
0.101406
0.127378
0.157134
0.190967
0.228936
0.27073
0.314813
0.356239
0.391324
-0.0859301
-0.0772009
-0.0649038
-0.0546565
-0.0462076
-0.0388662
-0.0323693
-0.0266034
-0.0215012
-0.0170261
-0.0131617
-0.00990037
-0.00723668
-0.00516339
-0.00366966
-0.00274007
-0.00235442
-0.00248795
-0.00311175
-0.00419326
-0.00569691
-0.00758464
-0.0098165
-0.0123512
-0.0151465
-0.0181599
-0.0213488
-0.0246714
-0.0280865
-0.0315542
-0.0350361
-0.0384957
-0.0418985
-0.0452119
-0.0484061
-0.0514531
-0.0543279
-0.0570075
-0.0594714
-0.0617015
-0.0636817
-0.065398
-0.0668383
-0.0679922
-0.0688506
-0.0694057
-0.0696506
-0.0695788
-0.0691841
-0.0684601
-0.0674007
-0.0659966
-0.0642362
-0.0621148
-0.0596073
-0.0566949
-0.0533524
-0.0495463
-0.0452341
-0.0403625
-0.0348654
-0.0286607
-0.0216475
-0.0137025
-0.00467557
0.00561455
0.0173862
0.0309012
0.0464727
0.0644749
0.0853564
0.109657
0.13803
0.171266
0.210299
0.256157
0.309752
0.371129
0.437808
0.512715
-0.141819
-0.098186
-0.0709865
-0.0553842
-0.0444975
-0.0359887
-0.0290797
-0.0232975
-0.018342
-0.0140675
-0.0104132
-0.00735206
-0.00486904
-0.00295367
-0.00159534
-0.000780565
-0.000491699
-0.000706661
-0.00139911
-0.00253886
-0.00409242
-0.00602354
-0.00829381
-0.0108632
-0.0136907
-0.0167346
-0.0199532
-0.0233051
-0.0267498
-0.0302476
-0.0337606
-0.0372524
-0.0406885
-0.0440366
-0.0472666
-0.0503508
-0.0532639
-0.0559827
-0.0584867
-0.0607575
-0.0627788
-0.0645364
-0.0660179
-0.0672127
-0.0681113
-0.0687058
-0.0689888
-0.0689537
-0.0685937
-0.0679003
-0.0668688
-0.06549
-0.0637541
-0.0616468
-0.0591486
-0.0562387
-0.0528902
-0.0490681
-0.0447281
-0.0398148
-0.0342594
-0.027977
-0.020863
-0.0127897
-0.00360163
0.0068899
0.018913
0.0327436
0.0487165
0.0672409
0.088824
0.11411
0.143946
0.179504
0.222475
0.275441
0.342237
0.428518
0.542013
0.695297
-0.27514
-0.114205
-0.0561365
-0.0397649
-0.0310388
-0.0242876
-0.0191414
-0.0150249
-0.0114553
-0.00826601
-0.0054507
-0.00303871
-0.00105914
0.00046435
0.00151559
0.00208732
0.00218139
0.00180789
0.000984065
-0.000266853
-0.00191665
-0.00393312
-0.00628093
-0.0089224
-0.0118182
-0.0149281
-0.0182114
-0.0216272
-0.0251357
-0.0286975
-0.0322749
-0.0358315
-0.0393329
-0.0427467
-0.0460427
-0.049193
-0.0521721
-0.0549568
-0.0575261
-0.0598616
-0.0619467
-0.063767
-0.0653099
-0.0665646
-0.0675215
-0.0681723
-0.0685097
-0.0685269
-0.0682178
-0.0675775
-0.066593
-0.0652576
-0.0635624
-0.061493
-0.0590317
-0.0561566
-0.0528404
-0.0490482
-0.0447359
-0.0398484
-0.0343169
-0.0280569
-0.0209643
-0.0129117
-0.00374433
0.00672606
0.0187274
0.0325364
0.0484905
0.0670057
0.0886042
0.113963
0.143998
0.180044
0.2242
0.280271
0.355668
0.466987
0.643496
0.925154
)
;

boundaryField
{
    movingWall
    {
        type            zeroGradient;
    }
    fixedWalls
    {
        type            zeroGradient;
    }
    frontAndBack
    {
        type            empty;
    }
}


// ************************************************************************* //
