/*--------------------------------*- C++ -*----------------------------------*\
  =========                 |
  \\      /  F ield         | OpenFOAM: The Open Source CFD Toolbox
   \\    /   O peration     | Website:  https://openfoam.org
    \\  /    A nd           | Version:  7
     \\/     M anipulation  |
\*---------------------------------------------------------------------------*/
FoamFile
{
    version     2.0;
    format      ascii;
    class       volScalarField;
    location    "3.425";
    object      p;
}
// * * * * * * * * * * * * * * * * * * * * * * * * * * * * * * * * * * * * * //

dimensions      [0 2 -2 0 0 0 0];

internalField   nonuniform List<scalar> 
6400
(
2.60262e-07
1.56142e-05
5.57501e-06
-3.35274e-05
-9.94943e-05
-0.00018898
-0.000298293
-0.000424048
-0.000563489
-0.000714524
-0.000875633
-0.00104574
-0.00122407
-0.00141003
-0.00160306
-0.00180255
-0.00200777
-0.00221778
-0.00243139
-0.00264713
-0.00286321
-0.00307754
-0.00328769
-0.00349094
-0.0036843
-0.00386452
-0.00402818
-0.00417173
-0.00429158
-0.00438421
-0.00444626
-0.00447467
-0.00446682
-0.00442063
-0.00433474
-0.00420864
-0.00404277
-0.00383863
-0.00359888
-0.00332735
-0.00302908
-0.00271007
-0.00237773
-0.00204014
-0.00170609
-0.00138489
-0.00108602
-0.000818793
-0.000592074
-0.000413895
-0.000291142
-0.000229256
-0.00023199
-0.000301221
-0.00043686
-0.000636826
-0.000897127
-0.00121203
-0.00157439
-0.00197567
-0.00240671
-0.00285781
-0.00331923
-0.00378147
-0.00423567
-0.00467375
-0.00508867
-0.00547446
-0.00582625
-0.00614023
-0.00641349
-0.00664387
-0.00682987
-0.00697051
-0.00706544
-0.00711531
-0.00712275
-0.00709445
-0.00704337
-0.00698858
-1.48213e-05
3.20626e-07
-1.15828e-05
-4.91632e-05
-0.000109271
-0.00018976
-0.000288141
-0.000401903
-0.000528877
-0.000667327
-0.000815915
-0.000973626
-0.00113968
-0.00131345
-0.00149434
-0.00168172
-0.00187487
-0.00207288
-0.00227465
-0.00247882
-0.00268377
-0.00288759
-0.00308808
-0.00328277
-0.00346892
-0.00364357
-0.00380358
-0.00394567
-0.00406651
-0.00416283
-0.00423148
-0.00426956
-0.00427456
-0.00424447
-0.00417791
-0.0040743
-0.0039339
-0.003758
-0.00354893
-0.00331014
-0.0030462
-0.00276265
-0.0024662
-0.00216435
-0.00186526
-0.00157755
-0.00131003
-0.00107138
-0.00086984
-0.000712889
-0.000606932
-0.000557024
-0.000566635
-0.000637481
-0.000769436
-0.000960521
-0.00120698
-0.00150345
-0.00184318
-0.00221839
-0.00262045
-0.00304044
-0.00346937
-0.00389853
-0.00431979
-0.00472579
-0.00511014
-0.00546745
-0.00579337
-0.00608456
-0.00633853
-0.00655362
-0.0067288
-0.00686371
-0.00695863
-0.00701476
-0.00703495
-0.00702442
-0.00698853
-0.00693369
-4.1149e-06
1.19412e-05
-7.32716e-07
-3.77774e-05
-9.49356e-05
-0.000170321
-0.000261934
-0.000367744
-0.000485978
-0.0006152
-0.000754288
-0.000902374
-0.00105878
-0.00122294
-0.00139431
-0.00157234
-0.00175638
-0.0019456
-0.00213903
-0.00233542
-0.00253331
-0.00273095
-0.00292633
-0.00311716
-0.0033009
-0.00347475
-0.00363574
-0.00378075
-0.00390657
-0.00401
-0.00408795
-0.00413751
-0.00415613
-0.00414171
-0.00409274
-0.00400843
-0.00388883
-0.00373495
-0.00354883
-0.00333357
-0.00309333
-0.00283355
-0.00256038
-0.00228101
-0.00200326
-0.00173546
-0.00148611
-0.00126365
-0.00107609
-0.000930715
-0.000833782
-0.000790227
-0.000803442
-0.000875103
-0.00100508
-0.00119143
-0.00143047
-0.00171696
-0.00204432
-0.00240493
-0.00279052
-0.00319236
-0.00360186
-0.00401067
-0.00441108
-0.00479616
-0.00515996
-0.00549754
-0.00580503
-0.00607951
-0.00631896
-0.00652213
-0.00668845
-0.00681789
-0.00691095
-0.00696873
-0.00699349
-0.00698861
-0.0069528
-0.00688279
3.7198e-05
4.98364e-05
3.44233e-05
-3.86537e-06
-6.04376e-05
-0.000133379
-0.000220922
-0.000321327
-0.000433148
-0.000555243
-0.000686732
-0.000826955
-0.000975407
-0.00113167
-0.00129534
-0.00146599
-0.0016431
-0.00182599
-0.00201381
-0.00220548
-0.0023997
-0.00259487
-0.00278914
-0.00298037
-0.00316613
-0.00334376
-0.00351035
-0.00366281
-0.00379795
-0.00391252
-0.00400333
-0.00406735
-0.00410184
-0.00410447
-0.0040735
-0.00400784
-0.00390727
-0.00377249
-0.00360523
-0.00340833
-0.00318565
-0.00294238
-0.00268452
-0.00241906
-0.00215372
-0.00189674
-0.0016566
-0.00144173
-0.00126017
-0.00111928
-0.00102538
-0.000983484
-0.000997067
-0.00106787
-0.0011958
-0.00137895
-0.00161364
-0.00189461
-0.00221526
-0.00256796
-0.00294439
-0.00333592
-0.00373395
-0.00413028
-0.00451734
-0.00488845
-0.00523795
-0.00556126
-0.00585487
-0.00611631
-0.00634399
-0.0065371
-0.00669543
-0.00681922
-0.006909
-0.00696553
-0.0069903
-0.00698505
-0.00694351
-0.00685586
0.000108192
0.000111583
9.0179e-05
4.85176e-05
-9.37823e-06
-8.16506e-05
-0.000166728
-0.000263201
-0.000369958
-0.000486169
-0.000611241
-0.000744765
-0.000886464
-0.00103613
-0.00119355
-0.00135847
-0.00153057
-0.00170933
-0.00189409
-0.00208394
-0.00227775
-0.00247409
-0.00267124
-0.00286718
-0.00305956
-0.00324577
-0.00342289
-0.0035878
-0.00373719
-0.00386764
-0.00397578
-0.00405831
-0.0041122
-0.00413481
-0.00412403
-0.00407845
-0.00399748
-0.00388148
-0.0037319
-0.00355131
-0.00334333
-0.00311295
-0.00286607
-0.00260963
-0.00235134
-0.00209949
-0.00186267
-0.00164947
-0.00146812
-0.00132619
-0.00123023
-0.00118548
-0.00119561
-0.00126253
-0.00138628
-0.00156502
-0.00179508
-0.00207116
-0.00238659
-0.0027336
-0.00310374
-0.00348826
-0.00387845
-0.00426605
-0.00464351
-0.00500423
-0.00534272
-0.00565465
-0.00593683
-0.00618718
-0.00640454
-0.00658849
-0.00673919
-0.00685714
-0.00694293
-0.00699704
-0.00702037
-0.00701347
-0.00696685
-0.00686674
0.000206241
0.000195297
0.000164756
0.000117611
5.65937e-05
-1.66359e-05
-0.000100752
-0.000194717
-0.000297795
-0.000409506
-0.000529582
-0.000657914
-0.000794497
-0.000939376
-0.00109259
-0.00125411
-0.00142383
-0.00160146
-0.00178654
-0.00197837
-0.00217597
-0.00237808
-0.00258308
-0.00278904
-0.00299364
-0.00319421
-0.00338777
-0.00357103
-0.00374045
-0.00389237
-0.00402306
-0.00412888
-0.00420639
-0.00425253
-0.00426478
-0.00424132
-0.00418115
-0.00408428
-0.00395184
-0.00378622
-0.00359073
-0.00337028
-0.0031307
-0.00287892
-0.00262274
-0.00237062
-0.00213134
-0.00191377
-0.00172645
-0.00157732
-0.00147327
-0.00141992
-0.00142127
-0.00147954
-0.001595
-0.00176597
-0.00198888
-0.00225842
-0.00256782
-0.00290917
-0.00327382
-0.00365278
-0.00403713
-0.00441841
-0.00478893
-0.00514203
-0.00547225
-0.00577539
-0.0060485
-0.0062898
-0.00649846
-0.00667446
-0.00681831
-0.00693078
-0.00701256
-0.00706404
-0.00708574
-0.00707752
-0.00702822
-0.00692222
0.000327531
0.000298007
0.000255704
0.000201183
0.000135396
5.97527e-05
-2.47845e-05
-0.000117629
-0.000218471
-0.000327229
-0.000444002
-0.000569024
-0.000702604
-0.000845084
-0.000996787
-0.00115796
-0.00132876
-0.00150913
-0.00169886
-0.00189744
-0.00210408
-0.00231763
-0.00253656
-0.00275896
-0.00298245
-0.00320426
-0.00342119
-0.00362969
-0.00382591
-0.00400577
-0.00416513
-0.00429984
-0.004406
-0.00448003
-0.00451895
-0.00452044
-0.00448308
-0.00440649
-0.00429153
-0.00414051
-0.00395593
-0.00374309
-0.00350769
-0.00325668
-0.002998
-0.00274029
-0.00249264
-0.00226427
-0.00206415
-0.00190067
-0.00178125
-0.00171201
-0.00169745
-0.00174026
-0.00184109
-0.00199858
-0.00220936
-0.00246822
-0.00276837
-0.00310177
-0.00345955
-0.00383245
-0.00421123
-0.00458712
-0.00495218
-0.00529955
-0.00562364
-0.00592024
-0.00618651
-0.00642082
-0.00662264
-0.00679227
-0.00693053
-0.00703844
-0.0071169
-0.00716634
-0.00718713
-0.0071788
-0.00712977
-0.00702408
0.000467446
0.000415974
0.000359624
0.000296125
0.000224252
0.000144966
5.87812e-05
-3.42587e-05
-0.000134342
-0.00024184
-0.00035726
-0.000481216
-0.000614372
-0.000757405
-0.000910959
-0.00107559
-0.00125174
-0.00143964
-0.00163931
-0.00185045
-0.00207242
-0.00230418
-0.00254423
-0.00279059
-0.00304076
-0.00329175
-0.00354006
-0.00378175
-0.00401252
-0.00422781
-0.0044229
-0.0045931
-0.00473392
-0.00484123
-0.00491146
-0.00494181
-0.00493038
-0.00487636
-0.00478042
-0.00464506
-0.00447028
-0.00426355
-0.00402999
-0.00377647
-0.00351105
-0.00324259
-0.00298051
-0.00273445
-0.00251391
-0.00232785
-0.00218435
-0.00209019
-0.00205058
-0.00206883
-0.00214622
-0.00228189
-0.00247286
-0.00271416
-0.00299913
-0.00331967
-0.00366675
-0.00403083
-0.00440233
-0.00477208
-0.00513175
-0.00547414
-0.0057934
-0.00608515
-0.00634648
-0.00657584
-0.00677283
-0.00693795
-0.00707229
-0.00717714
-0.00725361
-0.00730229
-0.00732356
-0.00731691
-0.00727117
-0.00717116
0.000620908
0.000544692
0.000472481
0.000398775
0.000319751
0.000235796
0.000146855
5.23228e-05
-4.85638e-05
-0.000156683
-0.000273001
-0.000398547
-0.000534376
-0.000681533
-0.000841012
-0.00101371
-0.00120037
-0.00140154
-0.00161745
-0.00184803
-0.00209275
-0.00235062
-0.0026201
-0.00289909
-0.00318486
-0.00347408
-0.00376286
-0.00404675
-0.0043209
-0.00458014
-0.00481912
-0.00503249
-0.0052151
-0.00536219
-0.00546957
-0.00553388
-0.0055527
-0.0055248
-0.00545002
-0.00532919
-0.00516735
-0.0049668
-0.00473361
-0.0044749
-0.00419885
-0.00391455
-0.00363177
-0.00336061
-0.00311116
-0.00289307
-0.00271521
-0.00258524
-0.00250923
-0.0024914
-0.00253388
-0.00263657
-0.00279712
-0.00301107
-0.00327203
-0.00357203
-0.00390198
-0.0042521
-0.00461246
-0.00497345
-0.00532626
-0.00566321
-0.00597802
-0.00626599
-0.00652396
-0.00675026
-0.00694449
-0.00710723
-0.00723974
-0.00734351
-0.00741986
-0.00746959
-0.0074932
-0.00749029
-0.00745068
-0.00736062
0.000782274
0.000679032
0.00058957
0.000504743
0.000417757
0.000328274
0.000235542
0.000138194
3.48071e-05
-7.6059e-05
-0.000195873
-0.000326119
-0.000468272
-0.000623775
-0.000794001
-0.000980207
-0.00118347
-0.00140462
-0.00164414
-0.00190211
-0.00217809
-0.0024711
-0.00277948
-0.00310089
-0.00343228
-0.0037699
-0.00410932
-0.00444552
-0.00477297
-0.00508581
-0.00537796
-0.00564335
-0.0058761
-0.00607074
-0.00622242
-0.00632712
-0.00638186
-0.00638486
-0.00633551
-0.00623438
-0.0060851
-0.00589086
-0.00565728
-0.0053913
-0.00510113
-0.00479605
-0.00448614
-0.00418198
-0.0038943
-0.00363356
-0.00340954
-0.00323094
-0.00310499
-0.00303705
-0.0030304
-0.003086
-0.00320248
-0.00337614
-0.00360117
-0.00386996
-0.0041735
-0.0045019
-0.00484492
-0.0051925
-0.00553525
-0.00586491
-0.00617461
-0.0064591
-0.00671481
-0.00693974
-0.00713328
-0.00729597
-0.00742904
-0.00753411
-0.00761265
-0.00766564
-0.00769376
-0.00769675
-0.00766574
-0.00758885
0.000945333
0.000813222
0.000705482
0.000608902
0.000513358
0.000417611
0.000320071
0.000218504
0.000110743
-5.27627e-06
-0.000131566
-0.000270099
-0.000422801
-0.000591539
-0.000778089
-0.000984082
-0.00121093
-0.00145975
-0.00173124
-0.00202561
-0.00234247
-0.00268072
-0.00303852
-0.00341322
-0.00380134
-0.00419858
-0.00459991
-0.0049996
-0.00539138
-0.0057686
-0.00612439
-0.00645188
-0.00674439
-0.00699568
-0.00720016
-0.00735308
-0.00745078
-0.00749083
-0.00747204
-0.00739454
-0.00726122
-0.00707505
-0.00684133
-0.0065668
-0.00625962
-0.00592914
-0.00558573
-0.00524044
-0.00490464
-0.00458967
-0.00430638
-0.00406468
-0.00387317
-0.00373867
-0.00366594
-0.00365739
-0.00371297
-0.00383014
-0.00400401
-0.00422764
-0.00449238
-0.00478839
-0.00510524
-0.00543242
-0.00575995
-0.00607883
-0.00638146
-0.00666185
-0.00691576
-0.00714063
-0.00733546
-0.00750043
-0.00763666
-0.00774569
-0.00782904
-0.00788782
-0.00792278
-0.00793383
-0.00791355
-0.00785211
0.00110314
0.000940822
0.000814115
0.000705388
0.000600847
0.000498168
0.000394777
0.000287459
0.000173227
4.93383e-05
-8.68077e-05
-0.000237703
-0.000405754
-0.000593275
-0.000802462
-0.00103533
-0.00129362
-0.00157871
-0.0018915
-0.00223226
-0.00260056
-0.00299516
-0.00341391
-0.00385376
-0.00431069
-0.00477979
-0.00525528
-0.00573068
-0.00619888
-0.00665237
-0.00708343
-0.00748429
-0.00784744
-0.00816578
-0.00843287
-0.00864319
-0.00879227
-0.00887692
-0.00889528
-0.00884702
-0.00873384
-0.0085586
-0.00832611
-0.00804275
-0.00771648
-0.00735666
-0.00697382
-0.00657941
-0.00618546
-0.00580421
-0.00544766
-0.00512712
-0.00485276
-0.00463316
-0.00447493
-0.00438231
-0.00435703
-0.00439817
-0.00450222
-0.00466328
-0.00487343
-0.00512316
-0.00540202
-0.00569915
-0.00600396
-0.00630665
-0.00659868
-0.00687313
-0.00712483
-0.00735041
-0.00754813
-0.00771767
-0.00785971
-0.00797553
-0.00806652
-0.00813375
-0.00817801
-0.00819923
-0.00819148
-0.00814696
0.0012482
0.00105476
0.000908693
0.000787623
0.000673749
0.000563479
0.000453112
0.000338343
0.000215293
8.04846e-05
-6.93059e-05
-0.000237125
-0.000425882
-0.000638363
-0.00087719
-0.00114476
-0.00144314
-0.00177394
-0.0021382
-0.0025362
-0.0029674
-0.00343032
-0.00392242
-0.00444014
-0.00497884
-0.00553288
-0.00609569
-0.00665992
-0.00721757
-0.0077602
-0.00827915
-0.00876573
-0.00921146
-0.00960834
-0.00994903
-0.0102271
-0.0104371
-0.0105751
-0.0106385
-0.010626
-0.0105385
-0.0103784
-0.0101497
-0.00985838
-0.00951208
-0.00911998
-0.00869266
-0.00824188
-0.00778023
-0.00732083
-0.00687686
-0.00646114
-0.00608561
-0.00576088
-0.00549572
-0.00529668
-0.00516774
-0.00511012
-0.00512221
-0.00519971
-0.00533586
-0.00552189
-0.00574761
-0.006002
-0.00627389
-0.00655265
-0.00682866
-0.00709382
-0.00734177
-0.007568
-0.00776975
-0.00794583
-0.00809621
-0.00822164
-0.00832316
-0.00840163
-0.00845765
-0.0084911
-0.00849738
-0.00847066
0.00137238
0.00114733
0.000981813
0.000848355
0.000724873
0.000606316
0.000487721
0.000363598
0.000229109
7.99934e-05
-8.76316e-05
-0.000277396
-0.000492739
-0.000736928
-0.00101302
-0.00132379
-0.00167159
-0.00205825
-0.00248486
-0.00295167
-0.00345794
-0.00400184
-0.00458038
-0.00518937
-0.00582347
-0.00647622
-0.00714019
-0.00780707
-0.00846791
-0.00911327
-0.00973348
-0.0103188
-0.0108599
-0.0113476
-0.0117736
-0.0121305
-0.0124119
-0.0126129
-0.0127299
-0.0127609
-0.0127057
-0.0125659
-0.0123448
-0.0120478
-0.0116819
-0.0112561
-0.0107806
-0.0102676
-0.00972993
-0.00918155
-0.00863676
-0.00810989
-0.00761479
-0.00716428
-0.00676963
-0.00644008
-0.00618238
-0.00600046
-0.00589526
-0.00586466
-0.0059037
-0.00600487
-0.00615866
-0.00635417
-0.00657986
-0.00682422
-0.00707648
-0.00732713
-0.00756833
-0.00779407
-0.00800021
-0.0081843
-0.00834527
-0.00848301
-0.00859791
-0.00869036
-0.00876059
-0.00880823
-0.00882986
-0.00882139
0.00146701
0.00121035
0.00102554
0.000879763
0.000746406
0.000618788
0.000490558
0.000354955
0.000206124
3.89857e-05
-0.000151041
-0.000368195
-0.000616462
-0.0008996
-0.0012211
-0.0015841
-0.00199122
-0.00244442
-0.00294483
-0.00349255
-0.00408656
-0.00472461
-0.00540313
-0.00611724
-0.00686078
-0.00762643
-0.00840576
-0.00918949
-0.00996759
-0.0107296
-0.0114647
-0.0121622
-0.0128115
-0.0134024
-0.0139258
-0.0143729
-0.0147365
-0.0150105
-0.0151904
-0.0152731
-0.0152575
-0.0151442
-0.0149358
-0.0146366
-0.0142533
-0.0137939
-0.0132688
-0.0126896
-0.0120697
-0.0114235
-0.0107663
-0.0101139
-0.00948198
-0.00888567
-0.00833898
-0.00785418
-0.00744127
-0.00710749
-0.00685698
-0.00669059
-0.00660584
-0.00659719
-0.00665639
-0.00677315
-0.00693582
-0.00713217
-0.00735021
-0.00757887
-0.00780849
-0.0080312
-0.00824105
-0.00843391
-0.00860723
-0.00875967
-0.00889061
-0.00899969
-0.00908651
-0.00915022
-0.00918842
-0.00919844
0.00152302
0.00123522
0.00103152
0.000873577
0.000730058
0.000592492
0.000453042
0.000303606
0.000137264
-5.19212e-05
-0.000269251
-0.000519595
-0.000807499
-0.00113722
-0.00151268
-0.00193734
-0.00241405
-0.00294487
-0.00353084
-0.00417188
-0.00486658
-0.00561216
-0.00640438
-0.00723758
-0.00810471
-0.00899745
-0.00990635
-0.010821
-0.0117303
-0.0126226
-0.013486
-0.0143086
-0.0150786
-0.015785
-0.0164171
-0.0169654
-0.0174215
-0.0177783
-0.0180301
-0.0181729
-0.0182046
-0.0181248
-0.0179349
-0.0176387
-0.0172415
-0.0167511
-0.016177
-0.0155306
-0.0148251
-0.0140753
-0.0132971
-0.0125076
-0.0117241
-0.0109641
-0.0102444
-0.00958039
-0.00898582
-0.00847176
-0.00804625
-0.00771388
-0.00747556
-0.00732853
-0.00726663
-0.00728081
-0.0073598
-0.00749096
-0.00766116
-0.0078576
-0.00806857
-0.00828395
-0.00849549
-0.0086969
-0.00888366
-0.00905273
-0.00920208
-0.00933027
-0.00943596
-0.00951762
-0.0095734
-0.00960218
0.00153111
0.00121311
0.000991153
0.000821252
0.00066723
0.000518708
0.000366269
0.000200425
1.31556e-05
-0.000202359
-0.000452162
-0.000741771
-0.0010763
-0.00146051
-0.00189872
-0.00239471
-0.00295148
-0.00357112
-0.00425454
-0.00500134
-0.00580965
-0.00667605
-0.00759555
-0.00856157
-0.00956609
-0.0105997
-0.0116518
-0.0127109
-0.0137645
-0.0147999
-0.0158039
-0.0167634
-0.0176656
-0.0184981
-0.0192493
-0.0199085
-0.0204663
-0.0209146
-0.0212467
-0.0214576
-0.021544
-0.0215047
-0.0213401
-0.0210528
-0.0206474
-0.0201304
-0.0195107
-0.018799
-0.0180081
-0.0171527
-0.0162491
-0.0153151
-0.0143695
-0.0134317
-0.0125211
-0.0116567
-0.0108557
-0.0101337
-0.00950327
-0.00897347
-0.00854955
-0.00823258
-0.00801947
-0.00790331
-0.00787395
-0.00791883
-0.00802393
-0.00817477
-0.00835737
-0.00855895
-0.00876849
-0.00897697
-0.00917736
-0.00936437
-0.00953411
-0.0096836
-0.00981029
-0.00991166
-0.00998625
-0.0100341
0.00148191
0.00113516
0.00089579
0.000714162
0.000549231
0.00038861
0.000221242
3.62201e-05
-0.000175596
-0.000421922
-0.00070956
-0.00104468
-0.00143298
-0.0018797
-0.00238955
-0.00296655
-0.00361384
-0.00433342
-0.005126
-0.00599075
-0.00692524
-0.00792531
-0.00898507
-0.010097
-0.0112518
-0.0124391
-0.013647
-0.0148626
-0.0160722
-0.0172619
-0.0184171
-0.0195235
-0.0205672
-0.0215346
-0.022413
-0.0231909
-0.0238578
-0.0244046
-0.0248238
-0.0251095
-0.0252574
-0.0252654
-0.0251328
-0.0248613
-0.0244542
-0.0239172
-0.0232579
-0.0224862
-0.0216141
-0.0206558
-0.0196273
-0.0185467
-0.0174338
-0.0163095
-0.0151955
-0.0141137
-0.0130855
-0.0121307
-0.0112669
-0.0105086
-0.00986628
-0.00934585
-0.00894851
-0.00867066
-0.00850428
-0.00843769
-0.0084565
-0.00854477
-0.00868614
-0.00886487
-0.00906668
-0.00927921
-0.00949227
-0.00969774
-0.00988931
-0.010062
-0.0102117
-0.0103345
-0.0104292
-0.0104967
0.00136626
0.000992678
0.00073693
0.000543828
0.000367511
0.000193522
9.13263e-06
-0.000197993
-0.000438118
-0.00071986
-0.00105079
-0.00143773
-0.00188695
-0.00240417
-0.00299442
-0.00366196
-0.00440993
-0.00524022
-0.0061532
-0.00714752
-0.00822005
-0.00936576
-0.0105778
-0.0118474
-0.0131643
-0.0145165
-0.0158909
-0.0172732
-0.0186484
-0.0200011
-0.0213156
-0.0225762
-0.023768
-0.0248762
-0.0258874
-0.0267889
-0.0275695
-0.0282195
-0.0287305
-0.0290959
-0.0293108
-0.0293718
-0.0292776
-0.0290288
-0.0286277
-0.0280787
-0.0273883
-0.0265651
-0.0256199
-0.0245659
-0.0234185
-0.0221954
-0.0209165
-0.0196038
-0.0182805
-0.0169711
-0.0157006
-0.0144931
-0.0133716
-0.0123562
-0.0114636
-0.0107058
-0.0100895
-0.00961583
-0.00928018
-0.00907291
-0.00898011
-0.00898486
-0.00906859
-0.00921241
-0.00939831
-0.00960998
-0.00983339
-0.0100569
-0.0102711
-0.0104685
-0.0106429
-0.0107889
-0.010905
-0.0109934
0.00117541
0.000777377
0.000506475
0.000302158
0.000113911
-7.48208e-05
-0.000278439
-0.000510694
-0.000782959
-0.00110475
-0.00148441
-0.00192941
-0.00244657
-0.00304204
-0.00372118
-0.00448835
-0.00534668
-0.00629779
-0.00734162
-0.00847619
-0.00969753
-0.0109996
-0.0123744
-0.013812
-0.0153006
-0.0168268
-0.0183761
-0.0199328
-0.0214803
-0.0230018
-0.0244804
-0.0258993
-0.0272423
-0.028494
-0.0296399
-0.0306668
-0.0315629
-0.0323177
-0.0329226
-0.0333704
-0.0336554
-0.0337738
-0.0337235
-0.033504
-0.0331167
-0.0325648
-0.0318534
-0.0309897
-0.0299831
-0.0288452
-0.0275902
-0.0262349
-0.0247985
-0.023303
-0.0217726
-0.0202335
-0.0187135
-0.0172408
-0.0158432
-0.0145472
-0.0133759
-0.0123485
-0.0114786
-0.0107734
-0.0102335
-0.00985271
-0.00961891
-0.00951508
-0.00952087
-0.00961428
-0.00977324
-0.00997691
-0.0102067
-0.0104466
-0.0106835
-0.0109067
-0.0111074
-0.0112782
-0.0114175
-0.0115279
0.000901316
0.000481637
0.000196964
-1.82998e-05
-0.000219077
-0.000423999
-0.000649118
-0.000909561
-0.00121779
-0.00158421
-0.00201789
-0.00252697
-0.00311878
-0.00379987
-0.00457584
-0.00545111
-0.00642868
-0.00750981
-0.00869386
-0.00997807
-0.0113575
-0.012825
-0.0143712
-0.0159848
-0.0176524
-0.0193592
-0.0210889
-0.0228243
-0.0245475
-0.0262402
-0.0278842
-0.0294616
-0.0309554
-0.0323493
-0.0336283
-0.0347787
-0.0357884
-0.0366467
-0.0373446
-0.0378746
-0.0382309
-0.0384091
-0.0384065
-0.038222
-0.0378559
-0.0373104
-0.0365892
-0.0356978
-0.0346441
-0.0334378
-0.0320914
-0.0306199
-0.0290413
-0.0273766
-0.0256498
-0.023888
-0.0221207
-0.0203792
-0.0186959
-0.0171029
-0.0156305
-0.0143055
-0.0131494
-0.0121775
-0.011397
-0.0108073
-0.0103995
-0.0101579
-0.0100614
-0.0100851
-0.0102029
-0.0103888
-0.010619
-0.0108723
-0.011131
-0.0113805
-0.0116088
-0.0118061
-0.0119703
-0.0121048
0.000536856
9.87336e-05
-0.00019818
-0.00042411
-0.000638046
-0.00086064
-0.00110954
-0.00140119
-0.0017491
-0.00216454
-0.0026573
-0.00323611
-0.00390882
-0.0046823
-0.00556232
-0.00655329
-0.00765793
-0.00887705
-0.0102093
-0.0116509
-0.0131959
-0.0148358
-0.0165597
-0.0183547
-0.0202059
-0.0220966
-0.024009
-0.0259242
-0.0278228
-0.0296851
-0.0314919
-0.0332242
-0.0348644
-0.0363955
-0.0378023
-0.0390709
-0.0401891
-0.0411461
-0.0419331
-0.0425426
-0.0429687
-0.0432068
-0.043254
-0.0431085
-0.0427701
-0.0422397
-0.0415198
-0.0406144
-0.0395295
-0.0382729
-0.0368547
-0.0352879
-0.0335883
-0.0317751
-0.0298711
-0.0279028
-0.0259003
-0.0238969
-0.0219285
-0.020032
-0.0182445
-0.0166006
-0.0151309
-0.0138596
-0.0128029
-0.0119674
-0.01135
-0.0109379
-0.0107107
-0.0106414
-0.0107001
-0.0108556
-0.0110779
-0.01134
-0.0116185
-0.0118942
-0.0121512
-0.0123767
-0.0125678
-0.0127287
7.60862e-05
-0.00037693
-0.000684418
-0.000920712
-0.00114843
-0.00139016
-0.00166506
-0.00199083
-0.00238195
-0.00285051
-0.00340699
-0.0040607
-0.00481991
-0.00569177
-0.00668215
-0.00779531
-0.00903359
-0.0103972
-0.0118838
-0.0134888
-0.0152047
-0.0170215
-0.0189268
-0.0209059
-0.022942
-0.0250168
-0.0271106
-0.0292029
-0.0312728
-0.0332995
-0.0352627
-0.0371426
-0.038921
-0.0405809
-0.0421067
-0.0434848
-0.0447031
-0.0457513
-0.0466208
-0.0473045
-0.0477964
-0.0480922
-0.0481892
-0.0480851
-0.0477791
-0.0472713
-0.0465631
-0.045657
-0.0445572
-0.0432693
-0.0418011
-0.040163
-0.038368
-0.0364328
-0.0343779
-0.0322279
-0.0300123
-0.0277646
-0.0255226
-0.0233273
-0.0212211
-0.0192466
-0.0174432
-0.0158455
-0.0144799
-0.0133627
-0.0124987
-0.0118807
-0.0114906
-0.0113013
-0.0112793
-0.0113884
-0.011592
-0.0118563
-0.0121515
-0.0124525
-0.0127388
-0.0129939
-0.013214
-0.0134041
-0.000485546
-0.000949612
-0.00126589
-0.0015122
-0.0017543
-0.00201657
-0.00231956
-0.00268214
-0.00311971
-0.0036451
-0.00426944
-0.00500256
-0.00585308
-0.00682839
-0.0079343
-0.00917483
-0.0105518
-0.0120647
-0.0137101
-0.0154821
-0.0173718
-0.0193675
-0.021455
-0.0236177
-0.025837
-0.0280925
-0.0303629
-0.0326261
-0.0348599
-0.0370421
-0.0391517
-0.0411686
-0.0430739
-0.0448508
-0.0464841
-0.0479603
-0.0492679
-0.0503973
-0.0513403
-0.0520905
-0.0526423
-0.0529911
-0.0531366
-0.0530744
-0.0528037
-0.0523242
-0.0516364
-0.0507416
-0.0496422
-0.0483418
-0.0468458
-0.0451616
-0.0432993
-0.0412723
-0.0390979
-0.036798
-0.0343995
-0.031935
-0.0294424
-0.0269645
-0.0245483
-0.0222425
-0.0200956
-0.0181525
-0.0164511
-0.0150194
-0.0138727
-0.013012
-0.0124243
-0.0120841
-0.0119561
-0.0119992
-0.0121705
-0.0124283
-0.0127353
-0.0130599
-0.0133758
-0.0136619
-0.0139133
-0.0141356
-0.00115102
-0.00162205
-0.00194521
-0.00220115
-0.00245815
-0.00274222
-0.00307522
-0.00347703
-0.00396389
-0.00454932
-0.00524503
-0.00606128
-0.00700703
-0.00808972
-0.00931507
-0.0106867
-0.0122058
-0.0138708
-0.0156773
-0.0176177
-0.0196816
-0.0218555
-0.0241231
-0.0264659
-0.0288633
-0.031293
-0.033732
-0.0361566
-0.0385433
-0.0408692
-0.0431125
-0.0452527
-0.0472712
-0.0491512
-0.0508781
-0.0524391
-0.0538234
-0.0550222
-0.0560283
-0.0568357
-0.0574402
-0.057839
-0.0580269
-0.0580045
-0.05777
-0.0573225
-0.0566618
-0.0557882
-0.0547025
-0.0534066
-0.0519036
-0.050198
-0.0482968
-0.0462097
-0.0439502
-0.0415365
-0.0389919
-0.0363461
-0.0336355
-0.0309028
-0.0281972
-0.0255722
-0.0230836
-0.0207866
-0.018731
-0.0169579
-0.0154955
-0.0143559
-0.0135344
-0.0130097
-0.0127469
-0.0127011
-0.0128231
-0.0130633
-0.0133758
-0.0137211
-0.0140661
-0.0143845
-0.0146694
-0.0149274
-0.00192158
-0.00239532
-0.00272339
-0.00298846
-0.00326076
-0.00356774
-0.00393239
-0.00437549
-0.00491401
-0.00556209
-0.00633194
-0.00723419
-0.008278
-0.00947081
-0.0108181
-0.0123229
-0.0139857
-0.0158038
-0.0177714
-0.0198793
-0.0221153
-0.0244638
-0.0269066
-0.0294231
-0.0319905
-0.0345849
-0.0371815
-0.0397552
-0.0422814
-0.0447366
-0.0470985
-0.0493467
-0.0514627
-0.0534305
-0.0552359
-0.0568672
-0.0583146
-0.0595703
-0.0606279
-0.0614826
-0.0621308
-0.06257
-0.0627976
-0.0628124
-0.0626134
-0.0621996
-0.0615704
-0.0607253
-0.0596641
-0.0583871
-0.0568953
-0.0551907
-0.0532772
-0.0511608
-0.0488509
-0.0463612
-0.0437108
-0.0409249
-0.0380364
-0.0350863
-0.0321232
-0.0292033
-0.0263879
-0.0237406
-0.0213232
-0.0191905
-0.0173852
-0.0159336
-0.0148424
-0.0140981
-0.0136687
-0.0135078
-0.0135606
-0.0137693
-0.0140789
-0.0144408
-0.0148139
-0.0151653
-0.0154861
-0.0157832
-0.00279668
-0.00326875
-0.00359965
-0.00387328
-0.00416113
-0.00449189
-0.00488951
-0.00537552
-0.00596754
-0.00668021
-0.00752614
-0.00851628
-0.00965985
-0.0109642
-0.0124344
-0.0140729
-0.0158791
-0.0178491
-0.0199756
-0.0222477
-0.024651
-0.0271682
-0.0297786
-0.0324596
-0.0351866
-0.0379336
-0.0406744
-0.0433827
-0.0460331
-0.0486016
-0.0510657
-0.0534052
-0.0556024
-0.0576418
-0.0595103
-0.0611973
-0.062694
-0.0639937
-0.0650913
-0.065983
-0.0666661
-0.0671387
-0.0673994
-0.0674472
-0.0672813
-0.0669009
-0.0663053
-0.0654935
-0.0644646
-0.0632175
-0.0617517
-0.060067
-0.0581644
-0.0560466
-0.0537189
-0.0511903
-0.0484747
-0.0455924
-0.0425711
-0.0394477
-0.0362684
-0.0330891
-0.029974
-0.0269933
-0.0242189
-0.0217189
-0.0195521
-0.0177608
-0.0163667
-0.0153676
-0.0147382
-0.0144332
-0.0143938
-0.0145545
-0.0148507
-0.0152236
-0.0156227
-0.0160076
-0.0163664
-0.0167063
-0.00377388
-0.00423987
-0.00457146
-0.00485296
-0.00515642
-0.00551153
-0.00594305
-0.00647314
-0.00711987
-0.00789832
-0.00882142
-0.00990027
-0.0111441
-0.01256
-0.0141526
-0.0159235
-0.017871
-0.0199898
-0.0222709
-0.0247016
-0.0272654
-0.0299426
-0.0327108
-0.035545
-0.0384187
-0.0413044
-0.0441743
-0.0470013
-0.0497594
-0.0524241
-0.0549734
-0.0573876
-0.0596495
-0.0617446
-0.0636611
-0.0653894
-0.0669222
-0.0682538
-0.0693803
-0.070299
-0.0710083
-0.0715069
-0.0717943
-0.0718701
-0.0717339
-0.0713852
-0.0708232
-0.0700469
-0.0690549
-0.0678453
-0.0664164
-0.0647662
-0.0628935
-0.0607979
-0.0584809
-0.0559471
-0.0532051
-0.0502693
-0.0471616
-0.043913
-0.0405651
-0.0371709
-0.0337945
-0.0305096
-0.0273958
-0.0245335
-0.021997
-0.0198465
-0.0181212
-0.0168343
-0.0159711
-0.0154909
-0.0153336
-0.0154272
-0.0156972
-0.0160739
-0.0164961
-0.0169143
-0.0173128
-0.0176992
-0.00484889
-0.00530441
-0.0056345
-0.00592303
-0.00624192
-0.00662166
-0.00708761
-0.00766237
-0.00836439
-0.00920903
-0.0102094
-0.0113768
-0.0127202
-0.0142464
-0.0159593
-0.0178596
-0.0199445
-0.022207
-0.0246364
-0.027218
-0.0299332
-0.0327601
-0.0356742
-0.0386484
-0.0416545
-0.0446635
-0.0476465
-0.0505755
-0.0534242
-0.0561683
-0.058786
-0.0612583
-0.0635692
-0.0657051
-0.0676555
-0.0694121
-0.0709687
-0.0723211
-0.0734664
-0.0744031
-0.0751303
-0.0756478
-0.0759557
-0.0760543
-0.0759437
-0.0756238
-0.0750939
-0.0743532
-0.0734
-0.0722322
-0.0708471
-0.0692417
-0.0674128
-0.0653577
-0.0630749
-0.0605645
-0.0578303
-0.0548809
-0.0517316
-0.0484065
-0.0449407
-0.0413818
-0.0377908
-0.0342418
-0.0308189
-0.0276121
-0.0247099
-0.0221907
-0.0201134
-0.0185099
-0.0173805
-0.0166936
-0.0163907
-0.0163956
-0.0166243
-0.0169958
-0.0174368
-0.0178875
-0.0183275
-0.0187637
-0.00601564
-0.00645638
-0.00678273
-0.0070773
-0.00741121
-0.00781548
-0.00831593
-0.00893541
-0.0096926
-0.010603
-0.0116799
-0.0129345
-0.0143755
-0.0160093
-0.017839
-0.0198643
-0.0220808
-0.0244803
-0.0270499
-0.0297729
-0.0326288
-0.0355934
-0.03864
-0.0417399
-0.0448631
-0.0479793
-0.0510588
-0.054073
-0.0569956
-0.0598026
-0.0624728
-0.064988
-0.0673333
-0.0694965
-0.0714682
-0.0732415
-0.0748114
-0.0761749
-0.0773303
-0.078277
-0.079015
-0.079545
-0.0798677
-0.0799841
-0.0798947
-0.0795999
-0.0790995
-0.0783927
-0.077478
-0.0763533
-0.0750154
-0.0734606
-0.0716847
-0.0696832
-0.0674519
-0.0649877
-0.0622898
-0.0593612
-0.0562108
-0.0528552
-0.0493218
-0.0456509
-0.0418977
-0.038133
-0.0344419
-0.0309207
-0.0276695
-0.0247837
-0.0223431
-0.0204009
-0.0189764
-0.0180517
-0.0175746
-0.017467
-0.0176375
-0.0179929
-0.0184474
-0.0189289
-0.0194113
-0.0199007
-0.00726633
-0.00768815
-0.0080085
-0.00830796
-0.0086562
-0.00908455
-0.00961908
-0.0102827
-0.0110943
-0.0120693
-0.013221
-0.0145603
-0.0160958
-0.0178332
-0.0197748
-0.021919
-0.0242602
-0.0267882
-0.0294884
-0.0323421
-0.0353265
-0.0384155
-0.0415805
-0.0447909
-0.0480154
-0.0512227
-0.0543823
-0.0574656
-0.0604462
-0.0633006
-0.0660086
-0.068553
-0.07092
-0.0730987
-0.0750809
-0.0768611
-0.0784355
-0.0798022
-0.0809604
-0.0819105
-0.0826534
-0.0831904
-0.0835229
-0.0836524
-0.0835799
-0.0833063
-0.0828318
-0.0821561
-0.0812779
-0.0801951
-0.0789049
-0.0774031
-0.0756849
-0.0737447
-0.0715766
-0.0691749
-0.0665351
-0.0636553
-0.0605382
-0.0571931
-0.0536392
-0.0499081
-0.0460468
-0.0421199
-0.0382099
-0.034415
-0.0308436
-0.0276059
-0.0248014
-0.0225068
-0.0207639
-0.0195731
-0.0188931
-0.0186482
-0.0187413
-0.0190683
-0.0195292
-0.020039
-0.0205644
-0.02111
-0.00859166
-0.00899062
-0.00930271
-0.00960575
-0.00996734
-0.0104189
-0.0109866
-0.0116933
-0.0125577
-0.0135953
-0.0148191
-0.0162399
-0.0178658
-0.0197016
-0.0217489
-0.0240048
-0.0264621
-0.029109
-0.031929
-0.0349013
-0.0380012
-0.0412007
-0.0444692
-0.0477748
-0.051085
-0.0543675
-0.0575916
-0.0607287
-0.0637526
-0.0666408
-0.0693736
-0.0719353
-0.0743131
-0.0764974
-0.0784813
-0.0802605
-0.0818324
-0.083196
-0.0843515
-0.0853
-0.086043
-0.0865826
-0.0869206
-0.087059
-0.0869995
-0.0867432
-0.0862909
-0.0856426
-0.0847975
-0.0837541
-0.0825095
-0.0810599
-0.0794004
-0.0775249
-0.0754264
-0.0730974
-0.0705307
-0.0677205
-0.064664
-0.0613639
-0.0578309
-0.0540874
-0.0501708
-0.0461371
-0.0420623
-0.0380427
-0.0341906
-0.0306273
-0.0274705
-0.0248199
-0.0227425
-0.0212614
-0.0203515
-0.0199441
-0.0199394
-0.0202237
-0.020683
-0.0212176
-0.0217859
-0.0223901
-0.00998098
-0.0103534
-0.010655
-0.0109601
-0.0113338
-0.0118074
-0.0124069
-0.0131549
-0.0140699
-0.0151673
-0.0164599
-0.0179578
-0.0196688
-0.0215969
-0.0237425
-0.0261017
-0.0286656
-0.0314208
-0.0343489
-0.0374271
-0.0406289
-0.0439245
-0.0472818
-0.0506675
-0.0540481
-0.0573909
-0.060665
-0.0638419
-0.0668962
-0.0698059
-0.0725526
-0.0751215
-0.0775012
-0.0796833
-0.0816622
-0.0834345
-0.0849986
-0.0863545
-0.0875031
-0.0884462
-0.0891859
-0.0897247
-0.0900649
-0.0902089
-0.0901588
-0.0899162
-0.0894821
-0.0888573
-0.0880414
-0.0870333
-0.0858307
-0.0844305
-0.0828277
-0.0810165
-0.0789894
-0.076738
-0.0742533
-0.0715265
-0.0685506
-0.0653222
-0.0618444
-0.0581304
-0.0542073
-0.0501204
-0.0459367
-0.0417465
-0.0376616
-0.0338097
-0.0303233
-0.027324
-0.0249049
-0.0231156
-0.0219519
-0.0213573
-0.0212338
-0.0214599
-0.021908
-0.0224628
-0.0230733
-0.0237383
-0.0114225
-0.011765
-0.0120539
-0.0123596
-0.0127438
-0.0132377
-0.0138671
-0.0146541
-0.0156171
-0.0167708
-0.0181278
-0.0196978
-0.0214877
-0.023501
-0.0257368
-0.0281899
-0.0308501
-0.0337022
-0.036726
-0.0398971
-0.043187
-0.0465644
-0.0499959
-0.0534471
-0.056884
-0.0602733
-0.0635843
-0.0667888
-0.0698621
-0.0727831
-0.0755345
-0.0781027
-0.0804774
-0.0826515
-0.0846202
-0.0863814
-0.0879341
-0.0892792
-0.0904182
-0.0913534
-0.0920874
-0.092623
-0.0929629
-0.0931098
-0.0930661
-0.0928338
-0.0924145
-0.0918091
-0.091018
-0.0900407
-0.0888756
-0.08752
-0.0859699
-0.0842198
-0.0822624
-0.0800891
-0.0776899
-0.0750541
-0.0721715
-0.0690339
-0.0656378
-0.0619878
-0.0581006
-0.0540101
-0.049772
-0.0454671
-0.0412026
-0.0371077
-0.033325
-0.0299952
-0.0272372
-0.025129
-0.0236922
-0.0228878
-0.0226243
-0.0227759
-0.0232022
-0.0237716
-0.0244229
-0.0251502
-0.0129037
-0.0132133
-0.0134873
-0.0137917
-0.0141846
-0.0146969
-0.0153538
-0.0161772
-0.0171846
-0.0183905
-0.019807
-0.0214431
-0.0233052
-0.0253957
-0.0277129
-0.03025
-0.0329955
-0.0359326
-0.0390395
-0.0422901
-0.0456545
-0.0490998
-0.0525917
-0.0560949
-0.0595748
-0.0629982
-0.0663344
-0.0695559
-0.0726387
-0.0755627
-0.0783117
-0.0808731
-0.0832378
-0.0853996
-0.0873549
-0.0891022
-0.0906414
-0.091974
-0.0931019
-0.0940278
-0.0947546
-0.0952855
-0.0956233
-0.0957711
-0.0957314
-0.0955065
-0.0950985
-0.0945088
-0.0937382
-0.0927868
-0.091654
-0.0903378
-0.0888349
-0.0871407
-0.0852487
-0.0831505
-0.0808359
-0.0782934
-0.0755106
-0.0724758
-0.0691801
-0.0656204
-0.061804
-0.0577531
-0.0535109
-0.0491464
-0.0447577
-0.0404711
-0.0364342
-0.0328024
-0.0297183
-0.0272891
-0.0255657
-0.0245321
-0.0241086
-0.0241689
-0.0245617
-0.0251394
-0.0258291
-0.0266198
-0.0144113
-0.0146854
-0.0149425
-0.0152437
-0.0156433
-0.0161715
-0.0168533
-0.0177096
-0.0187575
-0.020011
-0.0214813
-0.0231772
-0.025104
-0.0272633
-0.0296522
-0.0322629
-0.0350825
-0.0380925
-0.0412699
-0.044587
-0.0480124
-0.0515125
-0.0550517
-0.0585943
-0.0621054
-0.0655518
-0.0689034
-0.072133
-0.0752177
-0.0781382
-0.0808793
-0.0834295
-0.0857807
-0.0879277
-0.0898677
-0.0915997
-0.0931245
-0.0944438
-0.0955601
-0.0964761
-0.0971952
-0.0977206
-0.0980553
-0.0982024
-0.0981649
-0.0979451
-0.0975455
-0.0969679
-0.0962137
-0.0952836
-0.0941776
-0.0928949
-0.0914331
-0.0897885
-0.0879557
-0.0859271
-0.083693
-0.0812417
-0.0785599
-0.0756336
-0.0724497
-0.0689991
-0.0652803
-0.0613047
-0.0571025
-0.0527295
-0.0482716
-0.0438475
-0.0396047
-0.0357081
-0.0323205
-0.0295773
-0.027561
-0.026283
-0.0256812
-0.0256336
-0.0259808
-0.0265595
-0.0272847
-0.0281389
-0.0159318
-0.0161683
-0.0164066
-0.0167025
-0.0171065
-0.017648
-0.0183514
-0.0192369
-0.020321
-0.0216168
-0.023135
-0.0248835
-0.026867
-0.0290862
-0.031537
-0.0342106
-0.0370927
-0.0401637
-0.043399
-0.0467699
-0.0502438
-0.0537861
-0.0573606
-0.0609313
-0.0644631
-0.0679232
-0.0712817
-0.0745123
-0.0775928
-0.0805049
-0.0832343
-0.0857706
-0.0881064
-0.0902373
-0.0921612
-0.0938778
-0.0953882
-0.0966944
-0.0977992
-0.0987056
-0.099417
-0.0999366
-0.100268
-0.100413
-0.100376
-0.10016
-0.0997661
-0.0991975
-0.0984558
-0.0975424
-0.0964582
-0.0952031
-0.0937758
-0.092174
-0.0903931
-0.0884271
-0.0862671
-0.0839019
-0.0813182
-0.0785008
-0.0754339
-0.0721037
-0.0685014
-0.0646287
-0.0605034
-0.0561671
-0.0516917
-0.0471846
-0.0427879
-0.0386705
-0.0350106
-0.0319693
-0.0296612
-0.028129
-0.0273336
-0.0271624
-0.0274516
-0.0280235
-0.0287805
-0.0296979
-0.0174518
-0.0176488
-0.0178665
-0.0181551
-0.018561
-0.0191128
-0.0198343
-0.020745
-0.0218603
-0.0231928
-0.0247524
-0.0265462
-0.0285781
-0.0308478
-0.0333505
-0.0360762
-0.0390094
-0.0421294
-0.0454106
-0.048823
-0.0523334
-0.0559064
-0.0595054
-0.0630941
-0.0666376
-0.0701033
-0.073462
-0.076688
-0.0797598
-0.0826601
-0.0853755
-0.0878963
-0.0902158
-0.0923305
-0.0942386
-0.0959403
-0.0974371
-0.0987312
-0.0998254
-0.100723
-0.101427
-0.101941
-0.102268
-0.102412
-0.102375
-0.10216
-0.10177
-0.101208
-0.100475
-0.0995743
-0.0985069
-0.0972736
-0.0958746
-0.0943083
-0.0925718
-0.0906604
-0.0885665
-0.0862802
-0.0837887
-0.0810765
-0.0781265
-0.0749216
-0.0714476
-0.0676975
-0.0636779
-0.0594166
-0.0549703
-0.0504321
-0.0459344
-0.0416446
-0.0377506
-0.0344355
-0.0318446
-0.0300545
-0.0290537
-0.028745
-0.0289639
-0.0295207
-0.0303052
-0.0312848
-0.0189578
-0.0191143
-0.0193097
-0.0195889
-0.0199939
-0.0205529
-0.0212887
-0.0222199
-0.0233613
-0.0247244
-0.0263186
-0.02815
-0.0302217
-0.0325326
-0.035077
-0.0378439
-0.040817
-0.0439744
-0.0472898
-0.0507323
-0.0542681
-0.0578612
-0.0614749
-0.0650728
-0.0686203
-0.0720851
-0.0754385
-0.0786556
-0.0817157
-0.0846022
-0.0873023
-0.0898071
-0.0921107
-0.0942098
-0.0961032
-0.0977914
-0.0992759
-0.100559
-0.101644
-0.102534
-0.103232
-0.103741
-0.104064
-0.104205
-0.104167
-0.103953
-0.103565
-0.103007
-0.10228
-0.101388
-0.100333
-0.0991168
-0.0977397
-0.0962021
-0.0945024
-0.0926372
-0.0906009
-0.0883848
-0.0859774
-0.0833639
-0.0805267
-0.0774469
-0.0741063
-0.0704912
-0.0665984
-0.0624425
-0.0580651
-0.0535433
-0.0489962
-0.0445845
-0.0404999
-0.0369421
-0.034085
-0.0320395
-0.0308261
-0.0303679
-0.0305052
-0.0310384
-0.0318458
-0.0328857
-0.0204372
-0.0205524
-0.020724
-0.0209917
-0.0213931
-0.0219557
-0.0227017
-0.0236487
-0.0248106
-0.0261981
-0.0278197
-0.0296808
-0.0317835
-0.0341262
-0.0367021
-0.0394996
-0.0425014
-0.0456852
-0.0490236
-0.0524854
-0.0560363
-0.0596401
-0.0632598
-0.0668594
-0.0704043
-0.0738629
-0.077207
-0.0804122
-0.0834586
-0.0863302
-0.0890149
-0.0915043
-0.0937929
-0.0958778
-0.0977581
-0.0994345
-0.100909
-0.102183
-0.10326
-0.104143
-0.104836
-0.105341
-0.105661
-0.1058
-0.105761
-0.105546
-0.105158
-0.104602
-0.103879
-0.102993
-0.101946
-0.100741
-0.0993805
-0.097865
-0.0961946
-0.0943675
-0.0923797
-0.0902246
-0.087892
-0.0853686
-0.0826372
-0.0796782
-0.0764709
-0.0729967
-0.0692442
-0.0652166
-0.0609406
-0.0564767
-0.0519282
-0.0474446
-0.0432157
-0.0394522
-0.0363523
-0.0340605
-0.0326319
-0.0320152
-0.0320604
-0.0325617
-0.0333868
-0.0344846
-0.0218778
-0.0219517
-0.0220979
-0.0223522
-0.0227472
-0.0233097
-0.0240615
-0.0250192
-0.0261958
-0.0276012
-0.0292429
-0.0311255
-0.0332505
-0.0356154
-0.0382128
-0.0410304
-0.0440503
-0.0472497
-0.0506007
-0.0540718
-0.0576284
-0.0612342
-0.0648524
-0.0684471
-0.0719841
-0.0754323
-0.0787639
-0.0819554
-0.0849871
-0.0878437
-0.0905136
-0.0929888
-0.095264
-0.0973367
-0.099206
-0.100873
-0.102338
-0.103605
-0.104677
-0.105555
-0.106243
-0.106745
-0.107063
-0.1072
-0.107159
-0.106943
-0.106555
-0.105999
-0.105277
-0.104393
-0.103351
-0.102154
-0.100805
-0.0993051
-0.097657
-0.0958601
-0.0939122
-0.0918085
-0.0895409
-0.0870976
-0.0844629
-0.0816174
-0.0785392
-0.0752063
-0.0716012
-0.0677172
-0.0635675
-0.0591962
-0.0546892
-0.0501814
-0.0458554
-0.0419268
-0.038613
-0.03609
-0.0344487
-0.0336678
-0.033612
-0.0340736
-0.0349109
-0.036064
-0.0232691
-0.0233016
-0.0234208
-0.02366
-0.0240456
-0.0246043
-0.0253573
-0.0263205
-0.0275058
-0.0289223
-0.0305765
-0.0324725
-0.0346109
-0.0369885
-0.0395975
-0.042425
-0.0454528
-0.0486576
-0.0520114
-0.0554824
-0.0590361
-0.0626362
-0.0662462
-0.0698304
-0.0733552
-0.0767897
-0.0801069
-0.0832834
-0.0863003
-0.0891426
-0.0917989
-0.0942615
-0.0965255
-0.0985882
-0.100449
-0.102108
-0.103568
-0.10483
-0.105897
-0.106772
-0.107458
-0.107957
-0.108273
-0.108408
-0.108366
-0.108148
-0.107759
-0.107201
-0.106479
-0.105595
-0.104555
-0.103361
-0.102018
-0.100529
-0.0988968
-0.0971226
-0.0952062
-0.0931446
-0.090932
-0.0885585
-0.0860102
-0.0832687
-0.0803122
-0.0771169
-0.0736606
-0.0699288
-0.0659229
-0.0616715
-0.0572427
-0.0527542
-0.0483772
-0.0443261
-0.0408319
-0.0380981
-0.0362515
-0.035304
-0.0351403
-0.0355548
-0.0363992
-0.0376041
-0.0246
-0.0245911
-0.0246851
-0.0249062
-0.0252791
-0.0258302
-0.0265798
-0.0275429
-0.0287306
-0.0301512
-0.0318104
-0.0337115
-0.0358544
-0.0382354
-0.0408463
-0.0436738
-0.0466995
-0.0499
-0.0532472
-0.0567095
-0.0602524
-0.0638399
-0.0674358
-0.0710049
-0.0745139
-0.0779324
-0.0812338
-0.084395
-0.0873976
-0.0902266
-0.0928711
-0.0953234
-0.0975785
-0.0996338
-0.101489
-0.103143
-0.104599
-0.105859
-0.106924
-0.107797
-0.108482
-0.10898
-0.109295
-0.109428
-0.109384
-0.109164
-0.108773
-0.108213
-0.107488
-0.106602
-0.10556
-0.104366
-0.103026
-0.101542
-0.0999198
-0.0981615
-0.0962687
-0.0942404
-0.0920728
-0.0897585
-0.0872856
-0.0846375
-0.0817932
-0.0787282
-0.0754176
-0.0718408
-0.0679894
-0.063878
-0.0595572
-0.0551265
-0.0507416
-0.0466108
-0.0429723
-0.0400526
-0.0380126
-0.0368998
-0.0366234
-0.0369845
-0.0378306
-0.0390838
-0.0258623
-0.0258135
-0.0258807
-0.0260823
-0.02644
-0.0269795
-0.0277207
-0.0286781
-0.0298618
-0.0312794
-0.0329359
-0.0348337
-0.0369722
-0.0393474
-0.0419506
-0.0447685
-0.0477826
-0.0509695
-0.0543014
-0.0577469
-0.0612718
-0.0648405
-0.0684172
-0.0719672
-0.0754575
-0.0788582
-0.0821429
-0.0852891
-0.0882782
-0.0910957
-0.0937304
-0.0961748
-0.0984237
-0.100474
-0.102326
-0.103979
-0.105433
-0.106692
-0.107757
-0.108631
-0.109316
-0.109814
-0.110128
-0.110261
-0.110215
-0.109993
-0.109598
-0.109034
-0.108306
-0.107416
-0.10637
-0.105173
-0.103831
-0.102348
-0.100731
-0.0989819
-0.0971053
-0.0951018
-0.09297
-0.0907045
-0.0882959
-0.0857297
-0.0829865
-0.0800423
-0.0768706
-0.0734469
-0.0697546
-0.0657964
-0.0616066
-0.0572657
-0.052912
-0.0487426
-0.0449972
-0.0419198
-0.0397025
-0.0384291
-0.0380373
-0.0383398
-0.0391827
-0.0404805
-0.0270485
-0.0269615
-0.0270014
-0.027182
-0.0275216
-0.0280456
-0.0287735
-0.0297193
-0.0308925
-0.0322999
-0.0339457
-0.0358318
-0.0379572
-0.0403174
-0.0429036
-0.0457024
-0.0486957
-0.0518602
-0.0551684
-0.0585895
-0.0620897
-0.0656339
-0.0691869
-0.0727143
-0.0761836
-0.0795652
-0.0828331
-0.0859647
-0.0889417
-0.0917494
-0.0943768
-0.0968159
-0.0990615
-0.101111
-0.102962
-0.104615
-0.106071
-0.107332
-0.108399
-0.109275
-0.109961
-0.110461
-0.110775
-0.110907
-0.11086
-0.110635
-0.110237
-0.109669
-0.108934
-0.108039
-0.106987
-0.105784
-0.104437
-0.102951
-0.101333
-0.0995877
-0.0977206
-0.0957343
-0.0936292
-0.0914026
-0.0890473
-0.0865514
-0.0838974
-0.0810627
-0.0780206
-0.0747438
-0.0712103
-0.0674123
-0.0633694
-0.0591439
-0.0548551
-0.0506854
-0.0468703
-0.0436653
-0.04129
-0.0398641
-0.0393567
-0.0395964
-0.0404316
-0.0417704
-0.0281525
-0.0280293
-0.028042
-0.0282001
-0.0285189
-0.0290234
-0.0297331
-0.0306614
-0.0318173
-0.0332071
-0.0348343
-0.0367003
-0.0388036
-0.0411396
-0.0436996
-0.0464702
-0.0494337
-0.0525672
-0.0558439
-0.0592334
-0.0627027
-0.0662172
-0.0697423
-0.0732441
-0.0766904
-0.0800521
-0.0833031
-0.086421
-0.0893875
-0.0921876
-0.0948101
-0.0972467
-0.0994919
-0.101542
-0.103396
-0.105053
-0.106513
-0.107779
-0.10885
-0.109729
-0.110419
-0.11092
-0.111236
-0.111368
-0.111319
-0.111092
-0.11069
-0.110116
-0.109375
-0.108471
-0.107411
-0.1062
-0.104845
-0.103352
-0.101729
-0.0999824
-0.0981186
-0.0961421
-0.0940555
-0.0918581
-0.0895455
-0.0871082
-0.0845312
-0.0817937
-0.0788699
-0.0757312
-0.0723515
-0.0687151
-0.0648288
-0.0607378
-0.0565417
-0.0524057
-0.0485565
-0.045255
-0.0427434
-0.0411756
-0.0405545
-0.0407287
-0.0415523
-0.0429284
-0.0291697
-0.0290126
-0.0289985
-0.0291329
-0.0294283
-0.0299095
-0.030596
-0.0315008
-0.0326326
-0.0339971
-0.0355975
-0.0374348
-0.0395072
-0.04181
-0.0443345
-0.047068
-0.0499929
-0.0530872
-0.0563247
-0.0596758
-0.0631083
-0.0665882
-0.0700816
-0.073555
-0.0769768
-0.0803178
-0.0835521
-0.0866574
-0.089615
-0.0924097
-0.09503
-0.097467
-0.0997149
-0.10177
-0.103629
-0.105292
-0.10676
-0.108032
-0.109109
-0.109995
-0.110689
-0.111194
-0.111511
-0.111644
-0.111594
-0.111364
-0.110957
-0.110377
-0.109628
-0.108716
-0.107645
-0.106423
-0.105057
-0.103553
-0.101921
-0.100169
-0.0983024
-0.0963291
-0.0942531
-0.092076
-0.0897959
-0.0874059
-0.0848935
-0.0822404
-0.0794221
-0.0764102
-0.0731761
-0.069698
-0.065972
-0.062028
-0.0579464
-0.0538733
-0.0500225
-0.046655
-0.0440302
-0.0423337
-0.0416028
-0.0417099
-0.0425187
-0.0439289
-0.0300968
-0.0299084
-0.0298683
-0.0299781
-0.0302477
-0.0307019
-0.0313602
-0.0322354
-0.033336
-0.0346676
-0.036233
-0.0380328
-0.0400653
-0.0423257
-0.0448057
-0.047493
-0.0503708
-0.0534178
-0.0566087
-0.0599149
-0.0633048
-0.0667455
-0.0702036
-0.0736461
-0.0770417
-0.0803615
-0.0835796
-0.0866734
-0.0896238
-0.0924155
-0.0950361
-0.0974765
-0.09973
-0.101792
-0.10366
-0.105333
-0.10681
-0.108091
-0.109178
-0.110071
-0.110771
-0.111281
-0.111602
-0.111736
-0.111685
-0.111452
-0.11104
-0.110453
-0.109695
-0.108772
-0.107689
-0.106454
-0.105074
-0.103557
-0.101913
-0.100149
-0.098275
-0.0962986
-0.0942259
-0.0920607
-0.0898034
-0.0874496
-0.0849897
-0.0824078
-0.0796816
-0.0767836
-0.073684
-0.0703569
-0.0667899
-0.0629992
-0.0590474
-0.0550608
-0.0512373
-0.0478328
-0.0451184
-0.0433077
-0.0424726
-0.0425124
-0.0433038
-0.0447453
-0.0309321
-0.0307155
-0.0306503
-0.0307348
-0.0309765
-0.0314001
-0.0320252
-0.0328647
-0.0339271
-0.0352178
-0.0367396
-0.0384931
-0.0404765
-0.0426853
-0.0451117
-0.047744
-0.0505661
-0.0535578
-0.0566949
-0.0599496
-0.0632915
-0.0666885
-0.0701077
-0.0735169
-0.076885
-0.0801831
-0.0833853
-0.0864686
-0.0894137
-0.0922045
-0.0948282
-0.0972749
-0.0995373
-0.10161
-0.10349
-0.105175
-0.106665
-0.107958
-0.109055
-0.109958
-0.110667
-0.111183
-0.111508
-0.111643
-0.111592
-0.111356
-0.110939
-0.110345
-0.109577
-0.108642
-0.107546
-0.106296
-0.104899
-0.103366
-0.101705
-0.099926
-0.0980393
-0.096054
-0.0939778
-0.0918165
-0.0895727
-0.0872447
-0.0848253
-0.0823015
-0.0796533
-0.076855
-0.0738768
-0.0706901
-0.0672762
-0.0636397
-0.0598269
-0.0559445
-0.0521723
-0.0487571
-0.0459761
-0.0440667
-0.0431344
-0.0431077
-0.0438798
-0.0453505
-0.0316752
-0.0314335
-0.0313445
-0.0314034
-0.0316153
-0.032005
-0.032592
-0.0333896
-0.0344065
-0.0356483
-0.0371178
-0.0388159
-0.0407409
-0.0428888
-0.0452523
-0.0478206
-0.0505785
-0.0535071
-0.0565831
-0.05978
-0.0630685
-0.0664172
-0.0697942
-0.0731676
-0.0765067
-0.0797827
-0.0829692
-0.0860433
-0.0889847
-0.091777
-0.0944063
-0.0968622
-0.0991365
-0.101223
-0.103118
-0.104819
-0.106323
-0.107631
-0.108742
-0.109657
-0.110376
-0.1109
-0.11123
-0.111369
-0.111317
-0.111079
-0.110657
-0.110054
-0.109276
-0.108328
-0.107217
-0.105949
-0.104534
-0.102981
-0.101301
-0.0995028
-0.0975988
-0.095599
-0.0935129
-0.091348
-0.0891089
-0.0867963
-0.0844059
-0.0819271
-0.0793428
-0.0766292
-0.0737576
-0.0706981
-0.0674273
-0.0639408
-0.0602701
-0.0565035
-0.0528017
-0.0493986
-0.0465725
-0.0445799
-0.0435581
-0.0434666
-0.0442184
-0.0457166
-0.0323267
-0.0320635
-0.0319524
-0.0319855
-0.0321661
-0.0325186
-0.0330629
-0.0338125
-0.0347765
-0.0359611
-0.0373694
-0.0390026
-0.0408597
-0.0429371
-0.0452284
-0.0477236
-0.0504089
-0.0532663
-0.0562741
-0.0594069
-0.0626365
-0.0659326
-0.0692639
-0.0725991
-0.0759077
-0.0791609
-0.0823321
-0.0853978
-0.0883373
-0.0911331
-0.0937708
-0.0962387
-0.098528
-0.100632
-0.102545
-0.104264
-0.105787
-0.107113
-0.10824
-0.109169
-0.109899
-0.110433
-0.11077
-0.110913
-0.110862
-0.110622
-0.110194
-0.109584
-0.108794
-0.107832
-0.106704
-0.105418
-0.103982
-0.102407
-0.100704
-0.0988831
-0.0969573
-0.0949378
-0.0928356
-0.0906599
-0.0884171
-0.0861102
-0.0837374
-0.0812907
-0.0787558
-0.0761114
-0.0733303
-0.0703825
-0.0672418
-0.0638964
-0.0603656
-0.0567203
-0.0531021
-0.0497295
-0.0468774
-0.0448164
-0.0437132
-0.0435592
-0.0442901
-0.0458152
-0.0328889
-0.0326077
-0.0324763
-0.0324839
-0.032632
-0.0329445
-0.0334414
-0.0341368
-0.0350406
-0.0361594
-0.0374972
-0.039056
-0.0408352
-0.0428324
-0.0450419
-0.0474549
-0.0500589
-0.0528372
-0.0557696
-0.0588319
-0.0619972
-0.0652362
-0.0685184
-0.0718129
-0.0750894
-0.0783192
-0.0814753
-0.0845335
-0.0874725
-0.0902739
-0.0929223
-0.0954052
-0.0977125
-0.0998365
-0.101771
-0.103512
-0.105057
-0.106403
-0.107549
-0.108494
-0.109239
-0.109784
-0.11013
-0.110278
-0.11023
-0.109988
-0.109555
-0.108936
-0.108135
-0.107158
-0.106013
-0.104706
-0.103248
-0.101648
-0.0999185
-0.0980716
-0.0961197
-0.0940757
-0.0919515
-0.089758
-0.0875034
-0.0851927
-0.0828262
-0.0803989
-0.077899
-0.0753077
-0.0726
-0.0697467
-0.06672
-0.0635027
-0.0601042
-0.0565798
-0.0530524
-0.0497237
-0.0468614
-0.0447455
-0.0435687
-0.0433547
-0.0440647
-0.0456169
-0.0333646
-0.0330693
-0.0329197
-0.0329025
-0.033017
-0.0332868
-0.0337321
-0.0343673
-0.0352032
-0.0362475
-0.0375054
-0.0389797
-0.0406709
-0.0425777
-0.0446956
-0.0470171
-0.049531
-0.0522223
-0.0550721
-0.0580576
-0.0611532
-0.0643306
-0.0675601
-0.0708113
-0.0740542
-0.0772597
-0.0804006
-0.0834521
-0.0863921
-0.0892011
-0.0918627
-0.0943633
-0.0966917
-0.098839
-0.100798
-0.102565
-0.104134
-0.105503
-0.106671
-0.107636
-0.108398
-0.108957
-0.109313
-0.109468
-0.109423
-0.10918
-0.108743
-0.108116
-0.107303
-0.106311
-0.105146
-0.103818
-0.102335
-0.100709
-0.0989507
-0.0970741
-0.0950923
-0.0930188
-0.0908671
-0.088649
-0.0863746
-0.0840507
-0.0816798
-0.0792591
-0.0767795
-0.074225
-0.0715727
-0.0687951
-0.0658637
-0.0627581
-0.0594792
-0.0560695
-0.052634
-0.049357
-0.0464961
-0.0443363
-0.0430929
-0.0428212
-0.0435108
-0.0450911
-0.0337578
-0.0334525
-0.0332869
-0.0332457
-0.0333262
-0.0335511
-0.0339404
-0.0345093
-0.0352698
-0.0362308
-0.0373989
-0.0387782
-0.040371
-0.042177
-0.0441932
-0.0464136
-0.0488287
-0.0514249
-0.0541848
-0.0570872
-0.0601076
-0.063219
-0.0663923
-0.0695977
-0.0728051
-0.0759856
-0.0791113
-0.0821567
-0.0850989
-0.0879173
-0.0905944
-0.0931153
-0.0954678
-0.0976417
-0.0996292
-0.101424
-0.103021
-0.104418
-0.10561
-0.106598
-0.107379
-0.107954
-0.108323
-0.108486
-0.108446
-0.108204
-0.107763
-0.107128
-0.106304
-0.105296
-0.104112
-0.102761
-0.101252
-0.0995965
-0.0978075
-0.0958981
-0.0938825
-0.0917751
-0.0895903
-0.0873412
-0.0850392
-0.0826928
-0.0803065
-0.0778796
-0.0754056
-0.0728709
-0.0702553
-0.067533
-0.0646761
-0.061662
-0.0584858
-0.0551785
-0.0518298
-0.0486064
-0.0457536
-0.0435577
-0.042253
-0.0419254
-0.0425953
-0.0442058
-0.0340734
-0.033762
-0.0335832
-0.0335192
-0.0335653
-0.0337432
-0.0340726
-0.0345693
-0.0352465
-0.0361151
-0.0371832
-0.038457
-0.0399404
-0.0416348
-0.0435391
-0.0456488
-0.047956
-0.050449
-0.0531118
-0.0559248
-0.0588648
-0.0619057
-0.0650194
-0.0681763
-0.0713466
-0.074501
-0.0776114
-0.0806513
-0.0835968
-0.0864263
-0.0891211
-0.0916651
-0.0940445
-0.0962482
-0.098267
-0.100094
-0.101722
-0.103149
-0.10437
-0.105383
-0.106187
-0.10678
-0.107164
-0.107338
-0.107304
-0.107064
-0.106621
-0.105979
-0.105144
-0.10412
-0.102917
-0.101542
-0.100006
-0.0983201
-0.0964977
-0.0945527
-0.0924997
-0.090354
-0.0881307
-0.0858441
-0.0835068
-0.0811287
-0.0787159
-0.07627
-0.0737864
-0.0712542
-0.0686554
-0.0659667
-0.0631611
-0.0602154
-0.0571203
-0.0538979
-0.0506242
-0.0474496
-0.0446061
-0.0423781
-0.041015
-0.0406323
-0.0412829
-0.0429265
-0.0343168
-0.0340035
-0.0338142
-0.0337288
-0.0337407
-0.0338697
-0.0341353
-0.0345539
-0.0351402
-0.0359069
-0.0368647
-0.0380219
-0.0393846
-0.0409564
-0.0427381
-0.0447272
-0.0469176
-0.0492992
-0.0518579
-0.0545754
-0.0574298
-0.060396
-0.0634467
-0.0665526
-0.0696841
-0.0728116
-0.0759063
-0.0789412
-0.0818911
-0.0847335
-0.0874481
-0.0900175
-0.0924268
-0.0946634
-0.0967169
-0.0985789
-0.100243
-0.101703
-0.102955
-0.103997
-0.104827
-0.105442
-0.105843
-0.106031
-0.106005
-0.105769
-0.105325
-0.104678
-0.103832
-0.102793
-0.10157
-0.100171
-0.0986071
-0.0968897
-0.0950321
-0.0930489
-0.0909552
-0.088767
-0.0865
-0.0841695
-0.081789
-0.0793698
-0.0769195
-0.0744412
-0.0719324
-0.0693844
-0.0667818
-0.0641033
-0.0613238
-0.05842
-0.0553801
-0.0522195
-0.0490025
-0.045865
-0.0430256
-0.0407644
-0.0393428
-0.0389039
-0.0395354
-0.041216
-0.0344939
-0.0341831
-0.0339862
-0.0338813
-0.0338591
-0.0339377
-0.0341358
-0.0344704
-0.0349577
-0.0356131
-0.0364497
-0.0374789
-0.0387093
-0.0401472
-0.0417956
-0.0436542
-0.0457188
-0.0479812
-0.0504287
-0.0530448
-0.0558086
-0.0586962
-0.0616807
-0.0647333
-0.0678245
-0.0709242
-0.0740032
-0.0770335
-0.0799889
-0.0828455
-0.085582
-0.0881793
-0.0906213
-0.0928938
-0.0949853
-0.0968861
-0.0985884
-0.100086
-0.101374
-0.102448
-0.103306
-0.103946
-0.104368
-0.104572
-0.104557
-0.104327
-0.103885
-0.103233
-0.102378
-0.101325
-0.100083
-0.0986604
-0.097068
-0.0953178
-0.0934235
-0.0913998
-0.0892624
-0.0870276
-0.0847119
-0.0823311
-0.0798996
-0.0774297
-0.0749302
-0.0724056
-0.0698553
-0.0672724
-0.0646439
-0.0619506
-0.0591695
-0.0562781
-0.0532631
-0.0501354
-0.0469502
-0.0438306
-0.0409829
-0.0386819
-0.0371976
-0.0366991
-0.0373107
-0.0390332
-0.034611
-0.0343072
-0.034106
-0.0339833
-0.0339276
-0.0339544
-0.0340813
-0.0343259
-0.0347063
-0.0352404
-0.0359449
-0.0368343
-0.0379206
-0.039213
-0.0407173
-0.0424354
-0.0443653
-0.0465007
-0.0488306
-0.0513397
-0.0540084
-0.0568137
-0.0597292
-0.0627266
-0.0657761
-0.0688474
-0.0719106
-0.0749368
-0.0778987
-0.0807712
-0.0835315
-0.0861592
-0.0886364
-0.090948
-0.0930807
-0.0950238
-0.0967681
-0.0983065
-0.099633
-0.100743
-0.101634
-0.102303
-0.102749
-0.102971
-0.102971
-0.10275
-0.102311
-0.101657
-0.100795
-0.0997293
-0.098469
-0.0970231
-0.0954024
-0.0936191
-0.0916869
-0.0896208
-0.0874369
-0.0851518
-0.0827823
-0.0803448
-0.0778543
-0.0753238
-0.072763
-0.0701776
-0.0675684
-0.0649303
-0.0622522
-0.0595171
-0.056704
-0.0537917
-0.050767
-0.0476377
-0.0444523
-0.0413237
-0.0384474
-0.0360927
-0.0345367
-0.033972
-0.0345617
-0.0363317
-0.0346749
-0.0343827
-0.0341807
-0.0340424
-0.0339537
-0.0339272
-0.0339791
-0.0341275
-0.0343927
-0.0347955
-0.0353565
-0.0360941
-0.0370243
-0.0381596
-0.0395088
-0.0410767
-0.0428634
-0.0448645
-0.0470706
-0.0494677
-0.0520374
-0.0547572
-0.0576016
-0.0605421
-0.063549
-0.0665915
-0.0696391
-0.0726618
-0.0756314
-0.0785214
-0.0813074
-0.0839677
-0.086483
-0.0888364
-0.0910136
-0.0930023
-0.0947924
-0.0963753
-0.0977445
-0.0988945
-0.0998214
-0.100522
-0.100996
-0.101241
-0.101258
-0.101049
-0.100616
-0.0999633
-0.0990957
-0.0980196
-0.096743
-0.095275
-0.0936266
-0.0918102
-0.0898395
-0.0877297
-0.0854968
-0.0831578
-0.0807297
-0.078229
-0.0756711
-0.0730696
-0.0704347
-0.0677731
-0.0650865
-0.0623713
-0.0596179
-0.0568114
-0.0539329
-0.0509629
-0.0478889
-0.0447172
-0.0414922
-0.0383191
-0.0353852
-0.0329553
-0.0313123
-0.0306709
-0.0312351
-0.0330587
-0.0346923
-0.0344168
-0.0342176
-0.0340659
-0.0339448
-0.0338634
-0.0338363
-0.0338822
-0.0340233
-0.0342845
-0.0346903
-0.0352641
-0.0360259
-0.0369925
-0.0381762
-0.0395844
-0.0412198
-0.0430798
-0.0451566
-0.0474374
-0.0499048
-0.0525369
-0.0553084
-0.0581912
-0.061155
-0.0641688
-0.0672013
-0.0702215
-0.0732
-0.0761089
-0.0789227
-0.0816179
-0.0841738
-0.0865721
-0.0887969
-0.0908346
-0.0926739
-0.0943052
-0.0957207
-0.0969144
-0.0978814
-0.0986184
-0.0991231
-0.0993946
-0.0994329
-0.0992392
-0.0988161
-0.0981671
-0.0972973
-0.0962131
-0.0949222
-0.0934339
-0.0917592
-0.0899103
-0.0879009
-0.0857463
-0.0834625
-0.0810662
-0.0785746
-0.0760041
-0.0733703
-0.0706868
-0.0679642
-0.0652097
-0.0624256
-0.0596094
-0.0567528
-0.0538425
-0.0508616
-0.0477926
-0.0446243
-0.041363
-0.038051
-0.0347888
-0.0317585
-0.0292228
-0.0274705
-0.0267368
-0.0272689
-0.0291532
-0.0346703
-0.0344171
-0.0342245
-0.0340618
-0.0339086
-0.0337703
-0.0336597
-0.0335959
-0.0336039
-0.0337126
-0.0339515
-0.034349
-0.0349306
-0.0357172
-0.0367251
-0.0379648
-0.0394415
-0.0411545
-0.0430975
-0.0452587
-0.0476215
-0.0501644
-0.0528623
-0.055687
-0.0586081
-0.0615938
-0.064612
-0.0676309
-0.0706198
-0.0735495
-0.0763929
-0.0791253
-0.0817244
-0.0841703
-0.0864457
-0.0885358
-0.0904278
-0.092111
-0.0935768
-0.094818
-0.0958292
-0.0966063
-0.0971465
-0.0974484
-0.0975117
-0.0973374
-0.0969278
-0.0962863
-0.0954178
-0.0943285
-0.0930262
-0.09152
-0.0898207
-0.0879405
-0.085893
-0.0836931
-0.0813565
-0.0788999
-0.07634
-0.073693
-0.0709743
-0.0681971
-0.0653722
-0.0625067
-0.0596033
-0.0566598
-0.0536691
-0.0506192
-0.0474947
-0.0442802
-0.0409665
-0.0375611
-0.034106
-0.0307002
-0.0275239
-0.0248413
-0.0229486
-0.0221009
-0.0225913
-0.0245436
-0.0346159
-0.0343912
-0.0342097
-0.0340381
-0.0338528
-0.0336549
-0.0334555
-0.0332742
-0.0331393
-0.0330841
-0.0331439
-0.0333531
-0.0337426
-0.0343385
-0.0351612
-0.0362245
-0.0375362
-0.0390974
-0.0409031
-0.0429426
-0.0451995
-0.0476528
-0.0502774
-0.0530448
-0.0559241
-0.058883
-0.0618885
-0.0649076
-0.0679087
-0.070861
-0.0737363
-0.0765081
-0.0791528
-0.081649
-0.0839781
-0.0861236
-0.0880717
-0.0898105
-0.0913303
-0.092623
-0.0936825
-0.0945038
-0.0950838
-0.0954204
-0.0955131
-0.0953625
-0.0949705
-0.0943406
-0.0934773
-0.0923867
-0.0910764
-0.0895553
-0.087834
-0.0859243
-0.0838395
-0.0815941
-0.0792035
-0.0766836
-0.0740506
-0.0713202
-0.068507
-0.0656238
-0.0626807
-0.0596845
-0.0566377
-0.0535382
-0.0503793
-0.0471496
-0.0438354
-0.0404231
-0.0369058
-0.0332935
-0.0296296
-0.0260145
-0.0226304
-0.0197477
-0.0176734
-0.0166826
-0.0171172
-0.0191452
-0.0345365
-0.0343478
-0.034182
-0.0340035
-0.0337853
-0.0335242
-0.0332293
-0.0329216
-0.0326329
-0.032402
-0.0322705
-0.0322794
-0.0324657
-0.032861
-0.03349
-0.0343703
-0.035512
-0.036918
-0.0385845
-0.0405014
-0.0426528
-0.0450174
-0.0475701
-0.050282
-0.0531215
-0.0560556
-0.0590503
-0.0620719
-0.0650871
-0.0680643
-0.0709736
-0.0737872
-0.07648
-0.0790291
-0.0814145
-0.0836186
-0.085626
-0.0874239
-0.0890013
-0.0903494
-0.0914612
-0.092331
-0.0929551
-0.0933309
-0.0934575
-0.0933352
-0.0929656
-0.0923518
-0.0914982
-0.0904105
-0.0890962
-0.0875637
-0.0858233
-0.0838865
-0.0817659
-0.0794753
-0.0770295
-0.0744436
-0.0717327
-0.0689116
-0.0659939
-0.0629913
-0.0599129
-0.0567645
-0.0535479
-0.0502605
-0.0468951
-0.043441
-0.0398851
-0.0362158
-0.0324287
-0.0285369
-0.0245874
-0.0206846
-0.0170173
-0.0138673
-0.011558
-0.010386
-0.0107455
-0.0128572
-0.0344397
-0.0342959
-0.0341512
-0.0339674
-0.0337145
-0.0333848
-0.0329861
-0.0325415
-0.032087
-0.0316679
-0.0313328
-0.0311297
-0.0311025
-0.0312886
-0.0317172
-0.0324094
-0.0333778
-0.034627
-0.0361542
-0.0379495
-0.0399969
-0.0422754
-0.0447589
-0.0474181
-0.0502207
-0.0531329
-0.0561198
-0.0591463
-0.0621783
-0.0651827
-0.0681283
-0.0709861
-0.0737293
-0.0763339
-0.0787783
-0.0810437
-0.0831135
-0.0849737
-0.0866123
-0.0880196
-0.0891876
-0.0901102
-0.0907828
-0.0912025
-0.0913678
-0.0912786
-0.0909362
-0.0903434
-0.0895042
-0.0884242
-0.0871102
-0.0855704
-0.0838145
-0.0818532
-0.0796985
-0.0773634
-0.0748615
-0.0722068
-0.0694131
-0.0664938
-0.0634609
-0.0603245
-0.0570922
-0.0537682
-0.0503529
-0.0468421
-0.043228
-0.0394992
-0.0356432
-0.0316496
-0.0275168
-0.0232618
-0.0189371
-0.014654
-0.0106119
-0.00711093
-0.00449842
-0.00309642
-0.00335468
-0.00555849
-0.0343336
-0.0342465
-0.0341287
-0.0339404
-0.0336492
-0.0332434
-0.0327303
-0.0321361
-0.0315025
-0.0308819
-0.0303307
-0.0299049
-0.0296553
-0.0296251
-0.0298484
-0.0303496
-0.0311437
-0.0322367
-0.0336263
-0.0353027
-0.0372499
-0.0394461
-0.0418646
-0.0444753
-0.0472452
-0.0501392
-0.0531216
-0.0561564
-0.059208
-0.0622423
-0.0652267
-0.0681309
-0.070927
-0.0735893
-0.0760953
-0.0784246
-0.0805596
-0.0824851
-0.0841883
-0.0856583
-0.0868864
-0.0878658
-0.0885913
-0.0890593
-0.0892681
-0.0892169
-0.0889068
-0.0883401
-0.0875205
-0.0864531
-0.0851441
-0.0836013
-0.0818335
-0.0798508
-0.0776641
-0.0752852
-0.0727264
-0.0700001
-0.0671185
-0.064093
-0.0609335
-0.057648
-0.0542418
-0.0507167
-0.0470708
-0.0432978
-0.0393879
-0.0353284
-0.0311061
-0.0267118
-0.0221464
-0.0174317
-0.0126268
-0.00785369
-0.00332643
0.000628975
0.00363095
0.00532539
0.00520266
0.00289753
-0.0342269
-0.0342134
-0.0341286
-0.0339351
-0.0335994
-0.0331067
-0.0324655
-0.0317066
-0.0308788
-0.0300426
-0.0292633
-0.0286049
-0.0281255
-0.0278743
-0.0278898
-0.0281998
-0.0288212
-0.0297609
-0.031017
-0.0325797
-0.0344321
-0.0365516
-0.0389108
-0.0414784
-0.0442206
-0.0471012
-0.0500834
-0.05313
-0.0562045
-0.0592716
-0.0622974
-0.0652505
-0.0681016
-0.0708239
-0.0733936
-0.0757892
-0.0779919
-0.0799854
-0.081756
-0.083292
-0.0845838
-0.0856238
-0.0864063
-0.0869272
-0.087184
-0.0871758
-0.086903
-0.0863675
-0.0855725
-0.0845226
-0.0832234
-0.0816819
-0.0799061
-0.077905
-0.0756883
-0.0732663
-0.0706497
-0.0678489
-0.0648739
-0.0617337
-0.0584356
-0.0549847
-0.0513832
-0.0476296
-0.0437186
-0.0396408
-0.0353831
-0.0309304
-0.0262678
-0.0213862
-0.0162886
-0.0110023
-0.00559536
-0.000200919
0.00494447
0.00948192
0.0129828
0.0150495
0.0151068
0.0126905
-0.0341361
-0.034212
-0.0341681
-0.0339668
-0.0335768
-0.0329824
-0.0321953
-0.0312533
-0.0302142
-0.0291477
-0.0281286
-0.0272293
-0.026515
-0.0260407
-0.0258491
-0.0259705
-0.0264236
-0.0272158
-0.0283452
-0.0298013
-0.0315663
-0.0336166
-0.0359236
-0.038455
-0.0411755
-0.0440482
-0.047035
-0.0500977
-0.0531987
-0.0563016
-0.0593715
-0.0623757
-0.0652839
-0.0680682
-0.0707035
-0.0731672
-0.0754397
-0.0775036
-0.0793442
-0.0809489
-0.0823075
-0.0834115
-0.0842548
-0.0848325
-0.0851417
-0.0851809
-0.0849501
-0.0844506
-0.0836851
-0.0826574
-0.0813725
-0.0798365
-0.0780562
-0.0760395
-0.0737945
-0.0713299
-0.0686543
-0.0657757
-0.0627015
-0.0594378
-0.0559884
-0.0523549
-0.0485353
-0.0445239
-0.040311
-0.0358822
-0.0312201
-0.0263052
-0.0211198
-0.015653
-0.00990979
-0.003923
0.00222863
0.00840212
0.014326
0.0196034
0.0237431
0.0262861
0.0265813
0.024044
-0.0340758
-0.034268
-0.0342723
-0.0340563
-0.0335963
-0.0328794
-0.0319236
-0.0307764
-0.0295065
-0.0281944
-0.0269246
-0.025778
-0.0248265
-0.0241302
-0.0237354
-0.0236745
-0.023967
-0.0246206
-0.0256326
-0.0269917
-0.0286788
-0.0306689
-0.0329323
-0.0354351
-0.0381411
-0.041012
-0.0440088
-0.0470922
-0.0502236
-0.0533654
-0.056482
-0.0595395
-0.0625065
-0.0653543
-0.0680567
-0.0705901
-0.0729339
-0.0750699
-0.0769823
-0.0786579
-0.0800857
-0.0812566
-0.0821637
-0.0828016
-0.0831668
-0.0832573
-0.0830725
-0.0826132
-0.0818812
-0.0808799
-0.0796131
-0.078086
-0.0763043
-0.0742742
-0.0720022
-0.069495
-0.0667586
-0.0637986
-0.0606191
-0.0572225
-0.0536087
-0.0497747
-0.0457135
-0.0414139
-0.03686
-0.0320313
-0.0269037
-0.0214517
-0.0156522
-0.00949124
-0.00297366
0.003863
0.0109298
0.0180599
0.024962
0.0311784
0.0361391
0.0392976
0.0399079
0.0372431
-0.0340734
-0.0344166
-0.0344753
-0.0342313
-0.0336778
-0.0328095
-0.0316557
-0.030277
-0.0287543
-0.0271808
-0.0256506
-0.0242526
-0.0230648
-0.0221513
-0.021561
-0.0213276
-0.0214707
-0.0219975
-0.0229043
-0.0241783
-0.0257988
-0.0277395
-0.029969
-0.0324521
-0.0351513
-0.0380271
-0.0410395
-0.0441482
-0.0473137
-0.0504976
-0.0536632
-0.0567757
-0.0598031
-0.0627154
-0.0654858
-0.0680897
-0.0705056
-0.0727145
-0.0746999
-0.0764477
-0.0779462
-0.0791858
-0.0801587
-0.0808592
-0.081283
-0.0814276
-0.0812918
-0.0808757
-0.0801805
-0.0792084
-0.0779627
-0.076447
-0.0746659
-0.0726237
-0.0703252
-0.0677746
-0.0649754
-0.0619298
-0.0586385
-0.0550995
-0.0513081
-0.0472556
-0.0429288
-0.0383098
-0.0333748
-0.0280951
-0.022438
-0.0163689
-0.00985679
-0.00288158
0.00455447
0.0124108
0.0205875
0.0288958
0.0370149
0.0444227
0.050446
0.0544134
0.0554474
0.052663
-0.0341726
-0.034712
-0.0348278
-0.0345317
-0.0338489
-0.0327899
-0.0314004
-0.0297579
-0.0279587
-0.0261077
-0.0243087
-0.0226581
-0.0212383
-0.0201164
-0.0193423
-0.0189501
-0.0189585
-0.0193734
-0.0201895
-0.0213922
-0.0229593
-0.0248624
-0.0270686
-0.0295414
-0.0322419
-0.0351295
-0.0381632
-0.0413019
-0.0445051
-0.0477337
-0.0509501
-0.054119
-0.0572074
-0.0601846
-0.0630229
-0.0656972
-0.068185
-0.0704666
-0.0725248
-0.0743449
-0.0759144
-0.0772231
-0.0782626
-0.0790265
-0.0795102
-0.0797102
-0.0796249
-0.0792536
-0.0785967
-0.0776556
-0.0764323
-0.0749294
-0.0731496
-0.0710958
-0.0687703
-0.0661749
-0.0633101
-0.0601745
-0.0567647
-0.053074
-0.0490919
-0.0448033
-0.0401877
-0.0352184
-0.0298625
-0.0240806
-0.0178282
-0.0110592
-0.00373067
0.00418776
0.0127005
0.0217676
0.0312804
0.0410296
0.0506547
0.0595788
0.066991
0.0720453
0.0736686
0.0708139
-0.0344462
-0.0352392
-0.0354059
-0.0350156
-0.03415
-0.0328464
-0.0311732
-0.0292287
-0.0271255
-0.0249807
-0.0229068
-0.0210051
-0.0193615
-0.0180437
-0.0171015
-0.0165674
-0.0164588
-0.0167793
-0.0175215
-0.0186685
-0.0201962
-0.0220744
-0.0242685
-0.0267406
-0.0294504
-0.0323566
-0.0354169
-0.0385896
-0.0418334
-0.0451086
-0.048377
-0.0516025
-0.0547516
-0.0577929
-0.0606981
-0.0634412
-0.0659994
-0.0683521
-0.0704815
-0.0723723
-0.0740114
-0.0753879
-0.0764929
-0.0773195
-0.0778622
-0.0781173
-0.0780822
-0.0777555
-0.0771369
-0.0762267
-0.0750257
-0.0735353
-0.0717565
-0.0696901
-0.0673363
-0.0646941
-0.0617605
-0.0585305
-0.0549959
-0.0511446
-0.0469598
-0.0424189
-0.0374928
-0.0321448
-0.0263302
-0.0199966
-0.0130853
-0.00553403
0.00271631
0.0117118
0.0214699
0.0319577
0.0430636
0.0545611
0.0660537
0.0768986
0.0861509
0.0927035
0.0951882
0.0924107
-0.0350193
-0.0361347
-0.0363259
-0.035769
-0.0346408
-0.0330188
-0.0310008
-0.0287081
-0.0262702
-0.0238148
-0.0214611
-0.0193131
-0.0174569
-0.0159592
-0.0148676
-0.0142117
-0.0140061
-0.0142515
-0.0149377
-0.0160455
-0.0175485
-0.0194145
-0.0216074
-0.0240878
-0.0268145
-0.029745
-0.0328363
-0.036046
-0.0393323
-0.0426548
-0.0459749
-0.049256
-0.0524639
-0.055567
-0.0585362
-0.0613452
-0.0639704
-0.0663907
-0.0685878
-0.0705458
-0.072251
-0.0736921
-0.0748596
-0.0757459
-0.0763451
-0.0766527
-0.0766655
-0.0763815
-0.0757993
-0.0749183
-0.0737382
-0.0722587
-0.0704792
-0.0683986
-0.0660146
-0.063323
-0.0603177
-0.0569892
-0.0533244
-0.0493052
-0.0449077
-0.040101
-0.0348461
-0.0290947
-0.0227886
-0.0158598
-0.00823152
0.000178383
0.00945103
0.0196553
0.0308305
0.0429613
0.0559442
0.0695459
0.0833423
0.0966255
0.10834
0.117009
0.12083
0.118483
-0.0361116
-0.0376205
-0.0377662
-0.0369197
-0.0354097
-0.0333686
-0.0309272
-0.0282305
-0.0254224
-0.0226386
-0.0200009
-0.0176129
-0.0155579
-0.0138986
-0.0126782
-0.0119221
-0.0116405
-0.0118306
-0.012479
-0.0135636
-0.0150558
-0.0169215
-0.019123
-0.0216196
-0.024369
-0.027328
-0.0304531
-0.0337011
-0.0370298
-0.0403985
-0.0437682
-0.0471019
-0.0503651
-0.0535257
-0.0565542
-0.0594239
-0.0621107
-0.0645932
-0.0668524
-0.0688721
-0.0706381
-0.0721385
-0.0733633
-0.0743045
-0.0749556
-0.0753115
-0.0753684
-0.0751234
-0.0745743
-0.0737195
-0.0725574
-0.0710864
-0.069304
-0.0672071
-0.0647908
-0.0620479
-0.0589684
-0.0555386
-0.0517399
-0.0475479
-0.0429312
-0.0378496
-0.0322532
-0.0260809
-0.0192591
-0.0117017
-0.00331067
0.00602079
0.0164021
0.0279335
0.0406879
0.0546828
0.0698419
0.0859456
0.102564
0.118953
0.133941
0.145693
0.151709
0.150536
-0.0381182
-0.04006
-0.0399975
-0.0386521
-0.0365825
-0.0339844
-0.0310186
-0.0278491
-0.024629
-0.0214961
-0.0185699
-0.0159487
-0.0137092
-0.0119071
-0.0105787
-0.00974339
-0.00940609
-0.00955955
-0.0101867
-0.0112624
-0.0127557
-0.0146307
-0.0168482
-0.0193663
-0.0221421
-0.0251315
-0.0282905
-0.0315757
-0.0349445
-0.0383561
-0.041771
-0.0451521
-0.0484647
-0.0516764
-0.0547574
-0.0576807
-0.0604218
-0.062959
-0.0652731
-0.0673472
-0.0691668
-0.0707196
-0.0719953
-0.0729851
-0.0736823
-0.074081
-0.0741769
-0.0739664
-0.0734463
-0.0726141
-0.071467
-0.0700018
-0.0682145
-0.0660995
-0.0636495
-0.0608543
-0.0577
-0.0541683
-0.0502352
-0.0458697
-0.0410323
-0.0356733
-0.0297313
-0.0231313
-0.015783
-0.0075803
0.00159908
0.0118911
0.0234399
0.0363872
0.0508538
0.0669104
0.0845357
0.103559
0.123586
0.143885
0.163225
0.179528
0.189274
0.190717
-0.0417709
-0.0440503
-0.0434122
-0.0412091
-0.038315
-0.034971
-0.0313503
-0.0276235
-0.0239419
-0.0204363
-0.017216
-0.0143682
-0.0119582
-0.0100311
-0.00861416
-0.00771887
-0.00734371
-0.00747633
-0.0080956
-0.00917347
-0.0106765
-0.012567
-0.0148045
-0.0173463
-0.0201487
-0.0231672
-0.0263576
-0.0296762
-0.0330802
-0.0365287
-0.0399823
-0.0434036
-0.0467579
-0.0500125
-0.0531377
-0.0561061
-0.058893
-0.0614765
-0.0638369
-0.0659573
-0.0678227
-0.0694204
-0.0707398
-0.0717717
-0.0725087
-0.0729448
-0.0730747
-0.0728942
-0.0723994
-0.0715867
-0.070452
-0.0689909
-0.0671975
-0.0650642
-0.0625811
-0.0597349
-0.056508
-0.0528776
-0.0488142
-0.0442802
-0.0392282
-0.0335989
-0.0273194
-0.0203003
-0.0124343
-0.00359395
0.00636905
0.0176233
0.0303539
0.0447539
0.0610086
0.0792675
0.0996021
0.121944
0.145997
0.171128
0.196204
0.219029
0.235085
0.241733
-0.0484764
-0.0505568
-0.0485081
-0.0448323
-0.0407236
-0.0363783
-0.0319384
-0.0275556
-0.0233605
-0.0194617
-0.0159471
-0.0128845
-0.0103222
-0.00829073
-0.00680565
-0.00586915
-0.00547246
-0.00559775
-0.0062198
-0.00730757
-0.00882542
-0.0107343
-0.0129926
-0.0155571
-0.0183835
-0.0214272
-0.0246438
-0.0279897
-0.0314222
-0.0349002
-0.0383845
-0.0418379
-0.0452253
-0.0485143
-0.0516749
-0.0546798
-0.0575041
-0.0601256
-0.0625245
-0.0646836
-0.0665876
-0.0682236
-0.0695805
-0.0706489
-0.0714209
-0.0718899
-0.07205
-0.0718965
-0.0714247
-0.0706299
-0.0695072
-0.0680504
-0.0662522
-0.0641025
-0.0615897
-0.0586975
-0.0554046
-0.0516838
-0.0475007
-0.0428115
-0.0375613
-0.0316817
-0.0250888
-0.0176798
-0.00933076
0.000106516
0.0108068
0.0229727
0.0368342
0.0526447
0.0706701
0.0911688
0.114354
0.140335
0.16902
0.200004
0.232446
0.264268
0.290408
0.306714
-0.0610827
-0.0610753
-0.0557682
-0.0495961
-0.0437048
-0.0380217
-0.0325744
-0.0274473
-0.0227139
-0.018434
-0.0146566
-0.0114182
-0.00874311
-0.00664396
-0.00512251
-0.00417104
-0.00377359
-0.00390724
-0.00454327
-0.00564826
-0.00718506
-0.00911366
-0.011392
-0.0139765
-0.0168229
-0.0198867
-0.0231237
-0.0264904
-0.0299443
-0.0334447
-0.0369523
-0.0404302
-0.0438434
-0.0471594
-0.0503484
-0.0533829
-0.056238
-0.0588913
-0.0613229
-0.0635153
-0.065453
-0.0671229
-0.0685135
-0.069615
-0.0704191
-0.0709188
-0.0711077
-0.0709804
-0.0705314
-0.0697554
-0.0686463
-0.067197
-0.0653985
-0.0632378
-0.0607027
-0.0577737
-0.0544266
-0.0506306
-0.0463466
-0.0415255
-0.036106
-0.0300119
-0.0231497
-0.0154051
-0.00663943
0.00331392
0.0146537
0.0276149
0.042472
0.0595418
0.0791826
0.101789
0.127776
0.157536
0.191363
0.229318
0.271093
0.31516
0.356575
0.391654
-0.0861141
-0.0774023
-0.0651214
-0.0548771
-0.0464113
-0.0390341
-0.0324871
-0.0266626
-0.0214989
-0.0169644
-0.0130468
-0.00974175
-0.00704596
-0.00495361
-0.00345444
-0.00253298
-0.0021684
-0.00233489
-0.00300209
-0.00413585
-0.0056988
-0.00765106
-0.00995085
-0.0125551
-0.01542
-0.0185016
-0.021756
-0.0251402
-0.0286122
-0.0321314
-0.035659
-0.039158
-0.0425939
-0.0459341
-0.0491487
-0.0522103
-0.0550939
-0.0577771
-0.0602396
-0.0624639
-0.0644343
-0.0661372
-0.0675609
-0.0686954
-0.069532
-0.0700631
-0.0702822
-0.070183
-0.0697592
-0.0690049
-0.067914
-0.0664773
-0.0646841
-0.0625245
-0.0599795
-0.0570286
-0.0536459
-0.0497978
-0.0454419
-0.0405248
-0.0349804
-0.0287269
-0.0216635
-0.0136673
-0.00458885
0.00575255
0.0175742
0.0311368
0.046752
0.0647925
0.0857052
0.110028
0.138414
0.171653
0.210679
0.256521
0.310099
0.371461
0.438131
0.513036
-0.142026
-0.0984118
-0.0712299
-0.0556295
-0.0447229
-0.0361747
-0.0292122
-0.0233683
-0.0183486
-0.0140123
-0.0103028
-0.0071959
-0.00467883
-0.00274243
-0.00137669
-0.000568073
-0.000298354
-0.000544426
-0.00127859
-0.00246907
-0.00408063
-0.00607523
-0.00841266
-0.0110512
-0.013948
-0.0170602
-0.0203445
-0.0237586
-0.027261
-0.0308112
-0.0343709
-0.0379032
-0.0413736
-0.0447497
-0.0480015
-0.0511015
-0.0540246
-0.0567482
-0.0592519
-0.0615178
-0.0635302
-0.0652752
-0.0667408
-0.0679168
-0.0687941
-0.069365
-0.0696225
-0.0695602
-0.0691715
-0.0684475
-0.0673846
-0.0659731
-0.0642023
-0.0620581
-0.0595225
-0.0565741
-0.0531853
-0.0493212
-0.0449374
-0.0399787
-0.0343762
-0.0280452
-0.0208815
-0.0127576
-0.00351862
0.00702327
0.0190953
0.0329722
0.0489875
0.0675489
0.089162
0.11447
0.144318
0.179878
0.222842
0.275794
0.342573
0.42884
0.542328
0.695612
-0.275357
-0.114441
-0.0563913
-0.0400226
-0.0312776
-0.0244876
-0.0192881
-0.0151095
-0.0114747
-0.00822214
-0.00534942
-0.0028891
-0.000872602
0.000674954
0.00173664
0.00230513
0.00238276
0.00198055
0.00111704
-0.000182972
-0.00188956
-0.00396871
-0.00638329
-0.00909385
-0.0120594
-0.0152382
-0.0185881
-0.0220672
-0.0256346
-0.0292502
-0.0328757
-0.0364744
-0.0400116
-0.0434548
-0.046774
-0.0499414
-0.0529318
-0.0557222
-0.0582923
-0.0606238
-0.0627006
-0.0645089
-0.0660364
-0.0672727
-0.0682086
-0.0688361
-0.069148
-0.0691379
-0.0688
-0.0681299
-0.0671135
-0.0657449
-0.0640149
-0.0619093
-0.0594105
-0.0564966
-0.0531402
-0.049306
-0.04495
-0.0400171
-0.0344388
-0.0281304
-0.0209883
-0.0128855
-0.00366761
0.00685275
0.0189026
0.0327576
0.0487539
0.0673059
0.0889345
0.114316
0.144364
0.180413
0.224564
0.280622
0.356004
0.46731
0.643813
0.925469
)
;

boundaryField
{
    movingWall
    {
        type            zeroGradient;
    }
    fixedWalls
    {
        type            zeroGradient;
    }
    frontAndBack
    {
        type            empty;
    }
}


// ************************************************************************* //
