/*--------------------------------*- C++ -*----------------------------------*\
  =========                 |
  \\      /  F ield         | OpenFOAM: The Open Source CFD Toolbox
   \\    /   O peration     | Website:  https://openfoam.org
    \\  /    A nd           | Version:  7
     \\/     M anipulation  |
\*---------------------------------------------------------------------------*/
FoamFile
{
    version     2.0;
    format      ascii;
    class       volScalarField;
    location    "1.7";
    object      p;
}
// * * * * * * * * * * * * * * * * * * * * * * * * * * * * * * * * * * * * * //

dimensions      [0 2 -2 0 0 0 0];

internalField   nonuniform List<scalar> 
6400
(
-1.65333e-08
7.76892e-06
-5.88205e-06
-4.21786e-05
-9.81189e-05
-0.000170422
-0.000255947
-0.000352035
-0.000456657
-0.000568361
-0.000686155
-0.000809376
-0.000937553
-0.0010703
-0.00120723
-0.00134786
-0.0014916
-0.00163767
-0.00178511
-0.00193275
-0.00207918
-0.0022228
-0.00236179
-0.00249415
-0.00261768
-0.00273005
-0.00282885
-0.00291157
-0.00297573
-0.00301893
-0.00303891
-0.00303367
-0.00300154
-0.0029413
-0.00285226
-0.00273439
-0.00258836
-0.00241564
-0.00221858
-0.00200035
-0.00176501
-0.00151752
-0.00126351
-0.00100927
-0.000761597
-0.00052757
-0.000314348
-0.000128923
2.21306e-05
0.000132916
0.000198453
0.000214899
0.000179724
9.1837e-05
-4.83458e-05
-0.0002389
-0.00047646
-0.000756354
-0.00107279
-0.00141907
-0.00178791
-0.00217167
-0.00256266
-0.0029534
-0.00333683
-0.00370653
-0.0040568
-0.00438278
-0.0046804
-0.00494639
-0.00517815
-0.00537369
-0.00553151
-0.00565061
-0.00573052
-0.00577174
-0.00577658
-0.0057509
-0.00570602
-0.00565893
-8.27959e-06
-5.7702e-07
-1.43624e-05
-4.78012e-05
-9.77515e-05
-0.000162025
-0.000238436
-0.000324974
-0.000419997
-0.000522248
-0.0006308
-0.000744968
-0.000864227
-0.00098813
-0.00111623
-0.00124803
-0.00138292
-0.00152017
-0.00165888
-0.00179797
-0.00193617
-0.00207203
-0.00220391
-0.00232999
-0.0024483
-0.00255672
-0.00265304
-0.00273499
-0.0028003
-0.00284674
-0.00287224
-0.00287494
-0.00285325
-0.00280602
-0.00273256
-0.00263277
-0.00250722
-0.00235719
-0.00218478
-0.00199288
-0.0017852
-0.00156614
-0.00134096
-0.00111545
-0.000895851
-0.000688693
-0.000500589
-0.000337998
-0.000206993
-0.00011302
-6.06678e-05
-5.34679e-05
-9.3726e-05
-0.000182406
-0.000319073
-0.000501891
-0.000727692
-0.000992103
-0.00128972
-0.00161435
-0.00195923
-0.0023173
-0.00268149
-0.00304495
-0.00340122
-0.00374444
-0.00406945
-0.00437186
-0.00464804
-0.00489511
-0.00511088
-0.00529376
-0.00544273
-0.0055573
-0.00563758
-0.00568455
-0.00570067
-0.00569053
-0.00565894
-0.00561178
5.32074e-06
1.24878e-05
-1.87045e-06
-3.42846e-05
-8.12718e-05
-0.000141003
-0.000211766
-0.000291931
-0.00038016
-0.000475413
-0.00057689
-0.00068398
-0.0007962
-0.000913125
-0.00103433
-0.00115935
-0.00128762
-0.00141846
-0.00155104
-0.0016844
-0.00181737
-0.00194863
-0.00207668
-0.00219984
-0.00231629
-0.00242406
-0.00252108
-0.00260519
-0.00267423
-0.00272605
-0.00275864
-0.00277013
-0.00275896
-0.00272388
-0.00266413
-0.00257948
-0.00247032
-0.00233776
-0.00218363
-0.00201059
-0.00182202
-0.00162216
-0.00141589
-0.00120873
-0.00100663
-0.000815856
-0.000642772
-0.000493608
-0.000374237
-0.000289927
-0.000245127
-0.000243256
-0.000286545
-0.000375914
-0.000510921
-0.000689759
-0.000909328
-0.00116536
-0.0014526
-0.00176502
-0.00209609
-0.00243902
-0.00278702
-0.00313356
-0.00347253
-0.00379842
-0.00410644
-0.00439258
-0.00465358
-0.00488693
-0.00509083
-0.00526405
-0.00540592
-0.00551626
-0.00559536
-0.00564407
-0.00566432
-0.00565913
-0.00562752
-0.00556694
4.31035e-05
4.58114e-05
2.86985e-05
-4.65804e-06
-5.09394e-05
-0.000108493
-0.000175832
-0.000251636
-0.000334843
-0.000424636
-0.000520399
-0.000621665
-0.000728057
-0.000839237
-0.000954859
-0.00107453
-0.00119777
-0.00132397
-0.00145243
-0.00158225
-0.0017124
-0.00184167
-0.00196868
-0.00209186
-0.0022095
-0.00231972
-0.00242052
-0.0025098
-0.00258541
-0.00264521
-0.00268711
-0.00270918
-0.00270975
-0.00268742
-0.00264126
-0.00257084
-0.00247634
-0.00235863
-0.00221934
-0.0020609
-0.00188643
-0.00170004
-0.00150643
-0.00131093
-0.00111942
-0.000938079
-0.000773203
-0.000631007
-0.000517361
-0.000437553
-0.000396061
-0.00039634
-0.000440656
-0.000529959
-0.000663825
-0.00084046
-0.00105676
-0.00130845
-0.00159026
-0.00189618
-0.00221967
-0.002554
-0.00289246
-0.0032286
-0.0035565
-0.00387085
-0.00416712
-0.00444157
-0.00469128
-0.0049141
-0.00510856
-0.0052738
-0.00540943
-0.00551546
-0.00559219
-0.00564016
-0.0056606
-0.00565508
-0.00561832
-0.00554204
0.000103004
9.67569e-05
7.42227e-05
3.80754e-05
-9.16793e-06
-6.60179e-05
-0.000131248
-0.00020385
-0.000283053
-0.000368297
-0.000459186
-0.000555437
-0.00065683
-0.00076316
-0.0008742
-0.000989666
-0.00110918
-0.00123228
-0.00135833
-0.00148659
-0.00161612
-0.00174585
-0.00187448
-0.00200056
-0.00212245
-0.00223831
-0.00234617
-0.00244392
-0.00252935
-0.00260024
-0.00265438
-0.00268969
-0.00270428
-0.00269654
-0.00266531
-0.00260988
-0.0025302
-0.00242686
-0.00230129
-0.00215571
-0.00199302
-0.0018172
-0.00163284
-0.00144522
-0.00126018
-0.00108394
-0.000922871
-0.000783271
-0.000671138
-0.000591904
-0.000550193
-0.000549601
-0.000592523
-0.000680012
-0.000811712
-0.000985859
-0.00119934
-0.00144784
-0.00172602
-0.00202778
-0.00234649
-0.00267532
-0.00300752
-0.00333664
-0.00365676
-0.0039627
-0.00425008
-0.00451538
-0.00475596
-0.00496998
-0.00515631
-0.00531442
-0.0054442
-0.00554585
-0.00561966
-0.00566591
-0.00568528
-0.0056783
-0.00563682
-0.00554906
0.000182088
0.000163121
0.000132787
9.21654e-05
4.24636e-05
-1.50212e-05
-7.93428e-05
-0.000149841
-0.00022607
-0.000307761
-0.000394772
-0.000487041
-0.000584542
-0.00068724
-0.000795062
-0.000907867
-0.00102542
-0.00114739
-0.00127328
-0.00140248
-0.00153417
-0.00166738
-0.00180093
-0.00193342
-0.00206324
-0.00218858
-0.00230742
-0.00241758
-0.00251671
-0.00260244
-0.00267235
-0.00272411
-0.00275556
-0.00276481
-0.00275037
-0.00271126
-0.00264711
-0.00255823
-0.00244583
-0.0023121
-0.00215925
-0.00199159
-0.00181356
-0.00163042
-0.00144807
-0.00127282
-0.0011112
-0.000969712
-0.000854583
-0.000771495
-0.000725329
-0.000719934
-0.000757932
-0.000840571
-0.000967643
-0.00113747
-0.00134697
-0.0015918
-0.00186652
-0.0021649
-0.00248016
-0.0028053
-0.00313341
-0.00345791
-0.00377281
-0.00407292
-0.0043539
-0.00461238
-0.00484592
-0.00505293
-0.0052326
-0.00538466
-0.0055093
-0.00560691
-0.00567782
-0.00572219
-0.00574033
-0.00573213
-0.0056879
-0.00559413
0.000276719
0.000242206
0.000202144
0.000155461
0.000101998
4.2711e-05
-2.17859e-05
-9.12261e-05
-0.000165532
-0.000244758
-0.00032905
-0.000418599
-0.000513603
-0.000614232
-0.000720597
-0.000832733
-0.000950573
-0.00107393
-0.00120248
-0.00133573
-0.00147301
-0.00161343
-0.00175589
-0.00189903
-0.00204124
-0.00218065
-0.00231516
-0.00244241
-0.00255988
-0.00266494
-0.00275488
-0.00282704
-0.00287892
-0.00290827
-0.00291324
-0.00289248
-0.0028453
-0.0027717
-0.00267274
-0.00255077
-0.00240611
-0.00224471
-0.00207056
-0.00188888
-0.00170564
-0.00152732
-0.00136068
-0.00121249
-0.0010893
-0.000997158
-0.000941306
-0.000925969
-0.000954117
-0.00102731
-0.0011456
-0.0013075
-0.00151002
-0.00174885
-0.00201849
-0.00231258
-0.00262416
-0.00294599
-0.00327094
-0.0035922
-0.0039036
-0.00419982
-0.00447649
-0.00473024
-0.00495875
-0.00516061
-0.00533523
-0.00548261
-0.00560319
-0.00569755
-0.00576615
-0.00580913
-0.00582664
-0.00581825
-0.00577375
-0.00567918
0.000383031
0.000330589
0.000279076
0.000225234
0.000166987
0.00010494
3.93342e-05
-3.00155e-05
-0.00010344
-0.000181356
-0.000264227
-0.000352529
-0.000446711
-0.000547172
-0.000654238
-0.000768146
-0.000889017
-0.00101685
-0.00115147
-0.00129254
-0.00143952
-0.0015916
-0.00174773
-0.00190656
-0.00206642
-0.00222534
-0.00238104
-0.00253095
-0.00267228
-0.00280203
-0.00291716
-0.0030146
-0.00309141
-0.00314493
-0.00317287
-0.00317348
-0.00314568
-0.00308917
-0.00300443
-0.00289266
-0.00275767
-0.0026018
-0.00242976
-0.00224698
-0.00205956
-0.00187418
-0.00169786
-0.00153774
-0.00140076
-0.00129341
-0.00122146
-0.00118961
-0.00120134
-0.00125867
-0.00136205
-0.00151034
-0.00170077
-0.00192916
-0.00219003
-0.00247693
-0.00278274
-0.00309997
-0.0034212
-0.00373933
-0.00404792
-0.0043414
-0.00461522
-0.00486594
-0.00509123
-0.00528976
-0.00546107
-0.00560537
-0.0057233
-0.00581565
-0.00588304
-0.00592569
-0.00594374
-0.00593667
-0.00589448
-0.00580367
0.000496825
0.000424542
0.000360329
0.000298378
0.000234529
0.000168945
0.000101413
3.1237e-05
-4.2373e-05
-0.000120229
-0.000203148
-0.000291914
-0.000387254
-0.000489822
-0.000600185
-0.000718802
-0.000846009
-0.000981995
-0.00112678
-0.00128016
-0.00144171
-0.00161071
-0.00178612
-0.00196655
-0.00215023
-0.00233503
-0.00251842
-0.00269753
-0.00286922
-0.00303008
-0.00317661
-0.00330526
-0.00341262
-0.0034955
-0.00355112
-0.00357727
-0.00357243
-0.00353589
-0.00346778
-0.003369
-0.00324293
-0.00309203
-0.00292087
-0.00273485
-0.00254018
-0.00234372
-0.00215281
-0.00197495
-0.0018176
-0.00168781
-0.00159193
-0.00153536
-0.00152222
-0.0015552
-0.00163535
-0.00176202
-0.00193289
-0.00214404
-0.00239016
-0.0026648
-0.00296071
-0.00327022
-0.00358555
-0.00389928
-0.00420459
-0.00449556
-0.00476735
-0.0050163
-0.00523993
-0.00543688
-0.00560671
-0.00574975
-0.00586677
-0.00595875
-0.00602647
-0.00607029
-0.00609045
-0.00608646
-0.00604902
-0.00596569
0.000613626
0.000519956
0.000442061
0.000371305
0.000301237
0.000231477
0.000161286
8.93795e-05
1.44609e-05
-6.4718e-05
-0.000149352
-0.000240561
-0.000339378
-0.000446735
-0.000563462
-0.000690264
-0.000827711
-0.000976205
-0.00113595
-0.00130691
-0.00148874
-0.00168079
-0.001882
-0.00209091
-0.00230558
-0.00252364
-0.00274227
-0.00295822
-0.00316791
-0.00336744
-0.00355278
-0.00371983
-0.00386459
-0.00398331
-0.00407264
-0.00412981
-0.00415277
-0.00414035
-0.00409224
-0.00400904
-0.0038935
-0.00374815
-0.00357735
-0.00338643
-0.00318167
-0.00297011
-0.00275939
-0.00255743
-0.00237225
-0.00221154
-0.00208243
-0.00199114
-0.00194267
-0.00194056
-0.0019867
-0.00208122
-0.00222243
-0.00240694
-0.00262976
-0.00288461
-0.00316425
-0.0034608
-0.00376624
-0.00407272
-0.00437298
-0.00466064
-0.00493044
-0.00517834
-0.00540157
-0.00559857
-0.00576879
-0.00591256
-0.00603069
-0.00612427
-0.00619423
-0.00624108
-0.00626516
-0.00626609
-0.00623559
-0.00616263
0.00072858
0.000612305
0.000519998
0.000439955
0.000363212
0.000288746
0.000215202
0.000140638
6.31974e-05
-1.88424e-05
-0.000107085
-0.000203014
-0.000307988
-0.000423246
-0.0005499
-0.000688929
-0.000841152
-0.0010072
-0.00118747
-0.00138208
-0.00159078
-0.00181293
-0.00204744
-0.0022927
-0.00254658
-0.0028064
-0.00306897
-0.00333058
-0.00358713
-0.00383418
-0.00406706
-0.00428105
-0.0044715
-0.00463398
-0.00476449
-0.00485961
-0.00491668
-0.00493392
-0.00491051
-0.00484673
-0.00474442
-0.00460617
-0.00443603
-0.00423919
-0.00402189
-0.00379131
-0.00355538
-0.00332247
-0.00310118
-0.00289997
-0.00272686
-0.00258907
-0.00249269
-0.00244239
-0.00244119
-0.00249027
-0.0025889
-0.00273446
-0.00292258
-0.00314738
-0.00340175
-0.00367778
-0.00396718
-0.00426171
-0.00455361
-0.00483593
-0.00510282
-0.0053497
-0.00557334
-0.00577179
-0.00594424
-0.00609082
-0.00621229
-0.00630971
-0.00638409
-0.00643607
-0.00646606
-0.00647379
-0.00645215
-0.00639171
0.0008365
0.000696667
0.000589435
0.000499794
0.000416046
0.000336409
0.000258821
0.000180615
9.93158e-05
1.26909e-05
-8.13049e-05
-0.000184544
-0.000298739
-0.000425456
-0.000566118
-0.000721997
-0.000894183
-0.00108355
-0.00129069
-0.00151586
-0.0017589
-0.00201916
-0.00229546
-0.00258602
-0.00288843
-0.00319966
-0.00351606
-0.00383341
-0.004147
-0.00445176
-0.00474233
-0.00501326
-0.00525915
-0.00547482
-0.00565551
-0.00579705
-0.00589604
-0.00594998
-0.00595742
-0.00591805
-0.00583303
-0.00570457
-0.00553635
-0.0053333
-0.00510157
-0.0048484
-0.00458193
-0.00431096
-0.00404473
-0.00379252
-0.00356337
-0.00336567
-0.00320684
-0.00309297
-0.00302849
-0.003016
-0.0030561
-0.00314731
-0.0032862
-0.00346759
-0.00368476
-0.00392994
-0.00419469
-0.00447041
-0.00474878
-0.00502217
-0.00528403
-0.00552904
-0.00575329
-0.00595422
-0.00613054
-0.00628202
-0.00640915
-0.00651284
-0.00659405
-0.00665344
-0.00669143
-0.00670783
-0.00669669
-0.00665029
0.000931778
0.000767712
0.000645242
0.000545831
0.000454833
0.000369588
0.000287233
0.000204303
0.000117659
2.45137e-05
-7.7651e-05
-0.000191124
-0.000317996
-0.000460188
-0.000619462
-0.000797404
-0.000995396
-0.00121456
-0.0014557
-0.00171919
-0.00200494
-0.00231227
-0.00263986
-0.00298572
-0.00334709
-0.00372053
-0.00410187
-0.0044863
-0.00486844
-0.00524248
-0.00560229
-0.0059416
-0.00625417
-0.00653397
-0.00677535
-0.00697328
-0.00712348
-0.00722263
-0.00726846
-0.00725995
-0.00719747
-0.00708269
-0.00691874
-0.00671019
-0.00646296
-0.00618422
-0.00588227
-0.00556629
-0.00524613
-0.00493192
-0.00463382
-0.00436157
-0.00412411
-0.0039292
-0.00378309
-0.00369016
-0.00365273
-0.00367094
-0.00374273
-0.00386397
-0.00402873
-0.00422961
-0.00445822
-0.00470567
-0.0049631
-0.00522214
-0.00547534
-0.00571646
-0.00594066
-0.00614454
-0.00632606
-0.00648437
-0.00661947
-0.00673194
-0.0068225
-0.00689169
-0.00693985
-0.00696675
-0.00696757
-0.00693624
0.00100842
0.000819725
0.000681893
0.000572648
0.000474207
0.000382907
0.000294995
0.00020614
0.000112484
1.06493e-05
-0.000102385
-0.000229353
-0.000372757
-0.0005349
-0.000717908
-0.000923709
-0.00115399
-0.00141014
-0.00169316
-0.00200355
-0.00234126
-0.00270554
-0.0030949
-0.00350707
-0.00393892
-0.0043865
-0.00484506
-0.00530911
-0.00577253
-0.00622869
-0.0066706
-0.00709107
-0.00748291
-0.0078391
-0.00815302
-0.00841863
-0.00863067
-0.00878483
-0.00887791
-0.008908
-0.00887457
-0.00877856
-0.00862245
-0.00841024
-0.0081475
-0.00784121
-0.00749968
-0.00713239
-0.00674971
-0.00636264
-0.00598246
-0.00562037
-0.00528701
-0.0049921
-0.004744
-0.00454929
-0.00441251
-0.00433589
-0.00431927
-0.00436009
-0.00445363
-0.00459327
-0.00477095
-0.00497768
-0.00520411
-0.00544107
-0.00568011
-0.00591383
-0.00613621
-0.00634271
-0.00653022
-0.00669698
-0.00684223
-0.00696595
-0.00706842
-0.00714987
-0.0072104
-0.00724959
-0.00726367
-0.0072481
0.00106006
0.000846654
0.000693512
0.000574456
0.000468398
0.000370559
0.000276204
0.000180071
7.75379e-05
-3.53973e-05
-0.000162293
-0.000306361
-0.000470541
-0.000657556
-0.000869922
-0.00110993
-0.0013796
-0.00168059
-0.00201409
-0.00238073
-0.00278045
-0.00321242
-0.00367493
-0.00416537
-0.00468016
-0.00521481
-0.00576388
-0.00632115
-0.00687966
-0.00743186
-0.00796978
-0.00848523
-0.00896994
-0.00941582
-0.00981513
-0.0101607
-0.0104462
-0.0106662
-0.0108164
-0.0108939
-0.0108971
-0.0108261
-0.0106826
-0.0104699
-0.010193
-0.00985852
-0.00947464
-0.00905097
-0.0085983
-0.00812839
-0.00765362
-0.00718665
-0.00673994
-0.00632535
-0.00595365
-0.00563404
-0.00537373
-0.00517761
-0.00504801
-0.00498457
-0.00498435
-0.00504204
-0.00515033
-0.00530043
-0.00548267
-0.00568712
-0.00590418
-0.00612514
-0.00634247
-0.00655015
-0.00674369
-0.00692003
-0.00707732
-0.00721461
-0.00733149
-0.00742764
-0.00750272
-0.007556
-0.00758454
-0.00758522
0.00108008
0.000842175
0.000673945
0.000545169
0.000431317
0.000326387
0.000224582
0.000119651
6.17016e-06
-0.000120525
-0.000264562
-0.000429662
-0.00061924
-0.000836466
-0.00108428
-0.00136537
-0.00168208
-0.00203636
-0.00242959
-0.00286249
-0.00333499
-0.00384612
-0.00439391
-0.00497535
-0.00558636
-0.00622178
-0.00687546
-0.00754031
-0.00820843
-0.00887128
-0.0095198
-0.0101447
-0.0107364
-0.0112858
-0.0117839
-0.0122222
-0.0125932
-0.0128904
-0.0131082
-0.0132425
-0.0132908
-0.0132522
-0.0131272
-0.0129184
-0.0126302
-0.0122685
-0.0118413
-0.0113581
-0.0108298
-0.0102689
-0.00968867
-0.00910312
-0.00852655
-0.00797306
-0.00745603
-0.00698759
-0.00657809
-0.00623565
-0.00596574
-0.00577092
-0.00565075
-0.00560191
-0.00561841
-0.00569215
-0.00581343
-0.0059717
-0.00615622
-0.00635671
-0.00656393
-0.00676998
-0.00696855
-0.00715487
-0.00732561
-0.00747853
-0.00761215
-0.00772538
-0.00781719
-0.00788632
-0.0079305
-0.00794788
0.00106166
0.000799793
0.000616858
0.000478498
0.000356652
0.000243993
0.000133596
1.81751e-05
-0.000108536
-0.000251892
-0.000416624
-0.000606996
-0.000826931
-0.00108008
-0.00136985
-0.00169931
-0.0020712
-0.00248772
-0.00295046
-0.00346019
-0.0040168
-0.00461913
-0.0052649
-0.00595062
-0.00667161
-0.007422
-0.00819479
-0.00898194
-0.00977451
-0.0105628
-0.0113366
-0.0120853
-0.0127983
-0.0134649
-0.0140748
-0.0146185
-0.015087
-0.0154725
-0.0157683
-0.0159692
-0.0160714
-0.0160729
-0.0159733
-0.0157741
-0.0154789
-0.015093
-0.0146236
-0.0140801
-0.0134734
-0.012816
-0.0121222
-0.011407
-0.0106864
-0.00997662
-0.00929382
-0.00865323
-0.00806871
-0.00755212
-0.00711273
-0.0067568
-0.00648725
-0.00630356
-0.0062019
-0.00617547
-0.00621508
-0.00630983
-0.00644794
-0.00661752
-0.00680727
-0.00700707
-0.00720832
-0.00740408
-0.00758902
-0.00775918
-0.00791166
-0.00804421
-0.00815486
-0.0082416
-0.00830265
-0.00833726
0.000997909
0.000712949
0.000515847
0.000368076
0.000237993
0.000116871
-3.40094e-06
-0.000131179
-0.000273601
-0.000436745
-0.00062597
-0.000846122
-0.00110167
-0.00139678
-0.00173532
-0.00212084
-0.0025564
-0.0030445
-0.00358688
-0.00418438
-0.00483678
-0.00554268
-0.00629939
-0.00710289
-0.0079478
-0.00882743
-0.0097338
-0.0106578
-0.0115894
-0.0125175
-0.0134307
-0.014317
-0.0151644
-0.0159609
-0.0166949
-0.0173555
-0.0179324
-0.0184166
-0.0188003
-0.0190769
-0.0192416
-0.0192911
-0.0192242
-0.0190414
-0.018745
-0.0183396
-0.0178318
-0.0172301
-0.0165451
-0.0157896
-0.0149777
-0.0141257
-0.0132506
-0.0123708
-0.0115048
-0.0106711
-0.00988726
-0.00916926
-0.0085308
-0.0079826
-0.00753184
-0.00718183
-0.00693186
-0.00677737
-0.00671039
-0.00672025
-0.00679437
-0.00691927
-0.00708146
-0.00726819
-0.00746809
-0.00767149
-0.00787051
-0.00805896
-0.00823203
-0.00838594
-0.00851746
-0.0086236
-0.00870283
-0.0087554
0.000881994
0.000575159
0.000364576
0.000207586
6.89774e-05
-6.14431e-05
-0.000193011
-0.000335177
-0.000495973
-0.000682223
-0.000899948
-0.00115461
-0.00145124
-0.00179457
-0.00218897
-0.00263843
-0.00314639
-0.00371561
-0.00434798
-0.00504434
-0.0058043
-0.00662616
-0.00750673
-0.00844135
-0.00942383
-0.0104465
-0.0115003
-0.012575
-0.0136591
-0.0147402
-0.0158056
-0.0168417
-0.0178352
-0.0187726
-0.019641
-0.0204282
-0.0211227
-0.0217143
-0.0221941
-0.0225543
-0.0227892
-0.0228944
-0.0228675
-0.0227081
-0.0224175
-0.0219992
-0.0214588
-0.0208041
-0.0200449
-0.0191935
-0.018264
-0.0172729
-0.0162381
-0.0151795
-0.0141177
-0.0130743
-0.0120704
-0.0111263
-0.0102606
-0.00948918
-0.00882441
-0.00827449
-0.00784301
-0.0075288
-0.00732617
-0.00722546
-0.0072139
-0.00727663
-0.0073979
-0.00756206
-0.00775447
-0.00796215
-0.00817403
-0.00838105
-0.00857599
-0.00875305
-0.00890738
-0.00903469
-0.00913357
-0.00920513
0.000707315
0.000380157
0.000156921
-9.08044e-06
-0.000156556
-0.000297206
-0.000441616
-0.000600344
-0.000782326
-0.000995154
-0.00124554
-0.00153957
-0.00188292
-0.00228086
-0.0027383
-0.0032597
-0.00384885
-0.00450875
-0.00524141
-0.00604759
-0.00692668
-0.00787656
-0.00889346
-0.00997192
-0.0111048
-0.0122834
-0.0134973
-0.0147349
-0.0159834
-0.0172289
-0.018457
-0.0196528
-0.0208014
-0.0218881
-0.0228987
-0.0238196
-0.0246383
-0.0253436
-0.0259254
-0.0263753
-0.0266865
-0.0268536
-0.0268736
-0.0267447
-0.0264674
-0.0260441
-0.0254792
-0.0247794
-0.0239537
-0.0230131
-0.0219715
-0.0208448
-0.0196513
-0.0184117
-0.0171481
-0.0158845
-0.0146455
-0.0134555
-0.0123381
-0.0113149
-0.0104043
-0.00962036
-0.00897232
-0.00846379
-0.00809269
-0.00785155
-0.00772827
-0.00770721
-0.00777051
-0.00789945
-0.00807572
-0.00828238
-0.00850449
-0.00872945
-0.00894692
-0.00914859
-0.00932752
-0.00947783
-0.00959798
-0.00968993
0.000467652
0.000122057
-0.000112867
-0.00028766
-0.000444395
-0.000596292
-0.000755196
-0.00093277
-0.00113886
-0.00138183
-0.00166912
-0.00200747
-0.00240319
-0.00286215
-0.00338981
-0.00399106
-0.00467005
-0.00542999
-0.00627291
-0.00719946
-0.0082087
-0.00929796
-0.0104627
-0.0116967
-0.0129915
-0.0143372
-0.015722
-0.0171327
-0.0185551
-0.0199735
-0.0213721
-0.0227345
-0.0240442
-0.0252852
-0.0264422
-0.0275006
-0.0284469
-0.029269
-0.0299561
-0.0304992
-0.0308906
-0.0311242
-0.0311966
-0.0311047
-0.0308482
-0.0304284
-0.0298485
-0.0291141
-0.0282326
-0.027214
-0.0260707
-0.024818
-0.0234736
-0.0220581
-0.0205945
-0.0191084
-0.0176268
-0.0161782
-0.0147909
-0.0134923
-0.0123072
-0.0112568
-0.0103571
-0.00961804
-0.00904278
-0.00862758
-0.00836232
-0.0082315
-0.0082157
-0.0082932
-0.0084417
-0.00863974
-0.00886777
-0.00910884
-0.00934878
-0.0095761
-0.00978127
-0.00995638
-0.0100996
-0.0102138
0.000157348
-0.000204485
-0.000450002
-0.000633353
-0.000799778
-0.000964008
-0.00113913
-0.00133791
-0.00157108
-0.0018478
-0.00217624
-0.00256382
-0.00301751
-0.00354378
-0.00414863
-0.00483738
-0.00561452
-0.00648338
-0.00744597
-0.0085027
-0.00965217
-0.010891
-0.0122139
-0.0136133
-0.0150797
-0.0166015
-0.0181656
-0.019757
-0.0213596
-0.0229565
-0.0245298
-0.0260618
-0.0275348
-0.0289315
-0.0302355
-0.0314313
-0.0325049
-0.0334435
-0.034236
-0.0348727
-0.0353456
-0.0356486
-0.0357766
-0.0357269
-0.035498
-0.0350902
-0.0345056
-0.0337484
-0.0328244
-0.0317422
-0.0305126
-0.029149
-0.0276681
-0.0260895
-0.0244362
-0.022734
-0.0210118
-0.019301
-0.0176339
-0.0160435
-0.0145615
-0.0132164
-0.0120322
-0.0110269
-0.0102104
-0.00958469
-0.00914344
-0.00887267
-0.00875235
-0.00875822
-0.00886393
-0.00904302
-0.00927062
-0.00952456
-0.009786
-0.0100395
-0.0102723
-0.010474
-0.0106424
-0.010781
-0.000228522
-0.000604097
-0.000858995
-0.00105065
-0.00122722
-0.00140491
-0.00159803
-0.00182037
-0.0020836
-0.00239764
-0.00277138
-0.00321297
-0.00373002
-0.00432962
-0.00501828
-0.00580175
-0.00668474
-0.00767069
-0.00876146
-0.00995709
-0.0112556
-0.0126528
-0.0141422
-0.015715
-0.0173602
-0.0190646
-0.0208133
-0.0225896
-0.0243756
-0.0261525
-0.0279011
-0.029602
-0.0312364
-0.0327859
-0.0342334
-0.0355629
-0.0367597
-0.037811
-0.0387053
-0.039433
-0.0399859
-0.0403578
-0.0405432
-0.040539
-0.0403432
-0.0399552
-0.0393761
-0.0386086
-0.037657
-0.0365281
-0.0352305
-0.0337759
-0.0321788
-0.030457
-0.0286322
-0.0267298
-0.0247789
-0.0228125
-0.0208662
-0.0189776
-0.0171846
-0.0155235
-0.0140272
-0.0127225
-0.0116285
-0.0107547
-0.0101006
-0.00965598
-0.00940154
-0.00931143
-0.00935557
-0.00950228
-0.00972071
-0.00998258
-0.0102634
-0.010543
-0.0108046
-0.0110347
-0.0112304
-0.011396
-0.000693995
-0.00108055
-0.0013435
-0.0015432
-0.00173037
-0.00192265
-0.00213551
-0.00238377
-0.00267994
-0.00303474
-0.00345778
-0.0039579
-0.00454337
-0.00522189
-0.00600046
-0.00688517
-0.00788093
-0.00899114
-0.0102174
-0.0115593
-0.013014
-0.0145763
-0.0162384
-0.0179901
-0.0198187
-0.0217092
-0.0236447
-0.0256065
-0.0275751
-0.0295299
-0.0314502
-0.0333153
-0.0351052
-0.0368009
-0.0383846
-0.0398401
-0.0411526
-0.0423092
-0.0432989
-0.0441119
-0.0447405
-0.0451784
-0.0454205
-0.0454632
-0.0453042
-0.0449424
-0.0443779
-0.0436121
-0.0426479
-0.0414901
-0.0401452
-0.0386224
-0.0369336
-0.0350942
-0.0331235
-0.0310451
-0.0288871
-0.0266826
-0.0244689
-0.0222868
-0.0201797
-0.018191
-0.0163626
-0.0147313
-0.0133266
-0.0121679
-0.0112632
-0.010608
-0.010186
-0.00997151
-0.00993137
-0.0100288
-0.0102266
-0.0104895
-0.0107863
-0.0110911
-0.0113822
-0.0116423
-0.0118677
-0.0120633
-0.00124206
-0.00163659
-0.00190617
-0.00211359
-0.00231181
-0.00251979
-0.0027541
-0.00303052
-0.00336239
-0.00376117
-0.0042372
-0.00480001
-0.00545851
-0.00622095
-0.00709479
-0.00808641
-0.0092008
-0.0104412
-0.0118089
-0.0133026
-0.0149188
-0.0166508
-0.0184895
-0.0204229
-0.0224363
-0.024513
-0.0266338
-0.0287785
-0.0309252
-0.033052
-0.0351366
-0.0371573
-0.0390932
-0.0409248
-0.042634
-0.0442046
-0.0456222
-0.0468741
-0.0479497
-0.0488399
-0.0495375
-0.0500364
-0.050332
-0.0504208
-0.0503003
-0.0499692
-0.0494267
-0.0486733
-0.0477106
-0.0465413
-0.04517
-0.0436031
-0.0418496
-0.0399219
-0.037836
-0.0356127
-0.0332777
-0.0308625
-0.0284043
-0.0259455
-0.0235332
-0.0212171
-0.0190471
-0.0170704
-0.015328
-0.0138513
-0.0126589
-0.0117551
-0.0111296
-0.0107585
-0.0106075
-0.0106352
-0.0107977
-0.0110524
-0.0113602
-0.0116883
-0.0120091
-0.0123009
-0.0125583
-0.0127873
-0.00187454
-0.00227385
-0.00254854
-0.00276333
-0.00297298
-0.00319769
-0.00345505
-0.00376172
-0.0041318
-0.0045775
-0.00510983
-0.005739
-0.00647452
-0.00732517
-0.00829877
-0.0094019
-0.0106395
-0.0120147
-0.0135279
-0.0151773
-0.0169579
-0.0188619
-0.0208782
-0.0229931
-0.0251899
-0.0274496
-0.0297511
-0.0320721
-0.0343891
-0.0366784
-0.0389166
-0.041081
-0.0431503
-0.0451046
-0.046926
-0.0485984
-0.050108
-0.0514428
-0.052593
-0.0535503
-0.0543081
-0.0548611
-0.0552052
-0.0553373
-0.0552551
-0.054957
-0.054442
-0.0537097
-0.0527605
-0.0515957
-0.0502175
-0.0486299
-0.046839
-0.0448537
-0.0426862
-0.0403535
-0.0378778
-0.0352874
-0.0326176
-0.0299103
-0.0272143
-0.0245835
-0.0220747
-0.0197449
-0.0176469
-0.0158252
-0.0143117
-0.0131224
-0.0122559
-0.0116933
-0.0114011
-0.0113348
-0.0114444
-0.011679
-0.011991
-0.0123394
-0.0126896
-0.0130142
-0.013306
-0.013572
-0.00259198
-0.0029927
-0.00327089
-0.00349263
-0.00371403
-0.00395639
-0.00423823
-0.00457701
-0.00498754
-0.0054827
-0.00607417
-0.00677278
-0.00758859
-0.00853084
-0.00960765
-0.0108257
-0.0121898
-0.0137025
-0.0153637
-0.0171704
-0.0191162
-0.0211918
-0.0233842
-0.0256775
-0.028053
-0.0304894
-0.0329638
-0.0354515
-0.0379277
-0.0403671
-0.0427454
-0.0450393
-0.0472269
-0.0492887
-0.0512068
-0.0529661
-0.0545533
-0.0559575
-0.0571697
-0.0581827
-0.0589908
-0.0595897
-0.0599759
-0.0601469
-0.0601009
-0.0598362
-0.0593518
-0.0586467
-0.0577206
-0.0565733
-0.0552054
-0.0536184
-0.0518157
-0.0498025
-0.0475872
-0.0451824
-0.0426057
-0.0398812
-0.0370402
-0.0341223
-0.0311754
-0.0282553
-0.0254238
-0.0227458
-0.0202856
-0.0181012
-0.0162396
-0.0147312
-0.0135868
-0.0127963
-0.0123299
-0.0121421
-0.0121776
-0.0123774
-0.0126847
-0.013049
-0.0134274
-0.0137857
-0.0141145
-0.0144209
-0.00339355
-0.00379223
-0.00407223
-0.00430042
-0.00453378
-0.00479456
-0.0051021
-0.00547456
-0.00592739
-0.00647411
-0.00712698
-0.0078974
-0.00879594
-0.00983219
-0.0110145
-0.0123495
-0.0138417
-0.0154931
-0.0173027
-0.0192661
-0.0213757
-0.0236199
-0.0259841
-0.02845
-0.0309968
-0.0336009
-0.0362373
-0.0388796
-0.0415014
-0.0440763
-0.0465792
-0.0489863
-0.0512759
-0.0534286
-0.0554274
-0.0572578
-0.0589077
-0.0603671
-0.0616284
-0.0626853
-0.0635334
-0.0641693
-0.0645903
-0.0647948
-0.0647813
-0.0645487
-0.0640958
-0.0634217
-0.0625252
-0.0614054
-0.0600614
-0.0584929
-0.0567005
-0.0546864
-0.052455
-0.0500143
-0.0473769
-0.0445615
-0.0415944
-0.0385106
-0.035355
-0.0321825
-0.029057
-0.0260494
-0.0232332
-0.0206799
-0.0184522
-0.0165971
-0.0151412
-0.0140867
-0.0134112
-0.0130715
-0.0130086
-0.0131563
-0.0134476
-0.0138219
-0.0142264
-0.0146188
-0.0149866
-0.0153374
-0.00427705
-0.00467016
-0.00495023
-0.00518429
-0.00542966
-0.00570942
-0.00604363
-0.006451
-0.00694757
-0.00754738
-0.00826326
-0.00910709
-0.0100899
-0.0112215
-0.0125103
-0.0139629
-0.0155833
-0.0173727
-0.019329
-0.0214466
-0.0237159
-0.0261236
-0.0286527
-0.0312829
-0.033991
-0.0367513
-0.0395368
-0.0423195
-0.0450716
-0.0477658
-0.0503765
-0.0528799
-0.0552545
-0.0574814
-0.0595446
-0.0614305
-0.0631283
-0.0646293
-0.065927
-0.0670165
-0.0678944
-0.0685583
-0.0690067
-0.0692386
-0.0692531
-0.0690497
-0.0686274
-0.0679855
-0.0671224
-0.0660367
-0.0647265
-0.0631901
-0.0614259
-0.0594334
-0.0572134
-0.0547696
-0.0521094
-0.0492458
-0.0461989
-0.0429976
-0.0396817
-0.0363025
-0.0329231
-0.0296169
-0.0264646
-0.0235492
-0.0209487
-0.0187283
-0.0169327
-0.0155805
-0.0146612
-0.0141372
-0.0139491
-0.0140242
-0.0142861
-0.0146625
-0.0150898
-0.0155161
-0.0159249
-0.0163237
-0.00523887
-0.00562289
-0.00590122
-0.00614045
-0.00639774
-0.00669683
-0.00705833
-0.00750146
-0.0080427
-0.00869656
-0.00947633
-0.0103943
-0.0114618
-0.012689
-0.014084
-0.0156533
-0.0174003
-0.0193253
-0.0214249
-0.0236918
-0.0261148
-0.0286785
-0.0313636
-0.0341476
-0.037005
-0.0399081
-0.0428281
-0.0457356
-0.0486016
-0.0513983
-0.0540998
-0.0566823
-0.059125
-0.06141
-0.063522
-0.0654488
-0.0671808
-0.0687107
-0.0700332
-0.0711448
-0.072043
-0.0727266
-0.0731951
-0.0734481
-0.0734857
-0.0733077
-0.0729138
-0.0723032
-0.0714747
-0.0704265
-0.0691563
-0.0676612
-0.0659382
-0.0639846
-0.0617983
-0.0593791
-0.0567296
-0.0538568
-0.0507743
-0.0475042
-0.0440792
-0.0405446
-0.0369596
-0.0333971
-0.0299413
-0.026684
-0.0237169
-0.0211232
-0.018968
-0.0172894
-0.0160933
-0.0153522
-0.0150098
-0.0149896
-0.015206
-0.0155752
-0.0160207
-0.01648
-0.0169313
-0.0173817
-0.00627405
-0.0066455
-0.00692025
-0.00716384
-0.00743274
-0.00775122
-0.00814033
-0.00861961
-0.00920592
-0.00991415
-0.0107579
-0.01175
-0.0129017
-0.0142233
-0.0157231
-0.0174068
-0.0192771
-0.0213334
-0.0235709
-0.0259806
-0.0285494
-0.0312596
-0.0340899
-0.0370154
-0.0400086
-0.0430399
-0.0460789
-0.0490949
-0.0520581
-0.0549403
-0.0577157
-0.060361
-0.0628561
-0.0651839
-0.0673306
-0.0692851
-0.0710392
-0.0725868
-0.073924
-0.0750483
-0.0759585
-0.0766544
-0.0771363
-0.0774047
-0.0774602
-0.0773034
-0.0769345
-0.0763531
-0.0755582
-0.0745482
-0.0733205
-0.0718718
-0.0701983
-0.0682956
-0.0661595
-0.0637864
-0.0611747
-0.0583263
-0.0552482
-0.0519548
-0.048471
-0.0448344
-0.0410974
-0.037329
-0.0336132
-0.0300468
-0.0267325
-0.0237701
-0.0212455
-0.0192192
-0.0177172
-0.0167274
-0.0162008
-0.0160604
-0.0162132
-0.0165634
-0.0170214
-0.0175117
-0.0180066
-0.018512
-0.00737634
-0.00773182
-0.00800113
-0.00824813
-0.00852815
-0.00886579
-0.00928241
-0.00979778
-0.010429
-0.0111912
-0.0120984
-0.0131634
-0.0143978
-0.0158118
-0.0174133
-0.0192076
-0.0211966
-0.0233784
-0.0257467
-0.0282909
-0.0309957
-0.0338416
-0.0368048
-0.0398584
-0.042973
-0.0461171
-0.049259
-0.0523671
-0.0554112
-0.0583627
-0.0611963
-0.0638892
-0.0664222
-0.0687795
-0.0709484
-0.0729192
-0.0746849
-0.0762409
-0.0775843
-0.0787137
-0.0796291
-0.080331
-0.0808206
-0.081099
-0.0811678
-0.0810278
-0.08068
-0.0801245
-0.0793607
-0.0783873
-0.0772019
-0.0758013
-0.0741811
-0.0723362
-0.0702607
-0.0679489
-0.0653957
-0.0625984
-0.0595579
-0.0562815
-0.0527856
-0.0490988
-0.045265
-0.0413457
-0.0374213
-0.0335894
-0.0299598
-0.0266462
-0.0237542
-0.021368
-0.0195374
-0.0182701
-0.0175299
-0.0172433
-0.0173124
-0.0176304
-0.0180933
-0.0186119
-0.0191509
-0.0197143
-0.00853828
-0.00887457
-0.00913655
-0.00938589
-0.0096763
-0.0100326
-0.0104762
-0.0110271
-0.0117025
-0.0125177
-0.0134868
-0.0146228
-0.0159373
-0.0174404
-0.0191395
-0.0210393
-0.0231408
-0.0254408
-0.0279315
-0.0306004
-0.0334304
-0.0363997
-0.0394826
-0.0426501
-0.0458709
-0.0491124
-0.0523415
-0.0555259
-0.0586352
-0.061641
-0.0645182
-0.0672452
-0.0698037
-0.0721789
-0.0743596
-0.0763373
-0.0781063
-0.0796631
-0.081006
-0.0821347
-0.0830498
-0.0837527
-0.0842453
-0.0845294
-0.084607
-0.0844798
-0.0841491
-0.0836156
-0.0828793
-0.0819394
-0.080794
-0.0794401
-0.0778735
-0.0760887
-0.0740793
-0.0718378
-0.0693569
-0.06663
-0.0636532
-0.060427
-0.0569596
-0.0532701
-0.0493923
-0.0453785
-0.0413016
-0.0372558
-0.0333536
-0.0297184
-0.0264734
-0.023726
-0.0215521
-0.0199835
-0.0190022
-0.0185432
-0.0185072
-0.0187778
-0.0192369
-0.01978
-0.0203629
-0.0209869
-0.0097514
-0.0100654
-0.0103182
-0.0105687
-0.0108685
-0.0112425
-0.0117123
-0.0122977
-0.0130159
-0.0138823
-0.0149111
-0.0161153
-0.0175064
-0.0190941
-0.0208856
-0.0228846
-0.0250912
-0.0275009
-0.0301043
-0.0328871
-0.0358303
-0.03891
-0.0420987
-0.0453656
-0.0486778
-0.0520013
-0.0553024
-0.0585483
-0.0617084
-0.0647548
-0.0676632
-0.0704125
-0.0729858
-0.0753696
-0.0775537
-0.079531
-0.0812969
-0.082849
-0.0841865
-0.08531
-0.0862208
-0.0869211
-0.087413
-0.0876993
-0.0877822
-0.087664
-0.0873465
-0.086831
-0.086118
-0.0852075
-0.0840981
-0.0827875
-0.0812719
-0.0795462
-0.0776037
-0.0754363
-0.0730353
-0.0703913
-0.0674965
-0.0643457
-0.0609398
-0.0572885
-0.0534153
-0.049361
-0.0451887
-0.0409853
-0.0368611
-0.0329449
-0.0293731
-0.0262747
-0.0237524
-0.0218656
-0.0206192
-0.0199626
-0.0197993
-0.0200063
-0.0204515
-0.021014
-0.0216399
-0.0223266
-0.0110063
-0.0112953
-0.0115371
-0.0117874
-0.0120954
-0.012486
-0.0129805
-0.0135988
-0.0143579
-0.0152731
-0.0163587
-0.0176273
-0.0190906
-0.0207576
-0.0226351
-0.024726
-0.0270293
-0.0295391
-0.0322445
-0.0351296
-0.0381732
-0.04135
-0.0446305
-0.0479823
-0.0513712
-0.0547623
-0.0581212
-0.061415
-0.0646131
-0.0676882
-0.0706168
-0.0733789
-0.0759585
-0.0783434
-0.0805245
-0.082496
-0.0842543
-0.0857979
-0.0871267
-0.0882421
-0.089146
-0.089841
-0.0903299
-0.0906156
-0.0907009
-0.0905885
-0.0902806
-0.0897791
-0.0890852
-0.0881994
-0.0871212
-0.0858491
-0.0843801
-0.0827096
-0.0808314
-0.0787377
-0.0764186
-0.0738637
-0.0710621
-0.0680043
-0.0646847
-0.0611047
-0.0572774
-0.0532319
-0.0490192
-0.0447156
-0.0404252
-0.0362766
-0.032415
-0.0289873
-0.026122
-0.0239081
-0.022378
-0.0215008
-0.0211886
-0.0213147
-0.0217345
-0.0223106
-0.0229777
-0.0237287
-0.012293
-0.0125544
-0.0127834
-0.013032
-0.0133468
-0.0137524
-0.01427
-0.0149191
-0.0157166
-0.0166777
-0.0178162
-0.019145
-0.020675
-0.0224152
-0.0243715
-0.026546
-0.0289366
-0.0315361
-0.0343323
-0.0373073
-0.0404386
-0.0436988
-0.0470572
-0.0504798
-0.0539316
-0.0573767
-0.0607805
-0.0641099
-0.0673349
-0.0704287
-0.0733685
-0.0761356
-0.078715
-0.0810955
-0.0832693
-0.0852314
-0.0869791
-0.0885118
-0.0898301
-0.0909358
-0.0918313
-0.0925196
-0.0930038
-0.0932871
-0.0933726
-0.0932633
-0.0929619
-0.0924708
-0.0917917
-0.0909259
-0.0898737
-0.0886345
-0.0872062
-0.0855853
-0.0837665
-0.0817424
-0.0795035
-0.0770385
-0.074335
-0.0713804
-0.068164
-0.0646801
-0.0609321
-0.0569377
-0.0527346
-0.0483865
-0.0439871
-0.0396602
-0.0355543
-0.0318295
-0.0286373
-0.0260966
-0.0242706
-0.0231536
-0.0226718
-0.0226995
-0.0230817
-0.0236645
-0.0243705
-0.0251866
-0.0136009
-0.0138325
-0.0140469
-0.0142924
-0.0146123
-0.015031
-0.0155696
-0.016247
-0.0170799
-0.0180831
-0.0192703
-0.020654
-0.0222448
-0.0240511
-0.0260782
-0.0283273
-0.0307953
-0.0334737
-0.0363487
-0.0394012
-0.0426071
-0.0459374
-0.0493601
-0.0528403
-0.0563418
-0.0598286
-0.0632656
-0.0666202
-0.0698625
-0.0729668
-0.0759108
-0.078677
-0.0812513
-0.0836238
-0.0857873
-0.0877379
-0.0894737
-0.0909944
-0.0923015
-0.0933969
-0.0942835
-0.0949645
-0.0954431
-0.0957228
-0.0958069
-0.0956988
-0.0954013
-0.0949173
-0.0942491
-0.0933987
-0.0923672
-0.091155
-0.0897611
-0.0881832
-0.086417
-0.0844563
-0.0822924
-0.0799143
-0.0773087
-0.0744612
-0.0713576
-0.0679865
-0.0643429
-0.0604336
-0.0562834
-0.0519419
-0.0474895
-0.0430408
-0.0387419
-0.0347607
-0.0312678
-0.0284102
-0.0262838
-0.0249127
-0.024243
-0.0241552
-0.024487
-0.0250688
-0.0258103
-0.0266917
-0.0149191
-0.0151191
-0.0153174
-0.015558
-0.0158812
-0.0163109
-0.0168678
-0.0175706
-0.0184353
-0.0194765
-0.0207075
-0.0221404
-0.0237853
-0.0256501
-0.0277393
-0.0300535
-0.0325884
-0.0353343
-0.0382762
-0.0413937
-0.0446611
-0.0480486
-0.0515228
-0.0550479
-0.0585874
-0.0621047
-0.0655649
-0.0689355
-0.0721875
-0.0752955
-0.0782384
-0.0809994
-0.0835656
-0.0859277
-0.0880796
-0.0900179
-0.0917413
-0.0932502
-0.0945462
-0.0956317
-0.0965096
-0.0971833
-0.0976561
-0.0979317
-0.0980135
-0.0979048
-0.0976091
-0.0971294
-0.0964686
-0.0956293
-0.0946135
-0.0934224
-0.0920564
-0.0905143
-0.0887933
-0.0868885
-0.0847924
-0.0824948
-0.079983
-0.0772416
-0.0742541
-0.0710051
-0.0674828
-0.0636844
-0.0596225
-0.0553321
-0.0508786
-0.0463637
-0.0419263
-0.0377361
-0.0339773
-0.030822
-0.0283989
-0.0267652
-0.0258925
-0.0256732
-0.0259417
-0.0265141
-0.0272874
-0.0282334
-0.0162368
-0.0164038
-0.0165844
-0.0168184
-0.0171428
-0.0175811
-0.0181535
-0.0188782
-0.0197708
-0.0208453
-0.0221146
-0.0235903
-0.0252821
-0.0271973
-0.0293396
-0.0317089
-0.0342998
-0.0371017
-0.0400985
-0.0432685
-0.0465851
-0.0500172
-0.0535307
-0.0570893
-0.0606559
-0.0641939
-0.0676686
-0.0710478
-0.074303
-0.0774098
-0.0803478
-0.0831009
-0.0856571
-0.0880079
-0.0901478
-0.092074
-0.0937857
-0.0952836
-0.0965695
-0.0976459
-0.0985159
-0.0991829
-0.0996503
-0.0999216
-0.1
-0.0998902
-0.0995945
-0.0991168
-0.0984604
-0.0976283
-0.0966235
-0.0954481
-0.0941036
-0.0925901
-0.0909064
-0.0890492
-0.0870124
-0.0847874
-0.0823623
-0.079722
-0.076849
-0.0737252
-0.0703336
-0.0666639
-0.0627172
-0.0585147
-0.0541061
-0.0495775
-0.0450562
-0.0407083
-0.0367253
-0.0333
-0.030592
-0.0286937
-0.0276071
-0.0272423
-0.0274349
-0.0279893
-0.0287896
-0.0297991
-0.0175433
-0.0176761
-0.0178376
-0.0180634
-0.0183868
-0.018831
-0.0194157
-0.0201586
-0.0210745
-0.0221772
-0.0234789
-0.0249907
-0.0267217
-0.0286787
-0.0308647
-0.0332788
-0.0359148
-0.0387613
-0.041801
-0.0450114
-0.0483649
-0.0518299
-0.0553714
-0.0589529
-0.062537
-0.0660872
-0.0695689
-0.0729507
-0.0762044
-0.0793062
-0.0822367
-0.0849804
-0.0875259
-0.0898654
-0.091994
-0.0939092
-0.0956105
-0.0970988
-0.098376
-0.0994448
-0.100308
-0.100969
-0.101432
-0.101699
-0.101775
-0.101662
-0.101365
-0.100888
-0.100233
-0.0994048
-0.0984067
-0.0972419
-0.0959129
-0.0944213
-0.0927672
-0.090949
-0.0889626
-0.0868009
-0.0844536
-0.0819067
-0.0791428
-0.0761421
-0.0728847
-0.0693537
-0.065541
-0.0614551
-0.05713
-0.0526349
-0.0480822
-0.043629
-0.0394684
-0.0358078
-0.0328347
-0.0306767
-0.02937
-0.0288481
-0.0289531
-0.0294807
-0.0303031
-0.0313741
-0.0188282
-0.0189261
-0.0190674
-0.0192832
-0.0196033
-0.0200504
-0.020644
-0.0214008
-0.0223354
-0.0234607
-0.0247884
-0.0263291
-0.0280914
-0.0300813
-0.0323014
-0.0347499
-0.03742
-0.0402995
-0.0433704
-0.0466094
-0.0499884
-0.0534752
-0.0570343
-0.0606291
-0.0642222
-0.0677772
-0.0712599
-0.0746393
-0.0778878
-0.0809822
-0.0839037
-0.0866374
-0.0891726
-0.0915017
-0.0936203
-0.0955261
-0.0972187
-0.0986993
-0.0999697
-0.101032
-0.101891
-0.102547
-0.103006
-0.103269
-0.103342
-0.103227
-0.102927
-0.102448
-0.101793
-0.100966
-0.0999709
-0.0988122
-0.0974933
-0.0960171
-0.0943852
-0.0925978
-0.0906527
-0.0885447
-0.0862655
-0.0838025
-0.0811393
-0.0782561
-0.0751309
-0.0717424
-0.0680752
-0.0641265
-0.0599155
-0.0554944
-0.0509585
-0.0464514
-0.0421619
-0.0383061
-0.0350944
-0.0326884
-0.0311607
-0.0304732
-0.0304802
-0.0309725
-0.0318115
-0.0329416
-0.0200815
-0.0201446
-0.0202645
-0.0204686
-0.0207829
-0.0212299
-0.0218285
-0.0225949
-0.0235429
-0.024685
-0.0260321
-0.0275943
-0.0293795
-0.0313933
-0.0336376
-0.03611
-0.0388033
-0.0417045
-0.0447952
-0.0480516
-0.0514451
-0.0549432
-0.0585105
-0.0621099
-0.0657045
-0.069258
-0.0727367
-0.0761098
-0.0793505
-0.0824361
-0.085348
-0.0880721
-0.0905978
-0.0929179
-0.0950283
-0.0969267
-0.098613
-0.100088
-0.101354
-0.102412
-0.103267
-0.10392
-0.104375
-0.104636
-0.104706
-0.104588
-0.104285
-0.103803
-0.103146
-0.102317
-0.101322
-0.100166
-0.0988519
-0.0973853
-0.0957689
-0.0940045
-0.0920918
-0.0900279
-0.0878065
-0.085417
-0.0828447
-0.0800704
-0.0770715
-0.0738242
-0.0703073
-0.0665088
-0.0624347
-0.0581207
-0.0536436
-0.0491309
-0.0447616
-0.040754
-0.0373358
-0.0346996
-0.0329553
-0.0320974
-0.0319977
-0.0324466
-0.0332968
-0.0344828
-0.0212947
-0.0213226
-0.0214202
-0.021611
-0.0219172
-0.0223608
-0.0229605
-0.0237317
-0.0246878
-0.0258404
-0.0272
-0.0287759
-0.0305756
-0.032604
-0.0348625
-0.0373485
-0.040054
-0.0429659
-0.0460654
-0.0493284
-0.0527261
-0.0562259
-0.0597923
-0.0633888
-0.0669782
-0.0705249
-0.0739954
-0.0773594
-0.0805905
-0.0836664
-0.086569
-0.0892843
-0.091802
-0.0941151
-0.0962194
-0.0981129
-0.099795
-0.101267
-0.10253
-0.103586
-0.104439
-0.10509
-0.105544
-0.105802
-0.105869
-0.105748
-0.105442
-0.104957
-0.104295
-0.103463
-0.102465
-0.101307
-0.0999941
-0.0985319
-0.0969248
-0.0951763
-0.0932879
-0.0912588
-0.0890849
-0.0867582
-0.0842658
-0.0815901
-0.0787089
-0.0755972
-0.07223
-0.0685881
-0.0646662
-0.0604846
-0.0561017
-0.0516267
-0.0472245
-0.0431099
-0.0395215
-0.0366783
-0.034727
-0.0336975
-0.0334846
-0.0338827
-0.0347386
-0.0359772
-0.0224587
-0.0224521
-0.0225277
-0.0227032
-0.0229986
-0.0234355
-0.0240321
-0.0248033
-0.0257616
-0.0269183
-0.0282832
-0.0298649
-0.0316703
-0.033704
-0.0359669
-0.038456
-0.0411632
-0.044075
-0.0471725
-0.0504317
-0.0538238
-0.0573163
-0.060874
-0.0644603
-0.0680388
-0.0715741
-0.0750331
-0.0783858
-0.0816062
-0.0846723
-0.0875662
-0.090274
-0.0927856
-0.0950939
-0.0971947
-0.0990856
-0.100766
-0.102237
-0.1035
-0.104556
-0.105408
-0.10606
-0.106512
-0.106769
-0.106834
-0.10671
-0.1064
-0.10591
-0.105243
-0.104405
-0.103402
-0.10224
-0.100924
-0.0994618
-0.0978585
-0.0961192
-0.0942474
-0.0922444
-0.0901084
-0.0878337
-0.0854099
-0.0828214
-0.0800475
-0.0770628
-0.0738404
-0.0703557
-0.0665943
-0.0625629
-0.0583024
-0.0539023
-0.0495108
-0.0453333
-0.0416132
-0.0385907
-0.0364465
-0.0352481
-0.0349178
-0.0352589
-0.036115
-0.0374025
-0.0235668
-0.0235266
-0.0235793
-0.0237384
-0.0240207
-0.0244474
-0.0250366
-0.0258027
-0.0267572
-0.0279114
-0.0292741
-0.0308534
-0.0326559
-0.0346854
-0.0369428
-0.0394247
-0.042123
-0.0450242
-0.0481096
-0.0513551
-0.0547324
-0.0582091
-0.0617505
-0.0653205
-0.0688829
-0.0724028
-0.0758474
-0.0791872
-0.0823963
-0.0854529
-0.0883391
-0.0910412
-0.0935488
-0.0958547
-0.0979545
-0.0998456
-0.101527
-0.103
-0.104264
-0.105323
-0.106177
-0.106829
-0.107282
-0.107538
-0.107601
-0.107474
-0.10716
-0.106665
-0.105992
-0.105147
-0.104136
-0.102967
-0.101645
-0.100178
-0.0985738
-0.0968379
-0.0949759
-0.0929909
-0.0908836
-0.0886506
-0.0862841
-0.0837711
-0.0810925
-0.0782243
-0.0751384
-0.071807
-0.0682085
-0.0643381
-0.0602205
-0.0559261
-0.0515837
-0.0473852
-0.0435727
-0.0404013
-0.0380825
-0.0367217
-0.036272
-0.036551
-0.0374025
-0.0387352
-0.0246125
-0.0245403
-0.02457
-0.0247112
-0.0249779
-0.0253912
-0.0259687
-0.0267244
-0.0276686
-0.0288135
-0.0301665
-0.0317352
-0.0335256
-0.0355416
-0.0377836
-0.0402483
-0.0429274
-0.0458078
-0.048871
-0.0520934
-0.055447
-0.0589
-0.0624182
-0.065966
-0.0695077
-0.0730087
-0.0764367
-0.0797624
-0.08296
-0.0860077
-0.0888876
-0.0915857
-0.0940915
-0.0963976
-0.0984991
-0.100393
-0.102078
-0.103555
-0.104824
-0.105886
-0.106743
-0.107398
-0.107853
-0.108109
-0.108171
-0.108041
-0.107723
-0.107221
-0.106541
-0.105688
-0.104668
-0.103489
-0.102158
-0.100684
-0.0990739
-0.0973362
-0.0954776
-0.0935033
-0.0914161
-0.089215
-0.0868951
-0.0844456
-0.0818502
-0.0790863
-0.0761263
-0.0729405
-0.0695023
-0.0657974
-0.0618365
-0.0576713
-0.0534105
-0.0492294
-0.0453627
-0.0420747
-0.0396027
-0.0380889
-0.0375205
-0.0377338
-0.0385762
-0.0399503
-0.0255909
-0.0254883
-0.0254952
-0.0256174
-0.0258663
-0.0262626
-0.0268238
-0.0275633
-0.0284922
-0.0296202
-0.0309554
-0.032505
-0.0342745
-0.0362675
-0.0384842
-0.0409215
-0.0435714
-0.0464211
-0.0494525
-0.0526427
-0.0559642
-0.059386
-0.0628745
-0.0663947
-0.0699114
-0.0733905
-0.0767999
-0.0801105
-0.0832965
-0.0863361
-0.0892111
-0.0919073
-0.0944138
-0.0967226
-0.0988285
-0.100728
-0.10242
-0.103903
-0.105178
-0.106246
-0.107109
-0.107768
-0.108225
-0.108482
-0.108543
-0.108411
-0.108088
-0.10758
-0.106892
-0.10603
-0.104999
-0.103809
-0.102466
-0.100981
-0.0993613
-0.097617
-0.0957563
-0.093786
-0.0917109
-0.0895328
-0.0872489
-0.0848515
-0.0823267
-0.0796543
-0.0768079
-0.0737573
-0.0704727
-0.0669324
-0.0631352
-0.0591158
-0.0549629
-0.0508324
-0.0469476
-0.0435754
-0.0409738
-0.0393194
-0.0386352
-0.0387802
-0.0396098
-0.0410219
-0.0264981
-0.0263671
-0.0263516
-0.0264539
-0.0266828
-0.0270588
-0.0275992
-0.0283173
-0.0292238
-0.0303279
-0.0316375
-0.0331594
-0.0348988
-0.0368592
-0.0390409
-0.0414409
-0.0440516
-0.0468608
-0.0498511
-0.0530003
-0.0562817
-0.0596652
-0.0631178
-0.0666053
-0.0700931
-0.0735474
-0.0769364
-0.0802311
-0.0834057
-0.086438
-0.0893097
-0.0920059
-0.0945154
-0.0968295
-0.0989425
-0.10085
-0.102551
-0.104043
-0.105328
-0.106404
-0.107273
-0.107938
-0.108398
-0.108658
-0.108719
-0.108584
-0.108257
-0.107743
-0.107046
-0.106172
-0.10513
-0.103926
-0.10257
-0.10107
-0.0994381
-0.0976831
-0.0958151
-0.0938427
-0.0917727
-0.0896089
-0.0873513
-0.0849948
-0.0825283
-0.0799342
-0.077188
-0.0742602
-0.0711191
-0.0677381
-0.0641058
-0.0602422
-0.0562166
-0.0521645
-0.048294
-0.044869
-0.0421624
-0.0403818
-0.0395866
-0.0396624
-0.040476
-0.0419231
-0.0273312
-0.0271742
-0.027137
-0.0272187
-0.0274257
-0.0277782
-0.0282934
-0.0289844
-0.0298618
-0.0309346
-0.0322104
-0.0336958
-0.035396
-0.0373142
-0.0394511
-0.0418039
-0.0443658
-0.047125
-0.050065
-0.0531647
-0.0563983
-0.0597365
-0.0631474
-0.0665974
-0.0700524
-0.0734792
-0.0768462
-0.0801243
-0.0832875
-0.0863135
-0.0891833
-0.0918816
-0.0943964
-0.0967185
-0.0988413
-0.10076
-0.102473
-0.103977
-0.105272
-0.106358
-0.107237
-0.107908
-0.108374
-0.108636
-0.108698
-0.108561
-0.10823
-0.107709
-0.107002
-0.106118
-0.105062
-0.103843
-0.102471
-0.100955
-0.0993067
-0.0975372
-0.0956573
-0.0936772
-0.0916056
-0.0894483
-0.0872077
-0.0848815
-0.0824613
-0.0799323
-0.0772724
-0.0744534
-0.0714434
-0.0682122
-0.0647411
-0.061037
-0.0571514
-0.0531994
-0.0493711
-0.0459224
-0.0431353
-0.0412443
-0.0403447
-0.0403514
-0.0411468
-0.0426264
-0.0280888
-0.0279085
-0.0278506
-0.0279111
-0.0280944
-0.0284203
-0.0289059
-0.0295642
-0.0304058
-0.0314397
-0.0326734
-0.0341134
-0.0357649
-0.0376313
-0.0397136
-0.0420095
-0.0445128
-0.0472127
-0.0500937
-0.0531356
-0.0563138
-0.0596001
-0.0629635
-0.0663712
-0.0697899
-0.0731866
-0.0765298
-0.0797906
-0.0829427
-0.0859632
-0.0888326
-0.0915349
-0.0940572
-0.0963898
-0.098525
-0.100458
-0.102184
-0.103703
-0.105011
-0.10611
-0.106999
-0.10768
-0.108152
-0.108419
-0.108481
-0.108343
-0.108008
-0.107479
-0.106764
-0.105867
-0.104797
-0.103561
-0.102171
-0.100637
-0.0989698
-0.0971822
-0.0952863
-0.0932935
-0.0912141
-0.089056
-0.0868239
-0.0845178
-0.0821323
-0.0796552
-0.0770673
-0.0743423
-0.0714489
-0.0683552
-0.0650369
-0.0614903
-0.057751
-0.0539143
-0.0501507
-0.0467042
-0.0438601
-0.041875
-0.0408786
-0.0408175
-0.0415931
-0.0431033
-0.0287703
-0.0285696
-0.0284922
-0.0285314
-0.0286895
-0.0289858
-0.0294374
-0.0300574
-0.0308565
-0.0318437
-0.0330268
-0.0344123
-0.0360056
-0.0378105
-0.0398284
-0.0420576
-0.0444928
-0.0471242
-0.0499374
-0.0529135
-0.056029
-0.059257
-0.0625674
-0.0659283
-0.069307
-0.072671
-0.0759889
-0.0792316
-0.0823725
-0.0853882
-0.0882585
-0.0909666
-0.0934987
-0.0958442
-0.0979946
-0.0999438
-0.101687
-0.103223
-0.104547
-0.105661
-0.106563
-0.107253
-0.107734
-0.108006
-0.108071
-0.107932
-0.107593
-0.107058
-0.106332
-0.105422
-0.104337
-0.103084
-0.101675
-0.100119
-0.098431
-0.0966223
-0.0947063
-0.0926961
-0.0906033
-0.0884376
-0.0862057
-0.0839101
-0.0815479
-0.0791099
-0.0765795
-0.073933
-0.0711404
-0.0681693
-0.0649916
-0.0615955
-0.0580028
-0.0542901
-0.0506078
-0.0471849
-0.0443051
-0.0422419
-0.0411569
-0.0410299
-0.0417849
-0.0433247
-0.0293764
-0.0291584
-0.029063
-0.029081
-0.0292125
-0.0294766
-0.02989
-0.0304661
-0.0312157
-0.0321483
-0.033272
-0.0345937
-0.0361193
-0.0378528
-0.0397964
-0.0419492
-0.0443069
-0.0468607
-0.0495977
-0.0525001
-0.0555459
-0.0587092
-0.0619612
-0.0652709
-0.0686061
-0.0719347
-0.0752256
-0.0784493
-0.081579
-0.0845905
-0.0874629
-0.0901785
-0.0927225
-0.0950832
-0.0972513
-0.0992196
-0.100983
-0.102538
-0.103881
-0.105011
-0.105928
-0.106632
-0.107122
-0.1074
-0.107469
-0.10733
-0.106988
-0.106446
-0.10571
-0.104788
-0.103686
-0.102415
-0.100985
-0.099407
-0.0976949
-0.095862
-0.0939226
-0.0918906
-0.089779
-0.0875992
-0.0853598
-0.0830654
-0.0807157
-0.0783041
-0.0758167
-0.0732326
-0.0705238
-0.0676583
-0.0646059
-0.0613487
-0.0578969
-0.0543104
-0.0507198
-0.047337
-0.0444395
-0.042313
-0.0411476
-0.0409572
-0.0416913
-0.0432606
-0.0299087
-0.0296766
-0.029565
-0.0295621
-0.0296661
-0.0298953
-0.0302666
-0.0307931
-0.0314863
-0.0323563
-0.0334117
-0.0346601
-0.036108
-0.0377602
-0.0396196
-0.0416863
-0.0439571
-0.0464245
-0.0490769
-0.051898
-0.0548672
-0.0579598
-0.0611482
-0.0644022
-0.0676904
-0.0709811
-0.0742432
-0.0774471
-0.0805653
-0.0835731
-0.0864487
-0.0891733
-0.0917312
-0.0941094
-0.0962976
-0.0982877
-0.100073
-0.10165
-0.103015
-0.104165
-0.105099
-0.105817
-0.106319
-0.106605
-0.106679
-0.106541
-0.106197
-0.105649
-0.104904
-0.103968
-0.10285
-0.10156
-0.100107
-0.0985054
-0.0967675
-0.0949079
-0.0929417
-0.0908838
-0.0887484
-0.0865483
-0.0842939
-0.0819918
-0.0796438
-0.077246
-0.0747872
-0.0722491
-0.0696061
-0.0668275
-0.0638823
-0.0607482
-0.0574263
-0.0539619
-0.0504667
-0.0471347
-0.0442337
-0.0420563
-0.0408182
-0.0405667
-0.0412802
-0.0428797
-0.0303696
-0.030127
-0.0300011
-0.0299778
-0.0300536
-0.0302458
-0.0305708
-0.0310422
-0.031672
-0.0324712
-0.0334492
-0.0346146
-0.0359747
-0.0375354
-0.0393007
-0.0412716
-0.0434463
-0.0458187
-0.0483784
-0.0511109
-0.0539967
-0.0570128
-0.0601325
-0.0633266
-0.0665645
-0.0698147
-0.0730462
-0.0762292
-0.0793356
-0.08234
-0.0852197
-0.0879547
-0.0905283
-0.0929263
-0.0951371
-0.0971515
-0.0989624
-0.100564
-0.101952
-0.103125
-0.104079
-0.104813
-0.105329
-0.105626
-0.105706
-0.105571
-0.105225
-0.104672
-0.103918
-0.102969
-0.101835
-0.100525
-0.0990493
-0.097422
-0.0956565
-0.0937678
-0.0917717
-0.089684
-0.08752
-0.0852938
-0.0830171
-0.0806985
-0.0783417
-0.0759451
-0.0735002
-0.0709912
-0.0683952
-0.0656833
-0.0628246
-0.0597942
-0.0565862
-0.0532336
-0.0498309
-0.0465539
-0.0436584
-0.0414397
-0.0401349
-0.0398243
-0.0405176
-0.0421493
-0.0307623
-0.0305129
-0.0303749
-0.0303322
-0.0303792
-0.0305322
-0.0308072
-0.031218
-0.0317774
-0.0324973
-0.0333886
-0.034461
-0.0357232
-0.0371822
-0.0388432
-0.0407088
-0.0427782
-0.045047
-0.0475064
-0.050143
-0.0529393
-0.0558732
-0.0589194
-0.0620497
-0.065234
-0.0684413
-0.0716404
-0.0748014
-0.0778956
-0.0808969
-0.0837814
-0.0865281
-0.0891191
-0.0915388
-0.0937746
-0.095816
-0.0976546
-0.0992839
-0.100699
-0.101896
-0.102872
-0.103627
-0.104159
-0.104468
-0.104557
-0.104426
-0.10408
-0.103523
-0.10276
-0.1018
-0.100649
-0.0993186
-0.0978199
-0.0961661
-0.0943715
-0.0924516
-0.0904228
-0.0883016
-0.0861043
-0.0838461
-0.0815401
-0.0791961
-0.07682
-0.074412
-0.071966
-0.0694689
-0.0669002
-0.0642332
-0.061438
-0.0584884
-0.0553735
-0.0521162
-0.0487963
-0.0455717
-0.0426849
-0.0404305
-0.0390629
-0.0386941
-0.0393677
-0.0410343
-0.0310909
-0.0308384
-0.0306908
-0.0306298
-0.0306478
-0.0307598
-0.030981
-0.0313256
-0.0318074
-0.0324395
-0.0332345
-0.0342038
-0.0353576
-0.0367045
-0.0382513
-0.0400019
-0.0419572
-0.0441142
-0.0464657
-0.0489999
-0.0517006
-0.0545472
-0.0575156
-0.0605783
-0.063706
-0.0668679
-0.070033
-0.0731709
-0.0762525
-0.0792507
-0.0821407
-0.0849003
-0.0875102
-0.0899537
-0.0922166
-0.0942875
-0.0961566
-0.0978164
-0.099261
-0.100486
-0.101488
-0.102264
-0.102815
-0.103139
-0.103238
-0.103114
-0.10277
-0.102211
-0.101441
-0.100469
-0.0993025
-0.0979523
-0.0964301
-0.0947491
-0.0929241
-0.0909711
-0.088907
-0.0867489
-0.0845139
-0.082218
-0.0798754
-0.0774974
-0.0750911
-0.0726588
-0.0701964
-0.0676932
-0.065131
-0.0624856
-0.0597286
-0.0568335
-0.0537863
-0.0506021
-0.0473479
-0.0441659
-0.0412846
-0.0389949
-0.0375652
-0.0371376
-0.0377916
-0.0394969
-0.0313599
-0.0311084
-0.0309538
-0.0308757
-0.0308647
-0.0309338
-0.0310977
-0.0313706
-0.0317673
-0.032303
-0.0329919
-0.0338477
-0.0348825
-0.0361069
-0.0375293
-0.0391556
-0.0409881
-0.0430254
-0.045262
-0.0476876
-0.0502873
-0.053042
-0.0559285
-0.0589203
-0.0619887
-0.0651032
-0.0682327
-0.0713467
-0.0744153
-0.0774105
-0.0803065
-0.0830801
-0.0857103
-0.0881794
-0.0904717
-0.0925744
-0.0944767
-0.0961699
-0.097647
-0.0989026
-0.0999328
-0.100735
-0.101307
-0.101649
-0.101761
-0.101646
-0.101306
-0.100746
-0.099971
-0.0989887
-0.0978078
-0.0964385
-0.0948929
-0.0931845
-0.0913283
-0.0893407
-0.0872389
-0.0850406
-0.0827635
-0.0804242
-0.0780378
-0.0756167
-0.0731692
-0.0706992
-0.0682043
-0.065676
-0.0630985
-0.0604496
-0.057703
-0.0548329
-0.0518234
-0.048684
-0.0454716
-0.0423145
-0.0394278
-0.0370974
-0.0356023
-0.0351128
-0.0357465
-0.0374953
-0.0315743
-0.031328
-0.0311692
-0.0310757
-0.0310357
-0.0310603
-0.0311631
-0.0313586
-0.0316629
-0.0320931
-0.032666
-0.0333976
-0.0343026
-0.035394
-0.0366822
-0.0381749
-0.0398763
-0.0417867
-0.0439019
-0.0462133
-0.0487073
-0.0513659
-0.0541672
-0.0570853
-0.0600922
-0.0631575
-0.0662503
-0.0693394
-0.0723947
-0.0753871
-0.0782897
-0.0810781
-0.0837302
-0.0862265
-0.0885503
-0.0906873
-0.0926254
-0.0943548
-0.0958674
-0.0971569
-0.0982185
-0.0990488
-0.0996457
-0.100008
-0.100137
-0.100033
-0.0997002
-0.0991418
-0.0983638
-0.0973734
-0.0961794
-0.0947921
-0.0932239
-0.0914882
-0.0896004
-0.087577
-0.0854355
-0.0831939
-0.0808703
-0.0784818
-0.0760443
-0.0735706
-0.0710704
-0.0685485
-0.0660043
-0.0634307
-0.0608142
-0.0581349
-0.0553684
-0.0524901
-0.0494836
-0.0463548
-0.0431528
-0.0399945
-0.0370834
-0.0346999
-0.033131
-0.0325732
-0.0331848
-0.0349827
-0.0317396
-0.031503
-0.0313431
-0.0312358
-0.0311671
-0.0311454
-0.0311832
-0.0312953
-0.0314995
-0.0318149
-0.0322615
-0.0328582
-0.0336228
-0.0345707
-0.0357149
-0.0370652
-0.0386277
-0.0404043
-0.0423925
-0.0445848
-0.0469691
-0.0495285
-0.0522418
-0.0550842
-0.0580279
-0.0610429
-0.064098
-0.0671619
-0.0702036
-0.0731934
-0.0761034
-0.0789076
-0.0815827
-0.0841081
-0.0864653
-0.0886389
-0.0906154
-0.0923838
-0.0939349
-0.0952614
-0.0963577
-0.0972198
-0.0978448
-0.0982314
-0.0983796
-0.0982907
-0.0979674
-0.0974136
-0.0966351
-0.095639
-0.0944339
-0.0930305
-0.0914407
-0.0896785
-0.087759
-0.085699
-0.083516
-0.0812282
-0.0788538
-0.0764104
-0.0739139
-0.071378
-0.0688127
-0.066224
-0.0636121
-0.0609717
-0.0582909
-0.0555516
-0.0527317
-0.0498082
-0.046765
-0.0436062
-0.0403755
-0.0371812
-0.0342176
-0.0317603
-0.0301031
-0.0294667
-0.0300523
-0.0319057
-0.0318616
-0.0316396
-0.0314819
-0.0313627
-0.0312652
-0.0311953
-0.031164
-0.0311865
-0.0312823
-0.0314734
-0.0317832
-0.0322341
-0.0328474
-0.0336416
-0.0346325
-0.0358321
-0.0372485
-0.0388854
-0.0407415
-0.0428109
-0.0450825
-0.0475404
-0.0501641
-0.0529295
-0.0558091
-0.0587731
-0.0617903
-0.0648289
-0.0678573
-0.0708449
-0.0737628
-0.0765838
-0.0792834
-0.0818393
-0.084232
-0.0864443
-0.0884618
-0.0902719
-0.0918645
-0.0932313
-0.0943658
-0.095263
-0.0959197
-0.0963339
-0.0965052
-0.0964347
-0.0961247
-0.0955789
-0.094803
-0.093804
-0.0925906
-0.0911731
-0.0895637
-0.087776
-0.0858253
-0.0837283
-0.0815023
-0.0791655
-0.0767362
-0.0742318
-0.0716683
-0.0690596
-0.0664162
-0.0637443
-0.0610452
-0.0583144
-0.0555413
-0.0527099
-0.0497996
-0.0467895
-0.0436645
-0.0404283
-0.0371216
-0.0338471
-0.0307928
-0.0282315
-0.026464
-0.0257334
-0.0262867
-0.0282026
-0.0319464
-0.0317444
-0.0315926
-0.0314632
-0.031337
-0.0312164
-0.0311113
-0.0310373
-0.031016
-0.0310729
-0.031235
-0.0315292
-0.0319805
-0.0326112
-0.0334399
-0.0344812
-0.0357452
-0.0372374
-0.0389577
-0.0409015
-0.0430585
-0.0454136
-0.0479471
-0.0506352
-0.0534507
-0.056364
-0.0593436
-0.0623573
-0.0653729
-0.0683591
-0.0712858
-0.0741247
-0.07685
-0.0794381
-0.0818681
-0.0841214
-0.0861822
-0.0880368
-0.0896739
-0.0910842
-0.0922602
-0.0931962
-0.0938882
-0.0943339
-0.0945323
-0.0944839
-0.0941908
-0.0936571
-0.0928875
-0.0918891
-0.0906705
-0.0892418
-0.087615
-0.0858036
-0.0838227
-0.0816885
-0.0794183
-0.07703
-0.0745415
-0.0719698
-0.0693308
-0.0666382
-0.0639024
-0.0611297
-0.0583218
-0.0554747
-0.0525789
-0.0496195
-0.0465778
-0.0434345
-0.0401765
-0.0368081
-0.0333693
-0.02996
-0.0267655
-0.0240595
-0.0221507
-0.0213041
-0.0218152
-0.023801
-0.0320003
-0.0318246
-0.0316828
-0.0315449
-0.0313894
-0.0312152
-0.0310307
-0.0308525
-0.0307047
-0.0306168
-0.0306203
-0.0307468
-0.0310258
-0.0314836
-0.032142
-0.0330183
-0.0341249
-0.0354684
-0.0370506
-0.0388672
-0.0409091
-0.0431615
-0.0456053
-0.048217
-0.0509695
-0.0538331
-0.0567762
-0.0597662
-0.0627702
-0.065756
-0.0686926
-0.0715507
-0.0743031
-0.076925
-0.079394
-0.0816904
-0.0837968
-0.0856986
-0.0873831
-0.0888401
-0.090061
-0.0910395
-0.0917708
-0.0922519
-0.0924814
-0.0924595
-0.0921879
-0.0916701
-0.090911
-0.0899171
-0.0886969
-0.0872603
-0.085619
-0.0837861
-0.0817763
-0.0796053
-0.0772901
-0.0748477
-0.0722955
-0.0696501
-0.0669266
-0.064138
-0.0612943
-0.0584016
-0.0554612
-0.0524693
-0.0494168
-0.0462896
-0.0430703
-0.0397416
-0.0362923
-0.0327286
-0.0290915
-0.0254815
-0.022085
-0.019181
-0.0170894
-0.0160974
-0.016552
-0.0186154
-0.0320303
-0.0318883
-0.0317608
-0.0316162
-0.0314301
-0.0311981
-0.0309275
-0.0306361
-0.0303515
-0.0301076
-0.0299412
-0.0298893
-0.0299862
-0.0302624
-0.0307435
-0.0314496
-0.0323948
-0.0335875
-0.0350304
-0.03672
-0.0386477
-0.040799
-0.0431551
-0.0456925
-0.0483842
-0.0512002
-0.0541088
-0.0570768
-0.0600708
-0.0630578
-0.0660058
-0.0688845
-0.0716655
-0.0743228
-0.0768326
-0.079174
-0.0813285
-0.0832799
-0.0850147
-0.0865214
-0.0877907
-0.0888153
-0.0895898
-0.0901105
-0.0903755
-0.0903845
-0.0901389
-0.0896417
-0.0888974
-0.0879125
-0.086695
-0.0852543
-0.0836017
-0.0817499
-0.0797129
-0.0775058
-0.0751447
-0.0726459
-0.0700256
-0.0672995
-0.0644816
-0.0615841
-0.0586157
-0.0555817
-0.0524828
-0.0493145
-0.0460675
-0.042728
-0.0392794
-0.035706
-0.0319989
-0.0281671
-0.0242546
-0.0203652
-0.0166906
-0.013521
-0.0111929
-0.0100167
-0.0103948
-0.0125439
-0.032044
-0.0319445
-0.0318364
-0.0316861
-0.0314671
-0.0311717
-0.0308065
-0.0303916
-0.0299586
-0.0295469
-0.0291992
-0.0289582
-0.0288639
-0.0289512
-0.0292494
-0.0297812
-0.030563
-0.0316043
-0.0329087
-0.0344732
-0.0362892
-0.0383426
-0.0406144
-0.043081
-0.0457152
-0.0484869
-0.0513638
-0.0543124
-0.0572987
-0.0602889
-0.0632502
-0.0661512
-0.0689625
-0.0716568
-0.0742092
-0.0765976
-0.0788021
-0.0808056
-0.0825933
-0.0841528
-0.0854738
-0.0865481
-0.0873697
-0.0879342
-0.0882391
-0.0882836
-0.0880687
-0.0875969
-0.0868725
-0.0859013
-0.0846909
-0.0832503
-0.0815901
-0.0797223
-0.0776601
-0.0754177
-0.0730101
-0.0704522
-0.0677592
-0.064945
-0.0620224
-0.0590018
-0.0558905
-0.0526921
-0.0494058
-0.0460261
-0.0425425
-0.0389407
-0.0352044
-0.0313191
-0.0272783
-0.0230944
-0.0188165
-0.0145542
-0.0105094
-0.00698997
-0.00435625
-0.00294602
-0.00322089
-0.00546407
-0.0320498
-0.0320041
-0.031921
-0.0317654
-0.0315094
-0.0311428
-0.0306724
-0.0301216
-0.0295272
-0.0289349
-0.0283943
-0.0279544
-0.0276607
-0.0275531
-0.0276644
-0.0280202
-0.0286383
-0.0295298
-0.0306983
-0.0321414
-0.0338502
-0.0358105
-0.0380029
-0.0404036
-0.042985
-0.0457166
-0.0485658
-0.0514985
-0.0544801
-0.0574761
-0.0604528
-0.0633781
-0.0662214
-0.0689544
-0.0715512
-0.0739884
-0.076245
-0.0783028
-0.0801459
-0.081761
-0.0831368
-0.0842644
-0.0851369
-0.0857493
-0.0860985
-0.0861832
-0.0860037
-0.0855623
-0.0848627
-0.08391
-0.0827114
-0.0812753
-0.0796113
-0.0777306
-0.0756453
-0.0733685
-0.0709135
-0.068294
-0.0655232
-0.0626132
-0.0595746
-0.0564157
-0.0531416
-0.0497535
-0.0462484
-0.0426185
-0.0388515
-0.0349316
-0.0308418
-0.0265681
-0.0221065
-0.0174738
-0.012725
-0.00797946
-0.00345332
0.000520408
0.00354705
0.00525494
0.00511873
0.00277268
-0.0320573
-0.0320812
-0.0320288
-0.0318671
-0.0315676
-0.0311189
-0.0305296
-0.0298279
-0.0290574
-0.0282711
-0.0275259
-0.0268778
-0.0263781
-0.0260714
-0.0259941
-0.0261741
-0.026631
-0.0273762
-0.0284138
-0.0297412
-0.0313491
-0.0332228
-0.0353424
-0.0376835
-0.040218
-0.042915
-0.0457413
-0.0486622
-0.0516427
-0.0546475
-0.0576424
-0.0605941
-0.0634714
-0.066245
-0.0688878
-0.0713754
-0.073686
-0.0758001
-0.0777009
-0.0793741
-0.0808076
-0.0819917
-0.0829187
-0.0835829
-0.0839806
-0.08411
-0.0839708
-0.0835645
-0.0828945
-0.0819653
-0.0807831
-0.0793556
-0.0776916
-0.0758009
-0.0736946
-0.0713839
-0.0688808
-0.0661966
-0.0633426
-0.0603283
-0.0571618
-0.0538484
-0.0503901
-0.0467851
-0.0430269
-0.0391044
-0.0350022
-0.0307018
-0.0261844
-0.0214358
-0.0164538
-0.0112601
-0.00591763
-0.000557237
0.00458411
0.00914082
0.0126711
0.014758
0.0148064
0.0123482
-0.0320816
-0.0321932
-0.0321786
-0.0320068
-0.031654
-0.0311084
-0.0303825
-0.029512
-0.0285486
-0.0275539
-0.0265928
-0.0257284
-0.0250179
-0.0245102
-0.024245
-0.0242523
-0.0245525
-0.0251577
-0.0260717
-0.0272913
-0.0288065
-0.0306019
-0.0326567
-0.0349458
-0.0374405
-0.0401093
-0.0429183
-0.0458325
-0.048816
-0.0518333
-0.0548491
-0.0578298
-0.0607431
-0.0635589
-0.0662494
-0.0687891
-0.0711552
-0.0733273
-0.0752878
-0.0770213
-0.0785151
-0.0797584
-0.0807431
-0.0814626
-0.0819127
-0.0820908
-0.0819961
-0.0816295
-0.0809936
-0.0800922
-0.0789307
-0.0775157
-0.075855
-0.073957
-0.0718311
-0.069487
-0.0669343
-0.0641822
-0.061239
-0.0581115
-0.0548043
-0.0513191
-0.0476541
-0.0438029
-0.0397548
-0.0354938
-0.0309998
-0.02625
-0.0212224
-0.0159011
-0.0102849
-0.00440059
0.00167877
0.00781186
0.0137298
0.0190287
0.023204
0.0257756
0.0260681
0.023489
-0.032141
-0.0323654
-0.0323952
-0.0322066
-0.0317846
-0.0311213
-0.0302366
-0.0291756
-0.0280003
-0.0267819
-0.0255941
-0.0245068
-0.0235827
-0.0228748
-0.0224253
-0.0222657
-0.022417
-0.022891
-0.023691
-0.0248127
-0.0262454
-0.0279723
-0.0299717
-0.0322177
-0.0346807
-0.0373285
-0.0401267
-0.0430396
-0.046031
-0.0490645
-0.0521045
-0.0551167
-0.0580681
-0.0609279
-0.0636674
-0.0662604
-0.0686833
-0.0709148
-0.0729363
-0.0747319
-0.0762878
-0.0775927
-0.0786375
-0.0794152
-0.0799208
-0.080151
-0.0801043
-0.0797811
-0.079183
-0.0783131
-0.0771758
-0.0757765
-0.0741217
-0.0722183
-0.0700738
-0.0676959
-0.0650917
-0.0622677
-0.059229
-0.0559788
-0.0525177
-0.0488429
-0.0449474
-0.0408195
-0.0364424
-0.0317937
-0.0268469
-0.0215728
-0.0159437
-0.00994018
-0.0035607
0.00316388
0.0101507
0.0172365
0.0241312
0.030372
0.0353757
0.0385729
0.0391887
0.0364836
-0.032264
-0.0326344
-0.0327144
-0.0324954
-0.0319806
-0.0311712
-0.0300987
-0.0288211
-0.0274127
-0.0259544
-0.0245298
-0.0232149
-0.0220771
-0.0211728
-0.0205458
-0.0202282
-0.0202411
-0.0205954
-0.0212933
-0.0223293
-0.0236911
-0.0253608
-0.0273155
-0.0295282
-0.0319685
-0.0346032
-0.0373975
-0.040315
-0.0433191
-0.0463729
-0.0494404
-0.0524866
-0.055478
-0.0583833
-0.061173
-0.0638202
-0.0663006
-0.0685922
-0.0706756
-0.0725341
-0.0741533
-0.075521
-0.0766276
-0.0774653
-0.0780284
-0.0783129
-0.0783168
-0.0780395
-0.0774819
-0.076646
-0.0755352
-0.0741536
-0.0725062
-0.0705983
-0.0684354
-0.0660225
-0.0633643
-0.060464
-0.057323
-0.0539403
-0.0503118
-0.046429
-0.042279
-0.0378431
-0.0330967
-0.0280092
-0.022545
-0.0166662
-0.0103367
-0.00353037
0.00375719
0.0114926
0.0195825
0.0278426
0.0359557
0.0433907
0.0494651
0.0534827
0.0545324
0.0517114
-0.0324955
-0.0330554
-0.0331876
-0.0329139
-0.0322709
-0.0312767
-0.0299795
-0.0284537
-0.0267877
-0.0250739
-0.0234031
-0.0218578
-0.0205093
-0.0194154
-0.018621
-0.0181576
-0.0180454
-0.018294
-0.0189038
-0.0198678
-0.021172
-0.022797
-0.0247185
-0.0269083
-0.0293351
-0.031965
-0.0347625
-0.0376907
-0.0407124
-0.0437905
-0.0468885
-0.0499709
-0.053004
-0.0559556
-0.0587961
-0.0614977
-0.0640356
-0.0663871
-0.0685322
-0.0704535
-0.0721359
-0.0735666
-0.0747352
-0.0756333
-0.0762546
-0.0765943
-0.0766497
-0.0764193
-0.0759031
-0.0751023
-0.0740189
-0.0726557
-0.0710161
-0.0691035
-0.066921
-0.0644713
-0.0617559
-0.0587743
-0.055524
-0.0519991
-0.0481897
-0.0440811
-0.0396529
-0.0348778
-0.0297218
-0.0241436
-0.018096
-0.0115289
-0.00439418
0.00334478
0.0116997
0.0206383
0.030059
0.0397578
0.0493767
0.0583322
0.0658044
0.0709216
0.0725726
0.0696872
-0.0329092
-0.033714
-0.0338915
-0.033521
-0.0326967
-0.0314645
-0.0298954
-0.0280838
-0.0261329
-0.0241463
-0.0222218
-0.020446
-0.0188923
-0.0176191
-0.0166702
-0.016076
-0.0158546
-0.0160135
-0.0165511
-0.0174582
-0.0187189
-0.0203122
-0.0222124
-0.02439
-0.0268127
-0.0294459
-0.0322534
-0.035198
-0.0382419
-0.0413478
-0.0444787
-0.047599
-0.0506745
-0.0536728
-0.0565636
-0.0593188
-0.061913
-0.0643231
-0.0665284
-0.0685109
-0.0702549
-0.0717471
-0.0729764
-0.0739337
-0.0746119
-0.0750059
-0.0751119
-0.0749277
-0.0744523
-0.0736858
-0.072629
-0.0712834
-0.0696505
-0.0677317
-0.0655278
-0.0630386
-0.0602622
-0.0571945
-0.053828
-0.0501515
-0.0461488
-0.0417976
-0.0370689
-0.0319253
-0.0263212
-0.0202022
-0.0135063
-0.00616745
0.0018791
0.0106861
0.0202786
0.0306319
0.0416419
0.0530877
0.0645746
0.0754574
0.0847771
0.0914046
0.0939303
0.0911314
-0.0336297
-0.034746
-0.0349415
-0.034402
-0.0333172
-0.0317742
-0.0298731
-0.0277301
-0.0254635
-0.0231863
-0.0210012
-0.0189969
-0.0172465
-0.0158068
-0.0147194
-0.0140115
-0.0136986
-0.0137853
-0.0142673
-0.0151332
-0.0163649
-0.0179396
-0.01983
-0.0220056
-0.024433
-0.0270769
-0.0299006
-0.0328662
-0.035936
-0.039072
-0.0422374
-0.0453961
-0.0485137
-0.0515575
-0.0544969
-0.0573036
-0.0599515
-0.0624172
-0.0646795
-0.06672
-0.0685223
-0.0700726
-0.0713592
-0.0723724
-0.0731047
-0.0735499
-0.0737037
-0.073563
-0.073126
-0.0723915
-0.0713592
-0.0700288
-0.0684003
-0.066473
-0.064245
-0.0617133
-0.0588723
-0.0557136
-0.0522249
-0.0483888
-0.044182
-0.039574
-0.0345257
-0.0289881
-0.0229019
-0.016197
-0.00879345
-0.000604641
0.00845622
0.0184651
0.0294692
0.0414617
0.054347
0.0678974
0.0816908
0.0950163
0.106804
0.115559
0.119434
0.117078
-0.0348732
-0.0363696
-0.0365125
-0.035681
-0.0342173
-0.0322641
-0.0299537
-0.0274241
-0.0248063
-0.0222193
-0.0197674
-0.0175382
-0.0156015
-0.01401
-0.0128011
-0.0119981
-0.0116121
-0.0116443
-0.0120875
-0.0129273
-0.0141437
-0.0157118
-0.017603
-0.0197855
-0.022225
-0.0248855
-0.0277298
-0.0307199
-0.0338174
-0.0369846
-0.0401843
-0.0433802
-0.0465379
-0.0496244
-0.0526091
-0.0554632
-0.0581605
-0.060677
-0.0629914
-0.0650846
-0.06694
-0.0685432
-0.069882
-0.0709462
-0.0717276
-0.0722194
-0.0724166
-0.0723154
-0.0719127
-0.0712066
-0.0701953
-0.0688772
-0.0672501
-0.0653114
-0.0630566
-0.0604794
-0.0575708
-0.0543176
-0.0507021
-0.0467008
-0.0422824
-0.0374074
-0.0320255
-0.026075
-0.019481
-0.012155
-0.0039957
0.00510835
0.0152725
0.0266044
0.0391851
0.0530408
0.0681031
0.0841579
0.100777
0.117212
0.132281
0.144125
0.150207
0.149039
-0.037026
-0.0389405
-0.0388671
-0.0375336
-0.0355137
-0.0330138
-0.0301948
-0.0272112
-0.0242006
-0.0212822
-0.018557
-0.0161068
-0.0139947
-0.0122669
-0.0109542
-0.010074
-0.00963267
-0.00962719
-0.0100467
-0.0108741
-0.012087
-0.0136586
-0.0155588
-0.0177548
-0.0202115
-0.0228924
-0.0257596
-0.0287751
-0.0319003
-0.0350973
-0.038329
-0.041559
-0.0447528
-0.0478775
-0.0509021
-0.0537979
-0.0565383
-0.0590993
-0.0614591
-0.0635984
-0.0655002
-0.0671496
-0.068534
-0.0696429
-0.0704673
-0.071
-0.0712352
-0.0711683
-0.0707955
-0.0701135
-0.0691195
-0.0678102
-0.0661818
-0.0642291
-0.0619453
-0.0593211
-0.0563432
-0.0529941
-0.0492504
-0.0450818
-0.0404493
-0.0353034
-0.0295823
-0.0232102
-0.0160955
-0.00812928
0.000814075
0.0108754
0.022205
0.0349521
0.0492458
0.0651658
0.0826982
0.101678
0.12171
0.142059
0.161482
0.17788
0.187699
0.189162
-0.0408043
-0.0430408
-0.0423814
-0.0401853
-0.0373444
-0.0341111
-0.0306558
-0.0271357
-0.0236836
-0.02041
-0.0174046
-0.0147378
-0.012462
-0.0106131
-0.0092135
-0.0082733
-0.0077929
-0.00776442
-0.00817324
-0.00899915
-0.0102174
-0.0117997
-0.0137143
-0.0159276
-0.0184038
-0.0211057
-0.0239955
-0.0270348
-0.0301851
-0.0334085
-0.0366677
-0.0399268
-0.043151
-0.0463075
-0.0493654
-0.0522958
-0.0550721
-0.05767
-0.0600677
-0.0622455
-0.0641862
-0.0658747
-0.0672978
-0.0684447
-0.0693059
-0.0698736
-0.0701415
-0.0701041
-0.0697568
-0.0690953
-0.0681155
-0.0668127
-0.0651812
-0.0632138
-0.0609002
-0.0582292
-0.0551835
-0.0517405
-0.0478715
-0.0435395
-0.0386975
-0.0332861
-0.027232
-0.0204448
-0.0128155
-0.00421402
0.00551178
0.0165355
0.0290485
0.0432515
0.059338
0.0774663
0.097715
0.12002
0.144086
0.169271
0.19443
0.217348
0.233477
0.240154
-0.0475901
-0.0496123
-0.0475272
-0.0438502
-0.0397992
-0.0355807
-0.0313284
-0.0271762
-0.0232326
-0.0195837
-0.0162977
-0.0134256
-0.0110031
-0.00905299
-0.00758628
-0.00660461
-0.00610158
-0.00606414
-0.00647374
-0.00730724
-0.00853775
-0.0101352
-0.0120671
-0.0142988
-0.0167941
-0.0195157
-0.0224254
-0.0254849
-0.0286559
-0.0319006
-0.0351817
-0.0384636
-0.0417117
-0.0448932
-0.0479772
-0.050935
-0.0537399
-0.0563676
-0.0587961
-0.0610056
-0.0629786
-0.0646997
-0.0661557
-0.067335
-0.0682279
-0.0688261
-0.0691227
-0.0691114
-0.0687868
-0.0681438
-0.0671768
-0.06588
-0.0642461
-0.0622668
-0.0599252
-0.0572111
-0.0541027
-0.050573
-0.0465881
-0.0421045
-0.0370676
-0.0314089
-0.0250437
-0.0178683
-0.00975658
-0.00055754
0.00990752
0.0218464
0.0354956
0.0511157
0.0689811
0.0893582
0.112467
0.138421
0.167127
0.19817
0.230694
0.262601
0.288806
0.305145
-0.0602024
-0.0601223
-0.054758
-0.0485751
-0.0427502
-0.0372153
-0.0319825
-0.0271127
-0.0226543
-0.0186423
-0.0151077
-0.0120695
-0.00954091
-0.0075272
-0.00602679
-0.00503189
-0.00452935
-0.00450125
-0.00492562
-0.00577695
-0.00702671
-0.00864384
-0.0105951
-0.0128455
-0.0153588
-0.0180975
-0.0210239
-0.0240996
-0.0272867
-0.0305475
-0.0338453
-0.0371444
-0.0404106
-0.0436114
-0.0467159
-0.0496955
-0.0525235
-0.0551757
-0.05763
-0.0598664
-0.0618673
-0.063617
-0.065102
-0.0663106
-0.0672324
-0.0678589
-0.0681824
-0.0681961
-0.0678938
-0.0672695
-0.0663167
-0.065028
-0.0633939
-0.0614027
-0.0590454
-0.0562976
-0.0531372
-0.0495346
-0.0454511
-0.0408378
-0.0356333
-0.0297613
-0.0231273
-0.0156156
-0.00708556
0.00263263
0.0137419
0.0264823
0.0411347
0.0580232
0.0775142
0.10001
0.125931
0.155674
0.189529
0.227549
0.269405
0.313547
0.355012
0.390119
-0.0851536
-0.0763577
-0.0639999
-0.0537425
-0.0453594
-0.038156
-0.0318508
-0.0263085
-0.0214405
-0.0171911
-0.0135286
-0.0104334
-0.00789168
-0.00589109
-0.00441856
-0.00345892
-0.00299431
-0.00300398
-0.00346427
-0.00434878
-0.00562862
-0.00727269
-0.00924793
-0.0115197
-0.014052
-0.016808
-0.0197503
-0.022841
-0.0260426
-0.0293179
-0.0326305
-0.0359451
-0.0392278
-0.0424462
-0.0455696
-0.0485696
-0.0514196
-0.0540952
-0.0565743
-0.0588369
-0.0608651
-0.0626432
-0.0641573
-0.0653952
-0.0663465
-0.0670021
-0.0673539
-0.0673945
-0.0671169
-0.0665142
-0.0655792
-0.0643045
-0.0626777
-0.0606887
-0.0583212
-0.0555529
-0.0523584
-0.0487051
-0.0445507
-0.0398423
-0.0345134
-0.0284816
-0.0216454
-0.0138802
-0.00503418
0.00507649
0.0166734
0.0300223
0.0454411
0.0633098
0.0840823
0.108304
0.136633
0.169862
0.208921
0.25483
0.308487
0.369916
0.436624
0.511542
-0.140954
-0.0972505
-0.0699845
-0.0543763
-0.0435672
-0.0352098
-0.0285055
-0.0229586
-0.0182473
-0.0142073
-0.0107629
-0.0078754
-0.00552176
-0.00368651
-0.00235682
-0.00151941
-0.00115884
-0.00125686
-0.00179222
-0.00274073
-0.00407543
-0.0057669
-0.00778357
-0.010092
-0.0126575
-0.0154439
-0.0184147
-0.0215329
-0.0247613
-0.0280633
-0.031403
-0.0347454
-0.0380567
-0.0413049
-0.0444593
-0.0474915
-0.050375
-0.0530854
-0.0556003
-0.0578996
-0.0599654
-0.0617816
-0.0633342
-0.0646107
-0.0656003
-0.0662937
-0.0666824
-0.0667589
-0.0665157
-0.0659449
-0.0650369
-0.0637866
-0.0621831
-0.0602109
-0.057853
-0.0550878
-0.0518881
-0.0482193
-0.0440375
-0.0392873
-0.0338999
-0.0277898
-0.0208516
-0.0129564
-0.0039468
0.00636829
0.0182202
0.031889
0.0477139
0.0661094
0.087588
0.112799
0.142593
0.178143
0.221139
0.274154
0.341009
0.427338
0.540856
0.694142
-0.274238
-0.113229
-0.0550904
-0.0387092
-0.0300572
-0.0234552
-0.0185132
-0.0146334
-0.0113118
-0.00836313
-0.00576582
-0.00353728
-0.00169798
-0.000266029
0.000745116
0.00132848
0.00148407
0.00121846
0.000544012
-0.000521871
-0.00195746
-0.00373736
-0.00583311
-0.00821376
-0.0108464
-0.0136964
-0.0167285
-0.0199064
-0.0231938
-0.0265546
-0.029953
-0.0333545
-0.0367254
-0.0400336
-0.0432486
-0.0463419
-0.0492868
-0.0520586
-0.054635
-0.0569957
-0.0591224
-0.0609988
-0.0626108
-0.0639457
-0.0649925
-0.0657415
-0.0661841
-0.0663124
-0.0661191
-0.0655979
-0.0647421
-0.063536
-0.0619728
-0.0600394
-0.0577185
-0.0549881
-0.0518209
-0.0481822
-0.044028
-0.0393033
-0.0339393
-0.0278509
-0.0209332
-0.0130577
-0.00406756
0.00622772
0.0180593
0.0317077
0.0475147
0.0659013
0.0873947
0.112677
0.142667
0.1787
0.222874
0.278988
0.354438
0.465803
0.642336
0.923996
)
;

boundaryField
{
    movingWall
    {
        type            zeroGradient;
    }
    fixedWalls
    {
        type            zeroGradient;
    }
    frontAndBack
    {
        type            empty;
    }
}


// ************************************************************************* //
