/*--------------------------------*- C++ -*----------------------------------*\
  =========                 |
  \\      /  F ield         | OpenFOAM: The Open Source CFD Toolbox
   \\    /   O peration     | Website:  https://openfoam.org
    \\  /    A nd           | Version:  7
     \\/     M anipulation  |
\*---------------------------------------------------------------------------*/
FoamFile
{
    version     2.0;
    format      ascii;
    class       volScalarField;
    location    "0.225";
    object      p;
}
// * * * * * * * * * * * * * * * * * * * * * * * * * * * * * * * * * * * * * //

dimensions      [0 2 -2 0 0 0 0];

internalField   nonuniform List<scalar> 
6400
(
-2.28558e-09
-1.7687e-05
-7.81619e-05
-0.000171659
-0.000285299
-0.000410495
-0.00053996
-0.000667689
-0.000788787
-0.00089937
-0.000996445
-0.00107777
-0.00114169
-0.00118699
-0.0012128
-0.00121852
-0.00120379
-0.00116846
-0.0011125
-0.001036
-0.000939145
-0.000822167
-0.000685358
-0.00052905
-0.000353626
-0.000159519
5.28072e-05
0.00028285
0.000530057
0.000793822
0.00107349
0.00136834
0.00167757
0.00200029
0.0023355
0.00268215
0.00303908
0.00340503
0.00377862
0.00415833
0.00454259
0.00492969
0.00531786
0.00570523
0.00608987
0.00646973
0.00684273
0.00720675
0.00755969
0.00789942
0.00822391
0.00853112
0.00881913
0.00908611
0.00933038
0.00955041
0.00974488
0.00991271
0.010053
0.0101653
0.0102493
0.0103049
0.0103326
0.0103331
0.0103074
0.010257
0.0101836
0.0100895
0.00997739
0.00985023
0.00971154
0.00956535
0.00941618
0.00926916
0.0091302
0.00900579
0.0089031
0.00882977
0.00879374
0.00879489
2.58341e-06
-1.43812e-05
-6.50654e-05
-0.000141642
-0.000234918
-0.000338108
-0.0004454
-0.00055178
-0.000653033
-0.000745656
-0.000826823
-0.000894321
-0.00094644
-0.000981895
-0.00099974
-0.000999287
-0.000980069
-0.000941813
-0.00088439
-0.000807782
-0.000712084
-0.00059747
-0.000464157
-0.000312411
-0.000142567
4.49851e-05
0.000249818
0.00047146
0.000709382
0.000962999
0.00123167
0.0015147
0.00181131
0.00212061
0.00244166
0.00277341
0.00311476
0.00346447
0.00382121
0.00418355
0.00454995
0.00491882
0.00528846
0.00565712
0.00602296
0.00638407
0.0067385
0.00708426
0.0074194
0.00774198
0.00805008
0.00834187
0.00861556
0.0088695
0.00910215
0.00931214
0.0094983
0.00965967
0.00979553
0.00990542
0.00998914
0.0100468
0.0100788
0.0100858
0.010069
0.0100298
0.00996976
0.00989118
0.0097965
0.00968859
0.00957071
0.00944654
0.00932016
0.0091961
0.00907934
0.00897522
0.00888918
0.00882674
0.00879469
0.00879598
4.16148e-05
1.95552e-05
-2.84534e-05
-9.68991e-05
-0.000178975
-0.000269145
-0.000362515
-0.000454839
-0.00054249
-0.000622404
-0.000692022
-0.000749261
-0.000792466
-0.000820358
-0.000831978
-0.00082662
-0.000803773
-0.0007631
-0.000704412
-0.000627636
-0.000532802
-0.000420026
-0.000289475
-0.000141374
2.39792e-05
0.000206229
0.000404984
0.000619804
0.00085019
0.00109558
0.00135535
0.00162883
0.00191524
0.00221375
0.00252344
0.00284329
0.00317221
0.00350903
0.00385246
0.0042011
0.0045535
0.00490812
0.00526334
0.00561749
0.00596881
0.00631548
0.00665565
0.00698745
0.00730903
0.00761855
0.00791424
0.00819435
0.00845723
0.00870133
0.00892522
0.00912765
0.00930753
0.00946401
0.00959644
0.00970444
0.00978786
0.00984685
0.00988184
0.00989357
0.00988308
0.00985174
0.00980124
0.00973361
0.00965121
0.00955674
0.00945321
0.00934399
0.00923276
0.00912353
0.00902059
0.00892842
0.00885144
0.00879409
0.00876235
0.00876023
0.000116351
8.09622e-05
2.81623e-05
-3.90777e-05
-0.000116742
-0.000200314
-0.000285677
-0.00036923
-0.000447862
-0.000518929
-0.000580192
-0.000629781
-0.000666181
-0.000688194
-0.000694894
-0.000685585
-0.000659759
-0.000617069
-0.000557301
-0.000480351
-0.000386212
-0.000274958
-0.000146718
-1.68181e-06
0.000159879
0.000337636
0.00053123
0.000740258
0.000964251
0.00120267
0.00145491
0.00172031
0.00199815
0.00228762
0.00258781
0.00289776
0.0032164
0.0035426
0.0038751
0.00421257
0.0045536
0.0048967
0.00524033
0.00558287
0.00592262
0.00625785
0.00658677
0.00690761
0.00721857
0.00751793
0.00780397
0.00807503
0.00832955
0.00856606
0.0087832
0.00897978
0.0091548
0.00930746
0.00943717
0.00954357
0.00962659
0.00968638
0.00972338
0.00973834
0.00973226
0.00970648
0.00966262
0.00960261
0.00952869
0.00944336
0.00934945
0.00925001
0.00914838
0.0090481
0.0089529
0.00886663
0.00879304
0.00873591
0.00869978
0.0086878
0.000217024
0.000162252
9.95627e-05
2.90589e-05
-4.83066e-05
-0.000129013
-0.000209698
-0.000287447
-0.000359674
-0.00042412
-0.000478867
-0.000522307
-0.000553109
-0.000570193
-0.000572712
-0.000560014
-0.000531609
-0.000487164
-0.000426465
-0.000349392
-0.000255915
-0.000146078
-1.99843e-05
0.000122201
0.000280236
0.000453822
0.000642634
0.000846301
0.00106438
0.00129635
0.00154164
0.00179962
0.00206961
0.00235081
0.00264237
0.00294334
0.0032527
0.00356934
0.00389207
0.00421959
0.00455054
0.00488349
0.00521695
0.00554935
0.00587905
0.00620438
0.00652362
0.00683504
0.00713695
0.00742765
0.0077055
0.00796891
0.00821638
0.00844647
0.00865791
0.00884956
0.00902046
0.00916984
0.00929716
0.0094021
0.0094846
0.00954484
0.00958326
0.00960058
0.00959778
0.00957616
0.00953726
0.00948292
0.00941524
0.00933658
0.00924952
0.00915686
0.00906159
0.00896686
0.00887588
0.00879193
0.00871822
0.00865792
0.0086136
0.00858662
0.000333506
0.000256422
0.000180715
0.000103708
2.33654e-05
-5.75795e-05
-0.000136423
-0.000210914
-0.000279001
-0.000338827
-0.000388786
-0.000427526
-0.000453919
-0.000467036
-0.000466136
-0.000450634
-0.000420093
-0.000374207
-0.000312774
-0.00023567
-0.000142853
-3.43552e-05
8.97362e-05
0.000229276
0.00038405
0.000553793
0.000738211
0.00093696
0.00114962
0.0013757
0.00161466
0.00186591
0.00212879
0.00240256
0.00268637
0.00297933
0.00328043
0.00358863
0.00390277
0.00422159
0.00454379
0.00486797
0.00519269
0.00551643
0.0058376
0.00615457
0.00646569
0.00676926
0.00706364
0.00734719
0.0076183
0.00787544
0.00811713
0.00834199
0.00854878
0.00873638
0.00890388
0.00905053
0.00917582
0.00927944
0.00936134
0.00942171
0.00946098
0.00947984
0.00947927
0.00946048
0.00942497
0.00937448
0.00931099
0.00923669
0.00915396
0.00906537
0.0089736
0.00888143
0.00879164
0.00870698
0.00863025
0.00856407
0.00850882
0.00846382
0.000457867
0.000357296
0.000266742
0.00018098
9.51872e-05
1.14937e-05
-6.79195e-05
-0.000141386
-0.000207344
-0.000264341
-0.000311096
-0.000346509
-0.000369653
-0.000379761
-0.000376212
-0.000358519
-0.000326311
-0.000279327
-0.000217383
-0.000140366
-4.82357e-05
5.89772e-05
0.000181196
0.000318294
0.00047008
0.000636319
0.000816743
0.00101103
0.0012188
0.00143957
0.00167285
0.0019181
0.00217467
0.00244187
0.00271887
0.00300481
0.00329875
0.00359966
0.00390643
0.00421786
0.00453266
0.00484949
0.00516694
0.00548353
0.00579772
0.00610791
0.00641248
0.00670978
0.00699819
0.0072761
0.00754193
0.00779418
0.00803138
0.0082522
0.00845538
0.00863986
0.0088047
0.00894919
0.00907281
0.00917528
0.00925653
0.00931675
0.00935636
0.00937603
0.00937668
0.0093595
0.0093259
0.00927756
0.00921632
0.00914424
0.00906354
0.00897654
0.00888568
0.00879342
0.00870216
0.00861425
0.00853212
0.00845796
0.00839001
0.00832558
0.000583777
0.000459524
0.000353136
0.00025716
0.000164204
7.59076e-05
-5.95128e-06
-8.01967e-05
-0.000145706
-0.000201402
-0.000246317
-0.000279602
-0.000300534
-0.000308509
-0.000303042
-0.00028375
-0.000250338
-0.000202593
-0.00014037
-6.35764e-05
2.78149e-05
0.000133771
0.000254222
0.000389057
0.000538106
0.000701153
0.000877956
0.00106822
0.00127159
0.00148763
0.00171587
0.0019558
0.00220684
0.00246829
0.00273938
0.00301929
0.00330711
0.00360185
0.00390243
0.0042077
0.00451642
0.00482726
0.00513885
0.00544975
0.00575844
0.00606336
0.00636289
0.00665542
0.00693934
0.00721305
0.00747501
0.00772369
0.00795765
0.00817555
0.00837616
0.00855838
0.00872129
0.00886419
0.00898653
0.00908805
0.00916865
0.00922851
0.00926802
0.00928783
0.00928884
0.00927217
0.00923919
0.00919147
0.00913079
0.00905906
0.00897835
0.00889082
0.00879866
0.00870407
0.00860918
0.00851597
0.00842659
0.00834295
0.00826128
0.00817706
0.000706097
0.000558548
0.000435935
0.000328833
0.000227543
0.000133318
4.76127e-05
-2.88243e-05
-9.52533e-05
-0.000150927
-0.000195164
-0.00022736
-0.000246991
-0.000253622
-0.000246907
-0.000226569
-0.00019239
-0.000144218
-8.1951e-05
-5.52806e-06
8.50589e-05
0.00018977
0.00030854
0.000441268
0.000587802
0.000747947
0.00092148
0.00110813
0.00130758
0.00151942
0.00174323
0.00197853
0.00222476
0.00248127
0.00274733
0.00302215
0.00330485
0.00359449
0.00389003
0.00419036
0.00449424
0.00480041
0.00510751
0.00541412
0.00571873
0.00601981
0.00631577
0.00660498
0.00688584
0.00715675
0.00741617
0.00766256
0.00789449
0.00811059
0.0083096
0.00849044
0.00865216
0.00879403
0.00891552
0.00901631
0.0090963
0.00915565
0.00919471
0.00921412
0.00921473
0.00919762
0.00916411
0.0091157
0.00905407
0.00898106
0.00889859
0.00880867
0.00871333
0.00861457
0.00851425
0.00841409
0.00831609
0.00822193
0.00812604
0.0080223
0.000820565
0.000650463
0.000511644
0.000392915
0.000282511
0.000181417
9.08228e-05
1.1104e-05
-5.73349e-05
-0.000114036
-0.000158572
-0.000190568
-0.000209699
-0.000215692
-0.000208334
-0.000187454
-0.000152917
-0.000104635
-4.25576e-05
3.33427e-05
0.000123052
0.000226519
0.00034368
0.000474441
0.000618665
0.000776174
0.000946766
0.0011302
0.00132618
0.00153436
0.00175432
0.00198563
0.00222776
0.00248012
0.002742
0.00301263
0.0032912
0.00357678
0.0038684
0.00416494
0.00446523
0.004768
0.00507193
0.0053756
0.00567753
0.00597618
0.00626997
0.00655727
0.00683646
0.00710594
0.00736414
0.00760951
0.00784058
0.00805597
0.00825439
0.00843472
0.00859599
0.00873744
0.00885851
0.00895885
0.00903834
0.00909709
0.00913545
0.009154
0.00915357
0.0091352
0.00910016
0.00904989
0.00898601
0.00891027
0.00882451
0.00873062
0.00863049
0.00852597
0.00841875
0.00831035
0.00820266
0.00809728
0.00798703
0.00786437
0.000923654
0.000731896
0.000577138
0.000446597
0.000326619
0.000218005
0.000121752
3.79206e-05
-3.33807e-05
-9.19518e-05
-0.000137597
-0.00017015
-0.000189474
-0.000195449
-0.000187986
-0.000167018
-0.000132498
-8.44044e-05
-2.27388e-05
5.24891e-05
0.000141242
0.000243458
0.00035907
0.000487991
0.000630092
0.000785212
0.000953173
0.00113376
0.00132672
0.00153172
0.00174839
0.00197634
0.00221508
0.00246403
0.00272254
0.00298989
0.00326527
0.00354783
0.00383659
0.0041305
0.00442838
0.004729
0.00503104
0.0053331
0.00563371
0.00593131
0.00622431
0.00651108
0.00678997
0.00705936
0.00731764
0.00756324
0.00779464
0.00801041
0.00820924
0.00838996
0.00855155
0.00869323
0.00881437
0.0089146
0.00899375
0.00905191
0.00908938
0.00910672
0.00910471
0.00908438
0.00904693
0.00899378
0.0089265
0.00884678
0.00875639
0.00865714
0.00855084
0.00843922
0.00832386
0.00820615
0.00808798
0.00797088
0.00784631
0.0077055
0.00101245
0.000799953
0.000629658
0.000487315
0.000357538
0.000240988
0.000138529
4.9962e-05
-2.48615e-05
-8.59725e-05
-0.000133388
-0.000167135
-0.000187241
-0.000193731
-0.000186634
-0.000165986
-0.000131823
-8.4193e-05
-2.31474e-05
5.12654e-05
0.000138984
0.000239936
0.00035405
0.00048124
0.000621388
0.000774351
0.000939973
0.00111807
0.00130842
0.00151072
0.00172465
0.00194983
0.00218584
0.00243212
0.00268806
0.00295297
0.0032261
0.00350661
0.00379358
0.00408596
0.00438261
0.00468229
0.00498371
0.00528546
0.00558606
0.00588396
0.00617754
0.00646515
0.0067451
0.00701573
0.00727539
0.00752247
0.00775539
0.00797267
0.00817294
0.00835497
0.0085177
0.00866028
0.00878204
0.00888255
0.00896161
0.00901924
0.00905573
0.0090716
0.00906759
0.0090447
0.0090041
0.00894719
0.0088755
0.00879069
0.00869449
0.00858866
0.00847497
0.00835509
0.00823054
0.00810265
0.00797333
0.00784418
0.00770542
0.0075472
0.00108449
0.000852143
0.000666764
0.000512741
0.000373091
0.000248367
0.000139335
4.55795e-05
-3.32687e-05
-9.74489e-05
-0.000147173
-0.000182637
-0.00020402
-0.000211477
-0.000205155
-0.000185186
-0.000151688
-0.000104772
-4.45403e-05
2.8923e-05
0.000115534
0.000215205
0.00032786
0.000453417
0.000591767
0.000742785
0.000906341
0.00108228
0.0012704
0.00147046
0.00168215
0.00190516
0.00213906
0.00238337
0.00263751
0.00290082
0.00317259
0.00345203
0.00373823
0.00403017
0.00432671
0.00462665
0.00492868
0.00523139
0.00553331
0.00583284
0.00612835
0.00641815
0.00670051
0.00697372
0.00723608
0.0074859
0.00772155
0.00794149
0.00814427
0.00832859
0.00849332
0.00863755
0.00876054
0.0088618
0.00894108
0.00899835
0.00903386
0.00904808
0.00904174
0.00901579
0.00897142
0.00890997
0.00883299
0.0087421
0.00863904
0.00852556
0.00840339
0.00827422
0.00813955
0.00800071
0.00785969
0.00771819
0.00756536
0.00739038
0.00113763
0.000886266
0.000686272
0.000520759
0.000371257
0.000238245
0.000122409
2.31466e-05
-6.01044e-05
-0.000127769
-0.000180231
-0.000217839
-0.000240908
-0.000249718
-0.000244523
-0.000225548
-0.000192987
-0.000147011
-8.77699e-05
-1.53812e-05
7.00479e-05
0.000168418
0.000279647
0.000403655
0.000540346
0.000689615
0.000851357
0.00102545
0.00121171
0.00140995
0.0016199
0.00184127
0.00207368
0.00231669
0.00256975
0.00283227
0.00310356
0.00338286
0.00366928
0.00396183
0.00425939
0.00456075
0.00486459
0.00516953
0.00547405
0.00577654
0.00607533
0.00636867
0.0066548
0.00693195
0.00719833
0.00745219
0.00769184
0.00791562
0.00812202
0.00830966
0.00847733
0.00862402
0.00874893
0.00885149
0.00893138
0.00898854
0.00902315
0.00903565
0.00902674
0.00899735
0.00894866
0.00888201
0.00879894
0.00870111
0.00859024
0.00846812
0.00833651
0.00819711
0.00805147
0.00790096
0.00774771
0.00759357
0.00742673
0.00723549
0.00116994
0.000900338
0.000686196
0.000509425
0.000350153
0.00020882
8.60459e-05
-1.89408e-05
-0.000106875
-0.000178344
-0.000233881
-0.000273975
-0.000299067
-0.000309555
-0.000305791
-0.000288086
-0.000256702
-0.000211871
-0.000153782
-8.25846e-05
1.59187e-06
9.86352e-05
0.000208459
0.000330989
0.000466145
0.000613841
0.000773997
0.000946518
0.00113127
0.00132809
0.00153675
0.00175699
0.00198849
0.00223084
0.00248354
0.00274603
0.00301767
0.00329773
0.00358534
0.00387952
0.00417918
0.0044831
0.00478996
0.00509836
0.00540676
0.00571353
0.00601694
0.00631519
0.00660647
0.00688892
0.00716069
0.00741994
0.00766487
0.00789375
0.00810497
0.00829703
0.00846865
0.00861869
0.00874629
0.00885079
0.00893179
0.00898917
0.00902306
0.00903386
0.00902223
0.00898911
0.00893566
0.00886323
0.00877338
0.0086678
0.00854827
0.00841659
0.00827461
0.00812411
0.00796669
0.00780381
0.00763779
0.00747067
0.00728976
0.00708255
0.00117972
0.000892551
0.000664705
0.000476922
0.000308006
0.000158373
2.85929e-05
-8.22626e-05
-0.000175084
-0.000250596
-0.000309469
-0.000352324
-0.000379721
-0.000392159
-0.000390087
-0.000373892
-0.000343902
-0.000300397
-0.000243607
-0.000173712
-9.08627e-05
4.82098e-06
0.000113251
0.00023436
0.000368084
0.00051436
0.000673134
0.000844346
0.0010279
0.00122366
0.00143144
0.00165104
0.00188216
0.00212445
0.00237746
0.00264067
0.00291346
0.00319514
0.00348487
0.00378168
0.00408448
0.00439207
0.00470312
0.00501621
0.00532977
0.00564212
0.0059515
0.00625606
0.00655388
0.00684305
0.00712161
0.00738763
0.00763921
0.00787451
0.0080918
0.00828948
0.00846614
0.00862054
0.0087517
0.00885887
0.00894159
0.00899963
0.00903307
0.00904229
0.00902791
0.00899085
0.00893227
0.00885356
0.00875631
0.00864226
0.00851324
0.00837116
0.00821794
0.00805546
0.00788544
0.00770948
0.0075301
0.00734957
0.00715438
0.00693126
0.00116537
0.000861242
0.000620093
0.000421547
0.000243136
8.52557e-05
-5.15582e-05
-0.000168373
-0.00026622
-0.000345953
-0.000408368
-0.000454205
-0.000484136
-0.000498759
-0.000498603
-0.000484128
-0.000455722
-0.000413709
-0.000358357
-0.000289875
-0.00020843
-0.000114147
-7.11293e-06
0.000112614
0.000244988
0.000389971
0.000547538
0.000717663
0.000900287
0.00109531
0.00130261
0.001522
0.00175325
0.00199604
0.00224998
0.00251458
0.00278929
0.00307341
0.00336614
0.00366654
0.00397351
0.00428585
0.00460224
0.00492122
0.0052412
0.00556046
0.00587718
0.00618942
0.00649522
0.00679256
0.00707937
0.00735363
0.00761329
0.00785642
0.00808114
0.00828572
0.00846862
0.00862848
0.00876419
0.0088749
0.00896002
0.00901928
0.00905268
0.00906054
0.00904345
0.00900234
0.00893836
0.00885296
0.00874775
0.00862455
0.00848528
0.00833196
0.00816662
0.0079913
0.00780785
0.00761803
0.00742461
0.00723013
0.00702029
0.00678106
0.00112546
0.000804871
0.000550767
0.000341692
0.000153936
-1.21217e-05
-0.000155966
-0.000278791
-0.000381757
-0.000465842
-0.000531959
-0.000580961
-0.000613621
-0.000630625
-0.000632582
-0.000620014
-0.000593363
-0.000552998
-0.000499221
-0.000432264
-0.000352307
-0.000259478
-0.000153861
-3.55002e-05
9.55774e-05
0.000239363
0.000395865
0.000565087
0.000747014
0.000941588
0.00114872
0.00136829
0.00160012
0.00184392
0.00209937
0.00236601
0.00264333
0.00293067
0.00322724
0.00353213
0.00384425
0.0041624
0.00448525
0.00481131
0.00513897
0.00546645
0.00579187
0.00611324
0.00642848
0.00673548
0.00703207
0.00731609
0.00758537
0.00783782
0.00807143
0.00828433
0.0084748
0.00864135
0.00878273
0.00889796
0.00898634
0.0090475
0.00908137
0.0090882
0.00906858
0.00902339
0.00895384
0.00886138
0.00874771
0.00861473
0.00846448
0.0082991
0.00812078
0.00793171
0.00773394
0.0075294
0.00732116
0.00711204
0.00688698
0.00663117
0.00105859
0.000721981
0.00045522
0.00023582
3.88615e-05
-0.000135292
-0.000286143
-0.000415001
-0.00052315
-0.000611686
-0.000681635
-0.000733953
-0.000769506
-0.000789065
-0.000793306
-0.000782815
-0.000758082
-0.000719518
-0.000667453
-0.00060214
-0.000523767
-0.000432465
-0.000328308
-0.000211326
-8.15219e-05
6.11251e-05
0.000216656
0.000385115
0.000566523
0.000760874
0.000968128
0.00118821
0.001421
0.00166627
0.00192373
0.00219299
0.00247356
0.00276482
0.00306602
0.00337626
0.00369446
0.00401943
0.00434983
0.00468414
0.00502071
0.00535773
0.00569325
0.00602519
0.00635138
0.00666961
0.00697757
0.00727296
0.00755348
0.00781687
0.00806097
0.00828371
0.00848323
0.00865785
0.00880617
0.00892706
0.0090197
0.0090836
0.00911859
0.00912488
0.009103
0.00905383
0.0089786
0.00887882
0.00875626
0.00861292
0.00845097
0.00827271
0.0080805
0.00787674
0.00766368
0.00744347
0.0072195
0.0069949
0.00675382
0.00648068
0.000963447
0.00061117
0.00033201
0.000102456
-0.000103577
-0.000285742
-0.000443563
-0.000578461
-0.000691838
-0.000784905
-0.000858793
-0.000914555
-0.000953145
-0.00097541
-0.000982095
-0.00097384
-0.000951184
-0.000914574
-0.000864365
-0.000800827
-0.000724154
-0.000634472
-0.000531847
-0.000416291
-0.000287779
-0.000146258
8.34881e-06
0.000176123
0.000357134
0.000551423
0.000759008
0.000979868
0.00121393
0.00146104
0.00172095
0.00199332
0.00227771
0.00257354
0.00288008
0.00319645
0.00352161
0.00385436
0.00419334
0.00453704
0.00488375
0.00523163
0.00557864
0.00592263
0.00626133
0.0065924
0.0069134
0.00722189
0.00751539
0.00779148
0.00804778
0.00828207
0.00849227
0.00867651
0.00883322
0.0089611
0.00905917
0.00912681
0.00916375
0.00917012
0.0091464
0.00909348
0.00901259
0.0089053
0.00877347
0.00861923
0.00844489
0.00825292
0.00804591
0.00782645
0.00759704
0.00736009
0.00711931
0.00687823
0.00662011
0.00632857
0.000838741
0.000471091
0.000179745
-5.98135e-05
-0.000274806
-0.000464905
-0.000629658
-0.000770597
-0.00088924
-0.000986904
-0.00106482
-0.00112414
-0.0011659
-0.00119102
-0.00120029
-0.00119443
-0.00117402
-0.00113952
-0.00109133
-0.00102971
-0.000954878
-0.000866942
-0.000765957
-0.000651916
-0.000524763
-0.000384411
-0.000230745
-6.3641e-05
0.00011702
0.000311336
0.000519383
0.000741199
0.00097677
0.001226
0.00148871
0.0017646
0.00205328
0.00235422
0.00266672
0.00298994
0.00332286
0.00366428
0.00401284
0.00436701
0.00472507
0.00508509
0.005445
0.00580255
0.00615537
0.00650096
0.00683677
0.00716018
0.00746853
0.0077592
0.00802962
0.00827732
0.00850002
0.00869565
0.00886241
0.0089988
0.00910368
0.00917626
0.00921617
0.00922343
0.00919847
0.00914216
0.00905576
0.00894088
0.00879949
0.00863385
0.00844644
0.00823993
0.00801713
0.00778091
0.007534
0.00727909
0.00702029
0.00676149
0.00648508
0.00617375
0.000683235
0.000300441
-2.91737e-06
-0.00025235
-0.000476207
-0.000674175
-0.000845829
-0.000992812
-0.00111676
-0.00121908
-0.00130112
-0.0013641
-0.00140915
-0.00143725
-0.00144928
-0.00144598
-0.00142797
-0.00139577
-0.00134976
-0.00129025
-0.00121742
-0.00113139
-0.0010322
-0.000919816
-0.000794149
-0.000655074
-0.000502437
-0.000336068
-0.000155791
3.85537e-05
0.000247102
0.000469956
0.000707164
0.000958695
0.00122443
0.00150414
0.00179748
0.00210396
0.00242295
0.00275363
0.00309501
0.00344591
0.00380498
0.00417067
0.00454122
0.00491469
0.0052889
0.00566154
0.0060301
0.00639198
0.00674446
0.00708472
0.00740993
0.00771724
0.00800384
0.00826703
0.00850428
0.00871327
0.00889197
0.00903866
0.00915197
0.00923095
0.00927507
0.00928424
0.00925883
0.00919968
0.00910805
0.00898563
0.00883448
0.008657
0.00845587
0.00823398
0.00799439
0.00774024
0.00747456
0.00720035
0.00692213
0.00664419
0.00634795
0.00601511
0.000495718
9.79492e-05
-0.000217285
-0.000476489
-0.000709135
-0.000914925
-0.00109346
-0.0012465
-0.00137578
-0.00148282
-0.00156906
-0.00163581
-0.00168427
-0.0017155
-0.00173044
-0.00172988
-0.00171447
-0.00168475
-0.00164114
-0.00158393
-0.00151332
-0.00142942
-0.00133222
-0.00122169
-0.00109771
-0.000960093
-0.000808656
-0.000643172
-0.000463406
-0.000269134
-6.01515e-05
0.000163708
0.000402561
0.000656448
0.000925318
0.00120901
0.00150724
0.00181959
0.00214546
0.00248409
0.00283452
0.00319562
0.00356603
0.0039442
0.00432836
0.00471651
0.00510642
0.00549568
0.00588168
0.00626167
0.00663275
0.00699194
0.00733616
0.00766233
0.00796739
0.00824837
0.00850246
0.00872706
0.00891986
0.00907889
0.00920254
0.00928964
0.00933949
0.00935186
0.00932704
0.0092658
0.00916942
0.00903964
0.00887863
0.00868896
0.0084735
0.00823539
0.00797795
0.00770464
0.00741881
0.00712379
0.00682454
0.00652583
0.00620795
0.00585151
0.000274998
-0.000137629
-0.000464643
-0.000733545
-0.000974928
-0.00118851
-0.00137392
-0.00153303
-0.00166768
-0.00177951
-0.00187003
-0.00194066
-0.00199267
-0.00202719
-0.00204522
-0.00204758
-0.00203498
-0.00200798
-0.00196699
-0.00191234
-0.0018442
-0.00176267
-0.00166774
-0.00155934
-0.0014373
-0.00130142
-0.00115145
-0.000987099
-0.00080808
-0.000614094
-0.000404868
-0.000180165
6.02051e-05
0.00031636
0.000588327
0.00087602
0.00117923
0.00149759
0.0018306
0.00217753
0.00253748
0.00290935
0.00329182
0.00368335
0.00408214
0.00448617
0.00489314
0.00530056
0.00570571
0.00610568
0.00649741
0.0068777
0.00724324
0.00759069
0.00791671
0.00821802
0.00849151
0.00873426
0.00894364
0.00911739
0.00925361
0.00935088
0.0094083
0.00942546
0.00940252
0.00934019
0.00923975
0.00910299
0.00893218
0.00873005
0.00849969
0.00824452
0.00796815
0.00767436
0.00736688
0.00704937
0.0067273
0.00640594
0.00606433
0.00568185
1.98896e-05
-0.000407525
-0.000746263
-0.00102482
-0.00127491
-0.00149627
-0.00168857
-0.00185377
-0.00199385
-0.00211053
-0.00220544
-0.00228006
-0.00233577
-0.00237375
-0.00239506
-0.00240057
-0.00239101
-0.00236697
-0.00232889
-0.00227708
-0.00221173
-0.0021329
-0.00204058
-0.00193465
-0.00181492
-0.00168114
-0.00153299
-0.00137013
-0.00119221
-0.000998859
-0.00078972
-0.000564482
-0.000322877
-6.47033e-05
0.000210154
0.000501695
0.000809792
0.00113417
0.00147437
0.00182978
0.00219956
0.00258265
0.00297777
0.0033834
0.00379775
0.00421876
0.00464411
0.0050712
0.00549722
0.0059191
0.0063336
0.00673728
0.00712661
0.00749795
0.00784765
0.00817211
0.00846785
0.00873161
0.00896041
0.00915161
0.00930301
0.00941289
0.00948008
0.00950395
0.00948453
0.00942243
0.00931888
0.00917571
0.00899532
0.0087806
0.00853486
0.0082618
0.00796538
0.00764974
0.00731897
0.00697713
0.00663025
0.00628412
0.00591637
0.00550499
-0.000270809
-0.000712973
-0.00106341
-0.0013516
-0.00161039
-0.00183954
-0.00203874
-0.00221009
-0.00235566
-0.00247728
-0.00257668
-0.00265544
-0.00271501
-0.00275665
-0.00278145
-0.00279034
-0.0027841
-0.00276332
-0.00272847
-0.00267984
-0.00261764
-0.00254191
-0.00245261
-0.0023496
-0.00223263
-0.00210141
-0.00195556
-0.00179469
-0.00161836
-0.00142612
-0.00121755
-0.000992248
-0.000749864
-0.000490101
-0.000212746
8.22985e-05
0.000394998
0.000725171
0.00107247
0.00143634
0.00181605
0.00221062
0.00261881
0.00303915
0.00346985
0.00390886
0.0043538
0.00480204
0.00525062
0.00569636
0.0061358
0.00656529
0.00698102
0.00737905
0.00775541
0.00810611
0.0084273
0.0087153
0.00896672
0.00917854
0.00934815
0.00947349
0.00955307
0.00958601
0.00957213
0.00951189
0.0094065
0.00925779
0.00906825
0.00884095
0.00857945
0.00828774
0.00797014
0.00763118
0.00727536
0.0069072
0.00653329
0.00616
0.00576339
0.00531989
-0.000598313
-0.00105523
-0.00141737
-0.0017152
-0.0019827
-0.00221966
-0.00242581
-0.00260335
-0.00275449
-0.00288115
-0.00298518
-0.00306824
-0.00313185
-0.00317735
-0.00320589
-0.00321845
-0.00321583
-0.00319865
-0.00316738
-0.00312235
-0.00306374
-0.00299157
-0.00290579
-0.00280622
-0.00269258
-0.00256449
-0.00242154
-0.00226327
-0.00208916
-0.00189868
-0.00169133
-0.00146663
-0.00122411
-0.000963389
-0.000684138
-0.000386154
-6.93579e-05
0.000266177
0.000620214
0.000992324
0.00138186
0.00178795
0.00220943
0.00264487
0.00309256
0.00355042
0.00401608
0.00448683
0.00495964
0.00543117
0.00589777
0.00635556
0.00680045
0.00722819
0.00763441
0.00801476
0.00836493
0.00868079
0.00895849
0.00919453
0.00938587
0.00953002
0.00962511
0.00966994
0.00966406
0.00960777
0.00950217
0.00934909
0.00915111
0.00891145
0.00863393
0.00832287
0.00798296
0.00761917
0.00723645
0.00683978
0.0064364
0.00603334
0.00560482
0.00512553
-0.000963849
-0.00143554
-0.00180941
-0.00211692
-0.00239316
-0.00263798
-0.00285113
-0.00303495
-0.00319175
-0.00332358
-0.00343238
-0.00351991
-0.00358777
-0.00363737
-0.00366992
-0.00368644
-0.00368777
-0.00367457
-0.00364732
-0.00360635
-0.00355183
-0.00348378
-0.00340211
-0.00330661
-0.00319695
-0.0030727
-0.00293338
-0.00277847
-0.00260737
-0.00241948
-0.00221419
-0.00199093
-0.00174914
-0.00148831
-0.001208
-0.000907882
-0.000587748
-0.000247542
0.00011263
0.000492474
0.000891474
0.00130886
0.0017436
0.00219434
0.00265942
0.00313681
0.00362414
0.00411866
0.00461726
0.00511647
0.00561246
0.00610111
0.00657805
0.00703868
0.00747825
0.00789195
0.00827501
0.00862278
0.00893088
0.00919528
0.0094124
0.00957926
0.00969353
0.00975362
0.00975874
0.00970898
0.00960525
0.00944937
0.00924397
0.00899243
0.00869883
0.00836782
0.00800452
0.00761435
0.00720275
0.00677523
0.00633974
0.005904
0.00544021
0.00492106
-0.00136864
-0.00185518
-0.00224083
-0.00255806
-0.00284311
-0.00309585
-0.00331608
-0.00350626
-0.00366884
-0.00380598
-0.00391971
-0.0040119
-0.00408424
-0.00413819
-0.00417504
-0.00419587
-0.00420155
-0.00419276
-0.00417
-0.00413362
-0.00408378
-0.00402047
-0.00394359
-0.00385289
-0.00374798
-0.00362839
-0.00349358
-0.00334295
-0.00317583
-0.00299153
-0.00278935
-0.0025686
-0.00232863
-0.00206879
-0.00178852
-0.00148734
-0.0011649
-0.000821007
-0.000455601
-6.882e-05
0.000338975
0.000767163
0.00121484
0.00168077
0.00216338
0.00266073
0.00317046
0.00368983
0.00421566
0.00474435
0.00527193
0.00579404
0.00630602
0.0068029
0.00727954
0.00773063
0.00815087
0.00853505
0.00887819
0.00917563
0.0094232
0.00961731
0.00975508
0.00983444
0.00985419
0.00981409
0.00971487
0.00955823
0.00934683
0.00908422
0.00877472
0.00842333
0.00803561
0.0076175
0.00717498
0.00671411
0.00624365
0.00577207
0.0052693
0.00470578
-0.00181392
-0.00231541
-0.00271291
-0.00303994
-0.00333387
-0.00359462
-0.00382202
-0.00401869
-0.00418717
-0.00432977
-0.00444861
-0.00454566
-0.00462271
-0.0046813
-0.00472279
-0.0047483
-0.00475874
-0.00475484
-0.00473712
-0.00470592
-0.00466141
-0.00460356
-0.00453224
-0.00444717
-0.00434793
-0.00423396
-0.00410469
-0.00395943
-0.00379744
-0.00361794
-0.00342012
-0.00320319
-0.00296637
-0.00270889
-0.00243003
-0.00212916
-0.00180578
-0.0014595
-0.00109009
-0.000697516
-0.000281942
0.000156189
0.000616135
0.00109682
0.0015968
0.00211423
0.00264684
0.00319189
0.00374618
0.00430604
0.00486732
0.00542548
0.00597554
0.00651219
0.00702983
0.00752266
0.00798478
0.00841037
0.00879374
0.00912954
0.00941288
0.00963948
0.00980581
0.00990918
0.0099479
0.0099213
0.00982984
0.00967507
0.00945961
0.00918713
0.00886222
0.00849023
0.0080772
0.00762963
0.00715408
0.00665724
0.00614874
0.00563792
0.00509211
0.00447925
-0.00230094
-0.00281749
-0.00322696
-0.00356388
-0.00386678
-0.00413564
-0.00437033
-0.00457359
-0.00474812
-0.00489633
-0.00502047
-0.00512262
-0.00520464
-0.00526818
-0.00531466
-0.00534525
-0.00536093
-0.00536245
-0.00535035
-0.005325
-0.00528654
-0.00523495
-0.00517007
-0.00509158
-0.00499901
-0.00489178
-0.00476922
-0.0046306
-0.00447509
-0.0043018
-0.00410983
-0.00389828
-0.00366623
-0.00341276
-0.003137
-0.00283814
-0.0025155
-0.0021685
-0.00179671
-0.00139986
-0.000977917
-0.000531101
-5.99477e-05
0.000434661
0.000951453
0.00148873
0.00204433
0.00261559
0.00319933
0.00379181
0.00438879
0.0049855
0.00557672
0.00615675
0.00671955
0.00725876
0.00776787
0.00824033
0.00866972
0.00904986
0.00937505
0.00964018
0.00984093
0.00997391
0.0100368
0.0100283
0.00994865
0.00979905
0.00958207
0.00930146
0.00896203
0.00856953
0.00813049
0.00765201
0.0071413
0.00660574
0.00605595
0.00550222
0.00490897
0.00424134
-0.00283096
-0.00336273
-0.00378428
-0.0041312
-0.0044432
-0.00472028
-0.00496238
-0.00517237
-0.00535309
-0.00550708
-0.00563672
-0.00574419
-0.00583147
-0.00590028
-0.00595212
-0.00598824
-0.00600966
-0.00601717
-0.00601134
-0.00599254
-0.00596093
-0.00591648
-0.005859
-0.00578815
-0.00570342
-0.00560417
-0.00548967
-0.00535913
-0.00521163
-0.00504619
-0.0048618
-0.00465744
-0.00443205
-0.00418455
-0.0039139
-0.00361911
-0.00329927
-0.00295361
-0.00258146
-0.00218231
-0.00175585
-0.00130207
-0.000821233
-0.000313998
0.000218592
0.000775035
0.00135333
0.00195095
0.00256476
0.00319105
0.00382549
0.00446315
0.00509855
0.00572564
0.0063379
0.00692842
0.00749
0.00801533
0.00849712
0.00892829
0.00930219
0.00961275
0.00985473
0.0100239
0.010117
0.0101323
0.0100693
0.00992902
0.00971379
0.0094274
0.00907487
0.00866233
0.00819684
0.00768615
0.00713818
0.00656109
0.00596659
0.00536603
0.00472058
0.00399225
-0.00340524
-0.00395241
-0.0043862
-0.00474325
-0.00506446
-0.00534988
-0.00559952
-0.00581637
-0.00600344
-0.0061634
-0.00629874
-0.00641179
-0.00650461
-0.00657904
-0.00663665
-0.00667875
-0.00670644
-0.00672055
-0.00672166
-0.00671019
-0.0066863
-0.00664994
-0.00660093
-0.00653888
-0.00646325
-0.00637337
-0.00626843
-0.00614759
-0.00600984
-0.00585411
-0.00567927
-0.00548418
-0.00526762
-0.00502838
-0.0047652
-0.00447688
-0.00416233
-0.0038205
-0.00345046
-0.00305143
-0.00262281
-0.00216428
-0.00167582
-0.00115778
-0.000610942
-3.65389e-05
0.000563662
0.00118731
0.00183141
0.00249232
0.00316568
0.00384645
0.00452893
0.00520672
0.00587286
0.00651983
0.00713972
0.00772439
0.00826559
0.00875523
0.00918555
0.0095494
0.00984043
0.0100533
0.0101839
0.0102296
0.0101893
0.0100634
0.00985409
0.00956505
0.00920147
0.00876986
0.00827784
0.00773385
0.00714661
0.00652514
0.00588236
0.0052308
0.00452802
0.00373256
-0.00402504
-0.0045878
-0.005034
-0.00540133
-0.00573189
-0.0060258
-0.00628311
-0.00650698
-0.00670056
-0.00686666
-0.00700793
-0.0071268
-0.00722546
-0.00730585
-0.00736964
-0.00741821
-0.00745272
-0.00747405
-0.00748284
-0.00747951
-0.00746425
-0.00743702
-0.00739761
-0.00734563
-0.0072805
-0.0072015
-0.00710779
-0.00699843
-0.00687237
-0.00672841
-0.00656533
-0.00638185
-0.00617662
-0.00594822
-0.00569521
-0.00541619
-0.00510979
-0.00477471
-0.00440974
-0.00401377
-0.00358588
-0.00312538
-0.00263193
-0.00210551
-0.00154657
-0.000956016
-0.0003353
0.000313489
0.000987573
0.00168343
0.00239677
0.00312249
0.00385472
0.00458676
0.0053112
0.00601992
0.00670426
0.00735518
0.0079634
0.00851968
0.00901504
0.00944104
0.00979002
0.0100554
0.010232
0.010316
0.0103054
0.0102002
0.010002
0.0097143
0.0093425
0.00889343
0.00837525
0.00779719
0.00716882
0.00650012
0.00580537
0.00509842
0.00433282
0.00346325
-0.00469161
-0.00527019
-0.00572898
-0.00610676
-0.00644685
-0.00674939
-0.00701453
-0.00724557
-0.00744582
-0.00761825
-0.00776565
-0.00789059
-0.00799539
-0.00808209
-0.00815246
-0.00820798
-0.00824987
-0.00827908
-0.00829629
-0.00830196
-0.0082963
-0.00827928
-0.00825069
-0.00821013
-0.008157
-0.00809052
-0.00800982
-0.0079139
-0.00780163
-0.00767173
-0.00752285
-0.00735359
-0.00716244
-0.0069478
-0.00670804
-0.00644149
-0.00614655
-0.00582162
-0.00546516
-0.00507573
-0.00465201
-0.00419293
-0.00369775
-0.00316604
-0.00259782
-0.00199359
-0.00135442
-0.000682037
2.10812e-05
0.000751645
0.00150549
0.00227757
0.00306187
0.00385148
0.00463854
0.00541437
0.00616952
0.00689399
0.00757741
0.00820924
0.00877914
0.00927718
0.00969422
0.0100222
0.0102545
0.010386
0.0104138
0.0103367
0.0101559
0.0098748
0.00949855
0.00903437
0.00849102
0.00787852
0.0072074
0.00648868
0.00573819
0.00497125
0.00413696
0.0031858
-0.00540618
-0.00600087
-0.00647249
-0.00686091
-0.00721069
-0.00752205
-0.00779517
-0.00803353
-0.00824062
-0.00841956
-0.00857329
-0.00870453
-0.00881574
-0.00890908
-0.00898643
-0.00904936
-0.00909919
-0.00913692
-0.00916331
-0.00917885
-0.00918379
-0.00917812
-0.00916162
-0.0091339
-0.00909433
-0.00904212
-0.00897634
-0.00889595
-0.00879975
-0.00868637
-0.00855435
-0.00840216
-0.00822813
-0.00803049
-0.00780738
-0.00755689
-0.00727712
-0.0069662
-0.00662221
-0.00624333
-0.00582783
-0.00537421
-0.00488123
-0.00434801
-0.00377407
-0.00315941
-0.00250461
-0.00181094
-0.00108047
-0.000316153
0.000478098
0.00129735
0.00213558
0.0029857
0.0038395
0.00468771
0.00552012
0.00632576
0.00709302
0.00781003
0.00846485
0.00904592
0.00954235
0.00994434
0.0102435
0.0104334
0.0105095
0.0104696
0.0103141
0.0100459
0.0096701
0.00919412
0.0086273
0.00798051
0.00726533
0.00649397
0.00568393
0.00485221
0.00394304
0.00290226
-0.00617002
-0.00678115
-0.00726586
-0.00766516
-0.00802484
-0.00834519
-0.00862646
-0.0088723
-0.00908637
-0.00927198
-0.00943221
-0.00956996
-0.00968782
-0.00978809
-0.00987278
-0.00994357
-0.0100019
-0.0100488
-0.0100851
-0.0101113
-0.0101279
-0.0101347
-0.0101316
-0.0101182
-0.0100938
-0.0100577
-0.0100088
-0.00994616
-0.00986844
-0.00977421
-0.00966191
-0.00952986
-0.00937626
-0.00919914
-0.00899642
-0.00876593
-0.0085055
-0.0082129
-0.00788585
-0.00752211
-0.0071195
-0.00667601
-0.0061899
-0.00565971
-0.0050844
-0.00446337
-0.0037966
-0.0030848
-0.0023295
-0.00153319
-0.000699429
0.000167106
0.0010605
0.00197357
0.00289782
0.00382348
0.00473959
0.00563415
0.00649433
0.00730673
0.00805773
0.00873387
0.0093223
0.00981116
0.0101901
0.0104507
0.0105868
0.0105949
0.0104741
0.0102267
0.00985752
0.00937415
0.00878647
0.00810624
0.00734615
0.00651971
0.00564635
0.00474493
0.00375436
0.00261543
-0.00698442
-0.00761238
-0.00811051
-0.00852093
-0.00889074
-0.00922027
-0.00950986
-0.00976332
-0.00998451
-0.0101769
-0.0103438
-0.0104882
-0.0106129
-0.0107203
-0.0108127
-0.0108917
-0.0109589
-0.0110156
-0.0110625
-0.0111004
-0.0111295
-0.0111499
-0.0111615
-0.0111638
-0.0111563
-0.0111381
-0.0111083
-0.0110656
-0.0110089
-0.0109366
-0.010847
-0.0107384
-0.0106088
-0.010456
-0.0102777
-0.0100715
-0.00983498
-0.00956547
-0.00926034
-0.00891689
-0.00853244
-0.00810446
-0.00763059
-0.00710876
-0.00653726
-0.00591478
-0.00524062
-0.00451477
-0.00373811
-0.00291252
-0.00204104
-0.00112796
-0.000178971
0.000798797
0.00179667
0.00280445
0.00381049
0.00480177
0.00576418
0.00668271
0.00754191
0.00832622
0.00902052
0.00961062
0.0100838
0.0104294
0.0106391
0.0107076
0.0106328
0.0104158
0.010061
0.00957605
0.00897122
0.00825922
0.00745394
0.00657034
0.00563001
0.00465389
0.00357512
0.00232899
-0.00785067
-0.00849593
-0.00900784
-0.00942969
-0.00980989
-0.0101488
-0.0104469
-0.0107081
-0.0109365
-0.0111357
-0.0113093
-0.0114604
-0.0115921
-0.0117069
-0.0118071
-0.0118947
-0.0119713
-0.0120382
-0.0120964
-0.0121466
-0.0121892
-0.0122243
-0.0122519
-0.0122714
-0.0122824
-0.012284
-0.0122753
-0.012255
-0.0122219
-0.0121744
-0.0121107
-0.0120289
-0.0119269
-0.0118025
-0.011653
-0.0114757
-0.011268
-0.0110268
-0.010749
-0.0104315
-0.0100711
-0.00966469
-0.00920918
-0.00870184
-0.00814017
-0.0075221
-0.00684607
-0.00611125
-0.00531771
-0.00446658
-0.00356022
-0.00260235
-0.00159827
-0.000554912
0.000519019
0.00161302
0.00271481
0.00381045
0.00488447
0.00592025
0.00690031
0.00780681
0.0086221
0.0093293
0.00991294
0.0103596
0.0106586
0.0108023
0.0107867
0.0106117
0.0102808
0.00980153
0.00918457
0.0084435
0.00759351
0.00665114
0.00564039
0.00458459
0.00341056
0.00204764
-0.00877009
-0.0094332
-0.00995934
-0.010393
-0.0107838
-0.0111323
-0.011439
-0.011708
-0.0119437
-0.0121498
-0.0123301
-0.012488
-0.0126266
-0.0127488
-0.012857
-0.0129534
-0.0130396
-0.0131172
-0.0131872
-0.0132504
-0.0133073
-0.0133582
-0.0134028
-0.013441
-0.0134721
-0.0134953
-0.0135097
-0.0135142
-0.0135073
-0.0134875
-0.0134529
-0.0134015
-0.0133311
-0.0132392
-0.013123
-0.0129796
-0.0128059
-0.0125985
-0.0123541
-0.0120688
-0.0117389
-0.0113606
-0.0109303
-0.0104443
-0.00989935
-0.00929243
-0.00862104
-0.00788338
-0.00707854
-0.00620673
-0.00526945
-0.00426968
-0.00321212
-0.00210332
-0.00095184
0.000231672
0.00143444
0.00264165
0.00383656
0.00500084
0.00611491
0.00715844
0.00811097
0.00895257
0.00966462
0.0102305
0.0106365
0.0108723
0.0109314
0.0108121
0.0105168
0.0100524
0.00942992
0.00866375
0.00777045
0.00676834
0.00568407
0.00454365
0.00326709
0.00177729
-0.00974399
-0.0104256
-0.0109665
-0.0114123
-0.0118141
-0.0121725
-0.0124879
-0.0127648
-0.0130076
-0.0132205
-0.0134074
-0.0135719
-0.0137175
-0.013847
-0.0139632
-0.0140683
-0.0141644
-0.0142529
-0.0143351
-0.0144118
-0.0144838
-0.0145512
-0.014614
-0.0146721
-0.0147248
-0.0147714
-0.014811
-0.0148425
-0.0148644
-0.0148752
-0.0148729
-0.0148555
-0.0148206
-0.0147656
-0.0146874
-0.014583
-0.0144488
-0.0142812
-0.0140762
-0.0138297
-0.0135373
-0.0131945
-0.0127968
-0.0123398
-0.0118192
-0.0112311
-0.0105718
-0.00983849
-0.00902905
-0.00814261
-0.00717961
-0.00614208
-0.00503391
-0.00386102
-0.00263164
-0.00135635
-4.82435e-05
0.0012771
0.00260176
0.0039057
0.00516715
0.00636314
0.00747013
0.0084648
0.00932489
0.0100301
0.0105631
0.0109102
0.0110622
0.0110148
0.0107689
0.0103307
0.00971107
0.00892528
0.00799124
0.00692919
0.00576876
0.00453896
0.00315241
0.00152513
-0.0107738
-0.0114748
-0.012031
-0.0124894
-0.0129025
-0.0132709
-0.0135951
-0.0138799
-0.0141298
-0.0143493
-0.0145426
-0.0147135
-0.0148656
-0.0150023
-0.0151262
-0.0152401
-0.0153459
-0.0154453
-0.0155399
-0.0156306
-0.0157181
-0.0158027
-0.0158847
-0.0159637
-0.0160394
-0.016111
-0.0161777
-0.0162383
-0.0162916
-0.0163358
-0.0163691
-0.0163892
-0.0163938
-0.01638
-0.0163446
-0.0162843
-0.0161953
-0.0160736
-0.0159147
-0.0157139
-0.0154663
-0.0151666
-0.0148095
-0.0143898
-0.0139021
-0.0133412
-0.0127024
-0.0119816
-0.0111754
-0.0102815
-0.00929928
-0.00822947
-0.00707491
-0.00584068
-0.00453438
-0.0031663
-0.00174964
-0.000300521
0.00116204
0.00261638
0.00403852
0.00540272
0.00668212
0.00784966
0.008879
0.00974562
0.0104279
0.0109082
0.0111736
0.011217
0.011037
0.0106386
0.0100323
0.00923416
0.00826335
0.00714218
0.00590355
0.00457984
0.00307574
0.00129989
-0.0118608
-0.0125822
-0.0131545
-0.0136261
-0.0140508
-0.0144294
-0.0147625
-0.015055
-0.0153119
-0.0155377
-0.0157369
-0.0159137
-0.016072
-0.0162153
-0.0163467
-0.0164688
-0.0165841
-0.0166943
-0.0168012
-0.0169059
-0.0170092
-0.0171116
-0.0172133
-0.0173142
-0.017414
-0.017512
-0.0176075
-0.0176994
-0.0177863
-0.0178666
-0.0179385
-0.0179996
-0.0180475
-0.0180793
-0.0180915
-0.0180805
-0.0180424
-0.0179727
-0.0178665
-0.0177187
-0.0175235
-0.017275
-0.016967
-0.0165933
-0.0161474
-0.015623
-0.015014
-0.0143148
-0.0135206
-0.0126278
-0.0116341
-0.0105389
-0.0093436
-0.00805225
-0.00667152
-0.00521111
-0.00368405
-0.00210678
-0.0004992
0.00111552
0.00271125
0.00425937
0.00572955
0.00709066
0.00831183
0.00936371
0.0102198
0.0108575
0.0112598
0.0114156
0.0113209
0.0109786
0.0103987
0.00959743
0.00859543
0.00741714
0.00609906
0.00467728
0.00304803
0.00111212
-0.0130067
-0.0137496
-0.0143389
-0.0148242
-0.0152611
-0.0156501
-0.0159921
-0.0162921
-0.0165555
-0.0167871
-0.0169917
-0.0171738
-0.0173375
-0.0174867
-0.0176247
-0.0177545
-0.0178787
-0.0179993
-0.0181182
-0.0182366
-0.0183557
-0.0184759
-0.0185978
-0.0187212
-0.018846
-0.0189716
-0.0190973
-0.0192221
-0.0193448
-0.0194637
-0.0195771
-0.0196825
-0.0197774
-0.0198588
-0.0199232
-0.0199668
-0.0199852
-0.0199737
-0.0199269
-0.0198392
-0.0197042
-0.0195152
-0.0192651
-0.0189465
-0.0185519
-0.0180737
-0.0175043
-0.0168367
-0.0160645
-0.0151823
-0.0141861
-0.0130736
-0.0118448
-0.0105022
-0.00905112
-0.00750049
-0.00586281
-0.00415454
-0.00239619
-0.000612226
0.00116914
0.00291649
0.00459587
0.00617179
0.00760844
0.00887106
0.00992747
0.0107496
0.011315
0.011608
0.0116208
0.0113539
0.010816
0.0100232
0.00899754
0.00776558
0.00636774
0.00484426
0.00308235
0.000974523
-0.0142129
-0.0149788
-0.0155862
-0.0160859
-0.0165354
-0.0169351
-0.0172859
-0.0175932
-0.0178626
-0.0180993
-0.0183084
-0.0184948
-0.0186629
-0.018817
-0.0189606
-0.019097
-0.0192291
-0.0193592
-0.0194893
-0.019621
-0.0197554
-0.0198934
-0.0200354
-0.0201816
-0.0203319
-0.0204858
-0.0206429
-0.0208021
-0.0209624
-0.0211221
-0.0212795
-0.0214321
-0.0215775
-0.0217125
-0.0218335
-0.0219365
-0.0220168
-0.0220695
-0.0220888
-0.0220684
-0.0220013
-0.02188
-0.0216965
-0.0214424
-0.0211089
-0.0206871
-0.0201678
-0.0195424
-0.0188027
-0.0179415
-0.0169529
-0.0158328
-0.014579
-0.0131925
-0.0116769
-0.01004
-0.00829327
-0.00645293
-0.00453974
-0.0025792
-0.000601348
0.00135966
0.00326621
0.00507831
0.00675479
0.00825492
0.00954014
0.0105759
0.0113334
0.0117914
0.0119375
0.0117684
0.011291
0.0105211
0.00948143
0.00820094
0.00672422
0.00509611
0.00319422
0.000902351
-0.0154814
-0.016272
-0.0168987
-0.0174137
-0.0178762
-0.0182868
-0.0186463
-0.0189604
-0.0192351
-0.0194759
-0.0196884
-0.0198778
-0.0200489
-0.0202063
-0.0203541
-0.0204957
-0.0206344
-0.0207727
-0.020913
-0.0210569
-0.0212059
-0.0213609
-0.0215227
-0.0216915
-0.0218674
-0.0220501
-0.0222392
-0.022434
-0.0226332
-0.0228354
-0.023039
-0.0232415
-0.0234404
-0.0236325
-0.0238141
-0.0239811
-0.0241285
-0.0242511
-0.0243427
-0.0243965
-0.0244047
-0.0243592
-0.0242511
-0.0240708
-0.0238082
-0.023453
-0.0229945
-0.0224223
-0.0217264
-0.0208975
-0.0199276
-0.0188103
-0.0175416
-0.01612
-0.0145474
-0.0128299
-0.0109777
-0.00900623
-0.00693613
-0.00479354
-0.00261002
-0.000422277
0.00172853
0.00379777
0.00573864
0.00750392
0.00904793
0.0103287
0.0113101
0.0119641
0.0122723
0.012227
0.0118321
0.0111022
0.0100608
0.00873892
0.00718564
0.00545085
0.00340202
0.000913749
-0.016814
-0.0176315
-0.018279
-0.0188103
-0.0192865
-0.019708
-0.0200759
-0.0203962
-0.0206752
-0.0209189
-0.0211332
-0.0213238
-0.0214961
-0.021655
-0.0218049
-0.0219498
-0.0220932
-0.022238
-0.0223867
-0.0225413
-0.0227036
-0.0228746
-0.0230552
-0.023246
-0.0234472
-0.0236587
-0.0238801
-0.0241109
-0.02435
-0.0245961
-0.0248476
-0.0251021
-0.0253571
-0.0256093
-0.0258551
-0.0260901
-0.0263093
-0.026507
-0.0266768
-0.0268111
-0.0269018
-0.0269399
-0.0269154
-0.0268178
-0.0266358
-0.0263574
-0.0259704
-0.0254626
-0.0248219
-0.024037
-0.0230975
-0.0219946
-0.0207219
-0.0192754
-0.017655
-0.0158644
-0.0139122
-0.0118127
-0.0095858
-0.00725788
-0.00486161
-0.00243587
-2.51998e-05
0.00232116
0.00455061
0.00660901
0.00844288
0.0100019
0.0112415
0.0121254
0.0126281
0.012736
0.0124489
0.0117797
0.0107516
0.00939777
0.00777197
0.00592957
0.00372726
0.00103013
-0.0182131
-0.01906
-0.0197301
-0.0202788
-0.0207692
-0.0212019
-0.0215778
-0.0219034
-0.0221853
-0.0224301
-0.0226442
-0.0228339
-0.023005
-0.0231629
-0.0233125
-0.0234581
-0.0236037
-0.0237526
-0.0239076
-0.0240709
-0.0242445
-0.0244299
-0.024628
-0.0248396
-0.0250652
-0.0253048
-0.0255583
-0.0258251
-0.0261045
-0.0263953
-0.0266958
-0.0270039
-0.027317
-0.0276318
-0.0279447
-0.0282512
-0.0285462
-0.0288236
-0.0290766
-0.0292974
-0.029477
-0.0296057
-0.0296726
-0.0296662
-0.0295738
-0.029382
-0.0290769
-0.0286444
-0.0280704
-0.0273412
-0.0264442
-0.0253678
-0.0241028
-0.0226429
-0.0209849
-0.0191304
-0.0170858
-0.0148634
-0.0124822
-0.00996814
-0.00735446
-0.00468178
-0.00199766
0.000644224
0.00318543
0.0055646
0.00771988
0.00959168
0.0111258
0.0122764
0.0130093
0.0133035
0.0131535
0.0125689
0.0115724
0.0101987
0.00850642
0.00655678
0.00419511
0.00127661
-0.019681
-0.0205606
-0.0212554
-0.0218228
-0.0223282
-0.022772
-0.0231553
-0.0234849
-0.0237681
-0.0240119
-0.0242233
-0.0244092
-0.0245761
-0.0247298
-0.0248759
-0.0250191
-0.0251639
-0.0253138
-0.0254722
-0.0256415
-0.025824
-0.0260214
-0.026235
-0.0264657
-0.0267142
-0.0269807
-0.0272654
-0.0275677
-0.0278872
-0.0282228
-0.0285728
-0.0289354
-0.0293079
-0.0296872
-0.0300695
-0.0304502
-0.0308242
-0.0311851
-0.0315257
-0.0318378
-0.0321119
-0.0323374
-0.0325027
-0.0325951
-0.0326005
-0.0325043
-0.0322909
-0.0319441
-0.0314478
-0.0307859
-0.0299432
-0.0289055
-0.0276606
-0.0261991
-0.0245152
-0.0226074
-0.0204795
-0.0181416
-0.0156109
-0.0129124
-0.0100793
-0.00715344
-0.00418483
-0.00123122
0.00164323
0.00436982
0.00687785
0.00909767
0.0109643
0.0124209
0.0134228
0.0139402
0.0139603
0.0134883
0.0125451
0.0111665
0.00941596
0.00736098
0.00483485
0.00168263
-0.021221
-0.0221368
-0.0228589
-0.0234466
-0.0239677
-0.0244225
-0.0248124
-0.0251445
-0.0254267
-0.0256667
-0.0258722
-0.0260509
-0.0262097
-0.0263554
-0.026494
-0.026631
-0.026771
-0.0269183
-0.0270764
-0.0272483
-0.0274365
-0.0276431
-0.0278694
-0.0281168
-0.0283861
-0.0286777
-0.0289919
-0.0293287
-0.0296874
-0.0300672
-0.0304666
-0.0308839
-0.0313164
-0.0317611
-0.0322142
-0.0326711
-0.0331263
-0.0335736
-0.0340053
-0.0344127
-0.0347858
-0.0351133
-0.0353828
-0.0355804
-0.035691
-0.0356983
-0.0355852
-0.0353335
-0.0349251
-0.0343413
-0.0335643
-0.0325771
-0.0313644
-0.0299138
-0.028216
-0.0262665
-0.0240659
-0.0216216
-0.0189485
-0.0160699
-0.0130183
-0.00983588
-0.00657467
-0.0032959
-6.90692e-05
0.00302985
0.00592103
0.00852413
0.0107622
0.0125661
0.0138789
0.0146598
0.0148869
0.0145594
0.013695
0.0123298
0.0105319
0.00837526
0.00568059
0.00228256
-0.0228364
-0.0237931
-0.0245455
-0.0251552
-0.0256927
-0.0261584
-0.0265536
-0.0268861
-0.0271645
-0.0273973
-0.027593
-0.02776
-0.0279063
-0.0280392
-0.0281655
-0.0282913
-0.0284219
-0.0285619
-0.0287154
-0.0288858
-0.0290758
-0.0292877
-0.0295234
-0.0297844
-0.0300716
-0.0303858
-0.0307275
-0.0310967
-0.0314931
-0.0319159
-0.0323639
-0.0328353
-0.0333276
-0.0338379
-0.0343623
-0.0348963
-0.0354343
-0.0359697
-0.0364947
-0.0370002
-0.0374756
-0.0379091
-0.0382873
-0.0385953
-0.0388169
-0.0389343
-0.0389288
-0.0387804
-0.0384687
-0.0379727
-0.0372718
-0.0363461
-0.0351773
-0.0337495
-0.0320501
-0.0300708
-0.0278091
-0.025269
-0.0224624
-0.0194103
-0.0161438
-0.0127047
-0.00914598
-0.00553179
-0.00193639
0.00155732
0.00486036
0.00788122
0.0105301
0.012724
0.014392
0.01548
0.0159551
0.0158081
0.0150521
0.0137221
0.0118905
0.00963796
0.00677191
0.00311642
-0.0245315
-0.0255345
-0.0263209
-0.0269546
-0.0275093
-0.0279854
-0.0283844
-0.0287147
-0.0289857
-0.0292069
-0.0293879
-0.0295379
-0.029666
-0.0297804
-0.0298886
-0.0299974
-0.0301128
-0.0302401
-0.0303838
-0.0305475
-0.0307345
-0.0309475
-0.0311884
-0.0314591
-0.0317608
-0.0320944
-0.0324606
-0.0328597
-0.0332914
-0.0337553
-0.0342501
-0.0347743
-0.0353254
-0.0359006
-0.036496
-0.037107
-0.0377281
-0.0383524
-0.0389719
-0.039577
-0.0401568
-0.0406987
-0.0411885
-0.0416106
-0.0419474
-0.0421799
-0.0422876
-0.0422488
-0.042041
-0.0416408
-0.0410248
-0.0401704
-0.0390559
-0.037662
-0.0359726
-0.0339757
-0.0316647
-0.0290402
-0.0261104
-0.0228935
-0.0194182
-0.0157251
-0.0118673
-0.00791093
-0.00393417
-2.62995e-05
0.00371484
0.00718634
0.0102849
0.0129122
0.0149815
0.0164234
0.0171912
0.0172651
0.0166511
0.015382
0.0135336
0.0111933
0.00815452
0.00423049
-0.0263114
-0.0273672
-0.0281918
-0.0288518
-0.0294246
-0.0299104
-0.030311
-0.0306357
-0.0308949
-0.0310992
-0.0312594
-0.031386
-0.031489
-0.0315778
-0.0316609
-0.0317459
-0.0318395
-0.0319476
-0.0320751
-0.0322263
-0.0324048
-0.0326135
-0.0328548
-0.0331306
-0.0334425
-0.0337916
-0.0341788
-0.0346044
-0.0350686
-0.0355708
-0.0361101
-0.0366849
-0.037293
-0.0379314
-0.0385964
-0.0392835
-0.0399869
-0.0406997
-0.0414135
-0.0421185
-0.0428031
-0.0434543
-0.0440573
-0.0445952
-0.0450497
-0.0454002
-0.0456248
-0.0457
-0.0456012
-0.0453027
-0.0447786
-0.0440032
-0.0429517
-0.0416015
-0.0399326
-0.037929
-0.0355804
-0.0328829
-0.0298411
-0.0264693
-0.0227933
-0.0188516
-0.0146964
-0.0103945
-0.00602731
-0.00168948
0.00251284
0.00646548
0.0100511
0.0131552
0.0156734
0.0175183
0.0186271
0.0189663
0.0185325
0.0173541
0.0155094
0.0130923
0.00988099
0.00567804
-0.0281822
-0.0292987
-0.0301666
-0.0308556
-0.0314472
-0.0319417
-0.0323411
-0.0326558
-0.0328976
-0.0330783
-0.0332103
-0.0333055
-0.0333753
-0.0334303
-0.03348
-0.0335331
-0.033597
-0.0336782
-0.0337824
-0.0339143
-0.0340777
-0.0342761
-0.034512
-0.0347877
-0.0351049
-0.0354649
-0.0358688
-0.0363171
-0.03681
-0.0373472
-0.0379278
-0.0385503
-0.0392126
-0.0399119
-0.0406443
-0.0414054
-0.0421893
-0.0429889
-0.0437956
-0.0445992
-0.0453878
-0.0461477
-0.0468634
-0.0475172
-0.0480896
-0.0485591
-0.048902
-0.0490932
-0.0491061
-0.0489129
-0.0484851
-0.0477941
-0.0468122
-0.0455131
-0.0438732
-0.0418727
-0.0394967
-0.0367372
-0.0335943
-0.0300783
-0.026211
-0.022028
-0.0175797
-0.0129325
-0.00816945
-0.0033897
0.00129322
0.00575443
0.00986249
0.0134859
0.0165009
0.0188001
0.0203013
0.0209544
0.0207436
0.0196901
0.0178735
0.0153933
0.0120116
0.0075202
-0.0301515
-0.0313382
-0.0322555
-0.0329763
-0.0335875
-0.034089
-0.0344835
-0.0347827
-0.0349999
-0.0351489
-0.0352437
-0.035298
-0.0353248
-0.0353361
-0.0353427
-0.0353543
-0.0353793
-0.035425
-0.0354976
-0.0356023
-0.0357434
-0.0359246
-0.0361488
-0.0364183
-0.0367352
-0.0371009
-0.0375167
-0.037983
-0.0385004
-0.0390685
-0.0396866
-0.0403532
-0.0410664
-0.0418232
-0.04262
-0.043452
-0.0443135
-0.0451971
-0.046094
-0.0469937
-0.0478838
-0.0487501
-0.0495763
-0.0503441
-0.0510329
-0.0516199
-0.0520801
-0.0523869
-0.0525117
-0.0524246
-0.0520947
-0.0514908
-0.0505821
-0.049339
-0.0477342
-0.0457438
-0.0433488
-0.0405366
-0.0373027
-0.0336526
-0.029604
-0.0251883
-0.0204532
-0.0154635
-0.0103027
-0.00507291
0.000106177
0.00509982
0.00976287
0.0139463
0.017506
0.0203121
0.0222601
0.0232797
0.0233391
0.0224497
0.0206896
0.0181633
0.0146155
0.00982699
-0.0322286
-0.033497
-0.0344708
-0.0352269
-0.0358579
-0.036364
-0.0367487
-0.0370253
-0.0372092
-0.0373164
-0.037363
-0.0373649
-0.037337
-0.037293
-0.0372451
-0.0372043
-0.03718
-0.0371802
-0.0372118
-0.0372806
-0.0373911
-0.0375475
-0.0377528
-0.0380096
-0.03832
-0.0386856
-0.0391077
-0.0395871
-0.0401241
-0.0407185
-0.0413697
-0.0420763
-0.0428362
-0.0436465
-0.0445037
-0.0454028
-0.046338
-0.0473018
-0.0482851
-0.0492769
-0.0502646
-0.0512334
-0.0521663
-0.0530442
-0.0538456
-0.0545465
-0.0551207
-0.05554
-0.055774
-0.055791
-0.0555577
-0.0550403
-0.0542053
-0.0530197
-0.0514529
-0.0494769
-0.0470684
-0.0442103
-0.0408934
-0.0371181
-0.0328972
-0.0282577
-0.0232432
-0.0179158
-0.012358
-0.00667343
-0.000986374
0.00455987
0.00980723
0.0145894
0.0187406
0.0221069
0.0245585
0.0260011
0.0263828
0.0257013
0.0240308
0.021479
0.0177716
0.0126784
-0.0344249
-0.035789
-0.0368277
-0.0376227
-0.0382737
-0.038781
-0.0391493
-0.0393943
-0.0395338
-0.0395868
-0.0395719
-0.0395077
-0.0394112
-0.0392982
-0.0391827
-0.0390768
-0.0389912
-0.0389347
-0.0389149
-0.038938
-0.039009
-0.0391322
-0.0393108
-0.0395477
-0.0398449
-0.0402043
-0.040627
-0.0411138
-0.0416652
-0.0422809
-0.0429604
-0.0437021
-0.0445041
-0.0453634
-0.0462763
-0.047238
-0.0482422
-0.0492813
-0.0503459
-0.0514248
-0.0525049
-0.0535706
-0.0546046
-0.0555869
-0.0564951
-0.0573041
-0.0579865
-0.0585126
-0.0588504
-0.0589664
-0.0588251
-0.0583905
-0.0576261
-0.0564961
-0.0549664
-0.0530053
-0.0505854
-0.047685
-0.04429
-0.0403959
-0.03601
-0.0311543
-0.0258676
-0.0202081
-0.0142559
-0.00811441
-0.00191084
0.00420463
0.0100623
0.0154791
0.0202676
0.0242478
0.0272618
0.0291873
0.0299481
0.0295237
0.0279807
0.0254281
0.02157
0.0161654
-0.0367549
-0.0382316
-0.0393453
-0.0401831
-0.0408533
-0.041357
-0.0417004
-0.0419021
-0.0419835
-0.0419669
-0.0418744
-0.0417275
-0.0415461
-0.0413483
-0.0411498
-0.0409646
-0.0408042
-0.0406785
-0.0405957
-0.0405625
-0.0405841
-0.0406651
-0.0408089
-0.0410182
-0.0412953
-0.0416418
-0.0420589
-0.0425474
-0.0431076
-0.0437394
-0.0444419
-0.0452138
-0.0460528
-0.046956
-0.0479196
-0.0489384
-0.0500062
-0.051115
-0.0522551
-0.0534149
-0.0545807
-0.0557367
-0.0568647
-0.0579439
-0.0589511
-0.0598603
-0.0606427
-0.0612674
-0.0617009
-0.0619078
-0.0618508
-0.0614916
-0.0607911
-0.0597109
-0.0582135
-0.0562638
-0.0538303
-0.0508871
-0.0474152
-0.043405
-0.0388585
-0.0337919
-0.0282386
-0.0222519
-0.0159083
-0.0093091
-0.00258276
0.00411569
0.0106067
0.0166916
0.0221613
0.026809
0.0304459
0.0329181
0.0341198
0.0340071
0.0326351
0.0301105
0.0261135
0.0203916
-0.0392366
-0.0408465
-0.0420468
-0.0429315
-0.0436193
-0.0441125
-0.0444196
-0.0445632
-0.0445692
-0.0444642
-0.0442745
-0.0440253
-0.0437398
-0.0434386
-0.0431398
-0.0428589
-0.0426087
-0.0424001
-0.0422417
-0.0421406
-0.0421025
-0.0421319
-0.0422322
-0.0424061
-0.0426557
-0.0429826
-0.0433879
-0.0438722
-0.0444357
-0.0450781
-0.0457984
-0.0465951
-0.0474659
-0.0484077
-0.0494163
-0.0504867
-0.051612
-0.0527842
-0.0539931
-0.0552266
-0.0564707
-0.0577088
-0.0589222
-0.0600895
-0.0611863
-0.0621857
-0.0630579
-0.0637706
-0.064289
-0.064576
-0.0645924
-0.0642978
-0.0636511
-0.0626109
-0.0611368
-0.0591906
-0.0567369
-0.0537457
-0.0501935
-0.0460656
-0.0413584
-0.0360824
-0.030265
-0.0239539
-0.0172205
-0.0101629
-0.0029084
0.00438506
0.0115302
0.0183145
0.0245082
0.029877
0.0341993
0.0372855
0.038995
0.039255
0.0381032
0.0356405
0.0315191
0.0254745
-0.0418927
-0.0436609
-0.0449618
-0.0458974
-0.0465995
-0.0470725
-0.0473282
-0.0473947
-0.0473035
-0.0470868
-0.0467762
-0.0464013
-0.0459891
-0.0455633
-0.0451443
-0.0447495
-0.0443929
-0.0440862
-0.0438387
-0.0436577
-0.043549
-0.0435169
-0.0435649
-0.0436954
-0.0439104
-0.0442111
-0.0445984
-0.0450727
-0.0456339
-0.0462815
-0.0470143
-0.0478306
-0.0487279
-0.0497028
-0.0507509
-0.0518667
-0.0530433
-0.0542721
-0.0555424
-0.0568419
-0.0581558
-0.0594671
-0.0607564
-0.0620013
-0.0631768
-0.0642549
-0.0652048
-0.0659929
-0.066583
-0.0669365
-0.0670126
-0.0667688
-0.0661619
-0.0651482
-0.0636845
-0.0617293
-0.0592442
-0.056195
-0.052554
-0.0483015
-0.0434285
-0.0379397
-0.0318563
-0.0252196
-0.0180951
-0.0105761
-0.00278717
0.00511332
0.0129328
0.0204469
0.0274067
0.0335508
0.0386231
0.0423948
0.0446851
0.0453855
0.0445102
0.0421486
0.0379205
0.031548
-0.0447522
-0.0467095
-0.0481271
-0.0491172
-0.0498279
-0.0502669
-0.0504513
-0.0504161
-0.0502004
-0.0498435
-0.0493833
-0.0488549
-0.0482896
-0.0477146
-0.0471531
-0.046624
-0.0461429
-0.045722
-0.0453711
-0.0450975
-0.0449069
-0.0448036
-0.0447905
-0.0448698
-0.0450431
-0.0453112
-0.0456747
-0.0461335
-0.0466872
-0.047335
-0.0480754
-0.0489063
-0.0498249
-0.0508275
-0.0519094
-0.0530647
-0.054286
-0.0555642
-0.0568884
-0.0582456
-0.0596203
-0.060995
-0.0623495
-0.0636608
-0.0649029
-0.0660469
-0.0670607
-0.0679097
-0.0685564
-0.0689607
-0.0690801
-0.0688705
-0.0682865
-0.0672822
-0.0658119
-0.0638314
-0.0612989
-0.0581767
-0.054433
-0.0500434
-0.0449937
-0.0392829
-0.0329256
-0.0259568
-0.0184351
-0.0104478
-0.00211495
0.00640674
0.0149219
0.0231971
0.0309663
0.0379417
0.043832
0.0483659
0.051317
0.0525337
0.051999
0.0497845
0.0454707
0.0387643
-0.047852
-0.0500363
-0.0515897
-0.0526365
-0.0533465
-0.0537324
-0.0538186
-0.05365
-0.0532754
-0.052743
-0.0520986
-0.0513836
-0.0506346
-0.0498826
-0.0491534
-0.0484678
-0.0478425
-0.0472902
-0.0468209
-0.0464419
-0.0461583
-0.045974
-0.0458915
-0.0459123
-0.0460374
-0.0462672
-0.0466015
-0.0470399
-0.0475815
-0.048225
-0.0489685
-0.0498094
-0.0507445
-0.0517697
-0.0528799
-0.0540687
-0.0553283
-0.0566489
-0.0580191
-0.0594253
-0.0608515
-0.0622794
-0.0636881
-0.0650537
-0.0663494
-0.0675452
-0.0686081
-0.0695022
-0.0701887
-0.0706262
-0.0707706
-0.0705761
-0.0699954
-0.0689805
-0.0674834
-0.0654572
-0.0628572
-0.0596423
-0.0557767
-0.0512318
-0.0459885
-0.0400398
-0.0333944
-0.0260801
-0.0181485
-0.00967991
-0.000788299
0.00837341
0.0176096
0.0266805
0.0353056
0.0431724
0.0499539
0.0553339
0.0590347
0.0608537
0.0607338
0.05872
0.0543453
0.0472977
-0.0512401
-0.0536983
-0.0554092
-0.0565131
-0.0572073
-0.0575131
-0.0574653
-0.0571221
-0.0565451
-0.0557938
-0.0549233
-0.0539829
-0.0530147
-0.052054
-0.0511291
-0.0502628
-0.0494724
-0.048771
-0.0481682
-0.0476708
-0.0472835
-0.0470092
-0.0468495
-0.0468052
-0.0468765
-0.047063
-0.0473638
-0.0477778
-0.0483034
-0.0489388
-0.0496816
-0.0505285
-0.051476
-0.0525193
-0.0536528
-0.0548695
-0.056161
-0.0575171
-0.0589256
-0.0603722
-0.0618404
-0.063311
-0.0647624
-0.0661699
-0.0675056
-0.0687386
-0.0698348
-0.0707572
-0.0714656
-0.0719173
-0.0720669
-0.0718666
-0.0712676
-0.0702198
-0.0686729
-0.0665776
-0.0638863
-0.0605548
-0.0565436
-0.05182
-0.04636
-0.0401512
-0.0331961
-0.0255156
-0.0171537
-0.00818282
0.00129022
0.0111182
0.0211076
0.0310157
0.0405498
0.049375
0.0571295
0.0634496
0.0680009
0.0705213
0.070903
0.0691539
0.0647475
0.0573484
-0.054979
-0.0577694
-0.0596626
-0.0608196
-0.0614748
-0.0616623
-0.0614323
-0.0608611
-0.0600267
-0.0590028
-0.0578561
-0.0566445
-0.0554164
-0.0542113
-0.0530603
-0.0519872
-0.0510099
-0.0501412
-0.04939
-0.0487621
-0.048261
-0.0478885
-0.047645
-0.0475303
-0.0475434
-0.0476828
-0.0479468
-0.0483335
-0.0488405
-0.0494651
-0.0502043
-0.0510542
-0.0520106
-0.0530681
-0.0542204
-0.0554599
-0.0567776
-0.0581625
-0.0596018
-0.0610805
-0.0625812
-0.0640842
-0.0655669
-0.0670036
-0.0683655
-0.0696208
-0.0707342
-0.0716675
-0.0723794
-0.0728257
-0.0729596
-0.0727318
-0.0720916
-0.0709869
-0.0693654
-0.0671754
-0.0643664
-0.0608912
-0.0567068
-0.0517765
-0.0460715
-0.0395743
-0.032281
-0.0242056
-0.0153842
-0.0058809
0.00420595
0.0147364
0.0255217
0.0363185
0.0468256
0.0566881
0.0655102
0.0728792
0.0783986
0.0817372
0.0827245
0.0813175
0.0769145
0.069149
-0.0591513
-0.0623469
-0.0644497
-0.065649
-0.066229
-0.0662442
-0.0657672
-0.0648981
-0.0637369
-0.0623746
-0.0608914
-0.059355
-0.0578206
-0.0563317
-0.0549214
-0.0536143
-0.052428
-0.0513741
-0.0504603
-0.0496907
-0.0490672
-0.0485898
-0.0482576
-0.0480687
-0.0480207
-0.0481109
-0.0483365
-0.0486944
-0.0491813
-0.0497937
-0.0505276
-0.0513785
-0.0523413
-0.05341
-0.0545775
-0.0558355
-0.0571741
-0.0585818
-0.0600449
-0.0615477
-0.0630721
-0.0645973
-0.0660999
-0.0675534
-0.068928
-0.0701907
-0.0713052
-0.0722321
-0.0729289
-0.0733501
-0.0734473
-0.0731698
-0.072465
-0.071279
-0.0695573
-0.0672456
-0.064291
-0.0606431
-0.0562555
-0.0510872
-0.045105
-0.038286
-0.0306199
-0.0221136
-0.012795
-0.00271912
0.00802506
0.0193066
0.0309437
0.0426953
0.0542552
0.0652512
0.0752549
0.0838033
0.0904321
0.0947307
0.0964513
0.0954829
0.0911264
0.0829725
-0.0638676
-0.0675604
-0.0699016
-0.07112
-0.0715695
-0.0713358
-0.0705235
-0.0692657
-0.0676898
-0.0659082
-0.0640167
-0.0620937
-0.0602007
-0.0583848
-0.0566802
-0.0551113
-0.053694
-0.0524381
-0.0513491
-0.0504285
-0.0496761
-0.0490895
-0.0486657
-0.0484009
-0.048291
-0.0483318
-0.0485191
-0.0488485
-0.0493156
-0.0499157
-0.0506441
-0.0514953
-0.0524632
-0.0535411
-0.0547211
-0.055994
-0.0573492
-0.0587744
-0.060255
-0.0617746
-0.0633141
-0.064852
-0.066364
-0.0678223
-0.0691965
-0.0704522
-0.0715522
-0.0724559
-0.0731196
-0.0734965
-0.0735367
-0.0731878
-0.0723955
-0.0711041
-0.0692567
-0.0667968
-0.0636686
-0.0598186
-0.0551967
-0.0497578
-0.0434638
-0.0362862
-0.0282083
-0.0192291
-0.00936794
0.0013301
0.0127867
0.0248816
0.0374424
0.0502337
0.0629472
0.0751972
0.0865241
0.0964136
0.104327
0.109763
0.112379
0.111973
0.107719
0.0991443
-0.0692781
-0.0735843
-0.0761913
-0.0773853
-0.0776194
-0.0770277
-0.0757607
-0.0739954
-0.071894
-0.0695944
-0.0672098
-0.0648291
-0.0625197
-0.0603306
-0.0582958
-0.0564375
-0.0547689
-0.0532965
-0.0520221
-0.0509442
-0.0500591
-0.0493617
-0.0488462
-0.0485066
-0.0483367
-0.0483303
-0.0484816
-0.0487848
-0.0492342
-0.0498239
-0.050548
-0.0514001
-0.0523732
-0.0534596
-0.0546504
-0.0559358
-0.0573042
-0.0587423
-0.060235
-0.0617649
-0.063312
-0.0648539
-0.0663651
-0.0678174
-0.0691787
-0.0704141
-0.0714851
-0.0723499
-0.0729637
-0.0732783
-0.0732423
-0.0728018
-0.0719008
-0.0704813
-0.0684846
-0.0658514
-0.0625232
-0.0584429
-0.0535567
-0.0478152
-0.0411749
-0.0336012
-0.0250702
-0.0155726
-0.005118
0.00625959
0.0184942
0.0314787
0.0450528
0.0589902
0.072985
0.0866414
0.0994713
0.110907
0.12033
0.127133
0.130856
0.131179
0.127101
0.11806
-0.0755908
-0.0806579
-0.0835505
-0.0846421
-0.0845309
-0.083425
-0.0815408
-0.079113
-0.076347
-0.07341
-0.070433
-0.0675149
-0.0647265
-0.0621165
-0.059716
-0.057543
-0.0556058
-0.0539059
-0.05244
-0.0512023
-0.0501848
-0.0493787
-0.0487751
-0.0483651
-0.0481399
-0.0480914
-0.0482117
-0.0484933
-0.0489292
-0.0495122
-0.0502351
-0.0510904
-0.0520701
-0.0531655
-0.0543668
-0.0556633
-0.0570425
-0.0584904
-0.0599907
-0.0615253
-0.0630734
-0.0646116
-0.0661134
-0.0675496
-0.0688872
-0.0700902
-0.0711191
-0.0719311
-0.0724799
-0.0727162
-0.0725872
-0.0720373
-0.0710086
-0.0694414
-0.0672746
-0.0644462
-0.0608946
-0.0565594
-0.0513825
-0.0453093
-0.0382909
-0.0302856
-0.0212616
-0.0111999
-9.89649e-05
0.0120202
0.0251064
0.0390685
0.0537626
0.0689762
0.0844109
0.0996661
0.114229
0.127477
0.138704
0.147178
0.152295
0.153578
0.149785
0.140215
-0.0830998
-0.0891145
-0.0922919
-0.0931449
-0.0924887
-0.0906451
-0.0879227
-0.084631
-0.0810273
-0.07731
-0.0736272
-0.070084
-0.0667513
-0.0636734
-0.0608749
-0.0583664
-0.0561485
-0.0542156
-0.0525578
-0.0511632
-0.0500186
-0.0491109
-0.0484271
-0.047955
-0.047683
-0.0476006
-0.0476977
-0.0479652
-0.0483942
-0.0489762
-0.0497028
-0.0505652
-0.0515545
-0.052661
-0.0538738
-0.0551814
-0.0565703
-0.0580257
-0.0595305
-0.0610655
-0.0626093
-0.0641373
-0.0656223
-0.0670341
-0.0683387
-0.0694992
-0.0704751
-0.0712224
-0.0716938
-0.0718386
-0.0716026
-0.0709287
-0.0697574
-0.0680268
-0.0656734
-0.0626328
-0.0588399
-0.0542305
-0.0487418
-0.0423141
-0.0348917
-0.0264252
-0.0168734
-0.00620621
0.00559126
0.0185136
0.032528
0.0475636
0.0634982
0.08014
0.0972055
0.1143
0.130887
0.146294
0.159717
0.170276
0.17719
0.179767
0.176426
0.166243
-0.0922326
-0.099428
-0.102842
-0.103221
-0.101713
-0.0988108
-0.0949506
-0.0905357
-0.0858812
-0.0812165
-0.0767012
-0.0724409
-0.0684997
-0.0649115
-0.0616895
-0.0588325
-0.0563302
-0.054167
-0.0523244
-0.0507831
-0.0495234
-0.0485269
-0.0477761
-0.047255
-0.0469489
-0.0468445
-0.0469296
-0.047193
-0.0476242
-0.0482133
-0.0489504
-0.0498258
-0.0508293
-0.0519503
-0.053177
-0.0544969
-0.0558958
-0.0573578
-0.0588652
-0.0603979
-0.0619334
-0.0634465
-0.0649092
-0.0662901
-0.0675546
-0.0686648
-0.0695793
-0.0702531
-0.0706379
-0.0706815
-0.0703287
-0.0695208
-0.0681965
-0.0662922
-0.0637419
-0.0604783
-0.0564331
-0.0515378
-0.0457249
-0.0389285
-0.0310857
-0.0221381
-0.0120337
-0.000729198
0.0118062
0.0255864
0.0406011
0.0568062
0.0741089
0.0923468
0.111261
0.130494
0.149466
0.167481
0.183624
0.196843
0.206129
0.2105
0.207887
0.196995
-0.103632
-0.112286
-0.115786
-0.115287
-0.112453
-0.108034
-0.102633
-0.0967649
-0.0908039
-0.0850019
-0.0795197
-0.0744518
-0.0698454
-0.0657155
-0.0620568
-0.0588509
-0.0560725
-0.0536931
-0.0516833
-0.0500146
-0.0486599
-0.0475946
-0.0467962
-0.0462446
-0.0459216
-0.0458112
-0.0458988
-0.0461712
-0.0466163
-0.0472227
-0.0479793
-0.0488752
-0.0498992
-0.0510397
-0.0522842
-0.0536192
-0.0550296
-0.0564989
-0.0580085
-0.0595375
-0.0610628
-0.0625582
-0.063995
-0.065341
-0.066561
-0.0676161
-0.0684641
-0.0690592
-0.0693519
-0.0692893
-0.0688146
-0.067868
-0.0663867
-0.0643049
-0.0615546
-0.0580655
-0.0537658
-0.0485829
-0.0424441
-0.0352767
-0.02701
-0.0175754
-0.00690848
0.00504938
0.0183481
0.0330249
0.0490982
0.0665579
0.0853513
0.105361
0.126377
0.148057
0.169869
0.191065
0.210629
0.22731
0.23981
0.24675
0.24534
0.233659
-0.118302
-0.128707
-0.131928
-0.129856
-0.124968
-0.11838
-0.110905
-0.103175
-0.0956103
-0.0884671
-0.0818864
-0.0759333
-0.0706231
-0.0659402
-0.0618515
-0.0583153
-0.0552863
-0.05272
-0.0505737
-0.0488082
-0.0473883
-0.0462825
-0.0454628
-0.044905
-0.0445873
-0.044491
-0.0445992
-0.0448968
-0.0453701
-0.0460063
-0.0467932
-0.0477189
-0.0487713
-0.0499379
-0.0512054
-0.0525596
-0.0539848
-0.0554635
-0.0569767
-0.0585027
-0.0600176
-0.0614948
-0.0629047
-0.0642147
-0.0653888
-0.0663875
-0.0671678
-0.0676833
-0.0678835
-0.0677146
-0.067119
-0.0660356
-0.0644001
-0.0621451
-0.0592003
-0.0554927
-0.0509472
-0.0454868
-0.0390333
-0.0315074
-0.0228295
-0.0129202
-0.00170099
0.0109042
0.0249675
0.0405541
0.0577174
0.0764909
0.0968752
0.118816
0.142173
0.16667
0.191832
0.216914
0.240821
0.262082
0.27904
0.289772
0.290423
0.277987
-0.137894
-0.150232
-0.152362
-0.147533
-0.139477
-0.129809
-0.119568
-0.109487
-0.0999962
-0.0913131
-0.0835255
-0.0766413
-0.0706228
-0.0654084
-0.0609268
-0.0571053
-0.0538742
-0.0511695
-0.0489335
-0.0471156
-0.0456713
-0.0445622
-0.0437551
-0.0432214
-0.0429363
-0.0428783
-0.0430285
-0.0433702
-0.0438883
-0.0445689
-0.0453987
-0.046365
-0.0474551
-0.0486558
-0.0499531
-0.0513322
-0.0527767
-0.0542689
-0.0557888
-0.0573144
-0.0588213
-0.0602824
-0.0616675
-0.0629436
-0.0640742
-0.0650192
-0.0657353
-0.0661751
-0.066288
-0.0660191
-0.0653102
-0.0640993
-0.0623207
-0.0599056
-0.0567818
-0.0528736
-0.0481028
-0.0423884
-0.0356468
-0.0277917
-0.0187346
-0.00838445
0.00335199
0.0165701
0.0313669
0.0478398
0.0660839
0.0861864
0.108216
0.132204
0.158112
0.18578
0.214846
0.24464
0.274066
0.301441
0.324702
0.341186
0.345482
0.332714
-0.165279
-0.179233
-0.178535
-0.168936
-0.15604
-0.142049
-0.128191
-0.115217
-0.103486
-0.0931087
-0.0840639
-0.0762632
-0.0695885
-0.0639142
-0.0591193
-0.0550929
-0.0517369
-0.0489655
-0.0467054
-0.0448939
-0.0434778
-0.042412
-0.0416587
-0.0411854
-0.0409646
-0.0409727
-0.0411893
-0.0415964
-0.0421778
-0.0429188
-0.0438055
-0.0448247
-0.0459631
-0.047207
-0.0485422
-0.0499533
-0.0514236
-0.0529348
-0.0544667
-0.055997
-0.0575009
-0.058951
-0.0603168
-0.0615649
-0.0626586
-0.0635574
-0.0642177
-0.0645918
-0.0646286
-0.064273
-0.063466
-0.0621451
-0.0602434
-0.0576912
-0.0544144
-0.0503355
-0.0453733
-0.039443
-0.032456
-0.0243196
-0.0149363
-0.0042037
0.0079865
0.0217497
0.0372093
0.0544982
0.0737583
0.0951395
0.118794
0.144863
0.17345
0.204571
0.238068
0.273474
0.309806
0.345342
0.377608
0.403012
0.413948
0.402402
-0.205749
-0.219377
-0.212178
-0.194451
-0.174289
-0.154377
-0.135936
-0.119554
-0.105363
-0.0932528
-0.0830153
-0.0744153
-0.0672231
-0.061231
-0.0562582
-0.0521511
-0.048781
-0.0460408
-0.0438418
-0.0421106
-0.0407866
-0.0398194
-0.0391673
-0.0387955
-0.0386744
-0.0387793
-0.0390888
-0.039584
-0.0402485
-0.0410672
-0.0420259
-0.0431111
-0.0443093
-0.0456069
-0.0469892
-0.0484408
-0.0499448
-0.0514828
-0.0530343
-0.054577
-0.056086
-0.0575336
-0.0588894
-0.0601198
-0.0611879
-0.0620533
-0.0626721
-0.0629968
-0.0629758
-0.0625541
-0.0616724
-0.0602675
-0.0582728
-0.0556169
-0.0522248
-0.0480173
-0.0429111
-0.0368181
-0.0296455
-0.0212946
-0.0116602
-0.000629419
0.0119204
0.0261238
0.0421306
0.0601092
0.0802511
0.102774
0.127926
0.15598
0.187222
0.221914
0.260215
0.302041
0.346796
0.393016
0.438098
0.477495
0.500816
0.494995
-0.269277
-0.276186
-0.254993
-0.223743
-0.192992
-0.16529
-0.14136
-0.121258
-0.104628
-0.0909737
-0.0798011
-0.0706731
-0.0632209
-0.0571421
-0.0521925
-0.0481767
-0.0449382
-0.0423518
-0.040317
-0.0387528
-0.0375937
-0.0367866
-0.0362878
-0.0360613
-0.0360774
-0.036311
-0.0367404
-0.0373473
-0.0381151
-0.0390289
-0.0400749
-0.0412398
-0.0425102
-0.0438725
-0.0453124
-0.0468144
-0.0483618
-0.0499363
-0.0515175
-0.0530831
-0.0546084
-0.0560659
-0.0574252
-0.0586528
-0.0597119
-0.0605623
-0.0611603
-0.0614585
-0.0614056
-0.0609464
-0.060022
-0.0585688
-0.0565201
-0.0538042
-0.0503455
-0.0460638
-0.040874
-0.0346859
-0.0274033
-0.018923
-0.00913356
0.00208661
0.0148722
0.0293745
0.0457664
0.0642493
0.0850611
0.108488
0.134874
0.164639
0.198282
0.236375
0.279528
0.328267
0.382783
0.442489
0.505403
0.566564
0.612848
0.623947
-0.374801
-0.357291
-0.308017
-0.255312
-0.209785
-0.172405
-0.14246
-0.118803
-0.100189
-0.0855247
-0.073932
-0.0647309
-0.0574025
-0.0515533
-0.0468845
-0.0431685
-0.0402302
-0.0379342
-0.0361746
-0.0348681
-0.0339484
-0.0333625
-0.0330676
-0.0330288
-0.0332174
-0.0336092
-0.0341838
-0.0349237
-0.0358132
-0.0368383
-0.0379857
-0.0392429
-0.0405971
-0.0420352
-0.0435433
-0.0451063
-0.0467079
-0.04833
-0.0499527
-0.0515542
-0.0531099
-0.0545928
-0.0559728
-0.0572166
-0.0582878
-0.0591467
-0.0597499
-0.0600505
-0.0599976
-0.0595364
-0.0586084
-0.0571495
-0.055094
-0.0523703
-0.0489025
-0.04461
-0.0394069
-0.0332017
-0.0258964
-0.0173848
-0.00755142
0.00373133
0.0166065
0.0312377
0.047815
0.0665651
0.0877638
0.111754
0.138968
0.169965
0.205462
0.246388
0.293911
0.349435
0.414473
0.490319
0.577046
0.670818
0.758281
0.811707
-0.565884
-0.471193
-0.367667
-0.283776
-0.219603
-0.171675
-0.136385
-0.110346
-0.0909275
-0.0762704
-0.06508
-0.0564493
-0.0497406
-0.0445009
-0.0404045
-0.0372131
-0.0347495
-0.0328802
-0.0315034
-0.0305399
-0.0299279
-0.0296184
-0.0295723
-0.0297578
-0.030149
-0.0307242
-0.0314651
-0.0323559
-0.0333825
-0.0345324
-0.0357936
-0.0371544
-0.0386032
-0.0401276
-0.0417145
-0.0433495
-0.0450169
-0.0466993
-0.0483775
-0.0500301
-0.0516333
-0.0531605
-0.054582
-0.0558653
-0.0569745
-0.0578705
-0.0585107
-0.0588485
-0.0588338
-0.0584121
-0.0575251
-0.0561117
-0.0541043
-0.0514324
-0.0480207
-0.0437887
-0.0386507
-0.0325151
-0.0252833
-0.0168485
-0.00709344
0.00411181
0.016914
0.0314821
0.0480149
0.0667521
0.0879902
0.112106
0.139591
0.1711
0.207531
0.250133
0.300659
0.361573
0.436295
0.529353
0.645194
0.784976
0.947073
1.10838
-0.961751
-0.619025
-0.405631
-0.284195
-0.204871
-0.151408
-0.115562
-0.0910112
-0.073649
-0.0610433
-0.0517055
-0.0446798
-0.0393367
-0.0352527
-0.032135
-0.0297755
-0.0280231
-0.0267654
-0.0259177
-0.0254147
-0.0252059
-0.0252513
-0.025519
-0.0259833
-0.0266233
-0.0274213
-0.0283626
-0.0294342
-0.0306248
-0.0319237
-0.0333209
-0.0348064
-0.0363701
-0.0380009
-0.0396868
-0.0414146
-0.0431697
-0.0449356
-0.0466943
-0.048425
-0.050105
-0.0517084
-0.0532064
-0.0545675
-0.0557565
-0.0567354
-0.0574622
-0.0578915
-0.0579737
-0.0576555
-0.0568797
-0.0555852
-0.0537062
-0.0511731
-0.0479113
-0.0438416
-0.0388793
-0.032934
-0.0259086
-0.0176977
-0.00818578
0.00275473
0.0152678
0.0295189
0.0457025
0.0640528
0.0848602
0.108495
0.135444
0.166371
0.202206
0.244312
0.294743
0.356725
0.43552
0.539754
0.681688
0.879243
1.18328
1.63826
-1.67478
-0.766909
-0.365615
-0.21815
-0.14357
-0.0994328
-0.0731587
-0.0568046
-0.0458819
-0.0381992
-0.0326248
-0.0285054
-0.0254388
-0.0231656
-0.0215106
-0.0203497
-0.0195922
-0.01917
-0.0190311
-0.0191352
-0.0194503
-0.0199514
-0.0206179
-0.0214336
-0.0223847
-0.0234598
-0.0246491
-0.0259439
-0.0273365
-0.0288193
-0.0303849
-0.0320259
-0.0337341
-0.0355002
-0.0373142
-0.0391644
-0.0410377
-0.0429193
-0.0447922
-0.0466374
-0.048433
-0.0501546
-0.0517747
-0.0532628
-0.0545852
-0.055705
-0.0565813
-0.0571699
-0.0574223
-0.0572866
-0.0567067
-0.0556228
-0.0539705
-0.0516815
-0.0486829
-0.044897
-0.0402416
-0.0346287
-0.0279643
-0.0201468
-0.0110662
-0.000601848
0.0113809
0.0250347
0.040536
0.0580938
0.0779624
0.10046
0.125997
0.155124
0.188609
0.227572
0.273755
0.330073
0.401911
0.500024
0.645992
0.892114
1.4121
2.4427
)
;

boundaryField
{
    movingWall
    {
        type            zeroGradient;
    }
    fixedWalls
    {
        type            zeroGradient;
    }
    frontAndBack
    {
        type            empty;
    }
}


// ************************************************************************* //
