/*--------------------------------*- C++ -*----------------------------------*\
  =========                 |
  \\      /  F ield         | OpenFOAM: The Open Source CFD Toolbox
   \\    /   O peration     | Website:  https://openfoam.org
    \\  /    A nd           | Version:  7
     \\/     M anipulation  |
\*---------------------------------------------------------------------------*/
FoamFile
{
    version     2.0;
    format      ascii;
    class       volScalarField;
    location    "0.05";
    object      p;
}
// * * * * * * * * * * * * * * * * * * * * * * * * * * * * * * * * * * * * * //

dimensions      [0 2 -2 0 0 0 0];

internalField   nonuniform List<scalar> 
6400
(
-1.18642e-08
-4.12132e-05
-0.000164135
-0.000350526
-0.000568798
-0.000794921
-0.00101369
-0.00121421
-0.00138788
-0.00152833
-0.00163106
-0.00169282
-0.00171137
-0.00168512
-0.00161325
-0.00149603
-0.00133435
-0.00112891
-0.000880324
-0.000589597
-0.00025817
0.000112352
0.00052041
0.000964501
0.00144326
0.00195538
0.00249937
0.0030735
0.00367591
0.00430486
0.00495867
0.00563556
0.00633375
0.00705144
0.00778678
0.00853777
0.00930222
0.010078
0.0108629
0.0116547
0.0124511
0.0132497
0.0140481
0.0148442
0.0156355
0.0164197
0.017194
0.017956
0.0187031
0.019433
0.0201428
0.02083
0.0214919
0.0221263
0.0227305
0.0233024
0.0238395
0.0243398
0.0248013
0.0252222
0.0256006
0.0259345
0.0262221
0.0264618
0.0266524
0.0267932
0.026884
0.0269252
0.0269179
0.0268643
0.0267673
0.0266309
0.0264609
0.0262644
0.0260511
0.0258336
0.0256281
0.0254554
0.0253421
0.0253062
3.22718e-05
-1.70376e-05
-0.000122601
-0.00027353
-0.000447669
-0.000628274
-0.000803911
-0.000965146
-0.00110453
-0.00121591
-0.00129432
-0.00133649
-0.00134006
-0.00130303
-0.00122425
-0.0011034
-0.000940774
-0.00073702
-0.0004928
-0.000208811
0.000114034
0.000474573
0.000871437
0.00130314
0.00176826
0.0022655
0.00279342
0.00335042
0.00393489
0.0045453
0.00518003
0.00583727
0.00651522
0.00721215
0.00792625
0.00865552
0.00939789
0.0101513
0.0109136
0.0116825
0.0124557
0.0132309
0.0140058
0.0147784
0.0155463
0.016307
0.0170579
0.0177967
0.018521
0.0192281
0.0199156
0.020581
0.0212218
0.0218358
0.0224207
0.0229743
0.0234943
0.0239789
0.0244263
0.0248349
0.0252029
0.0255286
0.0258106
0.0260475
0.0262385
0.0263833
0.0264819
0.026535
0.0265442
0.0265116
0.0264405
0.0263349
0.0262004
0.0260438
0.0258736
0.0257007
0.0255376
0.0254
0.0253064
0.0252707
0.000133332
6.26357e-05
-4.34672e-05
-0.000178554
-0.000329189
-0.000483533
-0.00063235
-0.000767947
-0.000883989
-0.000974721
-0.0010356
-0.00106322
-0.00105509
-0.00100953
-0.000925225
-0.00080134
-0.000637753
-0.000434918
-0.0001935
8.58148e-05
0.000402392
0.000755397
0.00114363
0.00156575
0.00202039
0.00250616
0.0030216
0.00356519
0.00413556
0.00473134
0.00535095
0.00599267
0.00665473
0.0073354
0.00803287
0.00874513
0.00947019
0.0102061
0.0109507
0.0117017
0.0124568
0.0132138
0.0139707
0.0147252
0.015475
0.0162176
0.0169506
0.0176715
0.018378
0.0190678
0.0197381
0.0203868
0.0210115
0.0216102
0.0221805
0.0227203
0.0232277
0.0237007
0.0241377
0.0245371
0.0248975
0.0252172
0.0254951
0.0257301
0.0259218
0.02607
0.0261749
0.0262372
0.0262587
0.0262414
0.0261887
0.0261044
0.0259937
0.0258626
0.0257188
0.0255711
0.0254298
0.0253066
0.0252131
0.0251581
0.000284779
0.000182001
6.35577e-05
-6.88076e-05
-0.000210181
-0.0003515
-0.000485349
-0.00060541
-0.000706009
-0.00078263
-0.000831188
-0.000848171
-0.000831261
-0.000778946
-0.000690029
-0.000563657
-0.000399373
-0.000197227
4.22574e-05
0.000318401
0.000630544
0.000977875
0.00135934
0.00177378
0.00221998
0.00269652
0.00320194
0.00373483
0.00429392
0.0048779
0.00548524
0.00611434
0.00676357
0.00743116
0.00811521
0.00881381
0.00952501
0.0102469
0.0109773
0.011714
0.0124546
0.0131973
0.01394
0.0146803
0.0154159
0.0161443
0.0168631
0.01757
0.0182627
0.0189387
0.0195956
0.0202312
0.0208436
0.0214305
0.0219897
0.0225192
0.0230171
0.0234814
0.0239106
0.0243032
0.0246578
0.0249731
0.0252479
0.0254818
0.0256743
0.0258254
0.0259352
0.0260045
0.0260349
0.0260286
0.0259885
0.0259184
0.0258226
0.0257067
0.0255771
0.025441
0.0253067
0.0251833
0.0250755
0.0249859
0.000468098
0.000327221
0.000189716
5.18884e-05
-8.81245e-05
-0.000223815
-0.0003494
-0.000459445
-0.00054941
-0.000615583
-0.000654523
-0.000663259
-0.000639529
-0.000581718
-0.000488797
-0.000360109
-0.00019514
6.30696e-06
0.000244007
0.000517492
0.000826032
0.00116868
0.00154446
0.00195234
0.00239113
0.00285945
0.00335599
0.00387955
0.00442885
0.00500256
0.00559923
0.00621732
0.00685529
0.00751138
0.00818366
0.00887027
0.00956942
0.0102791
0.0109971
0.0117213
0.0124497
0.0131801
0.0139106
0.0146388
0.0153622
0.0160785
0.0167852
0.0174802
0.018161
0.0188253
0.0194708
0.0200955
0.0206975
0.0212747
0.0218248
0.0223457
0.0228357
0.0232929
0.0237158
0.0241028
0.0244527
0.0247643
0.0250369
0.02527
0.0254634
0.0256169
0.0257307
0.0258054
0.0258427
0.0258446
0.0258139
0.0257537
0.025668
0.0255615
0.0254394
0.0253075
0.0251726
0.0250412
0.0249113
0.0247797
0.000667557
0.000486096
0.000325
0.000176006
3.11262e-05
-0.000104847
-0.000227198
-0.000332023
-0.000415617
-0.000474672
-0.000506567
-0.000509074
-0.000480183
-0.000418268
-0.000322262
-0.000191563
-2.58091e-05
0.00017519
0.000411423
0.000682579
0.000987951
0.00132663
0.0016977
0.0021001
0.0025326
0.0029939
0.00348288
0.00399847
0.00453944
0.00510442
0.00569206
0.00630088
0.00692925
0.00757541
0.00823762
0.00891409
0.00960298
0.0103023
0.0110099
0.0117237
0.0124418
0.0131621
0.0138826
0.0146006
0.0153139
0.0160201
0.016717
0.0174021
0.0180731
0.0187279
0.0193642
0.0199802
0.0205739
0.0211433
0.021686
0.0222001
0.0226839
0.0231356
0.0235535
0.0239362
0.0242825
0.0245916
0.0248628
0.0250955
0.0252897
0.025445
0.0255615
0.0256401
0.0256824
0.0256902
0.0256658
0.0256121
0.0255322
0.0254303
0.0253105
0.0251772
0.0250358
0.024891
0.024735
0.0245593
0.000868435
0.00064611
0.000459326
0.000295443
0.000141175
5.81392e-07
-0.000122692
-0.000226118
-0.00030673
-0.000361804
-0.000389268
-0.000387393
-0.000354664
-0.000289749
-0.00019156
-5.94097e-05
0.000107014
0.00030785
0.000543077
0.00081236
0.00111507
0.00145044
0.0018176
0.00221544
0.00264271
0.00309834
0.00358126
0.00409037
0.00462451
0.0051824
0.00576269
0.00636388
0.00698435
0.00762237
0.00827629
0.00894446
0.00962504
0.010316
0.0110152
0.0117208
0.0124308
0.0131432
0.0138556
0.0145657
0.015271
0.0159694
0.0166586
0.017336
0.0179996
0.0186471
0.0192766
0.0198861
0.0204736
0.0210371
0.0215743
0.0220834
0.0225626
0.0230103
0.0234247
0.0238045
0.0241486
0.0244562
0.0247265
0.0249592
0.0251539
0.0253103
0.0254287
0.0255099
0.0255554
0.0255668
0.0255462
0.0254957
0.0254181
0.0253167
0.0251949
0.0250557
0.0249035
0.024742
0.0245581
0.0243391
0.00105869
0.000797121
0.000583994
0.00040313
0.000236994
8.85726e-05
-3.89276e-05
-0.000143701
-0.000223877
-0.000277486
-0.000302755
-0.000298269
-0.000262943
-0.000195832
-9.60339e-05
3.71118e-05
0.000203982
0.00040474
0.000639242
0.000907084
0.00120775
0.00154053
0.00190451
0.00229862
0.00272176
0.00317293
0.00365118
0.00415533
0.00468417
0.00523655
0.00581112
0.00640628
0.00702043
0.00765205
0.00829959
0.00896136
0.00963548
0.01032
0.0110129
0.0117125
0.0124166
0.013123
0.0138295
0.0145336
0.0152331
0.0159258
0.0166094
0.0172815
0.0179399
0.0185825
0.0192074
0.0198125
0.0203959
0.0209553
0.0214887
0.0219944
0.0224707
0.0229159
0.0233282
0.0237065
0.0240495
0.0243565
0.0246267
0.0248594
0.0250544
0.0252115
0.0253309
0.0254136
0.0254609
0.0254742
0.025455
0.0254051
0.0253267
0.0252226
0.0250953
0.0249471
0.0247815
0.0246015
0.0243897
0.0241298
0.00122943
0.000930893
0.000691728
0.000493231
0.000313743
0.000155477
2.15069e-05
-8.68848e-05
-0.000168685
-0.000222627
-0.000247391
-0.000241851
-0.000205136
-0.000136594
-3.56318e-05
9.82936e-05
0.000265544
0.000466228
0.000700149
0.000966925
0.0012661
0.00159697
0.00195853
0.00234981
0.00276993
0.00321791
0.00369272
0.00419327
0.00471839
0.00526682
0.00583716
0.00642787
0.00703744
0.00766448
0.00830746
0.00896469
0.00963428
0.0103144
0.0110031
0.0116987
0.0123988
0.0131012
0.0138036
0.0145038
0.0151996
0.0158888
0.016569
0.0172379
0.0178933
0.0185333
0.0191558
0.0197586
0.0203396
0.0208968
0.0214282
0.0219322
0.0224071
0.0228512
0.0232629
0.0236408
0.0239838
0.0242909
0.0245613
0.0247943
0.0249896
0.0251471
0.0252671
0.0253505
0.0253983
0.0254118
0.025392
0.0253404
0.0252588
0.0251494
0.0250143
0.024855
0.0246746
0.0244755
0.0242366
0.023939
0.00137375
0.00104099
0.00077696
0.000560452
0.00036688
0.000197918
5.60814e-05
-5.77388e-05
-0.000142849
-0.000198527
-0.000224042
-0.000218605
-0.00018154
-0.000112363
-1.06966e-05
0.000123845
0.000291465
0.000492119
0.000725667
0.000991821
0.00129002
0.0016195
0.00197944
0.00236893
0.00278711
0.00323307
0.00370575
0.00420408
0.00472688
0.00527284
0.00584052
0.00642842
0.00703519
0.00765952
0.00829982
0.00895437
0.00962139
0.0102991
0.0109857
0.0116791
0.0123771
0.0130773
0.0137777
0.0144761
0.0151702
0.0158579
0.0165369
0.0172048
0.0178595
0.018499
0.019121
0.0197233
0.0203039
0.0208608
0.021392
0.0218959
0.022371
0.0228155
0.0232278
0.0236064
0.0239502
0.0242581
0.0245292
0.0247628
0.0249586
0.0251165
0.0252369
0.0253203
0.0253677
0.0253799
0.0253578
0.0253026
0.025216
0.0250996
0.0249551
0.0247835
0.0245877
0.0243695
0.024105
0.0237729
0.0014864
0.00112257
0.000835002
0.000600617
0.000392735
0.000212601
6.21313e-05
-5.81901e-05
-0.000147879
-0.000206525
-0.000233806
-0.000229334
-0.000192704
-0.000123545
-2.15947e-05
0.000113299
0.000281185
0.000481962
0.000715462
0.000981397
0.00127915
0.00160793
0.00196703
0.00235572
0.00277309
0.00321816
0.00368995
0.0041874
0.00470929
0.00525422
0.00582079
0.00640763
0.00701347
0.00763695
0.00827643
0.0089302
0.00959659
0.0102739
0.0109602
0.0116533
0.0123511
0.0130511
0.0137515
0.0144501
0.0151447
0.015833
0.0165129
0.0171819
0.017838
0.018479
0.0191025
0.0197063
0.0202884
0.0208468
0.0213796
0.0218853
0.0223622
0.0228084
0.0232224
0.0236027
0.0239482
0.0242575
0.0245299
0.0247647
0.0249614
0.02512
0.0252405
0.0253235
0.0253695
0.0253793
0.0253536
0.0252935
0.0252005
0.025076
0.0249211
0.0247367
0.0245251
0.0242882
0.0239997
0.0236363
0.00156363
0.00117145
0.000862008
0.000610549
0.000388315
0.000196621
3.71258e-05
-9.02341e-05
-0.000185335
-0.000247914
-0.000277848
-0.000275081
-0.000239465
-0.000170798
-6.89247e-05
6.6091e-05
0.000234149
0.000435209
0.00066906
0.00093521
0.00123304
0.00156189
0.00192112
0.00230995
0.0027275
0.00317281
0.00364495
0.00414283
0.00466512
0.00521046
0.00577756
0.00636515
0.0069719
0.00759635
0.00823684
0.00889173
0.00955945
0.0102382
0.0109261
0.0116209
0.0123202
0.0130222
0.0137247
0.0144257
0.0151228
0.015814
0.0164968
0.017169
0.0178285
0.018473
0.0191
0.0197072
0.0202928
0.0208547
0.0213911
0.0219003
0.0223804
0.0228298
0.0232467
0.0236297
0.0239777
0.0242893
0.0245638
0.0248003
0.0249984
0.0251577
0.0252782
0.0253602
0.0254042
0.0254107
0.0253805
0.0253146
0.0252144
0.025081
0.0249152
0.0247174
0.0244901
0.0242351
0.0239242
0.0235325
0.00160276
0.00118442
0.000854819
0.000587269
0.000351011
0.00014764
-2.11793e-05
-0.000155953
-0.000256938
-0.000324067
-0.000357379
-0.000356964
-0.000322815
-0.000254974
-0.000153531
-1.85716e-05
0.000149796
0.000351396
0.000585875
0.000852697
0.00115129
0.00148107
0.00184132
0.00223124
0.00264997
0.00309665
0.00357032
0.00406982
0.00459383
0.00514111
0.00571044
0.00630054
0.00690995
0.00753712
0.00818045
0.00883838
0.00950934
0.0101915
0.0108828
0.0115811
0.0122842
0.0129902
0.013697
0.0144026
0.0151045
0.0158005
0.0164885
0.017166
0.0178309
0.0184807
0.0191131
0.0197258
0.0203169
0.0208844
0.0214262
0.0219405
0.0224255
0.0228793
0.0233003
0.0236872
0.0240387
0.0243536
0.0246308
0.0248696
0.0250693
0.0252294
0.0253498
0.0254305
0.0254719
0.0254747
0.0254395
0.0253673
0.0252593
0.0251164
0.0249392
0.0247279
0.024485
0.0242126
0.0238808
0.0234632
0.00160205
0.00115943
0.000810809
0.000528073
0.00027847
6.35594e-05
-0.00011482
-0.000257304
-0.000364501
-0.000436616
-0.000473745
-0.000476073
-0.000443815
-0.000377156
-0.000276305
-0.000141389
2.74409e-05
0.000229836
0.000465311
0.000733372
0.00103349
0.001365
0.00172714
0.00211908
0.00254006
0.00298922
0.00346554
0.00396787
0.004495
0.00504578
0.00561903
0.00621331
0.00682704
0.00745866
0.00810665
0.00876948
0.00944553
0.0101329
0.0108295
0.0115334
0.0122424
0.0129547
0.0136681
0.0143804
0.0150892
0.0157923
0.0164874
0.0171723
0.0178446
0.0185018
0.0191415
0.0197618
0.0203604
0.0209354
0.0214844
0.0220055
0.0224968
0.0229566
0.0233831
0.0237751
0.0241312
0.0244502
0.0247309
0.0249723
0.0251739
0.0253349
0.025455
0.0255343
0.0255731
0.025572
0.0255316
0.0254528
0.0253366
0.0251838
0.0249949
0.02477
0.0245118
0.0242228
0.0238712
0.0234298
0.00156035
0.00109487
0.000728068
0.000430784
0.000168406
-5.77233e-05
-0.000245723
-0.000396189
-0.000509851
-0.000587176
-0.000628388
-0.000633744
-0.000603637
-0.00053837
-0.000438129
-0.000303128
-0.000133685
6.97574e-05
0.000306711
0.000576685
0.000879071
0.0012131
0.00157798
0.00197296
0.00239727
0.00285
0.00333012
0.00383658
0.00436832
0.00492422
0.00550297
0.00610299
0.00672264
0.00736042
0.00801486
0.00868442
0.00936738
0.0100618
0.0107658
0.0114774
0.0121946
0.0129154
0.0136375
0.0143585
0.0150763
0.0157886
0.0164931
0.0171874
0.017869
0.0185355
0.0191848
0.0198146
0.0204228
0.0210071
0.0215651
0.0220946
0.0225939
0.0230612
0.0234949
0.0238934
0.0242553
0.0245791
0.0248638
0.0251084
0.0253121
0.0254742
0.0255943
0.0256723
0.0257087
0.0257037
0.025658
0.0255724
0.0254478
0.0252848
0.025084
0.0248456
0.0245725
0.0242674
0.0238972
0.0234335
0.00147633
0.000989252
0.000605103
0.000293631
1.87228e-05
-0.000218369
-0.000415852
-0.000574411
-0.000694741
-0.000777381
-0.000822783
-0.000831372
-0.00080355
-0.00073965
-0.000639916
-0.000504704
-0.000334462
-0.000129622
0.000109368
0.00038192
0.000687272
0.00102461
0.00139319
0.00179226
0.00222099
0.00267841
0.0031636
0.00367566
0.00421357
0.00477613
0.00536186
0.0059691
0.00659626
0.00724191
0.00790458
0.00858265
0.00927434
0.00997782
0.0106913
0.0114128
0.0121403
0.0128716
0.0136044
0.0143364
0.0150654
0.0157891
0.016505
0.0172107
0.0179038
0.0185819
0.0192427
0.0198841
0.0205038
0.0210992
0.0216678
0.0222076
0.0227167
0.0231934
0.0236357
0.0240421
0.0244109
0.0247407
0.0250301
0.0252784
0.0254847
0.0256483
0.0257688
0.0258459
0.02588
0.0258712
0.0258201
0.0257275
0.0255942
0.0254209
0.0252081
0.0249563
0.0246687
0.024348
0.0239599
0.0234751
0.0013486
0.000841192
0.000440422
0.000115013
-0.000172322
-0.000420291
-0.000627195
-0.000793802
-0.000920813
-0.00100884
-0.00105851
-0.00107036
-0.00104477
-0.000982097
-0.000882754
-0.00074719
-0.00057584
-0.000369115
-0.000127533
0.000148184
0.000457207
0.000798743
0.00117204
0.00157627
0.0020105
0.00247386
0.00296555
0.00348474
0.00403035
0.00460099
0.00519511
0.00581109
0.0064474
0.00710264
0.00777526
0.0084636
0.00916592
0.0098805
0.0106056
0.0113392
0.012079
0.0128229
0.0135685
0.0143135
0.0150559
0.0157932
0.0165228
0.0172422
0.0179489
0.0186408
0.0193153
0.0199704
0.0206034
0.0212117
0.0217928
0.0223448
0.0228656
0.0233534
0.0238061
0.0242218
0.0245986
0.0249352
0.0252303
0.0254831
0.0256927
0.0258584
0.0259796
0.0260562
0.026088
0.0260753
0.0260187
0.025919
0.0257768
0.0255931
0.0253685
0.0251035
0.0248014
0.0244654
0.02406
0.0235547
0.0011763
0.000649286
0.000232457
-0.000106595
-0.00040636
-0.000665261
-0.000881534
-0.0010561
-0.00118977
-0.00128323
-0.00133717
-0.00135211
-0.00132855
-0.00126698
-0.00116789
-0.0010317
-0.000858799
-0.000649676
-0.000404989
-0.00012551
0.000187967
0.000534643
0.000913655
0.00132407
0.00176499
0.00223566
0.00273536
0.00326319
0.00381791
0.00439801
0.00500196
0.00562824
0.00627538
0.00694191
0.00762622
0.0083267
0.00904169
0.0097695
0.0105083
0.011256
0.0120101
0.0127686
0.0135291
0.0142895
0.0150475
0.0158007
0.0165462
0.0172816
0.0180044
0.0187123
0.0194028
0.0200734
0.0207216
0.0213447
0.0219404
0.0225065
0.0230411
0.0235418
0.0240064
0.0244326
0.0248188
0.0251633
0.0254652
0.0257234
0.0259372
0.0261056
0.0262279
0.0263039
0.0263335
0.026317
0.0262549
0.026148
0.025997
0.0258029
0.0255663
0.025288
0.0249716
0.0246203
0.0241977
0.0236723
0.00095886
0.000412343
-2.03678e-05
-0.000372872
-0.000685015
-0.000954892
-0.00118054
-0.00136305
-0.00150339
-0.00160224
-0.00166027
-0.00167811
-0.00165641
-0.00159575
-0.0014966
-0.00135935
-0.00118443
-0.000972446
-0.000724115
-0.000440172
-0.000121399
0.000231302
0.000616952
0.00103462
0.00148351
0.00196296
0.00247215
0.00300999
0.00357513
0.00416609
0.00478142
0.00541966
0.00607932
0.00675885
0.00745669
0.00817128
0.00890102
0.00964418
0.0103987
0.0111624
0.0119329
0.012708
0.0134857
0.0142637
0.0150397
0.015811
0.0165749
0.0173286
0.0180699
0.018796
0.0195046
0.020193
0.0208584
0.0214985
0.0221108
0.0226931
0.0232433
0.0237586
0.0242366
0.0246749
0.0250717
0.0254256
0.0257355
0.0260004
0.0262191
0.0263907
0.0265145
0.0265902
0.0266178
0.0265977
0.0265303
0.0264162
0.0262564
0.0260517
0.025803
0.0255112
0.0251803
0.0248138
0.0243739
0.0238283
0.000695572
0.000129345
-0.000319447
-0.000685426
-0.00100986
-0.00129076
-0.00152593
-0.00171648
-0.00186344
-0.00196751
-0.00202945
-0.00205004
-0.00203
-0.00196991
-0.00187023
-0.00173142
-0.00155402
-0.00133868
-0.00108607
-0.000796892
-0.000472031
-0.000112502
0.000280722
0.000706811
0.00116504
0.00165465
0.00217463
0.00272377
0.0033007
0.00390404
0.00453237
0.00518423
0.00585809
0.00655241
0.00726569
0.00799645
0.00874302
0.0095035
0.0102757
0.0110574
0.0118463
0.0126404
0.0134375
0.0142355
0.0150317
0.0158235
0.016608
0.0173826
0.0181446
0.0188914
0.0196203
0.0203286
0.0210137
0.021673
0.0223041
0.0229048
0.0234723
0.0240039
0.0244969
0.0249489
0.025358
0.0257229
0.0260422
0.0263147
0.0265392
0.0267146
0.0268404
0.0269163
0.0269424
0.0269189
0.0268464
0.0267253
0.0265566
0.0263412
0.0260802
0.0257747
0.0254291
0.0250469
0.0245894
0.0240232
0.000385539
-0.000200729
-0.000665953
-0.00104566
-0.00138253
-0.00167461
-0.00191949
-0.00211814
-0.00227164
-0.00238082
-0.00244656
-0.00246971
-0.002451
-0.00239102
-0.00229031
-0.00214946
-0.00196908
-0.00174975
-0.00149212
-0.00119698
-0.000865313
-0.00049812
-9.62694e-05
0.000339486
0.000808342
0.00130934
0.00184134
0.00240307
0.00299326
0.00361055
0.00425353
0.00492068
0.00561045
0.00632141
0.00705212
0.00780104
0.00856639
0.0093461
0.010138
0.0109397
0.0117492
0.0125645
0.0133834
0.0142036
0.0150225
0.0158371
0.0166447
0.0174424
0.0182277
0.0189975
0.0197492
0.0204799
0.021187
0.021868
0.0225203
0.0231413
0.0237281
0.0242778
0.0247875
0.0252551
0.0256784
0.0260559
0.0263859
0.0266672
0.0268983
0.0270783
0.0272067
0.0272834
0.0273086
0.0272823
0.0272048
0.0270767
0.0268989
0.0266726
0.0263991
0.0260796
0.0257188
0.0253205
0.0248449
0.0242573
2.77101e-05
-0.000579023
-0.0010611
-0.00145501
-0.00180471
-0.0021082
-0.00236292
-0.00256976
-0.00272985
-0.00284414
-0.00291356
-0.00293899
-0.00292118
-0.00286084
-0.00275864
-0.00261524
-0.00243122
-0.00220718
-0.00194383
-0.00164204
-0.00130278
-0.00092694
-0.000515299
-6.86728e-05
0.000411956
0.000925475
0.00147071
0.00204644
0.0026514
0.00328425
0.0039435
0.0046276
0.00533509
0.00606458
0.00681466
0.00758368
0.00836967
0.00917052
0.00998405
0.0108081
0.0116406
0.0124795
0.0133226
0.0141673
0.015011
0.0158508
0.0166838
0.0175072
0.0183181
0.0191135
0.0198905
0.0206463
0.0213781
0.0220833
0.022759
0.0234025
0.0240106
0.0245804
0.025109
0.0255941
0.0260335
0.0264252
0.0267674
0.0270585
0.0272972
0.0274828
0.0276148
0.0276933
0.0277181
0.0276892
0.0276068
0.0274715
0.0272845
0.0270472
0.0267608
0.026427
0.0260504
0.0256353
0.0251406
0.0245308
-0.000379112
-0.00100693
-0.00150638
-0.00191508
-0.0022781
-0.00259328
-0.00285801
-0.00307322
-0.00324005
-0.00335947
-0.00343241
-0.00345978
-0.0034425
-0.0033814
-0.00327723
-0.00313065
-0.00294228
-0.00271281
-0.00244303
-0.00213383
-0.00178602
-0.00140041
-0.000977822
-0.000519234
-2.57733e-05
0.000501411
0.00106119
0.00165238
0.00227367
0.00292364
0.00360077
0.00430356
0.00503062
0.00578057
0.00655191
0.00734286
0.0081514
0.00897541
0.00981283
0.0106616
0.0115195
0.0123844
0.013254
0.0141256
0.0149965
0.0158639
0.0167248
0.0175762
0.0184153
0.0192389
0.020044
0.0208276
0.0215868
0.0223186
0.0230202
0.0236884
0.0243201
0.0249122
0.025462
0.0259668
0.0264241
0.0268317
0.0271875
0.0274898
0.0277375
0.0279299
0.0280668
0.0281477
0.0281725
0.0281411
0.0280538
0.0279114
0.0277152
0.0274666
0.0271671
0.0268182
0.0264251
0.0259924
0.0254775
0.0248441
-0.00083624
-0.00148603
-0.00200352
-0.00242752
-0.00280436
-0.00313164
-0.00340673
-0.00363057
-0.00380427
-0.00392877
-0.00400506
-0.00403416
-0.00401711
-0.00395484
-0.00384813
-0.00369772
-0.00350432
-0.00326873
-0.00299176
-0.00267417
-0.0023167
-0.00192019
-0.00148559
-0.00101403
-0.000506641
3.54601e-05
0.000611182
0.00121931
0.00185844
0.00252708
0.00322376
0.00394706
0.00469557
0.00546784
0.00626228
0.00707704
0.00791013
0.00875951
0.00962317
0.010499
0.0113848
0.0122782
0.0131766
0.0140774
0.014978
0.0158754
0.0167667
0.0176488
0.0185188
0.0193733
0.0202093
0.0210235
0.0218128
0.0225739
0.0233038
0.0239993
0.0246571
0.0252742
0.0258476
0.0263742
0.0268515
0.0272766
0.0276476
0.0279628
0.0282211
0.0284218
0.0285644
0.0286485
0.0286737
0.0286401
0.0285481
0.0283986
0.028193
0.0279329
0.0276197
0.027255
0.0268445
0.026393
0.0258567
0.025198
-0.00134499
-0.00201796
-0.00255427
-0.00299413
-0.00338534
-0.00372529
-0.00401116
-0.00424388
-0.00442452
-0.00455407
-0.00463361
-0.0046643
-0.0046472
-0.00458331
-0.00447351
-0.00431866
-0.00411961
-0.00387718
-0.00359208
-0.003265
-0.00289673
-0.00248825
-0.00204065
-0.00155505
-0.00103252
-0.00047415
0.000118931
0.000745425
0.00140389
0.00209282
0.00281079
0.00355641
0.00432822
0.00512464
0.005944
0.00678453
0.00764432
0.0085214
0.00941374
0.0103191
0.0112352
0.0121593
0.013089
0.0140217
0.0149545
0.0158846
0.016809
0.0177245
0.0186281
0.0195164
0.0203861
0.0212338
0.0220559
0.0228491
0.0236101
0.0243356
0.0250224
0.0256671
0.0262664
0.0268172
0.0273163
0.0277611
0.0281492
0.0284792
0.0287498
0.0289602
0.0291096
0.0291974
0.0292235
0.029188
0.0290915
0.028935
0.0287199
0.0284477
0.02812
0.0277386
0.0273094
0.0268379
0.0262788
0.0255929
-0.00190675
-0.00260434
-0.00316052
-0.00361699
-0.00402325
-0.0043764
-0.00467342
-0.00491521
-0.00510289
-0.00523753
-0.00532031
-0.0053524
-0.00533495
-0.00526903
-0.00515567
-0.00499587
-0.00479051
-0.00454035
-0.00424606
-0.0039084
-0.0035283
-0.00310686
-0.00264519
-0.00214434
-0.00160535
-0.00102933
-0.00041751
0.000228761
0.000908061
0.00161893
0.00235995
0.00312967
0.00392654
0.00474891
0.00559513
0.0064635
0.00735223
0.00825937
0.00918276
0.01012
0.0110687
0.0120261
0.0129897
0.0139568
0.0149246
0.0158903
0.0168506
0.0178024
0.0187425
0.0196675
0.0205738
0.0214577
0.0223156
0.0231437
0.0239388
0.0246974
0.025416
0.026091
0.0267188
0.0272961
0.0278194
0.028286
0.0286936
0.0290405
0.0293252
0.0295465
0.0297037
0.0297961
0.0298238
0.0297869
0.0296861
0.0295225
0.0292974
0.0290125
0.0286693
0.02827
0.027821
0.0273281
0.0267445
0.0260294
-0.0025232
-0.00324708
-0.00382439
-0.0042984
-0.00472038
-0.00508721
-0.00539567
-0.00564675
-0.00584166
-0.00598148
-0.00606743
-0.00610073
-0.00608264
-0.00601437
-0.00589707
-0.00573177
-0.00551932
-0.00526046
-0.00495596
-0.00460672
-0.00421381
-0.00377835
-0.00330139
-0.00278396
-0.00222716
-0.00163216
-0.00100026
-0.000332786
0.000368905
0.00110338
0.00186913
0.00266465
0.00348832
0.00433848
0.00521357
0.00611197
0.00703192
0.00797139
0.00892809
0.00989955
0.0108832
0.0118765
0.0128766
0.013881
0.0148867
0.0158908
0.01689
0.0178811
0.0188607
0.0198254
0.0207712
0.0216944
0.022591
0.0234573
0.0242896
0.0250843
0.0258377
0.0265458
0.0272049
0.0278112
0.0283615
0.0288526
0.0292821
0.029648
0.0299486
0.0301824
0.0303486
0.0304468
0.0304769
0.0304391
0.0303342
0.0301633
0.0299276
0.029629
0.0292694
0.0288511
0.0283809
0.0278653
0.0272552
0.0265088
-0.00319643
-0.00394837
-0.00454817
-0.00504065
-0.00547902
-0.00586003
-0.00618035
-0.00644103
-0.00664334
-0.0067884
-0.00687743
-0.00691179
-0.00689285
-0.00682195
-0.00670026
-0.00652878
-0.00630838
-0.00603989
-0.00572424
-0.00536249
-0.00495573
-0.00450503
-0.00401146
-0.00347613
-0.00290021
-0.00228493
-0.00163157
-0.000941409
-0.000215748
0.000543941
0.00133607
0.00215904
0.00301126
0.00389116
0.00479722
0.00572785
0.00668121
0.00765518
0.00864735
0.00965524
0.0106763
0.011708
0.0127475
0.013792
0.0148386
0.0158841
0.0169252
0.0179586
0.0189809
0.0199883
0.0209769
0.0219426
0.0228813
0.023789
0.024662
0.0254961
0.0262874
0.0270317
0.027725
0.0283635
0.0289436
0.029462
0.0299161
0.0303033
0.0306217
0.0308698
0.0310467
0.0311519
0.0311853
0.0311472
0.0310382
0.0308595
0.0306128
0.0302998
0.0299227
0.0294842
0.0289914
0.0284513
0.0278127
0.0270321
-0.00392866
-0.0047105
-0.00533415
-0.00584607
-0.00630161
-0.00669746
-0.00703018
-0.00730082
-0.0075107
-0.00766102
-0.00775311
-0.00778842
-0.00776845
-0.00769453
-0.00756785
-0.00738941
-0.00716023
-0.00688128
-0.00655361
-0.00617833
-0.00575653
-0.00528931
-0.00477781
-0.00422328
-0.00362696
-0.00299005
-0.00231378
-0.00159939
-0.000848184
-6.17047e-05
0.000758398
0.00161053
0.00249316
0.00340482
0.00434398
0.00530896
0.00629781
0.00730831
0.00833809
0.00938471
0.0104457
0.0115184
0.0126
0.0136876
0.014778
0.0158679
0.016954
0.018033
0.0191012
0.0201547
0.0211895
0.0222013
0.0231857
0.0241385
0.0250555
0.0259325
0.0267651
0.0275489
0.0282798
0.0289537
0.0295669
0.0301157
0.030597
0.031008
0.0313464
0.0316108
0.0318001
0.0319137
0.0319514
0.0319133
0.0318003
0.0316137
0.0313553
0.0310272
0.0306316
0.0301714
0.0296544
0.0290878
0.0284185
0.0276006
-0.00472206
-0.00553573
-0.0061847
-0.00671722
-0.00719091
-0.00760241
-0.00794812
-0.00822911
-0.0084468
-0.00860248
-0.00869763
-0.00873378
-0.00871244
-0.00863497
-0.00850259
-0.00831647
-0.00807774
-0.00778752
-0.00744688
-0.00705693
-0.00661883
-0.00613379
-0.00560312
-0.00502813
-0.00441006
-0.00375008
-0.00304935
-0.00230914
-0.00153085
-0.000716022
0.000133704
0.0010168
0.00193183
0.00287729
0.00385159
0.00485294
0.00587928
0.00692838
0.00799796
0.0090857
0.0101891
0.0113055
0.012432
0.0135655
0.0147026
0.0158401
0.0169745
0.0181024
0.01922
0.0203232
0.0214079
0.0224695
0.0235033
0.0245049
0.0254697
0.0263933
0.0272708
0.0280979
0.0288701
0.0295831
0.0302327
0.030815
0.0313263
0.0317637
0.0321248
0.0324078
0.0326113
0.0327346
0.0327774
0.0327399
0.0326231
0.0324285
0.032158
0.0318138
0.0313984
0.0309151
0.0303719
0.0297766
0.0290738
0.0282154
-0.00557885
-0.00642651
-0.00710247
-0.00765696
-0.00814997
-0.00857802
-0.00893739
-0.00922922
-0.00945505
-0.00961627
-0.00971445
-0.00975117
-0.00972799
-0.00964635
-0.00950763
-0.00931313
-0.00906409
-0.00876167
-0.00840696
-0.00800113
-0.0075455
-0.00704145
-0.00649037
-0.0058936
-0.00525234
-0.00456772
-0.00384095
-0.00307338
-0.00226643
-0.00142165
-0.000540554
0.000375425
0.00132484
0.00230613
0.00331757
0.00435726
0.00542313
0.00651302
0.00762474
0.00875606
0.00990452
0.0110673
0.0122414
0.0134235
0.0146103
0.0157985
0.0169845
0.0181648
0.0193354
0.0204922
0.0216305
0.0227457
0.0238329
0.0248872
0.0259039
0.026878
0.0278046
0.0286791
0.0294966
0.0302525
0.0309421
0.0315611
0.0321058
0.0325727
0.0329592
0.0332631
0.0334828
0.0336174
0.0336664
0.0336303
0.0335102
0.0333075
0.0330244
0.0326631
0.0322265
0.0317181
0.0311464
0.0305201
0.0297806
0.0288782
-0.00650156
-0.00738559
-0.00809041
-0.0086684
-0.00918203
-0.00962767
-0.0100015
-0.0103048
-0.0105391
-0.010706
-0.0108071
-0.010844
-0.0108185
-0.0107322
-0.0105865
-0.0103829
-0.0101226
-0.00980691
-0.00943694
-0.00901407
-0.00853976
-0.00801552
-0.00744276
-0.00682278
-0.00615679
-0.00544598
-0.00469163
-0.00389513
-0.00305793
-0.00218146
-0.00126714
-0.000316324
0.000669469
0.00168855
0.00273908
0.00381914
0.00492672
0.00605973
0.00721605
0.00839347
0.00958948
0.0108012
0.0120255
0.013259
0.0144986
0.0157406
0.0169817
0.018218
0.0194453
0.0206594
0.0218553
0.0230281
0.0241727
0.025284
0.0263568
0.0273859
0.0283662
0.0292924
0.0301596
0.0309625
0.0316961
0.0323558
0.0329374
0.0334373
0.0338522
0.0341796
0.0344177
0.0345652
0.034622
0.0345884
0.0344655
0.0342547
0.0339581
0.0335786
0.0331191
0.0325836
0.0319812
0.031321
0.0305416
0.0295907
-0.00749302
-0.00841607
-0.00915181
-0.0097549
-0.0102906
-0.010755
-0.0111443
-0.0114597
-0.0117029
-0.0118755
-0.0119793
-0.0120161
-0.0119878
-0.0118962
-0.0117429
-0.0115293
-0.0112567
-0.0109266
-0.0105402
-0.0100992
-0.00960507
-0.00905942
-0.00846361
-0.00781892
-0.00712665
-0.00638811
-0.00560467
-0.00477769
-0.00390853
-0.00299854
-0.00204907
-0.00106151
-3.74309e-05
0.00102136
0.00211297
0.00323552
0.0043871
0.00556565
0.00676905
0.00799504
0.00924107
0.0105042
0.0117814
0.0130693
0.0143646
0.0156638
0.0169633
0.0182591
0.019547
0.0208221
0.0220795
0.0233141
0.0245204
0.0256932
0.0268269
0.0279159
0.0289546
0.0299375
0.0308589
0.0317133
0.0324955
0.0332002
0.033823
0.0343595
0.0348061
0.0351599
0.0354188
0.0355816
0.035648
0.0356181
0.0354927
0.0352736
0.0349629
0.0345638
0.0340797
0.0335148
0.032879
0.0321817
0.0313586
0.0303544
-0.0085563
-0.00952126
-0.0102902
-0.0109202
-0.0114795
-0.011964
-0.0123696
-0.0126977
-0.0129501
-0.0131285
-0.0132349
-0.0132713
-0.0132399
-0.0131424
-0.0129805
-0.0127559
-0.0124699
-0.0121242
-0.0117203
-0.0112601
-0.010745
-0.0101766
-0.00955624
-0.00888535
-0.00816532
-0.00739757
-0.00658349
-0.00572439
-0.00482149
-0.00387613
-0.00288965
-0.00186352
-0.000799336
0.000301059
0.00143579
0.00260303
0.0038009
0.00502737
0.00628026
0.00755724
0.00885575
0.0101729
0.0115057
0.0128509
0.0142051
0.0155648
0.0169262
0.0182851
0.019637
0.0209771
0.0223001
0.0236008
0.0248736
0.0261127
0.0273123
0.0284663
0.0295686
0.0306132
0.0315941
0.0325052
0.033341
0.0340956
0.034764
0.0353413
0.0358233
0.0362068
0.0364897
0.0366705
0.0367483
0.0367232
0.036596
0.0363683
0.0360428
0.0356229
0.0351123
0.0345155
0.0338432
0.0331053
0.032234
0.0311713
-0.00969478
-0.0107048
-0.0115094
-0.0121683
-0.0127529
-0.0132588
-0.0136816
-0.014023
-0.0142849
-0.0144692
-0.0145782
-0.0146141
-0.014579
-0.0144748
-0.0143034
-0.0140665
-0.013766
-0.0134036
-0.0129812
-0.0125005
-0.011963
-0.0113704
-0.0107241
-0.0100255
-0.00927631
-0.00847783
-0.00763149
-0.00673853
-0.00580013
-0.00481761
-0.00379238
-0.00272594
-0.00161988
-0.000475974
0.000703942
0.00191805
0.00316447
0.00444113
0.00574581
0.00707617
0.00842966
0.00980353
0.0111948
0.0126003
0.0140166
0.01544
0.0168666
0.0182921
0.0197118
0.0211208
0.0225139
0.0238853
0.0252294
0.0265401
0.0278109
0.0290352
0.0302066
0.0313185
0.0323646
0.0333382
0.0342332
0.0350431
0.0357621
0.0363847
0.0369065
0.0373239
0.0376343
0.0378359
0.0379274
0.0379084
0.03778
0.0375439
0.037203
0.036761
0.0362218
0.0355904
0.034878
0.0340955
0.033171
0.0320438
-0.0109122
-0.0119709
-0.0128139
-0.0135037
-0.0141151
-0.0146436
-0.0150847
-0.01544
-0.0157119
-0.0159024
-0.016014
-0.0160489
-0.0160093
-0.0158975
-0.0157154
-0.0154653
-0.0151491
-0.0147689
-0.0143267
-0.0138241
-0.0132629
-0.0126445
-0.0119707
-0.0112431
-0.0104631
-0.00963231
-0.008752
-0.00782344
-0.00684781
-0.00582645
-0.00476081
-0.00365236
-0.00250262
-0.0013133
-8.61667e-05
0.00117692
0.00247401
0.003803
0.00516168
0.00654777
0.00795882
0.00939216
0.0108449
0.0123137
0.0137952
0.0152856
0.0167807
0.0182763
0.0197677
0.0212499
0.0227174
0.0241646
0.0255851
0.0269725
0.02832
0.0296204
0.0308668
0.0320523
0.0331698
0.0342122
0.0351725
0.0360435
0.0368186
0.0374919
0.0380585
0.0385144
0.0388564
0.039082
0.0391895
0.0391785
0.0390499
0.0388058
0.038449
0.0379834
0.0374134
0.0367442
0.0359878
0.0351561
0.0341732
0.0329747
-0.0122128
-0.0133238
-0.014208
-0.0149309
-0.0155709
-0.0161234
-0.0165837
-0.0169538
-0.0172361
-0.0174331
-0.0175469
-0.0175803
-0.0175355
-0.017415
-0.0172213
-0.0169568
-0.0166238
-0.0162245
-0.0157609
-0.015235
-0.0146483
-0.0140027
-0.0132999
-0.0125416
-0.0117293
-0.0108644
-0.00994841
-0.00898252
-0.00796798
-0.00690615
-0.00579842
-0.0046462
-0.00345096
-0.00221433
-0.000938079
0.000375913
0.00172564
0.00310899
0.00452384
0.00596804
0.00743922
0.00893479
0.0104518
0.0119869
0.0135367
0.0150972
0.0166644
0.0182339
0.019801
0.0213607
0.0229074
0.0244352
0.0259373
0.027407
0.0288368
0.0302193
0.0315472
0.0328128
0.0340086
0.0351265
0.0361586
0.037097
0.0379344
0.0386646
0.0392819
0.0397816
0.0401596
0.0404129
0.0405394
0.0405387
0.0404115
0.0401598
0.0397866
0.039296
0.0386926
0.037982
0.0371775
0.0362917
0.0352445
0.0339672
-0.0136009
-0.0147682
-0.0156967
-0.016455
-0.0171255
-0.0177035
-0.0181843
-0.0185699
-0.0188632
-0.0190665
-0.0191823
-0.0192134
-0.0191625
-0.0190324
-0.018826
-0.0185459
-0.0181947
-0.0177748
-0.0172883
-0.0167372
-0.0161236
-0.0154491
-0.0147156
-0.0139249
-0.0130785
-0.0121778
-0.0112243
-0.0102193
-0.00916418
-0.00806017
-0.00690861
-0.00571082
-0.00446826
-0.00318254
-0.00185542
-0.000488776
0.000915407
0.00235509
0.00382827
0.0053329
0.00686673
0.00842716
0.0100112
0.0116155
0.0132365
0.0148704
0.0165131
0.0181603
0.0198074
0.0214492
0.0230799
0.0246932
0.0262823
0.0278397
0.029358
0.0308291
0.0322453
0.0335982
0.0348793
0.0360797
0.0371907
0.0382037
0.0391108
0.0399049
0.0405794
0.0411287
0.0415478
0.0418332
0.0419825
0.041995
0.0418711
0.0416126
0.0412226
0.0407053
0.0400659
0.0393105
0.0384533
0.0375081
0.0363895
0.035025
-0.0150812
-0.0163092
-0.0172853
-0.0180815
-0.0187846
-0.0193899
-0.0198924
-0.0202945
-0.0205989
-0.0208083
-0.0209256
-0.0209538
-0.0208959
-0.0207552
-0.0205348
-0.0202378
-0.0198668
-0.0194246
-0.0189135
-0.0183357
-0.0176933
-0.0169881
-0.0162222
-0.0153971
-0.0145146
-0.0135762
-0.0125834
-0.0115376
-0.0104401
-0.00929213
-0.00809491
-0.00684977
-0.00555814
-0.00422165
-0.00284204
-0.0014211
3.92858e-05
0.00153722
0.00307081
0.00463808
0.00623685
0.00786453
0.00951814
0.0111943
0.0128895
0.0146
0.0163219
0.0180508
0.0197822
0.0215105
0.0232299
0.0249339
0.0266153
0.0282666
0.0298797
0.0314464
0.032958
0.0344056
0.0357795
0.0370702
0.0382681
0.0393639
0.0403489
0.0412147
0.0419537
0.0425591
0.0430255
0.0433484
0.0435251
0.0435543
0.0434359
0.0431716
0.0427645
0.0422193
0.0415412
0.0407371
0.039822
0.0388115
0.0376139
0.0361524
-0.0166585
-0.0179522
-0.0189796
-0.0198167
-0.0205549
-0.0211892
-0.0217147
-0.0221338
-0.0224496
-0.022665
-0.0227832
-0.0228077
-0.0227418
-0.0225893
-0.0223536
-0.0220379
-0.0216456
-0.0211793
-0.0206418
-0.0200353
-0.0193622
-0.0186244
-0.0178239
-0.0169626
-0.0160421
-0.0150641
-0.0140301
-0.0129416
-0.0117998
-0.0106059
-0.00936116
-0.00806692
-0.00672458
-0.00533573
-0.00390205
-0.0024252
-0.0009069
0.000651089
0.00224699
0.00387888
0.00554461
0.00724165
0.00896708
0.0107177
0.01249
0.0142804
0.016085
0.0178995
0.0197192
0.0215386
0.0233516
0.0251515
0.026931
0.0286824
0.0303973
0.0320668
0.0336814
0.0352314
0.0367064
0.0380959
0.0393897
0.0405775
0.0416492
0.0425954
0.043407
0.0440764
0.0445971
0.044964
0.0451735
0.0452233
0.0451133
0.0448447
0.0444209
0.0438464
0.0431269
0.0422698
0.0412915
0.0402087
0.0389237
0.0373542
-0.0183385
-0.0197033
-0.0207862
-0.0216672
-0.022443
-0.0231084
-0.023658
-0.0240949
-0.0244222
-0.0246434
-0.0247619
-0.0247817
-0.0247067
-0.0245408
-0.0242881
-0.0239522
-0.0235366
-0.0230444
-0.0224785
-0.0218413
-0.0211354
-0.0203628
-0.0195256
-0.0186259
-0.0176654
-0.0166458
-0.0155687
-0.0144354
-0.0132472
-0.0120055
-0.0107115
-0.00936652
-0.00797187
-0.0065291
-0.00503975
-0.00350536
-0.0019275
-0.000307798
0.00135207
0.00305026
0.00478469
0.00655295
0.00835228
0.0101796
0.0120318
0.0139052
0.0157959
0.0176998
0.0196118
0.0215266
0.0234379
0.0253392
0.027223
0.0290811
0.0309048
0.0326846
0.0344102
0.036071
0.037656
0.039154
0.0405536
0.0418434
0.0430118
0.044048
0.0449416
0.0456841
0.0462676
0.0466859
0.0469343
0.0470099
0.0469119
0.0466413
0.0462012
0.0455963
0.0448327
0.0439181
0.0428706
0.0417082
0.0403262
0.0386365
-0.0201273
-0.0215692
-0.0227121
-0.0236405
-0.0244566
-0.025155
-0.0257302
-0.0261854
-0.0265244
-0.0267509
-0.0268689
-0.0268828
-0.0267971
-0.0266163
-0.0263449
-0.0259868
-0.0255458
-0.0250255
-0.0244289
-0.0237588
-0.0230177
-0.022208
-0.0213321
-0.0203918
-0.0193892
-0.0183259
-0.0172035
-0.0160234
-0.0147869
-0.0134955
-0.0121504
-0.010753
-0.00930444
-0.00780614
-0.0062595
-0.00466595
-0.00302697
-0.00134407
0.000381176
0.00214708
0.00395173
0.00579289
0.00766804
0.00957438
0.0115088
0.0134679
0.0154479
0.0174444
0.0194525
0.021467
0.0234817
0.0254899
0.027484
0.0294557
0.0313954
0.0332932
0.0351381
0.0369189
0.0386238
0.0402408
0.0417571
0.0431599
0.044436
0.0455731
0.0465597
0.0473857
0.0480417
0.04852
0.0488149
0.0489225
0.0488413
0.0485716
0.0481163
0.0474802
0.0466696
0.0456929
0.0445697
0.0433198
0.0418301
0.0400063
-0.0220316
-0.0235572
-0.0247651
-0.0257446
-0.026604
-0.0273375
-0.0279397
-0.0284139
-0.0287645
-0.0289956
-0.029112
-0.0291186
-0.0290205
-0.0288229
-0.0285306
-0.028148
-0.0276794
-0.0271285
-0.0264986
-0.0257929
-0.0250142
-0.0241651
-0.0232481
-0.0222652
-0.0212181
-0.0201088
-0.0189388
-0.0177098
-0.016423
-0.0150801
-0.0136822
-0.0122307
-0.0107266
-0.00917109
-0.00756555
-0.00591131
-0.00420978
-0.00246235
-0.000670448
0.00116444
0.00304065
0.00495625
0.00690894
0.00889617
0.010915
0.0129622
0.015034
0.0171261
0.019234
0.0213523
0.0234752
0.0255957
0.0277064
0.0297981
0.0318613
0.0338851
0.0358584
0.0377691
0.0396047
0.041352
0.0429967
0.0445243
0.0459204
0.047171
0.048263
0.0491844
0.049924
0.0504726
0.050823
0.0509702
0.0509115
0.0506467
0.0501779
0.0495102
0.0486501
0.0476065
0.0464007
0.0450545
0.0434454
0.0414717
-0.0240589
-0.0256756
-0.0269539
-0.0279886
-0.0288944
-0.0296654
-0.0302958
-0.0307895
-0.0311512
-0.0313861
-0.0314994
-0.031497
-0.0313847
-0.031168
-0.0308524
-0.0304428
-0.0299436
-0.0293591
-0.0286931
-0.027949
-0.0271301
-0.0262391
-0.0252785
-0.0242502
-0.0231563
-0.0219985
-0.0207787
-0.0194986
-0.0181597
-0.0167635
-0.0153111
-0.0138036
-0.0122422
-0.0106279
-0.00896195
-0.00724563
-0.00548025
-0.00366709
-0.00180736
9.7693e-05
0.00204671
0.00403806
0.00606976
0.00813945
0.0102444
0.0123816
0.0145474
0.016738
0.0189489
0.021175
0.0234105
0.0256486
0.0278815
0.0300999
0.0322938
0.0344522
0.0365633
0.0386145
0.0405921
0.0424815
0.0442671
0.0459329
0.0474628
0.048841
0.0500525
0.0510829
0.0519191
0.05255
0.0529668
0.0531628
0.0531339
0.0528788
0.0523994
0.0517003
0.0507884
0.0496732
0.0483777
0.0469253
0.0451837
0.0430426
-0.0262178
-0.0279336
-0.0292886
-0.0303828
-0.0313384
-0.032149
-0.0328087
-0.0333219
-0.0336944
-0.0339318
-0.0340406
-0.0340272
-0.0338982
-0.0336599
-0.0333179
-0.0328779
-0.0323449
-0.0317235
-0.0310183
-0.0302329
-0.0293708
-0.0284349
-0.0274276
-0.0263512
-0.0252076
-0.0239989
-0.0227271
-0.0213938
-0.0200009
-0.0185494
-0.0170406
-0.0154754
-0.0138549
-0.0121802
-0.0104525
-0.0086729
-0.00684252
-0.0049625
-0.00303383
-0.0010575
0.000965419
0.0030336
0.00514536
0.00729866
0.00949102
0.0117197
0.0139814
0.0162728
0.0185895
0.0209268
0.0232791
0.0256394
0.0279999
0.0303514
0.0326835
0.0349851
0.0372439
0.0394464
0.0415777
0.043622
0.0455622
0.0473809
0.04906
0.0505817
0.0519284
0.0530833
0.0540312
0.0547588
0.0552548
0.0555107
0.0555205
0.0552819
0.0547958
0.0540666
0.0531012
0.0519095
0.0505166
0.0489478
0.047059
0.0447309
-0.0285179
-0.0303421
-0.0317802
-0.0329387
-0.0339474
-0.0347997
-0.0354896
-0.0360224
-0.0364048
-0.0366435
-0.0367458
-0.036719
-0.0365704
-0.0363069
-0.0359351
-0.035461
-0.0348903
-0.0342286
-0.0334805
-0.0326503
-0.0317416
-0.0307573
-0.0297001
-0.0285722
-0.0273761
-0.0261139
-0.0247876
-0.0233991
-0.0219498
-0.0204411
-0.0188738
-0.0172491
-0.015568
-0.0138316
-0.0120408
-0.0101967
-0.00830031
-0.00635239
-0.00435378
-0.00230523
-0.000207561
0.00193819
0.00413072
0.00636833
0.00864895
0.0109702
0.0133294
0.0157233
0.0181481
0.0205995
0.0230718
0.0255585
0.0280517
0.0305423
0.0330201
0.0354735
0.0378898
0.0402545
0.0425517
0.0447645
0.0468743
0.0488619
0.0507073
0.0523899
0.0538896
0.055187
0.0562642
0.0571051
0.0576957
0.0580248
0.0580846
0.0578709
0.0573837
0.0566268
0.0556069
0.0543343
0.0528358
0.0511394
0.0490875
0.0465502
-0.0309702
-0.0329128
-0.0344413
-0.035669
-0.0367341
-0.0376301
-0.0383511
-0.0389034
-0.0392946
-0.0395328
-0.0396261
-0.0395828
-0.039411
-0.0391184
-0.0387124
-0.0382
-0.0375876
-0.0368813
-0.0360864
-0.0352073
-0.0342478
-0.0332112
-0.0321001
-0.0309175
-0.0296657
-0.0283471
-0.0269638
-0.0255174
-0.0240094
-0.022441
-0.0208134
-0.0191275
-0.0173843
-0.0155847
-0.0137298
-0.0118202
-0.00985669
-0.00783997
-0.00577064
-0.00364923
-0.00147631
0.000747432
0.00302105
0.00534333
0.00771268
0.0101272
0.0125847
0.0150824
0.017617
0.0201843
0.0227794
0.025396
0.0280264
0.030662
0.0332924
0.035906
0.0384893
0.0410273
0.0435033
0.0458989
0.0481944
0.0503684
0.0523985
0.0542614
0.0559342
0.0573947
0.0586216
0.0595952
0.0602984
0.060717
0.0608405
0.0606628
0.0601821
0.0594013
0.0583267
0.0569691
0.055357
0.0535209
0.0512883
0.0485176
-0.0335869
-0.0356589
-0.0372857
-0.0385877
-0.0397129
-0.0406547
-0.0414076
-0.0419788
-0.0423775
-0.0426127
-0.0426936
-0.0426299
-0.0424304
-0.042104
-0.0416591
-0.0411036
-0.0404447
-0.0396892
-0.0388425
-0.0379097
-0.0368947
-0.0358012
-0.0346323
-0.0333911
-0.0320802
-0.030702
-0.0292585
-0.0277513
-0.0261819
-0.0245515
-0.0228614
-0.0211125
-0.0193058
-0.0174419
-0.0155216
-0.0135454
-0.011514
-0.00942775
-0.00728722
-0.00509268
-0.00284437
-0.000542611
0.00181211
0.00421904
0.00667714
0.00918508
0.0117411
0.0143431
0.0169883
0.0196731
0.0223929
0.0251422
0.0279138
0.0306994
0.0334889
0.0362704
0.0390302
0.0417527
0.0444205
0.0470142
0.0495123
0.0518912
0.054126
0.0561908
0.0580596
0.0597065
0.0611063
0.0622352
0.0630723
0.0635998
0.0638041
0.063676
0.0632119
0.0624132
0.0612853
0.0598389
0.0581051
0.0561166
0.0536841
0.0506532
-0.0363816
-0.0385955
-0.0403291
-0.041711
-0.0429001
-0.0438899
-0.044675
-0.0452644
-0.0456682
-0.045897
-0.0459615
-0.0458723
-0.0456399
-0.0452742
-0.0447849
-0.0441807
-0.0434698
-0.0426593
-0.0417553
-0.0407632
-0.0396875
-0.0385321
-0.0373009
-0.0359969
-0.0346229
-0.0331814
-0.0316741
-0.0301028
-0.028469
-0.026774
-0.0250192
-0.0232055
-0.0213337
-0.0194042
-0.0174173
-0.0153736
-0.0132734
-0.0111173
-0.00890545
-0.00663788
-0.00431445
-0.00193503
0.000500367
0.00299148
0.00553782
0.00813864
0.0107928
0.0134989
0.0162547
0.0190574
0.0219032
0.0247873
0.0277033
0.0306432
0.0335973
0.0365539
0.0394992
0.0424174
0.0452904
0.0480976
0.0508158
0.0534193
0.0558808
0.0581714
0.0602615
0.062121
0.06372
0.0650304
0.0660266
0.0666865
0.0669921
0.066931
0.0664965
0.065688
0.06451
0.0629724
0.0611088
0.0589547
0.0563019
0.0529812
-0.0393699
-0.0417394
-0.0435893
-0.0450574
-0.0463144
-0.0473541
-0.0481716
-0.0487772
-0.049183
-0.049401
-0.0494436
-0.0493231
-0.0490515
-0.0486401
-0.0480998
-0.0474404
-0.0466708
-0.0457987
-0.0448309
-0.0437733
-0.042631
-0.0414085
-0.0401097
-0.0387382
-0.0372966
-0.0357872
-0.0342121
-0.0325729
-0.0308714
-0.0291091
-0.0272873
-0.0254067
-0.0234679
-0.0214711
-0.0194165
-0.0173044
-0.0151352
-0.012909
-0.010626
-0.00828585
-0.0058879
-0.00343159
-0.000916479
0.00165773
0.00429112
0.00698361
0.00973476
0.0125438
0.0154094
0.0183297
0.0213019
0.0243219
0.0273842
0.0304817
0.0336051
0.0367432
0.0398826
0.0430072
0.0460985
0.0491347
0.0520911
0.0549402
0.057652
0.0601946
0.0625339
0.0646351
0.0664634
0.0679856
0.0691705
0.0699905
0.0704227
0.0704499
0.0700618
0.0692549
0.0680319
0.0664023
0.0644016
0.0620686
0.0591736
0.0555308
-0.0425696
-0.0451103
-0.0470871
-0.0486479
-0.0499768
-0.051068
-0.0519171
-0.0525363
-0.0529397
-0.0531414
-0.0531556
-0.0529965
-0.0526781
-0.0522132
-0.051614
-0.0508915
-0.0500553
-0.0491139
-0.048075
-0.046945
-0.0457296
-0.0444338
-0.0430618
-0.0416171
-0.0401026
-0.0385205
-0.0368729
-0.0351618
-0.0333891
-0.0315564
-0.0296648
-0.0277149
-0.0257069
-0.0236411
-0.0215175
-0.0193363
-0.0170977
-0.0148017
-0.0124479
-0.0100358
-0.00756419
-0.00503224
-0.00243891
0.000216648
0.0029352
0.00571737
0.00856349
0.0114736
0.0144474
0.017484
0.0205816
0.0237374
0.026947
0.030204
0.0335004
0.0368256
0.0401666
0.0435076
0.0468296
0.0501103
0.0533235
0.0564401
0.0594275
0.0622498
0.0648687
0.0672442
0.0693362
0.071105
0.0725131
0.0735262
0.0741151
0.0742569
0.0739364
0.0731465
0.071887
0.0701665
0.0680228
0.0654974
0.0623369
0.0583371
-0.0460014
-0.0487305
-0.0508458
-0.0525063
-0.0539111
-0.0550549
-0.055934
-0.0565629
-0.0569582
-0.0571363
-0.0571139
-0.0569075
-0.056533
-0.0560051
-0.0553376
-0.0545425
-0.0536305
-0.0526111
-0.0514927
-0.0502824
-0.0489866
-0.0476105
-0.0461586
-0.0446345
-0.0430409
-0.0413805
-0.0396556
-0.0378682
-0.0360204
-0.0341136
-0.032149
-0.0301268
-0.0280473
-0.0259106
-0.0237167
-0.0214657
-0.0191575
-0.0167918
-0.0143678
-0.0118845
-0.00934064
-0.00673472
-0.00406525
-0.0013307
0.00147042
0.0043395
0.00727774
0.0102861
0.0133653
0.0165157
0.0197368
0.0230271
0.0263833
0.0298008
0.0332724
0.0367887
0.0403376
0.0439037
0.0474683
0.0510084
0.0544973
0.057904
0.061193
0.0643247
0.0672561
0.0699422
0.0723363
0.0743916
0.0760628
0.0773078
0.0780897
0.0783784
0.0781523
0.0773994
0.076116
0.0743086
0.0720173
0.0692869
0.0658366
0.0614419
-0.0496891
-0.052626
-0.0548925
-0.0566602
-0.0581445
-0.0593411
-0.0602475
-0.0608809
-0.0612605
-0.0614059
-0.0613367
-0.061072
-0.0606301
-0.0600279
-0.0592805
-0.0584017
-0.0574033
-0.0562958
-0.0550883
-0.0537888
-0.052404
-0.0509396
-0.0494
-0.0477891
-0.04611
-0.0443653
-0.0425575
-0.040689
-0.0387616
-0.0367767
-0.0347351
-0.0326374
-0.0304837
-0.028274
-0.0260085
-0.0236869
-0.0213088
-0.0188735
-0.0163799
-0.0138267
-0.0112122
-0.0085345
-0.00579146
-0.00298086
-0.000100424
0.00285202
0.00587857
0.00898126
0.0121621
0.0154226
0.0187639
0.0221859
0.025687
0.0292639
0.0329113
0.0366212
0.0403826
0.0441813
0.047999
0.051813
0.0555961
0.0593153
0.0629327
0.0664051
0.069685
0.0727215
0.0754606
0.0778474
0.0798277
0.0813501
0.0823682
0.0828429
0.0827448
0.082055
0.0807652
0.0788789
0.076438
0.0734904
0.0697253
0.0648952
-0.0536607
-0.0568269
-0.0592585
-0.061141
-0.0627082
-0.0639569
-0.0648862
-0.0655164
-0.0658707
-0.0659719
-0.0658431
-0.0655066
-0.0649836
-0.0642933
-0.0634527
-0.0624771
-0.0613798
-0.0601723
-0.0588647
-0.0574655
-0.0559819
-0.0544197
-0.0527838
-0.0510781
-0.049306
-0.0474704
-0.0455739
-0.0436188
-0.0416066
-0.0395388
-0.0374161
-0.0352392
-0.0330084
-0.0307238
-0.0283852
-0.025992
-0.0235435
-0.0210387
-0.0184762
-0.0158545
-0.0131714
-0.0104244
-0.00761081
-0.0047276
-0.00177178
0.00125966
0.00436982
0.00756193
0.0108393
0.0142052
0.0176621
0.0212116
0.0248539
0.0285878
0.0324098
0.0363137
0.0402906
0.0443276
0.0484076
0.0525087
0.0566032
0.060657
0.0646301
0.068476
0.0721426
0.0755726
0.0787041
0.0814732
0.0838153
0.085668
0.0869736
0.0876817
0.0877529
0.0871598
0.0858872
0.0839349
0.0813457
0.0781707
0.0740651
0.0687564
-0.0579482
-0.0613682
-0.0639803
-0.0659852
-0.067638
-0.0689364
-0.0698819
-0.070499
-0.0708151
-0.0708575
-0.0706534
-0.0702289
-0.0696082
-0.0688132
-0.0678633
-0.0667756
-0.0655648
-0.0642436
-0.0628229
-0.0613119
-0.0597181
-0.0580475
-0.0563054
-0.054496
-0.0526228
-0.050689
-0.0486971
-0.046649
-0.0445464
-0.0423905
-0.0401822
-0.0379225
-0.0356117
-0.0332499
-0.0308364
-0.0283704
-0.0258509
-0.0232766
-0.0206461
-0.0179574
-0.0152078
-0.0123944
-0.00951356
-0.00656169
-0.00353504
-0.000429674
0.00275862
0.00603445
0.00940262
0.0128678
0.0164343
0.0201055
0.0238838
0.0277702
0.0317636
0.0358603
0.0400535
0.0443325
0.0486822
0.0530815
0.0575032
0.0619129
0.066269
0.0705223
0.0746158
0.0784854
0.0820613
0.0852692
0.088033
0.0902773
0.0919305
0.0929289
0.0932202
0.0927661
0.0915425
0.0895431
0.0868114
0.083401
0.0789291
0.0730957
-0.0625897
-0.0662911
-0.0691004
-0.0712355
-0.072975
-0.0743187
-0.075271
-0.0758614
-0.076123
-0.0760883
-0.0757894
-0.0752567
-0.0745182
-0.0735989
-0.0725207
-0.0713027
-0.0699613
-0.0685104
-0.0669616
-0.0653247
-0.0636076
-0.0618167
-0.0599574
-0.0580343
-0.0560511
-0.0540108
-0.0519159
-0.049768
-0.0475687
-0.0453193
-0.043021
-0.0406748
-0.0382809
-0.0358392
-0.0333488
-0.0308087
-0.0282175
-0.0255741
-0.0228765
-0.0201224
-0.0173086
-0.0144315
-0.011487
-0.00847087
-0.00537845
-0.00220478
0.00105566
0.00440885
0.00786105
0.0114185
0.0150873
0.018873
0.0227805
0.0268132
0.030973
0.0352589
0.0396671
0.0441897
0.0488137
0.0535202
0.0582833
0.0630691
0.0678352
0.0725297
0.0770914
0.0814497
0.0855261
0.0892355
0.0924885
0.0951943
0.0972655
0.0986219
0.0991952
0.098933
0.0977995
0.0957802
0.0929173
0.0892667
0.0844032
0.0779965
-0.0676292
-0.0716437
-0.0746686
-0.0769411
-0.0787667
-0.0801483
-0.081094
-0.0816401
-0.0818262
-0.0816914
-0.0812736
-0.0806082
-0.0797275
-0.0786601
-0.0774309
-0.0760612
-0.0745692
-0.07297
-0.0712759
-0.0694972
-0.067642
-0.0657173
-0.0637287
-0.0616808
-0.0595776
-0.0574217
-0.0552154
-0.0529602
-0.0506578
-0.0483095
-0.0459166
-0.04348
-0.0409998
-0.0384756
-0.0359062
-0.0332906
-0.0306274
-0.0279151
-0.0251514
-0.0223335
-0.0194578
-0.0165201
-0.0135157
-0.0104399
-0.00728698
-0.00405082
-0.000724579
0.00269907
0.00622779
0.00986949
0.0136322
0.017524
0.0215524
0.0257239
0.0300432
0.0345129
0.0391325
0.0438974
0.048798
0.0538183
0.0589347
0.0641148
0.0693163
0.0744855
0.0795575
0.0844559
0.0890933
0.0933725
0.0971894
0.100436
0.103007
0.104802
0.105732
0.105727
0.104737
0.102734
0.099759
0.0958679
0.0905884
0.0835572
-0.0731189
-0.0774823
-0.0807431
-0.0831595
-0.0850683
-0.0864766
-0.0873976
-0.0878761
-0.08796
-0.087696
-0.087129
-0.0863006
-0.0852481
-0.0840043
-0.0825973
-0.0810509
-0.079385
-0.0776159
-0.0757568
-0.0738181
-0.0718085
-0.0697351
-0.0676036
-0.0654189
-0.0631845
-0.060903
-0.0585765
-0.0562064
-0.0537942
-0.0513414
-0.0488493
-0.0463185
-0.0437486
-0.0411391
-0.0384889
-0.0357968
-0.0330613
-0.0302805
-0.0274517
-0.0245717
-0.0216363
-0.0186411
-0.0155809
-0.0124501
-0.00924188
-0.00594903
-0.0025635
0.000923272
0.00452039
0.00823762
0.0120853
0.0160741
0.0202142
0.0245154
0.0289858
0.0336317
0.0384567
0.0434604
0.0486373
0.0539753
0.0594543
0.0650445
0.0707047
0.0763809
0.0820057
0.0874971
0.0927589
0.0976815
0.102145
0.106023
0.109188
0.111514
0.112891
0.113225
0.112444
0.110507
0.107448
0.103322
0.0976041
0.0898945
-0.0791202
-0.083874
-0.0873928
-0.0899587
-0.0919444
-0.0933629
-0.0942348
-0.094615
-0.094562
-0.0941321
-0.0933784
-0.0923498
-0.0910897
-0.0896354
-0.0880189
-0.0862665
-0.0843998
-0.0824362
-0.0803896
-0.0782707
-0.0760885
-0.07385
-0.071561
-0.0692261
-0.0668487
-0.0644311
-0.0619752
-0.0594824
-0.056954
-0.0543913
-0.0517952
-0.049166
-0.0465033
-0.0438063
-0.0410738
-0.0383044
-0.0354965
-0.0326477
-0.0297549
-0.0268144
-0.023822
-0.0207726
-0.0176606
-0.0144791
-0.0112207
-0.0078769
-0.00443871
-0.000896362
0.00276089
0.00654486
0.0104683
0.0145444
0.0187864
0.0232071
0.0278186
0.0326316
0.0376542
0.0428909
0.0483412
0.053998
0.059846
0.0658591
0.0719991
0.078213
0.0844321
0.0905699
0.096522
0.102167
0.107368
0.111978
0.115843
0.118811
0.120742
0.121512
0.121025
0.119218
0.116115
0.111768
0.105591
0.0971464
-0.0857062
-0.0908988
-0.0947
-0.0974191
-0.0994708
-0.100876
-0.101666
-0.101907
-0.101673
-0.10103
-0.100043
-0.0987688
-0.0972577
-0.0955526
-0.0936892
-0.0916966
-0.0895981
-0.0874121
-0.0851528
-0.0828313
-0.0804565
-0.0780352
-0.0755729
-0.0730739
-0.0705412
-0.0679768
-0.0653824
-0.0627593
-0.0601083
-0.0574303
-0.0547257
-0.0519945
-0.0492361
-0.0464497
-0.043634
-0.0407872
-0.0379072
-0.0349911
-0.0320355
-0.0290366
-0.0259898
-0.0228895
-0.0197293
-0.0165014
-0.0131976
-0.00980865
-0.00632444
-0.00273388
0.000975569
0.00481784
0.00880794
0.0129616
0.0172949
0.0218245
0.0265666
0.0315365
0.0367474
0.0422094
0.0479279
0.0539019
0.0601221
0.0665681
0.0732059
0.0799857
0.0868389
0.0936762
0.100386
0.106836
0.112873
0.118325
0.123012
0.126749
0.129361
0.130688
0.130599
0.129004
0.125912
0.121368
0.114716
0.105477
-0.0929648
-0.0986535
-0.102764
-0.105637
-0.107737
-0.109096
-0.109758
-0.109808
-0.109335
-0.108421
-0.107142
-0.105566
-0.103752
-0.101748
-0.0995938
-0.0973215
-0.0949559
-0.0925159
-0.0900161
-0.0874676
-0.0848788
-0.0822559
-0.079604
-0.0769266
-0.0742262
-0.0715048
-0.0687632
-0.0660024
-0.0632228
-0.0604245
-0.0576075
-0.0547714
-0.0519154
-0.0490386
-0.0461393
-0.0432152
-0.0402637
-0.0372815
-0.034265
-0.0312101
-0.0281117
-0.0249637
-0.0217587
-0.0184886
-0.0151442
-0.0117156
-0.0081916
-0.00455957
-0.000805139
0.00308753
0.00713552
0.0113571
0.0157717
0.0203996
0.0252615
0.0303776
0.0357666
0.0414447
0.0474243
0.0537117
0.0603049
0.0671905
0.0743412
0.0817119
0.0892366
0.0968255
0.104363
0.111705
0.118681
0.125098
0.130743
0.135396
0.138836
0.140864
0.141304
0.140028
0.137021
0.132316
0.125178
0.11508
-0.101002
-0.107256
-0.111706
-0.11473
-0.11685
-0.118116
-0.118589
-0.118378
-0.117591
-0.116331
-0.114688
-0.112743
-0.110564
-0.108204
-0.105708
-0.103111
-0.100438
-0.0977093
-0.0949389
-0.0921372
-0.0893119
-0.0864683
-0.0836102
-0.0807405
-0.077861
-0.0749728
-0.0720763
-0.0691714
-0.0662579
-0.0633352
-0.0604029
-0.0574602
-0.0545059
-0.0515386
-0.048556
-0.0455555
-0.0425337
-0.0394873
-0.0364124
-0.0333042
-0.0301573
-0.0269646
-0.0237184
-0.0204099
-0.0170296
-0.0135665
-0.0100082
-0.00634052
-0.00254753
0.00138828
0.00548611
0.0097669
0.0142534
0.0189699
0.0239414
0.029193
0.0347495
0.0406341
0.0468667
0.053462
0.0604266
0.067756
0.0754312
0.0834145
0.0916454
0.100036
0.108469
0.116792
0.12482
0.132334
0.13909
0.144824
0.14927
0.152172
0.1533
0.152477
0.149654
0.144842
0.137214
0.126189
-0.10995
-0.116852
-0.121675
-0.124837
-0.126936
-0.128043
-0.128245
-0.12768
-0.126485
-0.124784
-0.122689
-0.120292
-0.117672
-0.11489
-0.111994
-0.109021
-0.105997
-0.102941
-0.0998681
-0.0967863
-0.0937017
-0.0906183
-0.0875385
-0.0844637
-0.0813948
-0.0783317
-0.0752737
-0.0722198
-0.0691687
-0.0661193
-0.0630705
-0.0600209
-0.0569688
-0.053912
-0.0508477
-0.0477726
-0.044683
-0.0415752
-0.0384448
-0.0352865
-0.0320941
-0.0288601
-0.0255763
-0.0222337
-0.0188217
-0.0153286
-0.0117406
-0.00804219
-0.00421623
-0.000243519
0.00389734
0.00823009
0.0127808
0.0175773
0.0226489
0.0280263
0.0337405
0.0398223
0.0462996
0.0531964
0.0605292
0.0683041
0.0765127
0.0851274
0.0940962
0.103337
0.112733
0.122128
0.131323
0.140078
0.148114
0.155121
0.160776
0.16476
0.166774
0.166575
0.164067
0.159225
0.151111
0.139084
-0.119971
-0.127624
-0.132854
-0.136133
-0.138147
-0.139001
-0.13882
-0.13778
-0.136054
-0.133796
-0.131138
-0.128191
-0.125042
-0.12176
-0.118397
-0.114991
-0.111568
-0.108146
-0.104737
-0.101348
-0.0979821
-0.0946413
-0.0913258
-0.0880354
-0.084769
-0.081525
-0.0783013
-0.0750958
-0.071906
-0.0687299
-0.0655655
-0.0624108
-0.0592631
-0.0561195
-0.0529764
-0.04983
-0.0466763
-0.0435108
-0.0403286
-0.0371238
-0.0338895
-0.0306181
-0.0273007
-0.0239279
-0.0204882
-0.0169687
-0.0133548
-0.00962993
-0.00577559
-0.00177085
0.00240794
0.00678716
0.0113958
0.0162654
0.0214297
0.0269249
0.0327888
0.0390595
0.0457739
0.0529657
0.0606628
0.0688837
0.0776325
0.0868945
0.0966297
0.106766
0.117192
0.127751
0.138235
0.148384
0.157886
0.166381
0.173485
0.178799
0.181942
0.182585
0.180562
0.175797
0.167213
0.154102
-0.13127
-0.139805
-0.145479
-0.14883
-0.150664
-0.151136
-0.15042
-0.148746
-0.146332
-0.143368
-0.140014
-0.136396
-0.132615
-0.128746
-0.124842
-0.120941
-0.117069
-0.11324
-0.109462
-0.105741
-0.102074
-0.098461
-0.0948994
-0.0913859
-0.0879172
-0.0844898
-0.0810998
-0.0777433
-0.0744169
-0.0711172
-0.067841
-0.0645852
-0.0613464
-0.0581206
-0.0549036
-0.051691
-0.0484781
-0.0452598
-0.0420306
-0.0387838
-0.0355122
-0.0322076
-0.0288609
-0.0254615
-0.0219975
-0.018455
-0.0148185
-0.0110705
-0.00719115
-0.00315766
0.00105567
0.0054776
0.01014
0.0150778
0.0203297
0.0259373
0.0319449
0.0383982
0.0453434
0.052825
0.0608831
0.0695497
0.0788441
0.0887671
0.0992945
0.110368
0.121889
0.133704
0.145604
0.157311
0.168483
0.178712
0.18754
0.194484
0.199057
0.200818
0.199506
0.194966
0.185947
0.171654
-0.144114
-0.153692
-0.159845
-0.163195
-0.164709
-0.164614
-0.163156
-0.160638
-0.157335
-0.153482
-0.149267
-0.144839
-0.140307
-0.135752
-0.131227
-0.126768
-0.122396
-0.11812
-0.113945
-0.109868
-0.105885
-0.10199
-0.0981764
-0.0944372
-0.0907664
-0.0871578
-0.0836052
-0.0801031
-0.0766461
-0.0732294
-0.0698485
-0.066499
-0.0631763
-0.0598756
-0.0565919
-0.05332
-0.0500546
-0.0467899
-0.0435195
-0.0402364
-0.0369328
-0.0336001
-0.0302283
-0.0268063
-0.0233214
-0.0197589
-0.0161026
-0.012334
-0.00843165
-0.00437127
-0.000125221
0.00433744
0.00905136
0.0140553
0.0193923
0.0251093
0.0312571
0.0378893
0.0450614
0.0528292
0.0612459
0.0703584
0.0802029
0.0907993
0.102143
0.114194
0.126871
0.140035
0.15348
0.16692
0.179987
0.192224
0.203103
0.212035
0.218409
0.221643
0.221343
0.217234
0.207838
0.19225
-0.158851
-0.169682
-0.176338
-0.179564
-0.180546
-0.179623
-0.177143
-0.173504
-0.169057
-0.164087
-0.158817
-0.153415
-0.148
-0.142652
-0.137423
-0.132341
-0.127421
-0.122665
-0.118067
-0.11362
-0.109312
-0.105131
-0.101066
-0.097105
-0.0932385
-0.089457
-0.0857515
-0.0821141
-0.0785374
-0.0750148
-0.0715402
-0.0681077
-0.0647118
-0.0613464
-0.0580059
-0.0546841
-0.0513749
-0.0480718
-0.0447678
-0.0414553
-0.038126
-0.0347707
-0.0313787
-0.0279382
-0.0244359
-0.0208564
-0.0171828
-0.0133953
-0.00947119
-0.0053847
-0.00110647
0.00339662
0.00816205
0.0132321
0.0186541
0.0244801
0.0307673
0.037577
0.0449746
0.0530272
0.0618016
0.0713608
0.0817603
0.0930411
0.105222
0.118289
0.132183
0.146788
0.16191
0.177267
0.192474
0.207032
0.220337
0.231691
0.240331
0.245496
0.246612
0.243224
0.233551
0.21653
-0.175955
-0.188305
-0.195465
-0.198359
-0.198492
-0.196369
-0.192486
-0.187366
-0.181452
-0.175089
-0.168535
-0.161975
-0.155531
-0.149281
-0.143265
-0.137502
-0.131993
-0.126729
-0.121695
-0.116871
-0.112239
-0.107778
-0.103471
-0.099301
-0.0952532
-0.0913144
-0.0874724
-0.0837163
-0.0800363
-0.0764239
-0.0728712
-0.0693708
-0.0659158
-0.0624993
-0.0591145
-0.0557546
-0.0524126
-0.0490811
-0.0457527
-0.0424192
-0.0390717
-0.0357001
-0.0322935
-0.0288392
-0.0253234
-0.0217301
-0.0180415
-0.0142365
-0.0102914
-0.00617894
-0.00186812
0.00267636
0.00749476
0.0126327
0.0181413
0.0240778
0.0305056
0.037494
0.0451176
0.053455
0.0625872
0.0725949
0.0835537
0.0955287
0.108566
0.122682
0.137851
0.153986
0.170921
0.18839
0.206004
0.223235
0.239408
0.253707
0.265196
0.272891
0.275972
0.273724
0.263934
0.245312
-0.196081
-0.21029
-0.2179
-0.220118
-0.218921
-0.215072
-0.209268
-0.202198
-0.194415
-0.186329
-0.17823
-0.170311
-0.162689
-0.155427
-0.148551
-0.142058
-0.135933
-0.13015
-0.124678
-0.119486
-0.114543
-0.109821
-0.105293
-0.100937
-0.0967317
-0.0926597
-0.0887049
-0.0848535
-0.081093
-0.0774124
-0.0738021
-0.0702531
-0.0667572
-0.0633065
-0.0598933
-0.0565097
-0.053148
-0.0498002
-0.0464583
-0.0431136
-0.0397564
-0.0363762
-0.0329612
-0.0294987
-0.025974
-0.0223706
-0.0186694
-0.0148487
-0.0108834
-0.00674502
-0.00240087
0.00218651
0.00705991
0.012268
0.0178657
0.0239152
0.030486
0.0376548
0.0455054
0.0541281
0.0636187
0.0740757
0.0855966
0.0982729
0.112182
0.127377
0.143872
0.161623
0.180506
0.200287
0.220597
0.240895
0.260452
0.278334
0.293412
0.304428
0.310234
0.309737
0.300101
0.279671
-0.22017
-0.236665
-0.244554
-0.245521
-0.242267
-0.235938
-0.227517
-0.217897
-0.207755
-0.197563
-0.187631
-0.178144
-0.1692
-0.160833
-0.15304
-0.14579
-0.139043
-0.132748
-0.126858
-0.121324
-0.116101
-0.111151
-0.106437
-0.101929
-0.0976009
-0.0934291
-0.0893939
-0.0854778
-0.0816656
-0.0779441
-0.0743016
-0.0707278
-0.0672132
-0.0637487
-0.0603256
-0.0569353
-0.0535693
-0.0502193
-0.0468765
-0.0435317
-0.0401747
-0.0367945
-0.033379
-0.0299148
-0.0263868
-0.0227775
-0.0190671
-0.015233
-0.011249
-0.00708536
-0.00270765
0.00192351
0.00685324
0.0121331
0.0178219
0.0239862
0.0307012
0.0380509
0.0461282
0.0550352
0.0648822
0.075786
0.0878671
0.101246
0.116035
0.132329
0.150192
0.169635
0.190593
0.21289
0.236201
0.260006
0.283546
0.305787
0.325395
0.340786
0.350388
0.352561
0.343544
0.321068
-0.249631
-0.268913
-0.276665
-0.27542
-0.269001
-0.259129
-0.247161
-0.234236
-0.221154
-0.20843
-0.196365
-0.185113
-0.174724
-0.165188
-0.156454
-0.148452
-0.141106
-0.134338
-0.128073
-0.122245
-0.116793
-0.111665
-0.106815
-0.102204
-0.0977987
-0.0935707
-0.0894958
-0.085553
-0.0817245
-0.0779946
-0.0743502
-0.0707794
-0.0672716
-0.0638166
-0.0604048
-0.0570269
-0.0536742
-0.0503377
-0.0470081
-0.0436759
-0.0403304
-0.0369602
-0.033553
-0.0300948
-0.0265699
-0.0229603
-0.0192453
-0.0154014
-0.0114016
-0.00721478
-0.00280499
0.00186894
0.00685435
0.0122055
0.0179846
0.0242625
0.0311198
0.0386473
0.0469469
0.0561317
0.0663266
0.0776672
0.0902979
0.104369
0.120032
0.13743
0.156683
0.177875
0.201018
0.226023
0.252648
0.280435
0.308645
0.336181
0.361519
0.382709
0.397637
0.403892
0.396316
0.371564
-0.286662
-0.309224
-0.315924
-0.31085
-0.299586
-0.284678
-0.267949
-0.250797
-0.234116
-0.218415
-0.203937
-0.19076
-0.178855
-0.168135
-0.158486
-0.149783
-0.141903
-0.134732
-0.128169
-0.122123
-0.116515
-0.11128
-0.10636
-0.101707
-0.0972814
-0.0930501
-0.0889842
-0.0850594
-0.0812554
-0.0775547
-0.0739426
-0.0704061
-0.0669333
-0.0635133
-0.0601359
-0.0567915
-0.053471
-0.050165
-0.0468641
-0.0435582
-0.0402366
-0.0368878
-0.0334989
-0.0300556
-0.0265417
-0.0229387
-0.0192253
-0.0153772
-0.0113666
-0.00716104
-0.00272335
0.00198932
0.00702621
0.012444
0.018308
0.0246931
0.0316846
0.0393798
0.0478887
0.0573357
0.0678594
0.0796135
0.092767
0.107502
0.12401
0.142488
0.163124
0.186085
0.211487
0.23936
0.269592
0.301851
0.335494
0.369439
0.402026
0.430933
0.453401
0.465953
0.461318
0.434221
-0.33487
-0.3609
-0.364619
-0.353003
-0.334365
-0.312361
-0.289331
-0.266879
-0.245905
-0.226813
-0.20971
-0.194531
-0.181121
-0.169283
-0.158814
-0.149519
-0.141222
-0.133765
-0.127014
-0.120855
-0.115189
-0.109935
-0.105026
-0.100406
-0.0960292
-0.0918559
-0.0878544
-0.0839977
-0.0802635
-0.0766331
-0.0730903
-0.0696213
-0.0662133
-0.0628552
-0.0595367
-0.0562478
-0.0529793
-0.0497217
-0.0464654
-0.0432006
-0.0399164
-0.0366011
-0.0332415
-0.0298233
-0.0263297
-0.022742
-0.0190384
-0.0151941
-0.0111803
-0.00696378
-0.00250612
0.00223669
0.00731562
0.0127896
0.0187265
0.0252043
0.0323129
0.0401554
0.0488492
0.0585282
0.0693444
0.0814694
0.0950954
0.110436
0.127727
0.14722
0.169179
0.193871
0.221538
0.252368
0.286438
0.323629
0.363503
0.405132
0.446853
0.486055
0.519276
0.541646
0.542753
0.513845
-0.400534
-0.429008
-0.425744
-0.403064
-0.373311
-0.341461
-0.310272
-0.281372
-0.255467
-0.232695
-0.212899
-0.195784
-0.181007
-0.168225
-0.157124
-0.147423
-0.138884
-0.131304
-0.124514
-0.118376
-0.112771
-0.107607
-0.102806
-0.0983047
-0.0940514
-0.0900038
-0.0861268
-0.0823919
-0.0787755
-0.075258
-0.0718225
-0.0684547
-0.0651419
-0.061873
-0.0586377
-0.0554263
-0.0522295
-0.0490382
-0.0458431
-0.0426345
-0.0394015
-0.0361325
-0.0328142
-0.0294322
-0.0259699
-0.0224082
-0.018725
-0.014895
-0.010889
-0.00667318
-0.00220838
0.00255065
0.00765603
0.0131681
0.0191569
0.0257032
0.0329002
0.0408557
0.0496935
0.0595559
0.0706064
0.0830326
0.0970486
0.112899
0.130859
0.151242
0.174392
0.200684
0.230512
0.264261
0.302265
0.344723
0.391565
0.442231
0.495326
0.548202
0.596813
0.63464
0.646833
0.618499
-0.495195
-0.521346
-0.502857
-0.461689
-0.415485
-0.370331
-0.328954
-0.292574
-0.261343
-0.234873
-0.212571
-0.193805
-0.17798
-0.164572
-0.153135
-0.143299
-0.134759
-0.127268
-0.120625
-0.114668
-0.109266
-0.104314
-0.099727
-0.095437
-0.0913888
-0.0875376
-0.0838474
-0.0802889
-0.0768384
-0.0734759
-0.0701848
-0.0669512
-0.0637628
-0.0606092
-0.0574805
-0.0543675
-0.0512615
-0.0481539
-0.0450361
-0.0418985
-0.0387307
-0.0355209
-0.0322566
-0.0289234
-0.0255047
-0.0219813
-0.0183313
-0.0145295
-0.0105463
-0.00634745
-0.00189342
0.00286129
0.00796965
0.0134931
0.0195027
0.026081
0.0333237
0.0413418
0.0502634
0.0602375
0.0714368
0.0840615
0.0983445
0.114557
0.133013
0.154081
0.178187
0.205819
0.237536
0.273959
0.315744
0.36353
0.417816
0.478733
0.545613
0.616349
0.686853
0.749135
0.782758
0.762445
-0.640294
-0.649465
-0.599402
-0.528046
-0.458225
-0.395835
-0.342467
-0.298066
-0.261649
-0.231943
-0.207713
-0.187883
-0.171556
-0.158006
-0.146652
-0.137036
-0.128797
-0.12165
-0.115368
-0.109776
-0.10473
-0.100121
-0.0958599
-0.0918766
-0.0881151
-0.0845306
-0.0810878
-0.0777582
-0.0745188
-0.0713507
-0.0682384
-0.0651691
-0.0621319
-0.0591172
-0.0561161
-0.0531205
-0.0501226
-0.0471148
-0.0440892
-0.0410366
-0.0379472
-0.03481
-0.0316127
-0.0283413
-0.0249797
-0.0215092
-0.0179081
-0.0141513
-0.0102095
-0.00604858
-0.00162924
0.00309407
0.00817426
0.0136729
0.0196613
0.0262225
0.0334531
0.0414654
0.0503901
0.0603794
0.0716118
0.0842961
0.0986783
0.115049
0.133756
0.155211
0.179912
0.208458
0.241572
0.280126
0.325151
0.377839
0.439487
0.51133
0.594128
0.687414
0.788431
0.888972
0.963379
0.970694
-0.87558
-0.828967
-0.717385
-0.599043
-0.496801
-0.413343
-0.34704
-0.295076
-0.254476
-0.222658
-0.197559
-0.177587
-0.161527
-0.148465
-0.137706
-0.128727
-0.121127
-0.114598
-0.108903
-0.103858
-0.0993213
-0.0951814
-0.0913512
-0.0877624
-0.0843613
-0.0811059
-0.0779632
-0.0749071
-0.0719168
-0.0689757
-0.0660702
-0.0631897
-0.0603249
-0.0574677
-0.054611
-0.0517479
-0.0488723
-0.0459774
-0.0430561
-0.0401004
-0.0371013
-0.0340485
-0.0309304
-0.0277339
-0.0244434
-0.0210411
-0.0175058
-0.0138129
-0.00993385
-0.00583529
-0.00147866
0.00318092
0.0081956
0.013626
0.0195425
0.0260272
0.0331759
0.0411001
0.04993
0.059818
0.0709435
0.0835184
0.0977942
0.114072
0.132718
0.154175
0.178992
0.207855
0.241629
0.28142
0.328643
0.385118
0.453143
0.535522
0.635421
0.7558
0.897749
1.05593
1.20495
1.28656
-1.29107
-1.07833
-0.849426
-0.663614
-0.52111
-0.415002
-0.337266
-0.280184
-0.237801
-0.205912
-0.181577
-0.162731
-0.147915
-0.136089
-0.126502
-0.118606
-0.111991
-0.106354
-0.101461
-0.0971376
-0.0932484
-0.0896897
-0.0863813
-0.0832612
-0.0802814
-0.077405
-0.0746035
-0.0718549
-0.0691421
-0.0664517
-0.0637733
-0.0610987
-0.0584211
-0.0557345
-0.0530338
-0.0503141
-0.0475706
-0.044798
-0.0419905
-0.0391412
-0.0362422
-0.0332843
-0.0302569
-0.0271478
-0.0239426
-0.0206243
-0.0171728
-0.0135646
-0.00977217
-0.00576357
-0.00150153
0.00305732
0.00796338
0.0132752
0.019061
0.0254004
0.0323864
0.0401271
0.048749
0.0584009
0.0692578
0.0815271
0.095457
0.111347
0.129562
0.150553
0.174888
0.203294
0.236717
0.276422
0.32413
0.38223
0.454071
0.544375
0.659789
0.809139
1.00132
1.24116
1.52762
1.80608
-2.12666
-1.40544
-0.940042
-0.671709
-0.495929
-0.377601
-0.298237
-0.243837
-0.20539
-0.177502
-0.15682
-0.141166
-0.129091
-0.119606
-0.11202
-0.105837
-0.100697
-0.0963339
-0.0925478
-0.089189
-0.086144
-0.0833266
-0.0806711
-0.0781276
-0.0756585
-0.0732356
-0.0708377
-0.0684493
-0.0660586
-0.0636571
-0.0612386
-0.0587986
-0.0563335
-0.0538403
-0.0513164
-0.0487592
-0.046166
-0.0435333
-0.0408569
-0.0381316
-0.0353508
-0.0325068
-0.0295906
-0.0265912
-0.0234959
-0.020289
-0.0169519
-0.013463
-0.00979666
-0.00592303
-0.00180714
0.00259156
0.00732034
0.0124342
0.0179974
0.0240844
0.0307825
0.0381933
0.046435
0.0556469
0.0659924
0.0776652
0.0908964
0.105965
0.12321
0.143053
0.166026
0.192816
0.224329
0.261806
0.306997
0.362462
0.432082
0.521971
0.642214
0.809108
1.04519
1.38732
1.94203
2.77374
-3.58099
-1.7295
-0.877513
-0.547928
-0.378376
-0.278066
-0.217461
-0.178993
-0.153033
-0.134719
-0.121401
-0.111482
-0.103945
-0.0981067
-0.093494
-0.0897675
-0.0866796
-0.0840465
-0.0817315
-0.0796322
-0.0776719
-0.0757935
-0.0739545
-0.072124
-0.0702798
-0.0684065
-0.0664937
-0.0645348
-0.0625257
-0.0604647
-0.0583511
-0.0561853
-0.0539681
-0.0517002
-0.0493823
-0.0470149
-0.0445978
-0.0421298
-0.0396089
-0.0370319
-0.0343945
-0.0316907
-0.0289133
-0.0260536
-0.0231005
-0.0200406
-0.0168576
-0.0135322
-0.010042
-0.00636005
-0.002455
0.00170965
0.00617632
0.0109946
0.0162221
0.0219262
0.0281848
0.0350886
0.0427435
0.0512723
0.0608191
0.0715532
0.0836745
0.0974211
0.11308
0.131002
0.151621
0.175491
0.203331
0.236111
0.275198
0.322619
0.381577
0.457571
0.561043
0.712454
0.950629
1.37622
2.34495
4.31851
)
;

boundaryField
{
    movingWall
    {
        type            zeroGradient;
    }
    fixedWalls
    {
        type            zeroGradient;
    }
    frontAndBack
    {
        type            empty;
    }
}


// ************************************************************************* //
