/*--------------------------------*- C++ -*----------------------------------*\
  =========                 |
  \\      /  F ield         | OpenFOAM: The Open Source CFD Toolbox
   \\    /   O peration     | Website:  https://openfoam.org
    \\  /    A nd           | Version:  7
     \\/     M anipulation  |
\*---------------------------------------------------------------------------*/
FoamFile
{
    version     2.0;
    format      ascii;
    class       volScalarField;
    location    "0.95";
    object      p;
}
// * * * * * * * * * * * * * * * * * * * * * * * * * * * * * * * * * * * * * //

dimensions      [0 2 -2 0 0 0 0];

internalField   nonuniform List<scalar> 
6400
(
4.24121e-06
3.69477e-06
-0.000108579
-0.000328164
-0.000628503
-0.00098574
-0.00137876
-0.00178925
-0.00220182
-0.00260386
-0.00298504
-0.00333704
-0.00365317
-0.00392816
-0.00415786
-0.00433913
-0.00446963
-0.00454768
-0.00457217
-0.0045425
-0.00445841
-0.00432002
-0.00412774
-0.00388221
-0.00358433
-0.00323519
-0.00283611
-0.00238859
-0.00189433
-0.00135524
-0.000773438
-0.000151268
0.000508706
0.00120368
0.0019306
0.00268617
0.00346684
0.00426879
0.00508796
0.00592006
0.00676054
0.00760467
0.00844751
0.00928396
0.0101088
0.0109167
0.0117024
0.0124604
0.0131856
0.0138726
0.0145166
0.0151128
0.0156567
0.0161443
0.0165719
0.0169364
0.0172353
0.0174666
0.0176289
0.0177219
0.0177458
0.0177015
0.0175911
0.0174174
0.0171841
0.0168959
0.0165585
0.0161786
0.015764
0.0153235
0.0148673
0.0144065
0.0139539
0.0135236
0.0131311
0.0127934
0.0125281
0.0123523
0.0122816
0.0123052
1.06209e-05
7.70344e-06
-9.20825e-05
-0.000278548
-0.000530131
-0.000829754
-0.00116137
-0.00151018
-0.00186315
-0.00220915
-0.00253884
-0.00284442
-0.00311952
-0.00335895
-0.00355859
-0.00371518
-0.00382624
-0.00388994
-0.00390498
-0.00387053
-0.00378617
-0.00365183
-0.00346772
-0.00323433
-0.00295238
-0.00262282
-0.00224681
-0.00182572
-0.00136112
-0.000854771
-0.000308666
0.000275002
0.000893818
0.00154514
0.00222609
0.00293356
0.0036642
0.00441444
0.00518046
0.00595823
0.00674351
0.00753188
0.00831874
0.00909936
0.00986888
0.0106224
0.011355
0.0120617
0.0127377
0.0133783
0.0139788
0.014535
0.0150428
0.0154986
0.0158991
0.0162415
0.0165236
0.0167437
0.0169008
0.0169946
0.0170253
0.0169943
0.0169033
0.0167552
0.0165537
0.0163031
0.0160088
0.0156773
0.0153157
0.0149322
0.014536
0.0141372
0.0137471
0.0133779
0.0130425
0.0127544
0.0125267
0.0123716
0.0123046
0.0123286
0.000124204
0.000107842
7.5617e-06
-0.000164548
-0.000390387
-0.000656419
-0.000949796
-0.00125826
-0.00157075
-0.00187756
-0.00217034
-0.00244198
-0.00268656
-0.00289919
-0.00307588
-0.00321345
-0.00330942
-0.0033619
-0.00336953
-0.00333138
-0.00324691
-0.00311593
-0.00293854
-0.00271509
-0.00244619
-0.00213267
-0.00177556
-0.00137612
-0.000935784
-0.000456209
6.07529e-05
0.000613037
0.00119837
0.00181424
0.00245795
0.00312656
0.00381689
0.00452556
0.00524898
0.00598333
0.00672463
0.0074687
0.0082112
0.00894771
0.00967365
0.0103844
0.0110754
0.011742
0.0123797
0.0129841
0.0135508
0.014076
0.0145559
0.0149871
0.0153666
0.0156919
0.015961
0.0161724
0.0163252
0.0164192
0.0164549
0.0164334
0.0163567
0.0162274
0.016049
0.0158259
0.015563
0.0152664
0.0149427
0.0145996
0.0142454
0.0138894
0.0135414
0.0132122
0.0129127
0.0126545
0.0124481
0.0123036
0.0122371
0.0122584
0.000345018
0.000295061
0.000178924
5.63064e-06
-0.000211682
-0.000461711
-0.0007337
-0.00101741
-0.00130346
-0.00158348
-0.00185011
-0.00209704
-0.0023189
-0.0025112
-0.00267023
-0.002793
-0.00287714
-0.0029208
-0.00292264
-0.00288171
-0.00279742
-0.00266951
-0.00249801
-0.00228318
-0.00202554
-0.00172582
-0.00138496
-0.00100408
-0.000584533
-0.000127844
0.000364253
0.000889819
0.00144671
0.00203258
0.00264485
0.00328074
0.00393725
0.00461118
0.0052991
0.00599742
0.00670234
0.00740989
0.00811599
0.0088164
0.00950682
0.0101829
0.0108402
0.0114744
0.0120813
0.0126566
0.0131963
0.0136967
0.0141543
0.0145659
0.0149287
0.0152404
0.015499
0.0157033
0.0158524
0.0159462
0.0159852
0.0159706
0.0159042
0.0157887
0.0156273
0.0154241
0.0151839
0.0149123
0.0146155
0.0143006
0.0139752
0.0136477
0.0133269
0.0130222
0.0127434
0.0125002
0.0123019
0.0121577
0.0120819
0.0120844
0.000649001
0.000549055
0.000404863
0.000219853
5.51573e-07
-0.00024372
-0.000503958
-0.000771765
-0.00103933
-0.00129956
-0.00154613
-0.00177355
-0.00197707
-0.00215269
-0.00229705
-0.00240742
-0.0024816
-0.00251788
-0.00251497
-0.00247193
-0.0023882
-0.00226347
-0.00209772
-0.00189116
-0.00164422
-0.00135754
-0.00103197
-0.00066854
-0.00026847
0.00016682
0.00063572
0.00113642
0.00166692
0.002225
0.00280823
0.00341401
0.00403949
0.00468163
0.00533719
0.00600276
0.00667473
0.00734933
0.00802267
0.00869072
0.0093494
0.00999454
0.010622
0.0112275
0.0118072
0.0123569
0.0128729
0.0133516
0.0137897
0.0141842
0.0145323
0.014832
0.0150814
0.0152793
0.0154249
0.0155182
0.0155597
0.0155504
0.0154921
0.0153875
0.0152395
0.0150521
0.0148297
0.0145775
0.0143014
0.0140078
0.0137036
0.0133965
0.0130943
0.0128053
0.012538
0.0123008
0.0121019
0.0119494
0.0118537
0.0118217
0.00101403
0.000853905
0.000672726
0.000467602
0.000237746
-9.26274e-06
-0.000265906
-0.000525453
-0.000781547
-0.0010283
-0.00126041
-0.00147319
-0.00166256
-0.00182504
-0.00195769
-0.00205808
-0.00212425
-0.00215465
-0.0021481
-0.00210375
-0.00202103
-0.00189966
-0.00173959
-0.00154098
-0.0013042
-0.00102982
-0.000718595
-0.000371459
1.04687e-05
0.000425887
0.000873309
0.00135106
0.00185725
0.00238983
0.00294652
0.00352484
0.00412212
0.00473549
0.00536188
0.00599802
0.0066405
0.00728572
0.00792997
0.00856941
0.00920012
0.00981811
0.0104194
0.011
0.011556
0.0120836
0.0125792
0.0130392
0.0134606
0.0138403
0.0141759
0.0144653
0.0147067
0.014899
0.0150414
0.0151339
0.0151769
0.0151715
0.0151194
0.0150229
0.0148851
0.0147095
0.0145003
0.0142625
0.0140012
0.0137226
0.0134328
0.0131387
0.0128474
0.0125662
0.0123024
0.0120633
0.011856
0.0116876
0.0115636
0.0114862
0.00142061
0.00119465
0.000970422
0.000738704
0.000491376
0.000234565
-2.54437e-05
-0.000283397
-0.00053426
-0.000773268
-0.000996071
-0.00119879
-0.00137801
-0.0015308
-0.00165465
-0.0017475
-0.00180763
-0.00183372
-0.00182471
-0.00177987
-0.00169869
-0.00158091
-0.00142647
-0.00123552
-0.00100837
-0.000745529
-0.000447673
-0.000115648
0.000249531
0.000646675
0.00107442
0.0015312
0.0020153
0.00252476
0.00305748
0.00361112
0.00418315
0.00477086
0.00537134
0.00598148
0.00659802
0.00721753
0.00783645
0.00845108
0.00905766
0.00965237
0.0102313
0.0107907
0.0113267
0.0118357
0.0123141
0.0127585
0.0131659
0.0135335
0.0138587
0.0141395
0.0143743
0.0145618
0.0147013
0.0147928
0.0148367
0.0148338
0.014786
0.0146952
0.0145645
0.014397
0.0141968
0.0139683
0.0137166
0.013447
0.0131652
0.0128775
0.0125901
0.0123095
0.0120421
0.011794
0.0115717
0.0113812
0.0112225
0.0110928
0.00185175
0.00155731
0.00128621
0.00102324
0.000753215
0.000481092
0.00021215
-4.9664e-05
-0.000300503
-0.000536625
-0.000754579
-0.000951253
-0.00112389
-0.00127011
-0.00138785
-0.00147541
-0.00153138
-0.00155466
-0.00154437
-0.00149988
-0.00142079
-0.00130687
-0.00115809
-0.000974562
-0.000756588
-0.000504613
-0.000219242
9.87659e-05
0.000448492
0.000828855
0.0012386
0.00167631
0.00214037
0.00262899
0.00314018
0.00367175
0.00422133
0.00478634
0.00536401
0.00595139
0.00654536
0.00714262
0.00773974
0.00833318
0.00891927
0.00949432
0.0100546
0.0105963
0.0111158
0.0116094
0.0120738
0.0125056
0.0129018
0.0132595
0.0135764
0.0138504
0.0140798
0.0142634
0.0144006
0.014491
0.0145351
0.0145338
0.0144886
0.0144014
0.014275
0.0141125
0.0139174
0.0136941
0.0134471
0.0131813
0.0129021
0.0126149
0.0123254
0.0120393
0.0117622
0.0114993
0.0112565
0.011039
0.0108413
0.0106555
0.00229293
0.00192932
0.00160918
0.00131178
0.00101527
0.000723647
0.000441406
0.000171347
-8.37398e-05
-0.000321044
-0.000537941
-0.000732048
-0.000901239
-0.00104366
-0.00115771
-0.00124206
-0.00129562
-0.00131751
-0.00130705
-0.00126375
-0.00118731
-0.00107757
-0.000934498
-0.000758238
-0.000549053
-0.000307344
-3.36515e-05
0.000271345
0.000606819
0.000971796
0.00136514
0.00178554
0.00223153
0.00270143
0.00319339
0.00370538
0.00423514
0.00478024
0.00533805
0.00590574
0.00648032
0.00705861
0.00763731
0.00821297
0.00878203
0.00934088
0.00988586
0.0104133
0.0109196
0.0114011
0.0118545
0.0122764
0.012664
0.0130143
0.0133249
0.0135938
0.0138192
0.0139999
0.0141352
0.0142247
0.0142688
0.0142682
0.0142242
0.0141389
0.0140145
0.0138541
0.013661
0.0134391
0.0131926
0.0129262
0.0126447
0.012353
0.0120563
0.0117595
0.0114677
0.0111852
0.0109175
0.0106693
0.0104295
0.0101859
0.00273187
0.00229957
0.00192942
0.00159556
0.00126986
0.000955633
0.000656718
0.00037493
0.00011212
-0.000129741
-0.000348784
-0.000543306
-0.000711777
-0.000852857
-0.000965396
-0.00104843
-0.00110117
-0.001123
-0.00111343
-0.00107214
-0.000998907
-0.00089365
-0.000756394
-0.000587275
-0.000386543
-0.00015456
0.000108193
0.000401111
0.000723459
0.00107436
0.00145279
0.00185757
0.00228733
0.00274055
0.00321549
0.00371025
0.00422272
0.00475058
0.00529134
0.00584227
0.00640051
0.00696298
0.00752647
0.00808763
0.00864297
0.00918896
0.00972197
0.0102384
0.0107346
0.0112071
0.0116525
0.0120674
0.0124489
0.0127941
0.0131005
0.0133661
0.013589
0.0137679
0.013902
0.0139909
0.0140348
0.0140343
0.0139906
0.0139055
0.0137813
0.0136205
0.0134266
0.0132029
0.0129535
0.0126825
0.0123945
0.012094
0.0117856
0.0114739
0.0111631
0.0108571
0.0105611
0.0102793
0.00999557
0.00969352
0.00315807
0.00265826
0.00223793
0.00186642
0.00150974
0.00117065
0.000852507
0.000556268
0.00028295
3.37722e-05
-0.000190088
-0.000387554
-0.000557655
-0.000699541
-0.000812489
-0.000895897
-0.000949283
-0.000972272
-0.000964591
-0.000926056
-0.000856574
-0.000756133
-0.000624803
-0.000462733
-0.000270162
-4.74165e-05
0.000205076
0.000486784
0.000797057
0.00113512
0.00150006
0.00189079
0.00230609
0.00274455
0.00320457
0.00368437
0.00418195
0.00469513
0.00522151
0.0057585
0.00630331
0.00685298
0.00740437
0.00795418
0.00849901
0.00903534
0.00955961
0.0100682
0.0105575
0.011024
0.0114642
0.0118748
0.0122528
0.0125953
0.0128997
0.0131638
0.0133857
0.013564
0.0136978
0.0137866
0.0138304
0.0138297
0.0137856
0.0136997
0.0135739
0.013411
0.0132137
0.0129855
0.01273
0.0124512
0.0121532
0.0118402
0.0115164
0.0111859
0.0108526
0.0105199
0.0101928
0.00987528
0.00954659
0.00918624
0.00356243
0.00299668
0.00252654
0.00211682
0.00172803
0.00136253
0.00102328
0.000710513
0.000424495
0.000165776
-6.50974e-05
-0.000267622
-0.00044135
-0.000585892
-0.00070093
-0.000786212
-0.000841549
-0.000866812
-0.000861925
-0.000826862
-0.000761643
-0.000666334
-0.000541051
-0.000385963
-0.000201297
1.26512e-05
0.000255507
0.000526808
0.000825989
0.00115237
0.00150514
0.00188334
0.00228585
0.00271139
0.00315848
0.00362546
0.00411045
0.00461138
0.00512596
0.00565171
0.00618591
0.00672568
0.00726795
0.00780948
0.0083469
0.00887671
0.00939535
0.00989921
0.0103847
0.0108481
0.0112861
0.0116953
0.0120724
0.0124145
0.0127191
0.0129836
0.0132062
0.0133853
0.0135199
0.0136092
0.0136532
0.0136523
0.0136073
0.0135197
0.0133913
0.0132245
0.013022
0.0127869
0.0125228
0.0122333
0.0119222
0.0115935
0.0112511
0.0108988
0.01054
0.010178
0.00981759
0.00946281
0.00908843
0.00867028
0.00393698
0.00330706
0.00278781
0.0023398
0.00191829
0.00152535
0.00116368
0.000832831
0.000532423
0.000262399
2.27358e-05
-0.000186594
-0.000365624
-0.000514399
-0.00063298
-0.000721447
-0.000779893
-0.000808426
-0.000807162
-0.000776225
-0.000715747
-0.000625873
-0.000506766
-0.00035861
-0.000181625
2.39246e-05
0.000257716
0.000519354
0.000808356
0.00112414
0.00146599
0.00183307
0.00222437
0.00263873
0.00307478
0.00353099
0.00400559
0.00449661
0.00500187
0.00551896
0.00604526
0.00657795
0.007114
0.00765021
0.00818324
0.00870959
0.00922569
0.0097279
0.0102125
0.010676
0.0111146
0.0115251
0.011904
0.0122483
0.0125553
0.0128223
0.0130475
0.0132289
0.0133655
0.0134563
0.0135011
0.0135002
0.0134542
0.0133644
0.0132324
0.0130605
0.0128512
0.0126074
0.0123325
0.0120299
0.0117031
0.011356
0.0109923
0.0106155
0.0102288
0.00983527
0.00943974
0.00904644
0.00862595
0.00815062
0.00427463
0.00358237
0.00301496
0.00252887
0.00207443
0.00165347
0.00126848
0.000918433
0.000602365
0.000319668
6.98003e-05
-0.000147754
-0.000333475
-0.000487808
-0.000611174
-0.000703962
-0.000766534
-0.000799221
-0.000802322
-0.000776106
-0.000720812
-0.000636659
-0.000523854
-0.000382596
-0.000213096
-1.55867e-05
0.000209661
0.000462321
0.000741993
0.00104818
0.00138029
0.00173758
0.00211916
0.00252399
0.00295081
0.0033982
0.0038645
0.00434785
0.00484616
0.00535709
0.0058781
0.00640642
0.00693907
0.00747287
0.00800447
0.00853037
0.00904698
0.00955058
0.0100375
0.0105039
0.0109461
0.0113607
0.0117441
0.0120932
0.012405
0.0126769
0.0129065
0.013092
0.013232
0.0133255
0.013372
0.0133716
0.0133247
0.0132325
0.0130964
0.0129185
0.0127012
0.0124473
0.0121597
0.0118419
0.0114974
0.0111296
0.0107422
0.0103386
0.00992197
0.00949502
0.00906291
0.00863005
0.00816312
0.00763113
0.00456897
0.00381623
0.00320171
0.002678
0.00219069
0.00174145
0.0013326
0.000962602
0.000629952
0.000333548
7.23709e-05
-0.000154543
-0.000348087
-0.000509082
-0.000638279
-0.000736362
-0.000803943
-0.000841561
-0.00084969
-0.000828731
-0.000779026
-0.000700863
-0.000594485
-0.000460105
-0.000297921
-0.000108131
0.000109046
0.000353354
0.000624475
0.000922014
0.00124547
0.00159421
0.00196748
0.00236432
0.00278361
0.00322404
0.00368404
0.00416186
0.00465549
0.00516268
0.00568093
0.00620753
0.00673952
0.00727374
0.00780683
0.00833527
0.00885539
0.00936345
0.0098556
0.010328
0.0107769
0.0111985
0.0115893
0.0119459
0.0122651
0.0125441
0.0127804
0.012972
0.0131171
0.0132147
0.0132639
0.0132648
0.0132175
0.013123
0.0129826
0.0127982
0.0125721
0.0123067
0.0120052
0.0116706
0.0113065
0.0109161
0.0105031
0.0100708
0.00962225
0.00916026
0.00869024
0.00821691
0.00770317
0.00711485
0.00481416
0.00400272
0.00334223
0.00278152
0.00226162
0.00178409
0.00135113
0.0009607
0.000610835
0.000299969
2.66426e-05
-0.000210521
-0.000412799
-0.000581359
-0.000717263
-0.000821467
-0.000894815
-0.000938045
-0.000951787
-0.000936568
-0.000892823
-0.000820899
-0.000721073
-0.000593565
-0.000438555
-0.000256204
-4.66751e-05
0.000189847
0.000453132
0.000742879
0.00105869
0.00140005
0.00176631
0.00215663
0.00257
0.00300522
0.00346083
0.00393517
0.00442631
0.00493206
0.00545001
0.00597746
0.00651148
0.00704891
0.00758637
0.0081203
0.00864697
0.00916253
0.00966305
0.0101446
0.0106031
0.0110349
0.011436
0.0118028
0.0121322
0.0124209
0.0126663
0.0128661
0.0130183
0.0131216
0.013175
0.0131782
0.0131313
0.013035
0.0128905
0.0126994
0.0124638
0.0121863
0.0118697
0.0115171
0.0111318
0.0107172
0.0102769
0.00981414
0.00933212
0.00883363
0.00832446
0.00780974
0.00724873
0.00660414
0.00500475
0.00413637
0.00343108
0.00283408
0.00228204
0.0017764
0.00131927
0.00090818
0.000540702
0.000214849
-7.12422e-05
-0.000319336
-0.000531065
-0.000707922
-0.000851256
-0.000962276
-0.00104204
-0.00109147
-0.00111135
-0.0011023
-0.00106485
-0.000999406
-0.000906258
-0.000785631
-0.000637683
-0.000462532
-0.000260281
-3.10391e-05
0.000225051
0.000507788
0.000816882
0.00115193
0.00151239
0.00189755
0.00230652
0.00273819
0.00319122
0.00366402
0.00415477
0.00466134
0.00518135
0.00571216
0.00625084
0.00679423
0.00733891
0.00788127
0.0084175
0.00894366
0.00945569
0.00994947
0.0104209
0.0108658
0.0112803
0.0116606
0.012003
0.0123042
0.0125613
0.0127717
0.0129332
0.0130442
0.0131035
0.0131105
0.0130651
0.0129677
0.0128194
0.0126218
0.0123766
0.0120864
0.011754
0.0113823
0.0109747
0.0105345
0.0100654
0.00957079
0.00905382
0.00851746
0.00796795
0.00741088
0.00680195
0.0061008
0.00513566
0.00421202
0.0034631
0.00283061
0.00224698
0.00171357
0.0012324
0.000800586
0.000415286
7.41148e-05
-0.000225173
-0.000484702
-0.000706436
-0.000892171
-0.00104353
-0.00116194
-0.00124868
-0.00130483
-0.00133129
-0.00132881
-0.00129797
-0.00123923
-0.00115289
-0.00103917
-0.000898207
-0.000730062
-0.000534774
-0.000312374
-6.29093e-05
0.000213519
0.000516732
0.000846444
0.00120223
0.0015835
0.00198947
0.00241914
0.00287129
0.00334442
0.00383678
0.00434631
0.00487069
0.00540729
0.00595321
0.00650527
0.00706
0.00761374
0.00816259
0.00870248
0.0092292
0.00973848
0.010226
0.0106875
0.0111186
0.0115154
0.011874
0.0121908
0.0124624
0.0126861
0.0128594
0.0129804
0.0130476
0.0130601
0.0130176
0.0129203
0.0127691
0.0125653
0.0123107
0.0120077
0.0116589
0.0112674
0.0108365
0.0103697
0.00987056
0.00934271
0.00878943
0.00821388
0.00762282
0.00702234
0.00636463
0.00560625
0.00520206
0.00422477
0.0034334
0.00276627
0.00215169
0.00159095
0.00108599
0.000633551
0.000230375
-0.000126292
-0.000439053
-0.000710374
-0.00094253
-0.0011376
-0.00129745
-0.00142375
-0.00151793
-0.00158124
-0.0016147
-0.00161914
-0.00159521
-0.00154339
-0.00146401
-0.00135725
-0.00122323
-0.00106194
-0.000873365
-0.000657436
-0.000414109
-0.000143376
0.0001547
0.000479952
0.000832077
0.00121061
0.00161488
0.00204402
0.00249689
0.0029721
0.00346798
0.00398255
0.00451351
0.00505829
0.00561397
0.00617737
0.00674497
0.00731304
0.00787757
0.00843436
0.00897905
0.00950718
0.0100142
0.0104956
0.0109469
0.0113636
0.0117417
0.0120773
0.0123667
0.0126067
0.0127946
0.0129281
0.0130055
0.0130256
0.0129878
0.012892
0.012739
0.0125299
0.0122664
0.0119507
0.0115854
0.0111737
0.0107188
0.0102244
0.00969409
0.00913178
0.00854091
0.00792486
0.00729098
0.00664592
0.00593832
0.00512166
0.00519933
0.00416995
0.00333733
0.00263642
0.00199159
0.00140405
0.000875666
0.000402797
-1.81872e-05
-0.0003904
-0.000716788
-0.00100014
-0.00124302
-0.00144777
-0.00161651
-0.00175108
-0.00185311
-0.00192397
-0.00196479
-0.00197649
-0.00195975
-0.00191509
-0.00184282
-0.00174311
-0.00161603
-0.00146151
-0.00127945
-0.0010697
-0.000832111
-0.000566551
-0.000272968
4.85961e-05
0.000397967
0.000774804
0.00117857
0.00160851
0.00206359
0.00254254
0.00304375
0.00356532
0.00410502
0.00466028
0.00522821
0.00580558
0.00638885
0.00697419
0.0075575
0.00813443
0.00870045
0.00925088
0.00978095
0.0102859
0.0107608
0.0112012
0.0116025
0.0119603
0.0122709
0.0125305
0.0127362
0.0128852
0.0129755
0.0130056
0.0129746
0.0128822
0.0127289
0.0125156
0.012244
0.011916
0.0115344
0.0111022
0.0106229
0.0101001
0.00953778
0.00893989
0.00831018
0.00765231
0.00697425
0.00628326
0.00552441
0.00464798
0.00512305
0.0040431
0.00317037
0.0024366
0.00176226
0.00114851
0.000597134
0.000104134
-0.000334493
-0.000722203
-0.00106227
-0.00135778
-0.00161159
-0.0018263
-0.00200422
-0.00214741
-0.00225764
-0.0023364
-0.00238492
-0.00240419
-0.00239493
-0.00235765
-0.00229267
-0.00220014
-0.00208004
-0.00193227
-0.00175662
-0.00155283
-0.00132066
-0.00105985
-0.000770226
-0.00045169
-0.000104285
0.000271785
0.000676113
0.00110806
0.00156674
0.00205095
0.00255921
0.00308966
0.00364015
0.00420813
0.00479072
0.00538467
0.00598639
0.00659197
0.00719718
0.00779754
0.00838832
0.00896462
0.00952141
0.0100536
0.0105561
0.0110239
0.0114522
0.0118362
0.0121717
0.0124547
0.0126816
0.0128494
0.0129557
0.0129986
0.0129769
0.0128902
0.0127384
0.0125225
0.0122438
0.0119044
0.0115069
0.0110544
0.0105503
0.00999866
0.00940343
0.00876893
0.00809916
0.00739811
0.0066744
0.00593598
0.00512421
0.00418613
0.00496892
0.00383988
0.0029282
0.00216247
0.00145941
0.000820086
0.000246222
-0.000266544
-0.000722573
-0.00112565
-0.00147936
-0.0017871
-0.00205198
-0.00227683
-0.00246418
-0.00261627
-0.00273499
-0.00282197
-0.00287852
-0.00290566
-0.00290416
-0.00287452
-0.00281706
-0.00273186
-0.00261886
-0.00247786
-0.00230857
-0.00211063
-0.00188367
-0.0016273
-0.00134121
-0.00102516
-0.000679054
-0.000302956
0.000102872
0.000537927
0.00100144
0.00149233
0.00200921
0.00255033
0.00311356
0.00369642
0.00429603
0.00490911
0.00553205
0.00616082
0.0067911
0.00741823
0.0080373
0.00864316
0.00923051
0.00979395
0.0103281
0.0108275
0.0112869
0.0117012
0.0120657
0.012376
0.012628
0.0128183
0.0129441
0.0130031
0.0129938
0.0129152
0.0127673
0.0125506
0.0122664
0.0119167
0.011504
0.0110315
0.0105027
0.00992175
0.00929295
0.00862087
0.00790983
0.00716417
0.00639324
0.00560569
0.00473904
0.00373699
0.00473278
0.00355611
0.00260664
0.00180987
0.00107889
0.000414669
-0.000181143
-0.000713259
-0.00118639
-0.00160464
-0.00197191
-0.00229186
-0.00256788
-0.00280302
-0.003
-0.00316122
-0.00328872
-0.00338422
-0.00344909
-0.00348441
-0.00349096
-0.00346925
-0.00341955
-0.00334189
-0.00323615
-0.00310204
-0.00293916
-0.00274704
-0.00252518
-0.00227304
-0.00199019
-0.00167622
-0.00133089
-0.000954104
-0.000545979
-0.000106872
0.000362583
0.000861439
0.00138841
0.00194184
0.00251968
0.00311948
0.00373839
0.00437312
0.00502
0.00567493
0.00633345
0.00699075
0.00764172
0.00828095
0.00890285
0.0095017
0.0100717
0.010607
0.011102
0.0115511
0.0119491
0.0122911
0.0125725
0.0127895
0.0129387
0.0130175
0.0130239
0.0129566
0.0128152
0.0126001
0.0123123
0.0119538
0.0115269
0.011035
0.0104817
0.00987128
0.00920836
0.00849781
0.00774429
0.00695255
0.00613268
0.0052941
0.00437034
0.00330156
0.00441058
0.00318772
0.0022016
0.00137474
0.000616659
-7.17584e-05
-0.000688941
-0.00123995
-0.00172983
-0.00216301
-0.0025437
-0.00287582
-0.003163
-0.00340852
-0.0036153
-0.00378586
-0.00392238
-0.00402667
-0.00410017
-0.00414399
-0.00415892
-0.00414544
-0.00410378
-0.00403394
-0.00393569
-0.00380866
-0.00365233
-0.00346611
-0.00324934
-0.00300137
-0.00272158
-0.00240942
-0.00206448
-0.0016865
-0.00127543
-0.000831469
-0.000355112
0.000152839
0.000691221
0.00125848
0.00185266
0.00247138
0.00311178
0.00377061
0.00444412
0.00512815
0.00581812
0.00650904
0.0071956
0.00787213
0.00853274
0.00917133
0.00978172
0.0103577
0.010893
0.0113817
0.011818
0.0121965
0.0125121
0.0127604
0.0129374
0.0130402
0.0130661
0.0130136
0.012882
0.0126712
0.0123821
0.0120165
0.0115769
0.0110665
0.0104892
0.00984933
0.00915186
0.00840201
0.00760481
0.00676544
0.0058948
0.0050031
0.00401968
0.002881
0.00399837
0.00273077
0.00170914
0.000853129
6.8784e-05
-0.000643104
-0.00128105
-0.00185046
-0.00235671
-0.00280456
-0.00319847
-0.00354267
-0.00384101
-0.00409698
-0.00431367
-0.00449376
-0.00463955
-0.0047529
-0.00483534
-0.00488798
-0.00491162
-0.00490671
-0.00487345
-0.00481174
-0.00472129
-0.00460161
-0.00445206
-0.00427192
-0.00406037
-0.00381662
-0.00353986
-0.00322939
-0.00288461
-0.00250508
-0.00209058
-0.00164114
-0.00115709
-0.000639065
-8.81041e-05
0.00049437
0.0011065
0.00174596
0.00240996
0.00309523
0.00379802
0.00451407
0.00523869
0.00596673
0.00669265
0.00741052
0.00811413
0.00879702
0.00945257
0.0100741
0.0106549
0.0111884
0.0116682
0.0120884
0.0124434
0.012728
0.0129378
0.0130692
0.0131191
0.0130855
0.0129672
0.012764
0.0124764
0.0121061
0.0116555
0.0111279
0.0105272
0.00985815
0.00912585
0.00833594
0.00749388
0.00660527
0.0056819
0.00473479
0.00368886
0.00247668
0.00349231
0.0021814
0.00112542
0.000241209
-0.000568552
-0.00130317
-0.00196126
-0.00254855
-0.00307078
-0.00353297
-0.00393991
-0.00429606
-0.00460552
-0.00487198
-0.0050987
-0.0052885
-0.00544376
-0.00556646
-0.00565814
-0.00571994
-0.00575266
-0.00575671
-0.00573223
-0.00567905
-0.00559678
-0.00548481
-0.00534238
-0.0051686
-0.00496253
-0.00472317
-0.00444957
-0.00414082
-0.00379613
-0.00341487
-0.00299664
-0.00254126
-0.00204889
-0.00152
-0.000955459
-0.000356556
0.000274966
0.000936882
0.00162646
0.00234045
0.00307507
0.00382602
0.00458848
0.00535716
0.00612627
0.00688963
0.00764069
0.00837261
0.00907832
0.00975062
0.0103823
0.0109661
0.0114952
0.0119629
0.0123629
0.0126894
0.0129375
0.0131027
0.0131816
0.0131715
0.0130708
0.0128788
0.012596
0.0122238
0.0117644
0.0112211
0.0105981
0.00990022
0.00913298
0.00830238
0.00741428
0.00647478
0.00549658
0.00449158
0.00338001
0.00209031
0.00288865
0.00153588
0.000446722
-0.000464741
-0.00129907
-0.00205567
-0.00273326
-0.00333791
-0.00387567
-0.00435189
-0.00477162
-0.00513958
-0.00546011
-0.00573707
-0.00597391
-0.00617356
-0.00633853
-0.00647084
-0.00657208
-0.00664341
-0.0066856
-0.00669903
-0.00668377
-0.00663958
-0.00656594
-0.00646213
-0.00632725
-0.00616026
-0.00596004
-0.00572541
-0.00545523
-0.00514839
-0.0048039
-0.00442092
-0.00399882
-0.00353725
-0.00303613
-0.00249576
-0.00191683
-0.00130046
-0.00064826
3.76589e-05
0.000754647
0.00149949
0.00226842
0.00305708
0.00386055
0.00467338
0.00548957
0.00630267
0.00710578
0.00789164
0.00865274
0.00938134
0.0100696
0.0107098
0.0112942
0.0118155
0.0122667
0.0126414
0.0129337
0.0131386
0.013252
0.0132706
0.0131923
0.013016
0.0127418
0.0123708
0.0119051
0.0113482
0.0107043
0.00997833
0.00917623
0.00830439
0.00736912
0.00637704
0.0053418
0.00427625
0.00309561
0.00172395
0.00218377
0.0007906
-0.000330586
-0.00126834
-0.00212636
-0.0029042
-0.00360065
-0.00422211
-0.00477497
-0.00526487
-0.00569713
-0.00607674
-0.00640824
-0.00669572
-0.00694274
-0.0071524
-0.00732728
-0.00746948
-0.00758061
-0.00766184
-0.00771392
-0.0077372
-0.00773165
-0.00769695
-0.00763248
-0.00753738
-0.00741059
-0.00725092
-0.00705705
-0.00682763
-0.0065613
-0.00625673
-0.00591272
-0.00552821
-0.00510233
-0.00463449
-0.0041244
-0.00357215
-0.00297822
-0.00234355
-0.00166958
-0.000958291
-0.000212219
0.00056549
0.00137108
0.00220017
0.00304775
0.00390824
0.00477542
0.00564256
0.00650243
0.00734734
0.00816929
0.00895999
0.009711
0.0104138
0.0110602
0.0116418
0.012151
0.0125805
0.0129237
0.0131748
0.0133289
0.0133821
0.0133316
0.0131759
0.0129146
0.0125486
0.0120799
0.0115118
0.0108486
0.0100956
0.0092589
0.00834542
0.00736192
0.00631553
0.00522095
0.004092
0.00283858
0.00138012
0.00137414
-5.79677e-05
-0.00121001
-0.00217309
-0.00305395
-0.00385225
-0.0045669
-0.00520463
-0.00577213
-0.00627535
-0.00671987
-0.00711095
-0.00745333
-0.00775129
-0.00800856
-0.00822836
-0.00841335
-0.0085657
-0.00868705
-0.00877858
-0.008841
-0.0088746
-0.00887931
-0.00885468
-0.00879998
-0.00871422
-0.00859617
-0.00844446
-0.00825759
-0.00803399
-0.00777209
-0.00747034
-0.00712729
-0.00674162
-0.00631224
-0.00583829
-0.00531924
-0.00475493
-0.00414561
-0.00349202
-0.0027954
-0.00205757
-0.00128093
-0.000468524
0.000375933
0.00124806
0.00214279
0.00305438
0.00397646
0.004902
0.00582343
0.00673265
0.00762113
0.00847999
0.00930016
0.0100724
0.0107876
0.0114368
0.0120113
0.012503
0.0129044
0.0132088
0.0134105
0.0135048
0.0134883
0.0133589
0.0131156
0.0127589
0.0122908
0.0117144
0.0110341
0.0102554
0.00938471
0.00842937
0.00739664
0.00629423
0.00513791
0.00394254
0.00261236
0.00106184
0.000456348
-0.00101321
-0.00219494
-0.00318238
-0.00408523
-0.00490323
-0.00563543
-0.00628885
-0.00687053
-0.00738669
-0.00784319
-0.00824552
-0.00859866
-0.00890706
-0.00917461
-0.00940465
-0.00959994
-0.0097627
-0.0098946
-0.00999682
-0.01007
-0.0101145
-0.01013
-0.0101161
-0.0100718
-0.00999613
-0.00988756
-0.00974457
-0.00956547
-0.00934847
-0.00909175
-0.00879353
-0.00845209
-0.00806586
-0.00763347
-0.00715378
-0.006626
-0.00604969
-0.00542484
-0.00475195
-0.00403204
-0.00326671
-0.00245823
-0.00160949
-0.00072414
0.000193477
0.00113825
0.00210435
0.00308519
0.00407352
0.00506139
0.00604029
0.00700117
0.00793453
0.00883062
0.00967944
0.010471
0.0111954
0.0118431
0.012405
0.0128725
0.0132381
0.013495
0.0136378
0.0136622
0.0135653
0.0133458
0.0130036
0.0125404
0.0119592
0.0112644
0.0104617
0.00955782
0.0085606
0.00747778
0.00631765
0.00509713
0.00383219
0.00242099
0.000772754
-0.000572865
-0.0020784
-0.00328865
-0.00429951
-0.00522347
-0.00606043
-0.00680951
-0.00747807
-0.00807344
-0.00860214
-0.00907031
-0.00948366
-0.0098474
-0.0101662
-0.010444
-0.0106844
-0.0108901
-0.0110635
-0.0112063
-0.0113196
-0.011404
-0.0114599
-0.0114869
-0.0114843
-0.0114512
-0.0113863
-0.0112881
-0.0111547
-0.0109842
-0.0107747
-0.0105241
-0.0102303
-0.00989133
-0.00950533
-0.00907064
-0.00858583
-0.00804979
-0.00746179
-0.00682153
-0.00612921
-0.00538561
-0.00459211
-0.00375074
-0.00286427
-0.00193619
-0.000970809
2.67753e-05
0.00105064
0.00209406
0.00314952
0.00420875
0.00526281
0.00630211
0.00731655
0.00829561
0.00922851
0.0101043
0.0109123
0.0116416
0.0122823
0.0128246
0.01326
0.0135806
0.01378
0.013853
0.0137959
0.0136066
0.0132847
0.0128313
0.0122494
0.0115432
0.0107187
0.00978293
0.00874406
0.00761042
0.00639092
0.0051037
0.00376588
0.00226916
0.000517153
-0.00171663
-0.00325668
-0.00449429
-0.00552763
-0.00647188
-0.00732703
-0.00809234
-0.00877545
-0.00938403
-0.00992485
-0.0104043
-0.0108284
-0.0112026
-0.0115316
-0.0118197
-0.0120704
-0.0122867
-0.0124709
-0.0126249
-0.0127496
-0.0128458
-0.0129135
-0.0129526
-0.0129621
-0.0129409
-0.0128877
-0.0128007
-0.0126778
-0.0125171
-0.0123161
-0.0120726
-0.0117843
-0.0114488
-0.0110641
-0.010628
-0.0101389
-0.00959536
-0.00899624
-0.00834094
-0.00762937
-0.00686197
-0.00603986
-0.00516484
-0.00423947
-0.00326709
-0.00225188
-0.00119893
-0.00011418
0.000995506
0.00212239
0.00325791
0.00439266
0.00551654
0.00661881
0.00768819
0.00871304
0.0096815
0.0105817
0.0114018
0.0121306
0.0127572
0.0132718
0.0136653
0.0139303
0.0140604
0.0140511
0.0138995
0.0136044
0.0131666
0.0125887
0.011875
0.0110314
0.0100653
0.00898529
0.00780031
0.00651987
0.00516342
0.0037493
0.00216232
0.000300097
-0.00297794
-0.00455106
-0.00581491
-0.0068698
-0.0078335
-0.00870612
-0.00948699
-0.0101841
-0.0108053
-0.0113578
-0.0118483
-0.0122828
-0.0126671
-0.0130062
-0.0133044
-0.0135654
-0.0137924
-0.0139876
-0.0141529
-0.0142894
-0.0143977
-0.0144779
-0.0145296
-0.0145518
-0.0145435
-0.0145028
-0.0144279
-0.0143167
-0.0141667
-0.0139755
-0.0137403
-0.0134587
-0.013128
-0.0127457
-0.0123094
-0.0118171
-0.011267
-0.0106576
-0.00998791
-0.00925752
-0.00846651
-0.00761568
-0.00670654
-0.0057414
-0.00472339
-0.00365656
-0.0025459
-0.00139735
-0.000217863
0.000984645
0.00220129
0.00342229
0.004637
0.00583403
0.00700132
0.00812633
0.00919619
0.0101979
0.0111185
0.0119454
0.0126664
0.0132704
0.0137471
0.0140875
0.0142843
0.0143318
0.0142261
0.0139653
0.0135497
0.0129814
0.0122645
0.011405
0.0104107
0.00929052
0.00805392
0.00671111
0.00528291
0.003789
0.00210676
0.000127494
-0.0043596
-0.0059644
-0.0072534
-0.00832897
-0.00931133
-0.0102007
-0.0109965
-0.0117069
-0.0123403
-0.012904
-0.0134049
-0.0138495
-0.0142437
-0.0145925
-0.0149007
-0.015172
-0.0154095
-0.0156158
-0.0157926
-0.0159411
-0.0160619
-0.016155
-0.0162199
-0.0162556
-0.0162608
-0.0162336
-0.0161719
-0.0160734
-0.0159354
-0.0157551
-0.0155296
-0.0152561
-0.0149315
-0.014553
-0.0141179
-0.0136238
-0.0130683
-0.0124497
-0.0117666
-0.0110182
-0.0102041
-0.00932474
-0.00838133
-0.00737586
-0.00631122
-0.00519125
-0.00402081
-0.00280578
-0.00155316
-0.000271012
0.00103153
0.00234429
0.0036561
0.00495492
0.00622791
0.00746159
0.00864203
0.00975502
0.0107864
0.011722
0.0125484
0.0132529
0.0138237
0.0142505
0.0145245
0.0146388
0.0145883
0.0143703
0.0139843
0.0134319
0.0127171
0.0118457
0.0108258
0.00966676
0.00837854
0.0069721
0.00546969
0.00389239
0.00210972
6.19769e-06
-0.00586428
-0.00749944
-0.00881257
-0.00990797
-0.0109082
-0.0118136
-0.0126236
-0.0133469
-0.0139918
-0.0145662
-0.0150771
-0.0155313
-0.0159348
-0.0162931
-0.0166109
-0.0168922
-0.0171402
-0.0173574
-0.0175458
-0.0177065
-0.01784
-0.0179464
-0.0180251
-0.0180749
-0.0180944
-0.0180816
-0.0180341
-0.0179494
-0.0178246
-0.0176567
-0.0174423
-0.0171784
-0.0168615
-0.0164884
-0.0160561
-0.0155616
-0.0150023
-0.0143759
-0.0136806
-0.0129152
-0.0120788
-0.0111715
-0.010194
-0.009148
-0.00803606
-0.00686177
-0.00562978
-0.0043459
-0.00301707
-0.00165147
-0.000258433
0.00115149
0.00256666
0.00397437
0.00536099
0.00671209
0.00801262
0.00924713
0.0104
0.0114558
0.0123993
0.0132162
0.0138932
0.0144182
0.014781
0.0149731
0.0149882
0.0148226
0.0144746
0.0139455
0.0132388
0.0123602
0.011318
0.0101219
0.0087824
0.00731128
0.00573228
0.00406798
0.00217946
-5.5887e-05
-0.00749449
-0.00915877
-0.0104951
-0.0116096
-0.012627
-0.0135477
-0.0143713
-0.0151067
-0.0157626
-0.016347
-0.0168673
-0.0173305
-0.0177429
-0.0181102
-0.0184372
-0.0187281
-0.0189862
-0.0192142
-0.019414
-0.0195869
-0.0197333
-0.0198533
-0.0199461
-0.0200106
-0.0200451
-0.0200475
-0.0200153
-0.0199456
-0.0198353
-0.0196811
-0.0194794
-0.0192266
-0.0189191
-0.0185532
-0.0181254
-0.0176323
-0.0170709
-0.0164384
-0.0157325
-0.0149514
-0.0140939
-0.0131595
-0.0121485
-0.0110621
-0.00990262
-0.00867319
-0.00737826
-0.00602345
-0.00461565
-0.00316304
-0.00167515
-0.000162807
0.00136187
0.00288556
0.00439383
0.00587128
0.00730171
0.00866838
0.00995419
0.0111421
0.0122152
0.0131573
0.0139534
0.0145896
0.0150538
0.0153359
0.0154283
0.0153256
0.0150254
0.0145279
0.0138362
0.012956
0.0118954
0.0106646
0.00927471
0.00773813
0.00608029
0.00432535
0.00232543
-4.96857e-05
-0.00925254
-0.0109449
-0.0123035
-0.0134364
-0.0144703
-0.0154057
-0.0162422
-0.0169891
-0.0176553
-0.018249
-0.018778
-0.0192495
-0.0196701
-0.0200457
-0.0203812
-0.0206811
-0.0209489
-0.0211873
-0.0213983
-0.0215832
-0.0217425
-0.0218761
-0.0219834
-0.022063
-0.0221132
-0.0221315
-0.0221155
-0.0220619
-0.0219674
-0.0218283
-0.0216408
-0.0214009
-0.0211046
-0.0207477
-0.0203264
-0.0198367
-0.0192752
-0.0186385
-0.0179238
-0.0171287
-0.0162515
-0.0152913
-0.0142477
-0.0131216
-0.0119146
-0.0106296
-0.00927072
-0.00784331
-0.00635412
-0.0048113
-0.00322446
-0.00160469
3.54863e-05
0.00168215
0.0033201
0.00493295
0.00650334
0.00801314
0.00944373
0.0107763
0.0119922
0.0130733
0.0140025
0.0147638
0.0153433
0.0157289
0.0159112
0.0158834
0.0156417
0.0151854
0.0145169
0.0136414
0.0125672
0.0113048
0.0098658
0.00826334
0.00652459
0.0046754
0.00255834
3.517e-05
-0.0111406
-0.0128601
-0.0142404
-0.015391
-0.0164408
-0.0173903
-0.0182391
-0.0189967
-0.0196724
-0.0202747
-0.0208115
-0.0212905
-0.0217184
-0.0221013
-0.0224446
-0.0227527
-0.0230294
-0.0232776
-0.0234992
-0.0236957
-0.0238676
-0.0240149
-0.0241366
-0.0242316
-0.0242979
-0.0243329
-0.0243339
-0.0242974
-0.0242199
-0.0240974
-0.0239257
-0.0237005
-0.0234172
-0.0230714
-0.0226586
-0.0221745
-0.021615
-0.0209762
-0.0202547
-0.0194477
-0.0185527
-0.0175682
-0.0164934
-0.0153284
-0.0140744
-0.0127339
-0.0113105
-0.00980928
-0.0082367
-0.00660083
-0.00491131
-0.00317939
-0.00141796
0.000358521
0.0021341
0.00389143
0.00561196
0.00727617
0.00886382
0.0103543
0.0117269
0.0129615
0.0140387
0.0149403
0.01565
0.0161538
0.0164402
0.0165004
0.0163294
0.0159251
0.0152889
0.0144258
0.0133437
0.0120535
0.0105672
0.00889887
0.00707738
0.00513041
0.00289035
0.000210482
-0.0131607
-0.0149067
-0.0163081
-0.017476
-0.0185412
-0.0195042
-0.0203647
-0.0211323
-0.0218166
-0.0224264
-0.0229701
-0.0234554
-0.0238894
-0.0242786
-0.0246284
-0.0249437
-0.0252283
-0.0254852
-0.0257167
-0.0259241
-0.0261081
-0.0262686
-0.0264047
-0.0265151
-0.0265977
-0.0266499
-0.0266686
-0.0266503
-0.0265909
-0.0264864
-0.026332
-0.0261231
-0.0258548
-0.0255221
-0.0251201
-0.0246438
-0.0240887
-0.0234502
-0.0227243
-0.0219076
-0.0209969
-0.0199901
-0.0188856
-0.0176832
-0.0163832
-0.0149877
-0.0134996
-0.0119238
-0.0102663
-0.00853498
-0.00673946
-0.00489106
-0.00300295
-0.00109006
0.000830946
0.00274178
0.00462272
0.00645281
0.00821012
0.00987213
0.0114161
0.0128195
0.0140606
0.0151187
0.015975
0.016613
0.0170189
0.017182
0.0170951
0.0167548
0.0161616
0.0153194
0.0142362
0.0129229
0.011392
0.00965815
0.00775238
0.00570419
0.00333518
0.000489635
-0.0153148
-0.0170869
-0.0185091
-0.019694
-0.0207742
-0.0217501
-0.0226216
-0.0233983
-0.0240903
-0.0247066
-0.0252558
-0.025746
-0.0261848
-0.0265787
-0.0269336
-0.0272545
-0.0275456
-0.02781
-0.0280501
-0.0282674
-0.0284627
-0.0286357
-0.0287858
-0.0289114
-0.0290104
-0.02908
-0.0291169
-0.0291174
-0.0290773
-0.0289919
-0.0288564
-0.0286656
-0.0284141
-0.0280966
-0.0277076
-0.0272416
-0.0266932
-0.0260576
-0.0253299
-0.0245059
-0.023582
-0.0225551
-0.0214232
-0.020185
-0.0188404
-0.0173907
-0.0158384
-0.0141877
-0.0124442
-0.0106156
-0.00871125
-0.00674248
-0.00472266
-0.00266711
-0.000593144
0.00148007
0.00353164
0.00553916
0.00747901
0.00932668
0.0110572
0.0126455
0.0140673
0.0152992
0.0163197
0.0171093
0.0176516
0.0179336
0.017946
0.0176835
0.017145
0.0163339
0.0152575
0.0139266
0.0123544
0.0105562
0.00856498
0.00641229
0.00390828
0.00088777
-0.0176045
-0.0194028
-0.0208458
-0.0220476
-0.0231425
-0.0241308
-0.0250125
-0.0257975
-0.026496
-0.0271174
-0.0276706
-0.0281641
-0.0286057
-0.0290025
-0.0293606
-0.0296853
-0.029981
-0.0302512
-0.0304983
-0.0307241
-0.0309292
-0.0311138
-0.031277
-0.0314172
-0.0315323
-0.0316193
-0.0316747
-0.0316946
-0.0316744
-0.0316093
-0.031494
-0.0313229
-0.0310903
-0.03079
-0.0304163
-0.0299629
-0.029424
-0.0287939
-0.0280671
-0.0272386
-0.0263041
-0.0252598
-0.0241027
-0.0228309
-0.0214435
-0.0199411
-0.0183254
-0.0166
-0.0147701
-0.0128429
-0.0108273
-0.00873483
-0.00657874
-0.00437471
-0.0021406
0.0001036
0.00233588
0.00453241
0.00666782
0.00871554
0.0106483
0.0124384
0.0140587
0.0154828
0.0166861
0.0176461
0.0183434
0.0187621
0.0188904
0.0187208
0.0182507
0.017482
0.0164215
0.01508
0.0134707
0.0116098
0.00953241
0.00727215
0.00462705
0.00142196
-0.0200318
-0.0218566
-0.0233208
-0.0245395
-0.0256489
-0.0266493
-0.0275405
-0.0283327
-0.0290364
-0.0296612
-0.0302165
-0.0307112
-0.0311535
-0.0315508
-0.0319096
-0.0322357
-0.0325337
-0.0328073
-0.0330593
-0.0332915
-0.0335049
-0.0336995
-0.0338745
-0.0340284
-0.0341589
-0.0342628
-0.0343367
-0.0343763
-0.0343767
-0.0343328
-0.0342389
-0.034089
-0.0338768
-0.0335959
-0.0332396
-0.0328013
-0.0322745
-0.0316526
-0.0309296
-0.0300996
-0.0291574
-0.0280985
-0.026919
-0.0256161
-0.0241881
-0.0226347
-0.020957
-0.0191577
-0.0172415
-0.0152148
-0.0130864
-0.0108673
-0.00857099
-0.00621317
-0.00381218
-0.00138876
0.00103405
0.00343102
0.00577503
0.00803745
0.0101885
0.0121978
0.0140352
0.0156709
0.0170771
0.0182277
0.0191001
0.0196749
0.0199375
0.0198779
0.0194912
0.0187781
0.0177441
0.0163999
0.0147588
0.0128377
0.0106739
0.00830331
0.00551102
0.00211144
-0.0225982
-0.0244506
-0.0259365
-0.0271725
-0.0282965
-0.0293086
-0.0302086
-0.0310067
-0.0317139
-0.0323402
-0.0328954
-0.0333887
-0.0338289
-0.0342238
-0.0345804
-0.0349048
-0.035202
-0.0354762
-0.0357303
-0.0359665
-0.0361858
-0.0363883
-0.0365735
-0.0367396
-0.0368843
-0.0370045
-0.0370964
-0.0371555
-0.0371768
-0.0371547
-0.0370832
-0.0369557
-0.0367656
-0.0365059
-0.0361693
-0.0357485
-0.0352364
-0.0346256
-0.0339092
-0.0330807
-0.0321339
-0.0310634
-0.0298644
-0.0285333
-0.0270673
-0.0254653
-0.0237273
-0.0218554
-0.0198534
-0.0177271
-0.0154848
-0.013137
-0.0106971
-0.00818074
-0.00560669
-0.00299627
-0.000373497
0.00223509
0.00480067
0.00729248
0.00967823
0.0119247
0.0139984
0.0158663
0.0174965
0.0188595
0.0199284
0.0206806
0.0210977
0.0211669
0.0208808
0.0202379
0.0192427
0.0179052
0.0162387
0.0142608
0.012011
0.00952762
0.00658207
0.00297778
-0.0253055
-0.0271872
-0.0286961
-0.02995
-0.0310888
-0.0321122
-0.03302
-0.0338228
-0.0345316
-0.035157
-0.0357092
-0.036198
-0.0366326
-0.0370215
-0.0373722
-0.0376912
-0.037984
-0.0382552
-0.038508
-0.0387449
-0.0389671
-0.0391749
-0.0393678
-0.0395441
-0.0397015
-0.0398367
-0.0399458
-0.040024
-0.040066
-0.040066
-0.0400175
-0.0399136
-0.039747
-0.0395101
-0.0391952
-0.0387942
-0.0382992
-0.0377022
-0.0369955
-0.0361716
-0.0352234
-0.0341445
-0.0329293
-0.031573
-0.0300719
-0.0284238
-0.026628
-0.0246852
-0.0225986
-0.0203731
-0.0180164
-0.0155384
-0.0129521
-0.0102733
-0.00752063
-0.00471603
-0.00188434
0.000946677
0.00374654
0.00648239
0.00911941
0.0116214
0.0139514
0.0160727
0.0179494
0.0195477
0.0208365
0.021789
0.0223829
0.0226017
0.022435
0.0218791
0.0209366
0.0196168
0.0179327
0.0159025
0.0135678
0.0109695
0.00786472
0.0040452
-0.0281557
-0.0300691
-0.0316027
-0.0328756
-0.0340295
-0.035064
-0.0359787
-0.0367844
-0.0374925
-0.0381141
-0.0386599
-0.0391403
-0.0395653
-0.0399438
-0.040284
-0.040593
-0.0408769
-0.0411406
-0.0413879
-0.0416215
-0.0418429
-0.0420527
-0.0422503
-0.0424343
-0.0426021
-0.0427505
-0.0428754
-0.0429718
-0.0430341
-0.043056
-0.0430308
-0.0429511
-0.0428091
-0.0425966
-0.0423051
-0.041926
-0.0414507
-0.0408702
-0.040176
-0.0393597
-0.0384133
-0.0373294
-0.0361012
-0.034723
-0.0331901
-0.0314989
-0.0296477
-0.0276364
-0.0254668
-0.0231432
-0.0206722
-0.0180632
-0.0153286
-0.0124839
-0.00954786
-0.00654259
-0.00349365
-0.000429914
0.00261658
0.00561094
0.00851578
0.0112919
0.0138987
0.0162956
0.0184422
0.0203002
0.0218338
0.0230114
0.0238063
0.0241976
0.0241716
0.0237214
0.0228476
0.0215582
0.0198657
0.0177886
0.0153711
0.0126564
0.00938635
0.00534082
-0.0311509
-0.0330994
-0.03466
-0.0359532
-0.0371229
-0.0381683
-0.0390887
-0.0398954
-0.0406001
-0.0412143
-0.0417496
-0.042217
-0.0426272
-0.04299
-0.0433142
-0.0436077
-0.0438772
-0.0441281
-0.0443647
-0.0445902
-0.0448063
-0.0450138
-0.0452125
-0.0454008
-0.0455762
-0.0457355
-0.0458742
-0.0459873
-0.0460689
-0.0461123
-0.0461104
-0.0460552
-0.0459385
-0.0457515
-0.045485
-0.0451297
-0.0446761
-0.0441147
-0.0434357
-0.0426301
-0.0416887
-0.040603
-0.0393653
-0.0379687
-0.0364071
-0.0346761
-0.0327726
-0.0306953
-0.028445
-0.0260248
-0.0234403
-0.0207002
-0.017816
-0.0148029
-0.0116794
-0.00846767
-0.00519386
-0.00188775
0.00141722
0.00468419
0.00787327
0.0109421
0.0138467
0.0165419
0.018983
0.0211264
0.0229314
0.0243608
0.0253829
0.0259721
0.0261101
0.0257866
0.0249996
0.0237552
0.0220652
0.0199482
0.0174507
0.0146186
0.0111776
0.00689495
-0.0342936
-0.0362817
-0.0378724
-0.0391879
-0.0403742
-0.0414302
-0.0423551
-0.0431603
-0.0438581
-0.0444608
-0.0449805
-0.0454293
-0.0458187
-0.0461593
-0.046461
-0.0467324
-0.0469808
-0.0472125
-0.0474323
-0.0476437
-0.0478491
-0.0480494
-0.0482445
-0.048433
-0.0486125
-0.0487796
-0.0489297
-0.0490575
-0.0491568
-0.0492207
-0.0492415
-0.0492108
-0.0491198
-0.048959
-0.0487188
-0.0483889
-0.047959
-0.0474188
-0.0467577
-0.0459655
-0.0450321
-0.0439479
-0.0427041
-0.0412924
-0.0397057
-0.0379383
-0.0359857
-0.0338454
-0.0315169
-0.0290021
-0.0263055
-0.0234348
-0.0204005
-0.0172172
-0.0139029
-0.0104799
-0.00697436
-0.00341694
0.000157697
0.00371089
0.00720034
0.0105806
0.0138039
0.0168209
0.0195818
0.0220378
0.0241422
0.0258521
0.0271298
0.0279443
0.0282723
0.028099
0.0274193
0.0262367
0.024562
0.0224136
0.01984
0.0168902
0.0132726
0.00874148
-0.0375869
-0.0396204
-0.0412453
-0.0425854
-0.0437895
-0.0448558
-0.0457835
-0.0465843
-0.0472712
-0.0478571
-0.0483552
-0.0487786
-0.0491398
-0.0494506
-0.0497219
-0.0499631
-0.0501827
-0.0503876
-0.0505832
-0.0507738
-0.0509619
-0.051149
-0.0513351
-0.051519
-0.0516983
-0.0518694
-0.0520277
-0.0521676
-0.0522826
-0.0523654
-0.0524079
-0.0524012
-0.0523358
-0.0522017
-0.0519884
-0.0516851
-0.0512806
-0.0507635
-0.0501225
-0.0493463
-0.0484238
-0.0473442
-0.0460974
-0.0446741
-0.0430658
-0.0412653
-0.039267
-0.0370669
-0.0346631
-0.0320562
-0.0292494
-0.0262491
-0.0230649
-0.0197103
-0.0162029
-0.0125644
-0.0088212
-0.00500438
-0.00114962
0.00270279
0.00650827
0.0102184
0.0137816
0.0171442
0.0202511
0.0230477
0.0254812
0.0275022
0.0290664
0.0301363
0.0306827
0.0306859
0.0301364
0.0290349
0.0273904
0.0252205
0.0225762
0.0195091
0.0157097
0.0109183
-0.0410348
-0.0431209
-0.044785
-0.0461527
-0.0473759
-0.0484523
-0.0493808
-0.0501736
-0.0508445
-0.0514073
-0.0518765
-0.0522662
-0.0525905
-0.0528624
-0.0530938
-0.0532956
-0.0534772
-0.0536462
-0.0538091
-0.0539707
-0.054134
-0.0543009
-0.0544717
-0.0546452
-0.0548191
-0.0549897
-0.0551524
-0.0553012
-0.0554292
-0.0555289
-0.0555915
-0.0556076
-0.0555673
-0.0554598
-0.0552739
-0.054998
-0.05462
-0.0541277
-0.0535088
-0.0527508
-0.0518417
-0.0507695
-0.0495228
-0.048091
-0.0464644
-0.0446343
-0.0425936
-0.040337
-0.037861
-0.0351647
-0.03225
-0.0291217
-0.0257883
-0.0222622
-0.0185599
-0.0147028
-0.0107169
-0.00663343
-0.00248894
0.00167494
0.00581155
0.0098696
0.0137939
0.017526
0.0210057
0.0241723
0.0269661
0.0293307
0.0312143
0.0325723
0.0333686
0.0335773
0.033184
0.0321855
0.0305883
0.0284091
0.0257008
0.0225178
0.0185314
0.0134676
-0.0446419
-0.0467899
-0.0484994
-0.0498983
-0.0511421
-0.0522282
-0.053155
-0.0539353
-0.054584
-0.0551162
-0.0555475
-0.0558939
-0.0561708
-0.0563928
-0.0565734
-0.0567247
-0.0568574
-0.0569802
-0.0571004
-0.0572235
-0.0573534
-0.057492
-0.05764
-0.0577965
-0.057959
-0.058124
-0.0582864
-0.0584401
-0.058578
-0.0586918
-0.0587724
-0.05881
-0.0587937
-0.0587122
-0.0585536
-0.0583054
-0.0579547
-0.0574883
-0.0568929
-0.0561551
-0.0552615
-0.0541991
-0.0529552
-0.0515179
-0.0498761
-0.0480196
-0.0459399
-0.04363
-0.041085
-0.0383023
-0.0352821
-0.0320279
-0.0285465
-0.0248492
-0.0209512
-0.016873
-0.0126401
-0.00828378
-0.00384085
0.000645928
0.00512806
0.00955161
0.0138578
0.0179837
0.0218636
0.0254303
0.0286172
0.0313597
0.0335982
0.0352797
0.0363603
0.0368069
0.0365988
0.0357283
0.0341983
0.032024
0.0292601
0.0259635
0.0217853
0.0164365
-0.0484146
-0.0506357
-0.0523981
-0.0538325
-0.0550989
-0.0561938
-0.0571157
-0.0578781
-0.0584971
-0.0589892
-0.059372
-0.0596633
-0.0598804
-0.0600397
-0.0601565
-0.0602445
-0.0603156
-0.0603802
-0.0604462
-0.0605201
-0.0606064
-0.0607075
-0.0608243
-0.0609562
-0.0611006
-0.0612539
-0.0614108
-0.0615649
-0.0617086
-0.0618334
-0.0619294
-0.0619863
-0.0619925
-0.061936
-0.0618041
-0.0615835
-0.0612603
-0.0608205
-0.0602497
-0.0595333
-0.0586569
-0.0576063
-0.0563676
-0.0549273
-0.053273
-0.0513931
-0.0492775
-0.0469174
-0.0443064
-0.0414403
-0.0383174
-0.0349394
-0.0313118
-0.027444
-0.02335
-0.0190491
-0.0145659
-0.00993128
-0.00518211
-0.000361905
0.00447936
0.00928537
0.0139939
0.0185378
0.0228456
0.0268437
0.0304576
0.0336146
0.0362459
0.0382894
0.0396919
0.0404121
0.0404219
0.0397075
0.0382676
0.0361151
0.0333057
0.0298991
0.0255246
0.0198778
-0.0523607
-0.0546686
-0.0564931
-0.0579681
-0.0592591
-0.0603618
-0.0612746
-0.0620122
-0.062592
-0.0630329
-0.0633543
-0.0635765
-0.0637189
-0.0638004
-0.0638382
-0.0638479
-0.0638431
-0.0638355
-0.0638342
-0.0638467
-0.063878
-0.0639312
-0.0640074
-0.0641061
-0.0642247
-0.0643595
-0.0645049
-0.0646543
-0.0647995
-0.0649313
-0.0650396
-0.0651132
-0.0651399
-0.0651069
-0.0650006
-0.0648069
-0.064511
-0.0640978
-0.0635521
-0.062858
-0.0620001
-0.0609628
-0.0597309
-0.0582897
-0.0566253
-0.0547245
-0.0525755
-0.0501682
-0.0474941
-0.0445473
-0.0413244
-0.0378251
-0.0340531
-0.030016
-0.0257263
-0.0212016
-0.0164656
-0.011548
-0.00648571
-0.00132241
0.00389078
0.00909554
0.0142266
0.0192124
0.0239763
0.0284376
0.0325141
0.036124
0.0391885
0.0416354
0.0434012
0.0444346
0.0446987
0.0441725
0.0428491
0.0407379
0.0378955
0.0343838
0.0298089
0.0238503
-0.0564904
-0.0589018
-0.0607993
-0.0623209
-0.0636385
-0.0647473
-0.0656456
-0.0663496
-0.066879
-0.0672547
-0.0674993
-0.0676356
-0.067686
-0.0676719
-0.067613
-0.0675271
-0.0674298
-0.0673341
-0.0672508
-0.067188
-0.0671516
-0.0671452
-0.0671703
-0.0672263
-0.0673108
-0.0674195
-0.0675469
-0.0676857
-0.0678273
-0.067962
-0.0680789
-0.0681661
-0.0682107
-0.0681992
-0.0681169
-0.0679489
-0.0676796
-0.0672927
-0.0667719
-0.0661005
-0.0652616
-0.0642385
-0.0630147
-0.061574
-0.0599012
-0.0579815
-0.0558015
-0.0533492
-0.0506146
-0.0475897
-0.0442692
-0.0406509
-0.0367365
-0.0325315
-0.0280466
-0.0232976
-0.0183066
-0.0131024
-0.00772087
-0.00220567
0.00339144
0.00901054
0.0145837
0.0200354
0.0252836
0.0302409
0.0348168
0.0389199
0.0424609
0.045356
0.0475302
0.0489207
0.04948
0.0491784
0.0480017
0.0459548
0.0430943
0.0394838
0.0347047
0.0284198
-0.0608167
-0.0633517
-0.0653353
-0.0669102
-0.0682565
-0.0693687
-0.0702455
-0.0709051
-0.0713697
-0.0716636
-0.0718126
-0.0718431
-0.0717808
-0.0716504
-0.0714743
-0.0712731
-0.0710642
-0.0708626
-0.0706804
-0.0705269
-0.0704088
-0.07033
-0.0702924
-0.0702954
-0.0703365
-0.0704111
-0.0705133
-0.0706352
-0.0707678
-0.0709006
-0.071022
-0.0711193
-0.071179
-0.0711863
-0.0711261
-0.0709822
-0.0707381
-0.0703766
-0.0698801
-0.0692309
-0.068411
-0.0674024
-0.0661872
-0.064748
-0.0630678
-0.0611305
-0.0589211
-0.0564258
-0.0536326
-0.0505317
-0.0471157
-0.0433806
-0.0393255
-0.034954
-0.0302746
-0.0253011
-0.0200537
-0.0145596
-0.00885337
-0.00297822
0.00301404
0.00906242
0.0150968
0.021038
0.0267991
0.0322858
0.0373994
0.0420384
0.046102
0.0494938
0.0521257
0.0539217
0.0548222
0.0547863
0.0537912
0.0518354
0.0489746
0.0452736
0.0402871
0.0336601
-0.0653561
-0.068039
-0.0701241
-0.0717599
-0.0731367
-0.0742484
-0.0750945
-0.0756958
-0.0760782
-0.0762698
-0.0763008
-0.0762017
-0.0760025
-0.0757314
-0.0754146
-0.0750752
-0.0747333
-0.0744057
-0.0741061
-0.0738449
-0.0736295
-0.0734644
-0.0733516
-0.0732905
-0.0732783
-0.0733101
-0.0733794
-0.0734777
-0.0735954
-0.0737212
-0.0738427
-0.0739463
-0.0740176
-0.0740411
-0.0740003
-0.0738785
-0.0736578
-0.0733202
-0.0728469
-0.0722191
-0.0714175
-0.0704229
-0.0692162
-0.0677786
-0.0660915
-0.0641373
-0.0618993
-0.0593621
-0.0565117
-0.0533363
-0.0498266
-0.0459761
-0.0417819
-0.0372452
-0.032372
-0.0271738
-0.0216687
-0.0158817
-0.00984601
-0.00360343
0.00279459
0.00928661
0.0158008
0.0222552
0.0285579
0.0346085
0.0402995
0.0455191
0.0501545
0.0540955
0.0572393
0.0594948
0.060788
0.0610648
0.0602913
0.058458
0.0556182
0.051837
0.0466401
0.039654
-0.07013
-0.0729898
-0.0751945
-0.0768996
-0.0783081
-0.0794136
-0.0802169
-0.0807424
-0.0810207
-0.0810851
-0.0809709
-0.0807141
-0.0803494
-0.0799097
-0.0794249
-0.0789214
-0.0784222
-0.0779462
-0.0775086
-0.0771211
-0.0767916
-0.0765253
-0.0763239
-0.0761869
-0.076111
-0.0760909
-0.0761193
-0.0761872
-0.0762838
-0.0763973
-0.0765142
-0.0766201
-0.0766994
-0.0767357
-0.0767118
-0.0766094
-0.0764101
-0.0760944
-0.0756426
-0.0750346
-0.0742501
-0.0732685
-0.0720695
-0.0706327
-0.0689384
-0.0669672
-0.0647008
-0.062122
-0.0592151
-0.0559661
-0.0523636
-0.0483989
-0.0440665
-0.0393654
-0.0342988
-0.0288757
-0.0231116
-0.0170292
-0.0106593
-0.0040422
0.00277177
0.00972139
0.0167339
0.023725
0.0305986
0.0372482
0.0435581
0.0494059
0.0546658
0.0592129
0.062928
0.0657031
0.0674471
0.0680902
0.0675847
0.0659107
0.0631173
0.0592687
0.053859
0.0464947
-0.0751654
-0.0782371
-0.0805824
-0.082366
-0.0838062
-0.0848971
-0.0856417
-0.0860692
-0.0862164
-0.086123
-0.0858311
-0.085383
-0.0848194
-0.0841784
-0.0834944
-0.0827977
-0.0821141
-0.0814649
-0.0808668
-0.0803328
-0.0798713
-0.0794877
-0.0791838
-0.0789586
-0.0788083
-0.0787269
-0.0787063
-0.0787365
-0.078806
-0.0789017
-0.0790093
-0.0791132
-0.0791968
-0.0792427
-0.0792324
-0.0791468
-0.0789662
-0.0786701
-0.0782376
-0.0776475
-0.0768782
-0.075908
-0.0747151
-0.073278
-0.0715753
-0.0695862
-0.0672908
-0.06467
-0.0617063
-0.0583838
-0.0546887
-0.05061
-0.04614
-0.0412747
-0.0360146
-0.0303661
-0.0243416
-0.0179609
-0.0112523
-0.00425381
0.00298609
0.0104071
0.0179363
0.0254878
0.0329622
0.0402473
0.0472195
0.0537457
0.0596869
0.0649022
0.0692544
0.0726163
0.074877
0.0759478
0.0757643
0.0742928
0.0715762
0.0676761
0.0620514
0.0542877
-0.0804969
-0.0838222
-0.0863328
-0.0882044
-0.0896748
-0.0907391
-0.0914039
-0.0917051
-0.0916873
-0.0913988
-0.09089
-0.0902108
-0.0894091
-0.0885292
-0.0876106
-0.0866877
-0.0857896
-0.0849399
-0.0841571
-0.0834549
-0.0828424
-0.082325
-0.0819041
-0.0815781
-0.0813425
-0.0811904
-0.0811128
-0.0810984
-0.0811346
-0.0812073
-0.0813008
-0.0813985
-0.0814827
-0.0815346
-0.0815348
-0.0814631
-0.0812983
-0.0810191
-0.0806034
-0.0800287
-0.0792723
-0.0783112
-0.0771224
-0.0756829
-0.0739701
-0.0719615
-0.0696356
-0.0669716
-0.0639502
-0.0605533
-0.0567651
-0.0525721
-0.047964
-0.0429341
-0.03748
-0.0316049
-0.0253181
-0.0186361
-0.0115841
-0.00419717
0.00347869
0.0113849
0.0194495
0.0275856
0.0356914
0.0436501
0.0513305
0.058589
0.0652728
0.0712243
0.0762868
0.080311
0.0831634
0.0847329
0.0849343
0.0837168
0.0811135
0.0771816
0.0713403
0.0631526
-0.0861686
-0.0897976
-0.0925021
-0.0944713
-0.0959673
-0.0969881
-0.0975451
-0.0976838
-0.097459
-0.0969297
-0.0961565
-0.0951991
-0.0941137
-0.0929516
-0.0917581
-0.0905723
-0.0894264
-0.0883467
-0.087353
-0.0864599
-0.0856766
-0.0850082
-0.0844557
-0.0840164
-0.0836849
-0.0834531
-0.0833105
-0.0832449
-0.0832421
-0.0832866
-0.0833617
-0.0834492
-0.0835303
-0.083585
-0.0835926
-0.0835316
-0.0833798
-0.0831147
-0.0827129
-0.0821509
-0.0814046
-0.08045
-0.0792626
-0.0778182
-0.0760927
-0.0740624
-0.0717038
-0.0689948
-0.0659138
-0.062441
-0.0585583
-0.0542497
-0.0495024
-0.0443068
-0.0386574
-0.032554
-0.0260024
-0.0190156
-0.0116151
-0.00383232
0.00428988
0.0126957
0.0213146
0.0300604
0.0388298
0.0475021
0.0559394
0.063988
0.0714815
0.0782444
0.0840987
0.0888709
0.0924012
0.094552
0.0952125
0.0943102
0.0918648
0.0879254
0.0818665
0.0732261
-0.0922368
-0.0962298
-0.0991611
-0.101237
-0.10275
-0.103703
-0.104115
-0.104045
-0.10356
-0.102734
-0.10164
-0.100348
-0.0989259
-0.097432
-0.0959183
-0.0944287
-0.092999
-0.0916574
-0.0904253
-0.0893175
-0.0883432
-0.0875068
-0.0868081
-0.0862434
-0.0858059
-0.0854857
-0.0852711
-0.0851481
-0.0851011
-0.0851131
-0.0851657
-0.0852396
-0.0853143
-0.0853686
-0.0853806
-0.0853274
-0.0851857
-0.0849317
-0.084541
-0.0839886
-0.0832495
-0.0822983
-0.0811093
-0.0796571
-0.0779161
-0.075861
-0.0734672
-0.0707104
-0.0675675
-0.0640165
-0.0600372
-0.0556111
-0.0507228
-0.0453595
-0.0395127
-0.0331786
-0.0263593
-0.0190635
-0.0113088
-0.00312228
0.00545722
0.0143774
0.0235708
0.0329526
0.0424193
0.0518478
0.0610944
0.0699961
0.0783727
0.0860306
0.0927688
0.0983869
0.102695
0.105524
0.106732
0.106219
0.103986
0.100069
0.0937924
0.0846654
-0.0987741
-0.103204
-0.106399
-0.108588
-0.110103
-0.110955
-0.111173
-0.110834
-0.110024
-0.108832
-0.107348
-0.105657
-0.103835
-0.101953
-0.100068
-0.0982301
-0.0964774
-0.0948403
-0.0933411
-0.0919945
-0.090809
-0.0897877
-0.0889291
-0.0882278
-0.0876748
-0.0872589
-0.086966
-0.0867805
-0.086685
-0.0866607
-0.0866876
-0.0867448
-0.0868105
-0.0868618
-0.0868755
-0.0868275
-0.0866933
-0.0864476
-0.086065
-0.0855193
-0.0847843
-0.0838333
-0.0826396
-0.0811763
-0.0794165
-0.0773336
-0.0749012
-0.0720937
-0.0688859
-0.065254
-0.0611754
-0.0566294
-0.0515975
-0.0460641
-0.0400173
-0.0334496
-0.0263587
-0.0187493
-0.010634
-0.00203521
0.00701324
0.0164637
0.0262526
0.0362982
0.0464983
0.0567287
0.0668414
0.0766651
0.0860065
0.0946532
0.10238
0.108957
0.114159
0.117781
0.119643
0.119609
0.117656
0.113801
0.107307
0.0976525
-0.105873
-0.110827
-0.114329
-0.116635
-0.118127
-0.11883
-0.118789
-0.118105
-0.116885
-0.115243
-0.113287
-0.111118
-0.108827
-0.106492
-0.10418
-0.101945
-0.099827
-0.0978594
-0.0960638
-0.0944543
-0.0930381
-0.0918162
-0.0907851
-0.089937
-0.0892609
-0.0887428
-0.0883669
-0.088115
-0.0879678
-0.0879047
-0.0879037
-0.0879422
-0.0879967
-0.0880431
-0.0880565
-0.0880116
-0.0878824
-0.0876426
-0.0872654
-0.0867237
-0.0859898
-0.085036
-0.0838343
-0.0823566
-0.0805748
-0.0784607
-0.0759866
-0.0731251
-0.0698493
-0.0661335
-0.0619527
-0.0572838
-0.0521056
-0.0463993
-0.0401495
-0.0333446
-0.0259781
-0.0180499
-0.00956723
-0.000546917
0.00898289
0.0189803
0.0293872
0.0401262
0.0510984
0.06218
0.0732208
0.0840427
0.0944399
0.104182
0.113017
0.120684
0.126919
0.131471
0.134116
0.134674
0.133085
0.129342
0.122634
0.1124
-0.113655
-0.119238
-0.123095
-0.125514
-0.126945
-0.127432
-0.127045
-0.125915
-0.124183
-0.121987
-0.11946
-0.116722
-0.113879
-0.11102
-0.108219
-0.105533
-0.103007
-0.100673
-0.0985524
-0.0966569
-0.0949916
-0.093555
-0.0923407
-0.0913378
-0.0905325
-0.0899082
-0.089446
-0.0891256
-0.0889252
-0.0888219
-0.088792
-0.0888109
-0.0888534
-0.0888937
-0.0889056
-0.0888622
-0.0887365
-0.0885006
-0.0881267
-0.0875864
-0.0868511
-0.0858917
-0.0846791
-0.083184
-0.081377
-0.0792286
-0.0767097
-0.0737911
-0.0704444
-0.0666416
-0.0623558
-0.0575613
-0.052234
-0.046352
-0.0398961
-0.0328506
-0.0252044
-0.0169519
-0.00809484
0.00135645
0.0113805
0.0219424
0.0329909
0.044455
0.0562406
0.0682272
0.080264
0.0921684
0.103724
0.114682
0.124766
0.133676
0.141108
0.146758
0.150346
0.151634
0.150518
0.146953
0.140035
0.129162
-0.122275
-0.128618
-0.132881
-0.135399
-0.136709
-0.136885
-0.136036
-0.134332
-0.131955
-0.129079
-0.125863
-0.12245
-0.118962
-0.115499
-0.112141
-0.10895
-0.105971
-0.103235
-0.100761
-0.098558
-0.0966278
-0.094965
-0.0935593
-0.0923963
-0.0914584
-0.0907258
-0.0901766
-0.0897875
-0.0895342
-0.0893914
-0.0893331
-0.0893329
-0.0893636
-0.089398
-0.0894081
-0.0893657
-0.0892424
-0.0890094
-0.0886373
-0.0880968
-0.0873579
-0.0863908
-0.085165
-0.08365
-0.0818153
-0.0796301
-0.0770637
-0.0740855
-0.0706653
-0.0667733
-0.0623802
-0.0574578
-0.0519792
-0.0459191
-0.0392545
-0.0319655
-0.0240358
-0.0154543
-0.00621607
0.00367547
0.0142067
0.025351
0.0370655
0.0492877
0.061931
0.0748803
0.0879877
0.101068
0.113898
0.126211
0.137704
0.148042
0.156868
0.163821
0.16855
0.170748
0.170247
0.166948
0.159831
0.148238
-0.13194
-0.139201
-0.143924
-0.146508
-0.147606
-0.14734
-0.145871
-0.143427
-0.14024
-0.136527
-0.132481
-0.12827
-0.124032
-0.119877
-0.115891
-0.112138
-0.108661
-0.105489
-0.102637
-0.100109
-0.0979017
-0.0960048
-0.0944032
-0.0930779
-0.0920073
-0.0911676
-0.0905332
-0.0900779
-0.0897743
-0.0895945
-0.0895103
-0.0894931
-0.0895139
-0.0895437
-0.0895531
-0.0895124
-0.0893918
-0.0891614
-0.0887907
-0.088249
-0.0875057
-0.0865295
-0.085289
-0.0837526
-0.0818886
-0.0796648
-0.0770493
-0.0740101
-0.070515
-0.0665323
-0.0620306
-0.0569793
-0.0513483
-0.045109
-0.0382345
-0.0307002
-0.0224846
-0.0135702
-0.00394542
0.00639455
0.0174449
0.0291888
0.0415939
0.0546081
0.0681552
0.082129
0.096388
0.110749
0.124983
0.138811
0.151903
0.163885
0.174346
0.182855
0.188978
0.192316
0.192618
0.189705
0.18241
0.169999
-0.142921
-0.151295
-0.156533
-0.159118
-0.159866
-0.158973
-0.156672
-0.153271
-0.149067
-0.144329
-0.139287
-0.134136
-0.12903
-0.12409
-0.119402
-0.11503
-0.111013
-0.107375
-0.104124
-0.101257
-0.0987651
-0.0966309
-0.0948334
-0.0933483
-0.0921488
-0.0912066
-0.0904924
-0.0899761
-0.0896274
-0.0894157
-0.0893102
-0.0892801
-0.0892947
-0.089323
-0.0893341
-0.0892972
-0.089181
-0.0889542
-0.0885856
-0.0880434
-0.0872957
-0.0863103
-0.085055
-0.0834969
-0.0816032
-0.0793406
-0.0766759
-0.0735754
-0.0700054
-0.0659324
-0.0613228
-0.0561431
-0.0503605
-0.0439429
-0.0368593
-0.0290801
-0.0205783
-0.0113298
-0.00131524
0.009479
0.0210583
0.033417
0.0465355
0.0603749
0.0748726
0.0899354
0.105432
0.121188
0.136972
0.152496
0.16741
0.181296
0.193687
0.204069
0.211909
0.216691
0.218048
0.215693
0.208255
0.1949
-0.155586
-0.165315
-0.171112
-0.173583
-0.173773
-0.171988
-0.168572
-0.163933
-0.158453
-0.152459
-0.146227
-0.139977
-0.133876
-0.128051
-0.122587
-0.117543
-0.112949
-0.10882
-0.105156
-0.101944
-0.0991665
-0.0967981
-0.0948106
-0.0931732
-0.0918534
-0.0908178
-0.0900328
-0.0894644
-0.089079
-0.0888431
-0.0887233
-0.0886867
-0.0887006
-0.0887324
-0.0887497
-0.0887202
-0.0886115
-0.0883912
-0.088027
-0.0874861
-0.0867357
-0.0857428
-0.0844739
-0.0828955
-0.0809736
-0.0786738
-0.0759615
-0.0728017
-0.0691591
-0.0649983
-0.0602835
-0.0549786
-0.049048
-0.0424558
-0.0351668
-0.0271464
-0.0183616
-0.00878139
0.00162223
0.0128725
0.0249863
0.0379712
0.0518221
0.0665168
0.08201
0.0982263
0.115052
0.132323
0.149819
0.167247
0.184239
0.200342
0.215022
0.227678
0.237653
0.244282
0.247046
0.245495
0.237978
0.223519
-0.170432
-0.181818
-0.188194
-0.190352
-0.189668
-0.186621
-0.181706
-0.175466
-0.168385
-0.160862
-0.153216
-0.145689
-0.13846
-0.13165
-0.125341
-0.119577
-0.114378
-0.109744
-0.105661
-0.102107
-0.0990515
-0.0964599
-0.0942953
-0.0925195
-0.0910935
-0.0899786
-0.0891361
-0.0885283
-0.088118
-0.0878686
-0.0877444
-0.0877103
-0.0877315
-0.0877738
-0.0878036
-0.0877871
-0.0876909
-0.0874816
-0.0871259
-0.0865901
-0.0858407
-0.0848436
-0.0835647
-0.0819695
-0.0800229
-0.0776896
-0.0749338
-0.0717193
-0.068009
-0.0637658
-0.0589517
-0.0535282
-0.0474565
-0.0406972
-0.0332107
-0.0249573
-0.0158976
-0.00599311
0.00479318
0.0164953
0.0291428
0.0427582
0.0573538
0.0729272
0.0894551
0.106886
0.125128
0.144042
0.163423
0.182987
0.202355
0.221043
0.238457
0.253892
0.266547
0.27557
0.280232
0.279848
0.272372
0.256605
-0.188159
-0.201575
-0.208492
-0.21
-0.207965
-0.203128
-0.196195
-0.187886
-0.178807
-0.169432
-0.16012
-0.151128
-0.142633
-0.134746
-0.127531
-0.121014
-0.115194
-0.110053
-0.105561
-0.101679
-0.0983636
-0.0955691
-0.0932487
-0.0913557
-0.0898442
-0.0886694
-0.0877878
-0.0871575
-0.0867378
-0.0864891
-0.0863733
-0.0863531
-0.0863921
-0.0864545
-0.0865052
-0.0865096
-0.0864331
-0.0862414
-0.0859004
-0.0853757
-0.084633
-0.0836375
-0.0823543
-0.0807481
-0.078783
-0.0764228
-0.0736306
-0.0703687
-0.066599
-0.0622822
-0.0573785
-0.0518469
-0.0456456
-0.0387315
-0.0310606
-0.022588
-0.0132678
-0.00305339
0.00810156
0.0202428
0.0334138
0.0476541
0.0629958
0.0794601
0.0970506
0.115746
0.135488
0.156169
0.177615
0.199563
0.221643
0.243351
0.264037
0.282891
0.298943
0.311106
0.318367
0.319702
0.312483
0.295152
-0.209765
-0.225665
-0.232967
-0.233255
-0.229145
-0.221767
-0.212123
-0.20115
-0.189591
-0.177992
-0.166739
-0.156089
-0.1462
-0.137159
-0.128998
-0.121713
-0.115277
-0.109646
-0.10477
-0.100589
-0.0970449
-0.0940792
-0.0916338
-0.0896531
-0.0880837
-0.0868748
-0.0859777
-0.0853464
-0.0849367
-0.0847065
-0.0846151
-0.0846234
-0.0846932
-0.0847877
-0.0848705
-0.0849058
-0.0848584
-0.0846934
-0.0843757
-0.0838704
-0.0831426
-0.0821569
-0.0808779
-0.0792694
-0.077295
-0.0749175
-0.0720991
-0.0688011
-0.0649837
-0.0606064
-0.0556271
-0.0500027
-0.0436882
-0.0366373
-0.0288014
-0.0201304
-0.0105716
-7.05022e-05
0.0114293
0.0239859
0.0376579
0.0525033
0.068577
0.0859272
0.10459
0.124582
0.145887
0.168446
0.192132
0.216724
0.241882
0.267109
0.291715
0.314792
0.335183
0.351511
0.362387
0.366295
0.359732
0.340538
-0.236731
-0.255638
-0.262918
-0.26103
-0.25374
-0.242762
-0.229484
-0.215101
-0.200493
-0.186259
-0.172784
-0.160296
-0.148911
-0.138666
-0.129548
-0.121511
-0.114491
-0.108412
-0.103196
-0.0987637
-0.095038
-0.0919456
-0.0894171
-0.0873873
-0.0857954
-0.0845844
-0.0837009
-0.0830949
-0.082719
-0.0825286
-0.0824809
-0.0825351
-0.0826519
-0.0827931
-0.0829214
-0.0830005
-0.0829943
-0.0828673
-0.0825841
-0.0821092
-0.0814073
-0.0804426
-0.0791791
-0.0775802
-0.0756089
-0.0732272
-0.0703966
-0.0670772
-0.0632284
-0.0588079
-0.053772
-0.0480753
-0.0416701
-0.0345066
-0.0265323
-0.0176915
-0.0079253
0.00282901
0.0146381
0.0275726
0.0417073
0.0571199
0.0738902
0.0920972
0.111815
0.133105
0.156008
0.180526
0.2066
0.234084
0.2627
0.291998
0.321284
0.349578
0.375538
0.397447
0.413429
0.421257
0.4161
0.394735
-0.271345
-0.293761
-0.300109
-0.294432
-0.282287
-0.266224
-0.248107
-0.229406
-0.211107
-0.193811
-0.177852
-0.163385
-0.150446
-0.138998
-0.128959
-0.120226
-0.112689
-0.106233
-0.100749
-0.0961328
-0.0922889
-0.0891284
-0.0865701
-0.0845394
-0.0829683
-0.081794
-0.0809588
-0.080409
-0.0800948
-0.0799692
-0.0799879
-0.0801088
-0.0802913
-0.0804967
-0.0806869
-0.080825
-0.0808747
-0.0808
-0.0805652
-0.0801346
-0.0794726
-0.078543
-0.0773096
-0.0757355
-0.073783
-0.071414
-0.068589
-0.0652675
-0.0614077
-0.0569663
-0.0518979
-0.046155
-0.0396877
-0.032443
-0.0243645
-0.0153916
-0.00545915
0.00550331
0.0175724
0.0308316
0.0453717
0.0612912
0.0786963
0.0976995
0.118418
0.140966
0.165451
0.191956
0.220518
0.251097
0.283531
0.31747
0.352292
0.387005
0.420117
0.449555
0.472835
0.486741
0.48441
0.460714
-0.317319
-0.343427
-0.346913
-0.334737
-0.315215
-0.292016
-0.267532
-0.243456
-0.220787
-0.200034
-0.181396
-0.164889
-0.150419
-0.137839
-0.126978
-0.11766
-0.109717
-0.102991
-0.0973387
-0.0926305
-0.0887506
-0.0855954
-0.0830724
-0.0810986
-0.0795992
-0.0785069
-0.07776
-0.0773022
-0.0770814
-0.0770493
-0.0771603
-0.0773713
-0.0776414
-0.0779311
-0.0782022
-0.0784176
-0.0785406
-0.0785352
-0.0783656
-0.0779961
-0.0773908
-0.0765137
-0.0753283
-0.0737975
-0.0718835
-0.0695476
-0.06675
-0.0634498
-0.0596042
-0.0551689
-0.0500974
-0.0443404
-0.0378461
-0.0305586
-0.0224181
-0.0133599
-0.00331315
0.00779989
0.0200651
0.033578
0.0484449
0.0647851
0.0827313
0.102431
0.124048
0.147756
0.173739
0.202179
0.233238
0.267028
0.30356
0.342673
0.383925
0.426437
0.468694
0.508303
0.542112
0.565579
0.568793
0.543195
-0.381046
-0.4098
-0.406414
-0.38322
-0.352586
-0.31951
-0.286813
-0.256227
-0.228568
-0.204083
-0.18271
-0.164236
-0.148378
-0.134841
-0.123339
-0.113612
-0.105426
-0.0985772
-0.0928875
-0.0882023
-0.0843872
-0.0813252
-0.078914
-0.0770635
-0.0756942
-0.0747347
-0.0741209
-0.0737948
-0.073703
-0.0737962
-0.0740283
-0.074356
-0.0747381
-0.0751351
-0.0755089
-0.0758222
-0.0760387
-0.0761225
-0.0760378
-0.0757491
-0.0752207
-0.0744166
-0.0733003
-0.0718348
-0.0699823
-0.0677039
-0.0649596
-0.0617081
-0.0579063
-0.053509
-0.0484689
-0.0427355
-0.0362553
-0.0289704
-0.0208184
-0.0117308
-0.00163216
0.00956128
0.0219435
0.0356206
0.0507133
0.0673596
0.0857178
0.10597
0.128325
0.153022
0.180329
0.210541
0.243972
0.28093
0.321676
0.366352
0.414849
0.466616
0.520409
0.573667
0.622701
0.661363
0.675393
0.650162
-0.47418
-0.500771
-0.482258
-0.440623
-0.393545
-0.347137
-0.304208
-0.266088
-0.233053
-0.204825
-0.180909
-0.160751
-0.143818
-0.12963
-0.117771
-0.107886
-0.0996771
-0.0928954
-0.0873309
-0.0828072
-0.079175
-0.076307
-0.0740939
-0.0724412
-0.0712661
-0.0704953
-0.0700638
-0.0699127
-0.0699884
-0.0702417
-0.0706266
-0.0711002
-0.0716214
-0.0721513
-0.0726521
-0.0730869
-0.0734199
-0.0736155
-0.0736384
-0.0734533
-0.0730248
-0.0723174
-0.0712947
-0.06992
-0.0681556
-0.0659627
-0.0633014
-0.0601302
-0.0564059
-0.0520831
-0.0471137
-0.0414469
-0.0350279
-0.0277977
-0.0196917
-0.0106392
-0.00056132
0.0106303
0.0230358
0.0367696
0.051964
0.0687727
0.0873763
0.107988
0.130859
0.156289
0.184633
0.216307
0.251794
0.291641
0.336433
0.386743
0.443018
0.505369
0.573171
0.644432
0.715312
0.778209
0.813349
0.79581
-0.61826
-0.627972
-0.577963
-0.50618
-0.435486
-0.371813
-0.316846
-0.270654
-0.232382
-0.20087
-0.174981
-0.153716
-0.136236
-0.12186
-0.110037
-0.100325
-0.0923688
-0.0858825
-0.0806327
-0.0764283
-0.0731107
-0.0705474
-0.0686262
-0.0672509
-0.0663385
-0.0658159
-0.0656185
-0.0656883
-0.0659726
-0.0664231
-0.0669948
-0.0676455
-0.0683354
-0.0690261
-0.0696807
-0.0702632
-0.0707382
-0.0710709
-0.0712266
-0.0711707
-0.0708682
-0.0702841
-0.0693825
-0.0681271
-0.0664805
-0.0644044
-0.061859
-0.0588033
-0.0551939
-0.0509858
-0.0461309
-0.040578
-0.0342722
-0.0271539
-0.0191579
-0.010212
-0.000235881
0.0108615
0.023184
0.0368512
0.0520029
0.0688041
0.0874512
0.108181
0.131279
0.157098
0.186068
0.218723
0.255716
0.297852
0.346098
0.401582
0.465547
0.539183
0.623247
0.717325
0.818823
0.919864
0.995463
1.00511
-0.853086
-0.807041
-0.695561
-0.576813
-0.47368
-0.388896
-0.320942
-0.26713
-0.224616
-0.190933
-0.164112
-0.142637
-0.125355
-0.111392
-0.100088
-0.0909353
-0.0835409
-0.0775982
-0.0728636
-0.0691416
-0.0662726
-0.0641249
-0.0625881
-0.0615686
-0.0609857
-0.060769
-0.0608562
-0.0611916
-0.0617246
-0.0624086
-0.0632005
-0.0640596
-0.0649475
-0.0658271
-0.0666625
-0.067419
-0.0680621
-0.0685579
-0.0688725
-0.0689721
-0.0688225
-0.0683891
-0.067637
-0.0665303
-0.0650322
-0.0631051
-0.0607097
-0.0578053
-0.0543494
-0.0502972
-0.0456012
-0.0402107
-0.0340713
-0.0271238
-0.0193033
-0.010538
-0.000747396
0.0101596
0.0222873
0.0357571
0.0507114
0.0673196
0.0857861
0.10636
0.12935
0.15514
0.184218
0.217208
0.254913
0.298378
0.348964
0.408435
0.47904
0.563541
0.665074
0.7866
0.929278
1.088
1.23795
1.32137
-1.26863
-1.05642
-0.827618
-0.641389
-0.497954
-0.390465
-0.311015
-0.252019
-0.207648
-0.173811
-0.147661
-0.127213
-0.111069
-0.0982348
-0.0879934
-0.0798156
-0.0733044
-0.0681565
-0.0641357
-0.0610547
-0.0587627
-0.0571358
-0.056071
-0.0554808
-0.0552902
-0.0554336
-0.055853
-0.0564962
-0.0573159
-0.0582684
-0.0593128
-0.0604107
-0.0615254
-0.0626216
-0.0636651
-0.0646221
-0.0654597
-0.0661449
-0.0666449
-0.0669269
-0.0669575
-0.0667031
-0.0661294
-0.0652014
-0.0638832
-0.0621377
-0.0599268
-0.0572103
-0.0539466
-0.0500919
-0.0455997
-0.0404204
-0.0345008
-0.027783
-0.0202039
-0.0116933
-0.00217286
0.00844619
0.0202657
0.033404
0.0480004
0.0642216
0.0822693
0.102392
0.124899
0.150185
0.178757
0.211283
0.24865
0.292069
0.343211
0.40442
0.479007
0.571661
0.689005
0.839848
1.03309
1.27366
1.56092
1.84067
-2.10463
-1.38385
-0.918555
-0.649793
-0.473044
-0.353274
-0.272111
-0.215688
-0.175123
-0.145138
-0.122482
-0.105059
-0.0914882
-0.0808306
-0.0724313
-0.0658196
-0.060648
-0.0566538
-0.053634
-0.051428
-0.0499063
-0.0489627
-0.048508
-0.0484667
-0.0487731
-0.0493695
-0.0502045
-0.0512315
-0.0524077
-0.0536934
-0.0550512
-0.0564456
-0.0578424
-0.0592087
-0.0605119
-0.0617205
-0.0628027
-0.0637273
-0.0644626
-0.0649771
-0.0652385
-0.0652144
-0.0648715
-0.064176
-0.0630928
-0.0615861
-0.0596187
-0.0571518
-0.0541453
-0.0505565
-0.0463409
-0.0414506
-0.0358348
-0.0294383
-0.022201
-0.0140566
-0.00493144
0.00525768
0.0166056
0.0292222
0.0432361
0.0588007
0.0761014
0.0953661
0.11688
0.141005
0.168213
0.19913
0.234605
0.275823
0.324484
0.383111
0.455552
0.547903
0.670238
0.838855
1.07629
1.41943
1.97499
2.80762
-3.55943
-1.70838
-0.85658
-0.526633
-0.356109
-0.254281
-0.191735
-0.151049
-0.122737
-0.10207
-0.0865114
-0.0745596
-0.0652706
-0.0580202
-0.0523755
-0.0480243
-0.0447336
-0.0423244
-0.0406558
-0.0396143
-0.0391062
-0.0390533
-0.0393885
-0.0400533
-0.0409961
-0.0421707
-0.0435349
-0.0450497
-0.0466787
-0.0483877
-0.0501438
-0.0519153
-0.0536716
-0.0553825
-0.0570182
-0.0585492
-0.0599461
-0.0611792
-0.0622188
-0.0630347
-0.0635963
-0.0638725
-0.0638314
-0.0634405
-0.0626662
-0.0614742
-0.0598287
-0.0576927
-0.0550279
-0.0517938
-0.0479482
-0.0434462
-0.0382403
-0.0322793
-0.0255081
-0.0178663
-0.00928774
0.000301641
0.0109851
0.0228579
0.03603
0.0506309
0.0668147
0.0847683
0.104722
0.126966
0.151872
0.179927
0.211787
0.248365
0.290975
0.3416
0.403415
0.481908
0.587525
0.740755
0.980464
1.40734
2.37716
4.35156
)
;

boundaryField
{
    movingWall
    {
        type            zeroGradient;
    }
    fixedWalls
    {
        type            zeroGradient;
    }
    frontAndBack
    {
        type            empty;
    }
}


// ************************************************************************* //
