/*--------------------------------*- C++ -*----------------------------------*\
  =========                 |
  \\      /  F ield         | OpenFOAM: The Open Source CFD Toolbox
   \\    /   O peration     | Website:  https://openfoam.org
    \\  /    A nd           | Version:  7
     \\/     M anipulation  |
\*---------------------------------------------------------------------------*/
FoamFile
{
    version     2.0;
    format      ascii;
    class       volScalarField;
    location    "3.75";
    object      p;
}
// * * * * * * * * * * * * * * * * * * * * * * * * * * * * * * * * * * * * * //

dimensions      [0 2 -2 0 0 0 0];

internalField   nonuniform List<scalar> 
6400
(
6.47669e-07
1.61961e-05
6.14549e-06
-3.30418e-05
-9.91556e-05
-0.000188854
-0.000298456
-0.000424576
-0.000564446
-0.00071596
-0.000877591
-0.00104826
-0.00122719
-0.00141378
-0.00160748
-0.00180767
-0.00201362
-0.00222439
-0.00243879
-0.00265534
-0.00287225
-0.00308743
-0.00329843
-0.00350254
-0.00369675
-0.00387779
-0.00404224
-0.00418653
-0.00430707
-0.00440031
-0.00446288
-0.00449172
-0.00448417
-0.00443818
-0.00435235
-0.00422618
-0.0040601
-0.00385561
-0.00361537
-0.00334323
-0.00304424
-0.0027244
-0.00239116
-0.00205259
-0.00171753
-0.00139532
-0.00109544
-0.000827252
-0.000599643
-0.000420669
-0.000297239
-0.000234815
-0.000237162
-0.000306168
-0.000441746
-0.000641814
-0.000902373
-0.00121767
-0.00158056
-0.00198248
-0.00241423
-0.00286611
-0.00332834
-0.00379141
-0.00424641
-0.00468528
-0.00510094
-0.00548741
-0.00583982
-0.00615434
-0.00642806
-0.00665883
-0.00684514
-0.00698602
-0.00708111
-0.00713106
-0.00713853
-0.0071102
-0.00705906
-0.0070042
-1.44232e-05
7.81631e-07
-1.1124e-05
-4.87938e-05
-0.000109066
-0.000189767
-0.000288411
-0.000402498
-0.000529863
-0.000668757
-0.00081783
-0.000976063
-0.00114268
-0.00131704
-0.00149856
-0.0016866
-0.00188044
-0.00207918
-0.0022817
-0.00248665
-0.0026924
-0.00289703
-0.00309835
-0.00329387
-0.00348084
-0.0036563
-0.00381708
-0.00395991
-0.00408144
-0.00417837
-0.00424756
-0.00428608
-0.00429142
-0.00426155
-0.00419511
-0.00409147
-0.00395092
-0.00377473
-0.00356524
-0.00332592
-0.00306133
-0.00277704
-0.00247976
-0.00217701
-0.00187699
-0.00158834
-0.00131989
-0.00108034
-0.000877966
-0.00072027
-0.000613678
-0.000563261
-0.000572505
-0.000643134
-0.000775025
-0.000966198
-0.00121289
-0.00150972
-0.00184994
-0.00222573
-0.00262845
-0.00304916
-0.00347883
-0.00390875
-0.00433075
-0.00473747
-0.0051225
-0.00548043
-0.00580693
-0.00609861
-0.00635301
-0.00656845
-0.00674393
-0.00687906
-0.00697414
-0.00703037
-0.00705059
-0.00704004
-0.0070041
-0.0069492
-3.8205e-06
1.23179e-05
-3.44187e-07
-3.74563e-05
-9.47605e-05
-0.000170352
-0.000262221
-0.00036834
-0.000486939
-0.000616575
-0.000756119
-0.000904697
-0.00106163
-0.00122635
-0.00139832
-0.00157699
-0.00176168
-0.00195161
-0.00214575
-0.0023429
-0.00254157
-0.00274001
-0.0029362
-0.00312785
-0.0033124
-0.00348706
-0.00364883
-0.00379459
-0.00392111
-0.00402518
-0.00410369
-0.00415373
-0.00417273
-0.00415857
-0.00410975
-0.00402547
-0.00390577
-0.00375165
-0.00356517
-0.00334943
-0.00310859
-0.00284811
-0.00257417
-0.00229395
-0.00201532
-0.00174661
-0.00149636
-0.00127304
-0.00108467
-0.000938567
-0.000841014
-0.000796962
-0.000809815
-0.000881259
-0.00101117
-0.0011976
-0.00143686
-0.0017237
-0.00205152
-0.00241268
-0.0027989
-0.00320142
-0.00361163
-0.00402116
-0.00442227
-0.00480803
-0.00517246
-0.00551064
-0.00581865
-0.00609359
-0.00633344
-0.00653694
-0.00670353
-0.00683318
-0.0069264
-0.00698428
-0.00700908
-0.0070042
-0.00696833
-0.00689822
3.74968e-05
5.02321e-05
3.48201e-05
-3.52984e-06
-6.02269e-05
-0.000133361
-0.000221157
-0.000321865
-0.000434035
-0.000556521
-0.000688441
-0.000829132
-0.000978085
-0.00113488
-0.00129913
-0.00147039
-0.00164813
-0.0018317
-0.00202023
-0.00221264
-0.00240763
-0.0026036
-0.00279868
-0.00299073
-0.00317733
-0.00335577
-0.00352317
-0.00367641
-0.00381228
-0.00392753
-0.00401894
-0.00408348
-0.0041184
-0.00412135
-0.00409058
-0.004025
-0.00392438
-0.00378941
-0.00362184
-0.0034245
-0.00320126
-0.00295733
-0.00269871
-0.00243243
-0.00216623
-0.00190836
-0.00166733
-0.00145159
-0.00126923
-0.00112761
-0.00103308
-0.000990682
-0.00100389
-0.00107447
-0.00120232
-0.00138554
-0.00162043
-0.00190174
-0.00222284
-0.00257608
-0.00295312
-0.00334531
-0.00374403
-0.00414104
-0.00452878
-0.00490055
-0.00525066
-0.00557452
-0.00586863
-0.0061305
-0.00635855
-0.00655197
-0.00671055
-0.00683453
-0.00692445
-0.00698108
-0.00700589
-0.00700065
-0.00695904
-0.00687127
0.000108584
0.000112086
9.06771e-05
4.89448e-05
-9.07486e-06
-8.15345e-05
-0.00016686
-0.00026363
-0.000370725
-0.000487311
-0.000612792
-0.000746763
-0.000888944
-0.00103912
-0.00119709
-0.00136261
-0.00153533
-0.00171476
-0.00190022
-0.00209081
-0.0022854
-0.00248254
-0.00268052
-0.0028773
-0.00307055
-0.00325762
-0.00343559
-0.00360132
-0.00375149
-0.00388269
-0.00399149
-0.0040746
-0.00412899
-0.00415198
-0.00414147
-0.00409602
-0.00401505
-0.00389892
-0.00374907
-0.00356807
-0.00335957
-0.00312855
-0.00288094
-0.00262369
-0.00236453
-0.00211179
-0.00187407
-0.00165999
-0.00147782
-0.00133514
-0.00123853
-0.00119325
-0.00120298
-0.00126965
-0.0013933
-0.00157208
-0.00180232
-0.00207872
-0.00239457
-0.00274211
-0.00311284
-0.003498
-0.00388886
-0.00427713
-0.00465525
-0.0050166
-0.00535568
-0.00566813
-0.00595079
-0.00620155
-0.00641925
-0.00660348
-0.00675442
-0.00687255
-0.00695846
-0.00701265
-0.00703602
-0.00702912
-0.00698244
-0.00688218
0.000206818
0.000195982
0.00016544
0.00011821
5.7052e-05
-1.637e-05
-0.000100731
-0.000194988
-0.000298395
-0.000410469
-0.000530942
-0.000659706
-0.000796757
-0.00094214
-0.00109589
-0.001258
-0.00142834
-0.00160663
-0.00179242
-0.001985
-0.0021834
-0.00238634
-0.00259222
-0.00279907
-0.00300458
-0.00320608
-0.00340055
-0.0035847
-0.00375499
-0.00390773
-0.00403917
-0.00414565
-0.00422373
-0.00427033
-0.00428292
-0.00425966
-0.00419955
-0.0041026
-0.00396994
-0.00380395
-0.00360797
-0.0033869
-0.00314659
-0.00289399
-0.00263695
-0.00238391
-0.00214371
-0.00192523
-0.00173705
-0.00158712
-0.00148238
-0.00142846
-0.00142937
-0.00148733
-0.00160264
-0.00177362
-0.00199667
-0.00226649
-0.00257628
-0.00291813
-0.00328335
-0.00366293
-0.00404792
-0.00442985
-0.00480101
-0.00515472
-0.0054855
-0.00578915
-0.00606271
-0.00630439
-0.00651337
-0.00668964
-0.0068337
-0.00694633
-0.00702822
-0.00707978
-0.00710151
-0.00709329
-0.00704393
-0.00693778
0.0003284
0.000298954
0.000256635
0.000202011
0.000136069
6.02225e-05
-2.45621e-05
-0.000117694
-0.00021886
-0.000327976
-0.000445141
-0.000570587
-0.000704629
-0.00084761
-0.000999853
-0.00116162
-0.00133304
-0.0015141
-0.00170456
-0.00190393
-0.00211141
-0.00232585
-0.00254572
-0.00276908
-0.00299357
-0.00321638
-0.00343433
-0.00364383
-0.00384101
-0.0040218
-0.004182
-0.00431748
-0.0044243
-0.00449889
-0.00453822
-0.00453999
-0.00450277
-0.00442614
-0.00431101
-0.00415966
-0.0039746
-0.00376116
-0.00352503
-0.0032732
-0.00301363
-0.00275497
-0.00250636
-0.00227703
-0.00207599
-0.00191165
-0.00179147
-0.00172158
-0.00170651
-0.00174893
-0.00184955
-0.00200697
-0.00221784
-0.00247692
-0.00277741
-0.00311126
-0.00346957
-0.00384305
-0.00422245
-0.00459897
-0.00496465
-0.0053126
-0.00563723
-0.00593432
-0.00620101
-0.00643568
-0.00663781
-0.00680768
-0.00694612
-0.00705418
-0.00713275
-0.00718225
-0.00720307
-0.00719474
-0.00714565
-0.00703983
0.000468709
0.000417258
0.000360862
0.000297244
0.000225199
0.000145697
5.92577e-05
-3.40727e-05
-0.000134482
-0.000242339
-0.000358152
-0.000482536
-0.000616159
-0.000759703
-0.000913812
-0.00107905
-0.00125586
-0.00144449
-0.00164494
-0.00185693
-0.00207981
-0.00231255
-0.00255362
-0.00280105
-0.00305234
-0.00330445
-0.00355389
-0.00379671
-0.00402858
-0.00424491
-0.00444097
-0.00461207
-0.00475366
-0.00486162
-0.00493237
-0.00496308
-0.00495185
-0.00489787
-0.0048018
-0.00466615
-0.00449091
-0.00428357
-0.00404929
-0.00379493
-0.00352858
-0.00325913
-0.00299603
-0.00274895
-0.00252741
-0.00234041
-0.00219605
-0.00210114
-0.0020609
-0.00207868
-0.00215574
-0.00229125
-0.0024822
-0.00272364
-0.00300887
-0.00332979
-0.00367735
-0.00404196
-0.00441403
-0.00478437
-0.00514463
-0.00548757
-0.00580735
-0.00609956
-0.0063613
-0.006591
-0.00678827
-0.00695362
-0.00708813
-0.00719312
-0.00726968
-0.00731841
-0.00733971
-0.00733307
-0.00728728
-0.00718716
0.000622642
0.000546381
0.000474081
0.000400235
0.000321023
0.000236839
0.000147633
5.28025e-05
-4.84192e-05
-0.000156908
-0.000273631
-0.00039962
-0.000535935
-0.000683627
-0.000843695
-0.00101704
-0.00120443
-0.00140638
-0.00162316
-0.00185468
-0.00210041
-0.00235937
-0.00263001
-0.00291021
-0.00319723
-0.00348773
-0.00377779
-0.00406296
-0.00433836
-0.0045988
-0.00483889
-0.00505329
-0.00523681
-0.00538466
-0.00549267
-0.00555743
-0.00557654
-0.00554874
-0.00547387
-0.00535276
-0.00519051
-0.00498938
-0.00475545
-0.00449587
-0.00421885
-0.00393351
-0.00364964
-0.00337737
-0.00312681
-0.00290767
-0.00272883
-0.00259797
-0.0025212
-0.00250275
-0.00254477
-0.00264716
-0.00280757
-0.00302153
-0.00328264
-0.00358292
-0.00391326
-0.00426384
-0.0046247
-0.00498623
-0.00533958
-0.00567704
-0.00599235
-0.00628075
-0.00653911
-0.00676573
-0.00696022
-0.00712319
-0.00725586
-0.00735975
-0.00743619
-0.00748597
-0.00750962
-0.00750671
-0.00746707
-0.00737693
0.000784535
0.000681183
0.000591583
0.000506588
0.000419397
0.000329672
0.000236659
0.000138997
3.52604e-05
-7.59946e-05
-0.000196238
-0.000326956
-0.000469631
-0.000625714
-0.000796586
-0.000983513
-0.00118758
-0.00140961
-0.0016501
-0.00190914
-0.00218628
-0.00248052
-0.00279022
-0.003113
-0.00344582
-0.0037849
-0.0041258
-0.00446346
-0.00479234
-0.00510654
-0.00539998
-0.00566654
-0.00590034
-0.00609588
-0.0062483
-0.00635356
-0.00640867
-0.00641184
-0.00636247
-0.00626115
-0.00611144
-0.00591661
-0.00568227
-0.0054154
-0.00512422
-0.00481802
-0.00450693
-0.00420156
-0.00391266
-0.00365073
-0.00342557
-0.00324593
-0.00311904
-0.00305031
-0.00304301
-0.00309814
-0.00321431
-0.00338782
-0.00361285
-0.00388178
-0.00418558
-0.00451433
-0.00485777
-0.00520581
-0.00554904
-0.00587917
-0.00618932
-0.00647422
-0.00673029
-0.00695552
-0.00714932
-0.00731221
-0.00744544
-0.00755063
-0.00762925
-0.00768231
-0.00771046
-0.00771347
-0.00768245
-0.00760552
0.000948165
0.000815875
0.00070795
0.000611171
0.000515398
0.000419391
0.000321553
0.000219651
0.000111514
-4.92363e-06
-0.000131679
-0.00027073
-0.000424011
-0.000593398
-0.000780677
-0.000987487
-0.00121525
-0.00146508
-0.00173769
-0.00203329
-0.00235147
-0.00269115
-0.00305046
-0.00342674
-0.0038165
-0.00421542
-0.00461842
-0.00501978
-0.00541319
-0.00579197
-0.00614923
-0.00647806
-0.00677177
-0.00702411
-0.00722944
-0.00738303
-0.00748119
-0.00752149
-0.00750273
-0.00742505
-0.00729136
-0.00710461
-0.00687013
-0.00659468
-0.00628643
-0.00595477
-0.00561009
-0.00526346
-0.00492631
-0.00460999
-0.00432538
-0.00408245
-0.0038898
-0.0037543
-0.00368071
-0.00367146
-0.0037265
-0.00384331
-0.004017
-0.00424059
-0.00450542
-0.00480165
-0.00511879
-0.00544633
-0.00577425
-0.00609354
-0.00639656
-0.00667733
-0.00693157
-0.00715673
-0.0073518
-0.00751696
-0.00765335
-0.0077625
-0.00784595
-0.00790479
-0.0079398
-0.00795088
-0.00793061
-0.00786916
0.00110656
0.000943998
0.00081706
0.000708103
0.000603307
0.000500344
0.000396632
0.000288951
0.00017431
4.99597e-05
-8.6704e-05
-0.000238182
-0.000406891
-0.000595157
-0.000805183
-0.00103899
-0.00129834
-0.00158462
-0.0018987
-0.00224088
-0.00261072
-0.00300697
-0.00342747
-0.00386914
-0.00432795
-0.00479895
-0.00527636
-0.00575365
-0.00622369
-0.00667895
-0.00711167
-0.00751406
-0.00787857
-0.00819809
-0.00846618
-0.00867728
-0.00882692
-0.0089119
-0.00893036
-0.00888197
-0.00876843
-0.00859263
-0.00835937
-0.00807506
-0.00774767
-0.00738658
-0.00700237
-0.0066065
-0.00621106
-0.00582828
-0.00547022
-0.00514823
-0.0048725
-0.00465165
-0.0044923
-0.00439872
-0.00437265
-0.00441318
-0.00451679
-0.00467759
-0.00488762
-0.00513739
-0.00541638
-0.00571374
-0.00601883
-0.00632183
-0.0066142
-0.00688897
-0.00714097
-0.00736681
-0.00756477
-0.0077345
-0.00787669
-0.00799264
-0.00808372
-0.00815104
-0.00819536
-0.00821663
-0.00820891
-0.00816441
0.00125223
0.00105845
0.000912111
0.000790781
0.000676627
0.000566048
0.000455329
0.000340162
0.000216658
8.13326e-05
-6.90459e-05
-0.000237534
-0.000427054
-0.0006404
-0.000880208
-0.00114888
-0.0014485
-0.00178068
-0.00214645
-0.00254611
-0.0029791
-0.00344392
-0.00393803
-0.00445783
-0.00499867
-0.00555488
-0.00611986
-0.00668622
-0.00724595
-0.00779057
-0.00831137
-0.00879966
-0.00924693
-0.00964514
-0.00998695
-0.0102659
-0.0104766
-0.010615
-0.0106785
-0.010666
-0.0105782
-0.0104175
-0.010188
-0.0098957
-0.00954824
-0.0091548
-0.00872602
-0.00827365
-0.00781035
-0.00734925
-0.00690357
-0.00648617
-0.00610902
-0.00578276
-0.0055162
-0.0053159
-0.00518587
-0.00512733
-0.00513871
-0.00521566
-0.00535145
-0.00553728
-0.00576294
-0.00601737
-0.00628941
-0.00656836
-0.00684462
-0.00711003
-0.00735824
-0.0075847
-0.00778667
-0.00796294
-0.00811348
-0.00823905
-0.00834068
-0.00841925
-0.00847535
-0.00850887
-0.0085152
-0.00848853
0.00137699
0.00115152
0.000985679
0.000851931
0.000728143
0.000609248
0.000490269
0.000365704
0.000230703
8.09988e-05
-8.73044e-05
-0.000277847
-0.000494082
-0.000739285
-0.00101653
-0.0013286
-0.00167786
-0.00206612
-0.0024945
-0.00296323
-0.00347157
-0.00401766
-0.00459849
-0.00520986
-0.00584638
-0.00650158
-0.00716798
-0.00783725
-0.0085004
-0.00914796
-0.00977023
-0.0103575
-0.0109002
-0.0113894
-0.0118166
-0.0121745
-0.0124567
-0.0126582
-0.0127755
-0.0128064
-0.0127509
-0.0126105
-0.0123887
-0.0120907
-0.0117236
-0.0112963
-0.0108193
-0.0103046
-0.00976514
-0.00921487
-0.00866817
-0.00813939
-0.00764241
-0.00719009
-0.00679373
-0.00646259
-0.00620347
-0.0060203
-0.00591404
-0.00588259
-0.00592097
-0.00602166
-0.00617514
-0.00637048
-0.00659613
-0.00684054
-0.00709293
-0.00734375
-0.00758515
-0.00781109
-0.00801743
-0.0082017
-0.00836283
-0.00850072
-0.00861575
-0.00870832
-0.00877865
-0.00882638
-0.00884809
-0.0088397
0.00147216
0.00121499
0.0010298
0.000883708
0.000750018
0.000622031
0.000493376
0.000357278
0.000207866
4.00484e-05
-0.000150767
-0.000368831
-0.000618143
-0.000902475
-0.00122533
-0.00158986
-0.00199868
-0.00245376
-0.00295621
-0.00350615
-0.00410254
-0.00474309
-0.00542421
-0.00614099
-0.00688726
-0.00765564
-0.00843767
-0.00922404
-0.0100047
-0.0107691
-0.0115065
-0.012206
-0.0128571
-0.0134497
-0.0139744
-0.0144226
-0.014787
-0.0150616
-0.0152417
-0.0153245
-0.0153086
-0.0151948
-0.0149856
-0.0146854
-0.0143008
-0.01384
-0.0133132
-0.0127323
-0.0121105
-0.0114622
-0.0108029
-0.0101484
-0.00951432
-0.00891591
-0.00836719
-0.00788048
-0.00746579
-0.00713039
-0.00687846
-0.00671085
-0.0066251
-0.00661564
-0.00667424
-0.00679058
-0.00695298
-0.0071492
-0.00736723
-0.00759595
-0.00782568
-0.00804854
-0.00825856
-0.00845159
-0.00862509
-0.00877769
-0.00890878
-0.009018
-0.00910494
-0.00916876
-0.00920708
-0.00921719
0.00152862
0.00124023
0.00103611
0.000877817
0.000733935
0.000595967
0.000456044
0.000306048
0.000139039
-5.09317e-05
-0.00026918
-0.000520589
-0.000809719
-0.00114084
-0.00151789
-0.00194433
-0.00242302
-0.00295601
-0.00354435
-0.00418792
-0.00488532
-0.00563372
-0.00642887
-0.00726506
-0.00813522
-0.00903097
-0.00994283
-0.0108604
-0.0117724
-0.0126673
-0.0135332
-0.0143579
-0.01513
-0.015838
-0.0164716
-0.017021
-0.017478
-0.0178354
-0.0180875
-0.0182304
-0.0182618
-0.0181814
-0.0179908
-0.0176935
-0.0172952
-0.0168033
-0.0162275
-0.0155792
-0.0148717
-0.0141197
-0.0133393
-0.0125474
-0.0117616
-0.0109992
-0.0102771
-0.00961092
-0.00901422
-0.00849817
-0.00807085
-0.00773688
-0.00749716
-0.00734896
-0.00728613
-0.00729958
-0.00737805
-0.00750886
-0.00767885
-0.00787521
-0.0080862
-0.00830167
-0.00851334
-0.0087149
-0.00890183
-0.00907107
-0.0092206
-0.00934894
-0.00945478
-0.00953657
-0.00959248
-0.00962139
0.00153704
0.00121839
0.000995962
0.000825685
0.00067127
0.000522304
0.000369337
0.000202856
1.4821e-05
-0.000201603
-0.000452476
-0.000743326
-0.00107929
-0.00146513
-0.00190519
-0.00240324
-0.00296229
-0.00358442
-0.00427054
-0.00502022
-0.00583156
-0.00670112
-0.00762387
-0.00859319
-0.00960102
-0.0106379
-0.0116932
-0.0127554
-0.013812
-0.0148501
-0.0158567
-0.0168186
-0.0177228
-0.0185571
-0.0193097
-0.0199702
-0.0205289
-0.0209778
-0.0213102
-0.0215211
-0.0216073
-0.0215675
-0.0214021
-0.0211138
-0.020707
-0.0201886
-0.0195671
-0.0188535
-0.0180606
-0.017203
-0.016297
-0.0153605
-0.0144124
-0.013472
-0.0125588
-0.0116918
-0.0108884
-0.0101641
-0.0095314
-0.00899959
-0.00857388
-0.00825535
-0.00804092
-0.00792369
-0.00789349
-0.00793776
-0.00804243
-0.00819303
-0.00837552
-0.00857709
-0.00878671
-0.00899532
-0.00919586
-0.00938306
-0.00955298
-0.00970266
-0.00982952
-0.00993105
-0.0100058
-0.0100538
0.00148804
0.00114056
0.000900689
0.000718658
0.000553301
0.00039219
0.000224228
3.84811e-05
-0.000174213
-0.00042159
-0.000710465
-0.00104703
-0.00143699
-0.0018856
-0.00239757
-0.00297694
-0.00362682
-0.00434924
-0.00514485
-0.00601283
-0.0069507
-0.00795425
-0.00901758
-0.0101331
-0.0112915
-0.0124824
-0.0136936
-0.0149125
-0.0161253
-0.0173178
-0.0184757
-0.0195845
-0.0206303
-0.0215995
-0.0224794
-0.0232585
-0.0239263
-0.0244737
-0.0248932
-0.0251789
-0.0253265
-0.025334
-0.0252006
-0.024928
-0.0245197
-0.0239811
-0.0233202
-0.0225466
-0.0216724
-0.0207118
-0.0196809
-0.0185978
-0.0174822
-0.0163551
-0.0152383
-0.0141538
-0.0131228
-0.0121653
-0.011299
-0.0105383
-0.0098937
-0.00937129
-0.00897224
-0.00869293
-0.00852538
-0.00845786
-0.008476
-0.00856381
-0.0087049
-0.00888352
-0.00908533
-0.00929794
-0.00951115
-0.00971681
-0.00990857
-0.0100815
-0.0102313
-0.0103543
-0.0104492
-0.0105169
0.00137241
0.000998045
0.000741762
0.000548228
0.000371451
0.000196918
1.18613e-05
-0.000196088
-0.000437216
-0.000720165
-0.00105252
-0.00144112
-0.00189225
-0.00241162
-0.0030043
-0.00367452
-0.00442543
-0.0052589
-0.00617526
-0.00717315
-0.00824939
-0.00939892
-0.0106148
-0.0118883
-0.013209
-0.014565
-0.0159429
-0.0173287
-0.0187071
-0.0200628
-0.0213799
-0.022643
-0.0238368
-0.0249468
-0.0259594
-0.0268621
-0.0276436
-0.0282941
-0.0288053
-0.0291707
-0.0293852
-0.0294457
-0.0293507
-0.0291008
-0.0286985
-0.028148
-0.0274559
-0.0266308
-0.0256836
-0.0246273
-0.0234775
-0.0222519
-0.0209703
-0.0196547
-0.0183285
-0.0170162
-0.0157427
-0.0145322
-0.0134078
-0.0123897
-0.0114945
-0.0107343
-0.0101159
-0.00964031
-0.00930311
-0.00909457
-0.0090008
-0.00900485
-0.00908811
-0.00923167
-0.00941747
-0.00962917
-0.00985269
-0.0100764
-0.0102908
-0.0104884
-0.010663
-0.0108092
-0.0109256
-0.0110141
0.00118139
0.000782522
0.000511056
0.00030628
0.000117533
-7.18e-05
-0.000276166
-0.000509353
-0.000782762
-0.00110593
-0.00148721
-0.0019341
-0.00245343
-0.00305135
-0.00373322
-0.00450341
-0.00536501
-0.00631965
-0.00736721
-0.00850569
-0.00973105
-0.0110373
-0.0124162
-0.0138579
-0.0153505
-0.0168807
-0.0184337
-0.0199938
-0.0215446
-0.0230691
-0.0245503
-0.0259716
-0.0273166
-0.0285699
-0.0297172
-0.0307451
-0.0316419
-0.0323972
-0.0330022
-0.0334498
-0.0337345
-0.0338523
-0.0338011
-0.0335806
-0.0331921
-0.0326387
-0.0319257
-0.0310602
-0.0300516
-0.0289115
-0.0276542
-0.0262964
-0.0248573
-0.023359
-0.0218257
-0.0202836
-0.0187604
-0.0172845
-0.0158839
-0.0145847
-0.0134105
-0.0123803
-0.0115078
-0.0108004
-0.0102585
-0.00987612
-0.00964102
-0.00953621
-0.00954131
-0.00963428
-0.00979301
-0.00999663
-0.0102265
-0.0104665
-0.0107036
-0.0109271
-0.011128
-0.011299
-0.0114385
-0.0115492
0.0009069
0.000486351
0.000201089
-1.46604e-05
-0.000215979
-0.000421565
-0.00064752
-0.000909014
-0.00121854
-0.00158651
-0.00202203
-0.00253324
-0.00312749
-0.00381133
-0.00459035
-0.00546896
-0.00645014
-0.00753513
-0.00872324
-0.0100117
-0.0113954
-0.0128673
-0.0144179
-0.0160357
-0.0177075
-0.0194183
-0.0211519
-0.0228908
-0.0246172
-0.0263128
-0.0279593
-0.029539
-0.0310346
-0.03243
-0.0337102
-0.0348615
-0.0358718
-0.0367303
-0.0374282
-0.037958
-0.0383138
-0.0384913
-0.0384878
-0.0383023
-0.037935
-0.0373881
-0.0366653
-0.0357722
-0.0347166
-0.0335083
-0.0321596
-0.0306858
-0.0291046
-0.0274372
-0.0257076
-0.0239427
-0.0221722
-0.0204275
-0.0187409
-0.0171447
-0.015669
-0.0143409
-0.0131819
-0.0122073
-0.0114245
-0.0108327
-0.0104233
-0.0101804
-0.0100829
-0.010106
-0.0102234
-0.0104091
-0.0106393
-0.0108928
-0.0111516
-0.0114014
-0.01163
-0.0118275
-0.011992
-0.0121267
0.000541808
0.00010279
-0.000194732
-0.000421174
-0.000635695
-0.000859019
-0.00110885
-0.00140168
-0.00175104
-0.00216822
-0.00266304
-0.00324423
-0.00391965
-0.00469617
-0.00557956
-0.0065742
-0.00768279
-0.00890608
-0.0102427
-0.0116888
-0.0132384
-0.0148829
-0.0166113
-0.0184108
-0.0202662
-0.022161
-0.0240772
-0.0259958
-0.0278975
-0.0297626
-0.0315718
-0.0333062
-0.034948
-0.0364804
-0.0378881
-0.0391574
-0.0402759
-0.041233
-0.0420199
-0.042629
-0.0430544
-0.0432918
-0.043338
-0.0431915
-0.0428518
-0.0423201
-0.0415987
-0.0406917
-0.039605
-0.0383465
-0.0369263
-0.0353573
-0.0336553
-0.0318396
-0.0299329
-0.0279617
-0.0259561
-0.0239495
-0.0219777
-0.0200779
-0.0182869
-0.0166397
-0.0151668
-0.0138925
-0.0128331
-0.0119952
-0.0113757
-0.010962
-0.0107335
-0.0106634
-0.0107215
-0.0108767
-0.0110989
-0.0113611
-0.0116398
-0.0119157
-0.012173
-0.0123987
-0.01259
-0.0127512
8.01549e-05
-0.000373769
-0.00068188
-0.00091871
-0.00114706
-0.0013896
-0.00166553
-0.0019926
-0.00238534
-0.00285583
-0.0034146
-0.00407094
-0.00483313
-0.00570833
-0.00670238
-0.00781952
-0.00906205
-0.0104301
-0.0119214
-0.0135311
-0.0152518
-0.0170734
-0.0189834
-0.0209669
-0.0230073
-0.0250861
-0.0271836
-0.0292793
-0.0313522
-0.0333815
-0.0353468
-0.0372285
-0.0390083
-0.0406691
-0.0421956
-0.0435741
-0.0447925
-0.0458406
-0.0467097
-0.0473928
-0.047884
-0.048179
-0.048275
-0.0481698
-0.0478626
-0.0473534
-0.0466438
-0.0457362
-0.0446348
-0.0433452
-0.0418752
-0.040235
-0.0384379
-0.0365004
-0.034443
-0.0322903
-0.0300718
-0.027821
-0.0255758
-0.0233771
-0.0212675
-0.0192894
-0.0174827
-0.0158817
-0.014513
-0.013393
-0.0125266
-0.0119066
-0.0115149
-0.0113244
-0.0113017
-0.0114103
-0.0116137
-0.0118781
-0.0121733
-0.0124746
-0.0127612
-0.0130166
-0.013237
-0.0134273
-0.000482616
-0.000947588
-0.00126449
-0.00151137
-0.00175415
-0.00201729
-0.00232143
-0.00268545
-0.00312479
-0.00365232
-0.00427916
-0.00501515
-0.00586894
-0.00684786
-0.00795773
-0.00920253
-0.010584
-0.0121016
-0.013752
-0.0155289
-0.0174236
-0.0194242
-0.0215164
-0.0236836
-0.0259071
-0.0281665
-0.0304405
-0.0327068
-0.0349433
-0.0371279
-0.0392393
-0.0412576
-0.043164
-0.0449417
-0.0465753
-0.0480516
-0.0493591
-0.0504881
-0.0514305
-0.0521799
-0.0527309
-0.0530792
-0.0532232
-0.0531598
-0.0528878
-0.0524071
-0.0517179
-0.0508217
-0.0497208
-0.0484189
-0.0469212
-0.0452352
-0.0433711
-0.0413421
-0.0391655
-0.0368631
-0.0344621
-0.0319947
-0.029499
-0.0270179
-0.0245983
-0.022289
-0.0201386
-0.0181919
-0.0164872
-0.0150524
-0.0139029
-0.0130399
-0.0124503
-0.0121086
-0.0119796
-0.0120221
-0.012193
-0.0124507
-0.0127579
-0.0130827
-0.0133988
-0.0136853
-0.0139369
-0.0141596
-0.00114948
-0.0016214
-0.00194521
-0.00220172
-0.00245945
-0.00274448
-0.00307872
-0.00348211
-0.00397091
-0.00455866
-0.00525709
-0.00607647
-0.00702572
-0.0081123
-0.00934188
-0.010718
-0.0122419
-0.0139119
-0.0157234
-0.017669
-0.019738
-0.0219168
-0.0241891
-0.0265364
-0.0289378
-0.0313713
-0.0338136
-0.0362411
-0.0386302
-0.0409581
-0.0432028
-0.0453442
-0.0473634
-0.0492438
-0.0509707
-0.0525315
-0.0539154
-0.0551136
-0.0561188
-0.0569253
-0.0575288
-0.0579261
-0.0581132
-0.0580896
-0.0578539
-0.0574052
-0.0567432
-0.0558682
-0.0547812
-0.053484
-0.0519795
-0.0502724
-0.0483695
-0.0462807
-0.0440194
-0.0416035
-0.0390566
-0.0364084
-0.0336949
-0.0309593
-0.0282504
-0.025622
-0.0231299
-0.0208293
-0.0187702
-0.0169938
-0.0155283
-0.014386
-0.0135623
-0.0130358
-0.0127717
-0.0127251
-0.0128466
-0.0130866
-0.0133991
-0.0137446
-0.0140899
-0.0144086
-0.0146938
-0.0149521
-0.00192169
-0.00239629
-0.00272499
-0.00299067
-0.00326375
-0.00357176
-0.00393775
-0.00438256
-0.00492319
-0.00557378
-0.00634655
-0.00725216
-0.00829971
-0.00949665
-0.0108484
-0.012358
-0.0140258
-0.015849
-0.0178218
-0.0199349
-0.022176
-0.0245294
-0.0269769
-0.0294977
-0.0320691
-0.034667
-0.0372666
-0.0398428
-0.0423711
-0.0448279
-0.047191
-0.0494399
-0.0515563
-0.053524
-0.0553292
-0.05696
-0.0584067
-0.0596615
-0.0607181
-0.0615717
-0.0622187
-0.0626566
-0.062883
-0.0628966
-0.0626963
-0.0622813
-0.0616509
-0.0608045
-0.0597421
-0.0584639
-0.0569708
-0.055265
-0.05335
-0.0512322
-0.0489207
-0.0464293
-0.0437769
-0.0409889
-0.038098
-0.0351452
-0.0321791
-0.029256
-0.0264372
-0.0237864
-0.0213655
-0.0192292
-0.0174207
-0.0159661
-0.0148723
-0.0141259
-0.0136949
-0.013533
-0.0135851
-0.0137935
-0.0141031
-0.0144651
-0.0148384
-0.0151902
-0.0155113
-0.0158087
-0.00279865
-0.00327155
-0.00360308
-0.00387734
-0.00416602
-0.00449787
-0.00489694
-0.0053848
-0.00597907
-0.00669443
-0.00754349
-0.00853717
-0.00968471
-0.0109934
-0.0124683
-0.0141117
-0.0159231
-0.0178984
-0.0200302
-0.0223075
-0.0247159
-0.0272379
-0.0298529
-0.032538
-0.0352686
-0.0380189
-0.0407624
-0.0434729
-0.046125
-0.0486946
-0.0511595
-0.0534994
-0.0556966
-0.0577357
-0.0596036
-0.0612897
-0.0627855
-0.0640841
-0.0651805
-0.0660709
-0.0667527
-0.067224
-0.0674833
-0.0675298
-0.0673627
-0.0669811
-0.0663843
-0.0655713
-0.0645412
-0.0632931
-0.0618261
-0.0601403
-0.0582366
-0.0561176
-0.0537886
-0.0512586
-0.0485414
-0.0456573
-0.042634
-0.0395083
-0.0363264
-0.0331442
-0.030026
-0.027042
-0.024264
-0.0217605
-0.0195903
-0.0177958
-0.0163988
-0.0153974
-0.0147661
-0.0144597
-0.0144194
-0.0145797
-0.0148757
-0.0152487
-0.0156481
-0.0160333
-0.0163924
-0.0167327
-0.00377794
-0.00424471
-0.00457691
-0.00485906
-0.00516338
-0.00551967
-0.00595274
-0.00648479
-0.00713392
-0.00791522
-0.00884162
-0.00992422
-0.0111722
-0.0125927
-0.0141901
-0.0159661
-0.0179189
-0.0200431
-0.0223295
-0.0247653
-0.0273341
-0.0300161
-0.0327886
-0.0356267
-0.0385038
-0.0413923
-0.0442646
-0.0470934
-0.0498528
-0.0525183
-0.055068
-0.0574822
-0.0597437
-0.0618382
-0.0637538
-0.065481
-0.0670125
-0.0683428
-0.0694679
-0.0703853
-0.0710931
-0.0715903
-0.0718763
-0.0719507
-0.0718133
-0.0714633
-0.0709002
-0.0701228
-0.0691297
-0.0679191
-0.0664892
-0.0648381
-0.0629644
-0.0608678
-0.0585498
-0.0560149
-0.0532716
-0.0503344
-0.0472251
-0.0439746
-0.0406246
-0.0372278
-0.0338486
-0.0305606
-0.0274435
-0.0245778
-0.0220378
-0.0198839
-0.0181556
-0.016866
-0.0160006
-0.0155189
-0.0153605
-0.0154535
-0.0157232
-0.0160999
-0.0165223
-0.0169408
-0.0173397
-0.0177264
-0.00485522
-0.00531147
-0.00564215
-0.00593134
-0.00625114
-0.00663211
-0.00709971
-0.00767654
-0.00838109
-0.00922873
-0.0102326
-0.0114038
-0.0127516
-0.0142824
-0.0160004
-0.0179059
-0.0199961
-0.022264
-0.0246987
-0.0272854
-0.0300055
-0.032837
-0.0357551
-0.038733
-0.0417422
-0.0447536
-0.0477386
-0.050669
-0.0535186
-0.0562631
-0.0588808
-0.0613527
-0.0636629
-0.0657978
-0.0677471
-0.0695023
-0.0710575
-0.0724084
-0.0735522
-0.0744873
-0.075213
-0.075729
-0.0760355
-0.0761328
-0.0760208
-0.0756997
-0.0751687
-0.0744269
-0.0734727
-0.072304
-0.070918
-0.0693117
-0.067482
-0.0654261
-0.0631424
-0.0606312
-0.0578961
-0.0549456
-0.051795
-0.0484684
-0.0450008
-0.0414399
-0.0378465
-0.0342947
-0.0308688
-0.0276587
-0.0247531
-0.0222305
-0.02015
-0.0185437
-0.0174119
-0.0167231
-0.0164189
-0.016423
-0.0166513
-0.0170227
-0.0174639
-0.0179149
-0.0183552
-0.0187918
-0.00602439
-0.0064658
-0.00679271
-0.00708795
-0.00742281
-0.00782839
-0.00833056
-0.00895221
-0.00971205
-0.0106256
-0.0117061
-0.0129647
-0.0144102
-0.0160487
-0.0178835
-0.0199141
-0.022136
-0.0245408
-0.0271157
-0.0298438
-0.0327043
-0.0356732
-0.0387237
-0.0418269
-0.0449528
-0.0480711
-0.0511521
-0.0541674
-0.0570905
-0.0598975
-0.0625672
-0.0650818
-0.0674261
-0.069588
-0.0715583
-0.07333
-0.0748983
-0.0762602
-0.0774139
-0.0783589
-0.0790954
-0.0796238
-0.0799451
-0.0800601
-0.0799694
-0.0796734
-0.0791718
-0.078464
-0.0775483
-0.0764227
-0.075084
-0.0735285
-0.0717519
-0.0697497
-0.0675177
-0.0650528
-0.0623542
-0.0594249
-0.0562735
-0.0529168
-0.049382
-0.0457095
-0.0419543
-0.0381873
-0.0344936
-0.0309693
-0.0277149
-0.0248258
-0.0223819
-0.0204367
-0.0190097
-0.0180829
-0.0176042
-0.0174957
-0.0176655
-0.0180209
-0.0184754
-0.0189572
-0.0194399
-0.0199297
-0.00727763
-0.00770004
-0.00802092
-0.00832107
-0.00867028
-0.00909999
-0.00963631
-0.0103022
-0.0111165
-0.0120948
-0.0132502
-0.0145937
-0.0161338
-0.0178761
-0.0198228
-0.0219723
-0.0243188
-0.0268521
-0.0295575
-0.032416
-0.0354049
-0.038498
-0.0416665
-0.0448798
-0.0481067
-0.0513157
-0.0544764
-0.0575603
-0.060541
-0.0633951
-0.0661024
-0.0686458
-0.0710114
-0.0731886
-0.0751692
-0.0769477
-0.0785203
-0.0798852
-0.0810417
-0.0819901
-0.0827314
-0.0832668
-0.0835978
-0.0837259
-0.0836521
-0.0833773
-0.0829017
-0.082225
-0.0813458
-0.0802622
-0.0789712
-0.0774687
-0.0757499
-0.0738091
-0.0716405
-0.0692382
-0.0665978
-0.0637175
-0.0605997
-0.0572539
-0.053699
-0.0499666
-0.0461038
-0.042175
-0.0382628
-0.0344652
-0.0308909
-0.02765
-0.0248424
-0.0225447
-0.0207991
-0.0196059
-0.0189242
-0.0186781
-0.0187705
-0.0190972
-0.0195582
-0.0200682
-0.020594
-0.0211399
-0.00860559
-0.00900505
-0.00931764
-0.00962137
-0.00998396
-0.0104369
-0.0110065
-0.0117155
-0.0125828
-0.0136237
-0.0148513
-0.0162764
-0.0179068
-0.0197476
-0.0218001
-0.0240612
-0.0265238
-0.0291759
-0.032001
-0.034978
-0.0380821
-0.0412853
-0.044557
-0.0478652
-0.0511773
-0.0544612
-0.0576861
-0.0608234
-0.0638471
-0.0667345
-0.0694664
-0.0720267
-0.0744029
-0.0765855
-0.0785677
-0.0803451
-0.0819151
-0.0832768
-0.0844305
-0.0853772
-0.0861186
-0.0866565
-0.0869931
-0.0871301
-0.0870693
-0.0868118
-0.0863584
-0.0857091
-0.0848631
-0.0838188
-0.0825735
-0.0811232
-0.0794632
-0.0775871
-0.0754881
-0.0731587
-0.0705916
-0.067781
-0.0647241
-0.0614234
-0.0578898
-0.0541454
-0.0502277
-0.0461925
-0.0421159
-0.038094
-0.0342394
-0.0306732
-0.0275133
-0.0248596
-0.0227794
-0.0212959
-0.0203841
-0.0199753
-0.0199698
-0.0202536
-0.0207129
-0.0212477
-0.0218163
-0.022421
-0.00999758
-0.0103704
-0.0106725
-0.0109783
-0.011353
-0.011828
-0.0124294
-0.0131798
-0.0140978
-0.0151986
-0.016495
-0.0179973
-0.0197129
-0.0216459
-0.0237967
-0.0261611
-0.0287303
-0.0314905
-0.0344234
-0.0375061
-0.0407119
-0.0440109
-0.047371
-0.0507589
-0.0541411
-0.057485
-0.0607595
-0.0639363
-0.06699
-0.0698987
-0.0726441
-0.0752114
-0.0775894
-0.0797697
-0.0817466
-0.0835169
-0.0850791
-0.086433
-0.0875798
-0.0885211
-0.0892591
-0.0897963
-0.090135
-0.0902776
-0.0902262
-0.0899824
-0.0895473
-0.0889215
-0.0881047
-0.0870957
-0.0858925
-0.0844915
-0.0828882
-0.0810765
-0.079049
-0.0767973
-0.0743122
-0.0715852
-0.0686089
-0.0653802
-0.061902
-0.0581874
-0.0542635
-0.0501756
-0.0459905
-0.0417985
-0.0377114
-0.033857
-0.0303677
-0.0273655
-0.0249436
-0.0231517
-0.0219859
-0.0213898
-0.0212653
-0.0214909
-0.0219389
-0.0224938
-0.0231046
-0.0237701
-0.0114418
-0.0117846
-0.0120739
-0.0123802
-0.0127655
-0.0132609
-0.0138922
-0.0146818
-0.0156476
-0.0168048
-0.0181657
-0.01974
-0.0215346
-0.0235528
-0.0257938
-0.0282521
-0.0309174
-0.0337743
-0.0368028
-0.039978
-0.0432716
-0.0466522
-0.0500862
-0.0535393
-0.0569774
-0.0603674
-0.0636784
-0.0668824
-0.0699549
-0.0728746
-0.0756245
-0.078191
-0.0805638
-0.0827358
-0.0847025
-0.0864616
-0.0880124
-0.0893555
-0.0904926
-0.091426
-0.0921583
-0.0926923
-0.0930307
-0.0931763
-0.0931313
-0.0928978
-0.0924774
-0.091871
-0.0910791
-0.0901009
-0.0889351
-0.087579
-0.0860283
-0.0842777
-0.0823199
-0.0801463
-0.0777468
-0.0751108
-0.072228
-0.0690902
-0.0656939
-0.0620435
-0.0581558
-0.0540646
-0.0498255
-0.0455193
-0.041253
-0.0371559
-0.0333707
-0.0300382
-0.0272775
-0.0251667
-0.0237277
-0.0229216
-0.022657
-0.0228079
-0.023234
-0.0238035
-0.024455
-0.0251829
-0.0129256
-0.0132355
-0.0135099
-0.0138149
-0.0142088
-0.0147226
-0.0153815
-0.0162073
-0.0172177
-0.0184272
-0.0198475
-0.0214881
-0.0233548
-0.0254502
-0.0277724
-0.0303146
-0.0330651
-0.0360069
-0.0391182
-0.0423727
-0.0457405
-0.0491887
-0.0526827
-0.0561875
-0.0596682
-0.0630919
-0.0664279
-0.0696487
-0.0727304
-0.0756529
-0.0784002
-0.0809596
-0.0833223
-0.085482
-0.0874352
-0.0891803
-0.0907175
-0.0920481
-0.0931741
-0.0940982
-0.0948233
-0.0953526
-0.095689
-0.0958354
-0.0957944
-0.0955684
-0.0951594
-0.0945687
-0.0937972
-0.0928451
-0.0917116
-0.0903947
-0.0888913
-0.0871967
-0.0853042
-0.0832057
-0.0808909
-0.0783481
-0.0755652
-0.0725303
-0.0692344
-0.0656747
-0.061858
-0.0578067
-0.0535638
-0.0491983
-0.0448082
-0.0405199
-0.0364808
-0.0328466
-0.0297599
-0.0273282
-0.0256026
-0.0245672
-0.0241424
-0.0242019
-0.0245944
-0.0251721
-0.0258621
-0.0266532
-0.0144358
-0.01471
-0.0149675
-0.0152693
-0.0156699
-0.0161997
-0.0168834
-0.0177422
-0.0187931
-0.0200501
-0.0215244
-0.0232246
-0.025156
-0.0273201
-0.029714
-0.0323296
-0.035154
-0.0381686
-0.0413501
-0.0446708
-0.0480995
-0.051602
-0.0551431
-0.0586869
-0.0621986
-0.0656451
-0.0689961
-0.0722248
-0.0753081
-0.0782269
-0.0809661
-0.0835143
-0.0858634
-0.0880081
-0.0899459
-0.0916758
-0.0931985
-0.0945158
-0.0956302
-0.0965445
-0.0972619
-0.0977856
-0.0981189
-0.0982647
-0.0982259
-0.0980051
-0.0976044
-0.0970259
-0.0962708
-0.0953399
-0.0942333
-0.0929499
-0.0914876
-0.0898426
-0.0880093
-0.0859804
-0.0837461
-0.0812946
-0.0786127
-0.0756863
-0.0725023
-0.0690517
-0.0653329
-0.061357
-0.0571545
-0.0527808
-0.0483219
-0.0438965
-0.0396519
-0.0357532
-0.0323632
-0.0296177
-0.0275991
-0.0263192
-0.0257161
-0.0256676
-0.0260144
-0.026593
-0.0273185
-0.0281732
-0.0159588
-0.0161953
-0.0164338
-0.0167304
-0.0171354
-0.0176784
-0.0183838
-0.0192719
-0.0203589
-0.0216582
-0.0231803
-0.0249332
-0.0269212
-0.0291451
-0.0316008
-0.0342792
-0.0371659
-0.0402412
-0.0434805
-0.0468547
-0.0503315
-0.053876
-0.0574521
-0.0610238
-0.0645559
-0.0680158
-0.0713735
-0.074603
-0.0776819
-0.0805921
-0.0833195
-0.0858536
-0.0881872
-0.0903158
-0.0922375
-0.0939519
-0.0954602
-0.0967644
-0.0978673
-0.098772
-0.0994817
-0.0999997
-0.100329
-0.100474
-0.100436
-0.100218
-0.0998232
-0.0992536
-0.0985111
-0.097597
-0.0965121
-0.0952564
-0.0938286
-0.0922263
-0.090445
-0.0884786
-0.0863183
-0.083953
-0.0813692
-0.0785517
-0.0754848
-0.0721546
-0.0685524
-0.0646796
-0.0605542
-0.0562175
-0.0517415
-0.0472334
-0.0428353
-0.0387161
-0.0350541
-0.0320106
-0.0297003
-0.0281663
-0.0273694
-0.0271973
-0.027486
-0.0280577
-0.0288149
-0.0297328
-0.017481
-0.0176781
-0.017896
-0.0181852
-0.018592
-0.0191454
-0.0198689
-0.020782
-0.0219003
-0.0232363
-0.0247997
-0.0265978
-0.0286342
-0.0309086
-0.033416
-0.0361463
-0.0390839
-0.0422081
-0.0454929
-0.0489085
-0.0524216
-0.0559965
-0.0595968
-0.0631862
-0.0667298
-0.070195
-0.0735527
-0.0767774
-0.0798475
-0.0827458
-0.0854591
-0.0879776
-0.0902948
-0.0924072
-0.094313
-0.0960126
-0.0975072
-0.0987993
-0.0998916
-0.100787
-0.10149
-0.102002
-0.102328
-0.10247
-0.102432
-0.102216
-0.101825
-0.101262
-0.100529
-0.0996272
-0.0985591
-0.0973253
-0.0959257
-0.094359
-0.0926221
-0.0907103
-0.0886162
-0.0863297
-0.083838
-0.0811257
-0.0781757
-0.0749709
-0.0714969
-0.0677469
-0.0637273
-0.0594658
-0.0550192
-0.0504804
-0.0459817
-0.0416905
-0.0377947
-0.0344776
-0.0318847
-0.0300927
-0.0290904
-0.0287806
-0.028999
-0.0295556
-0.0303403
-0.0313203
-0.0189893
-0.0191456
-0.0193411
-0.019621
-0.020027
-0.0205874
-0.0213251
-0.0222589
-0.0234032
-0.0247698
-0.0263678
-0.0282034
-0.0302795
-0.0325949
-0.0351439
-0.0379153
-0.0408926
-0.0440539
-0.0473728
-0.0508182
-0.0543564
-0.0579513
-0.061566
-0.0651644
-0.0687117
-0.0721759
-0.0755281
-0.0787437
-0.081802
-0.0846864
-0.0873843
-0.0898868
-0.0921881
-0.0942848
-0.0961759
-0.0978619
-0.0993443
-0.100626
-0.101709
-0.102596
-0.103293
-0.1038
-0.104122
-0.104262
-0.104223
-0.104008
-0.103619
-0.10306
-0.102332
-0.10144
-0.100384
-0.099167
-0.0977894
-0.0962513
-0.0945512
-0.0926856
-0.090649
-0.0884327
-0.0860251
-0.0834115
-0.0805743
-0.0774945
-0.074154
-0.070539
-0.0666463
-0.0624905
-0.058113
-0.0535908
-0.0490431
-0.0446303
-0.0405442
-0.0369847
-0.0341258
-0.0320785
-0.0308636
-0.0304043
-0.0305409
-0.0310739
-0.0318814
-0.0329216
-0.0204706
-0.0205856
-0.0207573
-0.0210256
-0.0214279
-0.0219919
-0.0227399
-0.0236893
-0.0248541
-0.0262451
-0.0278704
-0.0297356
-0.0318427
-0.0341897
-0.0367701
-0.0395719
-0.0425778
-0.0457653
-0.049107
-0.0525716
-0.0561246
-0.0597299
-0.0633505
-0.0669503
-0.0704949
-0.0739526
-0.0772954
-0.080499
-0.0835435
-0.0864129
-0.0890953
-0.0915824
-0.0938686
-0.0959512
-0.0978292
-0.0995033
-0.100975
-0.102247
-0.103323
-0.104204
-0.104895
-0.105399
-0.105718
-0.105855
-0.105815
-0.105599
-0.105211
-0.104653
-0.10393
-0.103043
-0.101995
-0.10079
-0.0994288
-0.0979128
-0.096242
-0.0944145
-0.0924265
-0.090271
-0.0879383
-0.0854146
-0.0826832
-0.0797242
-0.076517
-0.0730429
-0.0692906
-0.0652631
-0.0609872
-0.0565232
-0.0519744
-0.04749
-0.04326
-0.039495
-0.0363934
-0.0341
-0.0326699
-0.0320521
-0.0320966
-0.0325977
-0.0334228
-0.034521
-0.021913
-0.0219867
-0.0221329
-0.0223877
-0.0227835
-0.0233475
-0.0241011
-0.0250613
-0.0262408
-0.0276495
-0.0292949
-0.0311815
-0.0333107
-0.0356799
-0.0382816
-0.0411033
-0.0441272
-0.0473301
-0.0506843
-0.0541579
-0.0577164
-0.0613235
-0.0649424
-0.0685372
-0.0720737
-0.0755209
-0.0788512
-0.0820409
-0.0850706
-0.087925
-0.0905926
-0.0930653
-0.0953382
-0.0974085
-0.0992755
-0.10094
-0.102404
-0.103669
-0.104738
-0.105615
-0.106301
-0.106802
-0.107118
-0.107254
-0.107212
-0.106995
-0.106606
-0.106049
-0.105326
-0.104442
-0.103399
-0.102202
-0.100852
-0.0993516
-0.0977031
-0.0959058
-0.0939576
-0.0918536
-0.0895858
-0.0871423
-0.0845075
-0.0816619
-0.0785838
-0.075251
-0.0716461
-0.0677623
-0.0636128
-0.0592415
-0.0547344
-0.0502261
-0.0458993
-0.0419696
-0.0386544
-0.0361299
-0.0344872
-0.0337051
-0.0336486
-0.0341098
-0.0349472
-0.0361006
-0.0233058
-0.0233383
-0.023457
-0.0236968
-0.0240833
-0.0246434
-0.0253983
-0.0263638
-0.0275519
-0.0289716
-0.0306295
-0.0325294
-0.0346719
-0.0370537
-0.0396669
-0.0424984
-0.0455299
-0.0487381
-0.0520948
-0.0555682
-0.0591236
-0.0627249
-0.0663354
-0.0699196
-0.0734438
-0.0768773
-0.0801929
-0.0833677
-0.0863825
-0.0892225
-0.0918765
-0.0943367
-0.0965982
-0.0986586
-0.100517
-0.102174
-0.103632
-0.104892
-0.105957
-0.10683
-0.107515
-0.108013
-0.108327
-0.108461
-0.108417
-0.108199
-0.107808
-0.10725
-0.106527
-0.105643
-0.104602
-0.103407
-0.102064
-0.100574
-0.0989417
-0.0971672
-0.0952504
-0.0931885
-0.0909756
-0.0886019
-0.0860534
-0.0833119
-0.0803554
-0.0771601
-0.073704
-0.0699724
-0.0659667
-0.0617155
-0.0572868
-0.0527981
-0.0484206
-0.0443687
-0.0408733
-0.0381382
-0.0362902
-0.0353416
-0.0351771
-0.0355913
-0.0364356
-0.0376408
-0.0246381
-0.0246288
-0.0247227
-0.0249442
-0.025318
-0.0258704
-0.0266217
-0.0275871
-0.0287776
-0.0302014
-0.0318642
-0.033769
-0.0359159
-0.038301
-0.0409159
-0.0437473
-0.0467766
-0.0499803
-0.0533303
-0.0567948
-0.0603393
-0.0639279
-0.0675243
-0.0710932
-0.0746015
-0.0780189
-0.0813186
-0.0844781
-0.0874785
-0.0903052
-0.0929474
-0.0953972
-0.0976499
-0.0997029
-0.101555
-0.103208
-0.104662
-0.105919
-0.106982
-0.107854
-0.108537
-0.109034
-0.109347
-0.109479
-0.109434
-0.109213
-0.108821
-0.10826
-0.107534
-0.106648
-0.105606
-0.104412
-0.10307
-0.101586
-0.0999636
-0.098205
-0.0963118
-0.0942831
-0.0921153
-0.0898007
-0.0873276
-0.0846794
-0.081835
-0.07877
-0.0754595
-0.0718829
-0.0680318
-0.0639206
-0.0596
-0.0551693
-0.0507842
-0.0466528
-0.0430134
-0.0400925
-0.0380513
-0.0369375
-0.0366603
-0.0370209
-0.037867
-0.0391204
-0.0259015
-0.0258522
-0.0259193
-0.0261213
-0.0264797
-0.0270204
-0.0277634
-0.028723
-0.0299094
-0.0313302
-0.0329901
-0.0348916
-0.037034
-0.0394131
-0.0420202
-0.0448419
-0.0478594
-0.0510494
-0.054384
-0.0578315
-0.0613579
-0.0649276
-0.0685047
-0.0720544
-0.075544
-0.0789435
-0.0822266
-0.0853709
-0.0883579
-0.0911731
-0.0938055
-0.0962474
-0.0984939
-0.100542
-0.102391
-0.104042
-0.105495
-0.106752
-0.107815
-0.108687
-0.10937
-0.109867
-0.110179
-0.110311
-0.110264
-0.110041
-0.109645
-0.109081
-0.108351
-0.107461
-0.106415
-0.105217
-0.103875
-0.102392
-0.100773
-0.0990243
-0.0971473
-0.0951436
-0.0930114
-0.0907456
-0.0883367
-0.0857704
-0.083027
-0.0800827
-0.0769112
-0.0734875
-0.0697955
-0.0658376
-0.061648
-0.0573073
-0.0529535
-0.0487838
-0.0450378
-0.0419594
-0.039741
-0.0384667
-0.0380741
-0.0383761
-0.0392189
-0.0405169
-0.0270885
-0.027001
-0.0270408
-0.0272216
-0.0275619
-0.0280871
-0.0288167
-0.0297647
-0.0309405
-0.0323509
-0.0340001
-0.0358898
-0.0380189
-0.0403829
-0.0429729
-0.0457754
-0.048772
-0.0519395
-0.0552503
-0.0586733
-0.062175
-0.0657201
-0.0692733
-0.0728004
-0.076269
-0.0796494
-0.0829156
-0.0860454
-0.0890203
-0.0918257
-0.0944507
-0.0968874
-0.0991306
-0.101177
-0.103026
-0.104677
-0.106131
-0.10739
-0.108456
-0.10933
-0.110014
-0.110512
-0.110825
-0.110956
-0.110907
-0.110682
-0.110283
-0.109714
-0.108979
-0.108083
-0.10703
-0.105827
-0.104479
-0.102993
-0.101374
-0.0996292
-0.0977617
-0.0957751
-0.0936696
-0.0914426
-0.089087
-0.0865909
-0.0839367
-0.0811018
-0.0780597
-0.0747831
-0.0712498
-0.067452
-0.0634094
-0.0591842
-0.0548955
-0.0507256
-0.0469101
-0.0437044
-0.0413282
-0.0399013
-0.0393932
-0.0396324
-0.0404675
-0.0418064
-0.0281932
-0.0280693
-0.0280819
-0.0282402
-0.0285596
-0.0290652
-0.0297766
-0.0307069
-0.0318654
-0.0332581
-0.0348885
-0.036758
-0.038865
-0.0412048
-0.0437684
-0.0465426
-0.0495093
-0.0526457
-0.0559249
-0.0593163
-0.062787
-0.0663023
-0.0698277
-0.0733291
-0.0767747
-0.0801352
-0.0833846
-0.0865007
-0.089465
-0.0922629
-0.094883
-0.0973172
-0.09956
-0.101608
-0.10346
-0.105114
-0.106573
-0.107836
-0.108905
-0.109783
-0.110471
-0.110971
-0.111285
-0.111416
-0.111366
-0.111138
-0.110735
-0.11016
-0.109418
-0.108514
-0.107454
-0.106242
-0.104886
-0.103393
-0.10177
-0.100023
-0.0981588
-0.096182
-0.0940949
-0.0918972
-0.0895843
-0.0871467
-0.0845694
-0.0818317
-0.0789077
-0.0757691
-0.0723895
-0.0687533
-0.0648673
-0.0607766
-0.0565808
-0.0524448
-0.0485953
-0.0452933
-0.0427809
-0.0412124
-0.0405906
-0.0407642
-0.0415877
-0.0429639
-0.0292107
-0.029053
-0.0290387
-0.0291733
-0.0294692
-0.0299515
-0.0306395
-0.0315463
-0.0326805
-0.0340479
-0.0356515
-0.0374921
-0.0395681
-0.0418745
-0.0444026
-0.0471395
-0.0500675
-0.0531647
-0.0564046
-0.0597576
-0.0631914
-0.0666722
-0.0701658
-0.0736389
-0.0770599
-0.0803998
-0.0836326
-0.086736
-0.0896915
-0.092484
-0.0951019
-0.0975366
-0.0997821
-0.101834
-0.103692
-0.105353
-0.106818
-0.108088
-0.109164
-0.110047
-0.11074
-0.111243
-0.11156
-0.111691
-0.11164
-0.111409
-0.111001
-0.11042
-0.109671
-0.108758
-0.107687
-0.106464
-0.105097
-0.103594
-0.101961
-0.100208
-0.0983417
-0.096368
-0.0942916
-0.0921142
-0.0898337
-0.0874433
-0.0849306
-0.0822772
-0.0794587
-0.0764468
-0.0732127
-0.0697347
-0.0660091
-0.0620653
-0.057984
-0.053911
-0.0500602
-0.0466923
-0.0440669
-0.0423697
-0.0416382
-0.0417448
-0.0425534
-0.0439636
-0.030138
-0.029949
-0.0299086
-0.0300185
-0.0302886
-0.0307438
-0.0314035
-0.0322806
-0.0333836
-0.0347179
-0.0362863
-0.0380894
-0.0401254
-0.0423893
-0.0448728
-0.0475635
-0.0504443
-0.0534941
-0.0566874
-0.0599954
-0.0633867
-0.0668282
-0.0702866
-0.0737289
-0.0771238
-0.0804425
-0.083659
-0.086751
-0.0896994
-0.0924889
-0.0951072
-0.0975453
-0.0997965
-0.101856
-0.103722
-0.105393
-0.106868
-0.108147
-0.109232
-0.110123
-0.110822
-0.11133
-0.111649
-0.111782
-0.11173
-0.111496
-0.111083
-0.110495
-0.109737
-0.108813
-0.10773
-0.106495
-0.105114
-0.103597
-0.101952
-0.100188
-0.0983135
-0.0963367
-0.0942636
-0.0920981
-0.0898403
-0.0874861
-0.0850258
-0.0824436
-0.079717
-0.0768189
-0.0737192
-0.0703922
-0.0668254
-0.063035
-0.0590835
-0.0550971
-0.0512736
-0.0478689
-0.0451541
-0.0433428
-0.0425071
-0.0425465
-0.0433376
-0.0447791
-0.0309733
-0.030756
-0.0306905
-0.0307751
-0.0310171
-0.0314417
-0.0320681
-0.0329094
-0.033974
-0.0352674
-0.0367921
-0.0385488
-0.0405356
-0.0427479
-0.0451777
-0.0478132
-0.0506383
-0.0536328
-0.0567722
-0.0600288
-0.0633721
-0.0667699
-0.0701895
-0.0735985
-0.0769659
-0.080263
-0.0834637
-0.0865453
-0.0894885
-0.0922772
-0.0948986
-0.097343
-0.0996031
-0.101674
-0.103551
-0.105234
-0.106722
-0.108013
-0.109109
-0.110009
-0.110716
-0.111231
-0.111555
-0.111689
-0.111637
-0.1114
-0.110982
-0.110387
-0.109618
-0.108683
-0.107586
-0.106335
-0.104939
-0.103405
-0.101743
-0.0999642
-0.0980771
-0.0960913
-0.0940148
-0.0918531
-0.0896088
-0.0872803
-0.0848605
-0.0823362
-0.0796877
-0.0768891
-0.0739107
-0.070724
-0.0673102
-0.0636739
-0.0598613
-0.0559792
-0.0522072
-0.048792
-0.0460107
-0.0441008
-0.0431679
-0.0431408
-0.0439127
-0.0453833
-0.0317161
-0.0314737
-0.0313844
-0.0314433
-0.0316556
-0.032046
-0.0326343
-0.0334336
-0.0344526
-0.0356969
-0.0371693
-0.0388705
-0.0407988
-0.04295
-0.0453169
-0.0478883
-0.0506493
-0.0535805
-0.0566589
-0.0598577
-0.0631475
-0.0664972
-0.0698746
-0.0732479
-0.0765865
-0.0798614
-0.0830467
-0.0861191
-0.0890587
-0.0918489
-0.0944761
-0.0969297
-0.0992018
-0.101286
-0.103179
-0.104877
-0.10638
-0.107686
-0.108795
-0.109708
-0.110425
-0.110947
-0.111276
-0.111414
-0.111361
-0.111122
-0.110699
-0.110096
-0.109317
-0.108368
-0.107256
-0.105988
-0.104573
-0.10302
-0.101339
-0.0995403
-0.0976358
-0.0956356
-0.0935491
-0.0913837
-0.0891441
-0.086831
-0.0844401
-0.0819608
-0.079376
-0.076662
-0.0737901
-0.0707305
-0.0674597
-0.0639733
-0.060303
-0.0565367
-0.0528351
-0.049432
-0.0466057
-0.0446127
-0.0435904
-0.0434986
-0.04425
-0.0457482
-0.0323673
-0.0321033
-0.0319918
-0.0320249
-0.0322058
-0.032559
-0.0331044
-0.0338556
-0.0348217
-0.0360086
-0.0374197
-0.0390559
-0.0409161
-0.0429968
-0.0452913
-0.0477897
-0.0504779
-0.0533381
-0.0563482
-0.0594829
-0.062714
-0.066011
-0.0693429
-0.0726781
-0.0759863
-0.0792386
-0.0824086
-0.0854728
-0.0884105
-0.0912043
-0.0938399
-0.0963057
-0.0985928
-0.100694
-0.102605
-0.104322
-0.105843
-0.107167
-0.108292
-0.109219
-0.109948
-0.11048
-0.110816
-0.110958
-0.110906
-0.110665
-0.110236
-0.109625
-0.108835
-0.107872
-0.106743
-0.105457
-0.10402
-0.102445
-0.100741
-0.09892
-0.0969937
-0.0949738
-0.0928711
-0.0906948
-0.0884515
-0.0861441
-0.0837706
-0.0813234
-0.0787879
-0.076143
-0.0733615
-0.0704135
-0.0672727
-0.0639273
-0.0603967
-0.0567517
-0.0531337
-0.0497612
-0.046909
-0.0448478
-0.0437442
-0.0435898
-0.0443204
-0.0458454
-0.0329288
-0.0326469
-0.0325151
-0.0325227
-0.0326709
-0.032984
-0.033482
-0.0341789
-0.0350846
-0.0362056
-0.0375461
-0.0391077
-0.0408901
-0.0428903
-0.045103
-0.0475191
-0.0501261
-0.0529072
-0.0558419
-0.0589062
-0.062073
-0.0653131
-0.0685959
-0.0718905
-0.0751667
-0.0783957
-0.0815508
-0.0846076
-0.0875449
-0.0903445
-0.092991
-0.0954718
-0.0977769
-0.0998987
-0.101831
-0.10357
-0.105113
-0.106457
-0.107601
-0.108545
-0.109288
-0.109832
-0.110176
-0.110323
-0.110273
-0.11003
-0.109597
-0.108977
-0.108175
-0.107198
-0.106051
-0.104744
-0.103285
-0.101685
-0.0999553
-0.0981079
-0.0961555
-0.094111
-0.0919863
-0.0897922
-0.087537
-0.0852256
-0.0828586
-0.0804306
-0.07793
-0.0753381
-0.0726299
-0.0697763
-0.0667493
-0.063532
-0.0601336
-0.0566094
-0.0530823
-0.0497537
-0.0468914
-0.0447753
-0.0435982
-0.0433838
-0.0440935
-0.0456456
-0.0334038
-0.0331079
-0.0329578
-0.0329404
-0.0330551
-0.0333255
-0.0337716
-0.0344082
-0.0352458
-0.0362924
-0.0375527
-0.0390297
-0.040724
-0.0426338
-0.0447548
-0.0470793
-0.0495962
-0.0522902
-0.0551424
-0.0581299
-0.0612271
-0.0644057
-0.067636
-0.0708875
-0.0741302
-0.0773351
-0.0804751
-0.0835254
-0.0864638
-0.0892711
-0.0919308
-0.0944294
-0.0967558
-0.098901
-0.100858
-0.102623
-0.10419
-0.105557
-0.106723
-0.107687
-0.108447
-0.109004
-0.109359
-0.109512
-0.109466
-0.109222
-0.108784
-0.108156
-0.107343
-0.10635
-0.105185
-0.103856
-0.102372
-0.100745
-0.098987
-0.0971099
-0.0951275
-0.0930536
-0.0909012
-0.0886825
-0.0864075
-0.0840828
-0.0817112
-0.0792898
-0.0768094
-0.0742542
-0.0716013
-0.0688232
-0.0658915
-0.0627857
-0.0595069
-0.0560972
-0.052662
-0.0493852
-0.0465243
-0.0443644
-0.0431207
-0.0428486
-0.043538
-0.0451181
-0.0337963
-0.0334902
-0.0333242
-0.0332828
-0.0333634
-0.0335887
-0.0339788
-0.0345489
-0.035311
-0.036274
-0.0374444
-0.0388264
-0.0404221
-0.042231
-0.0442503
-0.0464737
-0.0488917
-0.0514906
-0.0542529
-0.0571575
-0.0601797
-0.0632923
-0.0664665
-0.0696723
-0.0728798
-0.0760598
-0.0791848
-0.0822291
-0.0851699
-0.0879867
-0.0906621
-0.0931811
-0.0955316
-0.0977036
-0.099689
-0.101482
-0.103077
-0.104471
-0.105662
-0.106648
-0.107428
-0.108001
-0.108368
-0.10853
-0.108489
-0.108246
-0.107804
-0.107168
-0.106343
-0.105334
-0.10415
-0.102798
-0.101289
-0.0996329
-0.0978433
-0.0959334
-0.0939172
-0.0918092
-0.0896237
-0.087374
-0.0850712
-0.082724
-0.0803369
-0.0779092
-0.0754344
-0.0728989
-0.0702826
-0.0675596
-0.0647023
-0.0616879
-0.0585116
-0.0552044
-0.0518558
-0.0486326
-0.0457799
-0.043584
-0.042279
-0.0419511
-0.0426207
-0.0442309
-0.0341109
-0.0337988
-0.0336195
-0.0335553
-0.0336014
-0.0337796
-0.0341097
-0.0346075
-0.0352862
-0.0361566
-0.0372269
-0.0385033
-0.0399893
-0.0416866
-0.0435938
-0.0457065
-0.0480166
-0.0505123
-0.0531777
-0.0559929
-0.0589347
-0.0619771
-0.0650918
-0.0682493
-0.0714199
-0.0745741
-0.0776838
-0.0807228
-0.0836671
-0.0864952
-0.0891884
-0.0917306
-0.0941081
-0.0963099
-0.0983268
-0.100151
-0.101778
-0.103203
-0.104422
-0.105433
-0.106236
-0.106828
-0.10721
-0.107383
-0.107347
-0.107106
-0.106662
-0.106019
-0.105183
-0.104159
-0.102954
-0.101579
-0.100042
-0.098356
-0.0965331
-0.0945875
-0.0925339
-0.0903875
-0.0881635
-0.0858762
-0.083538
-0.081159
-0.0787454
-0.0762985
-0.073814
-0.0712809
-0.0686813
-0.0659918
-0.0631857
-0.0602396
-0.0571442
-0.0539218
-0.0506482
-0.0474737
-0.0446303
-0.0424023
-0.041039
-0.040656
-0.0413063
-0.0429497
-0.0343533
-0.0340393
-0.0338495
-0.0337638
-0.0337756
-0.0339049
-0.0341711
-0.0345906
-0.0351782
-0.0359466
-0.0369065
-0.038066
-0.0394313
-0.0410058
-0.0427904
-0.0447824
-0.0469757
-0.0493601
-0.0519213
-0.0546411
-0.0574975
-0.0604653
-0.0635172
-0.0666239
-0.0697558
-0.0728833
-0.0759776
-0.0790118
-0.0819607
-0.0848018
-0.0875149
-0.0900827
-0.0924902
-0.094725
-0.0967766
-0.0986367
-0.100299
-0.101757
-0.103008
-0.104048
-0.104876
-0.105489
-0.105889
-0.106075
-0.106048
-0.105811
-0.105366
-0.104718
-0.103871
-0.102832
-0.101608
-0.100208
-0.0986434
-0.0969254
-0.0950672
-0.0930832
-0.0909889
-0.0887999
-0.0865322
-0.0842008
-0.0818195
-0.0793993
-0.076948
-0.0744686
-0.0719588
-0.0694098
-0.0668062
-0.0641269
-0.0613467
-0.0584424
-0.0554021
-0.0522413
-0.0490243
-0.0458869
-0.0430476
-0.0407865
-0.0393648
-0.0389256
-0.0395567
-0.0412371
-0.0345292
-0.0342177
-0.0340204
-0.0339151
-0.0338928
-0.0339716
-0.0341702
-0.0345055
-0.0349941
-0.0356509
-0.0364895
-0.0375208
-0.0387537
-0.0401942
-0.0418453
-0.0437068
-0.0457742
-0.0480394
-0.0504896
-0.053108
-0.0558739
-0.0587633
-0.0617491
-0.0648028
-0.0678945
-0.0709944
-0.0740733
-0.077103
-0.0800576
-0.0829132
-0.0856483
-0.0882442
-0.0906845
-0.0929553
-0.095045
-0.096944
-0.0986444
-0.10014
-0.101426
-0.102499
-0.103355
-0.103994
-0.104414
-0.104616
-0.104601
-0.10437
-0.103926
-0.103273
-0.102417
-0.101364
-0.100121
-0.0986973
-0.0971041
-0.0953532
-0.0934582
-0.0914337
-0.0892956
-0.08706
-0.0847434
-0.0823616
-0.0799292
-0.0774582
-0.0749576
-0.0724319
-0.0698804
-0.0672965
-0.0646669
-0.0619726
-0.0591906
-0.0562985
-0.0532831
-0.0501551
-0.0469698
-0.0438503
-0.0410027
-0.0387017
-0.0372173
-0.0367185
-0.0373298
-0.039052
-0.0346452
-0.0343407
-0.034139
-0.034016
-0.0339601
-0.033987
-0.0341142
-0.0343595
-0.0347408
-0.0352763
-0.0359825
-0.0368739
-0.0379625
-0.0392574
-0.0407643
-0.0424852
-0.0444179
-0.0465561
-0.0488886
-0.0514002
-0.0540712
-0.0568784
-0.0597955
-0.062794
-0.0658443
-0.0689161
-0.0719793
-0.0750052
-0.0779666
-0.0808382
-0.0835973
-0.0862237
-0.0886995
-0.0910094
-0.0931404
-0.0950818
-0.0968244
-0.098361
-0.0996858
-0.100794
-0.101683
-0.102351
-0.102795
-0.103016
-0.103015
-0.102792
-0.102352
-0.101698
-0.100834
-0.0997677
-0.0985066
-0.0970599
-0.0954383
-0.0936542
-0.0917212
-0.0896543
-0.0874696
-0.0851836
-0.0828131
-0.0803746
-0.077883
-0.0753513
-0.0727893
-0.0702027
-0.0675922
-0.0649529
-0.0622736
-0.0595374
-0.0567233
-0.0538102
-0.0507849
-0.0476552
-0.0444696
-0.041341
-0.0384647
-0.0361101
-0.034554
-0.0339891
-0.0345785
-0.0363481
-0.0347079
-0.034415
-0.0342125
-0.0340739
-0.033985
-0.0339584
-0.0340106
-0.0341595
-0.0344254
-0.0348294
-0.0353919
-0.0361313
-0.0370636
-0.0382012
-0.039553
-0.0411236
-0.042913
-0.0449169
-0.0471257
-0.0495253
-0.0520974
-0.0548193
-0.0576654
-0.0606074
-0.0636153
-0.0666585
-0.0697063
-0.072729
-0.0756983
-0.0785875
-0.0813726
-0.0840318
-0.0865457
-0.0888977
-0.0910734
-0.0930604
-0.0948488
-0.0964301
-0.0977975
-0.0989459
-0.0998712
-0.100571
-0.101042
-0.101286
-0.101302
-0.101092
-0.100658
-0.100004
-0.0991351
-0.0980581
-0.0967805
-0.0953116
-0.0936624
-0.091845
-0.0898735
-0.0877627
-0.0855289
-0.0831889
-0.0807597
-0.0782579
-0.0756988
-0.073096
-0.0704598
-0.0677969
-0.0651089
-0.0623923
-0.0596376
-0.0568299
-0.0539502
-0.0509793
-0.0479046
-0.0447324
-0.0415071
-0.0383339
-0.0354
-0.0329702
-0.0313272
-0.0306856
-0.0312494
-0.0330727
-0.0347241
-0.0344479
-0.0342482
-0.0340962
-0.0339748
-0.0338933
-0.0338663
-0.0339125
-0.0340543
-0.0343163
-0.0347235
-0.0352988
-0.0360625
-0.0370313
-0.0382174
-0.0396282
-0.0412663
-0.043129
-0.0452086
-0.0474921
-0.0499619
-0.0525963
-0.0553697
-0.0582541
-0.0612192
-0.0642339
-0.0672669
-0.0702873
-0.0732657
-0.0761742
-0.0789872
-0.0816815
-0.0842362
-0.0866332
-0.0888565
-0.0908927
-0.0927304
-0.0943601
-0.095774
-0.0969661
-0.0979315
-0.098667
-0.0991702
-0.0994403
-0.0994772
-0.0992822
-0.0988579
-0.0982077
-0.0973369
-0.0962516
-0.0949597
-0.0934704
-0.0917947
-0.0899448
-0.0879345
-0.0857789
-0.083494
-0.0810967
-0.0786038
-0.0760321
-0.073397
-0.0707121
-0.0679881
-0.0652321
-0.0624465
-0.0596288
-0.0567707
-0.0538591
-0.0508769
-0.0478069
-0.0446376
-0.0413758
-0.0380633
-0.0348011
-0.0317708
-0.0292351
-0.0274828
-0.0267489
-0.0272807
-0.0291646
-0.0347008
-0.0344469
-0.0342539
-0.0340908
-0.0339373
-0.0337988
-0.0336882
-0.0336246
-0.033633
-0.0337424
-0.0339823
-0.0343812
-0.0349644
-0.0357531
-0.0367632
-0.0380054
-0.0394847
-0.0412005
-0.0431462
-0.0453102
-0.0476755
-0.0502208
-0.0529208
-0.0557474
-0.05867
-0.0616568
-0.0646758
-0.0676952
-0.0706842
-0.0736137
-0.0764566
-0.0791883
-0.0817863
-0.0842311
-0.0865052
-0.0885939
-0.0904844
-0.0921661
-0.0936303
-0.09487
-0.0958796
-0.0966552
-0.0971939
-0.0974944
-0.0975563
-0.0973807
-0.0969698
-0.0963271
-0.0954574
-0.094367
-0.0930636
-0.0915564
-0.089856
-0.0879748
-0.0859262
-0.0837251
-0.0813874
-0.0789296
-0.0763684
-0.07372
-0.0709998
-0.0682212
-0.0653947
-0.0625276
-0.0596226
-0.0566775
-0.0536852
-0.0506338
-0.0475079
-0.0442922
-0.0409775
-0.0375714
-0.0341158
-0.0307098
-0.0275334
-0.0248509
-0.0229582
-0.0221103
-0.0226004
-0.0245522
-0.0346451
-0.0344199
-0.0342379
-0.0340658
-0.0338802
-0.0336821
-0.0334825
-0.0333013
-0.0331666
-0.0331118
-0.0331724
-0.0333827
-0.0337737
-0.0343714
-0.0351961
-0.0362618
-0.037576
-0.0391399
-0.0409484
-0.0429906
-0.0452502
-0.0477061
-0.050333
-0.0531025
-0.0559835
-0.0589438
-0.0619503
-0.0649702
-0.0679716
-0.070924
-0.073799
-0.0765703
-0.0792142
-0.0817095
-0.0840374
-0.0861816
-0.0881283
-0.0898657
-0.091384
-0.0926752
-0.0937331
-0.094553
-0.0951315
-0.0954666
-0.0955579
-0.0954059
-0.0950127
-0.0943815
-0.093517
-0.0924252
-0.0911137
-0.0895915
-0.087869
-0.0859582
-0.0838722
-0.0816256
-0.0792337
-0.0767125
-0.0740781
-0.0713462
-0.0685314
-0.0656466
-0.0627018
-0.0597039
-0.0566553
-0.0535541
-0.0503934
-0.0471621
-0.0438463
-0.0404327
-0.0369143
-0.0333011
-0.0296366
-0.0260212
-0.0226371
-0.0197544
-0.0176802
-0.0166893
-0.0171236
-0.0191511
-0.0345644
-0.0343751
-0.0342089
-0.03403
-0.0338115
-0.03355
-0.0332549
-0.032947
-0.0326584
-0.0324277
-0.0322967
-0.0323064
-0.0324939
-0.0328907
-0.0335217
-0.0344041
-0.0355482
-0.0369569
-0.0386262
-0.040546
-0.0427001
-0.0450674
-0.0476226
-0.0503367
-0.0531782
-0.0561139
-0.05911
-0.0621325
-0.0651484
-0.0681259
-0.0710351
-0.0738485
-0.0765406
-0.079089
-0.0814735
-0.0836764
-0.0856826
-0.0874791
-0.0890551
-0.0904018
-0.091512
-0.0923804
-0.093003
-0.0933774
-0.0935026
-0.0933789
-0.0930079
-0.0923928
-0.0915379
-0.090449
-0.0891334
-0.0875997
-0.0858581
-0.0839199
-0.081798
-0.0795062
-0.077059
-0.0744716
-0.0717592
-0.0689365
-0.0660171
-0.0630127
-0.0599325
-0.0567822
-0.0535637
-0.0502744
-0.0469072
-0.0434513
-0.0398937
-0.0362229
-0.0324345
-0.0285417
-0.0245916
-0.0206884
-0.0170211
-0.0138711
-0.0115619
-0.0103899
-0.0107491
-0.0128602
-0.0344663
-0.034322
-0.0341769
-0.0339927
-0.0337394
-0.0334093
-0.0330102
-0.0325653
-0.0321107
-0.0316915
-0.0313566
-0.0311541
-0.0311279
-0.0313152
-0.0317455
-0.0324397
-0.0334104
-0.0346623
-0.0361922
-0.0379903
-0.0400407
-0.0423219
-0.0448081
-0.0474697
-0.0502746
-0.0531887
-0.0561771
-0.0592049
-0.0622377
-0.0652427
-0.0681885
-0.0710462
-0.0737891
-0.0763931
-0.0788368
-0.0811012
-0.0831699
-0.0850288
-0.0866662
-0.0880721
-0.0892386
-0.0901598
-0.0908309
-0.0912491
-0.091413
-0.0913223
-0.0909786
-0.0903844
-0.0895439
-0.0884625
-0.0871472
-0.0856061
-0.0838488
-0.0818861
-0.0797301
-0.0773935
-0.0748901
-0.0722338
-0.0694385
-0.0665175
-0.0634827
-0.0603445
-0.0571102
-0.0537842
-0.0503668
-0.046854
-0.0432379
-0.0395072
-0.0356493
-0.0316541
-0.0275199
-0.0232638
-0.0189383
-0.0146548
-0.0106125
-0.00711172
-0.00449937
-0.00309738
-0.00335538
-0.00555868
-0.0343588
-0.0342713
-0.0341531
-0.0339644
-0.0336728
-0.0332665
-0.032753
-0.0321583
-0.0315244
-0.0309034
-0.0303523
-0.0299267
-0.0296777
-0.0296485
-0.0298732
-0.0303763
-0.0311726
-0.0322681
-0.0336604
-0.0353398
-0.0372899
-0.0394889
-0.0419103
-0.0445237
-0.0472959
-0.0501921
-0.0531764
-0.0562126
-0.0592654
-0.0623005
-0.0652854
-0.0681898
-0.0709857
-0.0736477
-0.0761531
-0.0784816
-0.0806156
-0.08254
-0.084242
-0.0857106
-0.0869374
-0.0879154
-0.0886394
-0.089106
-0.0893133
-0.0892607
-0.0889492
-0.0883811
-0.0875601
-0.0864912
-0.0851808
-0.0836366
-0.0818674
-0.0798832
-0.077695
-0.0753145
-0.0727541
-0.0700261
-0.0671427
-0.0641153
-0.0609539
-0.0576664
-0.0542581
-0.0507309
-0.0470828
-0.0433076
-0.0393955
-0.0353339
-0.0311097
-0.0267136
-0.0221466
-0.0174307
-0.012625
-0.00785135
-0.00332397
0.000631277
0.00363302
0.00532734
0.00520482
0.00290024
-0.0342509
-0.0342369
-0.0341517
-0.0339578
-0.0336217
-0.0331286
-0.0324868
-0.0317272
-0.0308988
-0.0300621
-0.0292825
-0.028624
-0.028145
-0.0278945
-0.0279112
-0.0282229
-0.0288463
-0.0297884
-0.0310472
-0.0326128
-0.0344681
-0.0365907
-0.0389528
-0.0415234
-0.0442681
-0.0471511
-0.0501354
-0.0531838
-0.0562597
-0.0593279
-0.0623545
-0.065308
-0.0681591
-0.0708813
-0.0734506
-0.0758455
-0.0780474
-0.08004
-0.0818095
-0.0833442
-0.0846347
-0.0856733
-0.0864544
-0.0869739
-0.0872292
-0.0872195
-0.0869452
-0.0864083
-0.0856119
-0.0845604
-0.0832598
-0.0817168
-0.0799395
-0.0779368
-0.0757185
-0.0732948
-0.0706764
-0.0678738
-0.0648969
-0.0617547
-0.0584546
-0.0550015
-0.0513977
-0.0476419
-0.0437285
-0.0396484
-0.0353884
-0.0309334
-0.0262687
-0.0213851
-0.0162859
-0.0109982
-0.00559037
-0.000195411
0.0049501
0.00948736
0.0129879
0.0150544
0.0151118
0.0126961
-0.0341587
-0.0342342
-0.03419
-0.0339884
-0.0335979
-0.0330029
-0.0322152
-0.0312724
-0.0302323
-0.0291651
-0.0281454
-0.0272457
-0.0265315
-0.0260576
-0.025867
-0.0259898
-0.0264448
-0.0272394
-0.0283714
-0.0298304
-0.0315984
-0.0336518
-0.035962
-0.0384963
-0.0412197
-0.044095
-0.0470841
-0.0501489
-0.0532516
-0.0563558
-0.0594267
-0.0624316
-0.0653401
-0.0681244
-0.0707595
-0.0732228
-0.0754946
-0.0775577
-0.0793972
-0.0810008
-0.0823581
-0.0834609
-0.0843028
-0.0848791
-0.0851868
-0.0852245
-0.0849922
-0.0844912
-0.0837241
-0.0826949
-0.0814085
-0.0798708
-0.078089
-0.0760706
-0.0738239
-0.0713575
-0.06868
-0.0657995
-0.0627233
-0.0594574
-0.0560059
-0.0523701
-0.0485481
-0.0445343
-0.0403189
-0.0358876
-0.031223
-0.0263057
-0.021118
-0.0156491
-0.00990412
-0.00391587
0.00223683
0.00841078
0.0143348
0.019612
0.0237513
0.0262939
0.0265892
0.0240524
-0.034097
-0.0342888
-0.0342928
-0.0340765
-0.0336162
-0.0328986
-0.031942
-0.0307938
-0.0295228
-0.0282097
-0.026939
-0.0257916
-0.0248399
-0.0241439
-0.0237497
-0.02369
-0.0239843
-0.0246401
-0.0256547
-0.0270167
-0.0287069
-0.0307003
-0.0329669
-0.0354729
-0.0381819
-0.0410556
-0.044055
-0.0471406
-0.0502739
-0.0534173
-0.0565351
-0.0595935
-0.0625612
-0.0654092
-0.0681116
-0.0706447
-0.072988
-0.0751233
-0.0770348
-0.0787094
-0.080136
-0.0813057
-0.0822114
-0.0828479
-0.0832117
-0.0833007
-0.0831144
-0.0826535
-0.08192
-0.080917
-0.0796486
-0.0781199
-0.0763364
-0.0743046
-0.0720308
-0.0695216
-0.0667833
-0.0638212
-0.0606396
-0.0572408
-0.0536247
-0.0497883
-0.0457246
-0.0414223
-0.0368658
-0.0320344
-0.0269042
-0.0214497
-0.0156477
-0.00948452
-0.002965
0.00387322
0.0109411
0.0180718
0.024974
0.0311901
0.0361503
0.0393083
0.0399185
0.0372542
-0.0340931
-0.0344361
-0.0344945
-0.0342503
-0.0336963
-0.0328273
-0.0316726
-0.0302927
-0.0287687
-0.0271939
-0.0256625
-0.0242635
-0.0230751
-0.0221616
-0.0215718
-0.0213394
-0.0214841
-0.0220131
-0.0229224
-0.0241992
-0.0258229
-0.0277669
-0.0299997
-0.0324862
-0.0351885
-0.0380674
-0.0410826
-0.0441938
-0.0473615
-0.0505472
-0.0537142
-0.0568279
-0.0598561
-0.0627689
-0.0655394
-0.0681433
-0.0705588
-0.0727671
-0.0747517
-0.0764986
-0.0779961
-0.0792344
-0.0802061
-0.0809052
-0.0813276
-0.0814707
-0.0813334
-0.0809156
-0.0802188
-0.0792451
-0.0779976
-0.0764803
-0.0746973
-0.0726533
-0.0703529
-0.0678003
-0.064999
-0.0619513
-0.0586577
-0.0551164
-0.0513225
-0.0472675
-0.0429381
-0.0383163
-0.0333786
-0.0280961
-0.0224361
-0.0163643
-0.00984964
-0.00287205
0.00456606
0.012424
0.0206019
0.0289109
0.0370301
0.0444374
0.0504601
0.0544267
0.0554605
0.0526766
-0.0341908
-0.0347299
-0.0348456
-0.0345493
-0.0338661
-0.0328063
-0.0314157
-0.0297719
-0.0279711
-0.0261185
-0.024318
-0.0226662
-0.0212456
-0.0201234
-0.0193496
-0.0189582
-0.018968
-0.019385
-0.0202036
-0.0214092
-0.0229794
-0.0248859
-0.0270956
-0.0295718
-0.0322757
-0.0351666
-0.0382033
-0.0413446
-0.0445502
-0.0477808
-0.050999
-0.0541693
-0.0572586
-0.0602365
-0.0630752
-0.0657496
-0.0682372
-0.0705184
-0.072576
-0.0743952
-0.0759637
-0.0772713
-0.0783095
-0.0790722
-0.0795544
-0.0797529
-0.0796661
-0.0792932
-0.0786346
-0.0776918
-0.0764668
-0.074962
-0.0731804
-0.0711246
-0.0687972
-0.0661997
-0.0633327
-0.0601949
-0.0567828
-0.0530896
-0.0491049
-0.0448136
-0.0401952
-0.0352231
-0.0298643
-0.0240794
-0.0178241
-0.0110522
-0.00372095
0.00419998
0.0127149
0.0217837
0.0312978
0.0410476
0.0506728
0.0595964
0.0670077
0.0720612
0.0736841
0.0708298
-0.0344628
-0.0352556
-0.0354223
-0.0350317
-0.0341657
-0.0328612
-0.0311869
-0.0292408
-0.0271358
-0.0249892
-0.0229135
-0.0210103
-0.0193657
-0.0180474
-0.0171052
-0.0165719
-0.0164646
-0.0167871
-0.0175317
-0.0186817
-0.0202126
-0.0220942
-0.0242918
-0.0267675
-0.0294809
-0.0323904
-0.0354539
-0.0386295
-0.0418759
-0.0451534
-0.0484237
-0.0516508
-0.054801
-0.0578433
-0.060749
-0.0634924
-0.0660505
-0.0684029
-0.0705319
-0.0724219
-0.0740601
-0.0754355
-0.0765394
-0.0773646
-0.077906
-0.0781596
-0.0781229
-0.0777946
-0.0771743
-0.0762624
-0.0750597
-0.0735673
-0.0717866
-0.0697183
-0.0673624
-0.064718
-0.0617822
-0.0585498
-0.0550128
-0.0511589
-0.0469714
-0.0424278
-0.0374987
-0.0321477
-0.02633
-0.0199934
-0.013079
-0.00552476
0.00272843
0.0117265
0.0214869
0.0319765
0.0430837
0.0545818
0.0660744
0.0769187
0.0861701
0.0927217
0.0952058
0.0924286
-0.0350342
-0.0361496
-0.0363408
-0.0357837
-0.034655
-0.0330321
-0.0310127
-0.0287183
-0.0262783
-0.0238209
-0.0214652
-0.0193155
-0.017458
-0.0159596
-0.0148679
-0.0142127
-0.0140083
-0.0142556
-0.0149443
-0.016055
-0.0175612
-0.0194307
-0.0216272
-0.0241114
-0.0268417
-0.0297757
-0.0328704
-0.0360832
-0.0393722
-0.0426972
-0.0460194
-0.0493023
-0.0525116
-0.0556158
-0.0585857
-0.0613951
-0.0640204
-0.0664406
-0.0686373
-0.0705947
-0.0722991
-0.0737392
-0.0749056
-0.0757906
-0.0763884
-0.0766946
-0.0767059
-0.0764202
-0.0758363
-0.0749536
-0.0737716
-0.0722902
-0.0705087
-0.0684261
-0.0660399
-0.0633461
-0.0603385
-0.0570076
-0.0533402
-0.0493183
-0.044918
-0.0401085
-0.0348505
-0.029096
-0.0227867
-0.0158548
-0.00822331
0.0001897
0.00946529
0.0196723
0.0308498
0.0429824
0.0559666
0.069569
0.0833653
0.0966479
0.108361
0.117029
0.120849
0.118502
-0.0361247
-0.0376337
-0.0377795
-0.0369329
-0.0354224
-0.0333803
-0.0309374
-0.0282387
-0.0254284
-0.0226422
-0.0200023
-0.0176124
-0.015556
-0.0138959
-0.0126753
-0.0119197
-0.0116393
-0.0118313
-0.0124821
-0.0135697
-0.0150651
-0.0169344
-0.0191396
-0.02164
-0.0243932
-0.0273559
-0.0304845
-0.0337357
-0.0370674
-0.0404388
-0.0438107
-0.0471464
-0.0504111
-0.0535729
-0.0566023
-0.0594726
-0.0621596
-0.0646421
-0.0669011
-0.0689203
-0.0706855
-0.072185
-0.0734088
-0.0743488
-0.0749986
-0.075353
-0.0754084
-0.0751617
-0.0746109
-0.0737543
-0.0725904
-0.0711174
-0.069333
-0.067234
-0.0648154
-0.0620702
-0.0589884
-0.055556
-0.0517547
-0.04756
-0.0429404
-0.0378558
-0.0322563
-0.0260808
-0.0192557
-0.0116951
-0.00330079
0.00603385
0.0164181
0.0279523
0.0407091
0.0547058
0.0698661
0.0859704
0.102588
0.118977
0.133964
0.145715
0.15173
0.150557
-0.0381296
-0.0400718
-0.0400094
-0.0386638
-0.0365937
-0.0339945
-0.031027
-0.0278553
-0.0246328
-0.0214974
-0.0185688
-0.0159455
-0.0137045
-0.0119014
-0.0105728
-0.00973797
-0.00940187
-0.00955718
-0.0101867
-0.0112654
-0.0127621
-0.0146407
-0.0168619
-0.019384
-0.0221636
-0.0251568
-0.0283194
-0.031608
-0.03498
-0.0383943
-0.0418116
-0.0451949
-0.0485092
-0.0517222
-0.0548042
-0.0577282
-0.0604698
-0.0630071
-0.065321
-0.0673947
-0.0692136
-0.0707656
-0.0720403
-0.073029
-0.0737248
-0.0741222
-0.0742165
-0.0740043
-0.0734826
-0.0726486
-0.0714996
-0.0700324
-0.068243
-0.0661259
-0.0636736
-0.060876
-0.0577193
-0.054185
-0.0502492
-0.0458809
-0.0410405
-0.0356785
-0.0297333
-0.02313
-0.0157785
-0.0075724
0.00161029
0.0119055
0.0234573
0.0364074
0.0508763
0.0669347
0.0845612
0.103585
0.123612
0.14391
0.163249
0.17955
0.189296
0.190739
-0.0417809
-0.0440608
-0.043423
-0.0412198
-0.0383251
-0.0349799
-0.0313573
-0.027628
-0.0239437
-0.0204353
-0.0172125
-0.0143625
-0.0119508
-0.0100228
-0.00860559
-0.00771078
-0.00733682
-0.0074713
-0.00809304
-0.00917387
-0.0106802
-0.0125744
-0.0148158
-0.0173616
-0.0201679
-0.0231903
-0.0263844
-0.0297065
-0.0331138
-0.0365652
-0.0400213
-0.0434449
-0.046801
-0.0500571
-0.0531834
-0.0561526
-0.05894
-0.0615237
-0.0638841
-0.0660041
-0.0678689
-0.0694659
-0.0707843
-0.0718152
-0.072551
-0.0729856
-0.073114
-0.0729319
-0.0724354
-0.0716208
-0.0704843
-0.0690212
-0.0672256
-0.0650901
-0.0626047
-0.0597561
-0.0565267
-0.0528937
-0.0488275
-0.0442907
-0.0392357
-0.0336033
-0.0273205
-0.0202981
-0.0124288
-0.00358511
0.00638121
0.0176386
0.0303722
0.044775
0.0610319
0.0792925
0.0996282
0.12197
0.146023
0.171153
0.196229
0.219052
0.235107
0.241754
-0.0484854
-0.0505665
-0.0485183
-0.0448425
-0.0407332
-0.0363865
-0.0319444
-0.0275589
-0.0233608
-0.019459
-0.0159417
-0.0128768
-0.0103127
-0.0082803
-0.00679493
-0.0058589
-0.00546341
-0.00559057
-0.0062151
-0.00730585
-0.00882711
-0.0107397
-0.0130019
-0.0155704
-0.0184008
-0.0214484
-0.0246688
-0.0280183
-0.0314541
-0.0349351
-0.0384221
-0.0418778
-0.0452671
-0.0485578
-0.0517197
-0.0547254
-0.0575503
-0.0601721
-0.0625711
-0.0647299
-0.0666334
-0.0682687
-0.0696248
-0.0706921
-0.0714629
-0.0719304
-0.0720891
-0.071934
-0.0714605
-0.0706639
-0.0695392
-0.0680804
-0.06628
-0.0641282
-0.0616131
-0.0587184
-0.0554229
-0.0516995
-0.0475136
-0.0428215
-0.0375682
-0.0316855
-0.0250894
-0.0176771
-0.00932469
0.000115921
0.0108194
0.0229885
0.036853
0.052666
0.0706936
0.0911938
0.11438
0.140361
0.169046
0.200029
0.23247
0.264291
0.29043
0.306736
-0.0610917
-0.0610852
-0.0557788
-0.0496068
-0.0437147
-0.03803
-0.0325802
-0.0274501
-0.0227134
-0.0184303
-0.01465
-0.0114092
-0.00873232
-0.00663209
-0.00511032
-0.00415929
-0.00376302
-0.00389853
-0.00453702
-0.00564499
-0.00718518
-0.00911748
-0.0113997
-0.0139882
-0.0168387
-0.0199065
-0.0231473
-0.0265176
-0.0299749
-0.0334783
-0.0369887
-0.040469
-0.0438842
-0.047202
-0.0503923
-0.0534278
-0.0562835
-0.0589372
-0.0613689
-0.0635611
-0.0654984
-0.0671677
-0.0685574
-0.0696579
-0.0704608
-0.0709592
-0.0711466
-0.0710177
-0.070567
-0.0697892
-0.0686782
-0.0672268
-0.0654262
-0.0632633
-0.0607258
-0.0577944
-0.0544447
-0.050646
-0.0463592
-0.0415352
-0.0361127
-0.0300154
-0.02315
-0.0154021
-0.00663311
0.00332352
0.0146665
0.0276308
0.0424907
0.0595629
0.0792057
0.101814
0.127801
0.157562
0.191388
0.229342
0.271116
0.315182
0.356596
0.391675
-0.0861241
-0.0774133
-0.0651333
-0.0548892
-0.0464224
-0.0390433
-0.0324935
-0.0266657
-0.0214984
-0.0169605
-0.0130399
-0.00973229
-0.00703461
-0.0049411
-0.00344155
-0.00252046
-0.00215701
-0.00232529
-0.0029949
-0.00413158
-0.00569787
-0.00765378
-0.00995745
-0.0125657
-0.0154347
-0.0185202
-0.0217784
-0.0251663
-0.0286417
-0.0321641
-0.0356944
-0.0391959
-0.0426339
-0.0459758
-0.0491919
-0.0522546
-0.0551389
-0.0578225
-0.0602853
-0.0625094
-0.0644794
-0.0661817
-0.0676046
-0.0687382
-0.0695736
-0.0701035
-0.0703211
-0.0702202
-0.0697948
-0.0690387
-0.0679459
-0.0665072
-0.0647118
-0.06255
-0.0600026
-0.0570493
-0.053664
-0.0498132
-0.0454544
-0.0405344
-0.034987
-0.0287303
-0.0216638
-0.0136643
-0.00458257
0.00576205
0.0175868
0.0311524
0.0467702
0.0648131
0.0857276
0.110052
0.138438
0.171678
0.210702
0.256544
0.31012
0.371482
0.438152
0.513056
-0.142037
-0.0984241
-0.0712432
-0.055643
-0.0447353
-0.0361849
-0.0292194
-0.023372
-0.0183486
-0.0140088
-0.0102962
-0.0071866
-0.00466752
-0.00272986
-0.00136361
-0.000555264
-0.000286553
-0.000534318
-0.00127079
-0.0024641
-0.00407893
-0.00607713
-0.00841839
-0.0110609
-0.0139618
-0.0170779
-0.0203661
-0.0237839
-0.0272896
-0.0308431
-0.0344056
-0.0379404
-0.041413
-0.0447909
-0.0480442
-0.0511454
-0.0540693
-0.0567933
-0.0592973
-0.0615632
-0.0635752
-0.0653197
-0.0667845
-0.0679595
-0.0688357
-0.0694054
-0.0696615
-0.0695976
-0.0692072
-0.0684814
-0.0674166
-0.0660031
-0.0642302
-0.0620836
-0.0595457
-0.0565948
-0.0532035
-0.0493366
-0.0449501
-0.0399884
-0.0343829
-0.0280488
-0.0208819
-0.0127548
-0.00351261
0.00703245
0.0191075
0.0329873
0.0490052
0.0675689
0.0891837
0.114493
0.144342
0.179901
0.222865
0.275816
0.342595
0.42886
0.542348
0.695632
-0.275369
-0.114454
-0.0564053
-0.0400368
-0.0312908
-0.0244986
-0.0192961
-0.0151139
-0.0114755
-0.00821931
-0.00534329
-0.00288018
-0.00086152
0.000687477
0.00174984
0.00231823
0.002395
0.00199124
0.00112554
-0.000177212
-0.00188699
-0.0039697
-0.00638808
-0.0091026
-0.0120722
-0.015255
-0.0186087
-0.0220916
-0.0256625
-0.0292814
-0.0329098
-0.0365111
-0.0400505
-0.0434957
-0.0468165
-0.0499851
-0.0529764
-0.0557674
-0.0583377
-0.0606691
-0.0627458
-0.0645535
-0.0660803
-0.0673157
-0.0682505
-0.0688767
-0.0691872
-0.0691755
-0.068836
-0.0681641
-0.0671458
-0.0657751
-0.064043
-0.0619351
-0.059434
-0.0565176
-0.0531586
-0.0493217
-0.044963
-0.0400271
-0.0344458
-0.0281344
-0.0209891
-0.0128831
-0.003662
0.0068615
0.0189144
0.0327723
0.0487711
0.0673253
0.0889558
0.114338
0.144387
0.180437
0.224587
0.280645
0.356026
0.467331
0.643833
0.925489
)
;

boundaryField
{
    movingWall
    {
        type            zeroGradient;
    }
    fixedWalls
    {
        type            zeroGradient;
    }
    frontAndBack
    {
        type            empty;
    }
}


// ************************************************************************* //
