/*--------------------------------*- C++ -*----------------------------------*\
  =========                 |
  \\      /  F ield         | OpenFOAM: The Open Source CFD Toolbox
   \\    /   O peration     | Website:  https://openfoam.org
    \\  /    A nd           | Version:  7
     \\/     M anipulation  |
\*---------------------------------------------------------------------------*/
FoamFile
{
    version     2.0;
    format      ascii;
    class       volScalarField;
    location    "2.125";
    object      p;
}
// * * * * * * * * * * * * * * * * * * * * * * * * * * * * * * * * * * * * * //

dimensions      [0 2 -2 0 0 0 0];

internalField   nonuniform List<scalar> 
6400
(
-9.27788e-07
1.49688e-06
-3.09112e-05
-9.8045e-05
-0.000192465
-0.000307188
-0.000436108
-0.000574055
-0.000717034
-0.000862035
-0.00100689
-0.00115007
-0.00129047
-0.00142729
-0.00155991
-0.00168777
-0.0018103
-0.00192688
-0.00203676
-0.00213906
-0.00223278
-0.00231678
-0.00238981
-0.00245056
-0.00249764
-0.00252966
-0.00254522
-0.00254303
-0.00252187
-0.00248071
-0.0024187
-0.00233525
-0.00223007
-0.00210321
-0.0019551
-0.00178659
-0.00159896
-0.00139397
-0.00117384
-0.000941242
-0.000699305
-0.000451573
-0.000201948
4.53622e-05
0.000285923
0.000515163
0.000728478
0.000921341
0.00108942
0.00122869
0.00133557
0.001407
0.00144057
0.0014346
0.00138817
0.00130124
0.00117458
0.00100983
0.000809427
0.00057659
0.000315211
2.97711e-05
-0.000274761
-0.000593045
-0.000919497
-0.00124839
-0.00157398
-0.00189057
-0.00219261
-0.00247476
-0.00273197
-0.00295949
-0.00315298
-0.00330863
-0.00342339
-0.00349547
-0.00352523
-0.00351687
-0.00348032
-0.00343361
-5.18617e-06
-2.2562e-06
-3.1807e-05
-9.02853e-05
-0.00017125
-0.000269847
-0.000381641
-0.000502443
-0.000629002
-0.000758674
-0.00088944
-0.00101978
-0.00114854
-0.00127481
-0.00139788
-0.00151709
-0.00163181
-0.00174134
-0.00184495
-0.00194176
-0.00203084
-0.00211111
-0.00218145
-0.00224064
-0.00228743
-0.00232055
-0.00233877
-0.0023409
-0.00232586
-0.00229272
-0.0022407
-0.00216928
-0.0020782
-0.0019675
-0.00183759
-0.00168922
-0.00152359
-0.00134226
-0.00114728
-0.000941069
-0.000726474
-0.000506718
-0.000285358
-6.6223e-05
0.000146653
0.00034911
0.000536965
0.000706103
0.000852597
0.000972806
0.00106348
0.00112189
0.00114586
0.00113391
0.00108528
0.00099995
0.000878703
0.000723087
0.000535393
0.000318599
7.63055e-05
-0.00018736
-0.000467838
-0.000760245
-0.00105948
-0.00136035
-0.00165764
-0.00194623
-0.00222117
-0.00247775
-0.00271157
-0.00291861
-0.00309533
-0.00323877
-0.0033468
-0.00341842
-0.00345455
-0.0034585
-0.00343378
-0.00338698
2.6905e-05
2.64847e-05
-3.6387e-06
-5.87242e-05
-0.000132953
-0.000222436
-0.000323619
-0.000433203
-0.000548435
-0.000667078
-0.000787361
-0.000907897
-0.00102759
-0.00114558
-0.00126114
-0.0013736
-0.00148232
-0.00158663
-0.00168576
-0.00177891
-0.00186515
-0.00194349
-0.00201286
-0.00207212
-0.0021201
-0.00215561
-0.0021775
-0.00218465
-0.00217603
-0.00215076
-0.00210809
-0.0020475
-0.00196872
-0.00187176
-0.00175693
-0.00162494
-0.00147682
-0.00131403
-0.00113841
-0.000952225
-0.000758083
-0.000558993
-0.000358263
-0.000159465
3.36267e-05
0.000217117
0.000387082
0.000539661
0.000671164
0.000778173
0.000857647
0.000907014
0.000924262
0.00090801
0.000857565
0.00077296
0.000654963
0.000505075
0.000325497
0.000119076
-0.000110761
-0.000360098
-0.000624626
-0.000899749
-0.00118069
-0.00146259
-0.00174063
-0.0020101
-0.00226648
-0.00250551
-0.0027233
-0.00291632
-0.00308154
-0.0032165
-0.00331942
-0.00338943
-0.00342713
-0.00343448
-0.00340936
-0.00335014
9.56236e-05
8.49628e-05
4.95541e-05
-6.64094e-06
-7.90159e-05
-0.000164263
-0.000259421
-0.000361826
-0.000469236
-0.000579824
-0.00069212
-0.000804957
-0.000917405
-0.00102871
-0.00113821
-0.00124531
-0.00134941
-0.00144985
-0.00154593
-0.00163686
-0.00172176
-0.00179968
-0.0018696
-0.00193042
-0.00198102
-0.00202024
-0.00204698
-0.00206012
-0.00205867
-0.00204171
-0.00200851
-0.00195849
-0.00189132
-0.00180695
-0.00170561
-0.00158787
-0.00145466
-0.00130729
-0.00114746
-0.000977256
-0.000799128
-0.000615919
-0.00043076
-0.000247055
-6.84124e-05
0.000101431
0.000258696
0.000399662
0.000520764
0.000618692
0.000690497
0.000733686
0.000746312
0.000727039
0.000675205
0.000590852
0.000474742
0.000328351
0.000153836
-4.60235e-05
-0.000267892
-0.000507968
-0.000762084
-0.00102581
-0.00129458
-0.00156375
-0.00182877
-0.00208522
-0.0023289
-0.00255591
-0.00276269
-0.00294609
-0.0031034
-0.00323242
-0.00333145
-0.00339944
-0.00343645
-0.00344315
-0.00341343
-0.0033407
0.000194545
0.000167314
0.000122394
6.17424e-05
-1.19336e-05
-9.58677e-05
-0.000187639
-0.000285182
-0.000386775
-0.000491012
-0.000596766
-0.000703146
-0.000809437
-0.000915047
-0.00101945
-0.00112214
-0.00122258
-0.00132018
-0.00141429
-0.00150415
-0.00158894
-0.00166774
-0.00173956
-0.00180333
-0.00185794
-0.00190227
-0.00193519
-0.0019556
-0.00196245
-0.00195482
-0.0019319
-0.00189305
-0.00183786
-0.00176616
-0.00167807
-0.00157405
-0.00145487
-0.00132172
-0.00117613
-0.00102004
-0.000855795
-0.000686053
-0.000513824
-0.000342394
-0.000175265
-1.60754e-05
0.000131478
0.000263737
0.000377189
0.000468565
0.000534943
0.000573847
0.000583335
0.000562075
0.0005094
0.00042534
0.000310646
0.000166772
-4.15298e-06
-0.000199381
-0.000415625
-0.000649145
-0.000895854
-0.00115143
-0.00141142
-0.00167136
-0.00192688
-0.00217378
-0.00240811
-0.00262626
-0.00282494
-0.00300128
-0.00315283
-0.00327755
-0.00337377
-0.00344023
-0.00347653
-0.00348245
-0.00344945
-0.00336833
0.000317085
0.000268884
0.000211005
0.000143071
6.54311e-05
-1.96779e-05
-0.000110344
-0.000205091
-0.000302712
-0.000402238
-0.000502916
-0.000604166
-0.000705528
-0.000806611
-0.000907051
-0.00100646
-0.00110441
-0.00120039
-0.0012938
-0.00138394
-0.00147003
-0.00155117
-0.00162639
-0.00169464
-0.00175481
-0.00180575
-0.00184632
-0.00187536
-0.00189179
-0.0018946
-0.00188288
-0.00185592
-0.00181317
-0.00175433
-0.00167941
-0.00158868
-0.00148281
-0.00136281
-0.00123009
-0.00108645
-0.000934085
-0.000775564
-0.000613796
-0.000451989
-0.000293583
-0.000142178
-1.44739e-06
0.000124957
0.000233507
0.000320909
0.000384208
0.000420888
0.000428963
0.000407054
0.000354453
0.000271156
0.000157881
1.60602e-05
-0.000152196
-0.000344156
-0.000556549
-0.000785656
-0.00102742
-0.00127757
-0.00153172
-0.0017855
-0.00203466
-0.00227518
-0.00250325
-0.00271548
-0.00290883
-0.00308061
-0.00322858
-0.00335081
-0.00344565
-0.00351171
-0.00354828
-0.00355456
-0.00352093
-0.00343717
0.000457
0.000384653
0.000311241
0.000233748
0.000149943
6.15555e-05
-2.99849e-05
-0.000123774
-0.000219123
-0.000315519
-0.000412601
-0.000510121
-0.0006079
-0.000705778
-0.000803572
-0.000901046
-0.000997881
-0.00109366
-0.00118785
-0.00127982
-0.00136881
-0.00145396
-0.00153428
-0.00160872
-0.00167616
-0.00173541
-0.00178525
-0.00182448
-0.00185191
-0.00186642
-0.00186701
-0.0018528
-0.00182311
-0.0017775
-0.0017158
-0.00163814
-0.00154502
-0.0014373
-0.00131625
-0.00118353
-0.00104125
-0.000891877
-0.000738254
-0.000583546
-0.000431178
-0.000284754
-0.000147981
-2.45606e-05
8.19108e-05
0.000168056
0.000230828
0.000267612
0.000276326
0.0002555
0.000204341
0.000122776
1.14681e-05
-0.000128188
-0.000294103
-0.000483557
-0.000693275
-0.000919533
-0.00115827
-0.00140521
-0.00165598
-0.00190627
-0.00215187
-0.00238884
-0.00261352
-0.00282264
-0.0030133
-0.00318301
-0.00332964
-0.00345136
-0.00354657
-0.00361379
-0.00365214
-0.00366054
-0.00362919
-0.00354795
0.000608155
0.000509467
0.000418633
0.000329842
0.000238158
0.000144822
5.08012e-05
-4.35748e-05
-0.000138146
-0.000232857
-0.000327759
-0.000422952
-0.000518549
-0.000614636
-0.000711231
-0.000808257
-0.000905523
-0.00100271
-0.00109937
-0.00119492
-0.00128862
-0.00137962
-0.00146695
-0.00154951
-0.00162614
-0.00169559
-0.00175656
-0.00180774
-0.00184782
-0.00187556
-0.00188978
-0.00188945
-0.00187374
-0.001842
-0.00179389
-0.00172937
-0.00164876
-0.00155277
-0.00144251
-0.00131955
-0.00118586
-0.00104387
-0.000896352
-0.00074647
-0.000597662
-0.000453577
-0.000317995
-0.000194717
-8.74598e-05
2.65146e-07
6.52624e-05
0.000104766
0.00011654
9.89728e-05
5.11418e-05
-2.71368e-05
-0.000135288
-0.000271983
-0.000435173
-0.000622151
-0.000829639
-0.00105389
-0.00129081
-0.00153609
-0.00178535
-0.00203424
-0.00227857
-0.00251443
-0.00273821
-0.00294673
-0.00313718
-0.00330717
-0.00345467
-0.00357795
-0.00367543
-0.00374566
-0.00378764
-0.0038002
-0.003774
-0.0036996
0.00076468
0.000638179
0.000528575
0.000427203
0.000326353
0.000226783
0.000128998
3.27466e-05
-6.23531e-05
-0.000156717
-0.000250803
-0.000345072
-0.000439941
-0.000535748
-0.000632715
-0.000730937
-0.000830356
-0.000930758
-0.00103177
-0.00113284
-0.00123328
-0.00133223
-0.00142869
-0.00152154
-0.00160953
-0.00169133
-0.00176553
-0.00183069
-0.00188535
-0.0019281
-0.00195759
-0.0019726
-0.00197208
-0.00195519
-0.00192138
-0.00187043
-0.00180245
-0.00171798
-0.00161801
-0.00150396
-0.00137772
-0.00124162
-0.00109844
-0.000951337
-0.000803779
-0.000659497
-0.00052238
-0.000396367
-0.000285339
-0.000192996
-0.000122733
-7.75244e-05
-5.98129e-05
-7.14121e-05
-0.000113428
-0.000186206
-0.000289306
-0.000421505
-0.000580821
-0.000764585
-0.000969522
-0.00119186
-0.00142748
-0.001672
-0.00192098
-0.00217002
-0.00241489
-0.00265165
-0.00287669
-0.00308684
-0.00327935
-0.00345187
-0.00360244
-0.00372937
-0.00383117
-0.00390637
-0.00395399
-0.00397281
-0.00395437
-0.00389029
0.000920955
0.000765662
0.000636364
0.000521512
0.000410564
0.000303795
0.000201229
0.000102013
5.22447e-06
-9.00319e-05
-0.000184633
-0.000279399
-0.000375051
-0.000472182
-0.000571227
-0.000672448
-0.000775924
-0.000881542
-0.000988996
-0.00109779
-0.00120723
-0.00131646
-0.00142445
-0.00153
-0.00163179
-0.00172837
-0.0018182
-0.00189968
-0.00197117
-0.00203107
-0.0020778
-0.00210994
-0.00212619
-0.00212551
-0.0021071
-0.00207052
-0.00201568
-0.00194294
-0.00185312
-0.00174749
-0.00162786
-0.00149649
-0.00135613
-0.00120994
-0.00106146
-0.000914504
-0.000773107
-0.00064138
-0.000523411
-0.000423131
-0.000344192
-0.000289833
-0.000262768
-0.000265074
-0.000298106
-0.000362434
-0.000457813
-0.000583173
-0.000736652
-0.000915649
-0.00111692
-0.00133669
-0.00157077
-0.00181475
-0.00206408
-0.00231427
-0.00256102
-0.00280029
-0.00302843
-0.00324222
-0.00343888
-0.00361608
-0.00377186
-0.00390457
-0.00401274
-0.00409497
-0.00415026
-0.0041774
-0.004169
-0.00411801
0.00107148
0.000886782
0.000737211
0.000608302
0.000486623
0.00037194
0.000263787
0.000160689
6.11675e-05
-3.6156e-05
-0.000132579
-0.000229283
-0.000327292
-0.000427453
-0.00053041
-0.000636595
-0.000746215
-0.000859254
-0.00097547
-0.0010944
-0.00121537
-0.00133748
-0.00145966
-0.00158064
-0.00169897
-0.00181309
-0.00192128
-0.00202176
-0.00211269
-0.00219223
-0.00225858
-0.00231005
-0.0023451
-0.00236241
-0.00236093
-0.00233998
-0.00229924
-0.00223885
-0.00215944
-0.00206216
-0.00194867
-0.00182117
-0.00168236
-0.00153543
-0.00138397
-0.00123192
-0.00108346
-0.000942897
-0.000814577
-0.000702709
-0.000611251
-0.000543771
-0.000503321
-0.000492316
-0.000512434
-0.000564548
-0.000648678
-0.000763981
-0.000908769
-0.00108057
-0.0012762
-0.0014919
-0.00172347
-0.00196641
-0.00221607
-0.00246787
-0.00271733
-0.00296033
-0.00319307
-0.00341223
-0.00361497
-0.00379888
-0.00396196
-0.00410255
-0.00421919
-0.00431051
-0.00437546
-0.00441286
-0.00441654
-0.00438082
0.00121082
0.000996396
0.00082626
0.000682971
0.000550165
0.000427062
0.00031268
0.000204911
0.000101702
1.18399e-06
-9.83613e-05
-0.000198474
-0.000300481
-0.00040548
-0.000514317
-0.000627588
-0.000745624
-0.000868496
-0.00099602
-0.00112776
-0.00126303
-0.00140092
-0.00154026
-0.00167969
-0.00181765
-0.0019524
-0.00208206
-0.00220461
-0.002318
-0.00242012
-0.00250891
-0.00258238
-0.00263872
-0.0026763
-0.0026938
-0.00269024
-0.00266505
-0.00261813
-0.0025499
-0.00246133
-0.00235389
-0.00222974
-0.00209152
-0.00194241
-0.00178607
-0.00162653
-0.00146816
-0.0013155
-0.00117316
-0.00104568
-0.000937384
-0.000852231
-0.000793688
-0.000764589
-0.000767026
-0.000802263
-0.000870678
-0.000971737
-0.00110401
-0.00126521
-0.0014523
-0.00166156
-0.00188879
-0.00212943
-0.00237874
-0.00263196
-0.00288448
-0.00313197
-0.00337048
-0.0035965
-0.00380703
-0.00399955
-0.00417195
-0.0043225
-0.00444968
-0.00455211
-0.00462869
-0.00467821
-0.00469573
-0.00467707
0.00133353
0.00108935
0.000898587
0.000740804
0.000596654
0.000464786
0.000343666
0.000230529
0.000122737
1.7926e-05
-8.60487e-05
-0.000191084
-0.000298806
-0.000410554
-0.000527375
-0.000650016
-0.000778923
-0.000914251
-0.00105586
-0.00120334
-0.00135598
-0.0015128
-0.00167259
-0.00183385
-0.00199488
-0.00215376
-0.00230838
-0.00245652
-0.00259584
-0.00272396
-0.00283851
-0.00293718
-0.00301784
-0.00307854
-0.00311762
-0.00313379
-0.00312617
-0.00309439
-0.00303863
-0.00295969
-0.00285864
-0.00273772
-0.00259946
-0.00244699
-0.00228402
-0.0021147
-0.00194355
-0.00177537
-0.00161508
-0.00146757
-0.00133761
-0.00122961
-0.00114754
-0.00109474
-0.00107383
-0.00108655
-0.00113375
-0.00121532
-0.00133019
-0.00147635
-0.00165095
-0.00185041
-0.00207057
-0.00230682
-0.00255431
-0.00280814
-0.00306348
-0.00331577
-0.00356082
-0.00379488
-0.00401472
-0.00421761
-0.00440125
-0.00456377
-0.00470353
-0.00481908
-0.00490917
-0.00497262
-0.00500557
-0.00500543
0.00143418
0.00116045
0.000949204
0.000776979
0.000621422
0.000480565
0.000352293
0.000233157
0.000119924
9.72496e-06
-0.000100011
-0.000211536
-0.000326771
-0.000447292
-0.000574334
-0.000708789
-0.000851211
-0.00100183
-0.00116054
-0.00132694
-0.00150028
-0.00167954
-0.00186339
-0.00205022
-0.00223814
-0.00242504
-0.00260859
-0.00278629
-0.00295552
-0.00311358
-0.00325776
-0.00338542
-0.00349403
-0.0035813
-0.0036452
-0.00368407
-0.00369669
-0.00368235
-0.0036409
-0.00357273
-0.00347925
-0.00336199
-0.00322346
-0.00306678
-0.00289567
-0.00271438
-0.0025276
-0.00234037
-0.00215794
-0.00198564
-0.00182868
-0.00169204
-0.00158025
-0.00149728
-0.00144637
-0.00142988
-0.00144928
-0.00150497
-0.00159636
-0.00172186
-0.00187891
-0.00206413
-0.00227346
-0.00250228
-0.00274567
-0.00299853
-0.00325582
-0.00351269
-0.00376463
-0.00400758
-0.00423799
-0.00445282
-0.00464952
-0.00482595
-0.00498029
-0.00511094
-0.00521647
-0.0052954
-0.00534534
-0.00536503
0.00150733
0.00120448
0.000973079
0.000786608
0.000619699
0.000469721
0.000333946
0.000208222
8.87032e-05
-2.79908e-05
-0.000144858
-0.000264507
-0.000389142
-0.000520571
-0.000660208
-0.000809083
-0.000967851
-0.0011368
-0.00131587
-0.00150463
-0.00170231
-0.00190781
-0.00211969
-0.00233618
-0.00255523
-0.0027745
-0.0029914
-0.00320314
-0.00340679
-0.0035993
-0.00377759
-0.00393864
-0.00407951
-0.00419749
-0.00429013
-0.00435537
-0.00439159
-0.00439769
-0.00437315
-0.00431811
-0.00423346
-0.00412071
-0.00398216
-0.00382081
-0.00364036
-0.00344511
-0.00323991
-0.00303006
-0.00282115
-0.00261895
-0.0024292
-0.00225749
-0.00210905
-0.00198855
-0.0019
-0.00184653
-0.00183032
-0.0018525
-0.00191309
-0.00201103
-0.0021442
-0.00230952
-0.00250311
-0.00272042
-0.00295645
-0.00320594
-0.00346357
-0.00372418
-0.00398287
-0.00423517
-0.00447713
-0.00470528
-0.00491669
-0.00510889
-0.00527976
-0.00542745
-0.00555023
-0.00564637
-0.0057147
-0.00575543
0.00154753
0.00121624
0.000965171
0.000764775
0.000586662
0.000427501
0.000283913
0.000151027
2.43699e-05
-9.99569e-05
-0.00022538
-0.000354856
-0.000490873
-0.000635459
-0.000790203
-0.000956266
-0.00113439
-0.00132493
-0.00152784
-0.00174267
-0.00196862
-0.00220448
-0.0024487
-0.00269936
-0.00295419
-0.00321061
-0.00346577
-0.00371657
-0.00395971
-0.00419179
-0.00440931
-0.00460882
-0.00478694
-0.00494048
-0.00506655
-0.00516259
-0.00522653
-0.0052568
-0.00525247
-0.00521329
-0.00513973
-0.00503306
-0.00489531
-0.00472934
-0.00453874
-0.00432785
-0.00410164
-0.00386564
-0.00362581
-0.00338836
-0.00315963
-0.0029459
-0.00275314
-0.0025869
-0.00245206
-0.00235269
-0.00229186
-0.00227157
-0.00229266
-0.00235476
-0.00245633
-0.00259475
-0.00276641
-0.00296692
-0.00319124
-0.00343397
-0.00368952
-0.00395232
-0.00421703
-0.0044787
-0.00473281
-0.00497539
-0.00520302
-0.00541273
-0.00560201
-0.00576864
-0.0059105
-0.0060255
-0.00611366
-0.00617664
0.00154936
0.00119054
0.000920472
0.000706582
0.000517489
0.000349128
0.000197442
5.6815e-05
-7.78586e-05
-0.000211
-0.000346463
-0.00048755
-0.000637026
-0.000797135
-0.000969634
-0.00115581
-0.00135649
-0.00157207
-0.00180253
-0.0020474
-0.00230582
-0.00257649
-0.00285773
-0.00314742
-0.00344311
-0.00374194
-0.00404078
-0.00433618
-0.00462449
-0.00490186
-0.00516438
-0.00540812
-0.0056292
-0.00582393
-0.00598887
-0.00612094
-0.00621751
-0.00627652
-0.0062965
-0.00627673
-0.00621725
-0.00611892
-0.00598347
-0.00581351
-0.00561248
-0.00538469
-0.00513519
-0.00486971
-0.00459455
-0.0043164
-0.00404223
-0.00377905
-0.00353371
-0.00331271
-0.00312198
-0.00296666
-0.00285094
-0.00277788
-0.00274931
-0.00276579
-0.00282654
-0.00292956
-0.00307167
-0.00324873
-0.00345576
-0.00368723
-0.00393727
-0.00419988
-0.00446921
-0.00473968
-0.00500614
-0.00526397
-0.00550908
-0.00573791
-0.00594739
-0.00613485
-0.00629761
-0.00643313
-0.00654258
-0.00662909
0.00150751
0.00112232
0.00083406
0.000607201
0.000407418
0.000229872
6.98016e-05
-7.91632e-05
-0.000222769
-0.000365959
-0.000513014
-0.000667578
-0.000832686
-0.0010108
-0.00120383
-0.00141319
-0.00163979
-0.00188407
-0.00214601
-0.00242514
-0.00272052
-0.00303075
-0.003354
-0.00368799
-0.00403002
-0.00437699
-0.00472541
-0.00507151
-0.0054112
-0.00574022
-0.00605417
-0.0063486
-0.00661909
-0.00686137
-0.00707142
-0.00724555
-0.00738052
-0.00747365
-0.00752289
-0.00752695
-0.00748532
-0.0073984
-0.0072675
-0.00709489
-0.00688381
-0.00663842
-0.0063638
-0.00606585
-0.00575116
-0.00542693
-0.00510074
-0.00478041
-0.00447373
-0.00418829
-0.0039312
-0.00370886
-0.00352675
-0.00338923
-0.00329938
-0.00325887
-0.00326796
-0.00332546
-0.00342881
-0.00357426
-0.00375699
-0.00397142
-0.00421138
-0.00447045
-0.00474216
-0.00502022
-0.00529872
-0.00557221
-0.0058358
-0.00608519
-0.00631658
-0.00652668
-0.00671217
-0.00686991
-0.00700221
-0.00711364
0.00141678
0.00100664
0.00070116
0.000461946
0.000251809
6.51091e-05
-0.000103641
-0.00026157
-0.000415069
-0.0005696
-0.000729867
-0.000899855
-0.00108286
-0.00128156
-0.00149803
-0.00173379
-0.00198983
-0.00226664
-0.00256421
-0.00288203
-0.0032191
-0.00357393
-0.00394454
-0.00432844
-0.0047227
-0.00512393
-0.00552833
-0.0059317
-0.00632957
-0.00671718
-0.00708962
-0.00744186
-0.00776891
-0.00806586
-0.00832802
-0.00855104
-0.00873098
-0.00886446
-0.00894877
-0.00898192
-0.0089628
-0.0088912
-0.00876794
-0.00859485
-0.00837483
-0.00811185
-0.00781093
-0.00747805
-0.00712007
-0.00674464
-0.00635997
-0.00597471
-0.00559768
-0.00523763
-0.004903
-0.00460164
-0.00434053
-0.00412556
-0.0039613
-0.00385087
-0.00379576
-0.00379588
-0.00384952
-0.0039535
-0.00410334
-0.00429346
-0.00451748
-0.00476851
-0.0050394
-0.00532305
-0.00561263
-0.00590173
-0.00618449
-0.00645563
-0.0067105
-0.00694502
-0.00715507
-0.00733679
-0.0074936
-0.00763151
0.00127223
0.000838792
0.000517204
0.000266326
4.62088e-05
-0.000149606
-0.000327348
-0.000494903
-0.000659301
-0.000826525
-0.0010017
-0.00118913
-0.0013924
-0.00161437
-0.00185727
-0.00212276
-0.0024119
-0.00272523
-0.00306274
-0.0034239
-0.00380764
-0.00421237
-0.00463594
-0.00507569
-0.00552842
-0.00599045
-0.00645761
-0.00692533
-0.00738865
-0.00784232
-0.00828087
-0.00869866
-0.00909005
-0.00944945
-0.00977144
-0.0100509
-0.0102832
-0.010464
-0.01059
-0.0106584
-0.0106673
-0.0106159
-0.0105042
-0.0103337
-0.0101068
-0.00982706
-0.00949946
-0.00912993
-0.00872554
-0.00829431
-0.00784509
-0.00738734
-0.00693094
-0.0064859
-0.00606212
-0.00566904
-0.00531536
-0.00500877
-0.00475562
-0.00456071
-0.00442716
-0.00435623
-0.00434737
-0.00439821
-0.00450479
-0.00466169
-0.00486239
-0.00509953
-0.00536527
-0.00565157
-0.00595054
-0.00625463
-0.00655679
-0.00685061
-0.00713038
-0.00739102
-0.00762747
-0.00783499
-0.00801807
-0.00818426
0.00106918
0.000614332
0.000277897
1.61178e-05
-0.000213573
-0.000418464
-0.000605528
-0.000783407
-0.000959762
-0.00114108
-0.00133291
-0.00153988
-0.00176583
-0.00201383
-0.00228628
-0.00258493
-0.00291095
-0.00326491
-0.00364682
-0.00405612
-0.00449169
-0.00495182
-0.00543422
-0.005936
-0.00645373
-0.0069834
-0.00752049
-0.00805999
-0.00859646
-0.00912411
-0.00963687
-0.0101285
-0.0105925
-0.0110227
-0.0114129
-0.011757
-0.0120496
-0.0122856
-0.0124607
-0.0125712
-0.0126145
-0.0125888
-0.0124937
-0.0123298
-0.0120989
-0.0118044
-0.0114507
-0.0110437
-0.0105907
-0.0100999
-0.00958074
-0.00904349
-0.00849906
-0.00795879
-0.00743412
-0.00693623
-0.00647578
-0.00606244
-0.00570467
-0.0054093
-0.00518139
-0.00502393
-0.00493784
-0.00492192
-0.00497294
-0.00508589
-0.00525419
-0.0054701
-0.00572501
-0.00600991
-0.00631568
-0.00663344
-0.00695475
-0.00727183
-0.00757768
-0.00786606
-0.00813072
-0.00836592
-0.00857721
-0.00877371
0.000803287
0.000329179
-2.07094e-05
-0.000292563
-0.000531392
-0.000745318
-0.000942057
-0.00113099
-0.0013204
-0.00151728
-0.00172756
-0.00195622
-0.00220733
-0.00248419
-0.00278934
-0.00312466
-0.0034914
-0.00389019
-0.00432106
-0.00478343
-0.00527612
-0.00579731
-0.00634455
-0.00691476
-0.00750422
-0.00810862
-0.00872304
-0.00934204
-0.00995965
-0.0105695
-0.0111649
-0.0117389
-0.0122844
-0.0127942
-0.0132612
-0.0136787
-0.0140402
-0.0143397
-0.0145719
-0.0147321
-0.0148169
-0.0148236
-0.0147509
-0.0145985
-0.0143677
-0.0140612
-0.0136831
-0.0132392
-0.0127364
-0.0121834
-0.0115899
-0.0109671
-0.0103267
-0.00968153
-0.00904454
-0.00842881
-0.00784706
-0.00731126
-0.00683221
-0.00641916
-0.00607945
-0.00581824
-0.00563831
-0.00553998
-0.00552113
-0.00557738
-0.00570232
-0.00588791
-0.00612483
-0.00640298
-0.0067119
-0.00704118
-0.00738077
-0.00772126
-0.00805412
-0.0083717
-0.00866638
-0.00893119
-0.00917276
-0.00940186
0.00047068
-2.03298e-05
-0.000382147
-0.000663185
-0.000910691
-0.00113361
-0.00134039
-0.00154115
-0.00174474
-0.00195867
-0.00218924
-0.00244176
-0.00272056
-0.00302912
-0.00337015
-0.00374568
-0.00415703
-0.0046049
-0.00508934
-0.00560976
-0.00616492
-0.0067529
-0.00737109
-0.0080162
-0.00868425
-0.00937058
-0.0100699
-0.0107762
-0.0114831
-0.0121836
-0.0128703
-0.0135355
-0.0141713
-0.0147697
-0.0153227
-0.0158226
-0.0162618
-0.0166335
-0.0169312
-0.0171494
-0.0172835
-0.0173297
-0.0172859
-0.0171509
-0.0169253
-0.0166109
-0.0162115
-0.0157321
-0.0151799
-0.0145634
-0.0138927
-0.0131794
-0.0124365
-0.0116777
-0.0109178
-0.0101717
-0.00945441
-0.00878029
-0.00816281
-0.00761395
-0.00714378
-0.00676003
-0.00646782
-0.00626944
-0.0061643
-0.00614901
-0.0062176
-0.00636189
-0.00657192
-0.0068365
-0.00714369
-0.00748137
-0.00783762
-0.00820114
-0.0085616
-0.00890967
-0.00923611
-0.00953252
-0.00980662
-0.0100709
6.79805e-05
-0.000437355
-0.000809458
-0.00109873
-0.00135443
-0.00158629
-0.00180351
-0.00201685
-0.00223579
-0.00246827
-0.00272099
-0.00299955
-0.00330855
-0.00365166
-0.00403177
-0.00445103
-0.00491086
-0.00541204
-0.00595464
-0.00653807
-0.00716104
-0.00782152
-0.00851676
-0.00924323
-0.00999669
-0.0107721
-0.0115638
-0.0123653
-0.0131696
-0.0139691
-0.0147557
-0.0155209
-0.0162559
-0.0169519
-0.0175999
-0.0181912
-0.0187173
-0.01917
-0.019542
-0.0198266
-0.020018
-0.0201116
-0.020104
-0.0199931
-0.0197786
-0.0194616
-0.019045
-0.0185334
-0.0179336
-0.017254
-0.0165047
-0.015698
-0.0148475
-0.0139681
-0.013076
-0.0121882
-0.0113218
-0.0104939
-0.00972091
-0.00901774
-0.0083976
-0.0078713
-0.00744679
-0.00712887
-0.00691897
-0.00681513
-0.00681221
-0.00690215
-0.00707452
-0.00731702
-0.00761619
-0.00795799
-0.0083284
-0.00871396
-0.00910218
-0.00948181
-0.00984166
-0.0101717
-0.0104807
-0.010783
-0.000407606
-0.000924489
-0.00130512
-0.00160163
-0.001865
-0.00210576
-0.00233378
-0.00256051
-0.00279594
-0.00304848
-0.00332518
-0.00363196
-0.00397364
-0.00435411
-0.00477643
-0.00524288
-0.00575499
-0.00631362
-0.00691889
-0.00757019
-0.00826619
-0.00900477
-0.009783
-0.0105971
-0.0114427
-0.0123142
-0.0132056
-0.0141099
-0.0150195
-0.0159261
-0.0168209
-0.0176946
-0.0185376
-0.0193399
-0.0200918
-0.0207833
-0.021405
-0.0219475
-0.0224024
-0.0227618
-0.0230189
-0.0231679
-0.0232042
-0.0231249
-0.0229283
-0.0226149
-0.0221865
-0.0216474
-0.0210035
-0.0202629
-0.0194359
-0.0185348
-0.0175737
-0.0165687
-0.0155372
-0.0144981
-0.0134707
-0.0124748
-0.0115298
-0.010654
-0.00986419
-0.00917457
-0.00859653
-0.00813796
-0.0078029
-0.0075914
-0.00749961
-0.00752
-0.00764185
-0.00785193
-0.00813518
-0.00847552
-0.00885658
-0.0092624
-0.00967806
-0.01009
-0.0104848
-0.0108505
-0.0111969
-0.0115403
-0.000958215
-0.0014837
-0.00187101
-0.00217369
-0.00244419
-0.00269378
-0.00293298
-0.00317386
-0.00342692
-0.00370099
-0.00400347
-0.00434057
-0.00471734
-0.0051379
-0.00560546
-0.00612243
-0.0066905
-0.00731057
-0.00798282
-0.00870667
-0.0094807
-0.0103027
-0.0111696
-0.0120775
-0.0130214
-0.0139957
-0.0149938
-0.0160081
-0.0170304
-0.0180518
-0.0190627
-0.0200529
-0.0210118
-0.0219287
-0.0227927
-0.0235928
-0.0243183
-0.0249589
-0.025505
-0.0259475
-0.0262784
-0.0264908
-0.026579
-0.0265389
-0.0263678
-0.026065
-0.0256316
-0.0250708
-0.024388
-0.0235907
-0.0226889
-0.0216947
-0.0206228
-0.0194897
-0.0183142
-0.0171166
-0.0159185
-0.0147422
-0.0136103
-0.0125447
-0.0115658
-0.010692
-0.00993853
-0.00931701
-0.00883477
-0.00849456
-0.0082944
-0.00822778
-0.00828413
-0.00844943
-0.00870709
-0.0090389
-0.00942591
-0.00984936
-0.0102915
-0.0107361
-0.0111672
-0.0115705
-0.011957
-0.012345
-0.00158527
-0.00211625
-0.00250829
-0.00281605
-0.00309311
-0.00335143
-0.00360215
-0.00385791
-0.00412969
-0.0044267
-0.0047567
-0.00512612
-0.0055403
-0.00600352
-0.00651917
-0.00708985
-0.00771731
-0.00840258
-0.00914588
-0.00994663
-0.0108034
-0.0117138
-0.0126747
-0.0136818
-0.0147301
-0.0158133
-0.0169243
-0.0180552
-0.0191971
-0.0203402
-0.0214742
-0.022588
-0.0236703
-0.0247091
-0.0256925
-0.0266085
-0.0274454
-0.0281917
-0.0288365
-0.0293697
-0.0297821
-0.0300656
-0.0302135
-0.0302204
-0.0300826
-0.0297982
-0.0293673
-0.0287922
-0.0280773
-0.0272294
-0.0262579
-0.0251747
-0.0239943
-0.0227339
-0.0214127
-0.0200526
-0.018677
-0.0173107
-0.0159794
-0.0147085
-0.0135226
-0.0124444
-0.0114936
-0.0106862
-0.0100336
-0.00954199
-0.00921198
-0.00903877
-0.0090124
-0.00911845
-0.00933895
-0.00965351
-0.0100404
-0.0104778
-0.0109448
-0.011422
-0.0118905
-0.0123334
-0.0127627
-0.0131987
-0.00228943
-0.00282269
-0.00321745
-0.00352913
-0.00381213
-0.00407904
-0.00434159
-0.00461291
-0.00490442
-0.00522571
-0.00558481
-0.00598845
-0.00644216
-0.00695043
-0.00751684
-0.00814411
-0.00883414
-0.00958804
-0.0104061
-0.0112877
-0.0122314
-0.0132347
-0.0142943
-0.0154057
-0.0165635
-0.0177609
-0.0189906
-0.0202438
-0.021511
-0.0227819
-0.0240451
-0.0252887
-0.0265004
-0.0276673
-0.0287764
-0.0298147
-0.0307692
-0.0316275
-0.0323776
-0.0330082
-0.0335089
-0.0338707
-0.0340855
-0.034147
-0.0340503
-0.0337924
-0.0333723
-0.0327912
-0.0320524
-0.0311618
-0.0301281
-0.0289625
-0.0276791
-0.0262951
-0.0248302
-0.0233072
-0.0217509
-0.0201886
-0.0186485
-0.0171598
-0.0157511
-0.0144499
-0.0132808
-0.0122648
-0.0114181
-0.0107512
-0.0102682
-0.00996684
-0.00983839
-0.00986856
-0.0100383
-0.0103251
-0.0107044
-0.0111509
-0.0116402
-0.0121494
-0.0126561
-0.0131403
-0.0136151
-0.0141031
-0.00307055
-0.00360277
-0.00399817
-0.00431258
-0.00460086
-0.00487617
-0.00515078
-0.00543826
-0.00575043
-0.00609719
-0.00648686
-0.0069264
-0.00742156
-0.00797704
-0.00859656
-0.00928301
-0.0100384
-0.010864
-0.01176
-0.0127259
-0.0137602
-0.0148603
-0.0160227
-0.0172426
-0.0185142
-0.0198304
-0.0211833
-0.0225636
-0.023961
-0.0253643
-0.0267615
-0.0281397
-0.0294856
-0.0307854
-0.032025
-0.0331904
-0.0342675
-0.0352428
-0.0361033
-0.0368366
-0.0374315
-0.0378775
-0.0381658
-0.0382889
-0.0382408
-0.0380174
-0.0376167
-0.0370385
-0.0362852
-0.0353615
-0.034275
-0.0330361
-0.0316582
-0.0301578
-0.028555
-0.0268726
-0.0251368
-0.0233763
-0.0216222
-0.0199068
-0.0182629
-0.0167227
-0.0153161
-0.0140699
-0.0130057
-0.0121391
-0.0114789
-0.0110261
-0.0107742
-0.0107098
-0.010813
-0.0110597
-0.0114222
-0.0118718
-0.0123799
-0.0129198
-0.013465
-0.0139922
-0.0145153
-0.0150592
-0.00392764
-0.00445546
-0.00484938
-0.00516529
-0.00545814
-0.0057416
-0.00602842
-0.00633256
-0.00666616
-0.00703942
-0.00746092
-0.00793783
-0.00847611
-0.00908063
-0.00975528
-0.0105031
-0.0113262
-0.0122259
-0.0132026
-0.0142557
-0.0153836
-0.0165836
-0.017852
-0.0191837
-0.0205725
-0.0220111
-0.0234906
-0.0250014
-0.0265324
-0.0280717
-0.0296062
-0.0311223
-0.0326057
-0.0340415
-0.0354148
-0.0367103
-0.0379133
-0.039009
-0.0399835
-0.0408234
-0.0415166
-0.0420517
-0.0424188
-0.0426095
-0.0426168
-0.0424356
-0.0420627
-0.0414968
-0.040739
-0.0397929
-0.0386648
-0.0373639
-0.0359026
-0.0342965
-0.0325651
-0.0307312
-0.0288214
-0.0268656
-0.024897
-0.0229506
-0.0210632
-0.0192717
-0.0176116
-0.0161155
-0.0148115
-0.0137212
-0.012859
-0.0122303
-0.011832
-0.0116522
-0.0116714
-0.0118635
-0.0121984
-0.0126434
-0.0131657
-0.0137343
-0.014318
-0.0148895
-0.0154637
-0.0160676
-0.00485888
-0.00537892
-0.00576922
-0.00608535
-0.006382
-0.00667328
-0.00697235
-0.0072935
-0.00764917
-0.00804977
-0.00850412
-0.0090196
-0.00960233
-0.0102574
-0.0109887
-0.0117996
-0.0126923
-0.0136682
-0.0147275
-0.0158699
-0.0170936
-0.0183957
-0.0197724
-0.0212182
-0.0227266
-0.0242897
-0.0258982
-0.0275416
-0.0292082
-0.0308852
-0.0325589
-0.0342145
-0.0358369
-0.0374101
-0.0389184
-0.0403455
-0.0416756
-0.0428932
-0.0439834
-0.0449321
-0.0457262
-0.0463536
-0.0468035
-0.0470666
-0.0471351
-0.0470029
-0.0466657
-0.0461213
-0.0453694
-0.0444124
-0.0432551
-0.0419053
-0.0403741
-0.0386758
-0.0368288
-0.0348554
-0.0327818
-0.0306386
-0.02846
-0.0262837
-0.0241497
-0.0220992
-0.0201734
-0.0184112
-0.0168474
-0.0155107
-0.0144219
-0.0135925
-0.0130236
-0.0127061
-0.0126214
-0.0127427
-0.0130373
-0.0134687
-0.0139995
-0.0145938
-0.0152154
-0.0158322
-0.01646
-0.0171281
-0.00586161
-0.00637049
-0.00675502
-0.00707007
-0.00736969
-0.00766838
-0.00797962
-0.00831798
-0.00869612
-0.00912467
-0.00961262
-0.0101675
-0.0107957
-0.0115023
-0.0122915
-0.0131667
-0.0141302
-0.0151834
-0.0163268
-0.0175598
-0.0188805
-0.0202861
-0.0217723
-0.0233335
-0.0249625
-0.0266511
-0.0283893
-0.0301659
-0.0319686
-0.0337837
-0.0355965
-0.0373915
-0.0391525
-0.0408627
-0.0425054
-0.0440634
-0.0455202
-0.0468593
-0.0480651
-0.0491229
-0.0500186
-0.0507397
-0.0512747
-0.0516135
-0.0517477
-0.0516702
-0.0513759
-0.0508615
-0.0501257
-0.0491693
-0.0479959
-0.0466117
-0.0450259
-0.0432515
-0.0413052
-0.0392079
-0.0369853
-0.0346674
-0.032289
-0.0298894
-0.0275113
-0.0251998
-0.0230012
-0.0209608
-0.0191207
-0.0175172
-0.0161788
-0.0151239
-0.0143595
-0.0138807
-0.0136709
-0.0137033
-0.0139431
-0.0143502
-0.0148825
-0.0154986
-0.0161567
-0.0168196
-0.0175035
-0.0182398
-0.00693233
-0.00742676
-0.00780338
-0.00811601
-0.00841771
-0.00872326
-0.00904646
-0.00940205
-0.00980285
-0.0102597
-0.0107817
-0.0113765
-0.0120506
-0.0128094
-0.0136571
-0.0145972
-0.015632
-0.0167632
-0.0179911
-0.0193151
-0.0207333
-0.0222426
-0.0238385
-0.0255149
-0.0272644
-0.029078
-0.0309453
-0.0328543
-0.0347919
-0.0367437
-0.0386939
-0.0406263
-0.0425237
-0.0443686
-0.0461432
-0.0478296
-0.0494105
-0.0508688
-0.0521883
-0.0533534
-0.0543498
-0.0551643
-0.0557849
-0.0562011
-0.0564038
-0.0563854
-0.05614
-0.0556632
-0.0549528
-0.0540085
-0.0528321
-0.0514283
-0.0498045
-0.0479718
-0.0459448
-0.0437428
-0.0413897
-0.0389145
-0.0363519
-0.0337415
-0.0311278
-0.0285593
-0.0260867
-0.0237615
-0.0216331
-0.0197459
-0.0181371
-0.0168334
-0.0158489
-0.0151845
-0.014827
-0.0147507
-0.0149195
-0.0152901
-0.0158154
-0.0164484
-0.017141
-0.0178502
-0.0185923
-0.019401
-0.00806677
-0.00854354
-0.00891015
-0.009219
-0.00952181
-0.00983359
-0.0101683
-0.010541
-0.0109644
-0.0114495
-0.0120056
-0.0126405
-0.0133607
-0.0141716
-0.0150778
-0.0160827
-0.0171888
-0.0183977
-0.0197098
-0.0211243
-0.0226394
-0.0242515
-0.025956
-0.0277464
-0.0296148
-0.0315516
-0.0335459
-0.0355849
-0.0376547
-0.0397399
-0.0418242
-0.0438903
-0.0459202
-0.0478956
-0.0497977
-0.0516082
-0.053309
-0.0548823
-0.0563114
-0.0575805
-0.0586747
-0.0595805
-0.0602856
-0.0607791
-0.0610516
-0.0610951
-0.0609029
-0.0604702
-0.0597936
-0.0588716
-0.0577049
-0.0562963
-0.0546515
-0.0527792
-0.0506919
-0.0484066
-0.0459449
-0.0433341
-0.0406075
-0.0378044
-0.0349699
-0.0321547
-0.0294134
-0.0268029
-0.0243797
-0.0221967
-0.0203003
-0.0187265
-0.0174985
-0.0166242
-0.0160956
-0.0158895
-0.0159697
-0.0162898
-0.0167984
-0.0174422
-0.0181665
-0.0189216
-0.0197237
-0.0206089
-0.00925992
-0.00971596
-0.0100705
-0.0103742
-0.0106771
-0.0109943
-0.0113401
-0.0117293
-0.012175
-0.0126881
-0.0132779
-0.0139525
-0.0147184
-0.0155811
-0.0165451
-0.0176141
-0.0187906
-0.0200761
-0.0214711
-0.0229748
-0.0245849
-0.026298
-0.0281088
-0.0300107
-0.0319951
-0.034052
-0.0361696
-0.0383346
-0.0405322
-0.0427462
-0.0449596
-0.047154
-0.0493108
-0.0514107
-0.0534346
-0.0553631
-0.0571777
-0.0588602
-0.0603935
-0.0617614
-0.0629488
-0.0639421
-0.0647289
-0.0652981
-0.06564
-0.0657464
-0.0656103
-0.0652263
-0.0645904
-0.0637
-0.0625545
-0.0611552
-0.0595058
-0.0576129
-0.0554865
-0.0531407
-0.0505947
-0.0478731
-0.0450069
-0.042034
-0.0389993
-0.0359542
-0.0329562
-0.0300665
-0.0273483
-0.0248628
-0.0226662
-0.0208047
-0.0193117
-0.0182041
-0.0174809
-0.0171232
-0.0170955
-0.01735
-0.0178305
-0.018478
-0.0192302
-0.0200302
-0.0208941
-0.0218594
-0.0105061
-0.0109385
-0.0112791
-0.0115762
-0.0118781
-0.0121998
-0.0125558
-0.0129609
-0.0134282
-0.0139686
-0.0145916
-0.015305
-0.0161156
-0.0170289
-0.0180496
-0.0191812
-0.0204264
-0.0217867
-0.0232624
-0.0248527
-0.0265552
-0.0283661
-0.0302799
-0.0322894
-0.0343857
-0.036558
-0.038794
-0.0410796
-0.0433992
-0.045736
-0.0480718
-0.0503878
-0.0526643
-0.0548815
-0.0570195
-0.0590586
-0.0609796
-0.0627641
-0.0643945
-0.0658547
-0.0671294
-0.068205
-0.0690691
-0.0697107
-0.07012
-0.0702889
-0.0702101
-0.069878
-0.0692879
-0.0684366
-0.0673224
-0.0659451
-0.0643066
-0.0624112
-0.0602665
-0.0578837
-0.0552787
-0.0524731
-0.0494949
-0.0463795
-0.04317
-0.0399177
-0.0366813
-0.0335255
-0.030519
-0.0277309
-0.0252269
-0.0230645
-0.0212882
-0.0199259
-0.0189852
-0.0184533
-0.0182979
-0.01847
-0.01891
-0.0195527
-0.0203281
-0.0211716
-0.0220982
-0.0231472
-0.011799
-0.0122052
-0.0125298
-0.0128191
-0.0131187
-0.013444
-0.0138092
-0.0142293
-0.0147171
-0.0152838
-0.0159386
-0.0166896
-0.0175434
-0.0185056
-0.019581
-0.0207731
-0.0220845
-0.0235168
-0.0250702
-0.0267437
-0.0285348
-0.0304393
-0.0324515
-0.0345637
-0.0367664
-0.0390483
-0.0413964
-0.0437959
-0.0462305
-0.0486824
-0.0511329
-0.0535623
-0.0559502
-0.0582762
-0.0605198
-0.0626607
-0.0646795
-0.0665575
-0.0682771
-0.0698218
-0.0711768
-0.0723282
-0.0732641
-0.0739734
-0.0744468
-0.0746761
-0.0746543
-0.0743753
-0.0738345
-0.073028
-0.0719532
-0.0706087
-0.0689948
-0.0671139
-0.0649707
-0.0625736
-0.0599352
-0.0570733
-0.0540124
-0.0507844
-0.0474298
-0.043998
-0.0405476
-0.0371454
-0.0338641
-0.03078
-0.0279679
-0.0254967
-0.0234231
-0.0217871
-0.0206075
-0.0198797
-0.0195757
-0.0196479
-0.0200336
-0.0206619
-0.021455
-0.0223396
-0.0233296
-0.0244656
-0.0131319
-0.0135094
-0.0138164
-0.0140964
-0.0143925
-0.0147201
-0.0150934
-0.0155272
-0.0160343
-0.0166258
-0.0173108
-0.0180974
-0.0189924
-0.0200012
-0.0211287
-0.0223783
-0.0237527
-0.0252533
-0.0268804
-0.0286328
-0.0305076
-0.0325006
-0.0346054
-0.0368141
-0.0391167
-0.0415013
-0.0439541
-0.0464597
-0.049001
-0.0515595
-0.0541158
-0.0566494
-0.0591393
-0.0615646
-0.0639041
-0.0661374
-0.0682447
-0.070207
-0.0720067
-0.0736276
-0.0750548
-0.0762748
-0.0772758
-0.0780474
-0.0785803
-0.0788667
-0.0788999
-0.0786739
-0.078184
-0.077426
-0.0763967
-0.0750937
-0.0735161
-0.0716642
-0.0695405
-0.0671504
-0.064503
-0.0616123
-0.0584986
-0.0551896
-0.051722
-0.0481424
-0.0445076
-0.0408845
-0.0373489
-0.0339823
-0.0308681
-0.0280862
-0.0257062
-0.0237817
-0.022344
-0.0213991
-0.0209262
-0.02088
-0.0211966
-0.0217999
-0.0226041
-0.0235268
-0.0245803
-0.0258061
-0.0144976
-0.0148444
-0.0151321
-0.0154014
-0.0156927
-0.0160213
-0.0164013
-0.0168473
-0.017372
-0.0179863
-0.0186995
-0.0195194
-0.0204528
-0.0215053
-0.0226814
-0.0239849
-0.0254182
-0.0269828
-0.0286786
-0.0305045
-0.0324573
-0.0345325
-0.0367234
-0.0390216
-0.0414165
-0.0438957
-0.0464448
-0.0490476
-0.0516865
-0.0543422
-0.0569945
-0.0596224
-0.0622043
-0.0647187
-0.0671441
-0.0694597
-0.0716454
-0.0736824
-0.0755529
-0.077241
-0.0787319
-0.0800126
-0.0810717
-0.081899
-0.082486
-0.0828252
-0.0829102
-0.0827355
-0.0822964
-0.0815888
-0.0806089
-0.079354
-0.0778218
-0.0760111
-0.0739223
-0.0715581
-0.0689241
-0.0660305
-0.0628931
-0.0595349
-0.055988
-0.0522946
-0.0485086
-0.0446954
-0.0409317
-0.037303
-0.0338996
-0.0308117
-0.028122
-0.0258984
-0.0241868
-0.0230057
-0.0223437
-0.0221607
-0.0223926
-0.0229593
-0.023767
-0.024724
-0.0258406
-0.0271587
-0.0158887
-0.0162028
-0.0164698
-0.0167272
-0.0170124
-0.0173405
-0.0177255
-0.0181819
-0.0187222
-0.019357
-0.0200957
-0.020946
-0.0219146
-0.023007
-0.0242279
-0.0255808
-0.0270682
-0.0286914
-0.0304503
-0.0323435
-0.0343678
-0.0365181
-0.0387875
-0.0411671
-0.0436459
-0.0462108
-0.048847
-0.0515376
-0.0542641
-0.0570069
-0.059745
-0.0624567
-0.0651201
-0.0677131
-0.0702139
-0.0726014
-0.0748555
-0.0769573
-0.0788892
-0.0806353
-0.0821813
-0.0835146
-0.0846242
-0.0855005
-0.0861355
-0.0865223
-0.0866551
-0.0865288
-0.086139
-0.0854818
-0.0845534
-0.0833506
-0.0818703
-0.0801102
-0.0780689
-0.0757465
-0.0731456
-0.0702726
-0.0671386
-0.0637619
-0.0601689
-0.056397
-0.0524954
-0.0485265
-0.044566
-0.0407013
-0.0370282
-0.0336458
-0.0306493
-0.0281214
-0.0261238
-0.0246899
-0.0238202
-0.0234817
-0.0236129
-0.0241305
-0.0249334
-0.0259202
-0.0270988
-0.0285112
-0.0172975
-0.0175776
-0.0178226
-0.0180668
-0.0183444
-0.0186704
-0.0190587
-0.0195234
-0.0200767
-0.0207294
-0.0214905
-0.0223677
-0.0233676
-0.0244957
-0.0257567
-0.0271539
-0.0286897
-0.0303655
-0.0321811
-0.0341346
-0.0362228
-0.0384403
-0.0407799
-0.0432322
-0.0457858
-0.048427
-0.0511404
-0.0539086
-0.0567125
-0.0595318
-0.062345
-0.0651299
-0.0678641
-0.0705251
-0.0730909
-0.0755401
-0.0778526
-0.0800095
-0.0819933
-0.0837885
-0.0853811
-0.0867589
-0.0879114
-0.0888298
-0.0895065
-0.0899354
-0.0901111
-0.0900294
-0.0896861
-0.0890778
-0.088201
-0.0870521
-0.0856279
-0.0839249
-0.0819405
-0.0796726
-0.0771212
-0.0742889
-0.0711827
-0.0678154
-0.0642082
-0.0603924
-0.0564116
-0.0523237
-0.0482013
-0.0441318
-0.0402144
-0.0365554
-0.0332613
-0.0304296
-0.0281387
-0.0264386
-0.0253442
-0.0248326
-0.0248467
-0.0253022
-0.0260911
-0.0271024
-0.0283415
-0.0298497
-0.0187163
-0.0189613
-0.0191833
-0.019413
-0.0196817
-0.0200039
-0.0203934
-0.0208639
-0.0214276
-0.022095
-0.0228748
-0.0237749
-0.0248017
-0.0259607
-0.0272563
-0.028692
-0.0302701
-0.0319917
-0.0338566
-0.0358629
-0.0380069
-0.0402831
-0.0426839
-0.0451996
-0.0478182
-0.0505257
-0.0533061
-0.0561414
-0.0590121
-0.0618972
-0.0647747
-0.0676222
-0.0704166
-0.0731352
-0.0757557
-0.0782567
-0.0806179
-0.0828205
-0.0848474
-0.0866832
-0.0883142
-0.0897287
-0.0909169
-0.0918705
-0.0925826
-0.0930476
-0.0932612
-0.0932194
-0.092919
-0.092357
-0.0915301
-0.0904352
-0.0890686
-0.0874266
-0.0855054
-0.0833013
-0.0808119
-0.0780368
-0.0749788
-0.0716459
-0.0680535
-0.0642264
-0.0602021
-0.0560322
-0.0517851
-0.0475456
-0.0434141
-0.0395021
-0.0359258
-0.0327967
-0.0302102
-0.0282344
-0.0269009
-0.0261997
-0.0260808
-0.0264606
-0.0272257
-0.0282556
-0.0295529
-0.0311579
-0.0201375
-0.0203467
-0.0205448
-0.0207591
-0.0210174
-0.0213339
-0.0217224
-0.0221961
-0.022767
-0.0234454
-0.02424
-0.0251584
-0.026207
-0.0273913
-0.0287156
-0.0301833
-0.0317967
-0.0335569
-0.0354633
-0.037514
-0.0397051
-0.0420309
-0.0444834
-0.0470526
-0.0497262
-0.0524897
-0.0553265
-0.0582184
-0.0611451
-0.0640854
-0.0670168
-0.0699163
-0.0727606
-0.0755267
-0.0781922
-0.0807355
-0.0831364
-0.0853761
-0.0874377
-0.089306
-0.0909679
-0.0924121
-0.0936291
-0.0946113
-0.0953527
-0.0958482
-0.0960942
-0.0960876
-0.0958257
-0.0953062
-0.0945265
-0.0934837
-0.0921744
-0.0905946
-0.0887398
-0.0866054
-0.0841869
-0.0814814
-0.078488
-0.0752102
-0.0716577
-0.067849
-0.0638144
-0.0595989
-0.0552646
-0.050892
-0.0465803
-0.0424438
-0.0386063
-0.035192
-0.0323129
-0.0300562
-0.0284722
-0.0275664
-0.027299
-0.0275895
-0.0283204
-0.0293624
-0.0307151
-0.0324175
-0.0215536
-0.0217269
-0.0219005
-0.0220983
-0.0223447
-0.0226537
-0.0230387
-0.0235127
-0.0240873
-0.0247726
-0.0255774
-0.0265091
-0.027574
-0.0287774
-0.0301239
-0.0316166
-0.0332578
-0.0350484
-0.0369879
-0.0390742
-0.0413033
-0.0436691
-0.0461635
-0.0487762
-0.0514944
-0.0543034
-0.0571862
-0.0601239
-0.0630962
-0.0660812
-0.0690561
-0.0719976
-0.074882
-0.0776863
-0.0803876
-0.0829645
-0.0853967
-0.0876656
-0.0897543
-0.091648
-0.0933339
-0.0948011
-0.0960408
-0.0970458
-0.0978107
-0.0983312
-0.0986044
-0.0986279
-0.0983998
-0.0979186
-0.0971822
-0.0961884
-0.0949341
-0.0934155
-0.0916278
-0.0895657
-0.0872234
-0.0845958
-0.081679
-0.0784724
-0.0749805
-0.0712156
-0.0672008
-0.0629734
-0.0585883
-0.05412
-0.0496641
-0.0453351
-0.0412622
-0.0375801
-0.0344166
-0.0318783
-0.0300358
-0.0289128
-0.0284824
-0.02867
-0.0293561
-0.0304031
-0.0318079
-0.0336077
-0.0229576
-0.023095
-0.0232437
-0.0234242
-0.0236574
-0.0239569
-0.0243358
-0.0248069
-0.0253813
-0.0260692
-0.0268791
-0.0278184
-0.0288934
-0.0301095
-0.0314709
-0.0329809
-0.0346418
-0.0364544
-0.0384182
-0.0405309
-0.0427883
-0.0451843
-0.0477106
-0.0503564
-0.0531089
-0.0559529
-0.0588711
-0.0618444
-0.064852
-0.0678716
-0.0708802
-0.0738541
-0.0767696
-0.0796032
-0.082332
-0.0849346
-0.0873906
-0.0896815
-0.0917907
-0.0937035
-0.0954075
-0.0968921
-0.098149
-0.0991715
-0.0999548
-0.100495
-0.100791
-0.100839
-0.10064
-0.100193
-0.099495
-0.0985461
-0.0973432
-0.0958829
-0.0941606
-0.0921706
-0.0899063
-0.087361
-0.0845284
-0.0814045
-0.0779891
-0.0742885
-0.0703189
-0.0661098
-0.0617078
-0.05718
-0.0526163
-0.0481292
-0.0438502
-0.0399224
-0.0364877
-0.0336716
-0.0315662
-0.0302157
-0.0296091
-0.0296807
-0.030311
-0.0313554
-0.0328086
-0.0347053
-0.0243427
-0.0244447
-0.0245686
-0.024731
-0.0249497
-0.0252376
-0.0256077
-0.0260723
-0.0266425
-0.0273281
-0.0281376
-0.0290785
-0.0301569
-0.0313783
-0.032747
-0.0342662
-0.0359382
-0.0377639
-0.0397427
-0.0418721
-0.0441481
-0.0465642
-0.0491121
-0.0517808
-0.0545572
-0.0574259
-0.0603694
-0.0633683
-0.0664013
-0.069446
-0.0724791
-0.0754766
-0.0784147
-0.0812696
-0.0840185
-0.0866397
-0.089113
-0.0914198
-0.0935437
-0.0954703
-0.0971872
-0.0986844
-0.0999539
-0.100989
-0.101787
-0.102343
-0.102656
-0.102725
-0.10255
-0.102131
-0.101467
-0.100558
-0.0994022
-0.0979959
-0.0963354
-0.0944148
-0.0922274
-0.0897653
-0.0870205
-0.083986
-0.0806579
-0.077037
-0.0731331
-0.0689676
-0.0645787
-0.060025
-0.055389
-0.0507786
-0.0463252
-0.0421771
-0.0384886
-0.0354029
-0.0330341
-0.0314485
-0.0306541
-0.0305971
-0.0311605
-0.0321945
-0.0336918
-0.0356847
-0.0257026
-0.0257703
-0.0258695
-0.0260133
-0.0262161
-0.0264904
-0.0268488
-0.0273033
-0.0278648
-0.0285428
-0.029346
-0.0302818
-0.0313565
-0.0325755
-0.0339432
-0.035463
-0.0371372
-0.0389666
-0.0409507
-0.0430871
-0.0453716
-0.0477978
-0.050357
-0.0530384
-0.0558287
-0.0587121
-0.0616711
-0.0646858
-0.067735
-0.0707959
-0.0738449
-0.076858
-0.0798111
-0.0826802
-0.0854426
-0.0880763
-0.0905612
-0.0928789
-0.0950128
-0.0969487
-0.0986745
-0.10018
-0.101459
-0.102503
-0.103311
-0.103878
-0.104205
-0.104291
-0.104136
-0.103741
-0.103106
-0.102232
-0.101117
-0.0997589
-0.0981549
-0.0962991
-0.0941848
-0.0918036
-0.0891462
-0.0862037
-0.0829688
-0.0794378
-0.0756143
-0.0715126
-0.067162
-0.062612
-0.0579366
-0.0532368
-0.0486413
-0.0443009
-0.0403793
-0.0370361
-0.0344067
-0.0325813
-0.0315892
-0.0313918
-0.0318774
-0.0328929
-0.0344296
-0.0365176
-0.0270316
-0.0270665
-0.0271416
-0.0272664
-0.0274521
-0.0277107
-0.0280545
-0.0284949
-0.0290428
-0.0297077
-0.0304982
-0.0314218
-0.032485
-0.0336934
-0.0350515
-0.0365628
-0.0382297
-0.0400532
-0.0420328
-0.0441662
-0.0464491
-0.0488753
-0.0514359
-0.05412
-0.0569143
-0.0598028
-0.0627679
-0.0657895
-0.0688461
-0.071915
-0.0749723
-0.0779937
-0.080955
-0.0838323
-0.0866024
-0.0892436
-0.0917355
-0.0940597
-0.0961998
-0.0981416
-0.0998731
-0.101385
-0.102669
-0.10372
-0.104534
-0.105111
-0.105448
-0.105546
-0.105406
-0.105031
-0.10442
-0.103575
-0.102495
-0.10118
-0.0996261
-0.097829
-0.0957819
-0.0934766
-0.0909031
-0.0880511
-0.0849105
-0.0814743
-0.0777406
-0.0737169
-0.0694242
-0.0649027
-0.0602167
-0.0554591
-0.0507531
-0.0462493
-0.0421177
-0.0385321
-0.0356483
-0.033581
-0.0323832
-0.0320344
-0.0324316
-0.0334201
-0.0349915
-0.0371731
-0.0283248
-0.0283289
-0.0283806
-0.0284861
-0.0286537
-0.0288946
-0.0292205
-0.0296428
-0.030172
-0.0308177
-0.0315887
-0.0324925
-0.0335361
-0.0347252
-0.0360645
-0.0375579
-0.0392078
-0.0410155
-0.0429806
-0.0451009
-0.0473722
-0.0497883
-0.0523405
-0.0550177
-0.0578065
-0.0606911
-0.0636534
-0.0666735
-0.0697298
-0.0727992
-0.0758578
-0.0788812
-0.0818449
-0.084725
-0.0874982
-0.0901426
-0.0926378
-0.0949653
-0.0971087
-0.0990538
-0.100789
-0.102304
-0.103592
-0.104647
-0.105467
-0.106049
-0.106393
-0.106501
-0.106374
-0.106013
-0.105421
-0.1046
-0.10355
-0.102271
-0.10076
-0.0990137
-0.0970265
-0.0947899
-0.0922939
-0.0895272
-0.0864781
-0.0831367
-0.0794965
-0.0755592
-0.071338
-0.0668639
-0.0621914
-0.0574037
-0.0526165
-0.0479776
-0.0436603
-0.0398495
-0.0367203
-0.0344115
-0.0330017
-0.0324916
-0.0327898
-0.0337428
-0.0353438
-0.0376174
-0.0295778
-0.0295534
-0.0295829
-0.0296694
-0.0298178
-0.0300389
-0.0303438
-0.0307436
-0.0312487
-0.0318688
-0.0326129
-0.033489
-0.0345042
-0.0356647
-0.0369758
-0.0384413
-0.0400643
-0.0418461
-0.0437866
-0.0458837
-0.0481336
-0.0505299
-0.0530641
-0.0557251
-0.0584996
-0.0613716
-0.0643232
-0.0673342
-0.0703829
-0.0734462
-0.0765001
-0.0795199
-0.0824812
-0.0853597
-0.0881322
-0.0907765
-0.0932722
-0.0956007
-0.0977455
-0.0996922
-0.101429
-0.102946
-0.104237
-0.105295
-0.106118
-0.106705
-0.107054
-0.107169
-0.107051
-0.106701
-0.106124
-0.105322
-0.104295
-0.103044
-0.101569
-0.0998659
-0.0979297
-0.0957528
-0.0933256
-0.0906362
-0.0876721
-0.0844208
-0.0808729
-0.0770245
-0.0728821
-0.0684683
-0.0638273
-0.0590322
-0.0541898
-0.0494421
-0.0449629
-0.0409455
-0.0375815
-0.0350337
-0.0334072
-0.0327268
-0.0329158
-0.0338249
-0.03545
-0.0378141
-0.0307871
-0.0307371
-0.030746
-0.0308136
-0.0309421
-0.0311412
-0.0314219
-0.0317946
-0.0322698
-0.0328575
-0.033567
-0.0344068
-0.0353845
-0.0365069
-0.0377796
-0.0392072
-0.040793
-0.0425386
-0.0444444
-0.0465085
-0.0487271
-0.0510942
-0.0536013
-0.0562374
-0.0589892
-0.0618409
-0.0647743
-0.0677694
-0.0708042
-0.0738557
-0.0768996
-0.0799113
-0.0828661
-0.0857396
-0.0885084
-0.0911503
-0.0936446
-0.0959725
-0.0981174
-0.100065
-0.101803
-0.103322
-0.104614
-0.105675
-0.1065
-0.10709
-0.107444
-0.107563
-0.107451
-0.10711
-0.106544
-0.105755
-0.104745
-0.103517
-0.102069
-0.1004
-0.0985054
-0.0963781
-0.094009
-0.0913864
-0.0884973
-0.0853278
-0.0818658
-0.0781034
-0.0740412
-0.0696937
-0.065096
-0.0603104
-0.0554336
-0.0506003
-0.0459815
-0.0417757
-0.0381888
-0.0354059
-0.0335595
-0.0327004
-0.0327703
-0.0336266
-0.0352706
-0.0377234
-0.0319501
-0.0318779
-0.0318679
-0.0319172
-0.032025
-0.0322003
-0.0324532
-0.0327941
-0.0332334
-0.0337814
-0.0344481
-0.0352425
-0.036173
-0.0372472
-0.0384713
-0.0398505
-0.0413886
-0.0430878
-0.0449488
-0.04697
-0.0491479
-0.0514767
-0.0539481
-0.0565513
-0.0592728
-0.062097
-0.0650056
-0.0679787
-0.0709942
-0.074029
-0.0770587
-0.0800585
-0.0830037
-0.0858696
-0.0886327
-0.0912705
-0.0937622
-0.0960888
-0.0982333
-0.100181
-0.101921
-0.103441
-0.104735
-0.105798
-0.106626
-0.107219
-0.107576
-0.107699
-0.107591
-0.107255
-0.106696
-0.105916
-0.104918
-0.103705
-0.102277
-0.100633
-0.0987697
-0.0966807
-0.0943576
-0.0917893
-0.0889625
-0.0858629
-0.0824763
-0.0787917
-0.0748049
-0.0705236
-0.0659739
-0.0612081
-0.0563122
-0.0514116
-0.0466725
-0.0422954
-0.0384973
-0.035484
-0.0334152
-0.0323697
-0.0323105
-0.0331052
-0.0347623
-0.0373024
-0.0330649
-0.0329743
-0.0329478
-0.0329796
-0.0330662
-0.0332155
-0.0334371
-0.0337411
-0.0341381
-0.0346387
-0.0352538
-0.0359933
-0.0368666
-0.037882
-0.0390468
-0.0403668
-0.0418467
-0.0434892
-0.0452954
-0.0472642
-0.0493924
-0.0516744
-0.054102
-0.0566647
-0.0593491
-0.0621394
-0.0650176
-0.0679635
-0.0709552
-0.0739692
-0.0769813
-0.0799664
-0.0828996
-0.0857562
-0.0885123
-0.0911452
-0.0936339
-0.095959
-0.0981036
-0.100053
-0.101794
-0.103316
-0.104614
-0.105679
-0.10651
-0.107106
-0.107465
-0.107591
-0.107486
-0.107153
-0.106597
-0.105822
-0.104831
-0.103627
-0.102211
-0.100583
-0.09874
-0.0966773
-0.0943871
-0.0918588
-0.0890796
-0.0860347
-0.0827091
-0.0790895
-0.0751677
-0.0709459
-0.0664423
-0.0616996
-0.056793
-0.0518378
-0.0469934
-0.0424592
-0.0384605
-0.0352213
-0.0329278
-0.0316884
-0.0314902
-0.0322141
-0.0338787
-0.0365048
-0.0341306
-0.034026
-0.0339856
-0.0340009
-0.0340659
-0.0341873
-0.034374
-0.0346357
-0.0349834
-0.0354285
-0.0359827
-0.0366572
-0.0374626
-0.0384083
-0.0395027
-0.0407527
-0.0421637
-0.0437392
-0.0454808
-0.047388
-0.0494578
-0.051685
-0.0540616
-0.0565771
-0.0592182
-0.0619692
-0.0648121
-0.0677266
-0.0706907
-0.073681
-0.0766729
-0.0796414
-0.0825612
-0.0854074
-0.0881559
-0.0907839
-0.0932698
-0.0955942
-0.0977395
-0.0996907
-0.101435
-0.102961
-0.104262
-0.105332
-0.106167
-0.106765
-0.107128
-0.107256
-0.107152
-0.106821
-0.106266
-0.105492
-0.104503
-0.103301
-0.101889
-0.100268
-0.0984349
-0.0963861
-0.0941146
-0.0916109
-0.0888625
-0.0858548
-0.0825724
-0.0790005
-0.0751282
-0.070953
-0.0664865
-0.0617628
-0.0568467
-0.051843
-0.0469026
-0.0422217
-0.0380306
-0.0345689
-0.0320481
-0.0306069
-0.0302593
-0.0309029
-0.032569
-0.0352801
-0.0351471
-0.0350336
-0.0349824
-0.0349826
-0.0350257
-0.0351171
-0.0352649
-0.0354786
-0.0357697
-0.0361505
-0.0366339
-0.0372327
-0.0379589
-0.0388235
-0.0398362
-0.0410051
-0.0423366
-0.043835
-0.0455026
-0.0473393
-0.0493428
-0.0515079
-0.0538268
-0.0562891
-0.0588817
-0.0615889
-0.0643926
-0.0672724
-0.0702063
-0.0731706
-0.0761408
-0.0790914
-0.0819971
-0.0848328
-0.087574
-0.0901975
-0.0926816
-0.0950063
-0.0971539
-0.0991087
-0.100857
-0.102389
-0.103696
-0.104771
-0.105611
-0.106214
-0.10658
-0.106711
-0.106608
-0.106277
-0.105721
-0.104944
-0.103952
-0.102747
-0.101332
-0.099708
-0.0978738
-0.095826
-0.0935586
-0.0910627
-0.0883267
-0.0853366
-0.0820766
-0.0785313
-0.0746881
-0.0705407
-0.0660957
-0.0613793
-0.0564472
-0.0513936
-0.0463601
-0.0415375
-0.0371585
-0.0334754
-0.0307234
-0.0290718
-0.0285637
-0.0291166
-0.0307782
-0.0335735
-0.0361153
-0.0359986
-0.0359403
-0.035927
-0.0359481
-0.0360073
-0.0361119
-0.0362714
-0.0364978
-0.0368049
-0.037207
-0.0377188
-0.0383541
-0.0391258
-0.0400452
-0.0411218
-0.0423632
-0.0437746
-0.0453591
-0.0471172
-0.0490468
-0.0511432
-0.0533986
-0.0558029
-0.0583427
-0.0610025
-0.063764
-0.0666068
-0.0695087
-0.0724458
-0.0753934
-0.0783259
-0.0812177
-0.0840432
-0.0867779
-0.0893982
-0.0918819
-0.0942088
-0.0963604
-0.0983209
-0.100077
-0.101616
-0.10293
-0.104013
-0.10486
-0.105469
-0.105839
-0.105973
-0.105871
-0.105539
-0.10498
-0.104198
-0.103198
-0.101984
-0.100559
-0.0989229
-0.0970765
-0.0950167
-0.0927381
-0.0902325
-0.0874893
-0.0844947
-0.0812338
-0.0776906
-0.0738514
-0.0697077
-0.0652618
-0.0605338
-0.055571
-0.0504581
-0.0453266
-0.040361
-0.0357937
-0.031887
-0.0288977
-0.0270254
-0.0263445
-0.0267957
-0.0284459
-0.0313254
-0.0370371
-0.0369238
-0.0368625
-0.0368376
-0.0368366
-0.0368612
-0.0369179
-0.0370164
-0.0371695
-0.0373925
-0.037702
-0.0381148
-0.038647
-0.0393137
-0.0401279
-0.041101
-0.0422418
-0.0435567
-0.0450495
-0.0467213
-0.0485705
-0.0505924
-0.0527796
-0.0551217
-0.0576056
-0.0602154
-0.0629328
-0.0657373
-0.0686063
-0.0715159
-0.074441
-0.0773558
-0.0802345
-0.0830512
-0.0857809
-0.0883996
-0.0908849
-0.093216
-0.0953742
-0.0973428
-0.0991078
-0.100657
-0.101982
-0.103074
-0.10393
-0.104547
-0.104923
-0.10506
-0.10496
-0.104626
-0.104062
-0.103272
-0.102261
-0.101033
-0.0995894
-0.097933
-0.0960634
-0.0939781
-0.0916724
-0.0891389
-0.0863674
-0.0833451
-0.0800573
-0.0764884
-0.0726242
-0.0684547
-0.0639793
-0.0592133
-0.0541971
-0.0490065
-0.043764
-0.0386464
-0.0338842
-0.0297471
-0.0265111
-0.0244056
-0.0235377
-0.0238745
-0.0255064
-0.0284703
-0.0379152
-0.0378129
-0.0377535
-0.0377193
-0.037696
-0.0376833
-0.0376869
-0.0377166
-0.0377867
-0.0379146
-0.0381193
-0.0384203
-0.0388366
-0.0393856
-0.0400828
-0.0409412
-0.0419713
-0.0431805
-0.0445737
-0.0461524
-0.0479153
-0.049858
-0.0519732
-0.0542502
-0.056676
-0.0592344
-0.0619068
-0.0646726
-0.0675089
-0.0703915
-0.0732951
-0.0761936
-0.0790606
-0.0818703
-0.084597
-0.0872166
-0.0897059
-0.0920439
-0.0942112
-0.0961908
-0.097968
-0.0995303
-0.100868
-0.101973
-0.10284
-0.103467
-0.10385
-0.103992
-0.103893
-0.103557
-0.102987
-0.102187
-0.101161
-0.0999127
-0.0984447
-0.0967587
-0.0948546
-0.0927303
-0.0903814
-0.0878008
-0.084979
-0.0819038
-0.0785611
-0.0749357
-0.0710135
-0.0667838
-0.0622441
-0.0574064
-0.0523057
-0.0470103
-0.0416344
-0.0363472
-0.0313759
-0.0269955
-0.0234991
-0.0211447
-0.0200731
-0.0202812
-0.0218867
-0.0249359
-0.0387535
-0.0386711
-0.0386193
-0.0385783
-0.0385324
-0.0384792
-0.0384234
-0.0383757
-0.038352
-0.0383725
-0.0384592
-0.038635
-0.0389219
-0.0393404
-0.0399085
-0.0406413
-0.0415509
-0.0426461
-0.0439324
-0.0454121
-0.047084
-0.0489439
-0.0509843
-0.0531945
-0.0555611
-0.0580677
-0.0606954
-0.0634231
-0.0662278
-0.069085
-0.0719688
-0.0748529
-0.0777107
-0.0805157
-0.0832421
-0.0858652
-0.0883615
-0.0907093
-0.0928888
-0.0948825
-0.096675
-0.0982532
-0.0996067
-0.100727
-0.101608
-0.102247
-0.10264
-0.102788
-0.102691
-0.102353
-0.101776
-0.100963
-0.0999182
-0.0986448
-0.0971451
-0.0954204
-0.0934706
-0.0912934
-0.0888845
-0.086237
-0.0833418
-0.0801871
-0.0767593
-0.0730438
-0.0690268
-0.0646977
-0.0600531
-0.0551029
-0.049878
-0.0444414
-0.0388999
-0.0334157
-0.0282124
-0.0235685
-0.0197922
-0.0171687
-0.0158736
-0.0159363
-0.0175064
-0.0206422
-0.0395574
-0.0395053
-0.0394675
-0.0394226
-0.0393534
-0.0392556
-0.0391331
-0.0389978
-0.0388682
-0.0387677
-0.0387221
-0.0387582
-0.0389019
-0.0391768
-0.0396039
-0.0402005
-0.0409805
-0.041954
-0.0431273
-0.044503
-0.0460804
-0.047855
-0.0498192
-0.051962
-0.0542696
-0.0567251
-0.0593094
-0.0620009
-0.0647761
-0.06761
-0.0704766
-0.0733491
-0.0762005
-0.0790038
-0.081733
-0.0843628
-0.0868693
-0.0892302
-0.0914253
-0.0934363
-0.0952474
-0.0968448
-0.0982173
-0.0993559
-0.100254
-0.100906
-0.101311
-0.101466
-0.101373
-0.101033
-0.100447
-0.0996195
-0.0985527
-0.0972491
-0.0957108
-0.0939384
-0.0919313
-0.089687
-0.0872009
-0.084466
-0.0814732
-0.0782108
-0.0746657
-0.0708239
-0.0666719
-0.0621996
-0.0574037
-0.0522928
-0.0468958
-0.0412717
-0.0355218
-0.0298025
-0.0243341
-0.0193976
-0.0153145
-0.0123964
-0.0108536
-0.010751
-0.0122752
-0.0154997
-0.0403333
-0.040324
-0.040308
-0.040262
-0.0401684
-0.0400207
-0.0398227
-0.0395879
-0.0393384
-0.0391016
-0.0389082
-0.0387893
-0.0387753
-0.0388934
-0.0391678
-0.0396182
-0.0402603
-0.0411054
-0.0421606
-0.0434289
-0.0449094
-0.0465977
-0.0484855
-0.0505617
-0.0528116
-0.0552181
-0.0577614
-0.0604193
-0.0631679
-0.0659819
-0.0688346
-0.0716989
-0.0745473
-0.0773525
-0.080088
-0.082728
-0.0852481
-0.0876257
-0.0898399
-0.0918717
-0.0937048
-0.0953247
-0.0967194
-0.0978792
-0.0987965
-0.0994659
-0.0998838
-0.100048
-0.0999589
-0.0996162
-0.0990216
-0.098177
-0.0970844
-0.0957456
-0.0941616
-0.0923322
-0.0902562
-0.0879303
-0.0853493
-0.0825057
-0.0793899
-0.0759904
-0.0722939
-0.0682867
-0.0639561
-0.0592924
-0.0542928
-0.0489662
-0.0433406
-0.0374727
-0.0314604
-0.0254562
-0.0196776
-0.0144087
-0.00998316
-0.0067376
-0.00491746
-0.00462582
-0.00609166
-0.00940793
-0.0410893
-0.0411389
-0.0411534
-0.0411091
-0.040989
-0.0407843
-0.0404995
-0.0401512
-0.0397655
-0.0393755
-0.0390172
-0.0387272
-0.0385405
-0.0384888
-0.0385992
-0.0388941
-0.0393911
-0.0401024
-0.0410358
-0.0421945
-0.0435774
-0.0451796
-0.0469925
-0.049004
-0.0511991
-0.0535597
-0.0560654
-0.0586935
-0.0614195
-0.0642174
-0.0670603
-0.0699203
-0.0727697
-0.0755808
-0.0783264
-0.0809804
-0.083518
-0.0859159
-0.0881526
-0.0902089
-0.0920673
-0.093713
-0.095133
-0.096317
-0.0972564
-0.097945
-0.0983782
-0.0985531
-0.0984683
-0.0981233
-0.0975185
-0.0966547
-0.0955328
-0.0941535
-0.0925165
-0.0906209
-0.088464
-0.0860416
-0.0833474
-0.080373
-0.0771081
-0.0735405
-0.0696566
-0.0654427
-0.0608864
-0.0559787
-0.0507176
-0.0451131
-0.0391934
-0.033015
-0.0266745
-0.0203223
-0.0141755
-0.0085215
-0.00370661
-9.18036e-05
0.0020423
0.00255197
0.00115936
-0.00225251
-0.041837
-0.0419641
-0.0420195
-0.0419796
-0.0418291
-0.0415581
-0.0411725
-0.0406934
-0.0401528
-0.0395902
-0.0390484
-0.0385701
-0.0381957
-0.0379611
-0.0378971
-0.0380284
-0.0383743
-0.038948
-0.0397576
-0.0408062
-0.0420923
-0.0436104
-0.0453511
-0.0473014
-0.0494456
-0.0517646
-0.0542373
-0.0568403
-0.0595484
-0.062335
-0.0651725
-0.0680328
-0.0708876
-0.0737087
-0.0764685
-0.0791405
-0.0816994
-0.0841213
-0.0863843
-0.0884684
-0.0903555
-0.0920301
-0.0934785
-0.0946894
-0.0956534
-0.0963632
-0.0968134
-0.0969999
-0.0969202
-0.0965726
-0.0959564
-0.095071
-0.093916
-0.0924907
-0.0907936
-0.0888221
-0.0865721
-0.0840379
-0.0812118
-0.0780841
-0.0746429
-0.070875
-0.0667659
-0.0623015
-0.0574693
-0.0522607
-0.0466749
-0.0407232
-0.0344352
-0.0278689
-0.0211215
-0.014344
-0.0077553
-0.00164849
0.00361658
0.00765405
0.0101478
0.0109112
0.00961003
0.00609734
-0.0425906
-0.042819
-0.0429275
-0.0428936
-0.0427065
-0.0423562
-0.0418518
-0.0412208
-0.0405031
-0.0397462
-0.0390006
-0.0383161
-0.0377386
-0.0373089
-0.0370609
-0.0370219
-0.0372124
-0.0376464
-0.038332
-0.0392718
-0.0404638
-0.0419013
-0.0435741
-0.0454682
-0.0475666
-0.0498495
-0.0522948
-0.0548781
-0.0575737
-0.0603542
-0.0631916
-0.0660571
-0.0689219
-0.0717574
-0.0745357
-0.0772298
-0.0798137
-0.0822633
-0.0845559
-0.086671
-0.08859
-0.0902963
-0.0917757
-0.0930159
-0.0940066
-0.0947395
-0.095208
-0.095407
-0.0953325
-0.0949818
-0.0943526
-0.0934429
-0.0922508
-0.0907739
-0.089009
-0.0869518
-0.0845963
-0.0819349
-0.0789579
-0.0756535
-0.0720082
-0.0680068
-0.0636334
-0.0588726
-0.0537113
-0.0481412
-0.042162
-0.0357868
-0.0290476
-0.0220044
-0.0147579
-0.00746205
-0.000340211
0.00630556
0.0120991
0.0166278
0.019539
0.0206005
0.0194135
0.015793
-0.0433696
-0.0437294
-0.043905
-0.0438771
-0.0436433
-0.0431956
-0.0425492
-0.0417405
-0.0408196
-0.0398437
-0.0388722
-0.0379626
-0.0371671
-0.0365306
-0.0360907
-0.0358764
-0.0359093
-0.0362035
-0.0367669
-0.0376013
-0.0387035
-0.0400659
-0.0416767
-0.0435207
-0.0455798
-0.047833
-0.0502572
-0.0528271
-0.0555161
-0.0582963
-0.0611389
-0.0640146
-0.0668943
-0.0697488
-0.0725498
-0.0752697
-0.0778823
-0.0803629
-0.0826883
-0.0848373
-0.0867907
-0.0885313
-0.0900438
-0.0913152
-0.0923342
-0.0930914
-0.093579
-0.0937907
-0.0937213
-0.0933664
-0.0927222
-0.0917852
-0.0905517
-0.0890174
-0.087177
-0.0850241
-0.0825506
-0.0797463
-0.0765991
-0.0730948
-0.069217
-0.0649483
-0.0602703
-0.0551657
-0.0496199
-0.0436239
-0.037178
-0.0302963
-0.0230136
-0.0153938
-0.0075411
0.000384005
0.00815046
0.0154435
0.0218661
0.0269747
0.0303774
0.0317937
0.0307497
0.0270119
-0.0442013
-0.0447311
-0.0449894
-0.0449641
-0.0446676
-0.0440976
-0.0432789
-0.0422606
-0.0411054
-0.0398824
-0.0386613
-0.0375074
-0.036479
-0.0356257
-0.0349876
-0.0345951
-0.0344704
-0.0346272
-0.0350725
-0.0358068
-0.0368257
-0.0381198
-0.0396759
-0.0414774
-0.0435046
-0.0457355
-0.0481456
-0.0507088
-0.0533977
-0.0561834
-0.0590368
-0.061928
-0.0648272
-0.0677049
-0.0705325
-0.0732818
-0.0759264
-0.0784408
-0.0808016
-0.0829868
-0.0849767
-0.0867533
-0.0883005
-0.0896043
-0.0906525
-0.0914345
-0.0919415
-0.0921656
-0.0921003
-0.0917396
-0.0910782
-0.0901105
-0.0888309
-0.087233
-0.0853093
-0.0830508
-0.0804466
-0.0774839
-0.0741475
-0.0704199
-0.0662815
-0.0617115
-0.0566882
-0.0511915
-0.0452042
-0.0387156
-0.0317253
-0.0242483
-0.0163215
-0.00801275
0.000567851
0.00925276
0.017799
0.0258747
0.0330557
0.03886
0.0428509
0.044696
0.043833
0.0399648
-0.0451248
-0.0458738
-0.0462315
-0.0461999
-0.0458158
-0.0450887
-0.0440582
-0.0427905
-0.0413645
-0.0398628
-0.0383662
-0.0369483
-0.0356735
-0.0345949
-0.0337545
-0.0331836
-0.0329038
-0.032928
-0.0332615
-0.0339033
-0.034847
-0.0360814
-0.0375914
-0.0393589
-0.0413626
-0.043579
-0.0459825
-0.0485461
-0.0512413
-0.0540386
-0.0569081
-0.0598196
-0.0627428
-0.0656477
-0.0685052
-0.071287
-0.0739661
-0.0765166
-0.0789146
-0.0811377
-0.0831653
-0.0849788
-0.0865613
-0.0878979
-0.0889754
-0.0897821
-0.0903077
-0.0905432
-0.0904805
-0.0901119
-0.0894303
-0.0884281
-0.0870976
-0.0854299
-0.083415
-0.081041
-0.0782941
-0.0751579
-0.0716138
-0.0676402
-0.0632138
-0.0583091
-0.0529006
-0.0469636
-0.0404773
-0.033428
-0.025813
-0.0176468
-0.00896759
0.000153469
0.00960035
0.0191964
0.0286852
0.0377121
0.0458179
0.0524714
0.0571804
0.0595534
0.058923
0.0549067
-0.0461978
-0.0472293
-0.0477025
-0.0476454
-0.0471355
-0.0462027
-0.0449087
-0.0433423
-0.041602
-0.0397859
-0.0379863
-0.036285
-0.0347513
-0.033441
-0.0323969
-0.03165
-0.0312205
-0.0311193
-0.0313498
-0.0319086
-0.0327869
-0.0339715
-0.0354452
-0.037188
-0.0391769
-0.0413871
-0.0437917
-0.0463626
-0.0490703
-0.0518849
-0.0547756
-0.0577118
-0.0606626
-0.063598
-0.0664882
-0.0693047
-0.07202
-0.074608
-0.0770442
-0.0793056
-0.0813712
-0.0832216
-0.0848391
-0.0862079
-0.0873139
-0.088144
-0.0886869
-0.088932
-0.0888696
-0.0884904
-0.0877852
-0.0867445
-0.085358
-0.0836144
-0.0815006
-0.0790018
-0.0761006
-0.0727768
-0.0690076
-0.064767
-0.0600266
-0.054756
-0.0489239
-0.0425004
-0.0354592
-0.0277815
-0.0194607
-0.0105086
-0.000962524
0.00910459
0.0195719
0.0302539
0.0408789
0.0510664
0.0603121
0.0680206
0.0736261
0.076665
0.0763414
0.0721538
-0.047507
-0.0489016
-0.0495025
-0.0493841
-0.0486897
-0.0474831
-0.0458577
-0.0439313
-0.0418254
-0.0396548
-0.0375232
-0.0355193
-0.033716
-0.0321701
-0.0309237
-0.0300061
-0.0294349
-0.0292183
-0.0293565
-0.0298435
-0.0306678
-0.0318134
-0.0332612
-0.034989
-0.0369721
-0.0391842
-0.0415973
-0.0441819
-0.0469081
-0.0497448
-0.052661
-0.0556254
-0.0586069
-0.0615749
-0.0644995
-0.0673519
-0.0701041
-0.0727298
-0.075204
-0.0775033
-0.0796061
-0.0814922
-0.0831434
-0.0845429
-0.0856754
-0.086527
-0.0870848
-0.087337
-0.0872722
-0.0868792
-0.0861468
-0.0850633
-0.0836158
-0.0817904
-0.0795708
-0.0769387
-0.0738729
-0.070349
-0.0663394
-0.061813
-0.0567358
-0.051071
-0.0447808
-0.0378283
-0.0301799
-0.0218096
-0.0127041
-0.00286939
0.00766107
0.018816
0.0304728
0.0424392
0.054429
0.0660362
0.0766998
0.0857415
0.0924951
0.0963999
0.0964954
0.0921097
-0.049186
-0.0510451
-0.051774
-0.05153
-0.0505616
-0.048986
-0.04694
-0.0445774
-0.0420452
-0.0394753
-0.036981
-0.0346562
-0.0325746
-0.030792
-0.0293478
-0.0282676
-0.0275653
-0.0272452
-0.0273038
-0.0277316
-0.0285138
-0.029632
-0.0310645
-0.0327869
-0.0347729
-0.0369946
-0.0394227
-0.0420269
-0.0447763
-0.0476392
-0.050584
-0.0535791
-0.0565929
-0.0595947
-0.0625543
-0.0654424
-0.0682311
-0.0708936
-0.0734045
-0.0757401
-0.077878
-0.0797978
-0.0814802
-0.0829078
-0.0840642
-0.0849343
-0.0855042
-0.0857604
-0.0856898
-0.0852796
-0.0845163
-0.0833859
-0.0818731
-0.0799607
-0.0776293
-0.0748569
-0.0716181
-0.067884
-0.0636218
-0.0587947
-0.053362
-0.04728
-0.0405031
-0.0329856
-0.0246847
-0.0155645
-0.00560173
0.00520746
0.0168384
0.0292267
0.0422535
0.0557258
0.0693487
0.0826884
0.0951298
0.105884
0.114148
0.11922
0.119915
0.115311
-0.0514447
-0.0538919
-0.054722
-0.0542394
-0.0528603
-0.0507821
-0.0481983
-0.0453048
-0.042275
-0.0392557
-0.0363669
-0.0337036
-0.0313375
-0.0293199
-0.0276852
-0.0264534
-0.0256329
-0.025223
-0.0252159
-0.0255977
-0.0263505
-0.0274527
-0.0288801
-0.0306062
-0.032603
-0.034841
-0.0372897
-0.0399181
-0.0426942
-0.045586
-0.0485613
-0.0515881
-0.0546347
-0.0576701
-0.0606638
-0.0635865
-0.0664099
-0.069107
-0.0716522
-0.0740213
-0.0761915
-0.0781418
-0.0798522
-0.0813045
-0.0824815
-0.0833669
-0.0839454
-0.0842022
-0.0841226
-0.0836917
-0.0828943
-0.0817136
-0.0801318
-0.0781285
-0.0756811
-0.0727637
-0.0693464
-0.0653956
-0.0608729
-0.0557352
-0.0499348
-0.0434202
-0.0361365
-0.0280278
-0.01904
-0.00912436
0.00175641
0.013621
0.0264601
0.0402239
0.0548066
0.0700243
0.0855842
0.101035
0.115706
0.128706
0.139009
0.145709
0.147307
0.142502
-0.0546212
-0.0577955
-0.0586403
-0.0577232
-0.0557245
-0.052956
-0.0496805
-0.0461386
-0.0425275
-0.0390033
-0.0356871
-0.0326695
-0.0300152
-0.0277676
-0.0259527
-0.0245827
-0.0236589
-0.0231745
-0.0231163
-0.023466
-0.0242017
-0.0252989
-0.0267308
-0.0284687
-0.0304829
-0.0327426
-0.0352163
-0.0378718
-0.0406769
-0.0435988
-0.046605
-0.0496633
-0.0527418
-0.0558093
-0.0588352
-0.06179
-0.0646453
-0.067374
-0.0699501
-0.0723491
-0.074548
-0.076525
-0.0782598
-0.0797331
-0.080927
-0.0818241
-0.0824079
-0.0826622
-0.0825707
-0.0821166
-0.0812824
-0.0800493
-0.0783964
-0.0763006
-0.0737355
-0.0706715
-0.0670742
-0.062905
-0.0581197
-0.0526687
-0.0464969
-0.039544
-0.0317453
-0.0230332
-0.0133398
-0.00260066
0.00923984
0.0222214
0.0363582
0.0516257
0.0679445
0.0851561
0.102988
0.12099
0.138446
0.154448
0.16755
0.176607
0.179635
0.174773
-0.0592771
-0.063301
-0.0639472
-0.0622563
-0.0593181
-0.0555957
-0.0514268
-0.0470919
-0.0428022
-0.0387132
-0.0349371
-0.0315525
-0.0286108
-0.0261423
-0.0241613
-0.0226695
-0.0216597
-0.0211175
-0.0210237
-0.0213552
-0.0220861
-0.0231888
-0.0246337
-0.0263904
-0.0284276
-0.0307131
-0.0332145
-0.0358991
-0.0387338
-0.0416858
-0.0447221
-0.0478105
-0.0509188
-0.0540159
-0.057071
-0.0600548
-0.0629385
-0.0656951
-0.0682983
-0.0707235
-0.0729471
-0.0749471
-0.0767025
-0.0781933
-0.0794008
-0.0803067
-0.0808932
-0.0811427
-0.0810373
-0.0805586
-0.0796869
-0.0784011
-0.0766777
-0.0744904
-0.0718097
-0.0686018
-0.0648283
-0.0604452
-0.0554029
-0.0496451
-0.043109
-0.0357254
-0.0274188
-0.0181089
-0.00771231
0.00385405
0.0166687
0.030799
0.0462919
0.063162
0.0813741
0.100819
0.121274
0.142339
0.163326
0.183144
0.200234
0.212837
0.218248
0.213812
-0.0663847
-0.0712585
-0.0712212
-0.0681697
-0.0638033
-0.058759
-0.0534355
-0.0481331
-0.0430568
-0.0383426
-0.0340798
-0.0303234
-0.0271031
-0.0244306
-0.022304
-0.0207123
-0.0196375
-0.019057
-0.018945
-0.0192732
-0.020012
-0.0211304
-0.0225966
-0.0243785
-0.0264432
-0.0287577
-0.0312888
-0.0340031
-0.0368674
-0.0398484
-0.0429134
-0.0460296
-0.0491653
-0.052289
-0.0553703
-0.0583795
-0.0612883
-0.0640692
-0.0666961
-0.0691439
-0.071389
-0.0734088
-0.0751819
-0.0766878
-0.0779067
-0.0788195
-0.0794074
-0.0796515
-0.0795323
-0.0790298
-0.0781224
-0.0767866
-0.0749965
-0.072723
-0.0699333
-0.06659
-0.0626505
-0.0580662
-0.0527819
-0.0467349
-0.0398551
-0.0320642
-0.0232758
-0.0133963
-0.00232571
0.0100402
0.0238067
0.0390752
0.0559357
0.074457
0.0946706
0.116548
0.13996
0.164614
0.189917
0.214772
0.237459
0.255494
0.265064
0.262356
-0.0777177
-0.0829959
-0.0811989
-0.0757773
-0.0692491
-0.0623818
-0.0555785
-0.0491129
-0.0431445
-0.0377601
-0.0330036
-0.028891
-0.0254201
-0.0225765
-0.0203383
-0.0186787
-0.0175679
-0.0169745
-0.0168659
-0.0172088
-0.01797
-0.0191156
-0.0206122
-0.0224258
-0.0245228
-0.0268695
-0.0294321
-0.0321769
-0.0350707
-0.03808
-0.0411721
-0.0443145
-0.0474754
-0.0506235
-0.0537284
-0.0567608
-0.0596921
-0.0624951
-0.0651433
-0.0676118
-0.0698766
-0.0719148
-0.0737045
-0.0752246
-0.0764548
-0.0773751
-0.0779656
-0.0782061
-0.0780761
-0.0775538
-0.0766158
-0.0752367
-0.0733883
-0.0710391
-0.0681531
-0.0646899
-0.060603
-0.0558395
-0.0503394
-0.0440342
-0.0368468
-0.0286905
-0.0194687
-0.00907439
0.00260928
0.0157088
0.0303587
0.0466997
0.064874
0.0850196
0.107259
0.131683
0.158315
0.187048
0.217512
0.248818
0.279231
0.305669
0.322694
0.324809
-0.0966485
-0.100554
-0.0946591
-0.0851699
-0.0754215
-0.0660884
-0.0574422
-0.0496371
-0.0427177
-0.0366731
-0.0314699
-0.0270648
-0.0234109
-0.0204613
-0.0181703
-0.0164941
-0.0153908
-0.0148205
-0.0147447
-0.0151261
-0.0159285
-0.0171162
-0.0186544
-0.0205085
-0.0226442
-0.0250276
-0.0276249
-0.0304024
-0.0333269
-0.0363652
-0.0394847
-0.0426532
-0.045839
-0.0490112
-0.0521395
-0.0551948
-0.0581486
-0.0609736
-0.0636435
-0.0661333
-0.0684187
-0.0704766
-0.0722847
-0.0738215
-0.0750659
-0.0759973
-0.0765948
-0.0768374
-0.0767032
-0.0761692
-0.0752104
-0.0737999
-0.071907
-0.0694986
-0.0665361
-0.0629763
-0.0587697
-0.0538599
-0.0481826
-0.0416646
-0.0342229
-0.0257634
-0.0161803
-0.0053548
0.00684604
0.0205703
0.0359823
0.0532639
0.0726157
0.0942569
0.118424
0.145367
0.175327
0.208496
0.244897
0.284143
0.32496
0.364032
0.394232
0.407641
-0.129814
-0.126888
-0.112155
-0.0959298
-0.0815168
-0.0689724
-0.0581761
-0.0489794
-0.0411897
-0.0346239
-0.0291291
-0.0245806
-0.020877
-0.0179349
-0.0156854
-0.0140693
-0.0130353
-0.0125373
-0.0125332
-0.0129835
-0.013851
-0.0150995
-0.0166939
-0.0185997
-0.0207831
-0.0232102
-0.0258477
-0.0286624
-0.0316214
-0.034692
-0.0378418
-0.0410392
-0.0442527
-0.0474518
-0.0506064
-0.0536875
-0.056667
-0.0595175
-0.0622129
-0.0647279
-0.0670383
-0.0691206
-0.0709524
-0.0725116
-0.0737767
-0.0747264
-0.0753393
-0.0755933
-0.0754657
-0.0749323
-0.0739672
-0.0725416
-0.0706242
-0.0681794
-0.0651673
-0.0615423
-0.0572528
-0.0522398
-0.0464358
-0.0397642
-0.0321373
-0.0234556
-0.013606
-0.00245996
0.0101288
0.0243272
0.0403265
0.0583475
0.0786483
0.101533
0.127368
0.156591
0.189735
0.22742
0.270304
0.318929
0.373215
0.430406
0.482984
0.520754
-0.192562
-0.165169
-0.132579
-0.106056
-0.0854051
-0.069128
-0.0562678
-0.0460209
-0.0377621
-0.0310529
-0.0255916
-0.0211661
-0.0176246
-0.014856
-0.0127763
-0.0113194
-0.0104308
-0.0100637
-0.0101766
-0.0107312
-0.0116914
-0.0130225
-0.0146908
-0.0166629
-0.018906
-0.0213874
-0.0240745
-0.0269349
-0.0299364
-0.0330469
-0.0362347
-0.0394684
-0.0427172
-0.0459507
-0.0491393
-0.0522541
-0.0552672
-0.0581514
-0.0608806
-0.0634294
-0.0657736
-0.0678895
-0.0697544
-0.0713461
-0.0726425
-0.073622
-0.0742626
-0.0745417
-0.0744358
-0.07392
-0.0729677
-0.0715494
-0.0696328
-0.067181
-0.064153
-0.0605023
-0.0561757
-0.0511126
-0.045244
-0.038491
-0.0307632
-0.0219579
-0.0119572
-0.000626066
0.0121908
0.0266739
0.0430344
0.0615238
0.0824468
0.106182
0.133211
0.164166
0.1999
0.241577
0.290781
0.349593
0.420257
0.502701
0.593483
0.687635
-0.328903
-0.213959
-0.14423
-0.105293
-0.0794812
-0.0611614
-0.0479968
-0.0382291
-0.0306902
-0.0247179
-0.019932
-0.0160961
-0.0130564
-0.0107101
-0.00898442
-0.00782476
-0.00718682
-0.00703255
-0.00732747
-0.00803912
-0.00913612
-0.0105876
-0.0123628
-0.0144311
-0.0167615
-0.0193229
-0.0220843
-0.0250144
-0.0280819
-0.0312554
-0.034504
-0.0377968
-0.0411033
-0.0443937
-0.0476387
-0.0508095
-0.0538784
-0.0568182
-0.059603
-0.0622073
-0.0646069
-0.066778
-0.0686978
-0.0703438
-0.0716939
-0.0727261
-0.0734183
-0.0737478
-0.073691
-0.0732211
-0.0723132
-0.0709371
-0.0690597
-0.0666442
-0.0636496
-0.0600288
-0.0557287
-0.0506884
-0.0448387
-0.0381003
-0.0303826
-0.0215819
-0.0115793
-0.000237797
0.0126014
0.027124
0.0435501
0.0621455
0.0832383
0.107246
0.134719
0.166408
0.203392
0.247287
0.30063
0.36753
0.454394
0.56952
0.730083
0.958777
-0.604038
-0.259372
-0.120826
-0.0759132
-0.0533272
-0.038814
-0.0294895
-0.0231251
-0.0183098
-0.0144292
-0.0112385
-0.00862421
-0.00652815
-0.00491915
-0.00377781
-0.00308829
-0.00283468
-0.00299962
-0.00356393
-0.00450654
-0.00580461
-0.00743377
-0.00936829
-0.0115813
-0.0140449
-0.0167305
-0.0196088
-0.02265
-0.025824
-0.0291006
-0.0324494
-0.0358403
-0.0392432
-0.0426286
-0.0459674
-0.0492312
-0.0523923
-0.0554237
-0.0582993
-0.060994
-0.0634832
-0.0657433
-0.0677513
-0.0694849
-0.070922
-0.0720406
-0.0728185
-0.073233
-0.0732605
-0.0728785
-0.0720566
-0.070767
-0.0689776
-0.0666524
-0.0637508
-0.0602269
-0.0560284
-0.0510959
-0.0453614
-0.0387472
-0.0311648
-0.0225123
-0.0126734
-0.0015135
0.0111229
0.0254182
0.0415884
0.0598945
0.0806593
0.104294
0.131341
0.162546
0.198989
0.242337
0.295385
0.363373
0.457499
0.602429
0.861893
1.32908
)
;

boundaryField
{
    movingWall
    {
        type            zeroGradient;
    }
    fixedWalls
    {
        type            zeroGradient;
    }
    frontAndBack
    {
        type            empty;
    }
}


// ************************************************************************* //
