/*--------------------------------*- C++ -*----------------------------------*\
  =========                 |
  \\      /  F ield         | OpenFOAM: The Open Source CFD Toolbox
   \\    /   O peration     | Website:  https://openfoam.org
    \\  /    A nd           | Version:  7
     \\/     M anipulation  |
\*---------------------------------------------------------------------------*/
FoamFile
{
    version     2.0;
    format      ascii;
    class       volScalarField;
    location    "1.725";
    object      p;
}
// * * * * * * * * * * * * * * * * * * * * * * * * * * * * * * * * * * * * * //

dimensions      [0 2 -2 0 0 0 0];

internalField   nonuniform List<scalar> 
6400
(
-2.00912e-08
8.12036e-06
-5.36975e-06
-4.18268e-05
-9.82845e-05
-0.00017146
-0.000258185
-0.000355769
-0.000462149
-0.000575844
-0.000695839
-0.000821448
-0.000952185
-0.00108765
-0.00122745
-0.0013711
-0.00151799
-0.00166733
-0.00181815
-0.00196926
-0.00211923
-0.00226645
-0.00240905
-0.00254499
-0.00267205
-0.00278785
-0.00288991
-0.00297569
-0.00304265
-0.00308832
-0.0031104
-0.00310683
-0.0030759
-0.00301633
-0.00292741
-0.00280908
-0.00266201
-0.00248767
-0.00228841
-0.00206746
-0.0018289
-0.0015778
-0.00131983
-0.00106139
-0.000809377
-0.000570989
-0.000353503
-0.000164031
-9.26303e-06
0.000104796
0.000173068
0.000191631
0.000157893
7.07252e-05
-6.94693e-05
-0.000260756
-0.000499736
-0.000781678
-0.00110072
-0.00145007
-0.00182234
-0.00220979
-0.00260462
-0.00299924
-0.00338651
-0.00375992
-0.0041137
-0.00444292
-0.00474348
-0.00501207
-0.00524609
-0.00544353
-0.0056029
-0.00572317
-0.00580391
-0.0058456
-0.00585059
-0.00582477
-0.00577954
-0.00573203
-8.6272e-06
-5.67744e-07
-1.42743e-05
-4.7935e-05
-9.84093e-05
-0.000163508
-0.000241031
-0.000328946
-0.000425585
-0.000529673
-0.00064026
-0.000756647
-0.000878297
-0.00100475
-0.00113555
-0.00127019
-0.00140806
-0.00154841
-0.00169033
-0.00183273
-0.00197432
-0.00211363
-0.00224898
-0.00237853
-0.00250026
-0.00261201
-0.00271153
-0.0027965
-0.00286459
-0.00291353
-0.00294118
-0.00294563
-0.00292526
-0.00287887
-0.00280572
-0.00270571
-0.00257938
-0.00242802
-0.00225374
-0.00205946
-0.00184893
-0.00162662
-0.00139786
-0.00116852
-0.000944955
-0.000733794
-0.000541761
-0.000375431
-0.000240987
-0.000143977
-8.90832e-05
-7.99122e-05
-0.000118828
-0.000206831
-0.000343498
-0.000526985
-0.000754092
-0.00102039
-0.00132041
-0.00164787
-0.00199591
-0.00235738
-0.00272511
-0.00309214
-0.00345194
-0.00379857
-0.0041268
-0.00443219
-0.00471107
-0.00496054
-0.00517839
-0.00536304
-0.00551344
-0.00562912
-0.00571021
-0.00575769
-0.00577403
-0.00576386
-0.00573204
-0.00568446
4.83759e-06
1.24316e-05
-1.85624e-06
-3.45157e-05
-8.20233e-05
-0.000142551
-0.00021437
-0.000295833
-0.000385584
-0.000482561
-0.00058595
-0.00069513
-0.000809607
-0.000928945
-0.00105272
-0.00118044
-0.00131156
-0.00144537
-0.00158105
-0.00171761
-0.00185387
-0.00198849
-0.00211993
-0.00224651
-0.00236634
-0.00247743
-0.00257766
-0.00266482
-0.0027367
-0.0027911
-0.00282595
-0.00283933
-0.00282963
-0.00279557
-0.00273634
-0.00265168
-0.00254198
-0.00240832
-0.00225257
-0.0020774
-0.00188623
-0.00168336
-0.00147376
-0.00126299
-0.00105714
-0.000862554
-0.000685717
-0.000532968
-0.000410288
-0.00032305
-0.000275792
-0.000272011
-0.000313992
-0.000402693
-0.000537685
-0.000717154
-0.000937966
-0.0011958
-0.00148533
-0.00180045
-0.00213454
-0.00248071
-0.00283207
-0.003182
-0.00352431
-0.00385341
-0.00416447
-0.0044534
-0.00471692
-0.00495252
-0.00515836
-0.00533322
-0.00547643
-0.00558782
-0.00566768
-0.00571689
-0.0057374
-0.00573222
-0.00570038
-0.00563928
4.28116e-05
4.59962e-05
2.89521e-05
-4.66525e-06
-5.14744e-05
-0.000109808
-0.000178167
-0.000255215
-0.000339873
-0.000431306
-0.000528888
-0.00063214
-0.000740678
-0.00085416
-0.000972239
-0.00109451
-0.00122049
-0.00134958
-0.00148105
-0.00161401
-0.0017474
-0.00187999
-0.00201039
-0.00213699
-0.00225805
-0.00237165
-0.00247574
-0.00256818
-0.00264676
-0.00270929
-0.00275362
-0.00277779
-0.00278003
-0.00275894
-0.00271353
-0.00264333
-0.00254851
-0.00242993
-0.00228923
-0.00212886
-0.00195198
-0.00176276
-0.00156595
-0.00136698
-0.00117182
-0.000986752
-0.000818186
-0.000672449
-0.00055552
-0.000472794
-0.00042884
-0.000427192
-0.000470174
-0.000558775
-0.000692587
-0.000869805
-0.00108729
-0.00134073
-0.00162477
-0.00193331
-0.00225974
-0.00259721
-0.00293892
-0.00327835
-0.00360946
-0.0039269
-0.00422606
-0.00450317
-0.00475527
-0.0049802
-0.00517647
-0.00534324
-0.00548012
-0.00558713
-0.00566458
-0.00571302
-0.0057337
-0.0057282
-0.00569117
-0.00561427
0.000103284
9.74916e-05
7.5005e-05
3.85612e-05
-9.22429e-06
-6.68536e-05
-0.000133086
-0.000206893
-0.00028749
-0.000374306
-0.000466935
-0.000565086
-0.000668535
-0.000777078
-0.000890486
-0.00100847
-0.00113067
-0.00125659
-0.00138561
-0.00151698
-0.00164976
-0.00178283
-0.0019149
-0.00204448
-0.00216989
-0.00228927
-0.00240058
-0.00250168
-0.0025903
-0.00266416
-0.00272099
-0.00275865
-0.00277519
-0.00276897
-0.00273875
-0.00268381
-0.00260406
-0.00250009
-0.00237331
-0.00222598
-0.00206105
-0.00188253
-0.00169507
-0.00150405
-0.00131541
-0.00113546
-0.000970681
-0.000827503
-0.000712032
-0.000629808
-0.000585552
-0.000582943
-0.000624437
-0.000711128
-0.000842679
-0.00101732
-0.00123191
-0.00148207
-0.0017624
-0.00206671
-0.00238827
-0.00272017
-0.00305555
-0.00338785
-0.0037111
-0.00402002
-0.00431017
-0.00457801
-0.00482086
-0.00503687
-0.0052249
-0.00538443
-0.00551537
-0.00561792
-0.0056924
-0.00573909
-0.00575868
-0.0057517
-0.00570994
-0.0056215
0.000183339
0.000164726
0.000134399
9.34165e-05
4.31367e-05
-1.5142e-05
-8.04602e-05
-0.00015214
-0.000229725
-0.000312937
-0.000401628
-0.000495734
-0.000595227
-0.000700077
-0.000810211
-0.000925495
-0.0010457
-0.00117048
-0.00129936
-0.00143171
-0.00156671
-0.00170337
-0.00184049
-0.00197665
-0.00211019
-0.00223928
-0.00236184
-0.00247563
-0.00257827
-0.00266729
-0.00274023
-0.00279468
-0.00282843
-0.00283953
-0.00282643
-0.00278811
-0.00272417
-0.0026349
-0.00252151
-0.00238616
-0.00223125
-0.00206101
-0.00187994
-0.00169342
-0.00150745
-0.00132843
-0.00116302
-0.00101784
-0.000899229
-0.000812989
-0.000764103
-0.000756507
-0.000792893
-0.000874553
-0.0010013
-0.00117146
-0.00138191
-0.00162826
-0.00190501
-0.00220583
-0.00252386
-0.00285198
-0.00318317
-0.00351077
-0.00382871
-0.0041317
-0.00441536
-0.00467628
-0.00491198
-0.00512087
-0.00530213
-0.00545552
-0.00558122
-0.00567966
-0.00575118
-0.00579595
-0.00581429
-0.00580609
-0.00576158
-0.00566713
0.000279293
0.000244992
0.000204777
0.000157717
0.000103639
4.35329e-05
-2.19673e-05
-9.25829e-05
-0.000168225
-0.000248943
-0.00033488
-0.000426232
-0.0005232
-0.000625958
-0.000734626
-0.000849247
-0.000969764
-0.00109599
-0.00122762
-0.00136414
-0.00150488
-0.00164894
-0.00179521
-0.00194229
-0.00208853
-0.00223204
-0.00237064
-0.00250193
-0.00262332
-0.0027321
-0.00282551
-0.0029008
-0.0029554
-0.00298701
-0.0029937
-0.00297409
-0.00292743
-0.00285371
-0.00275397
-0.00263046
-0.00248397
-0.00232008
-0.00214293
-0.00195784
-0.0017709
-0.0015887
-0.0014181
-0.00126601
-0.00113911
-0.00104355
-0.000984698
-0.000966866
-0.000993104
-0.00106502
-0.0011827
-0.00134466
-0.00154789
-0.00178801
-0.00205949
-0.00235584
-0.00267003
-0.00299471
-0.00332262
-0.00364688
-0.00396122
-0.00426023
-0.00453948
-0.00479558
-0.00502616
-0.0052298
-0.00540592
-0.00555454
-0.00567611
-0.00577122
-0.00584039
-0.00588373
-0.00590143
-0.00589304
-0.00584829
-0.00575309
0.00038728
0.000334854
0.000283078
0.00022875
0.000169821
0.000106916
4.02845e-05
-3.02499e-05
-0.000105012
-0.000184416
-0.00026893
-0.000359037
-0.000455194
-0.000557811
-0.000667227
-0.000783692
-0.000907341
-0.00103818
-0.00117605
-0.00132061
-0.00147131
-0.00162734
-0.00178763
-0.00195079
-0.00211513
-0.00227861
-0.00243891
-0.00259339
-0.00273917
-0.0028732
-0.00299234
-0.00309344
-0.00317349
-0.00322974
-0.00325985
-0.00326202
-0.0032351
-0.00317879
-0.0030936
-0.00298098
-0.00284381
-0.00268541
-0.00251035
-0.0023241
-0.00213285
-0.0019434
-0.00176288
-0.00159857
-0.00145754
-0.00134641
-0.00127104
-0.00123628
-0.00124566
-0.00130129
-0.00140364
-0.00155157
-0.00174233
-0.00197167
-0.00223406
-0.00252295
-0.00283113
-0.003151
-0.00347503
-0.00379601
-0.00410741
-0.00440357
-0.00467988
-0.00493286
-0.00516012
-0.00536035
-0.00553308
-0.00567855
-0.0057974
-0.00589045
-0.00595836
-0.00600135
-0.00601959
-0.00601255
-0.00597015
-0.00587882
0.000503047
0.000430535
0.000365905
0.00030336
0.000238754
0.000172256
0.000103663
3.22764e-05
-4.26941e-05
-0.000122066
-0.000206662
-0.000297278
-0.000394656
-0.000499469
-0.000612298
-0.000733623
-0.000863798
-0.00100303
-0.00115134
-0.00130854
-0.0014742
-0.00164759
-0.00182765
-0.00201295
-0.00220168
-0.00239166
-0.00258028
-0.00276463
-0.00294144
-0.00310724
-0.00325843
-0.00339138
-0.00350257
-0.00358875
-0.00364706
-0.00367523
-0.00367167
-0.00363569
-0.00356735
-0.00346749
-0.00333978
-0.00318649
-0.00301229
-0.00282271
-0.00262403
-0.00242326
-0.00222783
-0.00204541
-0.00188356
-0.00174949
-0.00164967
-0.00158961
-0.00157354
-0.00160422
-0.00168274
-0.00180849
-0.00197914
-0.00219073
-0.00243791
-0.00271413
-0.00301206
-0.0033239
-0.00364178
-0.00395815
-0.00426609
-0.0045596
-0.00483377
-0.00508487
-0.00531039
-0.00550896
-0.00568015
-0.00582429
-0.00594219
-0.00603483
-0.00610304
-0.00614721
-0.00616757
-0.00616364
-0.00612607
-0.00604236
0.000622063
0.000527873
0.000449382
0.000377918
0.000307007
0.000236271
0.000164966
9.18031e-05
1.54731e-05
-6.52818e-05
-0.00015167
-0.000244828
-0.00034581
-0.000455571
-0.000574962
-0.000704716
-0.000845424
-0.000997509
-0.00116119
-0.00133643
-0.0015229
-0.00171992
-0.00192642
-0.00214088
-0.00236134
-0.00258534
-0.00280999
-0.00303197
-0.00324758
-0.00345284
-0.00364361
-0.00381569
-0.00396498
-0.00408765
-0.00418026
-0.00423997
-0.00426469
-0.00425321
-0.00420519
-0.00412122
-0.00400411
-0.00385641
-0.00368255
-0.00348795
-0.00327899
-0.00306281
-0.00284719
-0.0026402
-0.00244997
-0.00228436
-0.00215063
-0.00205513
-0.00200296
-0.00199776
-0.0020415
-0.00213434
-0.0022746
-0.00245885
-0.00268209
-0.00293796
-0.0032191
-0.00351756
-0.00382517
-0.00413399
-0.00443664
-0.00472665
-0.00499867
-0.0052486
-0.00547363
-0.00567218
-0.00584371
-0.00598853
-0.00610751
-0.00620174
-0.00627219
-0.00631939
-0.00634371
-0.00634476
-0.00631422
-0.00624103
0.000739389
0.000622283
0.000529184
0.000448309
0.000370632
0.000295116
0.000220392
0.000144502
6.5568e-05
-1.81482e-05
-0.000108272
-0.00020631
-0.000313649
-0.000431553
-0.000561167
-0.000703497
-0.000859393
-0.00102951
-0.00121426
-0.00141376
-0.00162778
-0.00185565
-0.00209624
-0.00234791
-0.00260846
-0.00287514
-0.00314466
-0.00341323
-0.00367664
-0.00393032
-0.00416952
-0.00438938
-0.00458514
-0.0047523
-0.00488675
-0.00498501
-0.00504435
-0.00506296
-0.00504
-0.00497572
-0.004872
-0.00473147
-0.00455825
-0.00435759
-0.00413584
-0.00390031
-0.00365904
-0.00342054
-0.00319356
-0.00298671
-0.00280816
-0.00266527
-0.00256426
-0.00250991
-0.00250533
-0.00255175
-0.00264847
-0.00279288
-0.00298058
-0.00320562
-0.00346081
-0.00373814
-0.00402921
-0.00432566
-0.00461961
-0.004904
-0.0051729
-0.00542167
-0.005647
-0.00584693
-0.00602063
-0.00616825
-0.00629056
-0.00638864
-0.00646354
-0.0065159
-0.00654617
-0.0065541
-0.00653252
-0.00647201
0.000849761
0.000708765
0.000600535
0.000509935
0.000425154
0.000344385
0.000265533
0.000185905
0.000102997
1.45486e-05
-8.15137e-05
-0.000187092
-0.000303932
-0.000433633
-0.000577656
-0.000737306
-0.000913707
-0.00110776
-0.00132007
-0.00155091
-0.0018001
-0.00206699
-0.00235034
-0.00264831
-0.00295844
-0.0032776
-0.00360203
-0.00392741
-0.00424892
-0.00456134
-0.00485921
-0.00513694
-0.00538902
-0.00561017
-0.00579554
-0.00594087
-0.0060427
-0.00609848
-0.00610674
-0.00606717
-0.00598093
-0.00585029
-0.00567896
-0.00547196
-0.00523554
-0.00497703
-0.00470472
-0.00442756
-0.00415491
-0.00389622
-0.00366069
-0.00345686
-0.0032923
-0.00317322
-0.00310417
-0.00308783
-0.00312484
-0.00321377
-0.00335117
-0.0035318
-0.0037489
-0.0039946
-0.00426034
-0.0045374
-0.00481736
-0.00509247
-0.00535606
-0.00560275
-0.00582855
-0.00603088
-0.00620841
-0.00636091
-0.00648889
-0.00659327
-0.00667504
-0.00673487
-0.00677322
-0.00678988
-0.00677893
-0.00673262
0.000947477
0.000781902
0.000658226
0.000557725
0.000465591
0.000379118
0.000295399
0.000210924
0.000122514
2.73448e-05
-7.71365e-05
-0.000193255
-0.000323143
-0.000468762
-0.000631913
-0.000814224
-0.00101711
-0.00124173
-0.00148889
-0.00175898
-0.00205189
-0.00236692
-0.00270269
-0.00305713
-0.00342743
-0.00381001
-0.0042006
-0.00459425
-0.00498547
-0.0053683
-0.00573648
-0.00608361
-0.00640331
-0.00668945
-0.00693629
-0.00713871
-0.00729236
-0.00739386
-0.00744093
-0.00743253
-0.00736905
-0.00725218
-0.00708512
-0.00687249
-0.0066203
-0.00633585
-0.00602755
-0.00570472
-0.00537736
-0.00505577
-0.00475025
-0.00447072
-0.00422628
-0.00402485
-0.00387279
-0.0037746
-0.00373269
-0.00374725
-0.00381623
-0.00393549
-0.00409905
-0.00429943
-0.00452815
-0.00477621
-0.00503462
-0.00529489
-0.00554945
-0.00579198
-0.00601755
-0.00622271
-0.00640539
-0.00656471
-0.00670069
-0.0068139
-0.00690508
-0.00697479
-0.0070234
-0.00705065
-0.00705177
-0.00702068
0.00102643
0.000835881
0.000696637
0.000586172
0.000486486
0.000393853
0.000304454
0.000213897
0.000118273
1.41575e-05
-0.000101514
-0.00023152
-0.000378408
-0.00054453
-0.000732056
-0.000942959
-0.00117897
-0.00144149
-0.00173154
-0.00204963
-0.00239567
-0.00276888
-0.00316771
-0.00358979
-0.00403189
-0.00448996
-0.00495909
-0.00543368
-0.00590744
-0.0063736
-0.00682501
-0.00725436
-0.00765431
-0.00801774
-0.00833793
-0.00860874
-0.00882484
-0.00898188
-0.00907663
-0.00910715
-0.00907294
-0.00897496
-0.00881572
-0.00859933
-0.0083314
-0.00801902
-0.00767064
-0.00729585
-0.00690518
-0.00650978
-0.00612111
-0.00575052
-0.00540885
-0.00510597
-0.00485039
-0.00464884
-0.00450597
-0.0044241
-0.00440311
-0.00444048
-0.00453145
-0.00466935
-0.00484604
-0.00505243
-0.00527905
-0.00551661
-0.00575652
-0.0059913
-0.0062148
-0.00642243
-0.00661102
-0.00677877
-0.00692493
-0.00704945
-0.00715262
-0.00723469
-0.00729576
-0.00733542
-0.00734991
-0.00733473
0.00108017
0.000864546
0.000709788
0.000589385
0.000481972
0.000382679
0.00028669
0.000188662
8.39091e-05
-3.16263e-05
-0.000161555
-0.000309141
-0.000477378
-0.000669039
-0.000886692
-0.00113268
-0.00140905
-0.00171748
-0.00205918
-0.00243477
-0.00284415
-0.00328643
-0.00375984
-0.00426164
-0.00478815
-0.00533473
-0.0058958
-0.00646498
-0.00703514
-0.00759858
-0.00814717
-0.00867257
-0.00916639
-0.0096204
-0.0100268
-0.0103782
-0.0106684
-0.0108918
-0.011044
-0.0111222
-0.0111249
-0.0110521
-0.0109055
-0.0106885
-0.0104062
-0.0100653
-0.00967408
-0.0092423
-0.00878089
-0.00830175
-0.00781742
-0.00734073
-0.00688434
-0.00646027
-0.00607948
-0.00575132
-0.00548315
-0.00527999
-0.00514425
-0.00507564
-0.00507124
-0.0051257
-0.00523166
-0.00538025
-0.0055617
-0.00576593
-0.00598325
-0.00620477
-0.0064229
-0.00663151
-0.00682602
-0.00700332
-0.00716153
-0.00729969
-0.00741736
-0.00751424
-0.00758998
-0.00764384
-0.00767291
-0.0076741
0.00110192
0.000861463
0.000691421
0.000561173
0.00044585
0.000339331
0.000235716
0.000128658
1.26536e-05
-0.000117027
-0.000264572
-0.000433763
-0.000628074
-0.00085073
-0.00110473
-0.00139279
-0.00171732
-0.00208027
-0.00248301
-0.00292626
-0.00340989
-0.00393286
-0.00449308
-0.00508745
-0.00571172
-0.00636059
-0.00702774
-0.0077059
-0.00838701
-0.00906233
-0.00972267
-0.0103585
-0.0109603
-0.0115187
-0.0120245
-0.0124693
-0.0128456
-0.0131465
-0.0133667
-0.0135021
-0.01355
-0.0135096
-0.0133815
-0.0131684
-0.0128746
-0.0125062
-0.0120713
-0.0115795
-0.0110418
-0.0104709
-0.00988012
-0.00928371
-0.00869614
-0.0081317
-0.00760394
-0.00712519
-0.00670598
-0.00635458
-0.0060766
-0.00587469
-0.00574849
-0.00569469
-0.00570729
-0.00577812
-0.0058974
-0.00605445
-0.00623841
-0.00643888
-0.00664645
-0.00685314
-0.00705251
-0.00723973
-0.0074114
-0.00756524
-0.00769976
-0.00781383
-0.00790642
-0.00797624
-0.00802107
-0.00803908
0.00108477
0.000820022
0.00063509
0.000495137
0.000371698
0.000257296
0.000144884
2.70612e-05
-0.000102531
-0.000249327
-0.000418122
-0.000613251
-0.0008387
-0.00109818
-0.00139515
-0.00173273
-0.00211369
-0.00254023
-0.00301393
-0.00353553
-0.00410485
-0.00472064
-0.00538047
-0.00608074
-0.00681659
-0.00758197
-0.00836971
-0.00917156
-0.0099784
-0.0107804
-0.011567
-0.0123277
-0.0130515
-0.0137277
-0.014346
-0.0148967
-0.0153708
-0.0157604
-0.0160589
-0.016261
-0.0163629
-0.0163627
-0.01626
-0.0160565
-0.0157556
-0.0153628
-0.0148854
-0.0143329
-0.0137163
-0.0130482
-0.012343
-0.011616
-0.0108832
-0.0101612
-0.00946615
-0.00881355
-0.00821747
-0.00768996
-0.00724048
-0.00687541
-0.0065978
-0.00640721
-0.00629984
-0.00626886
-0.00630503
-0.00639736
-0.00653392
-0.0067027
-0.00689224
-0.00709229
-0.00729411
-0.00749065
-0.0076765
-0.00784763
-0.00800109
-0.0081346
-0.00824614
-0.0083337
-0.0083955
-0.00843086
0.00102168
0.000733552
0.000534282
0.000384799
0.000252993
0.000129956
7.43272e-06
-0.000123067
-0.000268786
-0.00043589
-0.000629815
-0.00085548
-0.00111742
-0.00141987
-0.00176675
-0.00216164
-0.00260763
-0.00310723
-0.00366213
-0.00427313
-0.00493991
-0.00566094
-0.0064334
-0.00725309
-0.00811446
-0.0090106
-0.00993333
-0.0108733
-0.0118203
-0.0127632
-0.0136901
-0.0145892
-0.0154481
-0.0162547
-0.0169975
-0.0176654
-0.0182481
-0.0187366
-0.019123
-0.0194008
-0.0195652
-0.0196131
-0.0195431
-0.0193558
-0.0190536
-0.0186413
-0.0181253
-0.0175144
-0.0168192
-0.0160526
-0.0152288
-0.0143642
-0.0134761
-0.0125829
-0.0117033
-0.0108561
-0.010059
-0.00932819
-0.00867762
-0.00811818
-0.00765725
-0.00729824
-0.00704056
-0.00687967
-0.00680759
-0.00681358
-0.00688496
-0.00700811
-0.00716936
-0.00735582
-0.00755597
-0.00775997
-0.00795984
-0.00814928
-0.00832341
-0.00847838
-0.00861092
-0.00871799
-0.00879809
-0.0088515
0.000905722
0.000595459
0.000382555
0.000223735
8.32639e-05
-4.92628e-05
-0.000183351
-0.000328604
-0.000493168
-0.000683965
-0.000907103
-0.00116811
-0.00147212
-0.00182389
-0.00222786
-0.00268805
-0.00320792
-0.0037902
-0.00443674
-0.00514827
-0.00592433
-0.00676303
-0.00766103
-0.00861346
-0.00961393
-0.0106546
-0.011726
-0.0128178
-0.0139184
-0.0150151
-0.0160949
-0.0171442
-0.0181496
-0.0190974
-0.0199747
-0.0207693
-0.0214696
-0.0220654
-0.0225477
-0.0229091
-0.0231435
-0.0232469
-0.0232169
-0.0230529
-0.0227565
-0.0223312
-0.0217827
-0.0211187
-0.0203492
-0.0194865
-0.0185449
-0.0175408
-0.0164925
-0.0154197
-0.0143434
-0.0132852
-0.0122666
-0.0113081
-0.0104284
-0.00964372
-0.00896665
-0.00840558
-0.00796425
-0.00764162
-0.00743203
-0.0073258
-0.00731008
-0.00736991
-0.00748936
-0.00765259
-0.00784481
-0.00805283
-0.00826543
-0.00847343
-0.00866948
-0.0088477
-0.00900315
-0.00913152
-0.00923137
-0.00930387
0.000730181
0.000399374
0.000173685
5.74107e-06
-0.000143747
-0.000286718
-0.000433952
-0.000596173
-0.000782448
-0.00100047
-0.00125705
-0.00155836
-0.00191013
-0.00231771
-0.00278605
-0.00331961
-0.00392221
-0.0045968
-0.0053453
-0.00616838
-0.00706528
-0.00803369
-0.00906964
-0.0101675
-0.0113197
-0.0125175
-0.0137502
-0.0150059
-0.0162716
-0.0175332
-0.0187761
-0.0199854
-0.021146
-0.022243
-0.0232623
-0.0241902
-0.0250144
-0.0257235
-0.0263076
-0.0267583
-0.0270688
-0.0272339
-0.0272505
-0.027117
-0.0268339
-0.0264036
-0.0258306
-0.0251217
-0.0242858
-0.0233342
-0.0222805
-0.0211408
-0.0199336
-0.0186795
-0.0174009
-0.0161218
-0.014867
-0.0136612
-0.0125283
-0.0114901
-0.0105651
-0.00976795
-0.00910791
-0.00858883
-0.00820874
-0.00796023
-0.00783119
-0.00780586
-0.00786626
-0.00799347
-0.00816897
-0.00837561
-0.00859825
-0.00882412
-0.00904271
-0.00924561
-0.00942578
-0.00957724
-0.00969847
-0.00979146
0.000488748
0.000139324
-9.8165e-05
-0.000275008
-0.000433915
-0.000588371
-0.000750434
-0.000931949
-0.0011429
-0.00139178
-0.00168611
-0.00203272
-0.00243799
-0.00290785
-0.00344778
-0.0040627
-0.00475672
-0.005533
-0.00639346
-0.00733861
-0.00836732
-0.00947672
-0.0106621
-0.0119167
-0.0132322
-0.0145981
-0.0160025
-0.0174321
-0.018872
-0.0203068
-0.0217203
-0.0230959
-0.0244173
-0.0256683
-0.0268334
-0.0278983
-0.0288494
-0.0296746
-0.0303635
-0.0309067
-0.031297
-0.0315282
-0.0315969
-0.0315002
-0.0312379
-0.0308112
-0.0302235
-0.0294802
-0.0285889
-0.0275596
-0.0264047
-0.0251394
-0.0237815
-0.0223517
-0.020873
-0.0193711
-0.0178733
-0.0164081
-0.0150042
-0.013689
-0.012488
-0.0114224
-0.0105087
-0.00975694
-0.0091706
-0.00874605
-0.00847323
-0.0083366
-0.00831662
-0.0083914
-0.00853841
-0.00873594
-0.00896422
-0.00920606
-0.0094471
-0.0096757
-0.00988219
-0.0100586
-0.010203
-0.0103183
0.000175687
-0.000190103
-0.000438278
-0.000623786
-0.000792551
-0.000959597
-0.00113825
-0.00134145
-0.0015801
-0.00186349
-0.00219985
-0.00259674
-0.00306114
-0.00359962
-0.00421817
-0.00492212
-0.00571588
-0.00660273
-0.00758451
-0.00866147
-0.00983199
-0.0110925
-0.0124373
-0.0138586
-0.0153465
-0.0168894
-0.0184737
-0.0200841
-0.0217045
-0.0233175
-0.0249053
-0.0264501
-0.027934
-0.0293398
-0.0306511
-0.0318524
-0.0329299
-0.0338707
-0.034664
-0.0353001
-0.0357712
-0.0360711
-0.0361952
-0.0361405
-0.0359056
-0.0354911
-0.034899
-0.0341333
-0.0332001
-0.0321078
-0.0308672
-0.0294918
-0.0279981
-0.0264059
-0.0247379
-0.0230203
-0.021282
-0.0195543
-0.01787
-0.0162623
-0.014763
-0.0134011
-0.0122011
-0.0111811
-0.0103515
-0.0097144
-0.00926366
-0.00898537
-0.00885942
-0.00886139
-0.00896472
-0.00914269
-0.00937014
-0.00962465
-0.00988712
-0.0101419
-0.0103761
-0.0105792
-0.0107488
-0.0108887
-0.000213984
-0.000593593
-0.000851217
-0.00104514
-0.00122423
-0.00140501
-0.00160203
-0.00182933
-0.00209868
-0.00242018
-0.00280279
-0.00325475
-0.00378372
-0.00439685
-0.00510065
-0.00590083
-0.00680203
-0.00780755
-0.00891909
-0.0101365
-0.0114574
-0.0128775
-0.01439
-0.0159856
-0.0176531
-0.019379
-0.0211481
-0.0229433
-0.0247467
-0.0265392
-0.0283015
-0.0300142
-0.0316584
-0.0332159
-0.0346694
-0.0360031
-0.0372026
-0.0382549
-0.0391489
-0.039875
-0.0404253
-0.0407935
-0.0409744
-0.040965
-0.0407631
-0.0403685
-0.0397821
-0.0390066
-0.0380464
-0.0369082
-0.0356006
-0.0341352
-0.0325263
-0.030792
-0.0289536
-0.0270365
-0.0250702
-0.0230874
-0.021124
-0.0192177
-0.0174067
-0.0157279
-0.0142143
-0.0128932
-0.0117841
-0.010897
-0.0102315
-0.00977748
-0.00951578
-0.00942044
-0.00946115
-0.00960598
-0.00982375
-0.0100859
-0.0103676
-0.0106485
-0.0109115
-0.011143
-0.0113401
-0.0115071
-0.000684333
-0.00107494
-0.00134067
-0.00154272
-0.0017326
-0.00192826
-0.00214545
-0.0023992
-0.00270218
-0.00306525
-0.00349811
-0.00400969
-0.00460831
-0.00530168
-0.0060968
-0.00699969
-0.00801517
-0.00914646
-0.010395
-0.0117599
-0.0132383
-0.0148246
-0.0165107
-0.0182858
-0.020137
-0.0220491
-0.0240046
-0.025985
-0.0279702
-0.0299397
-0.0318725
-0.033748
-0.0355463
-0.0372484
-0.0388366
-0.0402947
-0.0416083
-0.0427646
-0.0437527
-0.044563
-0.045188
-0.0456215
-0.0458585
-0.0458955
-0.0457304
-0.045362
-0.0447904
-0.0440171
-0.0430451
-0.0418788
-0.040525
-0.0389925
-0.0372934
-0.0354427
-0.0334598
-0.0313682
-0.029196
-0.0269761
-0.024746
-0.0225466
-0.0204216
-0.0184147
-0.0165681
-0.0149192
-0.0134978
-0.012324
-0.0114059
-0.0107394
-0.0103085
-0.0100873
-0.0100425
-0.0101372
-0.0103336
-0.0105964
-0.0108939
-0.0111998
-0.0114923
-0.011754
-0.0119808
-0.012178
-0.00123836
-0.00163691
-0.00190929
-0.00211916
-0.00232028
-0.00253194
-0.00277101
-0.00305347
-0.00339284
-0.00380072
-0.00428753
-0.00486289
-0.00553573
-0.00631433
-0.00720609
-0.0082173
-0.00935282
-0.0106157
-0.0120069
-0.0135249
-0.0151657
-0.0169225
-0.0187856
-0.0207427
-0.0227789
-0.0248767
-0.0270171
-0.0291793
-0.0313416
-0.0334816
-0.0355772
-0.0376066
-0.0395491
-0.0413853
-0.0430972
-0.0446687
-0.0460857
-0.0473357
-0.0484083
-0.0492946
-0.0499875
-0.0504812
-0.050771
-0.0508537
-0.0507269
-0.0503892
-0.0498399
-0.0490795
-0.0481096
-0.0469328
-0.0455536
-0.0439783
-0.0422159
-0.0402786
-0.0381822
-0.0359473
-0.0335997
-0.0311707
-0.0286975
-0.0262225
-0.023793
-0.0214589
-0.0192705
-0.0172754
-0.0155153
-0.0140219
-0.0128144
-0.0118976
-0.0112614
-0.010882
-0.0107249
-0.0107488
-0.0109093
-0.0111632
-0.0114715
-0.0118006
-0.0121229
-0.0124161
-0.0126751
-0.0129058
-0.00187787
-0.0022811
-0.00255858
-0.00277592
-0.00298866
-0.00321736
-0.00347991
-0.00379319
-0.00417147
-0.00462709
-0.00517116
-0.00581394
-0.00656497
-0.00743301
-0.00842582
-0.00954985
-0.0108099
-0.0122087
-0.0137466
-0.0154212
-0.0172272
-0.0191564
-0.0211974
-0.0233359
-0.025555
-0.0278352
-0.0301553
-0.0324925
-0.0348235
-0.0371243
-0.0393717
-0.0415429
-0.0436168
-0.0455736
-0.0473956
-0.0490671
-0.0505743
-0.0519057
-0.0530514
-0.0540035
-0.0547556
-0.0553025
-0.0556402
-0.0557658
-0.055677
-0.0553722
-0.0548506
-0.0541117
-0.0531559
-0.0519844
-0.0505993
-0.0490047
-0.0472064
-0.045213
-0.0430369
-0.0406946
-0.0382082
-0.035606
-0.0329229
-0.0302011
-0.0274893
-0.0248413
-0.0223146
-0.0199664
-0.0178501
-0.0160107
-0.0144808
-0.0132769
-0.0123979
-0.0118253
-0.0115257
-0.0114544
-0.011561
-0.0117942
-0.0121063
-0.0124555
-0.0128071
-0.0131332
-0.0134267
-0.0136944
-0.00260334
-0.00300785
-0.0032888
-0.00351317
-0.00373785
-0.00398452
-0.00427199
-0.00461794
-0.00503735
-0.00554325
-0.00614737
-0.00686061
-0.00769304
-0.00865383
-0.00975104
-0.0109912
-0.0123788
-0.0139162
-0.0156029
-0.0174354
-0.0194072
-0.0215081
-0.023725
-0.0260416
-0.0284386
-0.0308945
-0.033386
-0.0358884
-0.0383767
-0.0408257
-0.043211
-0.0455095
-0.0476996
-0.0497617
-0.0516785
-0.0534349
-0.055018
-0.0564171
-0.0576234
-0.05863
-0.0594313
-0.0600232
-0.0604024
-0.0605665
-0.0605135
-0.0602422
-0.0597513
-0.05904
-0.0581078
-0.0569545
-0.0555807
-0.0539878
-0.052179
-0.0501594
-0.0479372
-0.0455247
-0.0429395
-0.0402053
-0.0373533
-0.0344229
-0.0314621
-0.0285265
-0.0256782
-0.0229825
-0.020504
-0.0183015
-0.0164225
-0.0148981
-0.0137398
-0.0129377
-0.0124623
-0.0122682
-0.0122997
-0.0124975
-0.0128044
-0.0131693
-0.0135489
-0.0139087
-0.0142392
-0.0145476
-0.00341389
-0.00381617
-0.00409888
-0.00432978
-0.0045666
-0.00483199
-0.00514559
-0.00552577
-0.00598816
-0.00654638
-0.00721278
-0.00799879
-0.00891496
-0.00997083
-0.0111746
-0.0125327
-0.0140494
-0.0157263
-0.0175619
-0.0195517
-0.0216872
-0.0239568
-0.026345
-0.0288334
-0.0314005
-0.0340227
-0.0366746
-0.0393297
-0.0419616
-0.0445439
-0.0470515
-0.049461
-0.0517508
-0.0539017
-0.0558971
-0.0577227
-0.0593667
-0.0608196
-0.0620736
-0.063123
-0.0639634
-0.0645915
-0.0650049
-0.065202
-0.0651814
-0.064942
-0.0644827
-0.0638025
-0.0629004
-0.0617753
-0.0604262
-0.0588528
-0.0570555
-0.0550363
-0.0527996
-0.0503531
-0.0477092
-0.0448864
-0.0419106
-0.0388167
-0.0356495
-0.0324636
-0.0293231
-0.026299
-0.0234654
-0.0208942
-0.0186486
-0.0167767
-0.0153056
-0.0142381
-0.0135522
-0.0132048
-0.0131368
-0.0132816
-0.0135719
-0.0139465
-0.014352
-0.0147459
-0.0151155
-0.0154683
-0.00430722
-0.0047037
-0.0049864
-0.00522322
-0.00547224
-0.00575691
-0.00609758
-0.00651321
-0.00701996
-0.00763201
-0.00836223
-0.00922252
-0.0102239
-0.011376
-0.0126872
-0.0141637
-0.0158093
-0.0176248
-0.0196076
-0.0217516
-0.0240468
-0.0264793
-0.0290317
-0.0316833
-0.0344103
-0.037187
-0.0399861
-0.0427796
-0.0455395
-0.0482388
-0.0508519
-0.0533553
-0.0557278
-0.0579509
-0.0600087
-0.0618881
-0.0635785
-0.0650715
-0.0663608
-0.0674417
-0.068311
-0.0689665
-0.0694068
-0.0696309
-0.0696381
-0.0694278
-0.0689993
-0.0683514
-0.067483
-0.0663925
-0.0650778
-0.0635372
-0.0617691
-0.0597728
-0.0575489
-0.055101
-0.0524362
-0.0495672
-0.0465139
-0.043305
-0.0399799
-0.0365897
-0.0331975
-0.0298768
-0.0267085
-0.023776
-0.0211579
-0.0189203
-0.0171087
-0.0157423
-0.0148113
-0.0142782
-0.0140838
-0.0141551
-0.0144153
-0.0147916
-0.0152198
-0.0156475
-0.0160581
-0.0164591
-0.0052796
-0.00566671
-0.00594757
-0.00618961
-0.00645071
-0.00675499
-0.00712335
-0.00757522
-0.00812724
-0.008794
-0.00958886
-0.0105241
-0.011611
-0.0128594
-0.0142776
-0.0158715
-0.0176442
-0.0195956
-0.0217218
-0.024015
-0.0264635
-0.0290513
-0.0317586
-0.0345626
-0.0374373
-0.040355
-0.0432865
-0.0462025
-0.049074
-0.0518734
-0.054575
-0.0571553
-0.0595939
-0.0618729
-0.0639778
-0.0658965
-0.0676197
-0.0691403
-0.0704534
-0.0715555
-0.0724444
-0.0731191
-0.0735791
-0.073824
-0.0738541
-0.0736692
-0.073269
-0.0726527
-0.0718191
-0.0707664
-0.0694921
-0.0679934
-0.0662673
-0.0643108
-0.0621218
-0.0596998
-0.0570472
-0.054171
-0.0510843
-0.0478088
-0.044377
-0.0408341
-0.0372388
-0.0336641
-0.0301943
-0.0269213
-0.0239376
-0.0213269
-0.0191553
-0.0174617
-0.0162527
-0.0155014
-0.0151515
-0.0151266
-0.0153405
-0.015709
-0.0161551
-0.0166157
-0.0170688
-0.0175215
-0.00632593
-0.00670015
-0.00697731
-0.00722374
-0.00749661
-0.00782053
-0.00821686
-0.00870534
-0.00930295
-0.0100247
-0.0108842
-0.0118942
-0.013066
-0.0144096
-0.015933
-0.0176418
-0.0195381
-0.0216209
-0.0238849
-0.0263205
-0.028914
-0.0316473
-0.0344986
-0.0374426
-0.0404513
-0.0434951
-0.0465434
-0.0495656
-0.052532
-0.0554146
-0.0581879
-0.0608289
-0.0633178
-0.065638
-0.0677759
-0.0697208
-0.0714649
-0.0730022
-0.0743291
-0.0754432
-0.0763437
-0.0770303
-0.0775033
-0.0777634
-0.0778113
-0.0776476
-0.0772724
-0.0766854
-0.0758855
-0.0748712
-0.0736398
-0.072188
-0.0705118
-0.0686069
-0.0664689
-0.064094
-0.0614807
-0.0586304
-0.0555497
-0.0522532
-0.048765
-0.0451225
-0.0413779
-0.0375998
-0.0338723
-0.0302922
-0.0269627
-0.0239842
-0.0214434
-0.0194017
-0.0178861
-0.0168849
-0.0163498
-0.0162036
-0.0163532
-0.0167022
-0.0171604
-0.0176519
-0.0181486
-0.0186563
-0.00743981
-0.00779771
-0.00806929
-0.00831915
-0.00860326
-0.00894657
-0.00937073
-0.00989571
-0.0105387
-0.011315
-0.0122384
-0.0133219
-0.0145769
-0.0160134
-0.017639
-0.0194587
-0.0214738
-0.0236819
-0.0260764
-0.0286459
-0.0313745
-0.0342423
-0.037225
-0.0402953
-0.0434234
-0.0465779
-0.049727
-0.052839
-0.055884
-0.0588337
-0.061663
-0.0643497
-0.0668748
-0.0692228
-0.0713816
-0.0733416
-0.0750963
-0.0766411
-0.0779735
-0.0790924
-0.0799976
-0.0806898
-0.0811703
-0.0814404
-0.0815015
-0.0813546
-0.0810005
-0.0804395
-0.0796708
-0.0786932
-0.0775044
-0.0761009
-0.0744784
-0.0726317
-0.0705549
-0.0682421
-0.0656882
-0.0628901
-0.0598487
-0.0565708
-0.0530726
-0.0493823
-0.0455433
-0.041617
-0.0376835
-0.0338403
-0.0301974
-0.0268691
-0.0239617
-0.0215601
-0.0197154
-0.018436
-0.0176862
-0.0173929
-0.017458
-0.0177741
-0.0182369
-0.0187565
-0.0192972
-0.019863
-0.00861363
-0.00895196
-0.00921605
-0.00946825
-0.00976284
-0.010125
-0.0105764
-0.0111373
-0.0118248
-0.0126545
-0.0136404
-0.0147953
-0.0161309
-0.0176567
-0.0193802
-0.0213054
-0.0234329
-0.025759
-0.0282753
-0.0309687
-0.0338214
-0.0368112
-0.0399119
-0.0430943
-0.0463267
-0.0495765
-0.0528105
-0.0559967
-0.0591046
-0.0621066
-0.0649777
-0.0676966
-0.0702456
-0.0726102
-0.0747796
-0.0767455
-0.0785027
-0.0800478
-0.0813792
-0.0824969
-0.0834015
-0.0840946
-0.0845781
-0.0848538
-0.0849237
-0.0847896
-0.0844527
-0.0839137
-0.0831726
-0.0822286
-0.0810798
-0.0797232
-0.0781545
-0.0763683
-0.0743579
-0.0721159
-0.0696349
-0.0669082
-0.0639314
-0.0607051
-0.0572371
-0.0535461
-0.0496655
-0.0456472
-0.0415638
-0.0375092
-0.033596
-0.0299481
-0.0266889
-0.0239267
-0.0217387
-0.0201575
-0.0191659
-0.0186992
-0.0186584
-0.0189266
-0.0193852
-0.0199289
-0.0205134
-0.0211398
-0.00983874
-0.0101544
-0.0104092
-0.0106625
-0.0109665
-0.0113466
-0.0118244
-0.01242
-0.0131507
-0.014032
-0.0150779
-0.0163013
-0.0177137
-0.0193245
-0.0211403
-0.0231647
-0.0253971
-0.0278323
-0.0304605
-0.0332668
-0.0362314
-0.0393302
-0.0425351
-0.0458149
-0.0491367
-0.0524664
-0.0557703
-0.0590159
-0.0621727
-0.0652134
-0.0681139
-0.0708537
-0.0734161
-0.0757881
-0.0779599
-0.0799247
-0.0816782
-0.0832181
-0.0845438
-0.085656
-0.0865563
-0.0872466
-0.0877295
-0.0880073
-0.0880826
-0.0879575
-0.0876338
-0.0871129
-0.0863953
-0.0854807
-0.084368
-0.0830548
-0.0815372
-0.0798102
-0.0778669
-0.0756993
-0.0732985
-0.0706552
-0.0677612
-0.0646114
-0.0612061
-0.0575549
-0.0536808
-0.0496244
-0.0454481
-0.0412385
-0.0371058
-0.0331789
-0.0295947
-0.0264827
-0.0239467
-0.0220472
-0.02079
-0.020125
-0.0199561
-0.02016
-0.0206042
-0.0211672
-0.0217945
-0.0224837
-0.0111056
-0.0113958
-0.0116393
-0.0118924
-0.0122048
-0.0126014
-0.0131043
-0.013733
-0.0145048
-0.0154352
-0.0165381
-0.0178262
-0.0193109
-0.021001
-0.0229028
-0.0250188
-0.0273474
-0.0298821
-0.0326114
-0.0355188
-0.0385827
-0.041777
-0.0450718
-0.0484347
-0.0518313
-0.0552266
-0.0585863
-0.0618778
-0.0650708
-0.0681386
-0.0710577
-0.0738089
-0.0763765
-0.0787487
-0.0809169
-0.0828753
-0.0846206
-0.0861516
-0.0874685
-0.0885725
-0.0894658
-0.0901509
-0.0906307
-0.0909081
-0.0909859
-0.0908666
-0.0905527
-0.0900459
-0.0893473
-0.0884576
-0.0873762
-0.0861015
-0.0846305
-0.0829586
-0.0810798
-0.0789859
-0.0766673
-0.0741133
-0.071313
-0.0682567
-0.0649387
-0.0613601
-0.0575335
-0.0534878
-0.0492732
-0.044966
-0.0406696
-0.0365127
-0.0326407
-0.029201
-0.0263229
-0.0240966
-0.0225554
-0.0216693
-0.0213508
-0.0214732
-0.0218915
-0.0224678
-0.0231363
-0.0238896
-0.012404
-0.0126663
-0.0128967
-0.0131481
-0.0134672
-0.013879
-0.014405
-0.0150647
-0.0158752
-0.0168515
-0.0180075
-0.0193559
-0.0209073
-0.0226705
-0.0246508
-0.0268501
-0.0292654
-0.0318891
-0.0347082
-0.0377044
-0.0408544
-0.0441306
-0.0475016
-0.0509336
-0.0543911
-0.0578385
-0.0612413
-0.0645667
-0.067785
-0.0708699
-0.0737991
-0.0765541
-0.0791206
-0.0814877
-0.0836478
-0.0855964
-0.0873309
-0.0888509
-0.090157
-0.0912513
-0.0921362
-0.0928147
-0.0932899
-0.0935649
-0.093643
-0.0935271
-0.0932197
-0.0927234
-0.0920397
-0.0911701
-0.0901147
-0.0888728
-0.0874426
-0.0858204
-0.0840008
-0.0819765
-0.0797381
-0.0772741
-0.0745721
-0.0716194
-0.0684052
-0.0649235
-0.0611774
-0.0571842
-0.0529812
-0.0486317
-0.0442288
-0.0398961
-0.035782
-0.032047
-0.0288434
-0.0262909
-0.024454
-0.0233278
-0.0228391
-0.0228626
-0.0232429
-0.0238255
-0.0245326
-0.0253509
-0.0137232
-0.0139553
-0.014171
-0.0144191
-0.0147433
-0.0151683
-0.0157153
-0.0164034
-0.0172493
-0.0182679
-0.0194727
-0.0208759
-0.0224881
-0.0243172
-0.026368
-0.0286413
-0.0311333
-0.033835
-0.0367319
-0.0398044
-0.0430275
-0.0463723
-0.049806
-0.0532937
-0.0567993
-0.0602866
-0.063721
-0.0670699
-0.0703042
-0.0733983
-0.0763306
-0.0790838
-0.0816445
-0.084003
-0.0861525
-0.0880892
-0.0898115
-0.0913195
-0.0926144
-0.0936984
-0.0945745
-0.0952457
-0.0957155
-0.0959871
-0.0960639
-0.0959492
-0.0956458
-0.0951567
-0.0944841
-0.0936298
-0.0925952
-0.0913803
-0.0899845
-0.0884052
-0.0866382
-0.0846773
-0.0825138
-0.0801366
-0.0775325
-0.0746871
-0.0715859
-0.0682175
-0.0645766
-0.0606697
-0.0565211
-0.05218
-0.0477263
-0.0432741
-0.0389694
-0.0349802
-0.0314775
-0.0286091
-0.0264722
-0.0250918
-0.0244149
-0.0243224
-0.0246518
-0.0252331
-0.0259756
-0.026859
-0.0150523
-0.0152523
-0.0154517
-0.0156948
-0.0160222
-0.0164581
-0.0170236
-0.0177371
-0.0186149
-0.0196714
-0.0209199
-0.0223722
-0.0240383
-0.0259255
-0.0280381
-0.0303759
-0.032934
-0.0357023
-0.0386651
-0.0418012
-0.0450846
-0.0484849
-0.0519686
-0.0554996
-0.0590415
-0.0625578
-0.0660139
-0.0693776
-0.0726202
-0.075717
-0.0786473
-0.0813947
-0.0839467
-0.0862943
-0.0884318
-0.0903561
-0.092066
-0.093562
-0.0948459
-0.0959201
-0.0967875
-0.0974516
-0.0979157
-0.0981833
-0.0982579
-0.0981428
-0.0978414
-0.0973566
-0.0966915
-0.0958485
-0.0948295
-0.0936359
-0.0922678
-0.0907243
-0.0890024
-0.0870972
-0.0850014
-0.0827047
-0.0801942
-0.0774548
-0.0744699
-0.0712238
-0.0677046
-0.0639094
-0.0598502
-0.0555617
-0.0511088
-0.0465926
-0.0421516
-0.0379556
-0.0341888
-0.0310242
-0.0285913
-0.0269485
-0.0260685
-0.0258441
-0.0261098
-0.0266814
-0.0274553
-0.0284033
-0.0163802
-0.0165468
-0.0167282
-0.0169646
-0.0172931
-0.0177376
-0.0183185
-0.0190539
-0.0199595
-0.0210493
-0.022336
-0.0238309
-0.0255436
-0.0274808
-0.029646
-0.0320382
-0.0346516
-0.0374749
-0.0404914
-0.0436788
-0.04701
-0.0504536
-0.0539751
-0.0575381
-0.0611057
-0.0646413
-0.0681106
-0.0714817
-0.0747267
-0.0778213
-0.080746
-0.0834849
-0.0860264
-0.0883624
-0.0904878
-0.0923999
-0.094098
-0.095583
-0.0968569
-0.0979221
-0.0987818
-0.0994392
-0.099898
-0.100161
-0.100233
-0.100117
-0.0998154
-0.0993328
-0.0986721
-0.0978364
-0.0968284
-0.0956505
-0.094304
-0.092789
-0.0911044
-0.0892467
-0.08721
-0.0849857
-0.0825618
-0.0799233
-0.0770528
-0.0739318
-0.0705437
-0.0668774
-0.0629342
-0.0587348
-0.0543282
-0.0498002
-0.0452775
-0.0409258
-0.0369369
-0.0335039
-0.0307872
-0.0288804
-0.0277865
-0.0274163
-0.0276058
-0.028159
-0.0289597
-0.029971
-0.0176962
-0.0178281
-0.0179903
-0.0182182
-0.0185457
-0.0189959
-0.019589
-0.0203425
-0.0212714
-0.0223892
-0.0237081
-0.0252389
-0.0269904
-0.028969
-0.0311772
-0.0336135
-0.0362712
-0.039138
-0.0421964
-0.045423
-0.0487899
-0.052265
-0.0558132
-0.0593979
-0.0629816
-0.0665283
-0.0700036
-0.0733762
-0.0766188
-0.0797079
-0.0826244
-0.0853535
-0.0878841
-0.0902086
-0.0923225
-0.0942235
-0.0959112
-0.0973867
-0.0986519
-0.0997096
-0.100563
-0.101214
-0.101668
-0.101928
-0.101997
-0.101878
-0.101576
-0.101093
-0.100434
-0.0996025
-0.0986015
-0.0974342
-0.0961032
-0.09461
-0.0929549
-0.0911361
-0.0891497
-0.0869885
-0.0846423
-0.0820969
-0.0793352
-0.0763373
-0.0730832
-0.0695559
-0.0657472
-0.0616651
-0.0573431
-0.0528501
-0.0482979
-0.043843
-0.0396784
-0.0360118
-0.0330313
-0.0308655
-0.0295519
-0.0290244
-0.0291261
-0.0296522
-0.0304747
-0.0315473
-0.0189896
-0.0190864
-0.019228
-0.0194458
-0.0197697
-0.0202228
-0.0208246
-0.021592
-0.0225393
-0.0236795
-0.0250242
-0.0265836
-0.0283659
-0.0303769
-0.0326185
-0.0350885
-0.0377794
-0.0406784
-0.0437669
-0.047021
-0.0504123
-0.0539079
-0.0574726
-0.0610694
-0.0646611
-0.0682116
-0.0716869
-0.0750564
-0.0782931
-0.0813743
-0.0842814
-0.0870002
-0.0895202
-0.0918342
-0.093938
-0.0958295
-0.0975087
-0.0989765
-0.100235
-0.101287
-0.102135
-0.102782
-0.103232
-0.103488
-0.103554
-0.103433
-0.103128
-0.102644
-0.101985
-0.101154
-0.100156
-0.0989951
-0.0976742
-0.0961965
-0.0945635
-0.0927755
-0.0908302
-0.0887225
-0.0864441
-0.0839824
-0.0813212
-0.0784405
-0.0753184
-0.0719336
-0.0682705
-0.064326
-0.0601189
-0.0557011
-0.0511671
-0.0466602
-0.0423687
-0.0385087
-0.0352911
-0.0328783
-0.031344
-0.0306511
-0.0306546
-0.0311451
-0.031984
-0.0331154
-0.0202506
-0.0203122
-0.020432
-0.0206379
-0.020956
-0.0214088
-0.0220154
-0.0227922
-0.0237528
-0.0249095
-0.0262733
-0.0278537
-0.0296585
-0.0316928
-0.033958
-0.0364511
-0.0391643
-0.0420841
-0.0451914
-0.048462
-0.0518667
-0.0553727
-0.0589444
-0.0625449
-0.0661372
-0.0696854
-0.073156
-0.0765187
-0.0797471
-0.0828189
-0.0857162
-0.0884251
-0.0909355
-0.0932405
-0.0953361
-0.0972203
-0.098893
-0.100355
-0.101609
-0.102657
-0.103501
-0.104145
-0.104592
-0.104846
-0.104908
-0.104784
-0.104477
-0.10399
-0.103329
-0.102497
-0.101499
-0.10034
-0.0990241
-0.097556
-0.0959385
-0.0941735
-0.0922605
-0.0901968
-0.0879759
-0.0855875
-0.0830168
-0.0802447
-0.0772487
-0.0740048
-0.0704919
-0.0666977
-0.0626281
-0.0583182
-0.0538443
-0.0493332
-0.0449636
-0.0409536
-0.0375311
-0.0348892
-0.0331391
-0.0322759
-0.0321726
-0.0326195
-0.0334693
-0.0346565
-0.0214705
-0.0214971
-0.0215934
-0.0217862
-0.0220959
-0.0225451
-0.0231526
-0.023934
-0.0249024
-0.0260693
-0.0274452
-0.0290389
-0.0308577
-0.032906
-0.0351848
-0.0376907
-0.0404154
-0.043345
-0.0464602
-0.0497364
-0.0531443
-0.0566511
-0.0602212
-0.0638179
-0.0674044
-0.0709451
-0.074407
-0.0777601
-0.0809786
-0.0840405
-0.0869283
-0.0896283
-0.0921306
-0.0944285
-0.0965181
-0.0983973
-0.100066
-0.101525
-0.102776
-0.103822
-0.104664
-0.105307
-0.105752
-0.106003
-0.106063
-0.105936
-0.105625
-0.105135
-0.10447
-0.103634
-0.102633
-0.101473
-0.100158
-0.0986947
-0.0970866
-0.0953373
-0.0934485
-0.0914194
-0.0892459
-0.08692
-0.0844289
-0.0817551
-0.0788764
-0.0757679
-0.0724044
-0.0687668
-0.0648495
-0.0606724
-0.0562936
-0.0518215
-0.0474206
-0.0433053
-0.0397141
-0.0368665
-0.0349101
-0.0338758
-0.0336593
-0.0340552
-0.0349105
-0.0361499
-0.0226401
-0.0226314
-0.0227063
-0.0228834
-0.0231819
-0.0236242
-0.0242284
-0.0250094
-0.0259797
-0.0271504
-0.0285311
-0.0301302
-0.0319542
-0.0340071
-0.0362896
-0.038798
-0.0415236
-0.0444523
-0.0475647
-0.0508363
-0.0542379
-0.0577366
-0.0612973
-0.0648833
-0.0684583
-0.0719871
-0.075437
-0.0787786
-0.0819862
-0.0850382
-0.0879171
-0.0906096
-0.0931058
-0.095399
-0.097485
-0.0993618
-0.101029
-0.102487
-0.103738
-0.104784
-0.105626
-0.106268
-0.106713
-0.106962
-0.10702
-0.10689
-0.106576
-0.106081
-0.10541
-0.104569
-0.103563
-0.102398
-0.101081
-0.0996172
-0.0980129
-0.0962728
-0.0944006
-0.0923975
-0.0902617
-0.0879876
-0.0855648
-0.0829779
-0.080206
-0.0772241
-0.0740051
-0.0705244
-0.0667676
-0.062741
-0.058485
-0.0540888
-0.0496999
-0.0455231
-0.0418017
-0.0387761
-0.0366278
-0.0354251
-0.0350912
-0.0354301
-0.0362854
-0.0375735
-0.0237526
-0.0237101
-0.0237621
-0.0239223
-0.0242076
-0.0246394
-0.0252359
-0.0260113
-0.0269778
-0.0281455
-0.0295235
-0.0311197
-0.0329401
-0.0349884
-0.0372647
-0.0397652
-0.0424812
-0.0453986
-0.0484982
-0.0517554
-0.0551415
-0.0586239
-0.0621677
-0.0657369
-0.0692954
-0.0728086
-0.076244
-0.0795725
-0.0827687
-0.0858111
-0.0886824
-0.0913692
-0.0938614
-0.0961522
-0.0982373
-0.100114
-0.101783
-0.103243
-0.104495
-0.105543
-0.106387
-0.10703
-0.107475
-0.107724
-0.10778
-0.107647
-0.107328
-0.106828
-0.106152
-0.105304
-0.10429
-0.103118
-0.101795
-0.100327
-0.0987214
-0.0969848
-0.0951223
-0.0931371
-0.0910299
-0.0887972
-0.0864316
-0.0839197
-0.0812428
-0.0783769
-0.075294
-0.0719662
-0.0683721
-0.0645064
-0.0603937
-0.0561038
-0.0517649
-0.0475685
-0.0437561
-0.0405829
-0.038261
-0.0368964
-0.0364434
-0.0367201
-0.0375707
-0.0389036
-0.0248019
-0.024727
-0.0247558
-0.0248979
-0.0251674
-0.0255854
-0.0261697
-0.0269343
-0.0278906
-0.0290484
-0.0304161
-0.0320011
-0.033809
-0.0358431
-0.0381034
-0.040586
-0.0432822
-0.0461782
-0.049255
-0.0524885
-0.0558504
-0.0593087
-0.062829
-0.0663757
-0.0699133
-0.0734074
-0.0768262
-0.0801405
-0.0833252
-0.0863588
-0.0892239
-0.0919068
-0.0943973
-0.0966884
-0.0987752
-0.100655
-0.102327
-0.103791
-0.105048
-0.1061
-0.106947
-0.107593
-0.108039
-0.108288
-0.108343
-0.108208
-0.107885
-0.107379
-0.106695
-0.105838
-0.104816
-0.103635
-0.102302
-0.100826
-0.0992153
-0.0974769
-0.0956178
-0.0936433
-0.0915559
-0.0893551
-0.0870356
-0.084587
-0.0819929
-0.0792308
-0.0762733
-0.0730908
-0.0696565
-0.0659562
-0.0620002
-0.0578398
-0.0535833
-0.0494051
-0.0455398
-0.0422512
-0.0397772
-0.0382603
-0.0376889
-0.0378999
-0.0387412
-0.0401154
-0.0257828
-0.0256773
-0.0256831
-0.0258059
-0.0260572
-0.026458
-0.0270257
-0.027774
-0.0287138
-0.0298545
-0.0312041
-0.0327695
-0.0345559
-0.0365663
-0.0388008
-0.0412554
-0.0439217
-0.0467864
-0.0498309
-0.0530318
-0.0563613
-0.0597881
-0.0632785
-0.0667975
-0.07031
-0.0737823
-0.0771825
-0.0804818
-0.0836551
-0.0866807
-0.0895411
-0.0922222
-0.0947135
-0.0970074
-0.0990987
-0.100984
-0.102663
-0.104134
-0.105397
-0.106454
-0.107307
-0.107957
-0.108406
-0.108656
-0.10871
-0.108572
-0.108244
-0.107732
-0.10704
-0.106174
-0.105141
-0.103948
-0.102604
-0.101117
-0.0994971
-0.0977521
-0.0958908
-0.0939201
-0.0918449
-0.0896667
-0.0873831
-0.0849863
-0.0824624
-0.0797914
-0.076947
-0.0738991
-0.0706179
-0.0670819
-0.0632894
-0.059275
-0.0551267
-0.051
-0.0471176
-0.0437459
-0.0411432
-0.0394865
-0.0387996
-0.0389425
-0.0397708
-0.0411827
-0.0266914
-0.0265574
-0.0265406
-0.0266433
-0.0268743
-0.0272544
-0.027801
-0.0285274
-0.0294442
-0.0305605
-0.031884
-0.0334211
-0.0351769
-0.0371541
-0.039353
-0.0417698
-0.0443965
-0.0472202
-0.0502232
-0.0533827
-0.0566719
-0.0600602
-0.0635146
-0.067001
-0.0704847
-0.0739323
-0.0773123
-0.080596
-0.083758
-0.0867767
-0.0896339
-0.0923153
-0.0948098
-0.0971091
-0.0992077
-0.101102
-0.102789
-0.104269
-0.105542
-0.106607
-0.107467
-0.108122
-0.108574
-0.108826
-0.108881
-0.10874
-0.108408
-0.107889
-0.107188
-0.106312
-0.105267
-0.104061
-0.102703
-0.101202
-0.0995688
-0.097813
-0.0959444
-0.0939716
-0.0919012
-0.0897373
-0.0874797
-0.0851234
-0.0826576
-0.0800644
-0.0773198
-0.0743941
-0.0712559
-0.0678786
-0.0642507
-0.0603919
-0.0563711
-0.0523234
-0.0484561
-0.0450326
-0.0423258
-0.0405437
-0.0397463
-0.03982
-0.0406323
-0.042079
-0.027525
-0.0273649
-0.0273262
-0.027408
-0.0276168
-0.027973
-0.028494
-0.0291928
-0.0300801
-0.0311646
-0.0324537
-0.0339538
-0.0356697
-0.0376042
-0.0397577
-0.0421268
-0.0447041
-0.0474775
-0.0504299
-0.0535398
-0.056781
-0.060124
-0.0635368
-0.0669857
-0.070437
-0.0738574
-0.0772156
-0.0804831
-0.0836342
-0.0866468
-0.0895025
-0.0921862
-0.0946862
-0.0969937
-0.0991022
-0.101007
-0.102707
-0.104198
-0.105482
-0.106557
-0.107426
-0.108088
-0.108546
-0.108801
-0.108855
-0.108713
-0.108376
-0.10785
-0.107141
-0.106253
-0.105194
-0.103973
-0.102599
-0.101082
-0.0994327
-0.0976624
-0.0957818
-0.0938013
-0.0917292
-0.0895716
-0.0873308
-0.0850046
-0.0825846
-0.0800561
-0.0773972
-0.0745799
-0.0715722
-0.0683442
-0.064877
-0.0611774
-0.0572966
-0.0533492
-0.0495247
-0.0460783
-0.0432919
-0.0414001
-0.0404987
-0.0405035
-0.0412975
-0.0427765
-0.0282822
-0.0280986
-0.0280391
-0.0280995
-0.0282843
-0.0286135
-0.0291044
-0.02977
-0.030621
-0.031666
-0.0329124
-0.0343665
-0.0360332
-0.0379154
-0.0400137
-0.0423254
-0.0448438
-0.0475575
-0.0504506
-0.0535026
-0.0566884
-0.0599797
-0.0633452
-0.0667522
-0.0701674
-0.0735581
-0.0768932
-0.0801438
-0.0832841
-0.0862916
-0.0891472
-0.0918352
-0.0943432
-0.0966613
-0.0987825
-0.100702
-0.102415
-0.103921
-0.105218
-0.106306
-0.107185
-0.107856
-0.10832
-0.108579
-0.108635
-0.108491
-0.10815
-0.107618
-0.106898
-0.105998
-0.104925
-0.103688
-0.102296
-0.10076
-0.0990918
-0.0973033
-0.0954066
-0.0934132
-0.0913333
-0.0891747
-0.0869421
-0.0846357
-0.0822501
-0.0797731
-0.0771857
-0.0744618
-0.0715701
-0.068479
-0.065164
-0.0616215
-0.0578869
-0.0540548
-0.0502953
-0.0468518
-0.0440091
-0.0420239
-0.0410261
-0.0409633
-0.0417375
-0.0432469
-0.0289625
-0.0287584
-0.0286792
-0.0287181
-0.0288773
-0.0291766
-0.0296331
-0.0302599
-0.0310677
-0.0320654
-0.0332606
-0.0346596
-0.0362675
-0.0380876
-0.040121
-0.0423656
-0.0448155
-0.0474604
-0.0502857
-0.0532718
-0.0563951
-0.0596282
-0.0629411
-0.0663017
-0.0696775
-0.073036
-0.0763462
-0.0795793
-0.082709
-0.0857122
-0.0885692
-0.0912634
-0.0937814
-0.0961128
-0.0982493
-0.100185
-0.101916
-0.103438
-0.104752
-0.105854
-0.106746
-0.107428
-0.1079
-0.108164
-0.108222
-0.108077
-0.107732
-0.107193
-0.106463
-0.10555
-0.104462
-0.103207
-0.101796
-0.100239
-0.0985494
-0.0967396
-0.0948229
-0.0928119
-0.0907184
-0.088552
-0.0863194
-0.0840232
-0.0816606
-0.0792223
-0.076692
-0.0740459
-0.0712544
-0.0682852
-0.0651103
-0.0617177
-0.0581292
-0.0544211
-0.0507431
-0.0473236
-0.0444459
-0.0423831
-0.0412972
-0.0411688
-0.0419223
-0.0434612
-0.0295666
-0.0293451
-0.0292478
-0.0292653
-0.0293976
-0.0296642
-0.030082
-0.0306643
-0.0314221
-0.0323646
-0.0334998
-0.0348344
-0.0363738
-0.038122
-0.0400807
-0.0422484
-0.0446204
-0.0471877
-0.0499366
-0.0528491
-0.0559028
-0.0590717
-0.0623266
-0.0656365
-0.0689693
-0.0722932
-0.075577
-0.0787918
-0.0819109
-0.0849106
-0.0877702
-0.0904723
-0.0930026
-0.0953495
-0.097504
-0.099459
-0.101209
-0.102752
-0.104083
-0.105203
-0.10611
-0.106804
-0.107286
-0.107556
-0.107618
-0.107473
-0.107125
-0.106579
-0.105839
-0.104913
-0.103809
-0.102535
-0.101103
-0.0995236
-0.0978102
-0.0959762
-0.0940359
-0.0920029
-0.0898904
-0.0877097
-0.0854694
-0.0831741
-0.0808236
-0.0784112
-0.0759235
-0.0733393
-0.070631
-0.0677668
-0.0647165
-0.0614622
-0.0580141
-0.0544318
-0.0508455
-0.0474664
-0.0445715
-0.0424458
-0.0412801
-0.0410884
-0.0418211
-0.0433893
-0.0300961
-0.0298606
-0.029747
-0.0297433
-0.0298478
-0.0300792
-0.0304542
-0.0309864
-0.0316872
-0.0325664
-0.0336326
-0.0348932
-0.0363544
-0.0380207
-0.0398946
-0.0419759
-0.0442607
-0.0467414
-0.0494058
-0.0522371
-0.0552145
-0.058313
-0.0615048
-0.0647597
-0.0680463
-0.071333
-0.0745889
-0.0777845
-0.0808929
-0.0838895
-0.0867529
-0.0894646
-0.0920092
-0.094374
-0.0965489
-0.0985259
-0.100299
-0.101863
-0.103216
-0.104356
-0.10528
-0.105988
-0.106482
-0.10676
-0.106827
-0.106683
-0.106333
-0.10578
-0.105031
-0.104092
-0.102971
-0.101678
-0.100223
-0.0986196
-0.0968802
-0.0950194
-0.093052
-0.0909929
-0.0888565
-0.0866553
-0.0843997
-0.0820964
-0.0797472
-0.0773482
-0.0748886
-0.0723499
-0.0697068
-0.0669288
-0.0639849
-0.0608531
-0.0575344
-0.0540738
-0.0505827
-0.0472544
-0.0443562
-0.0421803
-0.0409421
-0.0406896
-0.0414017
-0.043
-0.0305536
-0.0303077
-0.0301796
-0.0301554
-0.0302314
-0.0304252
-0.0307536
-0.0312301
-0.0318668
-0.0326744
-0.0336626
-0.0348395
-0.0362122
-0.0377865
-0.0395657
-0.0415508
-0.0437393
-0.0461248
-0.0486965
-0.0514394
-0.0543338
-0.0573563
-0.06048
-0.0636758
-0.0669129
-0.0701599
-0.073386
-0.0765617
-0.0796591
-0.0826531
-0.0855212
-0.088244
-0.0908048
-0.0931897
-0.0953875
-0.0973892
-0.0991875
-0.100777
-0.102154
-0.103315
-0.104259
-0.104985
-0.105492
-0.105781
-0.105854
-0.105712
-0.10536
-0.104802
-0.104044
-0.103092
-0.101954
-0.100641
-0.0991636
-0.0975343
-0.0957671
-0.093877
-0.0918795
-0.0897904
-0.0876251
-0.0853974
-0.0831193
-0.0807991
-0.0784408
-0.0760426
-0.0735964
-0.0710863
-0.0684896
-0.0657776
-0.0629196
-0.0598907
-0.0566852
-0.0533359
-0.049937
-0.0466637
-0.0437712
-0.0415542
-0.0402497
-0.0399383
-0.0406303
-0.0422606
-0.0309425
-0.0306897
-0.0305495
-0.0305057
-0.0305526
-0.0307069
-0.0309847
-0.0313999
-0.0319654
-0.0326931
-0.0335938
-0.034677
-0.0359511
-0.037423
-0.0390975
-0.0409768
-0.0430598
-0.0453416
-0.047813
-0.0504604
-0.0532655
-0.0562065
-0.0592575
-0.0623902
-0.0655746
-0.0687795
-0.0719743
-0.0751289
-0.078215
-0.0812067
-0.0840804
-0.0868156
-0.0893944
-0.0918016
-0.0940247
-0.0960536
-0.0978799
-0.0994974
-0.100901
-0.102087
-0.103054
-0.103799
-0.104322
-0.104623
-0.104704
-0.104567
-0.104215
-0.103653
-0.102886
-0.101921
-0.100767
-0.0994341
-0.097933
-0.096277
-0.0944804
-0.0925588
-0.0905284
-0.0884056
-0.0862067
-0.0839468
-0.0816389
-0.0792931
-0.076915
-0.074505
-0.0720572
-0.0695585
-0.0669885
-0.0643207
-0.0615255
-0.0585767
-0.0554636
-0.052209
-0.0488924
-0.0456713
-0.0427876
-0.0405352
-0.0391681
-0.0387988
-0.039471
-0.0411362
-0.0312668
-0.031011
-0.0308611
-0.0307988
-0.0308164
-0.0309292
-0.0311527
-0.0315011
-0.0319883
-0.0326275
-0.033431
-0.0344103
-0.0355753
-0.0369345
-0.0384942
-0.0402581
-0.0422267
-0.0443966
-0.0467602
-0.0493054
-0.0520155
-0.0548697
-0.0578435
-0.0609096
-0.0640383
-0.0671989
-0.0703607
-0.0734933
-0.0765678
-0.0795574
-0.0824375
-0.0851862
-0.0877846
-0.0902161
-0.0924669
-0.0945256
-0.0963827
-0.0980309
-0.0994642
-0.100678
-0.10167
-0.102437
-0.102979
-0.103295
-0.103387
-0.103256
-0.102906
-0.102341
-0.101567
-0.100591
-0.0994206
-0.0980673
-0.0965423
-0.0948589
-0.0930318
-0.0910768
-0.0890107
-0.0868507
-0.0846138
-0.0823158
-0.0799711
-0.0775907
-0.0751821
-0.0727474
-0.0702827
-0.0677772
-0.0652132
-0.0625664
-0.0598087
-0.0569137
-0.0538676
-0.0506854
-0.047434
-0.0442552
-0.0413769
-0.0390893
-0.0376604
-0.0372324
-0.0378851
-0.0395889
-0.031531
-0.0312763
-0.0311193
-0.0310399
-0.0310282
-0.0310978
-0.0312633
-0.0315394
-0.0319408
-0.0324827
-0.0331793
-0.0340442
-0.0350895
-0.0363254
-0.0377602
-0.0393993
-0.0412448
-0.043295
-0.0455438
-0.0479806
-0.0505902
-0.0533531
-0.0562459
-0.0592419
-0.0623124
-0.0654267
-0.068554
-0.0716637
-0.0747262
-0.0777139
-0.080601
-0.0833645
-0.085984
-0.0884417
-0.0907224
-0.0928134
-0.0947041
-0.0963858
-0.0978518
-0.0990968
-0.100117
-0.100909
-0.101473
-0.101806
-0.101911
-0.101789
-0.101443
-0.100877
-0.100097
-0.0991109
-0.0979261
-0.0965534
-0.0950048
-0.0932937
-0.0914351
-0.0894451
-0.0873411
-0.0851405
-0.082861
-0.0805193
-0.0781304
-0.0757065
-0.0732563
-0.0707834
-0.0682857
-0.0657546
-0.0631746
-0.0605237
-0.0577757
-0.054905
-0.0518958
-0.0487577
-0.0455476
-0.0423932
-0.0395094
-0.0371812
-0.0356871
-0.0351972
-0.0358298
-0.037577
-0.0317404
-0.0314909
-0.0313298
-0.0312347
-0.0311939
-0.0312185
-0.0313225
-0.0315204
-0.0318286
-0.0322641
-0.0328438
-0.0335837
-0.0344984
-0.0356005
-0.0369005
-0.0384055
-0.0401196
-0.0420427
-0.0441702
-0.0464931
-0.0489974
-0.051665
-0.0544733
-0.0573967
-0.0604067
-0.063473
-0.0665647
-0.0696508
-0.0727011
-0.075687
-0.0785818
-0.0813611
-0.0840032
-0.0864889
-0.0888017
-0.0909274
-0.0928543
-0.0945725
-0.0960742
-0.0973532
-0.0984047
-0.0992255
-0.0998135
-0.100168
-0.100289
-0.100178
-0.0998387
-0.0992745
-0.0984914
-0.0974964
-0.0962982
-0.0949074
-0.0933357
-0.0915971
-0.0897064
-0.0876803
-0.0855362
-0.083292
-0.0809656
-0.0785744
-0.0761338
-0.073657
-0.0711535
-0.0686283
-0.0660807
-0.0635038
-0.0608843
-0.0582023
-0.0554336
-0.052554
-0.0495471
-0.0464189
-0.0432185
-0.0400625
-0.0371541
-0.0347727
-0.033205
-0.032647
-0.0332574
-0.0350537
-0.0319003
-0.0316607
-0.0314985
-0.0313895
-0.0313197
-0.0312977
-0.0313361
-0.03145
-0.0316572
-0.0319771
-0.0324296
-0.0330336
-0.0338069
-0.0347648
-0.03592
-0.0372822
-0.038857
-0.0406462
-0.0426467
-0.0448508
-0.0472459
-0.0498148
-0.0525362
-0.0553848
-0.0583326
-0.0613498
-0.0644051
-0.0674671
-0.0705052
-0.0734896
-0.0763927
-0.0791889
-0.0818549
-0.0843704
-0.0867174
-0.0888802
-0.0908459
-0.0926035
-0.0941439
-0.0954601
-0.0965465
-0.0973991
-0.0980151
-0.0983934
-0.0985338
-0.0984377
-0.0981078
-0.0975481
-0.0967642
-0.0957632
-0.0945537
-0.0931463
-0.0915529
-0.0897872
-0.0878646
-0.0858015
-0.0836154
-0.0813246
-0.078947
-0.0765003
-0.0740004
-0.0714609
-0.0688919
-0.0662992
-0.0636835
-0.0610392
-0.0583547
-0.0556121
-0.0527894
-0.0498638
-0.0468195
-0.0436606
-0.0404308
-0.0372385
-0.0342772
-0.0318219
-0.030166
-0.0295295
-0.030114
-0.0319657
-0.0320168
-0.0317918
-0.0316319
-0.0315109
-0.0314122
-0.0313416
-0.0313104
-0.0313339
-0.0314319
-0.0316266
-0.0319412
-0.0323985
-0.0330195
-0.0338228
-0.034824
-0.0360348
-0.0374632
-0.0391124
-0.040981
-0.0430624
-0.0453453
-0.0478133
-0.0504459
-0.0532185
-0.0561034
-0.0590708
-0.0620894
-0.0651275
-0.0681535
-0.071137
-0.0740491
-0.0768631
-0.0795546
-0.0821015
-0.0844846
-0.0866869
-0.088694
-0.0904937
-0.092076
-0.0934327
-0.0945573
-0.0954451
-0.0960928
-0.0964986
-0.096662
-0.0965841
-0.0962674
-0.0957154
-0.0949338
-0.0939296
-0.0927114
-0.0912896
-0.0896762
-0.0878847
-0.0859305
-0.0838299
-0.0816004
-0.0792602
-0.0768272
-0.074319
-0.0717517
-0.0691389
-0.0664912
-0.0638149
-0.0611113
-0.058376
-0.0555987
-0.0527633
-0.0498496
-0.0468367
-0.0437098
-0.0404728
-0.0371664
-0.0338933
-0.0308409
-0.0282817
-0.0265154
-0.0257849
-0.0263371
-0.0282511
-0.0320959
-0.0318911
-0.0317371
-0.0316059
-0.0314781
-0.0313566
-0.0312511
-0.0311774
-0.0311575
-0.0312169
-0.0313829
-0.0316823
-0.0321403
-0.0327791
-0.0336173
-0.0346692
-0.0359448
-0.0374491
-0.0391818
-0.0411378
-0.0433065
-0.0456725
-0.0482156
-0.0509119
-0.0537339
-0.0566518
-0.0596341
-0.0626486
-0.0656631
-0.0686464
-0.0715686
-0.0744017
-0.0771199
-0.0796999
-0.082121
-0.084365
-0.086416
-0.0882607
-0.0898878
-0.0912882
-0.0924545
-0.0933812
-0.0940643
-0.0945015
-0.0946919
-0.094636
-0.094336
-0.0937958
-0.0930202
-0.0920163
-0.0907926
-0.0893591
-0.0877279
-0.0859124
-0.0839274
-0.0817893
-0.0795152
-0.0771229
-0.0746302
-0.0720543
-0.0694109
-0.0667137
-0.063973
-0.0611954
-0.0583824
-0.0555303
-0.0526296
-0.0496656
-0.0466197
-0.043473
-0.0402125
-0.0368426
-0.0334034
-0.0299949
-0.026802
-0.0240979
-0.0221904
-0.021344
-0.021854
-0.0238379
-0.032144
-0.0319656
-0.0318216
-0.031682
-0.0315248
-0.0313493
-0.0311638
-0.0309853
-0.030838
-0.0307515
-0.0307578
-0.0308884
-0.031173
-0.0316379
-0.0323049
-0.0331912
-0.0343088
-0.0356642
-0.0372587
-0.0390878
-0.0411417
-0.0434057
-0.04586
-0.0484808
-0.0512409
-0.0541103
-0.0570574
-0.0600494
-0.0630537
-0.0660379
-0.0689714
-0.0718248
-0.0745712
-0.077186
-0.079647
-0.0819347
-0.084032
-0.0859244
-0.0875993
-0.0890467
-0.0902582
-0.0912274
-0.0919498
-0.0924224
-0.0926438
-0.0926143
-0.0923355
-0.091811
-0.0910456
-0.0900459
-0.0888203
-0.0873786
-0.0857324
-0.0838949
-0.0818805
-0.0797052
-0.0773855
-0.0749387
-0.0723819
-0.0697317
-0.0670032
-0.0642094
-0.0613604
-0.0584621
-0.0555161
-0.0525186
-0.0494605
-0.0463281
-0.043104
-0.0397711
-0.0363185
-0.0327527
-0.0291147
-0.0255049
-0.0221096
-0.0192073
-0.0171172
-0.0161255
-0.016579
-0.0186405
-0.0321682
-0.0320235
-0.031894
-0.0317475
-0.0315596
-0.0313261
-0.031054
-0.0307616
-0.0304766
-0.0302331
-0.0300683
-0.0300192
-0.0301206
-0.0304029
-0.0308917
-0.0316069
-0.0325626
-0.0337669
-0.035222
-0.0369242
-0.0388643
-0.0410278
-0.0433951
-0.0459426
-0.048643
-0.0514661
-0.0543799
-0.0573513
-0.0603469
-0.0633337
-0.0662798
-0.069155
-0.0719312
-0.0745824
-0.0770852
-0.0794187
-0.0815647
-0.0835072
-0.0852329
-0.0867303
-0.0879904
-0.089006
-0.0897716
-0.0902838
-0.0905406
-0.0905418
-0.0902888
-0.0897847
-0.0890339
-0.0880429
-0.0868195
-0.0853733
-0.0837155
-0.0818586
-0.0798166
-0.0776046
-0.0752386
-0.0727348
-0.0701094
-0.0673779
-0.0645546
-0.0616513
-0.058677
-0.0556369
-0.0525317
-0.0493571
-0.0461039
-0.0427585
-0.0393044
-0.0357261
-0.0320151
-0.0281805
-0.0242665
-0.0203768
-0.0167031
-0.0135352
-0.0112084
-0.0100327
-0.01041
-0.012557
-0.0321758
-0.0320739
-0.0319638
-0.0318117
-0.0315908
-0.0312936
-0.0309264
-0.0305098
-0.0300754
-0.029663
-0.0293157
-0.0290764
-0.0289853
-0.0290776
-0.0293825
-0.0299227
-0.0307143
-0.0317668
-0.0330832
-0.0346604
-0.0364893
-0.0385553
-0.0408391
-0.0433167
-0.0459607
-0.0487406
-0.0516241
-0.0545775
-0.0575667
-0.060558
-0.0635187
-0.0664175
-0.0692251
-0.0719144
-0.0744607
-0.0768421
-0.0790389
-0.0810341
-0.0828132
-0.0843638
-0.0856758
-0.0867413
-0.0875541
-0.0881101
-0.0884068
-0.0884434
-0.0882209
-0.0877419
-0.0870106
-0.086033
-0.0848164
-0.0833699
-0.081704
-0.0798307
-0.077763
-0.0755153
-0.0731022
-0.0705388
-0.0678401
-0.0650201
-0.0620914
-0.0590644
-0.0559466
-0.0527415
-0.0494484
-0.0460617
-0.0425713
-0.0389629
-0.0352204
-0.0313296
-0.0272842
-0.0230968
-0.0188167
-0.0145538
-0.0105096
-0.00699165
-0.00435947
-0.00294997
-0.00322403
-0.00546503
-0.0321756
-0.0321275
-0.0320425
-0.0318854
-0.0316274
-0.0312586
-0.0307857
-0.0302324
-0.0296357
-0.0290416
-0.0285001
-0.0280606
-0.0277689
-0.0276651
-0.0277821
-0.0281454
-0.0287728
-0.029675
-0.0308555
-0.0323112
-0.0340332
-0.0360066
-0.0382117
-0.0406243
-0.0432165
-0.0459575
-0.0488145
-0.0517533
-0.0547391
-0.0577376
-0.0607151
-0.0636394
-0.0664802
-0.0692093
-0.071801
-0.074232
-0.0764817
-0.0785318
-0.0803669
-0.0819735
-0.0833407
-0.0844596
-0.0853235
-0.0859274
-0.0862684
-0.086345
-0.0861579
-0.0857091
-0.0850023
-0.0840429
-0.0828377
-0.0813952
-0.0797251
-0.0778384
-0.0757472
-0.0734645
-0.0710036
-0.068378
-0.065601
-0.0626846
-0.0596393
-0.0564735
-0.0531923
-0.0497969
-0.0462843
-0.0426469
-0.0388723
-0.0349451
-0.0308484
-0.0265685
-0.0221016
-0.0174648
-0.0127133
-0.00796676
-0.00344099
0.000531338
0.00355628
0.00526318
0.00512759
0.0027838
-0.0321768
-0.0321985
-0.0321436
-0.0319819
-0.0316797
-0.0312285
-0.0306362
-0.0299313
-0.0291575
-0.0283683
-0.0276209
-0.0269719
-0.026473
-0.0261689
-0.0260963
-0.0262829
-0.0267483
-0.0275038
-0.0285532
-0.0298933
-0.0315146
-0.0334019
-0.0355348
-0.0378886
-0.040435
-0.0431425
-0.0459777
-0.0489061
-0.0518921
-0.0549007
-0.0578976
-0.0608496
-0.0637256
-0.0664963
-0.0691351
-0.0716175
-0.0739219
-0.0760291
-0.0779224
-0.0795876
-0.0810129
-0.0821886
-0.0831071
-0.0837629
-0.0841524
-0.0842736
-0.0841265
-0.0837127
-0.0830353
-0.0820989
-0.0809099
-0.0794756
-0.077805
-0.075908
-0.0737952
-0.0714782
-0.0689685
-0.0662778
-0.063417
-0.0603958
-0.057222
-0.0539011
-0.0504351
-0.0468221
-0.0430558
-0.0391251
-0.0350147
-0.0307063
-0.0261814
-0.0214259
-0.0164379
-0.0112395
-0.0058939
-0.000532015
0.00460917
0.00916447
0.0126928
0.0147784
0.0148271
0.0123713
-0.0321949
-0.0323045
-0.0322881
-0.032115
-0.03176
-0.0312116
-0.0304824
-0.0296079
-0.0286402
-0.0276414
-0.0266769
-0.0258103
-0.0250993
-0.024593
-0.0243314
-0.0243444
-0.0246526
-0.0252677
-0.0261932
-0.0274255
-0.0289543
-0.0307637
-0.0328324
-0.035135
-0.0376425
-0.0403228
-0.043142
-0.0460648
-0.0490552
-0.0520775
-0.0550966
-0.0580788
-0.060992
-0.0638062
-0.0664936
-0.069029
-0.0713897
-0.0735556
-0.0755092
-0.0772353
-0.0787212
-0.0799565
-0.0809328
-0.0816441
-0.0820859
-0.0822558
-0.0821531
-0.0817787
-0.0811351
-0.0802263
-0.0790576
-0.0776356
-0.0759678
-0.074063
-0.0719303
-0.0695792
-0.0670195
-0.0642603
-0.0613098
-0.0581748
-0.0548598
-0.0513666
-0.0476932
-0.0438335
-0.0397765
-0.0355066
-0.0310037
-0.0262453
-0.0212094
-0.0158805
-0.0102577
-0.00436821
0.00171465
0.00784985
0.0137677
0.0190651
0.0232381
0.025808
0.0261006
0.0235237
-0.0322477
-0.0324703
-0.0324987
-0.0323086
-0.0318845
-0.0312182
-0.0303296
-0.0292638
-0.0280832
-0.0268595
-0.025667
-0.0245762
-0.0236503
-0.0229427
-0.0224958
-0.0223411
-0.0224997
-0.0229831
-0.0237944
-0.0249289
-0.0263753
-0.0281166
-0.0301306
-0.0323908
-0.0348674
-0.0375278
-0.0403372
-0.0432599
-0.0462593
-0.0492991
-0.0523437
-0.0553585
-0.058311
-0.0611702
-0.0639077
-0.0664974
-0.0689157
-0.0711418
-0.0731571
-0.0749457
-0.0764942
-0.0777913
-0.0788281
-0.0795976
-0.0800949
-0.0803169
-0.0802622
-0.079931
-0.0793251
-0.0784475
-0.0773026
-0.0758959
-0.0742336
-0.0723229
-0.0701712
-0.0677859
-0.0651742
-0.0623426
-0.0592961
-0.0560378
-0.0525684
-0.0488849
-0.0449805
-0.0408434
-0.0364568
-0.0317986
-0.0268422
-0.0215587
-0.0159207
-0.00990889
-0.00352222
0.00320813
0.0101989
0.017287
0.0241818
0.030421
0.035422
0.038617
0.0392324
0.0365295
-0.0323638
-0.0327327
-0.0328115
-0.0325911
-0.0320742
-0.0312615
-0.0301845
-0.0289014
-0.0274868
-0.0260217
-0.0245913
-0.0232717
-0.0221309
-0.0212257
-0.0206004
-0.020287
-0.0203066
-0.0206699
-0.0213789
-0.0224276
-0.0238034
-0.0254878
-0.0274576
-0.0296852
-0.0321398
-0.0347881
-0.0375946
-0.040523
-0.0435363
-0.0465976
-0.0496708
-0.0527208
-0.0557144
-0.0586202
-0.0614088
-0.0640537
-0.0665304
-0.0688172
-0.070895
-0.0727471
-0.0743593
-0.0757196
-0.0768184
-0.0776481
-0.078203
-0.0784794
-0.0784752
-0.0781897
-0.077624
-0.0767802
-0.0756615
-0.0742722
-0.0726171
-0.0707015
-0.0685308
-0.0661101
-0.063444
-0.0605355
-0.0573862
-0.053995
-0.0503575
-0.0464655
-0.042306
-0.0378603
-0.0331038
-0.028006
-0.0225317
-0.0166428
-0.0103036
-0.00348844
0.00380688
0.0115486
0.0196429
0.0279054
0.0360185
0.0434519
0.0495233
0.053538
0.0545868
0.0517677
-0.032588
-0.0331468
-0.0332781
-0.0330031
-0.0323579
-0.0313601
-0.0300577
-0.0285256
-0.0268522
-0.0251309
-0.0234529
-0.0219017
-0.020549
-0.0194534
-0.0186597
-0.0181998
-0.0180938
-0.018351
-0.0189718
-0.0199485
-0.0212669
-0.022907
-0.024844
-0.0270494
-0.0294913
-0.0321356
-0.0349463
-0.0378864
-0.0409184
-0.044005
-0.0471098
-0.0501972
-0.0532335
-0.0561867
-0.059027
-0.0617272
-0.0642622
-0.0666097
-0.0687498
-0.0706652
-0.0723411
-0.0737647
-0.0749258
-0.0758161
-0.0764293
-0.076761
-0.0768081
-0.0765695
-0.0760452
-0.0752362
-0.0741446
-0.0727734
-0.0711257
-0.069205
-0.0670144
-0.0645565
-0.0618327
-0.0588425
-0.0555834
-0.0520494
-0.0482306
-0.0441122
-0.0396738
-0.0348884
-0.0297216
-0.0241326
-0.0180742
-0.0114963
-0.00435139
0.00339702
0.0117602
0.0207055
0.030131
0.0398323
0.0494513
0.058405
0.0658737
0.0709873
0.0726367
0.069753
-0.0329941
-0.0337982
-0.033975
-0.0336034
-0.0327769
-0.0315406
-0.0299658
-0.0281469
-0.0261876
-0.0241923
-0.0222595
-0.0204768
-0.018918
-0.0176421
-0.0166933
-0.016102
-0.0158864
-0.0160537
-0.0166021
-0.017522
-0.0187971
-0.0204058
-0.022322
-0.0245158
-0.0269543
-0.0296027
-0.0324242
-0.0353816
-0.0384367
-0.0415522
-0.0446909
-0.0478172
-0.0508969
-0.0538977
-0.0567893
-0.0595439
-0.062136
-0.0645428
-0.0667438
-0.068721
-0.0704589
-0.0719444
-0.0731664
-0.0741161
-0.0747865
-0.0751724
-0.0752701
-0.0750776
-0.0745939
-0.0738191
-0.072754
-0.0714001
-0.0697588
-0.0678315
-0.0656192
-0.0631214
-0.0603362
-0.0572594
-0.0538836
-0.0501975
-0.0461849
-0.0418235
-0.0370841
-0.0319295
-0.0263142
-0.0201837
-0.0134764
-0.00612623
0.0019311
0.010748
0.0203493
0.0307096
0.0417246
0.053173
0.06466
0.0755405
0.0848565
0.0914798
0.0940032
0.0912055
-0.0337065
-0.0348227
-0.0350179
-0.0344774
-0.0333902
-0.0318428
-0.0299352
-0.027784
-0.025508
-0.023221
-0.0210267
-0.0190145
-0.0172581
-0.0158151
-0.0147271
-0.0140218
-0.0137144
-0.0138093
-0.0143022
-0.0151809
-0.0164272
-0.0180177
-0.0199246
-0.0221168
-0.0245607
-0.0272204
-0.0300589
-0.0330382
-0.03612
-0.0392666
-0.0424407
-0.0456063
-0.048729
-0.0517762
-0.0547173
-0.0575241
-0.0601707
-0.0626338
-0.0648924
-0.066928
-0.0687247
-0.0702687
-0.0715483
-0.0725542
-0.0732787
-0.073716
-0.0738616
-0.0737126
-0.0732671
-0.0725242
-0.0714833
-0.0701445
-0.0685073
-0.0665712
-0.0643345
-0.0617938
-0.0589436
-0.0557755
-0.052277
-0.0484309
-0.0442137
-0.039595
-0.0345355
-0.0289864
-0.0228885
-0.0161716
-0.00875606
-0.000555519
0.00851656
0.0185357
0.0295489
0.0415486
0.054439
0.067992
0.0817854
0.0951085
0.106893
0.115643
0.119515
0.117159
-0.0349417
-0.0364387
-0.0365818
-0.0357494
-0.0342831
-0.0323249
-0.0300073
-0.0274686
-0.0248404
-0.0222426
-0.0197806
-0.0175426
-0.0155993
-0.0140039
-0.0127942
-0.0119934
-0.0116128
-0.0116533
-0.0121074
-0.0129603
-0.0141915
-0.0157757
-0.0176837
-0.0198833
-0.0223398
-0.0250168
-0.0278767
-0.030881
-0.0339915
-0.0371699
-0.0403791
-0.0435828
-0.0467464
-0.0498371
-0.0528243
-0.0556792
-0.0583759
-0.0608904
-0.0632016
-0.0652906
-0.0671408
-0.068738
-0.0700702
-0.0711273
-0.071901
-0.072385
-0.0725741
-0.0724645
-0.0720534
-0.0713387
-0.0703187
-0.0689918
-0.067356
-0.0654082
-0.0631443
-0.0605579
-0.0576397
-0.0543767
-0.0507511
-0.0467393
-0.0423102
-0.0374239
-0.0320305
-0.0260681
-0.0194618
-0.0121235
-0.00395184
0.00516429
0.0153399
0.0266824
0.0392723
0.0531353
0.0682026
0.0842599
0.100878
0.117311
0.132376
0.144215
0.150293
0.149125
-0.0370865
-0.0390025
-0.0389296
-0.0375954
-0.0355727
-0.0330673
-0.0302403
-0.0272465
-0.0242244
-0.0212943
-0.0185582
-0.0160986
-0.0139795
-0.0122474
-0.0109336
-0.0100556
-0.00961964
-0.00962253
-0.0100531
-0.0108938
-0.0121217
-0.0137097
-0.0156271
-0.0178407
-0.0203149
-0.0230127
-0.025896
-0.0289264
-0.0320652
-0.0352742
-0.038516
-0.0417545
-0.044955
-0.0480846
-0.0511123
-0.0540096
-0.05675
-0.0593096
-0.0616667
-0.0638022
-0.0656992
-0.067343
-0.0687211
-0.0698231
-0.0706401
-0.071165
-0.0713922
-0.071317
-0.0709357
-0.0702451
-0.0692423
-0.0679241
-0.0662866
-0.0643248
-0.0620317
-0.0593978
-0.0564101
-0.0530508
-0.0492967
-0.0451174
-0.0404737
-0.0353162
-0.0295832
-0.0231989
-0.0160716
-0.00809276
0.00086318
0.0109367
0.022278
0.0350357
0.0493386
0.0652656
0.0828029
0.101785
0.121816
0.142162
0.161581
0.177974
0.187789
0.189251
-0.0408579
-0.0430967
-0.0424385
-0.0402419
-0.037398
-0.0341587
-0.0306942
-0.0271628
-0.0236983
-0.0204119
-0.0173948
-0.0147181
-0.0124349
-0.0105816
-0.00918081
-0.00824281
-0.00776787
-0.00774788
-0.00816789
-0.0090073
-0.0102409
-0.0118398
-0.013772
-0.0160031
-0.0184971
-0.0212165
-0.0241228
-0.0271775
-0.0303419
-0.0335778
-0.0368478
-0.0401159
-0.0433474
-0.0465094
-0.049571
-0.0525035
-0.0552803
-0.0578773
-0.0602728
-0.0624473
-0.0643836
-0.0660668
-0.0674839
-0.0686241
-0.0694781
-0.0700382
-0.0702981
-0.0702525
-0.0698967
-0.0692265
-0.0682378
-0.0669259
-0.0652852
-0.0633083
-0.0609855
-0.0583047
-0.0552488
-0.0517954
-0.0479157
-0.0435727
-0.0387192
-0.033296
-0.0272297
-0.02043
-0.0127881
-0.0041738
0.00556465
0.0166006
0.0291252
0.0433386
0.059434
0.0775691
0.0978223
0.120129
0.144194
0.169376
0.194531
0.217444
0.233569
0.240245
-0.0476393
-0.0496647
-0.0475816
-0.0439045
-0.0398503
-0.0356249
-0.0313623
-0.0271975
-0.0232402
-0.0195777
-0.0162792
-0.0133966
-0.0109665
-0.00901173
-0.00754382
-0.00656437
-0.00606686
-0.00603802
-0.00645893
-0.00730605
-0.00855202
-0.0101663
-0.0121159
-0.0143658
-0.0168791
-0.0196183
-0.0225449
-0.0256203
-0.0288057
-0.0320633
-0.0353557
-0.0386471
-0.041903
-0.0450904
-0.0481787
-0.0511391
-0.053945
-0.0565723
-0.058999
-0.0612055
-0.0631745
-0.0648907
-0.0663408
-0.0675137
-0.0683996
-0.0689904
-0.069279
-0.0692596
-0.0689265
-0.0682748
-0.0672989
-0.0659929
-0.0643495
-0.0623598
-0.0600095
-0.0572856
-0.0541669
-0.0506267
-0.0466308
-0.042136
-0.0370874
-0.0314168
-0.0250393
-0.0178513
-0.00972686
-0.00051507
0.00996255
0.0219135
0.035574
0.0512042
0.069078
0.0894614
0.112575
0.138529
0.167234
0.198275
0.230793
0.262696
0.288898
0.305235
-0.0602513
-0.0601752
-0.0548139
-0.0486316
-0.042803
-0.03726
-0.0320154
-0.0271316
-0.0226581
-0.0186319
-0.0150838
-0.0120347
-0.00949798
-0.00747946
-0.00597769
-0.00498493
-0.00448785
-0.00446829
-0.00490394
-0.00576885
-0.00703406
-0.00866801
-0.010637
-0.0129056
-0.015437
-0.0181936
-0.021137
-0.0242287
-0.0274305
-0.0307046
-0.034014
-0.0373231
-0.0405975
-0.0438046
-0.0469138
-0.0498963
-0.0527258
-0.055378
-0.0578309
-0.0600647
-0.0620618
-0.0638069
-0.0652865
-0.0664888
-0.0674038
-0.068023
-0.0683387
-0.0683443
-0.0680336
-0.0674006
-0.0664389
-0.0651412
-0.063498
-0.0614979
-0.0591295
-0.0563715
-0.0532008
-0.0495875
-0.045493
-0.0408684
-0.0356522
-0.0297681
-0.0231218
-0.0155976
-0.00705485
0.00267594
0.0137975
0.0265496
0.041213
0.0581111
0.0776099
0.100112
0.126036
0.15578
0.189634
0.22765
0.269501
0.313639
0.355102
0.390207
-0.0852068
-0.0764155
-0.0640619
-0.0538051
-0.0454175
-0.0382046
-0.0318862
-0.0263286
-0.0214445
-0.0171795
-0.0135031
-0.0103965
-0.00784622
-0.00584048
-0.0043663
-0.0034085
-0.00294909
-0.00296704
-0.00343834
-0.0043362
-0.00563127
-0.00729198
-0.0092848
-0.0115746
-0.0141251
-0.0168989
-0.0198583
-0.0229652
-0.0261817
-0.0294704
-0.0327949
-0.0361198
-0.0394109
-0.042636
-0.0457645
-0.0487679
-0.0516196
-0.0542956
-0.0567736
-0.0590339
-0.0610588
-0.0628325
-0.0643413
-0.0655732
-0.0665179
-0.0671663
-0.0675104
-0.0675429
-0.067257
-0.0666457
-0.0657019
-0.0644182
-0.0627819
-0.0607832
-0.0584054
-0.0556269
-0.052422
-0.048758
-0.0445925
-0.0398727
-0.034532
-0.0284882
-0.0216398
-0.0138621
-0.00500359
0.00511944
0.0167283
0.0300886
0.0455179
0.0633957
0.0841756
0.108403
0.136734
0.169963
0.209021
0.254926
0.308579
0.370005
0.43671
0.511627
-0.141013
-0.0973147
-0.0700532
-0.0544453
-0.0436309
-0.035263
-0.0285448
-0.0229817
-0.0182537
-0.0141975
-0.0107387
-0.00783915
-0.0054765
-0.00363559
-0.00230375
-0.00146768
-0.00111181
-0.00121764
-0.00176358
-0.00272503
-0.00407461
-0.00578244
-0.00781648
-0.0101429
-0.0127264
-0.0155306
-0.0185186
-0.021653
-0.0248965
-0.0282122
-0.0315641
-0.034917
-0.0382371
-0.0414923
-0.0446521
-0.047688
-0.0505737
-0.0532846
-0.0557988
-0.0580962
-0.0601588
-0.0619708
-0.0635183
-0.064789
-0.0657722
-0.0664585
-0.0668397
-0.0669081
-0.0666565
-0.0660768
-0.0651602
-0.0639007
-0.0622878
-0.0603059
-0.057938
-0.0551625
-0.0519523
-0.0482728
-0.0440799
-0.0393183
-0.0339191
-0.027797
-0.0208466
-0.0129391
-0.00391717
0.00641007
0.0182738
0.0319536
0.0477886
0.066193
0.0876786
0.112895
0.142692
0.178242
0.221236
0.274248
0.341099
0.427424
0.540941
0.694226
-0.274299
-0.113296
-0.0551621
-0.0387816
-0.0301244
-0.0235121
-0.0185561
-0.0146601
-0.0113214
-0.00835628
-0.00574396
-0.00350275
-0.0016537
-0.000215313
0.000798765
0.00138153
0.00153312
0.00126032
0.000575828
-0.000502573
-0.00195272
-0.00374875
-0.00586175
-0.00826031
-0.010911
-0.0137791
-0.0168285
-0.0200229
-0.0233257
-0.0267005
-0.0301116
-0.0335239
-0.036904
-0.0402197
-0.0434405
-0.0465378
-0.0494851
-0.0522579
-0.0548338
-0.0571927
-0.0593165
-0.061189
-0.062796
-0.0641252
-0.0651656
-0.0659076
-0.0663427
-0.0664631
-0.0662616
-0.065732
-0.0648667
-0.0636513
-0.0620789
-0.0601358
-0.0578048
-0.0550641
-0.0518864
-0.0482369
-0.0440716
-0.0393355
-0.0339598
-0.0278594
-0.0209296
-0.0130418
-0.00403945
0.0062679
0.0181111
0.0317705
0.0475876
0.065983
0.0874835
0.112771
0.142764
0.178798
0.222971
0.279081
0.354528
0.46589
0.642421
0.924081
)
;

boundaryField
{
    movingWall
    {
        type            zeroGradient;
    }
    fixedWalls
    {
        type            zeroGradient;
    }
    frontAndBack
    {
        type            empty;
    }
}


// ************************************************************************* //
