/*--------------------------------*- C++ -*----------------------------------*\
  =========                 |
  \\      /  F ield         | OpenFOAM: The Open Source CFD Toolbox
   \\    /   O peration     | Website:  https://openfoam.org
    \\  /    A nd           | Version:  7
     \\/     M anipulation  |
\*---------------------------------------------------------------------------*/
FoamFile
{
    version     2.0;
    format      ascii;
    class       volScalarField;
    location    "2.65";
    object      p;
}
// * * * * * * * * * * * * * * * * * * * * * * * * * * * * * * * * * * * * * //

dimensions      [0 2 -2 0 0 0 0];

internalField   nonuniform List<scalar> 
6400
(
-4.3487e-07
1.36215e-05
2.94254e-06
-3.60526e-05
-0.000101175
-0.000189093
-0.000296179
-0.000419126
-0.000555262
-0.000702564
-0.000859569
-0.00102524
-0.00119883
-0.00137976
-0.00156748
-0.00176141
-0.00196082
-0.00216477
-0.0023721
-0.00258135
-0.00279079
-0.00299836
-0.00320169
-0.00339814
-0.00358479
-0.00375848
-0.00391589
-0.00405356
-0.00416803
-0.00425587
-0.00431383
-0.00433897
-0.00432873
-0.00428114
-0.0041949
-0.00406954
-0.00390553
-0.00370436
-0.00346867
-0.00320222
-0.00290999
-0.00259782
-0.00227301
-0.00194343
-0.00161771
-0.00130493
-0.00101434
-0.000755057
-0.000535709
-0.000364127
-0.000247012
-0.000189652
-0.000195681
-0.000266901
-0.000403186
-0.000602471
-0.000860815
-0.00117257
-0.00153082
-0.00192705
-0.00235237
-0.00279726
-0.00325217
-0.00370781
-0.00415546
-0.00458723
-0.00499619
-0.00537648
-0.0057233
-0.00603289
-0.00630235
-0.00652957
-0.00671301
-0.00685171
-0.0069453
-0.00699439
-0.00700162
-0.00697357
-0.00692306
-0.00686898
-1.53819e-05
-1.15633e-06
-1.33965e-05
-5.07122e-05
-0.000109956
-0.000188966
-0.000285288
-0.000396478
-0.000520433
-0.00065546
-0.000800264
-0.000953856
-0.00111549
-0.00128455
-0.00146044
-0.00164257
-0.0018302
-0.00202244
-0.00221822
-0.00241619
-0.00261476
-0.00281207
-0.00300598
-0.00319408
-0.0033737
-0.00354197
-0.00369583
-0.0038321
-0.00394757
-0.00403906
-0.00410351
-0.00413815
-0.00414053
-0.00410874
-0.00404148
-0.00393819
-0.00379919
-0.00362574
-0.00342017
-0.00318587
-0.00292732
-0.00265
-0.00236042
-0.00206594
-0.00177454
-0.00149465
-0.00123485
-0.00100361
-0.00080897
-0.00065821
-0.000557561
-0.00051193
-0.000524672
-0.000597431
-0.000730049
-0.000920559
-0.00116526
-0.00145887
-0.0017948
-0.00216539
-0.0025622
-0.00297648
-0.00339943
-0.00382252
-0.00423778
-0.00463799
-0.00501687
-0.00536913
-0.00569049
-0.00597763
-0.00622812
-0.00644028
-0.00661309
-0.00674616
-0.00683976
-0.00689508
-0.0069149
-0.00690442
-0.00686893
-0.00681479
-4.61982e-06
1.04962e-05
-2.44266e-06
-3.91428e-05
-9.54129e-05
-0.000169366
-0.000259017
-0.000362406
-0.00047781
-0.000603826
-0.000739361
-0.000883574
-0.0010358
-0.0011955
-0.00136213
-0.00153515
-0.0017139
-0.00189758
-0.00208521
-0.00227559
-0.00246727
-0.00265855
-0.00284746
-0.00303178
-0.00320903
-0.0033765
-0.0035313
-0.00367042
-0.00379073
-0.00388916
-0.00396269
-0.00400855
-0.00402425
-0.0040078
-0.00395776
-0.00387338
-0.00375476
-0.00360291
-0.00341986
-0.00320866
-0.00297341
-0.00271941
-0.00245272
-0.00218034
-0.00190994
-0.00164964
-0.00140773
-0.00119244
-0.00101157
-0.000872221
-0.000780469
-0.000741105
-0.000757406
-0.000830975
-0.000961649
-0.0011475
-0.00138489
-0.00166869
-0.00199242
-0.00234861
-0.00272923
-0.00312563
-0.00352944
-0.0039325
-0.00432723
-0.00470685
-0.00506551
-0.00539836
-0.00570159
-0.0059723
-0.00620851
-0.00640896
-0.00657306
-0.00670078
-0.00679259
-0.00684956
-0.00687392
-0.00686902
-0.00683359
-0.00676445
3.62689e-05
4.78739e-05
3.2213e-05
-5.67385e-06
-6.13191e-05
-0.000132825
-0.000218477
-0.000316562
-0.000425684
-0.000544729
-0.000672844
-0.000809391
-0.000953872
-0.00110587
-0.00126501
-0.00143084
-0.00160284
-0.00178034
-0.0019625
-0.00214826
-0.00233634
-0.00252518
-0.00271298
-0.00289764
-0.00307682
-0.00324793
-0.00340814
-0.00355448
-0.00368384
-0.00379308
-0.00387913
-0.00393906
-0.00397024
-0.00397043
-0.00393796
-0.00387183
-0.00377182
-0.00363867
-0.00347411
-0.00328093
-0.00306292
-0.00282516
-0.00257354
-0.00231488
-0.00205674
-0.00180714
-0.00157436
-0.00136661
-0.00119174
-0.00105689
-0.000968214
-0.000930572
-0.000947317
-0.00102011
-0.00114884
-0.00133159
-0.00156474
-0.00184313
-0.00216028
-0.0025087
-0.00288028
-0.00326654
-0.00365907
-0.00404983
-0.00443142
-0.0047973
-0.0051419
-0.00546071
-0.0057503
-0.00600821
-0.00623286
-0.00642345
-0.00657972
-0.00670191
-0.00679053
-0.0068463
-0.00687068
-0.00686542
-0.00682432
-0.00673771
0.000106138
0.000108536
8.69286e-05
4.57535e-05
-1.11611e-05
-8.19877e-05
-0.000165197
-0.000259416
-0.000363571
-0.000476855
-0.000598697
-0.000728705
-0.000866603
-0.00101217
-0.00116521
-0.00132546
-0.00149256
-0.00166603
-0.00184518
-0.00202913
-0.00221677
-0.00240669
-0.00259722
-0.0027864
-0.00297196
-0.00315134
-0.00332174
-0.00348012
-0.00362328
-0.00374794
-0.00385082
-0.00392875
-0.00397881
-0.00399846
-0.00398568
-0.00393914
-0.00385829
-0.00374352
-0.00359627
-0.00341908
-0.0032155
-0.00299043
-0.00274965
-0.00249992
-0.00224878
-0.00200433
-0.00177493
-0.00156896
-0.00139444
-0.00125872
-0.00116818
-0.00112788
-0.00114139
-0.00121052
-0.00133527
-0.0015138
-0.00174251
-0.00201618
-0.00232826
-0.00267116
-0.00303659
-0.00341598
-0.00380082
-0.00418302
-0.00455518
-0.00491085
-0.00524464
-0.00555228
-0.00583066
-0.00607769
-0.00629223
-0.00647384
-0.00662266
-0.00673915
-0.00682387
-0.00687729
-0.00690027
-0.00689337
-0.00684722
-0.00674824
0.000202316
0.000190595
0.000159876
0.00011337
5.34185e-05
-1.83279e-05
-0.000100571
-0.000192313
-0.000292848
-0.000401716
-0.000518665
-0.000643593
-0.00077649
-0.000917387
-0.00106631
-0.00122321
-0.00138797
-0.00156029
-0.0017397
-0.0019255
-0.00211675
-0.0023122
-0.00251028
-0.00270911
-0.00290644
-0.00309969
-0.00328598
-0.00346211
-0.00362469
-0.00377016
-0.00389493
-0.00399549
-0.00406852
-0.00411108
-0.00412074
-0.00409577
-0.00403523
-0.00393916
-0.00380869
-0.00364618
-0.00345487
-0.00323959
-0.00300602
-0.00276095
-0.002512
-0.0022674
-0.00203575
-0.00182566
-0.00164547
-0.00150288
-0.00140462
-0.0013561
-0.00136122
-0.00142207
-0.0015389
-0.00171002
-0.00193189
-0.00219931
-0.00250563
-0.00284309
-0.00320324
-0.00357726
-0.00395643
-0.00433247
-0.00469786
-0.00504608
-0.00537177
-0.00567082
-0.00594031
-0.00617849
-0.00638452
-0.00655836
-0.00670049
-0.00681164
-0.00689245
-0.00694331
-0.00696471
-0.0069565
-0.00690767
-0.00680277
0.000320982
0.000290919
0.000248753
0.000194965
0.000130339
5.62452e-05
-2.63834e-05
-0.000116997
-0.000215317
-0.00032127
-0.000434966
-0.000556634
-0.000686569
-0.000825091
-0.000972496
-0.00112901
-0.00129475
-0.00146966
-0.0016535
-0.00184577
-0.00204569
-0.00225214
-0.00246364
-0.00267831
-0.00289388
-0.00310765
-0.00331654
-0.00351712
-0.00370566
-0.00387824
-0.00403084
-0.00415948
-0.00426037
-0.0043301
-0.00436575
-0.00436512
-0.00432685
-0.00425059
-0.00413723
-0.00398902
-0.00380844
-0.00360067
-0.00337127
-0.00312706
-0.00287577
-0.00262584
-0.00238615
-0.00216566
-0.00197313
-0.00181672
-0.00170363
-0.00163982
-0.00162962
-0.00167561
-0.00177839
-0.00193658
-0.00214684
-0.00240405
-0.00270153
-0.00303141
-0.003385
-0.00375324
-0.00412708
-0.00449796
-0.00485808
-0.00520075
-0.00552049
-0.00581317
-0.00607599
-0.00630735
-0.00650672
-0.00667435
-0.00681103
-0.00691774
-0.00699534
-0.00704422
-0.00706472
-0.00705641
-0.00700779
-0.00690311
0.000457608
0.000405967
0.000350037
0.000287435
0.000216853
0.000139213
5.50014e-05
-3.57669e-05
-0.000133305
-0.000237982
-0.000350306
-0.000470879
-0.00060034
-0.000739332
-0.000888459
-0.00104824
-0.00121909
-0.0014012
-0.00159457
-0.00179891
-0.00201358
-0.00223757
-0.00246943
-0.00270723
-0.00294858
-0.00319057
-0.00342983
-0.00366257
-0.00388463
-0.0040916
-0.00427893
-0.0044421
-0.00457675
-0.00467889
-0.0047451
-0.00477264
-0.00475971
-0.00470553
-0.00461078
-0.00447796
-0.004307
-0.00410527
-0.00387775
-0.00363117
-0.00337339
-0.00311307
-0.00285941
-0.00262179
-0.00240948
-0.0022312
-0.0020948
-0.00200688
-0.00197247
-0.00199475
-0.00207493
-0.0022121
-0.0024033
-0.00264366
-0.00292659
-0.00324418
-0.00358757
-0.00394741
-0.00431433
-0.00467936
-0.00503436
-0.00537226
-0.00568737
-0.00597537
-0.00623343
-0.00645999
-0.00665467
-0.00681793
-0.00695082
-0.00705457
-0.00713025
-0.0071784
-0.0071994
-0.00719273
-0.00714732
-0.00704814
0.00060718
0.000531261
0.000459771
0.000387171
0.000309598
0.00022741
0.000140536
4.83549e-05
-4.99124e-05
-0.000155131
-0.000268255
-0.000390293
-0.000522261
-0.000665157
-0.000819928
-0.000987421
-0.00116834
-0.00136318
-0.00157218
-0.00179522
-0.0020318
-0.00228097
-0.00254124
-0.00281058
-0.00308635
-0.00336536
-0.00364385
-0.00391753
-0.00418173
-0.00443144
-0.00466149
-0.00486671
-0.00504212
-0.00518309
-0.00528559
-0.00534634
-0.00536302
-0.00533442
-0.00526048
-0.00514224
-0.00498371
-0.00478803
-0.00456094
-0.00430936
-0.00404128
-0.00376558
-0.00349179
-0.00322977
-0.00298936
-0.00277996
-0.0026102
-0.00248752
-0.00241781
-0.00240514
-0.00245154
-0.00255683
-0.00271868
-0.00293266
-0.0031925
-0.00349037
-0.00381734
-0.00416383
-0.00452013
-0.00487684
-0.00522533
-0.00555809
-0.00586898
-0.00615341
-0.00640827
-0.00663192
-0.00682395
-0.00698495
-0.00711609
-0.00721883
-0.00729443
-0.00734365
-0.00736698
-0.00736399
-0.00732457
-0.00723512
0.000764158
0.000661747
0.000573352
0.000489861
0.000404506
0.000316933
0.000226389
0.000131512
3.08782e-05
-7.69308e-05
-0.000193358
-0.000319854
-0.000457842
-0.000608706
-0.000773761
-0.000954206
-0.00115106
-0.00136512
-0.00159683
-0.00184627
-0.00211301
-0.0023961
-0.00269396
-0.00300434
-0.00332431
-0.00365025
-0.00397791
-0.00430243
-0.00461849
-0.0049204
-0.0052023
-0.0054583
-0.0056827
-0.00587018
-0.00601604
-0.00611636
-0.00616825
-0.00617
-0.00612091
-0.00602131
-0.0058758
-0.00568652
-0.00545915
-0.00520055
-0.00491873
-0.00462278
-0.00432254
-0.00402836
-0.00375068
-0.00349973
-0.00328502
-0.00311503
-0.00299676
-0.00293541
-0.0029341
-0.00299374
-0.00311291
-0.00328792
-0.00351305
-0.00378081
-0.00408236
-0.004408
-0.0047477
-0.0050916
-0.00543052
-0.00575639
-0.00606248
-0.00634367
-0.00659645
-0.00681887
-0.00701033
-0.00717133
-0.00730309
-0.00740716
-0.00748496
-0.00753743
-0.00756521
-0.00756803
-0.00753707
-0.00746054
0.000922448
0.000791782
0.000685484
0.000590482
0.000496758
0.000403083
0.000307887
0.000208959
0.00010415
-8.56541e-06
-0.000131163
-0.000265567
-0.00041364
-0.00057718
-0.000757891
-0.000957339
-0.00117688
-0.00141757
-0.00168009
-0.00196464
-0.00227085
-0.00259768
-0.00294338
-0.0033054
-0.0036804
-0.00406427
-0.00445213
-0.00483847
-0.00521725
-0.005582
-0.00592609
-0.00624283
-0.00652575
-0.00676875
-0.0069664
-0.00711406
-0.00720816
-0.00724633
-0.00722739
-0.00715145
-0.00702133
-0.00683997
-0.00661254
-0.00634564
-0.00604723
-0.00572647
-0.0053935
-0.0050591
-0.00473441
-0.00443049
-0.00415792
-0.00392637
-0.00374419
-0.00361799
-0.00355238
-0.00354963
-0.00360963
-0.00372982
-0.00390538
-0.00412943
-0.00439349
-0.00468789
-0.0050024
-0.00532673
-0.0056511
-0.00596672
-0.00626615
-0.00654354
-0.00679474
-0.00701725
-0.00721009
-0.00737344
-0.00750838
-0.0076164
-0.00769898
-0.00775717
-0.00779171
-0.00780247
-0.00778208
-0.00772073
0.0010753
0.000915072
0.000790199
0.000683299
0.000580775
0.000480348
0.000379492
0.000275037
0.000164036
4.37993e-05
-8.82195e-05
-0.000234454
-0.000397234
-0.000578793
-0.000781247
-0.00100654
-0.00125634
-0.00153199
-0.00183435
-0.00216371
-0.00251968
-0.00290107
-0.00330586
-0.00373112
-0.00417301
-0.0046268
-0.00508695
-0.00554716
-0.0060006
-0.00643997
-0.00685777
-0.00724646
-0.00759869
-0.00790756
-0.00816678
-0.00837091
-0.00851561
-0.00859772
-0.00861541
-0.00856835
-0.00845815
-0.00828765
-0.00806153
-0.00778604
-0.00746896
-0.00711946
-0.00674784
-0.00636532
-0.00598367
-0.00561485
-0.00527058
-0.00496191
-0.00469875
-0.00448945
-0.00434038
-0.00425566
-0.0042369
-0.00428311
-0.00439079
-0.0045541
-0.00476522
-0.00501482
-0.00529263
-0.00558799
-0.00589054
-0.00619068
-0.00648006
-0.0067519
-0.00700117
-0.00722457
-0.0074204
-0.00758835
-0.00772909
-0.00784385
-0.00793399
-0.00800055
-0.00804426
-0.00806507
-0.00805702
-0.00801233
0.00121539
0.0010247
0.000880875
0.00076188
0.000650233
0.000542417
0.000434816
0.000323198
0.000203745
7.30543e-05
-7.20327e-05
-0.00023449
-0.00041714
-0.000622677
-0.000853638
-0.00111234
-0.00140078
-0.00172054
-0.00207263
-0.00245736
-0.00287425
-0.0033219
-0.00379793
-0.00429892
-0.00482045
-0.00535709
-0.00590251
-0.00644961
-0.00699064
-0.00751742
-0.0080215
-0.00849443
-0.00892792
-0.00931413
-0.00964588
-0.00991682
-0.0101217
-0.0102565
-0.0103187
-0.010307
-0.0102223
-0.0100668
-0.00984451
-0.0095613
-0.00922459
-0.00884339
-0.00842808
-0.00799018
-0.00754204
-0.00709649
-0.00666645
-0.00626445
-0.00590215
-0.00558989
-0.00533621
-0.00514746
-0.00502744
-0.00497728
-0.00499533
-0.00507728
-0.00521644
-0.00540419
-0.00563047
-0.00588448
-0.00615527
-0.00643239
-0.00670646
-0.00696955
-0.00721543
-0.00743971
-0.00763969
-0.00781421
-0.00796326
-0.00808756
-0.00818813
-0.00826579
-0.00832112
-0.00835399
-0.00835979
-0.00833266
0.0013348
0.00111318
0.000950293
0.000819159
0.000698117
0.000582243
0.000466692
0.000346082
0.000215656
7.12484e-05
-9.09445e-05
-0.000274468
-0.000482664
-0.0007187
-0.000985543
-0.00128589
-0.00162203
-0.00199576
-0.00240818
-0.00285958
-0.00334931
-0.00387565
-0.00443579
-0.00502573
-0.00564037
-0.0062735
-0.00691794
-0.00756568
-0.00820801
-0.00883576
-0.0094395
-0.0100097
-0.0105372
-0.0110131
-0.0114292
-0.0117781
-0.0120537
-0.0122509
-0.0123662
-0.0123976
-0.0123449
-0.0122096
-0.011995
-0.0117063
-0.0113503
-0.0109359
-0.0104732
-0.00997397
-0.00945096
-0.00891781
-0.00838857
-0.00787728
-0.0073975
-0.00696175
-0.00658105
-0.00626438
-0.00601828
-0.00584653
-0.00574994
-0.00572637
-0.00577084
-0.00587594
-0.00603227
-0.00622912
-0.00645514
-0.00669906
-0.0069503
-0.00719956
-0.00743917
-0.00766327
-0.0078678
-0.00805038
-0.00820998
-0.0083465
-0.00846031
-0.0085518
-0.00862118
-0.00866808
-0.00868903
-0.00867993
0.00142509
0.00117252
0.00099072
0.000847512
0.00071682
0.000592142
0.000467289
0.00033564
0.000191447
2.97394e-05
-0.000153968
-0.000363816
-0.000603688
-0.000877236
-0.00118786
-0.00153863
-0.0019321
-0.00237024
-0.00285418
-0.00338411
-0.00395913
-0.00457713
-0.00523476
-0.00592737
-0.00664907
-0.0073928
-0.00815046
-0.00891302
-0.00967076
-0.0104134
-0.0111306
-0.0118116
-0.0124461
-0.0130243
-0.0135367
-0.0139752
-0.0143322
-0.0146019
-0.0147797
-0.0148626
-0.0148493
-0.0147405
-0.0145385
-0.0142478
-0.0138746
-0.0134271
-0.0129153
-0.0123507
-0.0117464
-0.0111167
-0.0104765
-0.00984146
-0.00922686
-0.00864758
-0.00811734
-0.00764811
-0.00724964
-0.00692894
-0.00668999
-0.0065335
-0.00645696
-0.00645481
-0.00651891
-0.00663909
-0.00680386
-0.00700123
-0.00721943
-0.00744758
-0.00767623
-0.00789771
-0.00810618
-0.00829762
-0.00846955
-0.00862067
-0.00875037
-0.00885832
-0.00894411
-0.00900691
-0.00904422
-0.00905343
0.00147743
0.00119436
0.000994026
0.000838888
0.000698269
0.000563939
0.000428259
0.000283304
0.000122284
-6.06094e-05
-0.00027057
-0.000512359
-0.000790416
-0.00110889
-0.00147162
-0.00188199
-0.00234284
-0.00285621
-0.00342323
-0.0040439
-0.00471699
-0.0054399
-0.00620865
-0.00701784
-0.00786072
-0.00872929
-0.0096144
-0.010506
-0.0113932
-0.0122646
-0.0131086
-0.0139136
-0.0146679
-0.0153606
-0.0159812
-0.0165202
-0.0169693
-0.0173214
-0.0175709
-0.0177137
-0.0177476
-0.0176721
-0.0174888
-0.017201
-0.0168142
-0.0163359
-0.0157755
-0.0151443
-0.0144552
-0.0137228
-0.0129629
-0.0121922
-0.0114279
-0.010687
-0.00998609
-0.00934032
-0.00876303
-0.00826506
-0.00785422
-0.00753487
-0.00730781
-0.0071702
-0.00711591
-0.00713593
-0.00721916
-0.00735312
-0.0075249
-0.00772195
-0.00793278
-0.00814747
-0.00835796
-0.00855809
-0.00874347
-0.00891114
-0.00905913
-0.00918598
-0.00929044
-0.00937099
-0.00942575
-0.00945351
0.00148276
0.00117009
0.000951838
0.000784968
0.000634098
0.000489144
0.000340935
0.000180187
-9.62165e-07
-0.000209187
-0.000450413
-0.000730041
-0.00105308
-0.00142417
-0.00184758
-0.00232702
-0.0028655
-0.00346514
-0.00412696
-0.00485068
-0.00563466
-0.00647571
-0.00736911
-0.00830864
-0.00928656
-0.0102938
-0.0113202
-0.0123544
-0.0133844
-0.0143976
-0.0153812
-0.0163222
-0.017208
-0.0180263
-0.0187655
-0.0194152
-0.0199659
-0.0204094
-0.0207391
-0.0209499
-0.0210386
-0.0210037
-0.0208456
-0.0205667
-0.0201717
-0.0196669
-0.0190611
-0.0183649
-0.0175909
-0.0167536
-0.0158692
-0.0149551
-0.0140301
-0.0131131
-0.0122234
-0.0113795
-0.0105986
-0.0098956
-0.00928291
-0.00876936
-0.00835995
-0.00805557
-0.00785307
-0.00774552
-0.00772286
-0.00777265
-0.00788108
-0.00803391
-0.0082174
-0.00841901
-0.00862795
-0.00883539
-0.00903446
-0.00922003
-0.00938837
-0.00953626
-0.0096615
-0.00976157
-0.00983497
-0.00988168
0.00143196
0.00109108
0.000855725
0.000677352
0.000515844
0.000359166
0.000196551
1.73301e-05
-0.000187454
-0.000425361
-0.000703062
-0.00102661
-0.0014016
-0.00183316
-0.00232595
-0.00288397
-0.00351038
-0.00420727
-0.00497548
-0.00581438
-0.00672179
-0.00769383
-0.00872496
-0.00980797
-0.0109341
-0.0120931
-0.0132734
-0.0144627
-0.0156475
-0.0168141
-0.0179481
-0.0190356
-0.0200625
-0.0210155
-0.0218821
-0.0226505
-0.0233104
-0.0238526
-0.0242696
-0.0245554
-0.0247058
-0.0247182
-0.0245922
-0.0243291
-0.0239324
-0.0234076
-0.0227622
-0.022006
-0.0211508
-0.0202108
-0.0192019
-0.0181419
-0.0170505
-0.0159482
-0.0148567
-0.0137975
-0.0127915
-0.0118584
-0.0110153
-0.0102764
-0.00965185
-0.00914732
-0.00876381
-0.00849762
-0.00834071
-0.00828148
-0.00830568
-0.0083976
-0.00854113
-0.00872082
-0.00892263
-0.00913447
-0.00934636
-0.00955036
-0.00974019
-0.00991135
-0.0100594
-0.0101807
-0.0102741
-0.0103403
0.00131611
0.000948864
0.000697405
0.000507778
0.000335173
0.000165545
-1.35013e-05
-0.000214033
-0.000446108
-0.00071818
-0.00103768
-0.00141131
-0.00184525
-0.00234511
-0.00291592
-0.00356191
-0.00428632
-0.00509116
-0.00597696
-0.00694266
-0.00798541
-0.00910054
-0.0102815
-0.0115201
-0.0128062
-0.0141285
-0.015474
-0.0168289
-0.0181785
-0.0195076
-0.0208006
-0.0220423
-0.0232174
-0.0243116
-0.0253113
-0.0262039
-0.0269781
-0.0276241
-0.0281334
-0.0284994
-0.0287169
-0.0287826
-0.0286952
-0.0284549
-0.0280641
-0.0275271
-0.0268503
-0.0260422
-0.0251137
-0.0240778
-0.0229498
-0.0217474
-0.0204903
-0.0192003
-0.0179004
-0.0166149
-0.0153684
-0.0141847
-0.0130865
-0.0120933
-0.0112216
-0.010483
-0.00988386
-0.00942506
-0.00910191
-0.00890472
-0.00881969
-0.00883006
-0.00891751
-0.00906344
-0.00925013
-0.0094616
-0.00968409
-0.00990618
-0.0101187
-0.0103143
-0.010487
-0.0106313
-0.0107459
-0.0108328
0.00112666
0.000735351
0.000468973
0.000268347
8.41218e-05
-9.9787e-05
-0.000297407
-0.000522193
-0.000785297
-0.00109606
-0.00146268
-0.00189251
-0.0023923
-0.00296811
-0.00362531
-0.00436831
-0.00520035
-0.00612324
-0.00713715
-0.00824041
-0.0094294
-0.0106985
-0.0120402
-0.0134448
-0.014901
-0.0163961
-0.0179156
-0.0194442
-0.0209658
-0.0224637
-0.0239211
-0.0253215
-0.0266486
-0.027887
-0.0290224
-0.0300413
-0.0309319
-0.0316837
-0.0322878
-0.0327368
-0.0330251
-0.0331486
-0.0331052
-0.0328943
-0.0325172
-0.031977
-0.0312788
-0.0304297
-0.0294391
-0.0283187
-0.0270825
-0.0257474
-0.0243324
-0.0228595
-0.0213527
-0.0198381
-0.018343
-0.0168956
-0.0155232
-0.0142518
-0.0131042
-0.012099
-0.0112494
-0.0105624
-0.0100382
-0.00967045
-0.00944708
-0.00935113
-0.00936247
-0.00945939
-0.00962015
-0.00982428
-0.0100535
-0.0102922
-0.0105273
-0.0107487
-0.0109474
-0.0111164
-0.011254
-0.0113629
0.000855754
0.000443091
0.000163136
-4.82247e-05
-0.000244649
-0.000444244
-0.000662651
-0.000914679
-0.00121255
-0.00156649
-0.00198544
-0.00247741
-0.00304967
-0.00370874
-0.00446025
-0.00530871
-0.00625728
-0.00730748
-0.00845896
-0.00970935
-0.0110541
-0.0124865
-0.0139977
-0.0155768
-0.017211
-0.0188858
-0.0205853
-0.0222926
-0.0239901
-0.0256597
-0.0272834
-0.0288434
-0.0303225
-0.0317045
-0.0329744
-0.0341183
-0.0351239
-0.0359804
-0.0366786
-0.0372108
-0.0375712
-0.0377551
-0.0377598
-0.0375839
-0.037228
-0.0366938
-0.0359852
-0.0351077
-0.0340691
-0.0328792
-0.0315506
-0.0300982
-0.02854
-0.026897
-0.0251933
-0.0234557
-0.0217135
-0.0199979
-0.0183409
-0.0167743
-0.0153276
-0.0140274
-0.0128946
-0.011944
-0.0111824
-0.0106088
-0.0102143
-0.00998315
-0.00989427
-0.00992318
-0.010044
-0.0102312
-0.0104613
-0.0107137
-0.0109707
-0.0112183
-0.0114446
-0.0116399
-0.0118023
-0.011935
0.000496401
6.54895e-05
-0.000226553
-0.000448373
-0.000657606
-0.00087433
-0.00111575
-0.00139798
-0.00173429
-0.00213573
-0.00261199
-0.0031717
-0.00382265
-0.00457173
-0.00542478
-0.00638634
-0.00745939
-0.008645
-0.00994221
-0.0113478
-0.012856
-0.0144591
-0.0161466
-0.0179061
-0.0197232
-0.0215816
-0.0234639
-0.0253516
-0.0272253
-0.0290658
-0.0308536
-0.0325701
-0.0341974
-0.0357185
-0.037118
-0.0383819
-0.0394977
-0.0404546
-0.0412433
-0.0418563
-0.0422874
-0.042532
-0.0425869
-0.0424503
-0.0421219
-0.0416024
-0.0408945
-0.0400022
-0.0389313
-0.0376898
-0.036288
-0.0347387
-0.033058
-0.0312651
-0.0293828
-0.0274376
-0.0254596
-0.0234818
-0.0215398
-0.0196704
-0.01791
-0.0162928
-0.0148488
-0.0136017
-0.0125668
-0.0117506
-0.0111494
-0.0107505
-0.0105332
-0.0104711
-0.0105344
-0.0106922
-0.0109152
-0.0111767
-0.0114537
-0.0117275
-0.0119824
-0.0122058
-0.0123948
-0.0125538
4.27523e-05
-0.000402961
-0.00070547
-0.000937448
-0.0011601
-0.00139539
-0.00166201
-0.0019773
-0.00235551
-0.00280853
-0.00334672
-0.00397932
-0.00471457
-0.0055597
-0.00652066
-0.00760193
-0.00880616
-0.0101339
-0.0115834
-0.0131503
-0.0148278
-0.0166064
-0.0184744
-0.0204174
-0.0224193
-0.0244622
-0.0265266
-0.0285925
-0.0306391
-0.0326457
-0.0345919
-0.0364581
-0.0382258
-0.0398779
-0.0413987
-0.0427743
-0.0439923
-0.0450422
-0.045915
-0.0466035
-0.0471017
-0.047405
-0.0475103
-0.0474153
-0.0471192
-0.0466221
-0.0459252
-0.0450312
-0.0439442
-0.04267
-0.0412166
-0.0395941
-0.0378161
-0.0358992
-0.033864
-0.0317354
-0.0295426
-0.0273193
-0.0251031
-0.0229346
-0.020856
-0.0189092
-0.0171332
-0.0155618
-0.0142207
-0.0131257
-0.0122808
-0.0116788
-0.0113013
-0.0111213
-0.0111056
-0.0112183
-0.0114235
-0.0116877
-0.0119817
-0.0122809
-0.012565
-0.0128179
-0.0130359
-0.0132238
-0.000509703
-0.000966477
-0.00127771
-0.00151951
-0.00175616
-0.00201139
-0.00230528
-0.00265631
-0.00307964
-0.00358793
-0.0041922
-0.00490223
-0.00572666
-0.00667296
-0.00774715
-0.00895349
-0.0102942
-0.0117691
-0.0133755
-0.0151079
-0.0169579
-0.0189147
-0.0209644
-0.0230911
-0.0252766
-0.0275011
-0.0297435
-0.0319819
-0.0341943
-0.0363587
-0.0384539
-0.0404596
-0.0423569
-0.0441287
-0.0457595
-0.0472355
-0.0485451
-0.0496782
-0.0506264
-0.0513829
-0.0519423
-0.0523003
-0.052454
-0.0524011
-0.0521403
-0.0516712
-0.0509942
-0.0501106
-0.0490228
-0.0477347
-0.0462516
-0.0445811
-0.0427337
-0.0407227
-0.0385656
-0.0362846
-0.0339068
-0.0314646
-0.0289961
-0.0265439
-0.0241547
-0.0218768
-0.019758
-0.0178426
-0.0161677
-0.0147607
-0.0136359
-0.0127939
-0.0122215
-0.0118929
-0.0117732
-0.0118215
-0.0119953
-0.0122537
-0.01256
-0.0128829
-0.0131966
-0.0134804
-0.0137295
-0.0139495
-0.00116395
-0.00162781
-0.00194591
-0.00219714
-0.00244831
-0.00272474
-0.00304779
-0.00343697
-0.00390828
-0.00447507
-0.00514896
-0.00594022
-0.00685783
-0.0079094
-0.00910088
-0.0104362
-0.0119171
-0.0135424
-0.0153083
-0.017208
-0.0192315
-0.021366
-0.023596
-0.0259034
-0.0282681
-0.0306682
-0.0330811
-0.0354831
-0.037851
-0.0401618
-0.0423934
-0.0445254
-0.0465388
-0.0484166
-0.0501437
-0.0517071
-0.0530957
-0.0543003
-0.0553133
-0.0561287
-0.0567419
-0.0571491
-0.0573474
-0.057335
-0.0571105
-0.0566733
-0.0560229
-0.0551596
-0.0540845
-0.0527995
-0.0513077
-0.0496139
-0.0477253
-0.0456517
-0.043407
-0.0410094
-0.0384827
-0.0358567
-0.0331677
-0.0304586
-0.0277784
-0.0251803
-0.0227197
-0.0204509
-0.0184231
-0.0166766
-0.0152385
-0.0141203
-0.0133166
-0.0128061
-0.0125536
-0.0125147
-0.0126406
-0.0128822
-0.0131945
-0.0135383
-0.0138812
-0.0141972
-0.0144798
-0.0147352
-0.00192132
-0.00238809
-0.00271112
-0.00297131
-0.0032374
-0.00353613
-0.00388999
-0.0043194
-0.00484108
-0.00546904
-0.0062154
-0.00709085
-0.00810462
-0.00926437
-0.0105759
-0.0120426
-0.0136655
-0.0154425
-0.0173684
-0.0194349
-0.0216302
-0.0239396
-0.0263454
-0.0288276
-0.0313639
-0.0339308
-0.0365035
-0.0390574
-0.0415677
-0.0440108
-0.0463642
-0.0486073
-0.0507213
-0.0526897
-0.0544982
-0.0561345
-0.0575885
-0.058852
-0.0599184
-0.0607826
-0.0614407
-0.06189
-0.0621279
-0.0621531
-0.0619642
-0.0615605
-0.0609411
-0.0601057
-0.0590542
-0.0577868
-0.0563047
-0.0546102
-0.0527071
-0.0506018
-0.0483041
-0.0458277
-0.0431921
-0.0404229
-0.0375532
-0.0346238
-0.0316838
-0.0287889
-0.0260002
-0.0233807
-0.0209915
-0.0188864
-0.0171072
-0.0156792
-0.0146084
-0.0138806
-0.0134638
-0.0133117
-0.0133699
-0.0135811
-0.013891
-0.0142518
-0.0146229
-0.014972
-0.0152902
-0.0155846
-0.00278135
-0.00324677
-0.0035727
-0.00384129
-0.00412256
-0.00444446
-0.00483048
-0.00530177
-0.00587572
-0.00656685
-0.00738775
-0.00834941
-0.00946122
-0.0107308
-0.0121636
-0.0137625
-0.0155275
-0.0174554
-0.0195397
-0.02177
-0.0241329
-0.0266115
-0.0291862
-0.0318345
-0.0345324
-0.0372543
-0.0399741
-0.0426656
-0.0453033
-0.0478629
-0.0503218
-0.0526595
-0.0548578
-0.0569008
-0.0587751
-0.0604694
-0.0619749
-0.0632844
-0.0643925
-0.0652951
-0.0659893
-0.0664729
-0.0667445
-0.0668029
-0.0666474
-0.0662769
-0.0656909
-0.0648883
-0.0638681
-0.0626297
-0.0611723
-0.059496
-0.057602
-0.0554932
-0.0531751
-0.0506571
-0.0479534
-0.0450845
-0.0420786
-0.0389728
-0.0358135
-0.0326566
-0.0295661
-0.0266118
-0.0238649
-0.0213928
-0.019253
-0.0174871
-0.0161154
-0.0151353
-0.0145207
-0.0142265
-0.014194
-0.0143585
-0.0146558
-0.015028
-0.0154253
-0.0158079
-0.016164
-0.016501
-0.00374179
-0.00420154
-0.00452826
-0.00480458
-0.0051011
-0.00544679
-0.00586593
-0.00638032
-0.00700783
-0.00776344
-0.00866008
-0.00970896
-0.0109195
-0.0122992
-0.013853
-0.0155832
-0.0174886
-0.0195647
-0.0218033
-0.0241924
-0.0267164
-0.0293564
-0.0320904
-0.034894
-0.0377411
-0.0406044
-0.0434565
-0.0462699
-0.0490185
-0.0516779
-0.0542253
-0.0566408
-0.0589068
-0.0610084
-0.0629332
-0.0646713
-0.0662148
-0.0675579
-0.0686964
-0.0696272
-0.0703485
-0.0708589
-0.0711578
-0.0712445
-0.0711188
-0.07078
-0.0702273
-0.0694598
-0.068476
-0.0672742
-0.0658526
-0.0642095
-0.0623438
-0.0602553
-0.0579458
-0.0554201
-0.0526871
-0.0497617
-0.0466662
-0.0434318
-0.0401004
-0.0367253
-0.0333706
-0.0301098
-0.027022
-0.0241869
-0.0216776
-0.0195533
-0.0178522
-0.0165862
-0.01574
-0.0152727
-0.0151241
-0.0152227
-0.0154947
-0.0158713
-0.0162919
-0.0167079
-0.0171038
-0.017487
-0.00479857
-0.00524833
-0.0055737
-0.00585693
-0.00616856
-0.00653834
-0.00699119
-0.00754934
-0.00823108
-0.0090517
-0.0100244
-0.0111605
-0.0124693
-0.013958
-0.0156311
-0.0174899
-0.0195321
-0.0217518
-0.0241389
-0.0266796
-0.0293562
-0.0321474
-0.0350293
-0.0379754
-0.0409577
-0.0439474
-0.0469157
-0.0498345
-0.0526772
-0.0554192
-0.0580383
-0.0605151
-0.0628329
-0.0649779
-0.066939
-0.0687073
-0.0702766
-0.071642
-0.0728005
-0.0737503
-0.0744903
-0.0750202
-0.0753401
-0.0754499
-0.0753499
-0.0750398
-0.0745191
-0.0737868
-0.0728413
-0.0716806
-0.0703021
-0.0687027
-0.0668796
-0.0648302
-0.0625529
-0.0600486
-0.057321
-0.0543792
-0.0512389
-0.0479245
-0.0444717
-0.0409284
-0.0373558
-0.0338278
-0.0304285
-0.0272473
-0.0243716
-0.0218788
-0.0198266
-0.0182456
-0.0171352
-0.016463
-0.0161706
-0.0161819
-0.0164138
-0.0167859
-0.0172257
-0.0176743
-0.0181115
-0.0185444
-0.00594585
-0.00638138
-0.00670321
-0.0069924
-0.00731874
-0.00771258
-0.00819926
-0.00880132
-0.00953728
-0.0104227
-0.0114708
-0.0126929
-0.0140984
-0.0156938
-0.0174829
-0.0194661
-0.0216399
-0.0239967
-0.0265247
-0.0292079
-0.0320266
-0.0349575
-0.0379743
-0.0410487
-0.0441511
-0.0472513
-0.0503194
-0.0533268
-0.0562468
-0.0590549
-0.0617296
-0.0642522
-0.0666071
-0.0687817
-0.0707661
-0.0725529
-0.074137
-0.0755148
-0.0766844
-0.077645
-0.0783965
-0.0789394
-0.0792743
-0.0794021
-0.0793233
-0.0790383
-0.0785469
-0.0778482
-0.076941
-0.0758228
-0.0744909
-0.0729415
-0.0711705
-0.0691734
-0.0669464
-0.0644864
-0.0617932
-0.0588698
-0.0557256
-0.0523777
-0.0488539
-0.045195
-0.0414565
-0.0377094
-0.0340389
-0.0305407
-0.0273145
-0.0244545
-0.0220391
-0.0201204
-0.0187165
-0.0178084
-0.0173435
-0.0172439
-0.0174186
-0.0177754
-0.0182291
-0.0187087
-0.0191883
-0.0196743
-0.00717613
-0.00759335
-0.0079094
-0.00820344
-0.00854386
-0.00896135
-0.00948151
-0.010127
-0.0109165
-0.0118656
-0.0129876
-0.0142937
-0.0157929
-0.0174913
-0.0193919
-0.0214939
-0.0237924
-0.0262783
-0.0289379
-0.0317532
-0.0347023
-0.0377597
-0.0408975
-0.0440853
-0.0472922
-0.0504866
-0.0536383
-0.056718
-0.0596992
-0.062558
-0.0652733
-0.0678277
-0.0702066
-0.0723987
-0.0743954
-0.0761907
-0.0777805
-0.0791625
-0.0803357
-0.0813004
-0.0820572
-0.0826074
-0.0829523
-0.0830932
-0.0830314
-0.0827675
-0.0823019
-0.0816341
-0.080763
-0.0796866
-0.0784019
-0.0769049
-0.0751909
-0.0732544
-0.0710896
-0.0686908
-0.066054
-0.0631776
-0.0600644
-0.0567244
-0.053177
-0.0494544
-0.0456042
-0.0416913
-0.0377984
-0.0340235
-0.0304747
-0.0272612
-0.0244815
-0.0222108
-0.0204894
-0.0193166
-0.0186505
-0.0184152
-0.0185137
-0.0188428
-0.0193036
-0.0198117
-0.0203344
-0.0208764
-0.0084804
-0.00887541
-0.00918347
-0.00948108
-0.00983465
-0.010275
-0.0108278
-0.0115158
-0.0123575
-0.0133684
-0.0145619
-0.0159488
-0.0175377
-0.0193342
-0.0213404
-0.0235542
-0.0259694
-0.0285751
-0.0313558
-0.0342914
-0.0373581
-0.0405284
-0.0437724
-0.0470585
-0.0503541
-0.0536271
-0.0568465
-0.0599832
-0.0630108
-0.065906
-0.0686488
-0.0712227
-0.0736145
-0.075814
-0.077814
-0.0796095
-0.0811977
-0.0825774
-0.0837485
-0.0847119
-0.0854692
-0.0860221
-0.0863726
-0.0865226
-0.0864736
-0.086227
-0.0857834
-0.0851428
-0.0843047
-0.0832673
-0.0820279
-0.0805828
-0.0789271
-0.0770547
-0.0749588
-0.0726319
-0.0700671
-0.0672588
-0.0642045
-0.0609072
-0.0573781
-0.0536401
-0.0497313
-0.0457079
-0.0416465
-0.0376435
-0.0338111
-0.0302698
-0.0271364
-0.0245093
-0.0224539
-0.020992
-0.0200974
-0.0197008
-0.0197029
-0.0199902
-0.0204499
-0.0209831
-0.0215488
-0.0221495
-0.00984831
-0.0102175
-0.0105153
-0.0108151
-0.0111806
-0.0116426
-0.0122268
-0.0129556
-0.0138474
-0.0149177
-0.0161793
-0.017643
-0.0193167
-0.0212054
-0.0233101
-0.0256277
-0.0281503
-0.0308654
-0.0337557
-0.0367991
-0.03997
-0.043239
-0.0465746
-0.0499437
-0.0533129
-0.0566493
-0.0599218
-0.0631013
-0.066162
-0.0690813
-0.0718403
-0.0744235
-0.0768189
-0.0790177
-0.0810138
-0.0828033
-0.0843845
-0.0857571
-0.0869217
-0.08788
-0.0886341
-0.0891863
-0.089539
-0.0896945
-0.0896548
-0.0894217
-0.0889962
-0.088379
-0.0875699
-0.0865676
-0.0853701
-0.0839741
-0.0823748
-0.0805663
-0.0785414
-0.0762916
-0.0738081
-0.0710822
-0.0681071
-0.0648798
-0.0614039
-0.0576929
-0.0537745
-0.0496946
-0.0455208
-0.0413436
-0.037275
-0.0334424
-0.0299773
-0.0270004
-0.0246032
-0.0228335
-0.0216862
-0.0211039
-0.0209882
-0.0212184
-0.0216676
-0.0222213
-0.0228294
-0.0234908
-0.0112684
-0.0116084
-0.0118939
-0.0121942
-0.0125702
-0.0130523
-0.0136661
-0.0144336
-0.0153729
-0.0164991
-0.0178248
-0.0193603
-0.0211131
-0.023087
-0.0252823
-0.0276946
-0.0303145
-0.0331279
-0.0361156
-0.0392539
-0.0425152
-0.0458687
-0.0492814
-0.052719
-0.0561474
-0.0595333
-0.0628454
-0.0660553
-0.0691375
-0.0720704
-0.0748361
-0.0774203
-0.0798121
-0.082004
-0.0839909
-0.0857701
-0.0873405
-0.0887027
-0.089858
-0.0908085
-0.091557
-0.0921059
-0.0924582
-0.0926165
-0.0925831
-0.0923602
-0.0919492
-0.0913513
-0.0905668
-0.0895951
-0.0884349
-0.0870835
-0.0855367
-0.0837892
-0.0818337
-0.0796617
-0.0772632
-0.0746277
-0.0717451
-0.0686074
-0.0652116
-0.0615626
-0.0576776
-0.0535912
-0.0493596
-0.0450643
-0.0408125
-0.0367336
-0.0329698
-0.0296606
-0.0269236
-0.0248352
-0.0234154
-0.0226243
-0.0223699
-0.0225265
-0.0229545
-0.0235233
-0.0241723
-0.0248961
-0.0127285
-0.0130363
-0.0133073
-0.0136064
-0.013991
-0.0144914
-0.0151326
-0.0159361
-0.0169196
-0.0180978
-0.0194829
-0.0210845
-0.0229096
-0.0249612
-0.0272384
-0.0297356
-0.0324421
-0.035342
-0.0384147
-0.0416347
-0.0449729
-0.0483969
-0.0518726
-0.055365
-0.0588393
-0.062262
-0.065602
-0.0688313
-0.0719252
-0.0748631
-0.077628
-0.0802068
-0.0825899
-0.0847705
-0.0867447
-0.0885105
-0.0900678
-0.0914176
-0.0925619
-0.0935033
-0.0942445
-0.0947887
-0.0951388
-0.0952978
-0.0952683
-0.0950526
-0.0946528
-0.0940703
-0.0933061
-0.0923603
-0.0912322
-0.08992
-0.0884204
-0.0867287
-0.0848384
-0.0827413
-0.0804273
-0.0778847
-0.0751014
-0.0720658
-0.0687693
-0.0652092
-0.0613931
-0.0573438
-0.0531052
-0.0487469
-0.0443676
-0.0400937
-0.0360726
-0.0324591
-0.0293946
-0.0269847
-0.0252787
-0.0242591
-0.0238456
-0.0239117
-0.024307
-0.0248845
-0.0255722
-0.0263594
-0.0142155
-0.0144886
-0.0147431
-0.0150391
-0.0154305
-0.0159468
-0.0166126
-0.0174489
-0.0184728
-0.0196985
-0.0211375
-0.0227991
-0.0246892
-0.0268101
-0.0291599
-0.0317318
-0.0345137
-0.0374883
-0.0406333
-0.043922
-0.0473236
-0.0508049
-0.0543306
-0.057865
-0.0613731
-0.0648214
-0.0681791
-0.0714187
-0.0745163
-0.0774523
-0.0802108
-0.0827796
-0.0851501
-0.0873167
-0.089276
-0.0910271
-0.0925702
-0.0939069
-0.0950396
-0.0959711
-0.0967045
-0.0972431
-0.0975899
-0.0977481
-0.0977205
-0.0975098
-0.0971182
-0.0965476
-0.0957996
-0.0948749
-0.0937736
-0.0924947
-0.091036
-0.0893939
-0.0875628
-0.0855353
-0.0833017
-0.0808503
-0.0781678
-0.0752402
-0.0720549
-0.0686029
-0.064883
-0.0609071
-0.0567061
-0.0523364
-0.0478846
-0.0434699
-0.0392398
-0.0353588
-0.0319888
-0.0292638
-0.0272646
-0.026001
-0.02541
-0.0253692
-0.0257195
-0.0262985
-0.027022
-0.0278728
-0.0157163
-0.0159525
-0.0161885
-0.0164796
-0.0168754
-0.017405
-0.0180924
-0.018958
-0.020018
-0.0212861
-0.0227732
-0.0244877
-0.026435
-0.0286165
-0.0310293
-0.0336652
-0.0365111
-0.0395483
-0.0427533
-0.0460979
-0.0495503
-0.0530762
-0.0566397
-0.0602047
-0.0637358
-0.0672
-0.0705667
-0.0738091
-0.0769042
-0.0798332
-0.0825812
-0.085137
-0.0874928
-0.0896438
-0.0915875
-0.0933233
-0.0948522
-0.0961759
-0.0972972
-0.098219
-0.0989446
-0.0994772
-0.0998202
-0.0999767
-0.0999497
-0.0997419
-0.099356
-0.0987943
-0.0980586
-0.0971505
-0.0960707
-0.0948193
-0.0933951
-0.0917956
-0.0900166
-0.0880516
-0.0858921
-0.0835268
-0.0809424
-0.0781237
-0.075055
-0.0717227
-0.0681185
-0.0642441
-0.0601182
-0.0557828
-0.0513107
-0.0468098
-0.0424225
-0.0383178
-0.0346731
-0.0316485
-0.0293568
-0.0278391
-0.027055
-0.0268913
-0.0271842
-0.0277569
-0.0285125
-0.0294267
-0.0172177
-0.0174152
-0.017631
-0.017915
-0.0183128
-0.0188528
-0.0195585
-0.0204492
-0.0215406
-0.0228456
-0.0243744
-0.0261347
-0.028131
-0.030364
-0.0328296
-0.0355189
-0.0384174
-0.0415054
-0.0447581
-0.0481464
-0.0516375
-0.0551963
-0.0587866
-0.0623717
-0.0659167
-0.0693884
-0.0727571
-0.0759964
-0.0790843
-0.0820026
-0.0847375
-0.0872785
-0.0896187
-0.0917538
-0.0936821
-0.0954032
-0.0969185
-0.0982301
-0.0993407
-0.100254
-0.100972
-0.101499
-0.101838
-0.101992
-0.101965
-0.101758
-0.101376
-0.10082
-0.100094
-0.0991979
-0.0981348
-0.0969052
-0.095509
-0.0939451
-0.0922104
-0.0903001
-0.0882068
-0.0859205
-0.0834283
-0.0807149
-0.0777631
-0.0745559
-0.0710793
-0.0673267
-0.0633051
-0.0590428
-0.0545974
-0.0500626
-0.0455713
-0.0412912
-0.0374099
-0.0341094
-0.0315338
-0.0297578
-0.0287686
-0.0284678
-0.0286912
-0.0292493
-0.0300328
-0.0310093
-0.0187065
-0.018864
-0.019058
-0.0193329
-0.0197301
-0.0202774
-0.0209975
-0.0219089
-0.0230267
-0.0243626
-0.0259264
-0.0277249
-0.0297618
-0.0320369
-0.0345453
-0.0372772
-0.040217
-0.0433442
-0.0466329
-0.0500532
-0.0535718
-0.0571528
-0.0607598
-0.0643561
-0.0679069
-0.0713794
-0.0747443
-0.077976
-0.0810533
-0.0839587
-0.086679
-0.0892047
-0.0915293
-0.0936492
-0.0955629
-0.0972706
-0.0987737
-0.100074
-0.101176
-0.102081
-0.102792
-0.103314
-0.10365
-0.103801
-0.103773
-0.103567
-0.103186
-0.102634
-0.101914
-0.101027
-0.0999757
-0.0987626
-0.0973883
-0.095853
-0.094155
-0.092291
-0.0902553
-0.0880393
-0.0856315
-0.0830169
-0.080178
-0.077096
-0.0737526
-0.0701345
-0.0662388
-0.0620806
-0.0577022
-0.0531814
-0.0486379
-0.044233
-0.0401582
-0.0366129
-0.0337695
-0.0317374
-0.0305355
-0.0300857
-0.0302279
-0.0307629
-0.0315696
-0.0326067
-0.0201701
-0.020287
-0.0204577
-0.0207214
-0.0211152
-0.0216664
-0.0223969
-0.0233244
-0.024463
-0.0258237
-0.0274154
-0.0292442
-0.031313
-0.0336208
-0.036162
-0.0389257
-0.0418959
-0.045051
-0.0483645
-0.051806
-0.0553414
-0.058935
-0.0625497
-0.0661494
-0.0696992
-0.0731668
-0.0765236
-0.0797446
-0.082809
-0.0857003
-0.0884058
-0.0909164
-0.0932264
-0.0953323
-0.0972331
-0.098929
-0.100422
-0.101713
-0.102807
-0.103705
-0.104412
-0.104929
-0.105261
-0.105411
-0.10538
-0.105174
-0.104794
-0.104244
-0.103526
-0.102645
-0.101602
-0.1004
-0.0990423
-0.0975289
-0.0958602
-0.0940343
-0.0920473
-0.0898924
-0.0875595
-0.0850352
-0.0823024
-0.0793413
-0.0761314
-0.072654
-0.0688982
-0.0648674
-0.0605889
-0.0561241
-0.0515768
-0.0470973
-0.0428755
-0.039122
-0.036034
-0.0337545
-0.032337
-0.0317289
-0.0317794
-0.0322831
-0.0331078
-0.0342031
-0.0215966
-0.0216727
-0.0218187
-0.0220692
-0.0224569
-0.0230083
-0.0237449
-0.0246835
-0.0258372
-0.0272163
-0.0288287
-0.0306798
-0.0327717
-0.0351027
-0.0376665
-0.0404517
-0.0434414
-0.0466137
-0.0499414
-0.0533938
-0.0569366
-0.0605337
-0.0641484
-0.0677446
-0.0712878
-0.0747462
-0.0780916
-0.0812996
-0.08435
-0.0872268
-0.0899179
-0.0924146
-0.0947114
-0.0968053
-0.0986951
-0.100381
-0.101866
-0.10315
-0.104238
-0.105131
-0.105833
-0.106348
-0.106677
-0.106824
-0.106792
-0.106584
-0.106204
-0.105654
-0.104937
-0.104058
-0.10302
-0.101826
-0.100479
-0.0989812
-0.0973346
-0.0955389
-0.0935918
-0.0914884
-0.0892208
-0.0867769
-0.0841411
-0.0812938
-0.0782132
-0.0748773
-0.0712687
-0.067381
-0.0632279
-0.0588542
-0.0543464
-0.0498403
-0.0455189
-0.0415978
-0.038294
-0.035782
-0.0341511
-0.0333787
-0.0333285
-0.0337927
-0.0346302
-0.035781
-0.0229755
-0.0230104
-0.0231306
-0.023366
-0.0237447
-0.0242927
-0.0250309
-0.0259753
-0.0271382
-0.0285289
-0.0301546
-0.0320198
-0.034126
-0.0364708
-0.0390474
-0.0418438
-0.0448427
-0.0480217
-0.0513537
-0.0548074
-0.0583486
-0.0619415
-0.0655493
-0.0691362
-0.0726681
-0.0761138
-0.0794454
-0.0826392
-0.0856752
-0.0885381
-0.0912159
-0.0937003
-0.0959859
-0.0980699
-0.0999512
-0.10163
-0.103108
-0.104388
-0.105471
-0.106361
-0.107061
-0.107573
-0.1079
-0.108046
-0.108012
-0.107802
-0.10742
-0.106868
-0.106151
-0.105272
-0.104235
-0.103044
-0.101704
-0.100216
-0.0985856
-0.0968126
-0.094897
-0.0928359
-0.0906233
-0.0882495
-0.0857003
-0.0829575
-0.079999
-0.0768009
-0.0733413
-0.0696057
-0.0655959
-0.061341
-0.0569099
-0.0524211
-0.0480464
-0.0440005
-0.0405141
-0.0377897
-0.0359527
-0.0350134
-0.0348555
-0.035273
-0.0361177
-0.0373208
-0.0242959
-0.0242904
-0.024385
-0.0246029
-0.0249695
-0.0255103
-0.0262455
-0.0271903
-0.0283562
-0.0297516
-0.031383
-0.0332541
-0.0353657
-0.037715
-0.0402945
-0.0430921
-0.0460901
-0.0492661
-0.0525928
-0.056039
-0.0595707
-0.063152
-0.0667468
-0.0703194
-0.0738364
-0.0772667
-0.080583
-0.0837618
-0.0867839
-0.0896338
-0.0922999
-0.094774
-0.0970509
-0.0991275
-0.101003
-0.102677
-0.104152
-0.105428
-0.10651
-0.107398
-0.108097
-0.108607
-0.108933
-0.109077
-0.109042
-0.10883
-0.108445
-0.107891
-0.107171
-0.10629
-0.105251
-0.10406
-0.102722
-0.10124
-0.099619
-0.0978618
-0.0959697
-0.0939419
-0.0917746
-0.0894603
-0.0869869
-0.0843378
-0.0814919
-0.0784246
-0.075111
-0.0715305
-0.0676751
-0.0635596
-0.0592355
-0.0548028
-0.0504182
-0.0462904
-0.0426576
-0.0397456
-0.0377141
-0.0366091
-0.0363384
-0.0367028
-0.0375496
-0.0388013
-0.0255497
-0.0255048
-0.0255728
-0.0257718
-0.0261235
-0.0266531
-0.0273805
-0.0283201
-0.0294826
-0.0308758
-0.0325051
-0.0343738
-0.036482
-0.0388264
-0.0413993
-0.0441883
-0.0471759
-0.0503394
-0.0536518
-0.0570822
-0.0605968
-0.0641602
-0.0677366
-0.0712907
-0.0747895
-0.0782024
-0.0815025
-0.0846665
-0.0876753
-0.0905136
-0.0931701
-0.0956363
-0.097907
-0.099979
-0.101851
-0.103523
-0.104997
-0.106273
-0.107354
-0.108243
-0.108942
-0.109452
-0.109778
-0.109921
-0.109883
-0.109669
-0.109282
-0.108724
-0.108
-0.107114
-0.106071
-0.104877
-0.103537
-0.102056
-0.100439
-0.0986916
-0.0968158
-0.094813
-0.0926815
-0.0904161
-0.0880074
-0.0854406
-0.0826963
-0.0797503
-0.0765761
-0.073149
-0.0694529
-0.0654905
-0.0612966
-0.0569526
-0.0525975
-0.0484291
-0.0446875
-0.041616
-0.039406
-0.0381398
-0.0377536
-0.0380595
-0.0389035
-0.0402001
-0.0267291
-0.0266465
-0.0266876
-0.026866
-0.0272001
-0.0277147
-0.0284294
-0.0293581
-0.0305106
-0.0318943
-0.0335138
-0.0353716
-0.0374675
-0.0397978
-0.0423547
-0.0451257
-0.0480934
-0.0512354
-0.0545251
-0.0579319
-0.0614225
-0.0649621
-0.0685151
-0.0720471
-0.0755252
-0.0789193
-0.0822025
-0.0853521
-0.0883488
-0.0911774
-0.0938264
-0.0962873
-0.0985546
-0.100625
-0.102497
-0.104169
-0.105644
-0.106923
-0.108006
-0.108897
-0.109597
-0.110109
-0.110435
-0.110577
-0.110538
-0.110321
-0.10993
-0.109367
-0.108638
-0.107746
-0.106697
-0.105497
-0.104152
-0.102667
-0.10105
-0.0993063
-0.0974399
-0.0954542
-0.0933496
-0.0911233
-0.0887682
-0.0862721
-0.0836175
-0.0807815
-0.0777375
-0.074458
-0.0709209
-0.0671188
-0.0630716
-0.0588422
-0.0545508
-0.0503804
-0.0465672
-0.0433665
-0.0409972
-0.0395776
-0.0390756
-0.0393188
-0.0401554
-0.0414933
-0.0278283
-0.0277098
-0.0277241
-0.0278805
-0.0281942
-0.02869
-0.029387
-0.0302988
-0.0314348
-0.0328016
-0.0344032
-0.0362417
-0.0383165
-0.0406236
-0.0431551
-0.0458988
-0.0488375
-0.0519494
-0.0552082
-0.058584
-0.0620442
-0.0655545
-0.0690799
-0.0725864
-0.0760416
-0.0794157
-0.0826821
-0.0858178
-0.0888038
-0.0916247
-0.0942686
-0.096727
-0.0989938
-0.101065
-0.102939
-0.104616
-0.106095
-0.107378
-0.108465
-0.10936
-0.110063
-0.110577
-0.110904
-0.111046
-0.111006
-0.110787
-0.110391
-0.109823
-0.109087
-0.108187
-0.10713
-0.105921
-0.104568
-0.103076
-0.101455
-0.099709
-0.0978459
-0.0958701
-0.0937841
-0.0915873
-0.0892751
-0.086838
-0.0842609
-0.0815227
-0.0785976
-0.0754568
-0.0720741
-0.0684339
-0.0645433
-0.060448
-0.0562485
-0.0521105
-0.0482616
-0.0449627
-0.0424557
-0.0408935
-0.0402774
-0.0404551
-0.0412803
-0.0426559
-0.0288424
-0.0286904
-0.0286782
-0.0288114
-0.0291022
-0.0295753
-0.0302498
-0.0311388
-0.0322514
-0.0335937
-0.0351693
-0.03698
-0.0390247
-0.0412993
-0.0437963
-0.0465035
-0.0494044
-0.0524777
-0.0556978
-0.0590357
-0.0624593
-0.0659351
-0.0694289
-0.072907
-0.0763375
-0.0796907
-0.0829402
-0.086063
-0.0890398
-0.0918551
-0.0944965
-0.0969551
-0.0992243
-0.1013
-0.10318
-0.104863
-0.106349
-0.107638
-0.108732
-0.109632
-0.11034
-0.110858
-0.111187
-0.11133
-0.111289
-0.111067
-0.110666
-0.110092
-0.109348
-0.108439
-0.107372
-0.106152
-0.104787
-0.103285
-0.101655
-0.0999026
-0.0980371
-0.0960645
-0.0939892
-0.0918129
-0.0895335
-0.0871441
-0.0846321
-0.0819789
-0.07916
-0.0761467
-0.0729103
-0.0694289
-0.065699
-0.0617505
-0.0576649
-0.0535889
-0.0497371
-0.0463708
-0.0437493
-0.0420574
-0.0413311
-0.0414417
-0.0422522
-0.0436623
-0.0297683
-0.0295852
-0.0295474
-0.0296564
-0.029922
-0.0303686
-0.0310156
-0.0318757
-0.032958
-0.0342681
-0.0358096
-0.0375836
-0.0395892
-0.0418223
-0.0442755
-0.0469373
-0.0497916
-0.052818
-0.0559919
-0.059285
-0.0626662
-0.0661027
-0.0695609
-0.0730079
-0.0764119
-0.0797435
-0.0829763
-0.0860871
-0.0890564
-0.0918682
-0.0945098
-0.0969714
-0.0992461
-0.101329
-0.103218
-0.10491
-0.106405
-0.107704
-0.108807
-0.109715
-0.110429
-0.110952
-0.111284
-0.111428
-0.111386
-0.111161
-0.110756
-0.110175
-0.109422
-0.108502
-0.107423
-0.10619
-0.104812
-0.103296
-0.101652
-0.0998895
-0.0980164
-0.0960407
-0.0939689
-0.0918047
-0.0895484
-0.0871956
-0.0847366
-0.0821552
-0.079429
-0.0765304
-0.0734292
-0.0700996
-0.0665291
-0.0627343
-0.0587783
-0.0547882
-0.0509625
-0.047558
-0.0448457
-0.0430386
-0.0422077
-0.0422509
-0.0430441
-0.0444858
-0.0306039
-0.0303928
-0.0303302
-0.0304144
-0.0306526
-0.0310694
-0.0316839
-0.0325091
-0.0335539
-0.034824
-0.0363228
-0.0380513
-0.0400086
-0.0421909
-0.0445912
-0.0471985
-0.0499976
-0.0529691
-0.0560893
-0.0593309
-0.062664
-0.0660564
-0.0694755
-0.0728886
-0.0762645
-0.0795738
-0.0827901
-0.08589
-0.0888534
-0.0916639
-0.0943081
-0.0967756
-0.0990589
-0.101152
-0.103052
-0.104757
-0.106265
-0.107575
-0.108689
-0.109607
-0.11033
-0.110858
-0.111195
-0.111341
-0.111299
-0.111071
-0.110661
-0.110072
-0.109309
-0.108378
-0.107285
-0.106037
-0.104643
-0.10311
-0.10145
-0.0996726
-0.0977867
-0.0958023
-0.0937272
-0.0915671
-0.0893246
-0.086998
-0.08458
-0.0820573
-0.0794099
-0.0766117
-0.0736327
-0.0704443
-0.0670276
-0.0633874
-0.0595705
-0.0556842
-0.0519093
-0.048493
-0.045713
-0.0438063
-0.0428776
-0.0428541
-0.0436282
-0.0450993
-0.0313488
-0.0311128
-0.0310268
-0.0310857
-0.0312948
-0.0316782
-0.0322555
-0.0330397
-0.0340399
-0.0352619
-0.0367093
-0.0383832
-0.040283
-0.0424051
-0.0447431
-0.0472868
-0.0500222
-0.0529306
-0.0559898
-0.0591735
-0.0624527
-0.0657965
-0.0691727
-0.0725495
-0.0758956
-0.079182
-0.082382
-0.0854718
-0.0884309
-0.0912422
-0.0938915
-0.0963678
-0.0986626
-0.10077
-0.102685
-0.104404
-0.105927
-0.107253
-0.10838
-0.10931
-0.110043
-0.110579
-0.110921
-0.11107
-0.111028
-0.110798
-0.110383
-0.109786
-0.109013
-0.108069
-0.106961
-0.105696
-0.104283
-0.102731
-0.101051
-0.0992546
-0.0973516
-0.0953529
-0.093268
-0.0911046
-0.0888672
-0.0865564
-0.0841679
-0.0816908
-0.0791079
-0.0763952
-0.0735237
-0.0704634
-0.0671907
-0.0637011
-0.0600268
-0.0562563
-0.0525512
-0.0491462
-0.0463202
-0.0443295
-0.0433107
-0.0432223
-0.043976
-0.045475
-0.0320037
-0.0317463
-0.0316382
-0.0316719
-0.0318502
-0.0321972
-0.0327325
-0.0334696
-0.0344179
-0.0355836
-0.0369707
-0.0385807
-0.0404133
-0.0424656
-0.0447319
-0.0472031
-0.049866
-0.0527034
-0.0556942
-0.0588135
-0.0620334
-0.0653238
-0.0686536
-0.0719913
-0.075306
-0.0785687
-0.0817524
-0.084833
-0.0877894
-0.0906035
-0.0932605
-0.0957483
-0.0980577
-0.100181
-0.102114
-0.103852
-0.105394
-0.106736
-0.10788
-0.108824
-0.109569
-0.110115
-0.110464
-0.110617
-0.110577
-0.110344
-0.109924
-0.109319
-0.108535
-0.107577
-0.106452
-0.105168
-0.103735
-0.102161
-0.100459
-0.0986396
-0.0967149
-0.0946968
-0.0925961
-0.0904221
-0.0881814
-0.0858768
-0.0835063
-0.081062
-0.0785293
-0.0758865
-0.0731064
-0.0701587
-0.0670169
-0.0636693
-0.0601354
-0.0564865
-0.0528648
-0.0494898
-0.046637
-0.0445771
-0.0434764
-0.0433252
-0.0440582
-0.0455843
-0.0325704
-0.0322951
-0.032167
-0.0321755
-0.0323219
-0.0326296
-0.0331184
-0.0338023
-0.0346912
-0.0357923
-0.0371098
-0.0386462
-0.0404018
-0.0423745
-0.0445596
-0.046949
-0.0495308
-0.0522891
-0.0552042
-0.0582526
-0.0614075
-0.0646401
-0.0679198
-0.0712157
-0.0744973
-0.0777355
-0.080903
-0.0839751
-0.08693
-0.0897489
-0.0924159
-0.0949181
-0.0972449
-0.0993884
-0.101342
-0.103102
-0.104665
-0.106028
-0.10719
-0.108151
-0.10891
-0.109468
-0.109826
-0.109985
-0.109946
-0.109712
-0.109287
-0.108674
-0.107878
-0.106906
-0.105763
-0.104459
-0.103003
-0.101405
-0.0996775
-0.097832
-0.0958816
-0.0938391
-0.0917168
-0.0895254
-0.0872733
-0.0849653
-0.0826018
-0.0801775
-0.0776805
-0.0750917
-0.0723859
-0.0695336
-0.0665068
-0.0632883
-0.0598873
-0.0563597
-0.052829
-0.0494976
-0.0466339
-0.0445185
-0.0433437
-0.0431323
-0.0438445
-0.0453979
-0.0330519
-0.0327624
-0.0326163
-0.0326003
-0.0327138
-0.0329796
-0.0334176
-0.0340422
-0.0348643
-0.035892
-0.0371305
-0.0385834
-0.0402519
-0.0421349
-0.0442289
-0.0465271
-0.049019
-0.0516902
-0.0545223
-0.0574933
-0.0605778
-0.0637478
-0.0669738
-0.0702252
-0.0734719
-0.0766846
-0.0798357
-0.0828999
-0.0858547
-0.0886802
-0.0913595
-0.0938786
-0.096226
-0.0983924
-0.100371
-0.102155
-0.103742
-0.105129
-0.106313
-0.107294
-0.10807
-0.108641
-0.10901
-0.109175
-0.10914
-0.108905
-0.108476
-0.107855
-0.107048
-0.10606
-0.104899
-0.103574
-0.102093
-0.100469
-0.0987128
-0.0968379
-0.0948578
-0.0927864
-0.0906369
-0.0884214
-0.0861499
-0.0838292
-0.0814619
-0.0790448
-0.0765689
-0.0740177
-0.0713682
-0.0685926
-0.0656621
-0.0625562
-0.0592758
-0.0558634
-0.0524249
-0.0491452
-0.0462826
-0.0441227
-0.0428808
-0.0426114
-0.0433033
-0.044885
-0.0334519
-0.0331523
-0.0329904
-0.0329508
-0.0330307
-0.0332523
-0.0336353
-0.0341947
-0.0349424
-0.0358878
-0.0370377
-0.0383967
-0.0399676
-0.0417506
-0.0437435
-0.0459409
-0.048334
-0.0509099
-0.0536518
-0.056539
-0.0595475
-0.0626504
-0.0658189
-0.0690232
-0.0722331
-0.0754193
-0.0785538
-0.0816107
-0.0845664
-0.0874002
-0.090094
-0.0926326
-0.0950033
-0.0971957
-0.0992016
-0.101014
-0.102629
-0.104043
-0.105251
-0.106254
-0.10705
-0.107638
-0.108019
-0.108193
-0.108162
-0.107929
-0.107496
-0.106868
-0.106049
-0.105046
-0.103866
-0.102518
-0.101012
-0.0993589
-0.0975721
-0.0956648
-0.0936513
-0.0915464
-0.0893642
-0.0871181
-0.0848196
-0.082477
-0.0800949
-0.0776724
-0.0752028
-0.0726723
-0.0700604
-0.067341
-0.0644861
-0.0614728
-0.058296
-0.0549869
-0.0516356
-0.0484095
-0.0455549
-0.0433585
-0.0420549
-0.0417294
-0.0424015
-0.0440136
-0.033775
-0.0334693
-0.0332943
-0.0332322
-0.0332783
-0.0334536
-0.0337776
-0.0342658
-0.0349315
-0.0357857
-0.0368368
-0.0380914
-0.0395537
-0.041226
-0.0431075
-0.0451945
-0.0474799
-0.0499524
-0.0525967
-0.0553938
-0.0583209
-0.0613522
-0.0644597
-0.0676141
-0.0707854
-0.073944
-0.0770616
-0.0801115
-0.0830692
-0.0859129
-0.0886233
-0.0911839
-0.0935807
-0.0958022
-0.0978389
-0.0996832
-0.101329
-0.102772
-0.104009
-0.105038
-0.105856
-0.106463
-0.106858
-0.107043
-0.107019
-0.106788
-0.106353
-0.105718
-0.104888
-0.10387
-0.102671
-0.1013
-0.0997667
-0.0980839
-0.0962642
-0.0943218
-0.0922714
-0.0901286
-0.0879085
-0.0856255
-0.0832922
-0.0809186
-0.0785107
-0.0760699
-0.0735915
-0.0710643
-0.0684702
-0.0657854
-0.0629829
-0.060039
-0.0569443
-0.053721
-0.0504453
-0.0472684
-0.0444229
-0.0421942
-0.0408319
-0.040451
-0.0411039
-0.0427493
-0.0340267
-0.033719
-0.0335335
-0.0334504
-0.0334627
-0.0335899
-0.033851
-0.0342623
-0.0348383
-0.0355919
-0.0365339
-0.037673
-0.0390157
-0.0405662
-0.0423258
-0.0442927
-0.0464613
-0.0488222
-0.051362
-0.0540628
-0.0569032
-0.0598586
-0.0629016
-0.0660035
-0.0691343
-0.0722643
-0.0753647
-0.0784079
-0.0813686
-0.0842236
-0.0869526
-0.0895376
-0.0919634
-0.0942169
-0.0962876
-0.0981668
-0.0998474
-0.101324
-0.102592
-0.103649
-0.104493
-0.105122
-0.105535
-0.105733
-0.105718
-0.105491
-0.105056
-0.104415
-0.103575
-0.102542
-0.101324
-0.0999291
-0.0983687
-0.0966546
-0.0948002
-0.09282
-0.0907295
-0.0885448
-0.0862816
-0.0839553
-0.0815796
-0.0791655
-0.0767207
-0.0742483
-0.0717455
-0.0692035
-0.0666065
-0.063933
-0.0611576
-0.0582567
-0.0552182
-0.0520576
-0.0488395
-0.0457
-0.0428587
-0.0405967
-0.0391756
-0.0387384
-0.0393721
-0.0410548
-0.0342126
-0.0339073
-0.0337143
-0.0336118
-0.0335906
-0.0336681
-0.0338627
-0.0341911
-0.0346695
-0.035313
-0.0361353
-0.0371476
-0.0383593
-0.0397768
-0.0414038
-0.0432405
-0.0452835
-0.047525
-0.0499531
-0.0525517
-0.0553005
-0.0581759
-0.0611513
-0.0641982
-0.0672869
-0.0703874
-0.0734702
-0.0765071
-0.0794716
-0.0823395
-0.085089
-0.0877007
-0.090158
-0.0924466
-0.0945546
-0.0964719
-0.0981906
-0.0997041
-0.101007
-0.102097
-0.102969
-0.103623
-0.104057
-0.104271
-0.104268
-0.104047
-0.103613
-0.102969
-0.10212
-0.101073
-0.0998361
-0.098418
-0.0968297
-0.0950834
-0.0931928
-0.0911727
-0.0890392
-0.0868085
-0.0844972
-0.0821213
-0.0796953
-0.0772313
-0.0747381
-0.0722202
-0.0696768
-0.0671007
-0.0644788
-0.0617916
-0.0590156
-0.0561281
-0.0531158
-0.0499891
-0.0468035
-0.0436825
-0.0408332
-0.0385311
-0.0370471
-0.0365501
-0.037164
-0.0388887
-0.0343391
-0.0340406
-0.0338433
-0.0337233
-0.0336689
-0.0336953
-0.0338197
-0.0340592
-0.034432
-0.0349558
-0.0356474
-0.0365214
-0.0375902
-0.0388633
-0.0403469
-0.0420437
-0.0439522
-0.0460665
-0.0483765
-0.0508673
-0.05352
-0.0563117
-0.0592166
-0.0622065
-0.0652517
-0.0683219
-0.071387
-0.074418
-0.0773873
-0.0802694
-0.0830412
-0.0856819
-0.0881734
-0.0905
-0.0926483
-0.0946072
-0.0963674
-0.0979214
-0.0992632
-0.100388
-0.101293
-0.101975
-0.102433
-0.102667
-0.102678
-0.102466
-0.102036
-0.10139
-0.100535
-0.0994754
-0.0982208
-0.09678
-0.0951639
-0.0933851
-0.0914572
-0.0893955
-0.0872161
-0.0849358
-0.0825715
-0.0801396
-0.0776553
-0.0751315
-0.0725778
-0.07
-0.0673986
-0.0647683
-0.0620978
-0.0593698
-0.0565629
-0.0536557
-0.0506347
-0.0475074
-0.0443224
-0.0411931
-0.0383154
-0.0359597
-0.0344038
-0.0338405
-0.0344325
-0.0362049
-0.0344127
-0.0341256
-0.0339274
-0.033792
-0.0337051
-0.0336788
-0.0337292
-0.0338738
-0.0341327
-0.0345268
-0.0350764
-0.0358002
-0.0367142
-0.0378313
-0.0391609
-0.0407081
-0.0424736
-0.0444536
-0.0466393
-0.0490174
-0.0515699
-0.0542749
-0.057107
-0.0600382
-0.0630389
-0.0660784
-0.0691259
-0.0721515
-0.0751266
-0.0780244
-0.0808203
-0.0834921
-0.0860203
-0.0883877
-0.0905796
-0.0925833
-0.0943886
-0.0959867
-0.0973708
-0.0985352
-0.099476
-0.10019
-0.100676
-0.100933
-0.100961
-0.100762
-0.100338
-0.0996932
-0.098833
-0.0977637
-0.0964932
-0.0950309
-0.0933878
-0.0915765
-0.0896108
-0.087506
-0.0852784
-0.082945
-0.0805228
-0.0780286
-0.0754778
-0.0728838
-0.070257
-0.0676038
-0.0649259
-0.0622195
-0.0594747
-0.0566763
-0.0538051
-0.0508414
-0.0477721
-0.0446035
-0.0413798
-0.0382066
-0.0352717
-0.0328409
-0.0311979
-0.0305577
-0.0311242
-0.0329505
-0.03444
-0.0341695
-0.033974
-0.0338254
-0.0337063
-0.0336258
-0.0335981
-0.0336414
-0.0337778
-0.0340318
-0.034428
-0.0349895
-0.0357368
-0.0366866
-0.0378516
-0.0392399
-0.0408544
-0.0426933
-0.0447494
-0.0470105
-0.0494596
-0.0520755
-0.0548332
-0.0577049
-0.0606606
-0.0636693
-0.0666996
-0.0697206
-0.0727027
-0.0756176
-0.0784394
-0.0811446
-0.083712
-0.086123
-0.0883614
-0.0904133
-0.0922671
-0.0939129
-0.0953429
-0.0965508
-0.0975315
-0.0982817
-0.0987989
-0.0990821
-0.0991313
-0.0989478
-0.0985341
-0.0978938
-0.0970319
-0.0959549
-0.0946708
-0.0931888
-0.09152
-0.0896769
-0.0876733
-0.0855245
-0.0832467
-0.0808568
-0.078372
-0.0758089
-0.073183
-0.070508
-0.0677944
-0.0650493
-0.0622749
-0.0594685
-0.0566215
-0.0537204
-0.0507479
-0.0476862
-0.0445237
-0.0412666
-0.0379568
-0.0346952
-0.0316644
-0.0291278
-0.0273753
-0.0266426
-0.0271771
-0.0290642
-0.0344281
-0.0341796
-0.0339908
-0.0338311
-0.0336803
-0.0335435
-0.0334332
-0.0333681
-0.0333729
-0.0334761
-0.0337071
-0.0340943
-0.0346629
-0.0354342
-0.0364247
-0.0376453
-0.0391017
-0.0407937
-0.0427157
-0.0448565
-0.0472
-0.0497253
-0.0524078
-0.0552196
-0.0581306
-0.0611091
-0.0641231
-0.0671407
-0.070131
-0.0730647
-0.0759145
-0.0786552
-0.0812642
-0.0837214
-0.0860093
-0.0881125
-0.0900182
-0.0917154
-0.0931951
-0.0944502
-0.0954748
-0.0962649
-0.0968176
-0.0971314
-0.0972059
-0.097042
-0.0966421
-0.0960097
-0.0951496
-0.0940681
-0.0927732
-0.0912739
-0.0895813
-0.0877076
-0.0856666
-0.0834733
-0.0811437
-0.0786943
-0.0761421
-0.0735034
-0.0707935
-0.0680258
-0.0652109
-0.0623557
-0.059463
-0.0565304
-0.0535504
-0.0505108
-0.0473958
-0.0441897
-0.0408829
-0.0374827
-0.0340307
-0.0306262
-0.0274498
-0.0247664
-0.0228733
-0.0220265
-0.0225192
-0.0244745
-0.034384
-0.0341638
-0.0339859
-0.0338174
-0.0336347
-0.0334389
-0.0332406
-0.0330593
-0.0329227
-0.0328638
-0.0329178
-0.0331185
-0.0334969
-0.0340792
-0.0348857
-0.035931
-0.0372229
-0.0387634
-0.0405479
-0.0425663
-0.0448031
-0.0472376
-0.0498452
-0.0525979
-0.0554651
-0.0584147
-0.0614137
-0.0644294
-0.0674298
-0.0703841
-0.0732637
-0.0760421
-0.0786951
-0.0812012
-0.0835414
-0.085699
-0.0876599
-0.0894119
-0.0909451
-0.0922512
-0.0933238
-0.0941581
-0.0947505
-0.095099
-0.095203
-0.0950631
-0.0946813
-0.0940609
-0.0932065
-0.0921243
-0.090822
-0.0893085
-0.0875946
-0.0856922
-0.0836148
-0.0813769
-0.078994
-0.0764823
-0.073858
-0.0711368
-0.0683334
-0.0654606
-0.0625285
-0.0595437
-0.0565087
-0.0534211
-0.050274
-0.0470557
-0.0437521
-0.0403494
-0.0368401
-0.0332339
-0.029574
-0.0259608
-0.022577
-0.0196936
-0.0176187
-0.0166285
-0.0170654
-0.0190967
-0.0343148
-0.0341303
-0.0339681
-0.0337927
-0.0335774
-0.0333189
-0.033026
-0.0327195
-0.0324307
-0.0321981
-0.0320627
-0.0320651
-0.0322423
-0.0326257
-0.0332402
-0.0341035
-0.0352262
-0.0366118
-0.0382571
-0.0401525
-0.0422827
-0.0446273
-0.0471615
-0.0498569
-0.0526823
-0.055605
-0.0585912
-0.0616071
-0.0646195
-0.0675965
-0.0705082
-0.0733264
-0.0760258
-0.0785833
-0.0809785
-0.0831935
-0.0852127
-0.0870229
-0.0886131
-0.0899741
-0.0910987
-0.0919813
-0.0926177
-0.0930055
-0.0931436
-0.0930323
-0.0926731
-0.0920693
-0.091225
-0.0901464
-0.0888406
-0.0873166
-0.0855843
-0.0836556
-0.0815432
-0.079261
-0.0768239
-0.0742471
-0.0715458
-0.068735
-0.0658281
-0.0628369
-0.0597705
-0.0566346
-0.0534309
-0.0501565
-0.0468041
-0.0433625
-0.0398184
-0.0361598
-0.0323818
-0.028497
-0.0245524
-0.0206522
-0.0169854
-0.0138347
-0.0115245
-0.0103529
-0.0107145
-0.0128297
-0.0342283
-0.0340886
-0.0339472
-0.0337665
-0.0335167
-0.0331901
-0.0327943
-0.0323521
-0.0318993
-0.0314803
-0.0311434
-0.0309361
-0.0309019
-0.0310779
-0.0314936
-0.0321701
-0.0331204
-0.0343497
-0.0358556
-0.037629
-0.0396546
-0.0419118
-0.0443753
-0.0470163
-0.049803
-0.0527018
-0.0556779
-0.0586965
-0.0617234
-0.0647255
-0.0676714
-0.0705319
-0.07328
-0.0758913
-0.0783441
-0.0806191
-0.0826996
-0.0845713
-0.0862219
-0.0876416
-0.088822
-0.089757
-0.0904419
-0.0908736
-0.0910505
-0.0909725
-0.0906409
-0.0900585
-0.0892293
-0.0881588
-0.0868541
-0.0853234
-0.0835764
-0.081624
-0.0794784
-0.0771526
-0.0746604
-0.0720157
-0.0692326
-0.0663245
-0.0633034
-0.0601796
-0.0569604
-0.05365
-0.0502485
-0.046752
-0.043152
-0.039437
-0.0355939
-0.0316121
-0.0274894
-0.0232425
-0.0189234
-0.0146435
-0.0106022
-0.00710046
-0.00448676
-0.00308457
-0.00334475
-0.0055524
-0.0341326
-0.0340494
-0.0339348
-0.0337494
-0.0334614
-0.0330591
-0.0325498
-0.0319593
-0.0313291
-0.0307106
-0.0301599
-0.0297321
-0.0294776
-0.0294395
-0.0296515
-0.0301385
-0.0309155
-0.0319891
-0.0333575
-0.0350118
-0.0369364
-0.0391102
-0.0415074
-0.0440983
-0.0468503
-0.0497289
-0.0526984
-0.055723
-0.0587674
-0.0617972
-0.0647798
-0.0676848
-0.0704838
-0.0731512
-0.075664
-0.0780016
-0.0801462
-0.0820822
-0.0837966
-0.0852783
-0.0865184
-0.0875099
-0.0882475
-0.0887276
-0.088948
-0.0889083
-0.0886093
-0.0880534
-0.0872443
-0.086187
-0.0848879
-0.0833549
-0.0815969
-0.0796239
-0.0774472
-0.0750785
-0.0725302
-0.069815
-0.066945
-0.0639316
-0.060785
-0.0575131
-0.0541211
-0.0506107
-0.0469799
-0.0432223
-0.0393277
-0.0352831
-0.031075
-0.0266937
-0.0221394
-0.0174337
-0.0126353
-0.00786593
-0.00333969
0.00061672
0.0036204
0.00531561
0.00519129
0.00288213
-0.0340363
-0.0340266
-0.0339447
-0.033754
-0.0334216
-0.0329329
-0.0322963
-0.0315425
-0.0307197
-0.0298878
-0.0291111
-0.0284531
-0.0279712
-0.0277141
-0.0277203
-0.0280174
-0.0286227
-0.0295436
-0.0307789
-0.0323191
-0.0341483
-0.0362445
-0.0385811
-0.0411274
-0.0438499
-0.046713
-0.0496802
-0.0527146
-0.0557797
-0.05884
-0.061862
-0.0648138
-0.067666
-0.0703917
-0.0729666
-0.0753691
-0.0775801
-0.0795831
-0.0813641
-0.0829111
-0.0842144
-0.0852662
-0.0860606
-0.0865934
-0.086862
-0.0868653
-0.086604
-0.0860796
-0.0852956
-0.0842564
-0.0829678
-0.0814368
-0.0796716
-0.077681
-0.0754751
-0.0730642
-0.0704591
-0.0676703
-0.0647079
-0.0615809
-0.0582968
-0.0548605
-0.0512742
-0.0475364
-0.0436417
-0.0395804
-0.0353393
-0.0309027
-0.0262556
-0.0213881
-0.0163028
-0.0110264
-0.00562673
-0.000236341
0.00490785
0.00944657
0.0129497
0.015018
0.0150742
0.0126537
-0.0339563
-0.0340356
-0.0339944
-0.0337958
-0.0334091
-0.0328191
-0.0320375
-0.031102
-0.0300696
-0.0290095
-0.0279953
-0.0270988
-0.0263843
-0.0259062
-0.0257071
-0.0258172
-0.0262553
-0.0270295
-0.0281382
-0.0295717
-0.031313
-0.0333392
-0.0356224
-0.0381309
-0.04083
-0.0436833
-0.0466531
-0.0497015
-0.0527909
-0.055885
-0.0589489
-0.0619499
-0.0648573
-0.0676431
-0.070282
-0.0727513
-0.0750308
-0.0771031
-0.0789531
-0.0805681
-0.0819376
-0.0830531
-0.083908
-0.0844975
-0.0848185
-0.0848695
-0.0846503
-0.0841623
-0.0834082
-0.0823918
-0.0811181
-0.0795932
-0.0778243
-0.0758189
-0.0735856
-0.071133
-0.0684697
-0.0656041
-0.0625435
-0.059294
-0.0558596
-0.0522417
-0.0484385
-0.0444441
-0.0402486
-0.0358376
-0.0311932
-0.0262957
-0.0211269
-0.0156754
-0.00994559
-0.00396976
0.00217361
0.00834364
0.0142659
0.0195448
0.0236875
0.026233
0.0265277
0.0239862
-0.0339071
-0.0341023
-0.0341089
-0.0338954
-0.0334389
-0.0327267
-0.0317775
-0.030638
-0.0293767
-0.0280731
-0.0268106
-0.025669
-0.0247196
-0.0240217
-0.0236212
-0.0235504
-0.0238291
-0.0244654
-0.0254571
-0.0267935
-0.0284565
-0.0304217
-0.0326601
-0.0351387
-0.0378217
-0.0406715
-0.0436493
-0.0467163
-0.0498339
-0.0529649
-0.0560734
-0.0591257
-0.0620901
-0.0649377
-0.0676421
-0.0701796
-0.0725291
-0.0746723
-0.0765933
-0.0782784
-0.0797165
-0.0808983
-0.0818167
-0.0824662
-0.0828433
-0.0829456
-0.0827727
-0.0823252
-0.0816051
-0.0806156
-0.0793605
-0.0778452
-0.0760755
-0.0740575
-0.071798
-0.0693036
-0.0665805
-0.0636344
-0.0604694
-0.057088
-0.0534903
-0.0496729
-0.0456292
-0.0413476
-0.0368123
-0.0320026
-0.026894
-0.0214606
-0.0156789
-0.00953441
-0.00303126
0.00379361
0.0108519
0.0179774
0.0248783
0.0310967
0.0360613
0.0392233
0.039834
0.0371651
-0.0339163
-0.034262
-0.0343226
-0.0340809
-0.0335309
-0.0326679
-0.0315215
-0.0301519
-0.0286398
-0.0270768
-0.0255561
-0.0241655
-0.022982
-0.0220689
-0.0214747
-0.0212329
-0.0213633
-0.0218735
-0.0227603
-0.0240115
-0.0256075
-0.0275226
-0.029726
-0.0321836
-0.0348583
-0.0377113
-0.0407029
-0.0437933
-0.0469432
-0.0501142
-0.0532697
-0.0563751
-0.059398
-0.0623084
-0.0650791
-0.0676856
-0.070106
-0.072321
-0.0743139
-0.0760704
-0.0775786
-0.0788285
-0.0798125
-0.0805243
-0.0809599
-0.0811164
-0.0809926
-0.0805886
-0.0799055
-0.0789456
-0.0777123
-0.0762091
-0.0744406
-0.0724113
-0.070126
-0.0675891
-0.064804
-0.0617732
-0.0584973
-0.0549745
-0.0512
-0.0471652
-0.042857
-0.0382571
-0.0333419
-0.0280824
-0.0224453
-0.0163961
-0.00990301
-0.00294534
0.0044753
0.012319
0.0204867
0.0287899
0.0369081
0.0443183
0.0503465
0.0543186
0.0553541
0.052566
-0.0340277
-0.0345689
-0.0346862
-0.0343922
-0.0337129
-0.0326598
-0.0312787
-0.0296469
-0.02786
-0.0260216
-0.0242343
-0.0225932
-0.0211799
-0.0200602
-0.0192838
-0.0188845
-0.0188811
-0.01928
-0.0200765
-0.0212565
-0.0227986
-0.0246754
-0.0268546
-0.0293007
-0.0319753
-0.0348386
-0.0378498
-0.0409684
-0.044154
-0.0473678
-0.0505724
-0.0537323
-0.0568143
-0.059788
-0.0626252
-0.0653006
-0.0677916
-0.0700781
-0.0721429
-0.0739708
-0.0755492
-0.0768678
-0.0779179
-0.0786929
-0.0791881
-0.0794001
-0.079327
-0.078968
-0.0783236
-0.0773951
-0.0761846
-0.0746946
-0.0729281
-0.0708878
-0.0685763
-0.0659953
-0.0631454
-0.0600254
-0.0566319
-0.0529583
-0.0489941
-0.0447242
-0.0401281
-0.0351791
-0.0298441
-0.0240833
-0.0178523
-0.0111043
-0.00379582
0.00410406
0.0126005
0.0216543
0.0311576
0.0409015
0.0505259
0.0594529
0.0668709
0.0719314
0.0735574
0.0706996
-0.0343143
-0.0351083
-0.0352759
-0.0348874
-0.0340255
-0.0327283
-0.0310647
-0.0291323
-0.0270432
-0.024913
-0.022853
-0.0209628
-0.0193274
-0.0180135
-0.0170704
-0.0165304
-0.0164108
-0.0167158
-0.0174385
-0.0185628
-0.0200652
-0.0219164
-0.0240828
-0.026527
-0.0292097
-0.03209
-0.0351264
-0.0382772
-0.0415018
-0.0447605
-0.0480152
-0.05123
-0.0543711
-0.0574073
-0.0603098
-0.0630527
-0.0656128
-0.0679693
-0.0701042
-0.072002
-0.0736493
-0.0750351
-0.0761503
-0.0769877
-0.0775418
-0.0778087
-0.0777858
-0.0774716
-0.0768658
-0.0759685
-0.0747808
-0.0733038
-0.0715387
-0.0694865
-0.0671473
-0.0645202
-0.0616023
-0.0583887
-0.0548712
-0.0510379
-0.0468719
-0.0423506
-0.037445
-0.0321182
-0.0263255
-0.0200142
-0.0131252
-0.00559596
0.00263334
0.0116094
0.0213505
0.0318245
0.0429205
0.0544127
0.0659046
0.0767532
0.0860122
0.0925722
0.095061
0.0922813
-0.034901
-0.0360164
-0.0362079
-0.0356525
-0.0345282
-0.0329133
-0.030906
-0.0286272
-0.0262051
-0.0237663
-0.0214282
-0.0192935
-0.0174471
-0.0159547
-0.0148632
-0.0142023
-0.0139863
-0.0142166
-0.0148834
-0.0159683
-0.0174456
-0.0192841
-0.0214484
-0.0239001
-0.0265985
-0.0295018
-0.0325678
-0.0357542
-0.0390196
-0.042324
-0.0456289
-0.0488976
-0.0520961
-0.0551925
-0.0581576
-0.060965
-0.0635909
-0.066014
-0.0682156
-0.0701798
-0.0718926
-0.0733424
-0.0745195
-0.0754163
-0.0760267
-0.076346
-0.0763711
-0.0760996
-0.0755303
-0.0746626
-0.073496
-0.0720303
-0.0702651
-0.0681992
-0.0658304
-0.0631546
-0.0601656
-0.0568542
-0.0532073
-0.0492068
-0.0448289
-0.0400428
-0.0348092
-0.0290799
-0.0227966
-0.015891
-0.00828597
0.000101123
0.00935197
0.0195362
0.0306939
0.0428104
0.0557834
0.0693799
0.0831759
0.0964633
0.108185
0.116863
0.120689
0.118341
-0.0360073
-0.0375149
-0.0376603
-0.036815
-0.0353092
-0.033276
-0.0308467
-0.0281654
-0.0253749
-0.0226095
-0.0199891
-0.0176159
-0.0155719
-0.0139189
-0.0126994
-0.0119387
-0.0116472
-0.0118223
-0.0124513
-0.0135128
-0.0149789
-0.0168166
-0.0189888
-0.0214557
-0.0241759
-0.0271067
-0.0302051
-0.0334285
-0.0367351
-0.0400843
-0.0434373
-0.0467572
-0.0500095
-0.053162
-0.0561851
-0.059052
-0.0617384
-0.0642226
-0.0664855
-0.0685105
-0.0702834
-0.0717919
-0.073026
-0.0739773
-0.0746393
-0.0750068
-0.0750759
-0.0748435
-0.0743074
-0.073466
-0.0723178
-0.070861
-0.0690933
-0.0670116
-0.0646109
-0.0618843
-0.0588218
-0.0554097
-0.0516296
-0.0474571
-0.0428607
-0.0378003
-0.0322261
-0.0260766
-0.0192783
-0.0117448
-0.00337773
0.00593033
0.0162893
0.0278003
0.040537
0.0545176
0.0696668
0.0857656
0.102384
0.118778
0.133774
0.145535
0.151558
0.150385
-0.0380274
-0.0399666
-0.039903
-0.0385585
-0.0364933
-0.0339042
-0.0309518
-0.0277995
-0.0245989
-0.0214861
-0.0185786
-0.0159734
-0.0137459
-0.0119506
-0.0106237
-0.00978411
-0.00943698
-0.00957543
-0.010183
-0.0112353
-0.0127022
-0.0145486
-0.0167362
-0.019224
-0.0219696
-0.0249298
-0.0280611
-0.0313206
-0.0346661
-0.0380569
-0.0414539
-0.04482
-0.0481205
-0.0513229
-0.0543974
-0.0573168
-0.0600565
-0.0625945
-0.0649113
-0.06699
-0.0688158
-0.0703762
-0.0716606
-0.0726602
-0.0733681
-0.0737782
-0.0738862
-0.0736882
-0.0731813
-0.0723627
-0.0712296
-0.0697789
-0.0680066
-0.0659072
-0.0634733
-0.0606949
-0.0575581
-0.0540447
-0.0501308
-0.0457853
-0.0409688
-0.0356317
-0.0297124
-0.0231358
-0.0158116
-0.00763327
0.00152183
0.0117901
0.0233165
0.0362433
0.0506922
0.0667349
0.0843508
0.10337
0.123397
0.143701
0.163049
0.179362
0.189116
0.190561
-0.0416917
-0.043967
-0.0433269
-0.0411243
-0.0382349
-0.034901
-0.0312955
-0.0275879
-0.0239276
-0.0204436
-0.0172435
-0.0144126
-0.0120152
-0.0100955
-0.00868022
-0.00778071
-0.00739566
-0.00751313
-0.00811262
-0.0091668
-0.010643
-0.0125045
-0.0147116
-0.0172225
-0.0199941
-0.0229827
-0.0261446
-0.0294365
-0.0328163
-0.036243
-0.0396776
-0.0430829
-0.046424
-0.0496683
-0.052786
-0.0557495
-0.0585341
-0.0611174
-0.0634799
-0.0656041
-0.0674751
-0.0690799
-0.0704075
-0.0714489
-0.0721964
-0.0726436
-0.0727855
-0.0726175
-0.0721359
-0.0713369
-0.0702165
-0.0687701
-0.0669919
-0.0648744
-0.0624078
-0.0595788
-0.0563699
-0.0527582
-0.0487144
-0.0442009
-0.0391703
-0.0335634
-0.0273069
-0.0203116
-0.01247
-0.00365417
0.00628447
0.0175151
0.0302234
0.0446033
0.0608408
0.0790865
0.0994124
0.12175
0.145805
0.170941
0.196026
0.21886
0.234923
0.241574
-0.0484046
-0.0504795
-0.0484273
-0.0447512
-0.0406477
-0.036314
-0.0318914
-0.02753
-0.0233584
-0.0194829
-0.0159897
-0.012945
-0.0103958
-0.00837207
-0.00688876
-0.00594806
-0.00554143
-0.00565146
-0.00625358
-0.00731747
-0.00880833
-0.0106879
-0.0129155
-0.0154487
-0.0182438
-0.0212571
-0.0244446
-0.0277632
-0.0311707
-0.0346262
-0.0380907
-0.0415271
-0.0449005
-0.0481783
-0.0513306
-0.0543297
-0.0571508
-0.0597715
-0.0621718
-0.0643341
-0.0662431
-0.0678857
-0.0692505
-0.0703279
-0.07111
-0.07159
-0.071762
-0.071621
-0.0711623
-0.0703813
-0.0692729
-0.067831
-0.0660482
-0.0639146
-0.0614186
-0.0585438
-0.0552692
-0.0515675
-0.0474044
-0.042736
-0.0375074
-0.0316504
-0.0250808
-0.0176957
-0.00937103
4.18097e-05
0.0107179
0.0228606
0.0367004
0.0524915
0.0705006
0.0909869
0.114164
0.140142
0.16883
0.19982
0.23227
0.264101
0.290247
0.306557
-0.0610113
-0.0609971
-0.0556846
-0.0495113
-0.0436259
-0.0379565
-0.0325291
-0.0274259
-0.022718
-0.0184633
-0.0147086
-0.011489
-0.00882774
-0.00673667
-0.00521726
-0.00426178
-0.00385453
-0.00397304
-0.00458923
-0.00567043
-0.00718028
-0.00907962
-0.0113272
-0.0138802
-0.0166952
-0.0197283
-0.0229358
-0.0262748
-0.0297032
-0.0331805
-0.0366677
-0.0401279
-0.0435263
-0.0468305
-0.0500104
-0.0530385
-0.0558897
-0.0585415
-0.0609738
-0.0631688
-0.0651111
-0.066787
-0.068185
-0.0692953
-0.0701092
-0.0706197
-0.0708203
-0.0707054
-0.0702695
-0.0695072
-0.0684126
-0.0669783
-0.0651958
-0.0630509
-0.0605327
-0.0576215
-0.0542929
-0.0505161
-0.0462523
-0.0414522
-0.0360545
-0.029983
-0.0231441
-0.0154233
-0.0066818
0.00324746
0.0145637
0.0275023
0.0423385
0.0593897
0.0790153
0.101611
0.127591
0.15735
0.191179
0.229141
0.270924
0.314999
0.356418
0.391501
-0.0860351
-0.0773155
-0.0650273
-0.0547816
-0.0463233
-0.0389622
-0.0324376
-0.0266394
-0.0215032
-0.0169954
-0.0131017
-0.00981639
-0.00713512
-0.00505145
-0.00355486
-0.00262989
-0.00225599
-0.00240781
-0.00305563
-0.00416602
-0.00570239
-0.00762569
-0.00989495
-0.0124679
-0.0153014
-0.0183522
-0.021577
-0.0249333
-0.0283794
-0.0318751
-0.0353818
-0.0388627
-0.0422832
-0.0456109
-0.0488158
-0.0518704
-0.0547495
-0.0574306
-0.0598933
-0.0621198
-0.0640941
-0.0658027
-0.0672335
-0.0683764
-0.0692226
-0.0697643
-0.0699949
-0.0699079
-0.0694972
-0.0687567
-0.0676801
-0.0662584
-0.0644805
-0.0623378
-0.0598099
-0.0568768
-0.0535127
-0.049684
-0.0453482
-0.0404522
-0.0349296
-0.0286987
-0.0216585
-0.0136859
-0.00463116
0.00568663
0.0174853
0.031026
0.0466211
0.0646442
0.0855426
0.109856
0.138235
0.171473
0.210502
0.256352
0.309937
0.371307
0.437981
0.512886
-0.141936
-0.098314
-0.0711242
-0.0555229
-0.0446252
-0.0360946
-0.0291561
-0.0233398
-0.0183489
-0.0140404
-0.0103557
-0.00726942
-0.00476774
-0.00284091
-0.00147863
-0.000667388
-0.000389211
-0.000621442
-0.00133699
-0.00250477
-0.00409035
-0.00605646
-0.00836371
-0.0109711
-0.0138367
-0.0169181
-0.0201727
-0.0235586
-0.0270347
-0.0305611
-0.0340994
-0.0376131
-0.0410676
-0.0444306
-0.0476722
-0.0507646
-0.0536827
-0.0564036
-0.058907
-0.0611747
-0.0631907
-0.0649409
-0.0664134
-0.0675975
-0.0684842
-0.0690655
-0.0693344
-0.0692842
-0.0689084
-0.0681983
-0.0671496
-0.0657531
-0.0639982
-0.0618706
-0.0593522
-0.0564215
-0.0530513
-0.0492066
-0.044843
-0.0399053
-0.0343246
-0.0280161
-0.0208753
-0.0127747
-0.00355919
0.00695951
0.019009
0.0328647
0.0488605
0.067405
0.0890044
0.114302
0.144145
0.179704
0.222671
0.27563
0.342417
0.42869
0.542181
0.695465
-0.275263
-0.114339
-0.0562805
-0.0399105
-0.0311739
-0.0244012
-0.0192256
-0.0150748
-0.0114693
-0.00824511
-0.00539821
-0.00295966
-0.000959846
0.000576787
0.00163365
0.00220345
0.00228832
0.00189888
0.00105307
-0.000224984
-0.00190613
-0.00395717
-0.00634174
-0.00902122
-0.0119554
-0.0151031
-0.0184228
-0.0218733
-0.0254139
-0.029005
-0.0326085
-0.0361878
-0.0397085
-0.0431381
-0.0464464
-0.0496056
-0.0525904
-0.0553778
-0.0579471
-0.0602799
-0.06236
-0.0641733
-0.0657074
-0.0669517
-0.0678968
-0.0685346
-0.0688578
-0.0688599
-0.068535
-0.0678783
-0.0668764
-0.0655229
-0.0638087
-0.0617196
-0.059238
-0.0563419
-0.053004
-0.0491893
-0.0448535
-0.0399415
-0.0343848
-0.0280988
-0.0209795
-0.0128999
-0.00370527
0.00679208
0.0188196
0.0326535
0.0486304
0.0671656
0.0887804
0.114151
0.144194
0.180242
0.224394
0.280459
0.355848
0.46716
0.643666
0.925322
)
;

boundaryField
{
    movingWall
    {
        type            zeroGradient;
    }
    fixedWalls
    {
        type            zeroGradient;
    }
    frontAndBack
    {
        type            empty;
    }
}


// ************************************************************************* //
