/*--------------------------------*- C++ -*----------------------------------*\
  =========                 |
  \\      /  F ield         | OpenFOAM: The Open Source CFD Toolbox
   \\    /   O peration     | Website:  https://openfoam.org
    \\  /    A nd           | Version:  7
     \\/     M anipulation  |
\*---------------------------------------------------------------------------*/
FoamFile
{
    version     2.0;
    format      ascii;
    class       volScalarField;
    location    "2.375";
    object      p;
}
// * * * * * * * * * * * * * * * * * * * * * * * * * * * * * * * * * * * * * //

dimensions      [0 2 -2 0 0 0 0];

internalField   nonuniform List<scalar> 
6400
(
1.25467e-06
5.40986e-06
-2.64798e-05
-9.35396e-05
-0.000188182
-0.000303385
-0.00043301
-0.000571767
-0.000715704
-0.000861782
-0.00100781
-0.00115222
-0.00129393
-0.00143212
-0.00156617
-0.00169551
-0.00181955
-0.00193767
-0.00204909
-0.00215294
-0.00224821
-0.00233373
-0.00240827
-0.00247047
-0.00251893
-0.00255225
-0.00256903
-0.00256793
-0.00254774
-0.0025074
-0.00244606
-0.00236311
-0.00225827
-0.00213156
-0.00198343
-0.00181471
-0.0016267
-0.00142116
-0.00120032
-0.000966867
-0.000723951
-0.000475135
-0.000224347
2.41783e-05
0.000265975
0.000496443
0.000710945
0.000904923
0.00107401
0.00121417
0.00132177
0.00139374
0.00142766
0.00142181
0.0013753
0.00128805
0.00116086
0.000995361
0.00079402
0.000560065
0.000297411
1.05668e-05
-0.000295471
-0.000615334
-0.000943404
-0.00127393
-0.00160112
-0.00191926
-0.00222277
-0.0025063
-0.00276475
-0.00299337
-0.00318779
-0.00334419
-0.00345952
-0.00353195
-0.00356188
-0.00355349
-0.00351678
-0.00346986
-1.55285e-06
1.90344e-06
-2.73934e-05
-8.58935e-05
-0.000167092
-0.000266038
-0.000378614
-0.000500086
-0.000627502
-0.00075816
-0.000890002
-0.00102149
-0.00115146
-0.00127903
-0.00140345
-0.00152406
-0.0016402
-0.0017512
-0.00185628
-0.00195458
-0.00204515
-0.0021269
-0.00219869
-0.00225929
-0.00230744
-0.00234185
-0.00236128
-0.00236451
-0.00235046
-0.00231817
-0.00226686
-0.00219601
-0.00210534
-0.00199489
-0.00186506
-0.00171661
-0.00155072
-0.00136899
-0.00117344
-0.000966532
-0.00075112
-0.000530448
-0.000308092
-8.7909e-05
0.000126039
0.000329567
0.000518459
0.000688574
0.000835954
0.000956932
0.00104824
0.00110711
0.00113137
0.00111952
0.00107078
0.000985149
0.000863399
0.000707089
0.000518522
0.000300696
5.72284e-05
-0.000207726
-0.000489583
-0.000783431
-0.00108414
-0.00138649
-0.00168524
-0.00197524
-0.00225152
-0.00250935
-0.0027443
-0.00295233
-0.00312989
-0.00327403
-0.00338258
-0.00345456
-0.00349087
-0.00349485
-0.00347003
-0.00342301
3.11071e-05
3.09996e-05
9.80786e-07
-5.42008e-05
-0.000128683
-0.000218568
-0.000320348
-0.000430621
-0.000546671
-0.000666235
-0.000787522
-0.000909138
-0.00102999
-0.00114921
-0.00126605
-0.00137985
-0.00148995
-0.00159566
-0.00169623
-0.00179082
-0.00187851
-0.0019583
-0.00202909
-0.00208975
-0.00213909
-0.0021759
-0.002199
-0.00220727
-0.00219968
-0.0021753
-0.0021334
-0.00207345
-0.00199515
-0.00189852
-0.00178387
-0.00165188
-0.00150362
-0.00134053
-0.00116447
-0.000977704
-0.000782866
-0.00058298
-0.000381373
-0.000181644
1.24075e-05
0.000196861
0.000367764
0.000521228
0.000653536
0.000761245
0.000841289
0.000891076
0.000908578
0.000892401
0.000841847
0.000756942
0.00063846
0.00048791
0.000307503
0.000100106
-0.000130839
-0.00038139
-0.000647215
-0.000923691
-0.00120601
-0.0014893
-0.0017687
-0.00203948
-0.0022971
-0.00253729
-0.00275612
-0.00295007
-0.00311607
-0.00325168
-0.00335509
-0.00342544
-0.00346333
-0.00347074
-0.00344551
-0.00338602
0.000100379
8.99325e-05
5.45504e-05
-1.78897e-06
-7.44476e-05
-0.000160115
-0.00025583
-0.000358913
-0.000467108
-0.000578568
-0.000691814
-0.000805682
-0.000919241
-0.00103172
-0.00114247
-0.00125086
-0.00135629
-0.00145811
-0.00155558
-0.00164793
-0.00173427
-0.00181363
-0.00188497
-0.00194719
-0.00199916
-0.0020397
-0.00206768
-0.00208199
-0.0020816
-0.0020656
-0.00203323
-0.00198391
-0.00191731
-0.00183335
-0.00173227
-0.00161464
-0.00148138
-0.0013338
-0.00117363
-0.00100295
-0.000824217
-0.000640302
-0.000454355
-0.000269803
-9.02777e-05
8.04565e-05
0.000238596
0.000380391
0.000502249
0.000600834
0.000673176
0.000716762
0.000729625
0.00071042
0.000658474
0.000573829
0.00045725
0.000310221
0.000134906
-6.58944e-05
-0.000288827
-0.000530068
-0.000785426
-0.00105045
-0.00132053
-0.00159102
-0.00185734
-0.00211503
-0.00235989
-0.00258799
-0.00279575
-0.00298002
-0.00313807
-0.0032677
-0.0033672
-0.00343552
-0.00347271
-0.00347946
-0.00344962
-0.00337657
0.000199985
0.000172867
0.000127913
6.7068e-05
-6.92791e-06
-9.13016e-05
-0.00018363
-0.000281835
-0.000384181
-0.000489253
-0.000595921
-0.000703294
-0.000810659
-0.000917414
-0.00102302
-0.00112697
-0.00122871
-0.00132766
-0.00142314
-0.00151442
-0.00160064
-0.00168089
-0.00175414
-0.00181934
-0.00187535
-0.00192104
-0.00195525
-0.00197688
-0.00198486
-0.00197826
-0.00195624
-0.00191818
-0.00186364
-0.00179245
-0.00170472
-0.00160089
-0.00148176
-0.00134849
-0.00120265
-0.00104616
-0.000881401
-0.000711033
-0.000538088
-0.000365876
-0.000197921
-3.78906e-05
0.000110493
0.000243546
0.000357726
0.00044974
0.00051664
0.000555931
0.000565656
0.000544467
0.000491688
0.000407351
0.000292205
0.000147714
-2.39819e-05
-0.000220121
-0.000437394
-0.00067204
-0.000919948
-0.00117677
-0.00143803
-0.00169924
-0.001956
-0.00220409
-0.00243955
-0.00265873
-0.00285834
-0.00303551
-0.00318777
-0.00331307
-0.00340974
-0.00347652
-0.003513
-0.00351897
-0.00348584
-0.00340436
0.000323358
0.000275175
0.000217181
0.000148999
7.09964e-05
-1.4582e-05
-0.000105814
-0.00020121
-0.000299561
-0.000399898
-0.000501467
-0.000603686
-0.000706094
-0.000808293
-0.000909912
-0.00101056
-0.0011098
-0.00120711
-0.0013019
-0.00139346
-0.001481
-0.00156361
-0.0016403
-0.00171002
-0.00177164
-0.001824
-0.00186592
-0.00189626
-0.0019139
-0.00191782
-0.00190711
-0.00188103
-0.00183903
-0.0017808
-0.00170633
-0.0016159
-0.00151017
-0.00139015
-0.00125726
-0.0011133
-0.000960494
-0.000801411
-0.000638985
-0.000476444
-0.000317252
-0.000165035
-2.34954e-05
0.000103687
0.000212958
0.000300998
0.000364827
0.000401906
0.000410231
0.000388412
0.00033573
0.00025218
0.00013848
-3.92933e-06
-0.000172927
-0.000365767
-0.000579157
-0.000809356
-0.00105228
-0.00130364
-0.00155902
-0.00181403
-0.00206439
-0.00230605
-0.00253521
-0.00274844
-0.00294268
-0.00311526
-0.00326391
-0.0033867
-0.00348198
-0.00354835
-0.0035851
-0.00359143
-0.00355768
-0.00347358
0.000464273
0.000391816
0.000318191
0.000240384
0.000156168
6.72783e-05
-2.48386e-05
-0.000119275
-0.000215347
-0.000312542
-0.000410502
-0.000508978
-0.000607788
-0.000706766
-0.000805726
-0.000904429
-0.00100255
-0.00109968
-0.00119527
-0.00128869
-0.00137917
-0.00146582
-0.00154768
-0.00162366
-0.00169262
-0.00175336
-0.00180466
-0.00184527
-0.00187401
-0.00188975
-0.00189145
-0.00187823
-0.0018494
-0.00180451
-0.00174337
-0.00166612
-0.00157323
-0.00146558
-0.00134444
-0.00121148
-0.00106882
-0.000918935
-0.000764696
-0.000609286
-0.000456152
-0.000308928
-0.000171347
-4.71409e-05
6.00673e-05
0.000146873
0.000210202
0.000247418
0.000256419
0.00023572
0.00018452
0.000102741
-8.9514e-06
-0.000149157
-0.000315776
-0.000506072
-0.000716751
-0.000944066
-0.00118393
-0.00143204
-0.00168402
-0.0019355
-0.00218226
-0.00242035
-0.00264608
-0.00285617
-0.00304771
-0.00321819
-0.00336547
-0.00348774
-0.00358338
-0.00365092
-0.00368946
-0.00369792
-0.00366647
-0.00358492
0.000616561
0.000517612
0.000426456
0.000337273
0.000245126
0.000151257
5.66435e-05
-3.83901e-05
-0.000133687
-0.000229202
-0.00032498
-0.000421124
-0.00051775
-0.000614937
-0.000712702
-0.000810969
-0.000909546
-0.00100811
-0.00110622
-0.00120326
-0.00129851
-0.0013911
-0.00148004
-0.00156423
-0.00164248
-0.00171353
-0.00177606
-0.00182875
-0.00187026
-0.00189935
-0.00191481
-0.00191561
-0.00190088
-0.00186998
-0.00182255
-0.00175854
-0.00167827
-0.00158244
-0.00147217
-0.00134904
-0.00121503
-0.00107257
-0.000924465
-0.000773898
-0.000624328
-0.000479435
-0.000343026
-0.000218932
-0.000110899
-2.24673e-05
4.31396e-05
8.31314e-05
9.52532e-05
7.78758e-05
3.00662e-05
-4.83653e-05
-0.000156843
-0.000294032
-0.000457873
-0.000645644
-0.000854046
-0.00107931
-0.00131732
-0.00156375
-0.00181417
-0.00206422
-0.00230969
-0.00254663
-0.00277144
-0.00298091
-0.00317221
-0.00334296
-0.00349111
-0.00361493
-0.00371285
-0.0037834
-0.00382559
-0.00383823
-0.00381196
-0.0037373
0.000774319
0.000647391
0.000537345
0.000435501
0.000334132
0.000233994
0.000135592
3.86603e-05
-5.7182e-05
-0.000152358
-0.00024733
-0.00034256
-0.000438467
-0.000535389
-0.000633551
-0.000733048
-0.000833821
-0.000935656
-0.00103817
-0.00114082
-0.0012429
-0.00134353
-0.00144172
-0.00153631
-0.00162604
-0.00170957
-0.00178548
-0.00185229
-0.00190854
-0.00195279
-0.00198367
-0.00199995
-0.00200055
-0.00198464
-0.00195164
-0.00190131
-0.00183378
-0.00174958
-0.00164968
-0.00153552
-0.001409
-0.00127248
-0.00112874
-0.000980946
-0.000832616
-0.000687499
-0.000549514
-0.000422633
-0.000310767
-0.000217645
-0.000146693
-0.000100911
-8.27637e-05
-9.40822e-05
-0.000135986
-0.000208829
-0.000312172
-0.000444785
-0.000604678
-0.000789167
-0.000994957
-0.00121826
-0.00145491
-0.00170053
-0.00195064
-0.00220081
-0.00244679
-0.00268461
-0.00291066
-0.00312174
-0.00331509
-0.00348837
-0.00363958
-0.00376706
-0.0038693
-0.00394484
-0.00399269
-0.00401163
-0.00399317
-0.0039289
0.000931893
0.00077599
0.000646131
0.000530728
0.000419202
0.000311816
0.000208596
0.000108674
1.11185e-05
-8.49714e-05
-0.000180477
-0.000276224
-0.000372942
-0.000471223
-0.000571508
-0.00067406
-0.000778958
-0.000886087
-0.00099514
-0.00110561
-0.00121681
-0.00132785
-0.0014377
-0.00154514
-0.00164884
-0.00174731
-0.00183901
-0.00192232
-0.00199557
-0.00205714
-0.00210544
-0.00213902
-0.00215656
-0.00215701
-0.00213955
-0.00210373
-0.00204945
-0.00197707
-0.00188741
-0.00178174
-0.00166189
-0.00153012
-0.0013892
-0.00124232
-0.00109304
-0.000945205
-0.00080288
-0.000670208
-0.000551311
-0.000450153
-0.000370416
-0.000315368
-0.000287746
-0.000289649
-0.000322446
-0.000386719
-0.000482225
-0.00060789
-0.000761843
-0.000941471
-0.00114351
-0.00136416
-0.00159922
-0.00184424
-0.00209465
-0.00234594
-0.00259376
-0.00283407
-0.0030632
-0.0032779
-0.0034754
-0.00365335
-0.00380978
-0.00394305
-0.00405168
-0.00413428
-0.00418983
-0.00421712
-0.00420877
-0.00415767
0.00108375
0.000898249
0.000747997
0.000618453
0.00049613
0.000380775
0.000271924
0.000168086
6.77675e-05
-3.04186e-05
-0.000127777
-0.000225498
-0.000324618
-0.000425985
-0.00053025
-0.000637846
-0.000748981
-0.000863639
-0.000981576
-0.00110232
-0.00122519
-0.00134928
-0.00147349
-0.00159653
-0.00171696
-0.00183317
-0.00194343
-0.00204594
-0.00213883
-0.00222025
-0.00228837
-0.00234147
-0.00237799
-0.0023966
-0.00239624
-0.00237619
-0.00233614
-0.00227622
-0.00219706
-0.00209981
-0.00198614
-0.00185826
-0.0017189
-0.00157126
-0.00141896
-0.00126597
-0.0011165
-0.000974893
-0.000845529
-0.000732652
-0.000640254
-0.000571935
-0.000530773
-0.000519204
-0.000538928
-0.000590828
-0.000674932
-0.000790394
-0.00093552
-0.00110782
-0.00130411
-0.00152059
-0.00175305
-0.00199695
-0.00224764
-0.00250047
-0.00275098
-0.00299498
-0.00322869
-0.00344877
-0.00365234
-0.00383699
-0.00400074
-0.00414191
-0.00425904
-0.00435074
-0.004416
-0.00445361
-0.00445739
-0.00442166
0.00122441
0.001009
0.000838048
0.000694035
0.000560512
0.00043668
0.000321555
0.000213005
0.000108963
7.54462e-06
-9.29799e-05
-0.000194163
-0.000297346
-0.000403629
-0.000513867
-0.000628655
-0.000748328
-0.000872957
-0.00100236
-0.00113608
-0.00127344
-0.00141348
-0.00155506
-0.00169677
-0.00183705
-0.00197412
-0.00210608
-0.0022309
-0.00234649
-0.00245072
-0.0025415
-0.00261683
-0.00267484
-0.00271392
-0.00273271
-0.00273021
-0.00270585
-0.00265952
-0.00259163
-0.00250316
-0.0023956
-0.0022711
-0.00213232
-0.00198247
-0.00182523
-0.00166468
-0.0015052
-0.00135137
-0.00120784
-0.00107919
-0.000969774
-0.000883593
-0.000824142
-0.000794279
-0.000796119
-0.000830941
-0.000899133
-0.00100016
-0.0011326
-0.00129414
-0.00148173
-0.00169164
-0.00191965
-0.00216116
-0.0024114
-0.0026656
-0.00291911
-0.00316757
-0.00340702
-0.00363394
-0.0038453
-0.00403858
-0.00421166
-0.00436281
-0.0044905
-0.00459337
-0.00467029
-0.00472007
-0.00473777
-0.00471918
0.0013484
0.00110303
0.000911317
0.000752716
0.00060778
0.000475126
0.000353215
0.000239255
0.000130586
2.48246e-05
-8.01886e-05
-0.000186367
-0.00029535
-0.000408485
-0.000526823
-0.000651116
-0.000781813
-0.000919069
-0.00106274
-0.0012124
-0.00136734
-0.00152656
-0.00168882
-0.00185262
-0.00201622
-0.00217768
-0.00233488
-0.00248555
-0.00262734
-0.00275783
-0.00287463
-0.0029754
-0.00305797
-0.00312038
-0.00316094
-0.00317835
-0.00317172
-0.00314067
-0.00308535
-0.00300655
-0.00290546
-0.00278422
-0.00264539
-0.00249215
-0.00232822
-0.00215778
-0.0019854
-0.0018159
-0.00165425
-0.00150538
-0.00137409
-0.00126483
-0.00118161
-0.0011278
-0.00110604
-0.0011181
-0.00116483
-0.00124614
-0.00136095
-0.00150724
-0.00168215
-0.0018821
-0.00210288
-0.00233987
-0.00258819
-0.00284291
-0.00309917
-0.00335239
-0.00359834
-0.00383328
-0.00405395
-0.0042576
-0.00444195
-0.00460509
-0.0047454
-0.00486143
-0.00495194
-0.00501567
-0.00504889
-0.00504892
0.00145023
0.0011751
0.000962775
0.000789642
0.000633229
0.000491531
0.000362419
0.000242412
0.00012825
1.70386e-05
-9.38115e-05
-0.000206572
-0.000323175
-0.000445209
-0.000573913
-0.000710185
-0.000854582
-0.00100733
-0.00116832
-0.00133714
-0.00151303
-0.00169495
-0.00188155
-0.0020712
-0.00226199
-0.00245178
-0.00263821
-0.00281875
-0.00299075
-0.00315147
-0.00329819
-0.00342821
-0.003539
-0.00362822
-0.00369382
-0.00373413
-0.00374791
-0.00373444
-0.00369356
-0.00362571
-0.00353217
-0.00341459
-0.00327548
-0.00311799
-0.00294584
-0.00276331
-0.00257516
-0.00238644
-0.00220245
-0.00202856
-0.00187003
-0.00173186
-0.00161864
-0.00153436
-0.0014823
-0.00146485
-0.00148348
-0.00153862
-0.00162968
-0.00175505
-0.00191218
-0.00209767
-0.00230743
-0.00253683
-0.00278091
-0.00303454
-0.00329266
-0.00355039
-0.0038032
-0.00404701
-0.00427824
-0.00449385
-0.00469126
-0.00486835
-0.00502329
-0.00515446
-0.00526045
-0.00533976
-0.00539002
-0.00540998
0.00152441
0.00121997
0.000987354
0.000799891
0.000632057
0.000481184
0.000344519
0.000217869
9.73577e-05
-2.04256e-05
-0.000138501
-0.000259495
-0.00038563
-0.000518723
-0.000660195
-0.000811083
-0.000972041
-0.00114336
-0.00132496
-0.00151641
-0.00171693
-0.00192539
-0.00214034
-0.00235998
-0.00258222
-0.00280472
-0.00302484
-0.00323976
-0.00344651
-0.00364202
-0.00382316
-0.00398687
-0.0041302
-0.00425039
-0.00434499
-0.00441189
-0.00444945
-0.00445657
-0.00443274
-0.00437807
-0.00429346
-0.00418043
-0.00404129
-0.00387908
-0.0036975
-0.0035009
-0.00329417
-0.00308263
-0.00287194
-0.00266788
-0.00247627
-0.00230273
-0.00215253
-0.00203038
-0.00194033
-0.00188554
-0.00186821
-0.0018895
-0.00194942
-0.00204692
-0.00217987
-0.0023452
-0.00253899
-0.00275667
-0.00299321
-0.00324333
-0.00350169
-0.00376307
-0.00402257
-0.0042757
-0.00451846
-0.00474739
-0.00495954
-0.00515243
-0.00532394
-0.00547221
-0.0055955
-0.00569208
-0.00576081
-0.00580191
0.00156544
0.00123237
0.000979976
0.00077851
0.000599408
0.000439296
0.000294763
0.000160889
3.31638e-05
-9.23434e-05
-0.000219084
-0.000350037
-0.000487707
-0.000634136
-0.000790918
-0.000959217
-0.00113978
-0.00133296
-0.00153868
-0.00175651
-0.00198562
-0.00222479
-0.00247243
-0.00272659
-0.00298499
-0.00324502
-0.00350377
-0.00375813
-0.00400475
-0.00424017
-0.00446089
-0.0046634
-0.00484428
-0.00500033
-0.00512861
-0.00522655
-0.00529204
-0.00532352
-0.00532004
-0.00528133
-0.00520788
-0.00510096
-0.00496262
-0.00479573
-0.00460392
-0.00439155
-0.00416363
-0.00392574
-0.00368386
-0.00344428
-0.00321337
-0.00299745
-0.00280257
-0.00263429
-0.00249755
-0.00239644
-0.00233408
-0.00231249
-0.00233252
-0.00239381
-0.00249482
-0.00263292
-0.00280449
-0.00300512
-0.00322974
-0.00347293
-0.00372905
-0.00399251
-0.00425796
-0.0045204
-0.00477529
-0.00501866
-0.00524704
-0.00545748
-0.00564743
-0.0058147
-0.00595714
-0.00607264
-0.00616127
-0.00622471
0.00156787
0.0012071
0.000935595
0.000720562
0.000530421
0.000361052
0.000208359
6.66736e-05
-6.91547e-05
-0.000203582
-0.00034049
-0.000483206
-0.000634513
-0.000796668
-0.000971435
-0.0011601
-0.0013635
-0.00158202
-0.00181562
-0.00206383
-0.00232577
-0.00260012
-0.00288516
-0.00317877
-0.00347843
-0.00378128
-0.00408413
-0.00438349
-0.00467567
-0.00495678
-0.00522287
-0.00546997
-0.00569415
-0.0058917
-0.00605914
-0.00619336
-0.00629172
-0.00635213
-0.00637311
-0.00635393
-0.00629464
-0.0061961
-0.00606006
-0.00588912
-0.00568679
-0.00545739
-0.00520599
-0.00493839
-0.00466092
-0.00438033
-0.00410363
-0.00383788
-0.00358999
-0.00336652
-0.00317343
-0.00301592
-0.0028982
-0.00282337
-0.00279329
-0.00280851
-0.0028683
-0.00297062
-0.0031123
-0.00328917
-0.00349624
-0.00372794
-0.00397837
-0.00424152
-0.00451148
-0.00478265
-0.00504986
-0.00530846
-0.00555434
-0.00578392
-0.00599413
-0.00618226
-0.00634567
-0.00648176
-0.00659177
-0.00667882
0.00152634
0.00113905
0.000849253
0.000621184
0.000420294
0.00024168
8.05367e-05
-6.95653e-05
-0.000214423
-0.000359019
-0.000507664
-0.000664029
-0.00083117
-0.00101156
-0.00120711
-0.00141925
-0.00164887
-0.00189642
-0.00216186
-0.00244471
-0.002744
-0.00305832
-0.00338581
-0.00372414
-0.00407059
-0.00442201
-0.00477489
-0.00512538
-0.00546938
-0.00580256
-0.00612048
-0.00641864
-0.0066926
-0.00693804
-0.00715089
-0.00732745
-0.00746445
-0.00755919
-0.0076096
-0.00761438
-0.00757303
-0.00748595
-0.00735445
-0.00718083
-0.00696834
-0.0067212
-0.0064445
-0.00614419
-0.00582691
-0.00549991
-0.00517082
-0.00484751
-0.00453784
-0.00424945
-0.0039895
-0.00376444
-0.00357981
-0.00344
-0.00334811
-0.00330586
-0.00331351
-0.00336986
-0.00347238
-0.00361727
-0.00379973
-0.00401411
-0.00425426
-0.00451368
-0.0047859
-0.00506457
-0.00534376
-0.005618
-0.00588237
-0.00613253
-0.00636468
-0.00657552
-0.00676171
-0.0069201
-0.00705302
-0.00716508
0.00143563
0.00102325
0.000716135
0.000475648
0.000264348
7.65202e-05
-9.33732e-05
-0.000252527
-0.000407384
-0.000563456
-0.000725477
-0.000897458
-0.00108272
-0.00128395
-0.00150322
-0.00174206
-0.00200146
-0.0022819
-0.00258336
-0.00290531
-0.00324673
-0.00360609
-0.00398139
-0.0043701
-0.00476926
-0.00517542
-0.00558473
-0.00599298
-0.0063956
-0.00678781
-0.00716464
-0.00752102
-0.00785191
-0.00815237
-0.00841766
-0.0086434
-0.00882562
-0.00896093
-0.00904659
-0.0090806
-0.00906185
-0.00899015
-0.00886629
-0.00869215
-0.00847064
-0.00820577
-0.00790258
-0.0075671
-0.00720625
-0.0068277
-0.00643975
-0.00605108
-0.00567058
-0.00530707
-0.00496905
-0.00466441
-0.00440021
-0.00418236
-0.0040155
-0.00390276
-0.00384567
-0.00384413
-0.00389647
-0.00399948
-0.00414867
-0.00433843
-0.00456236
-0.00481353
-0.00508476
-0.00536891
-0.00565911
-0.00594892
-0.00623244
-0.00650437
-0.00676005
-0.00699536
-0.00720617
-0.0073886
-0.00754609
-0.00768473
0.00129073
0.000854935
0.000531638
0.000279429
5.8095e-05
-0.000138908
-0.000317866
-0.00048674
-0.000652618
-0.00082153
-0.000998633
-0.00118827
-0.00139404
-0.00161881
-0.00186482
-0.00213373
-0.0024266
-0.00274394
-0.00308576
-0.00345148
-0.00384003
-0.00424977
-0.00467852
-0.00512357
-0.0055817
-0.00604915
-0.00652173
-0.0069948
-0.00746336
-0.00792209
-0.00836546
-0.00878782
-0.00918344
-0.00954671
-0.00987216
-0.0101547
-0.0103895
-0.0105724
-0.0106999
-0.0107693
-0.0107787
-0.0107272
-0.0106149
-0.0104433
-0.0102148
-0.0099331
-0.00960304
-0.00923068
-0.00882312
-0.00838844
-0.00793555
-0.00747395
-0.0070136
-0.00656458
-0.00613684
-0.00573989
-0.0053825
-0.00507241
-0.00481602
-0.00461819
-0.00448205
-0.0044089
-0.0043982
-0.00444758
-0.00455307
-0.00470924
-0.00490954
-0.00514656
-0.00541243
-0.00569909
-0.00599858
-0.00630332
-0.00660622
-0.00690084
-0.00718143
-0.00744292
-0.00768017
-0.00788846
-0.00807231
-0.00823931
0.00108694
0.000629642
0.000291435
2.8275e-05
-0.000202684
-0.000408823
-0.000597183
-0.000776483
-0.000954448
-0.00113762
-0.00133157
-0.00154098
-0.00176968
-0.00202078
-0.00229667
-0.0025991
-0.00292922
-0.00328762
-0.00367427
-0.00408861
-0.00452947
-0.00499511
-0.00548319
-0.0059908
-0.00651445
-0.00705007
-0.00759308
-0.00813843
-0.00868063
-0.00921381
-0.00973184
-0.0102284
-0.0106971
-0.0111315
-0.0115255
-0.0118729
-0.0121683
-0.0124066
-0.0125834
-0.0126951
-0.0127389
-0.0127133
-0.0126176
-0.0124526
-0.0122201
-0.0119234
-0.011567
-0.011157
-0.0107006
-0.010206
-0.00968278
-0.00914124
-0.00859238
-0.0080476
-0.00751839
-0.00701603
-0.00655122
-0.00613372
-0.00577204
-0.00547308
-0.00524192
-0.00508162
-0.00499309
-0.00497516
-0.0050246
-0.00513638
-0.00530391
-0.00551938
-0.00577419
-0.00605926
-0.00636542
-0.00668374
-0.00700576
-0.00732363
-0.00763033
-0.00791958
-0.00818511
-0.00842113
-0.00863326
-0.00883065
0.000819895
0.000343258
-8.45017e-06
-0.000281724
-0.00052187
-0.000737105
-0.000935222
-0.00112569
-0.00131685
-0.00151575
-0.00172836
-0.0019597
-0.00221385
-0.00249411
-0.00280304
-0.00314252
-0.00351378
-0.00391745
-0.00435353
-0.00482142
-0.0053199
-0.00584712
-0.00640058
-0.00697714
-0.00757306
-0.00818393
-0.00880481
-0.00943016
-0.010054
-0.0106699
-0.011271
-0.0118504
-0.0124009
-0.0129152
-0.0133864
-0.0138075
-0.0141721
-0.0144741
-0.0147081
-0.0148697
-0.0149551
-0.0149619
-0.0148886
-0.0147351
-0.0145026
-0.0141938
-0.013813
-0.0133657
-0.0128593
-0.0123022
-0.0117043
-0.0110767
-0.0104315
-0.00978127
-0.00913918
-0.00851836
-0.00793161
-0.00739097
-0.00690732
-0.00648997
-0.00614632
-0.00588158
-0.00569856
-0.00559761
-0.00557662
-0.0056312
-0.00575494
-0.00593974
-0.00617626
-0.00645435
-0.0067635
-0.00709323
-0.00743346
-0.00777472
-0.00810844
-0.00842692
-0.00872251
-0.00898821
-0.00923069
-0.00946076
0.000485693
-7.89539e-06
-0.000371567
-0.000654056
-0.000902922
-0.00112721
-0.00133546
-0.00153786
-0.00174336
-0.00195948
-0.00219261
-0.00244806
-0.00273019
-0.00304248
-0.00338767
-0.00376775
-0.00418405
-0.00463725
-0.00512738
-0.00565383
-0.0062153
-0.00680984
-0.00743478
-0.0080868
-0.00876183
-0.00945517
-0.0101614
-0.0108746
-0.0115882
-0.0122952
-0.012988
-0.0136591
-0.0143002
-0.0149036
-0.015461
-0.0159647
-0.0164073
-0.0167817
-0.0170814
-0.017301
-0.0174358
-0.0174822
-0.0174378
-0.0173017
-0.0170743
-0.0167576
-0.0163552
-0.0158724
-0.0153163
-0.0146954
-0.01402
-0.0133016
-0.0125533
-0.0117891
-0.0110235
-0.0102718
-0.0095488
-0.00886916
-0.00824638
-0.0076925
-0.00721765
-0.00682965
-0.00653366
-0.006332
-0.00622411
-0.00620659
-0.00627349
-0.00641657
-0.00662586
-0.00689011
-0.00719732
-0.00753531
-0.00789211
-0.00825637
-0.00861767
-0.00896667
-0.00929406
-0.00959141
-0.00986648
-0.0101318
8.09415e-05
-0.000426993
-0.00080097
-0.00109172
-0.00134881
-0.00158211
-0.00180088
-0.00201599
-0.00223698
-0.00247186
-0.00272736
-0.00300913
-0.00332175
-0.00366895
-0.00405358
-0.0044778
-0.00494303
-0.00545
-0.00599879
-0.00658876
-0.00721856
-0.00788614
-0.00858867
-0.00932259
-0.0100836
-0.0108665
-0.0116657
-0.0124746
-0.0132861
-0.0140924
-0.0148856
-0.015657
-0.0163977
-0.017099
-0.0177517
-0.0183471
-0.0188766
-0.0193322
-0.0197064
-0.0199925
-0.0201847
-0.0202784
-0.0202702
-0.0201582
-0.0199419
-0.0196224
-0.0192027
-0.0186876
-0.0180837
-0.0173994
-0.0166452
-0.0158331
-0.0149768
-0.0140915
-0.0131933
-0.0122992
-0.0114266
-0.0105926
-0.00981359
-0.00910467
-0.00847913
-0.00794784
-0.00751882
-0.00719691
-0.00698359
-0.00687692
-0.00687175
-0.00696003
-0.00713125
-0.0073731
-0.00767205
-0.00801398
-0.00838483
-0.00877105
-0.0091601
-0.00954066
-0.00990149
-0.0102325
-0.0105426
-0.010846
-0.000397157
-0.000916634
-0.00129914
-0.00159714
-0.00186194
-0.0021042
-0.00233387
-0.00256248
-0.00280013
-0.00305526
-0.00333499
-0.00364524
-0.00399087
-0.00437577
-0.00480301
-0.00527484
-0.0057928
-0.0063577
-0.00696965
-0.007628
-0.00833136
-0.00907757
-0.00986363
-0.0106858
-0.0115393
-0.0124189
-0.0133183
-0.0142304
-0.0151476
-0.0160616
-0.0169633
-0.0178435
-0.0186925
-0.0195004
-0.0202571
-0.020953
-0.0215782
-0.0221237
-0.0225809
-0.0229418
-0.0231998
-0.0233489
-0.0233846
-0.023304
-0.0231056
-0.0227896
-0.0223581
-0.0218153
-0.0211671
-0.0204218
-0.0195895
-0.0186827
-0.0177157
-0.0167043
-0.0156664
-0.0146205
-0.0135864
-0.0125838
-0.0116321
-0.0107499
-0.00995395
-0.00925859
-0.0086753
-0.00821202
-0.00787284
-0.00765786
-0.00756323
-0.00758141
-0.00770168
-0.00791074
-0.00819347
-0.00853373
-0.00891508
-0.00932147
-0.00973791
-0.0101508
-0.0105466
-0.0109133
-0.0112608
-0.0116054
-0.000950739
-0.00147878
-0.00186795
-0.00217213
-0.0024441
-0.00269524
-0.00293617
-0.00317907
-0.00343451
-0.00371138
-0.00401713
-0.00435799
-0.00473904
-0.00516438
-0.00563724
-0.00616003
-0.00673439
-0.00736121
-0.00804064
-0.00877204
-0.00955396
-0.0103841
-0.0112594
-0.0121757
-0.0131282
-0.0141111
-0.0151175
-0.0161401
-0.0171705
-0.0181995
-0.0192177
-0.0202147
-0.0211799
-0.0221025
-0.0229715
-0.023776
-0.0245052
-0.0251488
-0.0256972
-0.0261412
-0.026473
-0.0266854
-0.026773
-0.0267316
-0.0265585
-0.0262531
-0.0258165
-0.0252519
-0.0245647
-0.0237625
-0.0228553
-0.0218553
-0.0207772
-0.0196375
-0.0184552
-0.0172505
-0.0160452
-0.0148617
-0.0137226
-0.0126499
-0.0116643
-0.010784
-0.0100246
-0.00939758
-0.00891051
-0.00856613
-0.00836249
-0.0082931
-0.00834736
-0.00851122
-0.00876804
-0.00909951
-0.00948662
-0.00991051
-0.0103534
-0.0107989
-0.011231
-0.0116354
-0.012023
-0.0124122
-0.00158122
-0.00211469
-0.00250856
-0.00281781
-0.00309636
-0.00335629
-0.00360884
-0.00386675
-0.00414108
-0.0044411
-0.00477461
-0.00514809
-0.00556686
-0.00603523
-0.00655659
-0.00713349
-0.00776769
-0.00846019
-0.00921115
-0.0100199
-0.0108851
-0.0118042
-0.0127739
-0.01379
-0.0148473
-0.0159394
-0.0170593
-0.0181989
-0.0193491
-0.0205002
-0.0216417
-0.0227626
-0.0238512
-0.0248959
-0.0258844
-0.0268049
-0.0276455
-0.0283947
-0.0290417
-0.0295764
-0.0299895
-0.0302731
-0.0304202
-0.0304257
-0.0302858
-0.0299988
-0.0295646
-0.0289856
-0.0282663
-0.0274134
-0.0264365
-0.0253474
-0.0241606
-0.0228934
-0.0215652
-0.0201978
-0.0188147
-0.0174408
-0.0161018
-0.0148233
-0.0136301
-0.0125447
-0.0115873
-0.0107737
-0.0101156
-0.00961909
-0.00928495
-0.00910835
-0.00907935
-0.0091835
-0.00940277
-0.0097167
-0.0101035
-0.0105412
-0.0110088
-0.0114869
-0.0119564
-0.0124003
-0.0128308
-0.0132682
-0.00228923
-0.00282489
-0.00322143
-0.00353459
-0.0038191
-0.00408767
-0.00435214
-0.00462574
-0.00491998
-0.00524449
-0.00560736
-0.00601534
-0.00647397
-0.00698775
-0.00756024
-0.00819416
-0.00889137
-0.00965294
-0.0104791
-0.0113693
-0.0123218
-0.0133343
-0.0144032
-0.015524
-0.0166912
-0.017898
-0.0191369
-0.020399
-0.0216749
-0.0229539
-0.0242248
-0.0254756
-0.0266938
-0.0278665
-0.0289808
-0.0300234
-0.0309816
-0.0318428
-0.0325949
-0.0332268
-0.0337281
-0.0340898
-0.0343037
-0.0343637
-0.0342648
-0.0340042
-0.0335807
-0.0329956
-0.0322524
-0.0313568
-0.0303177
-0.0291461
-0.0278564
-0.0264656
-0.0249936
-0.0234631
-0.0218992
-0.0203289
-0.0187809
-0.0172842
-0.0158677
-0.0145588
-0.0133824
-0.0123596
-0.0115067
-0.0108342
-0.0103464
-0.010041
-0.00990936
-0.00993712
-0.0101052
-0.010391
-0.01077
-0.0112166
-0.0117064
-0.0122164
-0.012724
-0.0132093
-0.0136854
-0.0141748
-0.0030746
-0.00360912
-0.00400623
-0.0043221
-0.0046119
-0.00488893
-0.00516554
-0.00545544
-0.00577051
-0.0061207
-0.00651438
-0.00695855
-0.00745895
-0.00802028
-0.00864627
-0.00933976
-0.0101028
-0.0109364
-0.011841
-0.0128159
-0.0138595
-0.0149692
-0.0161413
-0.017371
-0.0186524
-0.0199784
-0.0213407
-0.0227302
-0.0241364
-0.0255481
-0.026953
-0.0283385
-0.0296909
-0.0309964
-0.0322411
-0.0334106
-0.0344912
-0.0354692
-0.0363315
-0.0370659
-0.0376611
-0.0381068
-0.038394
-0.0385154
-0.038465
-0.0382387
-0.0378345
-0.0372524
-0.0364946
-0.035566
-0.0344741
-0.0332293
-0.0318451
-0.0303381
-0.0287281
-0.0270383
-0.0252948
-0.0235264
-0.0217641
-0.0200405
-0.0183884
-0.0168401
-0.0154258
-0.0141722
-0.0131011
-0.0122283
-0.0115626
-0.0111051
-0.0108495
-0.0107821
-0.0108832
-0.0111285
-0.0114904
-0.0119398
-0.0124483
-0.0129889
-0.0135351
-0.0140633
-0.0145878
-0.0151331
-0.00393632
-0.0044663
-0.00486186
-0.00517919
-0.00547357
-0.00575879
-0.00604771
-0.00635439
-0.00669106
-0.00706796
-0.00749372
-0.00797553
-0.00851936
-0.00913007
-0.00981155
-0.0105668
-0.0113979
-0.0123061
-0.0132918
-0.0143543
-0.0154919
-0.0167019
-0.0179803
-0.0193222
-0.0207212
-0.0221696
-0.0236589
-0.0251791
-0.026719
-0.0282666
-0.0298089
-0.0313322
-0.0328219
-0.0342633
-0.0356414
-0.0369409
-0.038147
-0.0392451
-0.0402211
-0.0410618
-0.041755
-0.0422894
-0.0426552
-0.042844
-0.0428488
-0.0426646
-0.0422881
-0.0417182
-0.040956
-0.040005
-0.0388716
-0.037565
-0.0360976
-0.034485
-0.0327467
-0.0309055
-0.0289881
-0.0270245
-0.0250477
-0.0230931
-0.0211973
-0.0193975
-0.0177292
-0.0162253
-0.0149139
-0.0138168
-0.0129484
-0.0123145
-0.0119118
-0.0117285
-0.0117451
-0.0119354
-0.0122693
-0.012714
-0.0132365
-0.0138056
-0.0143903
-0.0149628
-0.0155383
-0.0161437
-0.00487253
-0.00539456
-0.0057864
-0.00610392
-0.0064021
-0.00669519
-0.00699644
-0.00732026
-0.00767915
-0.0080836
-0.00854244
-0.00906308
-0.00965166
-0.0103132
-0.0110518
-0.0118704
-0.0127715
-0.0137562
-0.014825
-0.0159771
-0.0172108
-0.0185233
-0.0199104
-0.0213666
-0.0228854
-0.0244586
-0.0260769
-0.0277297
-0.0294053
-0.0310906
-0.032772
-0.0344345
-0.036063
-0.0376416
-0.0391543
-0.040585
-0.0419179
-0.0431374
-0.0442288
-0.0451778
-0.0459715
-0.0465978
-0.0470461
-0.047307
-0.0473728
-0.0472374
-0.0468965
-0.046348
-0.0455917
-0.0446299
-0.0434675
-0.0421123
-0.0405752
-0.0388707
-0.0370172
-0.0350368
-0.0329559
-0.0308051
-0.0286186
-0.026434
-0.0242917
-0.0222328
-0.0202987
-0.0185283
-0.0169567
-0.0156127
-0.0145173
-0.013682
-0.013108
-0.0127865
-0.0126987
-0.0128178
-0.0131111
-0.0135418
-0.0140727
-0.0146674
-0.0152898
-0.0159077
-0.0165367
-0.0172064
-0.00588051
-0.0063912
-0.00677717
-0.00709356
-0.00739471
-0.00769523
-0.00800874
-0.00834989
-0.00873141
-0.00916399
-0.00965665
-0.010217
-0.0108513
-0.0115647
-0.0123614
-0.0132447
-0.0142169
-0.0152793
-0.0164324
-0.0176755
-0.0190066
-0.0204228
-0.0219196
-0.0234914
-0.0251309
-0.0268297
-0.0285778
-0.0303639
-0.0321754
-0.0339987
-0.035819
-0.0376206
-0.0393874
-0.0411026
-0.0427492
-0.0443104
-0.0457694
-0.0471099
-0.0483164
-0.049374
-0.0502689
-0.0509885
-0.0515215
-0.0518577
-0.0519888
-0.051908
-0.0516099
-0.0510914
-0.0503512
-0.0493901
-0.0482118
-0.0468223
-0.045231
-0.0434507
-0.0414983
-0.0393945
-0.037165
-0.0348398
-0.032454
-0.0300465
-0.0276602
-0.0253404
-0.0231334
-0.0210848
-0.0192366
-0.0176255
-0.01628
-0.0152187
-0.0144488
-0.0139654
-0.013752
-0.0137817
-0.0140198
-0.014426
-0.014958
-0.0155744
-0.0162333
-0.0168972
-0.0175823
-0.0183203
-0.00695673
-0.00745277
-0.00783071
-0.00814463
-0.00844784
-0.00875526
-0.00908079
-0.00943927
-0.0098436
-0.0103046
-0.0108315
-0.011432
-0.0121125
-0.0128784
-0.0137339
-0.0146823
-0.0157262
-0.0168669
-0.0181048
-0.0194391
-0.020868
-0.0223881
-0.0239947
-0.0256819
-0.027442
-0.0292658
-0.0311429
-0.0330613
-0.0350076
-0.0369672
-0.0389246
-0.0408633
-0.0427661
-0.0446154
-0.0463934
-0.0480825
-0.049665
-0.0511242
-0.0524436
-0.053608
-0.054603
-0.0554155
-0.0560337
-0.0564469
-0.0566463
-0.0566242
-0.0563748
-0.0558939
-0.0551791
-0.0542301
-0.053049
-0.0516402
-0.0500113
-0.0481731
-0.0461405
-0.0439325
-0.041573
-0.0390913
-0.0365216
-0.0339038
-0.0312824
-0.0287058
-0.0262251
-0.0238917
-0.0217552
-0.0198602
-0.018244
-0.0169335
-0.015943
-0.0152735
-0.0149119
-0.0148325
-0.0149992
-0.0153685
-0.0158934
-0.0165265
-0.0172197
-0.0179298
-0.0186731
-0.0194835
-0.00809685
-0.00857502
-0.00894282
-0.00925289
-0.0095572
-0.00987086
-0.010208
-0.0105836
-0.0110107
-0.0115002
-0.0120614
-0.0127021
-0.0134289
-0.0142472
-0.0151614
-0.016175
-0.0172904
-0.018509
-0.0198313
-0.0212564
-0.0227823
-0.0244054
-0.0261207
-0.027922
-0.0298009
-0.031748
-0.0337519
-0.0358
-0.0378781
-0.039971
-0.042062
-0.0441339
-0.0461686
-0.0481478
-0.0500528
-0.0518653
-0.053567
-0.0551405
-0.056569
-0.0578367
-0.0589289
-0.0598321
-0.0605342
-0.0610244
-0.0612932
-0.0613326
-0.0611363
-0.0606993
-0.0600183
-0.0590918
-0.0579205
-0.0565072
-0.0548576
-0.0529803
-0.0508879
-0.0485972
-0.0461299
-0.0435131
-0.0407802
-0.0379702
-0.0351286
-0.032306
-0.029557
-0.0269385
-0.0245072
-0.0223164
-0.0204124
-0.0188316
-0.0175973
-0.0167174
-0.0161843
-0.0159747
-0.0160523
-0.0163709
-0.0168787
-0.0175224
-0.0182472
-0.0190031
-0.0198065
-0.0206933
-0.00929581
-0.00975302
-0.0101086
-0.0104135
-0.0107178
-0.011037
-0.0113852
-0.0117774
-0.0122269
-0.0127445
-0.0133396
-0.0140202
-0.0147929
-0.0156631
-0.0166355
-0.0177133
-0.0188993
-0.0201948
-0.0216002
-0.0231146
-0.0247356
-0.0264597
-0.0282815
-0.0301941
-0.032189
-0.034256
-0.036383
-0.0385568
-0.0407624
-0.0429837
-0.0452032
-0.0474029
-0.0495639
-0.051667
-0.053693
-0.0556227
-0.0574376
-0.0591195
-0.0606515
-0.0620173
-0.0632021
-0.0641922
-0.0649754
-0.0655407
-0.0658785
-0.0659806
-0.0658402
-0.0654518
-0.0648114
-0.0639166
-0.0627666
-0.0613629
-0.0597091
-0.0578117
-0.0556806
-0.0533301
-0.0507791
-0.0480523
-0.0451805
-0.0422017
-0.0391606
-0.0361087
-0.0331035
-0.0302063
-0.0274804
-0.0249873
-0.0227831
-0.0209145
-0.019415
-0.0183015
-0.0175734
-0.0172117
-0.0171811
-0.0174336
-0.0179131
-0.0185603
-0.0193128
-0.0201136
-0.0209786
-0.0219456
-0.0105479
-0.0109812
-0.0113227
-0.0116209
-0.0119242
-0.0122478
-0.0126063
-0.0130146
-0.0134857
-0.0140307
-0.0146591
-0.0153787
-0.0161963
-0.0171173
-0.0181464
-0.0192871
-0.020542
-0.0219124
-0.0233986
-0.0249998
-0.0267133
-0.0285352
-0.0304599
-0.03248
-0.0345866
-0.0367688
-0.0390139
-0.041308
-0.0436352
-0.0459785
-0.04832
-0.0506406
-0.0529206
-0.0551403
-0.0572798
-0.0593193
-0.0612397
-0.0630228
-0.0646512
-0.0661086
-0.06738
-0.0684518
-0.0693118
-0.0699489
-0.0703537
-0.0705179
-0.0704345
-0.0700978
-0.0695032
-0.0686475
-0.067529
-0.0661475
-0.0645049
-0.0626055
-0.0604567
-0.0580698
-0.0554606
-0.0526505
-0.0496675
-0.046547
-0.043332
-0.0400737
-0.0368309
-0.0336683
-0.0306546
-0.0278592
-0.0253479
-0.0231784
-0.0213955
-0.0200271
-0.0190812
-0.018545
-0.0183863
-0.0185561
-0.0189947
-0.0196369
-0.0204125
-0.0212566
-0.0221843
-0.023235
-0.0118467
-0.0122535
-0.0125789
-0.0128691
-0.0131701
-0.0134973
-0.013865
-0.0142883
-0.0147801
-0.0153515
-0.0160118
-0.0167691
-0.01763
-0.0186002
-0.0196841
-0.0208854
-0.0222066
-0.0236491
-0.0252131
-0.0268975
-0.0286995
-0.030615
-0.032638
-0.0347607
-0.0369734
-0.0392649
-0.0416218
-0.0440293
-0.0464709
-0.048929
-0.0513844
-0.0538177
-0.0562084
-0.0585361
-0.0607803
-0.0629209
-0.0649384
-0.0668142
-0.0685309
-0.0700722
-0.0714231
-0.0725701
-0.0735012
-0.0742056
-0.074674
-0.0748983
-0.0748715
-0.0745878
-0.0740424
-0.0732315
-0.0721525
-0.070804
-0.0691863
-0.0673017
-0.065155
-0.0627544
-0.0601124
-0.0572469
-0.0541821
-0.0509499
-0.0475907
-0.0441539
-0.040698
-0.0372897
-0.0340021
-0.0309112
-0.0280922
-0.0256141
-0.0235339
-0.0218918
-0.0207068
-0.0199743
-0.0196668
-0.0197363
-0.0201204
-0.0207479
-0.021541
-0.0224261
-0.0234171
-0.0245547
-0.0131854
-0.0135633
-0.0138709
-0.0141517
-0.0144492
-0.0147786
-0.0151545
-0.0155915
-0.0161027
-0.0166989
-0.0173896
-0.0181826
-0.0190848
-0.0201016
-0.0212377
-0.0224966
-0.0238808
-0.0253917
-0.0270294
-0.0287926
-0.0306784
-0.0326822
-0.0347977
-0.0370167
-0.039329
-0.0417228
-0.0441839
-0.046697
-0.0492448
-0.0518088
-0.0543694
-0.0569062
-0.0593982
-0.0618243
-0.0641637
-0.0663958
-0.0685009
-0.0704603
-0.0722564
-0.073873
-0.0752955
-0.0765104
-0.0775061
-0.0782722
-0.0787997
-0.0790808
-0.0791087
-0.0788777
-0.0783831
-0.0776206
-0.0765871
-0.0752804
-0.0736992
-0.071844
-0.0697172
-0.0673241
-0.0646738
-0.0617802
-0.0586634
-0.0553512
-0.05188
-0.0482963
-0.044657
-0.0410289
-0.0374877
-0.0341151
-0.0309947
-0.0282063
-0.0258199
-0.0238893
-0.0224461
-0.0214964
-0.0210196
-0.0209706
-0.0212853
-0.0218876
-0.0226915
-0.0236145
-0.024669
-0.0258963
-0.0145568
-0.0149037
-0.0151919
-0.0154619
-0.0157546
-0.0160849
-0.0164675
-0.0169167
-0.0174455
-0.0180646
-0.0187835
-0.0196099
-0.0205506
-0.0216111
-0.022796
-0.0241088
-0.0255519
-0.0271267
-0.0288332
-0.0306698
-0.0326334
-0.0347193
-0.0369206
-0.0392288
-0.0416331
-0.0441211
-0.0466781
-0.0492879
-0.0519326
-0.0545931
-0.0572491
-0.0598794
-0.0624626
-0.0649771
-0.0674015
-0.0697151
-0.0718979
-0.0739311
-0.0757973
-0.0774804
-0.0789659
-0.0802409
-0.0812941
-0.0821155
-0.0826966
-0.08303
-0.0831095
-0.0829297
-0.0824857
-0.0817735
-0.0807895
-0.0795309
-0.0779953
-0.0761816
-0.0740901
-0.0717233
-0.0690871
-0.0661912
-0.0630515
-0.059691
-0.0561414
-0.052445
-0.0486554
-0.0448383
-0.04107
-0.0374361
-0.0340272
-0.0309335
-0.0282378
-0.0260083
-0.0242912
-0.0231053
-0.0224393
-0.0222531
-0.0224828
-0.0230483
-0.0238555
-0.0248127
-0.0259301
-0.0272496
-0.0159534
-0.0162675
-0.0165347
-0.0167928
-0.0170792
-0.017409
-0.0177966
-0.0182562
-0.0188005
-0.0194402
-0.0201846
-0.0210415
-0.0220174
-0.0231179
-0.0243475
-0.0257097
-0.0272069
-0.0288403
-0.0306098
-0.0325136
-0.0345484
-0.0367092
-0.0389888
-0.041378
-0.0438659
-0.0464392
-0.0490827
-0.0517797
-0.0545115
-0.0572584
-0.0599994
-0.0627129
-0.0653767
-0.0679691
-0.0704681
-0.0728528
-0.0751032
-0.0772005
-0.0791273
-0.0808678
-0.0824077
-0.0837347
-0.0848379
-0.0857078
-0.0863365
-0.0867173
-0.0868443
-0.0867125
-0.0863177
-0.0856558
-0.0847233
-0.0835168
-0.0820333
-0.0802704
-0.0782267
-0.0759022
-0.0732995
-0.0704248
-0.0672893
-0.0639109
-0.0603162
-0.0565422
-0.0526381
-0.0486663
-0.0447023
-0.0408334
-0.0371556
-0.0337682
-0.0307663
-0.0282329
-0.02623
-0.0247913
-0.0239174
-0.0235757
-0.0237044
-0.0242206
-0.0250228
-0.0260096
-0.0271889
-0.0286026
-0.0173675
-0.0176473
-0.0178924
-0.0181371
-0.0184159
-0.0187436
-0.0191343
-0.0196022
-0.0201596
-0.0208172
-0.021584
-0.0224677
-0.0234749
-0.0246111
-0.0258808
-0.0272872
-0.0288329
-0.0305188
-0.0323447
-0.0343087
-0.0364073
-0.038635
-0.0409845
-0.0434461
-0.0460083
-0.0486573
-0.0513776
-0.0541516
-0.0569602
-0.059783
-0.0625984
-0.0653843
-0.0681182
-0.0707778
-0.073341
-0.0757867
-0.0780948
-0.0802464
-0.0822245
-0.0840134
-0.0855994
-0.0869704
-0.088116
-0.0890275
-0.0896975
-0.09012
-0.0902897
-0.0902022
-0.0898538
-0.0892408
-0.0883597
-0.0872072
-0.0857798
-0.0840742
-0.0820876
-0.0798179
-0.0772651
-0.0744316
-0.0713244
-0.0679562
-0.0643481
-0.0605311
-0.0565488
-0.0524589
-0.0483341
-0.0442616
-0.0403404
-0.0366771
-0.0333784
-0.0305417
-0.0282459
-0.0265412
-0.0254426
-0.0249276
-0.0249392
-0.025393
-0.026181
-0.0271922
-0.0284318
-0.0299412
-0.0187913
-0.0190358
-0.0192577
-0.0194879
-0.0197576
-0.0200814
-0.0204733
-0.020947
-0.0215147
-0.0221869
-0.0229725
-0.023879
-0.0249131
-0.0260801
-0.0273843
-0.0288292
-0.030417
-0.0321486
-0.0340237
-0.0360403
-0.0381944
-0.0404806
-0.0428909
-0.0454154
-0.0480422
-0.0507571
-0.0535438
-0.0563844
-0.0592591
-0.062147
-0.0650262
-0.0678739
-0.0706673
-0.0733838
-0.076001
-0.0784978
-0.0808539
-0.0830507
-0.0850712
-0.0869001
-0.0885239
-0.0899312
-0.0911121
-0.0920584
-0.0927634
-0.0932218
-0.093429
-0.0933814
-0.0930756
-0.0925087
-0.0916776
-0.090579
-0.0892093
-0.0875647
-0.0856414
-0.0834357
-0.0809452
-0.0781693
-0.0751108
-0.0717776
-0.0681849
-0.0643575
-0.0603325
-0.0561617
-0.0519132
-0.0476717
-0.0435375
-0.0396222
-0.036042
-0.0329087
-0.0303177
-0.0283376
-0.0270001
-0.0262954
-0.0261738
-0.0265517
-0.0273158
-0.0283454
-0.029643
-0.0312491
-0.0202173
-0.0204258
-0.0206236
-0.0208382
-0.0210974
-0.0214155
-0.0218062
-0.0222831
-0.0228579
-0.0235411
-0.0243413
-0.0252662
-0.026322
-0.0275142
-0.028847
-0.0303239
-0.0319468
-0.0337167
-0.0356331
-0.0376939
-0.0398949
-0.0422303
-0.0446919
-0.0472697
-0.049951
-0.0527213
-0.055564
-0.0584605
-0.0613908
-0.0643332
-0.0672655
-0.0701646
-0.0730074
-0.0757707
-0.0784323
-0.0809708
-0.0833659
-0.0855993
-0.0876539
-0.0895148
-0.091169
-0.0926055
-0.0938148
-0.0947895
-0.0955234
-0.096012
-0.0962514
-0.0962387
-0.0959714
-0.0954469
-0.0946628
-0.0936163
-0.0923038
-0.0907215
-0.0888647
-0.0867288
-0.0843094
-0.0816034
-0.0786098
-0.0753321
-0.0717799
-0.0679715
-0.0639371
-0.0597215
-0.0553867
-0.0510132
-0.0466998
-0.042561
-0.0387206
-0.0353027
-0.0324198
-0.0301591
-0.0285713
-0.0276622
-0.0273921
-0.0276806
-0.0284103
-0.0294518
-0.0308047
-0.032508
-0.0216378
-0.02181
-0.0219832
-0.0221812
-0.0224285
-0.0227389
-0.0231261
-0.0236031
-0.0241816
-0.0248717
-0.025682
-0.02662
-0.027692
-0.0289033
-0.0302581
-0.0317597
-0.0334103
-0.0352105
-0.0371598
-0.0392559
-0.0414945
-0.0438696
-0.0463728
-0.0489936
-0.0517191
-0.0545345
-0.0574226
-0.0603645
-0.0633397
-0.0663263
-0.0693016
-0.072242
-0.0751243
-0.0779252
-0.0806221
-0.0831935
-0.0856195
-0.0878814
-0.0899627
-0.0918486
-0.0935265
-0.0949856
-0.0962172
-0.0972144
-0.0979716
-0.098485
-0.0987514
-0.0987686
-0.0985349
-0.0980486
-0.0973078
-0.0963101
-0.0950526
-0.0935314
-0.0917418
-0.0896783
-0.0873351
-0.0847071
-0.0817904
-0.0785843
-0.075093
-0.0713289
-0.0673149
-0.0630883
-0.0587035
-0.0542352
-0.0497786
-0.0454484
-0.0413735
-0.0376887
-0.0345221
-0.0319804
-0.0301344
-0.0290082
-0.0285751
-0.0287607
-0.0294454
-0.0304917
-0.0318966
-0.033697
-0.0230458
-0.0231819
-0.0233301
-0.0235106
-0.0237446
-0.0240454
-0.0244264
-0.0249003
-0.0254786
-0.0261711
-0.0269864
-0.0279319
-0.0290139
-0.0302376
-0.0316072
-0.033126
-0.0347961
-0.0366181
-0.0385914
-0.0407135
-0.0429802
-0.0453852
-0.0479198
-0.0505734
-0.0533328
-0.0561827
-0.0591058
-0.0620828
-0.0650927
-0.0681135
-0.0711219
-0.0740943
-0.077007
-0.0798367
-0.0825606
-0.0851573
-0.0876066
-0.0898902
-0.0919915
-0.0938961
-0.0955917
-0.0970679
-0.0983165
-0.0993309
-0.100106
-0.100639
-0.100928
-0.10097
-0.100765
-0.100312
-0.0996103
-0.0986574
-0.0974512
-0.0959883
-0.094264
-0.0922726
-0.0900075
-0.0874619
-0.0846295
-0.0815062
-0.0780917
-0.0743923
-0.0704241
-0.0662162
-0.0618153
-0.0572883
-0.0527249
-0.0482375
-0.0439575
-0.0400279
-0.0365908
-0.0337719
-0.0316635
-0.0303101
-0.0297008
-0.0297704
-0.0303992
-0.0314428
-0.0328958
-0.0347931
-0.0244344
-0.024535
-0.0246582
-0.0248205
-0.0250397
-0.0253289
-0.025701
-0.0261684
-0.0267422
-0.0274323
-0.0282471
-0.029194
-0.0302792
-0.0315081
-0.0328848
-0.0344126
-0.0360935
-0.0379284
-0.0399163
-0.042055
-0.0443399
-0.0467646
-0.0493206
-0.0519966
-0.0547796
-0.0576538
-0.0606017
-0.0636038
-0.0666387
-0.0696841
-0.0727165
-0.0757121
-0.0786469
-0.0814975
-0.084241
-0.0868559
-0.0893221
-0.0916213
-0.0937371
-0.0956551
-0.0973634
-0.098852
-0.100113
-0.10114
-0.101929
-0.102478
-0.102784
-0.102846
-0.102666
-0.102241
-0.101573
-0.10066
-0.0995005
-0.0980915
-0.0964288
-0.0945068
-0.0923185
-0.089856
-0.0871114
-0.0840777
-0.0807506
-0.0771313
-0.0732289
-0.0690652
-0.064678
-0.0601258
-0.0554909
-0.0508811
-0.0464275
-0.0422786
-0.0385885
-0.0355008
-0.0331294
-0.0315412
-0.0307443
-0.0306852
-0.0312471
-0.0322802
-0.0337772
-0.0357704
-0.0257974
-0.0258636
-0.0259619
-0.0261055
-0.0263087
-0.0265841
-0.0269444
-0.0274015
-0.0279664
-0.0286488
-0.0294571
-0.0303988
-0.0314801
-0.0327063
-0.0340819
-0.03561
-0.0372928
-0.0391312
-0.0411242
-0.0432695
-0.0455626
-0.0479971
-0.0505641
-0.0532525
-0.0560489
-0.0589375
-0.0619004
-0.064918
-0.0679687
-0.0710298
-0.0740778
-0.0770886
-0.0800381
-0.0829025
-0.0856592
-0.0882863
-0.0907639
-0.0930735
-0.095199
-0.0971262
-0.0988432
-0.10034
-0.10161
-0.102646
-0.103445
-0.104005
-0.104325
-0.104404
-0.104243
-0.103842
-0.103203
-0.102324
-0.101206
-0.0998453
-0.098239
-0.0963817
-0.0942664
-0.0918848
-0.0892276
-0.0862858
-0.0830519
-0.0795225
-0.0757008
-0.0716011
-0.0672527
-0.0627047
-0.0580311
-0.0533327
-0.0487378
-0.0443975
-0.0404752
-0.0371306
-0.0344993
-0.0326716
-0.0316773
-0.0314779
-0.031962
-0.0329764
-0.0345127
-0.0366008
-0.0271291
-0.0271623
-0.0272364
-0.0273609
-0.0275469
-0.0278064
-0.0281519
-0.0285948
-0.0291459
-0.0298149
-0.0306104
-0.0315397
-0.0326093
-0.0338247
-0.0351904
-0.0367098
-0.0383851
-0.0402172
-0.0422054
-0.0443474
-0.0466387
-0.0490728
-0.0516408
-0.0543316
-0.0571317
-0.060025
-0.0629938
-0.0660178
-0.0690757
-0.0721445
-0.0752004
-0.0782192
-0.0811767
-0.084049
-0.0868131
-0.0894474
-0.0919318
-0.0942478
-0.0963793
-0.0983122
-0.100035
-0.101537
-0.102813
-0.103855
-0.104661
-0.10523
-0.10556
-0.105651
-0.105506
-0.105124
-0.104509
-0.103659
-0.102576
-0.101258
-0.0997018
-0.0979029
-0.0958547
-0.0935489
-0.0909754
-0.0881239
-0.0849844
-0.0815497
-0.0778179
-0.0737964
-0.0695061
-0.064987
-0.0603034
-0.0555478
-0.0508432
-0.0463403
-0.0422088
-0.0386225
-0.0357375
-0.0336684
-0.0324686
-0.032118
-0.0325136
-0.0335009
-0.0350718
-0.0372533
-0.0284245
-0.0284267
-0.0284773
-0.0285825
-0.0287502
-0.0289918
-0.0293193
-0.0297439
-0.0302762
-0.0309258
-0.0317014
-0.0326107
-0.0336604
-0.0348563
-0.0362029
-0.0377041
-0.0393621
-0.0411782
-0.0431516
-0.0452803
-0.0475597
-0.0499834
-0.0525427
-0.0552263
-0.0580206
-0.0609097
-0.0638754
-0.0668978
-0.069955
-0.073024
-0.076081
-0.0791015
-0.0820612
-0.0849361
-0.0877032
-0.0903406
-0.0928281
-0.0951473
-0.097282
-0.0992181
-0.100944
-0.10245
-0.103729
-0.104776
-0.105587
-0.106161
-0.106499
-0.106599
-0.106466
-0.1061
-0.105503
-0.104677
-0.103623
-0.102341
-0.100828
-0.0990798
-0.0970913
-0.0948539
-0.0923578
-0.0895914
-0.0865433
-0.0832032
-0.079565
-0.0756298
-0.0714111
-0.0669398
-0.0622699
-0.0574847
-0.0526997
-0.0480623
-0.0437458
-0.0399352
-0.0368053
-0.0344952
-0.0330838
-0.0325721
-0.0328687
-0.0338206
-0.0354208
-0.0376942
-0.0296793
-0.0296529
-0.0296812
-0.0297671
-0.0299155
-0.0301372
-0.0304435
-0.0308454
-0.0313533
-0.0319771
-0.0327256
-0.0336069
-0.034628
-0.0357951
-0.0371131
-0.0385862
-0.040217
-0.0420068
-0.0439554
-0.0460606
-0.0483183
-0.050722
-0.053263
-0.0559302
-0.0587099
-0.0615862
-0.0645409
-0.067554
-0.0706034
-0.0736662
-0.0767183
-0.0797351
-0.0826922
-0.0855655
-0.0883317
-0.0909689
-0.0934569
-0.095777
-0.097913
-0.0998507
-0.101578
-0.103086
-0.104368
-0.105418
-0.106232
-0.106811
-0.107154
-0.107261
-0.107137
-0.106782
-0.1062
-0.105392
-0.104362
-0.103108
-0.10163
-0.0999249
-0.0979872
-0.0958094
-0.0933818
-0.0906926
-0.0877291
-0.0844791
-0.0809328
-0.0770865
-0.0729467
-0.0685356
-0.0638975
-0.0591053
-0.0542655
-0.04952
-0.0450423
-0.0410257
-0.0376617
-0.0351132
-0.0334856
-0.0328037
-0.0329913
-0.033899
-0.0355233
-0.0378869
-0.03089
-0.0308379
-0.0308454
-0.0309123
-0.0310406
-0.0312402
-0.0315221
-0.031897
-0.0323743
-0.0329656
-0.0336793
-0.034524
-0.0355073
-0.0366359
-0.0379154
-0.0393502
-0.0409434
-0.0426969
-0.0446104
-0.0466823
-0.0489084
-0.0512827
-0.0537964
-0.0564384
-0.0591953
-0.0620511
-0.0649875
-0.0679844
-0.0710199
-0.0740708
-0.0771128
-0.0801214
-0.083072
-0.0859402
-0.0887027
-0.0913375
-0.093824
-0.0961435
-0.0982796
-0.100218
-0.101947
-0.103457
-0.10474
-0.105792
-0.106609
-0.107191
-0.107538
-0.10765
-0.107532
-0.107185
-0.106613
-0.10582
-0.104806
-0.103575
-0.102124
-0.100453
-0.0985565
-0.096428
-0.0940582
-0.0914356
-0.0885468
-0.0853783
-0.0819178
-0.0781573
-0.0740975
-0.0697527
-0.065158
-0.0603755
-0.0555016
-0.0506709
-0.0460543
-0.04185
-0.0382637
-0.0354807
-0.0336335
-0.0327732
-0.0328417
-0.0336968
-0.0353397
-0.0377919
-0.0320539
-0.0319794
-0.031968
-0.0320165
-0.032124
-0.0322996
-0.0325534
-0.032896
-0.0333377
-0.0338889
-0.0345594
-0.0353584
-0.0362942
-0.0373743
-0.0386048
-0.0399909
-0.0415362
-0.0432429
-0.0451114
-0.0471401
-0.0493254
-0.0516611
-0.0541389
-0.0567478
-0.0594743
-0.0623024
-0.065214
-0.0681888
-0.071205
-0.0742391
-0.0772669
-0.0802636
-0.0832045
-0.0860652
-0.088822
-0.0914528
-0.0939367
-0.096255
-0.0983909
-0.10033
-0.10206
-0.103571
-0.104857
-0.105911
-0.106731
-0.107316
-0.107665
-0.107781
-0.107667
-0.107325
-0.106761
-0.105976
-0.104974
-0.103758
-0.102327
-0.10068
-0.098815
-0.0967246
-0.0944006
-0.0918319
-0.0890053
-0.0859063
-0.0825208
-0.0788379
-0.0748533
-0.0705745
-0.0660278
-0.0612652
-0.0563724
-0.0514748
-0.0467383
-0.0423632
-0.0385663
-0.0355534
-0.0334842
-0.0324378
-0.0323775
-0.0331709
-0.034827
-0.0373663
-0.0331691
-0.0330762
-0.0330482
-0.033079
-0.0331652
-0.0333147
-0.0335371
-0.0338425
-0.0342415
-0.0347451
-0.0353637
-0.0361074
-0.0369857
-0.0380066
-0.0391775
-0.0405041
-0.0419909
-0.0436406
-0.0454541
-0.0474301
-0.0495654
-0.0518542
-0.0542881
-0.0568563
-0.0595455
-0.0623397
-0.0652208
-0.0681685
-0.0711608
-0.0741742
-0.0771844
-0.0801666
-0.0830956
-0.085947
-0.088697
-0.0913229
-0.093804
-0.096121
-0.0982569
-0.100197
-0.101929
-0.103443
-0.104731
-0.105788
-0.106611
-0.107198
-0.107551
-0.107669
-0.107558
-0.107219
-0.106658
-0.105878
-0.104883
-0.103675
-0.102256
-0.100625
-0.0987803
-0.096716
-0.0944246
-0.0918956
-0.0891162
-0.0860716
-0.0827468
-0.0791285
-0.0752087
-0.0709891
-0.0664883
-0.0617487
-0.0568453
-0.0518933
-0.0470518
-0.0425201
-0.0385232
-0.0352849
-0.0329915
-0.0317515
-0.0315523
-0.032275
-0.0339385
-0.0365636
-0.0342349
-0.0341279
-0.0340859
-0.0341002
-0.0341646
-0.034286
-0.0344732
-0.0347361
-0.0350856
-0.0355333
-0.0360907
-0.0367691
-0.037579
-0.0385299
-0.0396301
-0.0408863
-0.0423039
-0.0438864
-0.045635
-0.0475492
-0.049626
-0.0518598
-0.0542425
-0.0567635
-0.0594093
-0.0621642
-0.06501
-0.0679263
-0.0708911
-0.0738809
-0.0768711
-0.0798367
-0.0827525
-0.0855937
-0.0883363
-0.0909574
-0.0934359
-0.0957522
-0.0978891
-0.0998315
-0.101567
-0.103084
-0.104377
-0.105438
-0.106264
-0.106855
-0.10721
-0.107331
-0.107221
-0.106884
-0.106324
-0.105545
-0.104551
-0.103346
-0.101931
-0.100306
-0.0984709
-0.0964202
-0.0941473
-0.0916425
-0.0888935
-0.0858858
-0.0826039
-0.079033
-0.0751622
-0.0709889
-0.066525
-0.0618041
-0.0568912
-0.0518908
-0.0469536
-0.0422755
-0.0380866
-0.0346262
-0.032106
-0.0306645
-0.0303162
-0.0309586
-0.0326235
-0.0353334
-0.0352511
-0.0351351
-0.0350823
-0.0350813
-0.0351238
-0.0352149
-0.035363
-0.0355777
-0.0358702
-0.0362532
-0.0367395
-0.0373419
-0.0380723
-0.0389417
-0.0399598
-0.0411346
-0.0424724
-0.0439774
-0.0456518
-0.0474954
-0.0495056
-0.0516771
-0.0540021
-0.0564699
-0.0590673
-0.0617784
-0.064585
-0.0674667
-0.0704014
-0.0733654
-0.076334
-0.0792819
-0.0821839
-0.0850147
-0.0877502
-0.0903671
-0.0928439
-0.0951609
-0.0973002
-0.0992464
-0.100986
-0.10251
-0.103808
-0.104874
-0.105706
-0.106301
-0.10666
-0.106783
-0.106675
-0.106337
-0.105776
-0.104994
-0.103997
-0.102788
-0.10137
-0.0997429
-0.0979061
-0.0958561
-0.093587
-0.0910898
-0.0883529
-0.0853623
-0.0821024
-0.0785577
-0.0747155
-0.0705698
-0.0661269
-0.0614132
-0.056484
-0.0514337
-0.0464035
-0.0415839
-0.0372075
-0.0335262
-0.0307752
-0.0291236
-0.0286149
-0.0291668
-0.0308271
-0.0336212
-0.0362186
-0.0360994
-0.0360394
-0.0360248
-0.0360451
-0.0361039
-0.0362086
-0.0363687
-0.0365964
-0.0369053
-0.0373099
-0.0378248
-0.038464
-0.0392401
-0.0401646
-0.0412467
-0.0424941
-0.0439118
-0.0455029
-0.0472677
-0.0492039
-0.0513066
-0.053568
-0.0559777
-0.0585224
-0.0611862
-0.0639507
-0.0667956
-0.0696984
-0.0726354
-0.0755817
-0.0785118
-0.0814
-0.084221
-0.0869503
-0.0895642
-0.0920409
-0.0943602
-0.0965038
-0.098456
-0.100203
-0.101734
-0.10304
-0.104114
-0.104953
-0.105554
-0.105917
-0.106043
-0.105935
-0.105597
-0.105032
-0.104245
-0.103241
-0.102023
-0.100594
-0.0989549
-0.0971056
-0.0950433
-0.0927627
-0.0902555
-0.087511
-0.0845157
-0.0812544
-0.0777114
-0.0738728
-0.0697303
-0.0652862
-0.0605605
-0.0556005
-0.0504906
-0.0453625
-0.0404
-0.0358356
-0.031931
-0.0289431
-0.0270712
-0.0263899
-0.0268401
-0.0284891
-0.0313672
-0.0371392
-0.0370235
-0.0369604
-0.0369343
-0.0369322
-0.0369563
-0.0370129
-0.0371117
-0.0372657
-0.0374902
-0.0378018
-0.0382173
-0.0387529
-0.0394236
-0.0402425
-0.0412208
-0.0423673
-0.0436883
-0.0451874
-0.0468657
-0.0487213
-0.0507495
-0.0529427
-0.0552903
-0.0577791
-0.060393
-0.0631137
-0.0659204
-0.0687906
-0.0717003
-0.0746244
-0.0775371
-0.0804125
-0.083225
-0.0859495
-0.0885623
-0.0910409
-0.0933647
-0.095515
-0.0974756
-0.0992322
-0.100773
-0.102089
-0.103174
-0.104022
-0.104631
-0.104999
-0.105129
-0.105023
-0.104682
-0.104113
-0.103318
-0.102302
-0.101069
-0.0996223
-0.0979624
-0.0960897
-0.0940017
-0.0916938
-0.0891583
-0.0863852
-0.0833617
-0.0800732
-0.076504
-0.07264
-0.0684713
-0.0639972
-0.0592332
-0.0542194
-0.0490317
-0.0437924
-0.038678
-0.0339188
-0.0297841
-0.0265498
-0.024445
-0.0235769
-0.0239129
-0.0255435
-0.0285059
-0.0380159
-0.0379112
-0.03785
-0.0378145
-0.03779
-0.0377767
-0.0377798
-0.0378096
-0.0378803
-0.0380092
-0.0382156
-0.0385189
-0.0389382
-0.0394908
-0.0401923
-0.0410555
-0.042091
-0.0433061
-0.0447054
-0.0462904
-0.0480597
-0.0500086
-0.0521297
-0.0544124
-0.0568431
-0.0594058
-0.0620817
-0.0648499
-0.0676877
-0.0705707
-0.0734736
-0.0763703
-0.0792345
-0.0820402
-0.0847622
-0.0873761
-0.0898591
-0.09219
-0.0943498
-0.0963216
-0.0980907
-0.0996448
-0.100974
-0.102071
-0.10293
-0.103549
-0.103925
-0.10406
-0.103955
-0.103613
-0.103037
-0.102232
-0.101201
-0.0999478
-0.0984757
-0.096786
-0.0948786
-0.0927514
-0.0903998
-0.087817
-0.0849933
-0.0819165
-0.0785727
-0.0749466
-0.0710241
-0.0667947
-0.062256
-0.0574198
-0.0523211
-0.0470283
-0.0416554
-0.0363713
-0.0314031
-0.0270254
-0.0235309
-0.0211775
-0.020106
-0.0203135
-0.0219177
-0.0249652
-0.0388526
-0.0387677
-0.0387141
-0.0386717
-0.0386246
-0.0385705
-0.0385141
-0.0384661
-0.0384427
-0.0384638
-0.0385517
-0.0387294
-0.0390188
-0.0394405
-0.0400125
-0.0407498
-0.0416645
-0.0427652
-0.0440575
-0.0455433
-0.0472215
-0.0490877
-0.051134
-0.0533499
-0.0557216
-0.0582327
-0.060864
-0.0635945
-0.066401
-0.0692589
-0.0721424
-0.0750251
-0.0778804
-0.0806819
-0.0834039
-0.0860217
-0.088512
-0.0908531
-0.0930255
-0.0950116
-0.0967962
-0.0983664
-0.0997118
-0.100824
-0.101698
-0.102328
-0.102714
-0.102855
-0.102752
-0.102407
-0.101824
-0.101006
-0.0999565
-0.0986785
-0.0971745
-0.095446
-0.0934926
-0.0913122
-0.0889004
-0.0862504
-0.0833529
-0.0801962
-0.0767669
-0.0730503
-0.0690327
-0.0647034
-0.0600593
-0.0551101
-0.0498869
-0.0444525
-0.0389136
-0.0334325
-0.0282323
-0.0235912
-0.019817
-0.0171948
-0.0159001
-0.0159622
-0.0175311
-0.0206652
-0.0396545
-0.0395999
-0.0395603
-0.0395139
-0.0394435
-0.0393446
-0.0392213
-0.0390855
-0.0389557
-0.0388554
-0.0388106
-0.0388481
-0.0389938
-0.0392715
-0.039702
-0.0403027
-0.0410875
-0.0420663
-0.0432453
-0.0446271
-0.0462107
-0.0479916
-0.0499618
-0.0521104
-0.0544233
-0.0568835
-0.0594717
-0.0621663
-0.0649436
-0.0677787
-0.0706453
-0.0735168
-0.0763661
-0.0791664
-0.0818916
-0.0845165
-0.0870173
-0.0893719
-0.0915601
-0.0935639
-0.0953673
-0.096957
-0.0983216
-0.0994523
-0.100343
-0.100988
-0.101385
-0.101533
-0.101433
-0.101087
-0.100495
-0.0996621
-0.09859
-0.0972817
-0.0957389
-0.0939624
-0.0919515
-0.0897038
-0.0872145
-0.0844767
-0.0814813
-0.0782167
-0.0746697
-0.0708263
-0.0666733
-0.0622004
-0.0574044
-0.0522941
-0.0468984
-0.0412761
-0.0355285
-0.0298121
-0.0243467
-0.0194131
-0.0153323
-0.0124158
-0.0108735
-0.0107706
-0.0122936
-0.0155164
-0.0404282
-0.0404165
-0.0403986
-0.0403511
-0.0402562
-0.0401072
-0.0399081
-0.0396725
-0.0394224
-0.0391854
-0.0389923
-0.0388744
-0.0388619
-0.0389823
-0.0392597
-0.0397139
-0.0403604
-0.0412106
-0.0422713
-0.0435456
-0.0450323
-0.0467268
-0.0486208
-0.0507029
-0.0529583
-0.0553698
-0.0579173
-0.0605786
-0.0633298
-0.0661452
-0.0689984
-0.0718621
-0.0747089
-0.0775115
-0.0802434
-0.0828789
-0.0853938
-0.0877654
-0.089973
-0.091998
-0.0938237
-0.095436
-0.0968231
-0.0979752
-0.0988849
-0.0995469
-0.0999575
-0.100115
-0.100019
-0.0996698
-0.0990692
-0.098219
-0.0971211
-0.0957773
-0.0941886
-0.092355
-0.0902749
-0.0879453
-0.0853608
-0.082514
-0.0793953
-0.0759932
-0.0722944
-0.0682854
-0.0639533
-0.0592886
-0.0542885
-0.048962
-0.0433371
-0.0374706
-0.0314603
-0.0254587
-0.0196831
-0.014417
-0.00999399
-0.0067502
-0.00493085
-0.00463899
-0.00610373
-0.00941822
-0.0411817
-0.041229
-0.0412415
-0.0411957
-0.0410741
-0.0408681
-0.040582
-0.0402324
-0.0398459
-0.0394552
-0.0390967
-0.0388071
-0.0386215
-0.0385715
-0.0386845
-0.0389829
-0.039484
-0.0402001
-0.041139
-0.0423035
-0.0436926
-0.0453011
-0.0471203
-0.0491379
-0.0513386
-0.0537045
-0.0562147
-0.0588466
-0.0615755
-0.0643754
-0.0672191
-0.070079
-0.0729272
-0.0757361
-0.0784786
-0.0811286
-0.0836613
-0.0860537
-0.0882843
-0.0903339
-0.0921853
-0.0938237
-0.0952363
-0.0964127
-0.0973446
-0.0980258
-0.0984518
-0.0986197
-0.0985282
-0.0981767
-0.0975658
-0.0966963
-0.0955689
-0.0941844
-0.0925427
-0.0906425
-0.0884813
-0.0860549
-0.083357
-0.0803791
-0.077111
-0.0735405
-0.0696539
-0.0654378
-0.0608795
-0.0559704
-0.0507084
-0.0451035
-0.0391842
-0.0330068
-0.0266679
-0.0203181
-0.0141739
-0.00852279
-0.00371051
-9.76672e-05
0.00203542
0.00254513
0.00115355
-0.00225653
-0.0419267
-0.0420514
-0.042105
-0.0420635
-0.0419115
-0.0416389
-0.0412518
-0.0407711
-0.0402291
-0.0396655
-0.039123
-0.0386446
-0.0382708
-0.0380375
-0.0379756
-0.03811
-0.0384597
-0.039038
-0.0398529
-0.0409073
-0.0421996
-0.043724
-0.0454711
-0.0474278
-0.0495779
-0.0519024
-0.05438
-0.0569872
-0.0596985
-0.0624875
-0.0653263
-0.068187
-0.0710411
-0.0738605
-0.0766176
-0.0792861
-0.0818405
-0.0842573
-0.0865145
-0.0885922
-0.0904727
-0.0921402
-0.0935814
-0.0947849
-0.0957415
-0.0964441
-0.0968871
-0.0970666
-0.0969801
-0.0966261
-0.0960036
-0.0951123
-0.0939517
-0.0925211
-0.0908189
-0.0888426
-0.0865881
-0.0840497
-0.0812196
-0.0780881
-0.0746434
-0.0708722
-0.0667602
-0.0622931
-0.0574586
-0.0522482
-0.0466611
-0.0407086
-0.0344205
-0.0278548
-0.0211087
-0.0143332
-0.00774697
-0.00164292
0.00361949
0.00765483
0.0101474
0.0109106
0.00961036
0.00609947
-0.0426773
-0.0429033
-0.0430101
-0.0429746
-0.0427859
-0.0424338
-0.0419276
-0.0412948
-0.0405753
-0.0398168
-0.0390701
-0.0383849
-0.0378075
-0.0373786
-0.0371324
-0.0370961
-0.0372901
-0.0377285
-0.0384192
-0.0393648
-0.0405629
-0.042007
-0.0436863
-0.0455869
-0.0476916
-0.0499803
-0.0524308
-0.0550187
-0.0577179
-0.0605012
-0.0633404
-0.0662067
-0.0690713
-0.0719056
-0.0746817
-0.0773726
-0.0799525
-0.0823974
-0.0846846
-0.0867938
-0.0887063
-0.0904059
-0.0918782
-0.0931112
-0.0940947
-0.0948204
-0.0952818
-0.0954738
-0.0953925
-0.0950352
-0.0943997
-0.093484
-0.0922861
-0.0908037
-0.0890336
-0.0869714
-0.0846112
-0.0819452
-0.0789639
-0.0756555
-0.0720064
-0.0680014
-0.0636247
-0.0588609
-0.053697
-0.0481246
-0.0421438
-0.0357674
-0.0290277
-0.0219847
-0.0147391
-0.00744495
-0.000325365
0.00631777
0.0121087
0.0166351
0.0195448
0.020606
0.0194198
0.0158011
-0.0434531
-0.0438106
-0.0439844
-0.0439549
-0.0437194
-0.0432699
-0.0426214
-0.0418105
-0.0408873
-0.0399093
-0.0389362
-0.0380254
-0.0372294
-0.0365934
-0.0361548
-0.0359429
-0.035979
-0.0362775
-0.0368459
-0.037686
-0.0387945
-0.0401634
-0.0417809
-0.0436317
-0.0456973
-0.0479567
-0.0503864
-0.0529613
-0.0556544
-0.0584378
-0.0612827
-0.0641597
-0.0670396
-0.0698934
-0.0726926
-0.0754098
-0.0780189
-0.0804951
-0.0828155
-0.0849589
-0.0869062
-0.0886403
-0.090146
-0.0914104
-0.0924223
-0.0931724
-0.093653
-0.0938577
-0.0937814
-0.0934199
-0.0927693
-0.0918262
-0.0905867
-0.0890467
-0.0872009
-0.0850428
-0.0825643
-0.0797552
-0.0766035
-0.0730948
-0.069213
-0.0649403
-0.0602587
-0.0551508
-0.049602
-0.0436035
-0.0371555
-0.0302723
-0.0229888
-0.0153688
-0.00751668
0.000407078
0.00817152
0.0154621
0.0218821
0.0269882
0.0303892
0.0318051
0.0307618
0.0270257
-0.0442812
-0.0448088
-0.0450654
-0.0450385
-0.0447403
-0.0441682
-0.0433472
-0.0423263
-0.0411684
-0.0399429
-0.0387195
-0.0375639
-0.0365346
-0.0356813
-0.0350441
-0.0346537
-0.034532
-0.0346929
-0.0351431
-0.0358832
-0.0369083
-0.0382091
-0.0397722
-0.0415806
-0.0436147
-0.045852
-0.0482681
-0.0508366
-0.05353
-0.0563195
-0.0591756
-0.0620685
-0.0649684
-0.0678459
-0.0706721
-0.0734193
-0.0760607
-0.0785712
-0.0809273
-0.0831073
-0.0850914
-0.0868617
-0.0884023
-0.0896994
-0.0907406
-0.0915156
-0.0920156
-0.0922327
-0.0921606
-0.0917932
-0.0911253
-0.0901513
-0.0888656
-0.0872619
-0.0853325
-0.0830686
-0.0804592
-0.0774915
-0.0741503
-0.0704181
-0.0662753
-0.0617011
-0.0566739
-0.0511735
-0.0451829
-0.0386915
-0.0316988
-0.0242199
-0.016292
-0.00798274
0.000597579
0.00928144
0.017826
0.0258993
0.0330777
0.0388795
0.0428686
0.0447129
0.0438504
0.0399839
-0.0452008
-0.0459478
-0.0463039
-0.0462707
-0.0458848
-0.0451554
-0.0441223
-0.0428517
-0.0414224
-0.0399177
-0.0384183
-0.0369982
-0.035722
-0.0346429
-0.0338032
-0.0332341
-0.0329572
-0.0329853
-0.0333237
-0.0339713
-0.0349213
-0.0361626
-0.0376798
-0.0394545
-0.0414653
-0.0436884
-0.0460983
-0.0486676
-0.0513677
-0.0541692
-0.0570419
-0.0599556
-0.0628799
-0.065785
-0.0686417
-0.0714218
-0.0740981
-0.0766452
-0.0790389
-0.081257
-0.0832791
-0.0850866
-0.0866628
-0.0879928
-0.0890635
-0.0898633
-0.0903819
-0.0906105
-0.0905409
-0.0901656
-0.0894774
-0.0884688
-0.087132
-0.0854583
-0.0834376
-0.081058
-0.0783056
-0.0751642
-0.071615
-0.0676366
-0.0632055
-0.0582964
-0.0528836
-0.0469427
-0.0404529
-0.0334004
-0.0257827
-0.0176144
-0.00893372
0.00018811
0.009635
0.0192303
0.0287176
0.0377423
0.0458455
0.0524965
0.0572036
0.0595756
0.0589455
0.0549308
-0.0462696
-0.0472992
-0.0477709
-0.0477123
-0.0472005
-0.0462653
-0.0449683
-0.0433985
-0.0416545
-0.0398348
-0.038032
-0.036328
-0.0347925
-0.0334813
-0.0324376
-0.0316922
-0.0312654
-0.0311682
-0.0314036
-0.0319682
-0.032853
-0.0340446
-0.0355258
-0.037276
-0.0392723
-0.0414896
-0.0439009
-0.0464779
-0.049191
-0.0520101
-0.0549045
-0.0578433
-0.0607958
-0.0637318
-0.0666216
-0.0694367
-0.0721497
-0.0747346
-0.0771669
-0.0794237
-0.0814841
-0.0833288
-0.0849402
-0.0863026
-0.0874019
-0.0882252
-0.0887612
-0.0889994
-0.0889302
-0.0885442
-0.0878323
-0.0867851
-0.0853922
-0.0836424
-0.0815226
-0.079018
-0.0761111
-0.0727819
-0.0690073
-0.0647617
-0.0600163
-0.054741
-0.0489045
-0.0424768
-0.0354318
-0.0277507
-0.019427
-0.0104725
-0.000924682
0.00914345
0.0196111
0.0302925
0.0409162
0.0511017
0.0603449
0.068051
0.0736543
0.076692
0.0763686
0.0721824
-0.0475742
-0.0489671
-0.0495667
-0.0494468
-0.0487505
-0.0475412
-0.0459124
-0.0439823
-0.0418721
-0.0396974
-0.037562
-0.0355551
-0.0337495
-0.0322025
-0.0309563
-0.03004
-0.0294715
-0.0292587
-0.029402
-0.0298948
-0.0307257
-0.0318786
-0.033334
-0.0350695
-0.0370604
-0.03928
-0.0417001
-0.0442912
-0.0470231
-0.0498648
-0.0527851
-0.0557525
-0.0587361
-0.0617051
-0.0646298
-0.0674812
-0.0702316
-0.0728545
-0.0753252
-0.0776202
-0.0797181
-0.0815988
-0.0832441
-0.0846373
-0.0857633
-0.0866082
-0.0871592
-0.0874045
-0.0873328
-0.086933
-0.0861939
-0.0851037
-0.0836498
-0.081818
-0.0795922
-0.0769541
-0.0738824
-0.0703529
-0.0663377
-0.0618061
-0.0567236
-0.0510539
-0.0447591
-0.0378022
-0.0301498
-0.0217758
-0.0126672
-0.00282995
0.00770245
0.0188586
0.0305159
0.0424819
0.0544707
0.066076
0.0767373
0.0857765
0.0925278
0.0964312
0.0965267
0.0921424
-0.0492482
-0.051106
-0.0518337
-0.0515883
-0.0506178
-0.0490392
-0.0469895
-0.0446226
-0.0420858
-0.0395113
-0.0370128
-0.0346844
-0.0326003
-0.0308163
-0.0293721
-0.0282932
-0.0275936
-0.0272774
-0.027341
-0.0277748
-0.0285639
-0.0296896
-0.0311299
-0.0328603
-0.0348543
-0.0370838
-0.0395193
-0.0421304
-0.0448859
-0.0477541
-0.0507034
-0.0537019
-0.0567183
-0.0597215
-0.0626815
-0.0655691
-0.0683563
-0.0710164
-0.0735241
-0.0758557
-0.077989
-0.0799036
-0.0815804
-0.0830019
-0.0841519
-0.0850155
-0.0855786
-0.085828
-0.0857505
-0.0853334
-0.0845634
-0.0834263
-0.0819069
-0.0799879
-0.0776502
-0.0748716
-0.0716268
-0.0678869
-0.0636189
-0.0587862
-0.0533482
-0.0472611
-0.0404794
-0.0329573
-0.0246522
-0.0155282
-0.00556214
0.00524978
0.0168828
0.0292725
0.0422999
0.055772
0.069394
0.0827321
0.0951713
0.105923
0.114185
0.119255
0.11995
0.115347
-0.0515016
-0.0539479
-0.054777
-0.0542929
-0.0529116
-0.0508302
-0.0482423
-0.045344
-0.0423092
-0.0392847
-0.0363913
-0.0337242
-0.0313552
-0.0293361
-0.0277013
-0.0264708
-0.025653
-0.0252471
-0.0252452
-0.0256332
-0.0263931
-0.027503
-0.0289384
-0.0306728
-0.0326779
-0.034924
-0.0373805
-0.040016
-0.0427985
-0.045696
-0.0486762
-0.0517068
-0.0547563
-0.0577935
-0.0607881
-0.0637106
-0.0665329
-0.0692279
-0.0717702
-0.0741356
-0.0763015
-0.0782468
-0.0799519
-0.0813983
-0.082569
-0.083448
-0.0840198
-0.0842698
-0.0841834
-0.0837457
-0.0829414
-0.0817539
-0.0801655
-0.0781555
-0.0757017
-0.0727779
-0.0693544
-0.0653976
-0.0608689
-0.0557255
-0.0499197
-0.0433997
-0.036111
-0.0279977
-0.0190055
-0.00908595
0.00179821
0.0136657
0.0265069
0.0402722
0.0548556
0.0700733
0.0856324
0.101082
0.115751
0.128748
0.139049
0.145748
0.147345
0.142541
-0.0546726
-0.0578464
-0.0586905
-0.0577719
-0.0557708
-0.0529988
-0.0497188
-0.0461716
-0.0425549
-0.0390253
-0.0357041
-0.0326824
-0.0300251
-0.0277759
-0.0259609
-0.0245921
-0.0236712
-0.0231909
-0.023138
-0.0234941
-0.0242372
-0.0253423
-0.0267825
-0.0285289
-0.0305517
-0.0328198
-0.0353015
-0.0379645
-0.0407763
-0.0437042
-0.0467156
-0.0497782
-0.0528599
-0.0559295
-0.0589565
-0.0619115
-0.064766
-0.0674929
-0.0700665
-0.0724621
-0.0746569
-0.0766293
-0.0783588
-0.0798265
-0.0810143
-0.0819051
-0.0824824
-0.0827299
-0.0826315
-0.0821706
-0.0813295
-0.0800896
-0.0784298
-0.0763274
-0.0737558
-0.0706853
-0.0670817
-0.0629063
-0.0581149
-0.0526581
-0.0464807
-0.0395224
-0.0317185
-0.0230016
-0.0133038
-0.00256068
0.00928328
0.0222678
0.0364067
0.0516758
0.0679954
0.085207
0.103038
0.121039
0.138493
0.154493
0.167593
0.176649
0.179675
0.174814
-0.059323
-0.0633469
-0.0639926
-0.0623003
-0.0593595
-0.0556333
-0.0514594
-0.0471187
-0.0428231
-0.0387282
-0.0349469
-0.031558
-0.0286132
-0.0261431
-0.0241619
-0.0226716
-0.0216647
-0.0211268
-0.0210385
-0.0213766
-0.0221151
-0.0232259
-0.0246794
-0.0264449
-0.0284908
-0.0307849
-0.0332946
-0.0359869
-0.0388287
-0.0417869
-0.0448288
-0.0479216
-0.0510334
-0.0541329
-0.0571896
-0.0601738
-0.0630571
-0.0658122
-0.0684131
-0.0708352
-0.073055
-0.0750506
-0.0768009
-0.0782863
-0.0794879
-0.0803876
-0.0809676
-0.0812104
-0.0810983
-0.0806127
-0.0797342
-0.0784415
-0.0767112
-0.0745172
-0.0718298
-0.0686154
-0.0648354
-0.0604461
-0.0553976
-0.0496339
-0.0430921
-0.035703
-0.0273911
-0.0180764
-0.00767535
0.00389501
0.0167131
0.0308463
0.0463414
0.0632131
0.081426
0.100871
0.121325
0.142389
0.163375
0.183191
0.200279
0.21288
0.218291
0.213855
-0.0664254
-0.0712999
-0.0712622
-0.0682094
-0.0638402
-0.0587918
-0.0534629
-0.0481543
-0.0430716
-0.0383512
-0.0340829
-0.0303221
-0.0270987
-0.0244246
-0.022298
-0.0207078
-0.019636
-0.01906
-0.0189537
-0.0192888
-0.0200352
-0.0211619
-0.0226369
-0.0244277
-0.0265014
-0.0288247
-0.0313642
-0.0340865
-0.036958
-0.0399456
-0.0430162
-0.0461372
-0.0492766
-0.0524031
-0.0554861
-0.0584962
-0.0614047
-0.0641845
-0.0668093
-0.0692543
-0.0714959
-0.0735115
-0.0752798
-0.0767803
-0.0779935
-0.0789003
-0.0794818
-0.0797193
-0.0795935
-0.0790841
-0.0781698
-0.0768272
-0.0750302
-0.0727499
-0.0699535
-0.0666036
-0.0626576
-0.058067
-0.0527764
-0.0467235
-0.0398379
-0.0320414
-0.0232478
-0.0133634
-0.00228836
0.0100815
0.0238515
0.0391228
0.0559855
0.0745083
0.0947227
0.1166
0.140012
0.164665
0.189966
0.21482
0.237505
0.255539
0.265108
0.2624
-0.0777542
-0.0830336
-0.0812366
-0.0758137
-0.0692826
-0.0624108
-0.0556017
-0.0491296
-0.0431544
-0.0377635
-0.0330012
-0.0288841
-0.02541
-0.0225649
-0.0203267
-0.0186687
-0.0175612
-0.0169723
-0.0168695
-0.0172194
-0.0179883
-0.0191423
-0.0206477
-0.0224705
-0.0245766
-0.0269321
-0.0295033
-0.0322563
-0.0351575
-0.0381735
-0.0412715
-0.0444189
-0.0475837
-0.0507348
-0.0538418
-0.0568752
-0.0598065
-0.0626086
-0.0652551
-0.067721
-0.0699825
-0.0720167
-0.0738018
-0.0753168
-0.0765415
-0.0774558
-0.07804
-0.0782741
-0.0781375
-0.0776084
-0.0766636
-0.0752777
-0.0734224
-0.0710663
-0.0681737
-0.0647037
-0.0606103
-0.0558405
-0.0503341
-0.0440229
-0.0368297
-0.0286678
-0.0194408
-0.00904164
0.00264645
0.0157499
0.0304032
0.046747
0.0649234
0.0850705
0.107311
0.131735
0.158366
0.187098
0.217561
0.248866
0.279278
0.305714
0.322739
0.324854
-0.0966825
-0.10059
-0.0946951
-0.0852047
-0.0754534
-0.0661154
-0.057463
-0.0496508
-0.0427242
-0.0366729
-0.0314637
-0.0270539
-0.0233969
-0.0204457
-0.0181547
-0.0164801
-0.0153801
-0.0148144
-0.0147444
-0.0151327
-0.0159428
-0.017139
-0.018686
-0.0205492
-0.0226941
-0.0250865
-0.0276925
-0.0304782
-0.0334102
-0.0364554
-0.0395809
-0.0427545
-0.0459446
-0.04912
-0.0522506
-0.055307
-0.0582611
-0.0610855
-0.0637539
-0.0662414
-0.0685237
-0.0705778
-0.0723815
-0.0739134
-0.0751524
-0.076078
-0.0766694
-0.0769057
-0.076765
-0.0762243
-0.0752587
-0.0738413
-0.0719416
-0.0695264
-0.0665572
-0.0629907
-0.0587776
-0.0538614
-0.0481778
-0.0416538
-0.0342062
-0.0257412
-0.016153
-0.00532265
0.00688256
0.0206107
0.036026
0.0533104
0.0726642
0.0943068
0.118475
0.145418
0.175378
0.208546
0.244946
0.284191
0.325007
0.364078
0.394277
0.407686
-0.129847
-0.126923
-0.112192
-0.0959651
-0.0815489
-0.0689994
-0.0581963
-0.0489921
-0.0411948
-0.0346219
-0.029121
-0.0245677
-0.0208606
-0.0179169
-0.0156673
-0.0140528
-0.0130218
-0.0125283
-0.01253
-0.0129872
-0.0138623
-0.0151192
-0.0167224
-0.0186373
-0.0208298
-0.0232659
-0.0259121
-0.0287351
-0.0317017
-0.0347793
-0.0379353
-0.041138
-0.0443559
-0.0475583
-0.0507154
-0.053798
-0.0567779
-0.0596281
-0.0623222
-0.0648351
-0.0671426
-0.0692214
-0.0710489
-0.0726034
-0.0738633
-0.0748074
-0.0754142
-0.075662
-0.075528
-0.074988
-0.0740162
-0.0725838
-0.0706596
-0.068208
-0.0651891
-0.0615575
-0.0572614
-0.052242
-0.0464318
-0.0397541
-0.0321214
-0.0234343
-0.0135795
-0.00242873
0.0101644
0.0243666
0.0403691
0.0583928
0.0786956
0.101582
0.127417
0.15664
0.189784
0.227469
0.270352
0.318976
0.373261
0.430452
0.483029
0.520799
-0.192598
-0.165206
-0.132618
-0.106094
-0.0854391
-0.0691564
-0.056289
-0.0460341
-0.0377674
-0.0310508
-0.0255831
-0.0211525
-0.0176075
-0.014837
-0.0127571
-0.0113015
-0.0104158
-0.010053
-0.0101715
-0.0107327
-0.0117005
-0.0130398
-0.0147168
-0.0166979
-0.01895
-0.0214404
-0.0241362
-0.0270049
-0.0300142
-0.0331318
-0.0363259
-0.039565
-0.0428183
-0.0460554
-0.0492466
-0.0523632
-0.055377
-0.058261
-0.0609891
-0.063536
-0.0658775
-0.0679901
-0.069851
-0.071438
-0.0727294
-0.0737034
-0.0743381
-0.074611
-0.0744988
-0.0739765
-0.0730175
-0.0715925
-0.0696691
-0.0672105
-0.0641758
-0.0605184
-0.0561852
-0.0511158
-0.0452409
-0.0384818
-0.0307483
-0.0219375
-0.0119317
-0.000595876
0.0122253
0.0267122
0.0430759
0.061568
0.082493
0.106229
0.133259
0.164215
0.199948
0.241625
0.290828
0.349639
0.420302
0.502746
0.593528
0.68768
-0.328941
-0.213999
-0.144271
-0.105333
-0.0795175
-0.0611917
-0.0480197
-0.0382437
-0.0306966
-0.0247166
-0.019924
-0.0160827
-0.0130392
-0.0106906
-0.00896439
-0.00780577
-0.00717044
-0.00702021
-0.00732046
-0.00803857
-0.00914296
-0.0106025
-0.0123864
-0.0144636
-0.0168031
-0.0193736
-0.0221438
-0.0250823
-0.0281576
-0.0313383
-0.0345934
-0.0378918
-0.0412031
-0.0444973
-0.0477451
-0.0509178
-0.0539876
-0.0569275
-0.0597113
-0.062314
-0.0647111
-0.066879
-0.0687949
-0.0704364
-0.0717815
-0.0728084
-0.0734948
-0.0738181
-0.0737548
-0.0732786
-0.0723641
-0.0709812
-0.069097
-0.0666748
-0.0636734
-0.0600459
-0.0557393
-0.0506926
-0.0448366
-0.0380922
-0.0303687
-0.0215626
-0.0115548
-0.000208569
0.0126349
0.0271614
0.0435908
0.0621888
0.0832838
0.107293
0.134766
0.166456
0.20344
0.247334
0.300676
0.367576
0.454439
0.569565
0.730127
0.958821
-0.604077
-0.259413
-0.120868
-0.0759552
-0.0533657
-0.0388465
-0.0295144
-0.0231415
-0.0183176
-0.014429
-0.0112311
-0.00861091
-0.00651046
-0.00489871
-0.00375633
-0.00306745
-0.00281609
-0.0029848
-0.00355424
-0.00450316
-0.00580854
-0.00744579
-0.00938898
-0.011611
-0.0140838
-0.0167786
-0.0196659
-0.0227158
-0.025898
-0.029182
-0.0325376
-0.0359344
-0.0393423
-0.0427318
-0.0460737
-0.0493396
-0.0525019
-0.0555335
-0.0584085
-0.0611015
-0.0635884
-0.0658454
-0.0678497
-0.0695789
-0.0710111
-0.0721243
-0.0728965
-0.073305
-0.0733264
-0.0729375
-0.0721089
-0.0708125
-0.0690163
-0.0666843
-0.0637759
-0.0602453
-0.0560402
-0.0511012
-0.0453604
-0.0387402
-0.0311518
-0.0224939
-0.0126497
-0.00148502
0.0111558
0.0254549
0.0416285
0.0599374
0.0807045
0.104341
0.131388
0.162594
0.199037
0.242385
0.295432
0.363419
0.457545
0.602474
0.861938
1.32913
)
;

boundaryField
{
    movingWall
    {
        type            zeroGradient;
    }
    fixedWalls
    {
        type            zeroGradient;
    }
    frontAndBack
    {
        type            empty;
    }
}


// ************************************************************************* //
