/*--------------------------------*- C++ -*----------------------------------*\
  =========                 |
  \\      /  F ield         | OpenFOAM: The Open Source CFD Toolbox
   \\    /   O peration     | Website:  https://openfoam.org
    \\  /    A nd           | Version:  7
     \\/     M anipulation  |
\*---------------------------------------------------------------------------*/
FoamFile
{
    version     2.0;
    format      ascii;
    class       volScalarField;
    location    "1.6";
    object      p;
}
// * * * * * * * * * * * * * * * * * * * * * * * * * * * * * * * * * * * * * //

dimensions      [0 2 -2 0 0 0 0];

internalField   nonuniform List<scalar> 
6400
(
-1.36127e-08
6.22163e-06
-8.11814e-06
-4.37169e-05
-9.74004e-05
-0.000165901
-0.000246186
-0.000335741
-0.000432674
-0.000535645
-0.000643898
-0.00075663
-0.000873567
-0.000994368
-0.00111868
-0.00124607
-0.00137598
-0.0015077
-0.00164031
-0.00177271
-0.0019036
-0.00203149
-0.00215469
-0.00227135
-0.00237945
-0.00247688
-0.00256141
-0.00263079
-0.00268277
-0.0027152
-0.00272605
-0.00271356
-0.00267627
-0.00261315
-0.00252364
-0.00240782
-0.00226642
-0.00210088
-0.00191348
-0.00170725
-0.00148601
-0.00125443
-0.00101779
-0.000781967
-0.000553283
-0.000338318
-0.000143703
2.40967e-05
0.000159021
0.00025565
0.000309428
0.000316861
0.000275683
0.000184968
4.51919e-05
-0.000141772
-0.000372712
-0.000643209
-0.000947801
-0.0012802
-0.00163356
-0.00200071
-0.00237445
-0.00274773
-0.00311393
-0.003467
-0.00380155
-0.00411298
-0.0043974
-0.00465167
-0.00487327
-0.00506026
-0.00521116
-0.00532495
-0.00540115
-0.00544023
-0.00544444
-0.00541941
-0.00537607
-0.00533086
-6.78887e-06
-6.34517e-07
-1.47559e-05
-4.72173e-05
-9.48846e-05
-0.000155559
-0.000227118
-0.00030764
-0.000395595
-0.000489813
-0.000589471
-0.000693916
-0.000802698
-0.000915418
-0.00103167
-0.00115099
-0.00127282
-0.00139647
-0.00152108
-0.00164566
-0.00176902
-0.0018898
-0.0020065
-0.00211744
-0.00222081
-0.00231467
-0.00239703
-0.00246582
-0.00251901
-0.0025546
-0.00257075
-0.00256582
-0.00253843
-0.00248761
-0.00241281
-0.00231405
-0.00219195
-0.0020478
-0.00188363
-0.00170219
-0.00150698
-0.00130219
-0.0010927
-0.00088392
-0.000681656
-0.000491968
-0.00032097
-0.000174623
-5.8515e-05
2.23605e-05
6.38151e-05
6.26513e-05
1.6813e-05
-7.4508e-05
-0.000210819
-0.000390332
-0.000610024
-0.000865756
-0.00115244
-0.00146426
-0.00179485
-0.00213762
-0.00248591
-0.0028333
-0.00317371
-0.00350164
-0.00381219
-0.00410122
-0.00436526
-0.00460154
-0.00480794
-0.00498291
-0.00512543
-0.00523497
-0.00531164
-0.00535635
-0.00537146
-0.00536142
-0.00533089
-0.00528562
7.39991e-06
1.27042e-05
-1.95061e-06
-3.32884e-05
-7.7992e-05
-0.000134254
-0.00020041
-0.000274901
-0.000356485
-0.000444193
-0.000537296
-0.000635231
-0.000737561
-0.000843901
-0.000953859
-0.001067
-0.00118278
-0.00130058
-0.0014196
-0.00153894
-0.00165752
-0.0017741
-0.0018873
-0.00199558
-0.00209725
-0.00219055
-0.00227358
-0.0023444
-0.00240108
-0.00244169
-0.00246445
-0.00246773
-0.00245016
-0.0024107
-0.00234874
-0.00226416
-0.00215743
-0.00202966
-0.00188267
-0.00171897
-0.00154177
-0.00135507
-0.00116343
-0.000971984
-0.000786269
-0.000612089
-0.00045532
-0.000321703
-0.00021663
-0.000144926
-0.000110639
-0.000116859
-0.000165567
-0.000257528
-0.000392242
-0.000567947
-0.000781686
-0.00102942
-0.0013062
-0.00160638
-0.00192383
-0.00225218
-0.00258507
-0.00291636
-0.00324033
-0.00355179
-0.00384622
-0.00411979
-0.00436942
-0.0045927
-0.00478786
-0.0049537
-0.00508953
-0.00519514
-0.00527077
-0.00531723
-0.00533638
-0.0053311
-0.00530054
-0.00524229
4.43387e-05
4.49785e-05
2.75679e-05
-4.64912e-06
-4.86395e-05
-0.000102781
-0.00016566
-0.000236028
-0.000312898
-0.000395515
-0.000483321
-0.000575885
-0.000672861
-0.00077394
-0.000878799
-0.000987058
-0.00109826
-0.00121183
-0.00132709
-0.0014432
-0.00155919
-0.00167394
-0.00178617
-0.00189444
-0.00199718
-0.00209268
-0.00217915
-0.00225468
-0.00231736
-0.00236528
-0.00239659
-0.00240961
-0.00240287
-0.0023752
-0.00232583
-0.00225446
-0.00216138
-0.00204747
-0.00191434
-0.00176434
-0.00160042
-0.00142645
-0.00124679
-0.00106643
-0.000890826
-0.000725684
-0.000576827
-0.000449967
-0.000350489
-0.000283227
-0.00025225
-0.000260676
-0.000310511
-0.000402544
-0.000536288
-0.00070999
-0.000920688
-0.00116434
-0.00143599
-0.00172999
-0.00204023
-0.00236039
-0.00268419
-0.0030056
-0.00331905
-0.00361955
-0.00390282
-0.00416534
-0.00440429
-0.00461763
-0.0048039
-0.00496225
-0.00509225
-0.00519386
-0.00526734
-0.00531316
-0.00533252
-0.00532694
-0.00529136
-0.0052179
0.00010174
9.35231e-05
7.081e-05
3.59271e-05
-8.95488e-06
-6.24035e-05
-0.000123264
-0.000190602
-0.000263709
-0.00034208
-0.000425357
-0.000513283
-0.000605656
-0.000702284
-0.000802946
-0.000907358
-0.00101516
-0.00112588
-0.00123893
-0.00135359
-0.00146898
-0.00158409
-0.00169774
-0.00180858
-0.00191511
-0.00201568
-0.0021085
-0.00219169
-0.00226327
-0.00232126
-0.00236372
-0.00238882
-0.0023949
-0.00238062
-0.00234497
-0.00228745
-0.00220807
-0.0021075
-0.00198716
-0.0018493
-0.00169634
-0.00153232
-0.00136145
-0.00118864
-0.00101931
-0.000859199
-0.000714183
-0.000590058
-0.00049232
-0.000425927
-0.000395078
-0.000403016
-0.000451858
-0.000542481
-0.000674456
-0.000846052
-0.0010543
-0.00129511
-0.00156346
-0.00185362
-0.0021594
-0.00247441
-0.00279232
-0.00310709
-0.0034132
-0.00370575
-0.00398064
-0.00423453
-0.00446489
-0.00466997
-0.00484863
-0.00500032
-0.00512488
-0.00522245
-0.00529325
-0.00533751
-0.00535589
-0.00534888
-0.00530868
-0.005224
0.000176603
0.000156074
0.000125886
8.66943e-05
3.94877e-05
-1.45423e-05
-7.4523e-05
-0.000139861
-0.000210166
-0.000285206
-0.000364862
-0.000449086
-0.000537853
-0.000631122
-0.000728809
-0.00083076
-0.000936732
-0.00104638
-0.00115922
-0.00127467
-0.00139194
-0.00151012
-0.00162813
-0.00174467
-0.00185829
-0.00196734
-0.00207002
-0.00216437
-0.0022483
-0.00231971
-0.00237645
-0.00241649
-0.00243793
-0.00243915
-0.00241888
-0.00237633
-0.00231125
-0.00222405
-0.00211603
-0.00198956
-0.0018454
-0.001689
-0.00152417
-0.00135574
-0.00118916
-0.00103026
-0.000885068
-0.000759555
-0.000659426
-0.000589867
-0.000555312
-0.000559229
-0.000603942
-0.000690497
-0.000818593
-0.000986571
-0.00119148
-0.00142919
-0.00169461
-0.00198186
-0.00228462
-0.00259632
-0.0029105
-0.00322105
-0.00352232
-0.00380944
-0.00407837
-0.00432589
-0.00454969
-0.00474824
-0.0049207
-0.00506679
-0.00518661
-0.00528046
-0.00534861
-0.00539116
-0.00540839
-0.00540019
-0.00535723
-0.00526653
0.000265398
0.000229935
0.000190407
0.000145523
9.4773e-05
3.9058e-05
-2.10628e-05
-8.53798e-05
-0.000153852
-0.000226555
-0.000303641
-0.000385299
-0.00047171
-0.000563016
-0.000659299
-0.000760561
-0.000866704
-0.00097752
-0.00109267
-0.00121167
-0.00133387
-0.00145844
-0.00158436
-0.00171039
-0.00183507
-0.00195671
-0.00207343
-0.00218314
-0.00228359
-0.00237244
-0.0024473
-0.00250584
-0.00254585
-0.00256538
-0.00256283
-0.00253707
-0.00248756
-0.00241444
-0.00231851
-0.00220108
-0.00206634
-0.00191619
-0.00175515
-0.00158828
-0.00142112
-0.00125967
-0.00111016
-0.000978819
-0.000871652
-0.000794172
-0.000751153
-0.000746401
-0.000782555
-0.000860943
-0.000981489
-0.0011427
-0.0013417
-0.00157438
-0.00183558
-0.00211929
-0.00241901
-0.00272798
-0.0030395
-0.00334724
-0.00364543
-0.00392908
-0.00419409
-0.0044373
-0.00465649
-0.00485031
-0.00501814
-0.00515994
-0.00527604
-0.00536694
-0.00543301
-0.00547431
-0.00549097
-0.00548255
-0.00543919
-0.00534744
0.000364385
0.000311897
0.000261509
0.000209815
0.000154545
9.62443e-05
3.51078e-05
-2.90831e-05
-9.66765e-05
-0.000168089
-0.000243775
-0.000324185
-0.00040973
-0.000500763
-0.000597558
-0.000700296
-0.000809048
-0.000923763
-0.00104425
-0.00117015
-0.00130094
-0.00143586
-0.00157394
-0.00171395
-0.0018544
-0.00199351
-0.00212925
-0.00225933
-0.00238128
-0.00249244
-0.00259011
-0.00267158
-0.00273428
-0.00277584
-0.00279428
-0.00278809
-0.00275637
-0.00269896
-0.00261643
-0.00251024
-0.00238283
-0.00223754
-0.00207854
-0.0019108
-0.00173999
-0.00157228
-0.00141414
-0.00127213
-0.00115263
-0.00106159
-0.00100423
-0.000984815
-0.00100644
-0.00107086
-0.00117835
-0.00132771
-0.00151627
-0.00174002
-0.00199379
-0.00227151
-0.00256648
-0.00287172
-0.00318026
-0.0034855
-0.00378142
-0.00406279
-0.00432539
-0.00456597
-0.00478232
-0.00497317
-0.00513804
-0.00527709
-0.00539084
-0.00547997
-0.005545
-0.00558607
-0.00560327
-0.00559608
-0.00555479
-0.00546634
0.000469579
0.000398316
0.000335932
0.000276573
0.000216026
0.000154412
9.15046e-05
2.66004e-05
-4.10802e-05
-0.000112329
-0.000187927
-0.00026861
-0.000355047
-0.000447823
-0.000547428
-0.000654243
-0.000768529
-0.000890411
-0.00101986
-0.00115665
-0.00130037
-0.00145033
-0.00160559
-0.00176489
-0.00192666
-0.00208898
-0.00224961
-0.00240602
-0.0025554
-0.00269474
-0.00282093
-0.00293082
-0.00302138
-0.00308979
-0.0031336
-0.00315086
-0.00314026
-0.00310124
-0.00303405
-0.0029399
-0.00282088
-0.00268029
-0.00252222
-0.00235163
-0.0021743
-0.00199657
-0.00182521
-0.00166715
-0.00152923
-0.00141791
-0.001339
-0.00129736
-0.00129672
-0.0013394
-0.00142624
-0.00155649
-0.00172785
-0.00193657
-0.00217758
-0.0024448
-0.00273143
-0.00303024
-0.003334
-0.00363575
-0.00392913
-0.00420862
-0.0044697
-0.00470894
-0.00492401
-0.0051136
-0.00527728
-0.00541531
-0.00552836
-0.00561728
-0.00568274
-0.00572501
-0.00574425
-0.00573997
-0.0057031
-0.00562154
0.000576742
0.00048534
0.00041006
0.000342399
0.000275999
0.000210485
0.000145134
7.86972e-05
9.91846e-06
-6.24e-05
-0.000139391
-0.000222103
-0.000311485
-0.000408377
-0.000513505
-0.000627473
-0.000750753
-0.000883662
-0.00102634
-0.00117871
-0.00134046
-0.00151095
-0.00168926
-0.00187405
-0.00206363
-0.00225589
-0.00244832
-0.00263806
-0.00282191
-0.00299643
-0.00315802
-0.00330302
-0.00342787
-0.00352921
-0.00360406
-0.00364995
-0.00366507
-0.00364839
-0.0035997
-0.00351964
-0.00341084
-0.00327559
-0.00311798
-0.00294301
-0.0027565
-0.00256499
-0.00237552
-0.00219545
-0.00203213
-0.00189264
-0.0017835
-0.00171036
-0.00167773
-0.00168875
-0.00174502
-0.00184648
-0.00199142
-0.00217652
-0.00239701
-0.00264696
-0.0029195
-0.00320727
-0.00350272
-0.00379853
-0.00408793
-0.00436495
-0.0046247
-0.0048634
-0.00507846
-0.0052684
-0.00543272
-0.00557165
-0.00568593
-0.00577652
-0.00584421
-0.00588944
-0.00591246
-0.00591286
-0.00588252
-0.00581065
0.000681364
0.000568723
0.000479878
0.000403468
0.000330795
0.000260894
0.000192472
0.000123671
5.27123e-05
-2.20413e-05
-0.000102104
-0.00018886
-0.00028356
-0.00038732
-0.000501126
-0.000625829
-0.00076213
-0.000910556
-0.00107143
-0.00124482
-0.0014305
-0.00162789
-0.00183603
-0.00205348
-0.00227839
-0.00250838
-0.00274063
-0.00297188
-0.00319847
-0.00341643
-0.00362162
-0.0038098
-0.00397677
-0.00411856
-0.00423157
-0.00431271
-0.00435957
-0.00437056
-0.00434498
-0.00428311
-0.00418672
-0.00405821
-0.00390138
-0.00372105
-0.00352304
-0.00331404
-0.00310137
-0.0028928
-0.00269626
-0.00251956
-0.00237007
-0.00225436
-0.00217798
-0.00214512
-0.00215839
-0.00221873
-0.00232527
-0.00247541
-0.00266492
-0.00288818
-0.00313846
-0.00340832
-0.00368995
-0.00397566
-0.00425817
-0.00453101
-0.00478873
-0.00502707
-0.005243
-0.00543472
-0.00560145
-0.0057433
-0.00586095
-0.00595534
-0.00602737
-0.00607755
-0.00610625
-0.00611314
-0.00609119
-0.00603111
0.000778602
0.000643865
0.000540987
0.000455539
0.000376289
0.000301578
0.000229467
0.000157424
8.31018e-05
4.38594e-06
-8.06476e-05
-0.000173741
-0.00027647
-0.000390252
-0.000516358
-0.000655907
-0.000809851
-0.000978945
-0.0011637
-0.00136434
-0.00158071
-0.00181227
-0.00205799
-0.00231631
-0.00258514
-0.00286181
-0.00314311
-0.0034253
-0.00370421
-0.00397527
-0.0042337
-0.00447458
-0.00469302
-0.00488433
-0.00504416
-0.00516871
-0.00525485
-0.00530032
-0.00530378
-0.00526497
-0.00518494
-0.0050658
-0.00491097
-0.00472503
-0.00451373
-0.00428379
-0.0040428
-0.00379893
-0.00356074
-0.00333682
-0.00313551
-0.00296452
-0.00283063
-0.00273934
-0.00269463
-0.00269871
-0.00275194
-0.00285276
-0.00299779
-0.00318201
-0.00339904
-0.00364151
-0.00390148
-0.00417085
-0.00444185
-0.00470736
-0.00496125
-0.00519858
-0.00541571
-0.00561028
-0.00578108
-0.00592788
-0.00605113
-0.00615166
-0.00623032
-0.00628765
-0.00632403
-0.00633921
-0.00632726
-0.0062805
0.00086326
0.000705811
0.00058861
0.000493963
0.000407912
0.000327999
0.000251556
0.000175316
9.63133e-05
1.19213e-05
-8.02215e-05
-0.000182243
-0.000296068
-0.000423443
-0.000565949
-0.000725
-0.000901821
-0.00109741
-0.00131248
-0.0015474
-0.0018021
-0.00207604
-0.00236809
-0.00267654
-0.00299902
-0.0033325
-0.00367331
-0.0040172
-0.00435937
-0.0046946
-0.00501738
-0.00532201
-0.0056028
-0.00585423
-0.00607112
-0.00624881
-0.00638334
-0.0064716
-0.0065115
-0.00650204
-0.00644356
-0.00633758
-0.00618705
-0.00599618
-0.00577052
-0.00551675
-0.00524262
-0.00495669
-0.00466812
-0.00438634
-0.00412077
-0.00388041
-0.00367349
-0.00350713
-0.00338695
-0.00331688
-0.00329885
-0.00333279
-0.00341656
-0.0035461
-0.00371571
-0.00391833
-0.00414602
-0.00439039
-0.00464313
-0.00489641
-0.00514326
-0.00537787
-0.00559574
-0.00579373
-0.00596996
-0.00612362
-0.00625474
-0.00636383
-0.00645154
-0.00651833
-0.00656448
-0.00658972
-0.00658921
-0.00655683
0.000929792
0.000749266
0.000617622
0.000513711
0.000420684
0.000335176
0.000253704
0.000172203
8.70433e-05
-4.94634e-06
-0.000106595
-0.000220446
-0.000348801
-0.000493764
-0.000657257
-0.000841014
-0.00104656
-0.00127515
-0.00152771
-0.00180475
-0.00210629
-0.00243174
-0.00277989
-0.00314879
-0.00353575
-0.00393735
-0.00434938
-0.004767
-0.00518471
-0.00559656
-0.00599618
-0.00637704
-0.00673252
-0.00705615
-0.00734178
-0.00758378
-0.00777721
-0.007918
-0.00800311
-0.00803068
-0.00800017
-0.00791241
-0.00776966
-0.00757566
-0.00733558
-0.00705595
-0.00674458
-0.0064103
-0.00606286
-0.00571252
-0.00536982
-0.00504517
-0.00474845
-0.00448864
-0.00427339
-0.00410868
-0.00399854
-0.00394482
-0.00394712
-0.00400285
-0.00410735
-0.00425426
-0.00443589
-0.00464371
-0.00486892
-0.0051029
-0.00533773
-0.00556651
-0.00578364
-0.0059849
-0.00616743
-0.0063296
-0.00647073
-0.0065908
-0.00669005
-0.00676867
-0.00682672
-0.00686379
-0.006876
-0.00685872
0.000972341
0.000768636
0.000622582
0.000509425
0.000409268
0.000317737
0.000230453
0.000142494
4.95248e-05
-5.22065e-05
-0.000166028
-0.000294925
-0.000441612
-0.000608581
-0.000798126
-0.00101233
-0.00125305
-0.00152181
-0.00181976
-0.00214756
-0.00250527
-0.00289228
-0.00330722
-0.00374789
-0.00421124
-0.00469335
-0.00518945
-0.00569399
-0.00620072
-0.00670283
-0.00719304
-0.00766382
-0.00810752
-0.00851662
-0.00888386
-0.0092025
-0.0094665
-0.00967067
-0.00981093
-0.00988437
-0.00988947
-0.00982616
-0.00969593
-0.00950184
-0.00924855
-0.00894228
-0.00859071
-0.00820288
-0.00778896
-0.00735999
-0.00692763
-0.00650373
-0.00609995
-0.00572735
-0.00539591
-0.00511407
-0.00488841
-0.00472327
-0.00462057
-0.00457973
-0.00459773
-0.00466935
-0.00478754
-0.00494392
-0.00512931
-0.00533433
-0.00554998
-0.00576806
-0.00598159
-0.00618496
-0.00637399
-0.00654587
-0.00669891
-0.00683225
-0.00694549
-0.00703832
-0.0071104
-0.00716109
-0.00718721
-0.00718559
0.000984789
0.000758077
0.000597802
0.000475478
0.000368038
0.000269998
0.000176011
8.02453e-05
-2.2378e-05
-0.000136226
-0.000265156
-0.000412633
-0.000581813
-0.000775614
-0.000996738
-0.00124766
-0.00153056
-0.00184728
-0.00219919
-0.00258708
-0.00301108
-0.0034705
-0.00396379
-0.00448845
-0.00504099
-0.00561694
-0.00621088
-0.00681649
-0.00742665
-0.00803358
-0.00862897
-0.0092042
-0.00975047
-0.0102591
-0.0107215
-0.0111298
-0.0114767
-0.0117559
-0.011962
-0.012091
-0.0121402
-0.0121087
-0.0119969
-0.0118071
-0.0115432
-0.0112111
-0.010818
-0.0103731
-0.00988674
-0.00937061
-0.00883734
-0.00830021
-0.00777269
-0.00726803
-0.00679875
-0.00637615
-0.00600978
-0.00570706
-0.00547285
-0.00530928
-0.00521564
-0.00518849
-0.00522199
-0.00530827
-0.00543808
-0.00560137
-0.00578801
-0.00598834
-0.00619368
-0.00639667
-0.00659144
-0.00677358
-0.00694001
-0.00708868
-0.00721824
-0.00732763
-0.00741591
-0.00748187
-0.00752314
-0.00753767
0.000960845
0.000711588
0.000537428
0.000406061
0.000291163
0.000186052
8.43481e-05
-2.07345e-05
-0.000135055
-0.000263626
-0.000410868
-0.000580755
-0.00077693
-0.00100277
-0.00126142
-0.00155577
-0.00188838
-0.0022614
-0.00267642
-0.00313439
-0.00363544
-0.0041788
-0.00476268
-0.00538422
-0.00603945
-0.00672325
-0.00742944
-0.00815085
-0.00887936
-0.00960612
-0.0103217
-0.0110162
-0.0116796
-0.0123018
-0.0128731
-0.0133843
-0.0138266
-0.0141924
-0.0144753
-0.0146699
-0.0147724
-0.0147806
-0.0146941
-0.0145142
-0.014244
-0.0138885
-0.0134547
-0.0129514
-0.012389
-0.0117796
-0.0111366
-0.0104744
-0.00980836
-0.00915378
-0.00852587
-0.007939
-0.00740613
-0.00693824
-0.00654385
-0.00622852
-0.00599466
-0.00584145
-0.00576493
-0.0057584
-0.00581297
-0.00591818
-0.00606282
-0.00623565
-0.00642604
-0.00662449
-0.00682298
-0.00701504
-0.00719575
-0.00736143
-0.00750942
-0.00763761
-0.00774417
-0.00782721
-0.00788483
-0.00791609
0.000894144
0.000623107
0.000435538
0.000295284
0.000172718
5.98841e-05
-5.06815e-05
-0.000166757
-0.00029501
-0.000441131
-0.000610133
-0.00080654
-0.00103451
-0.00129794
-0.00160043
-0.00194533
-0.0023356
-0.00277369
-0.00326146
-0.00379994
-0.00438929
-0.00502859
-0.00571576
-0.00644751
-0.00721927
-0.00802521
-0.0088583
-0.00971033
-0.0105721
-0.0114336
-0.012284
-0.0131123
-0.0139068
-0.0146563
-0.0153495
-0.0159758
-0.0165253
-0.016989
-0.017359
-0.0176289
-0.0177937
-0.0178501
-0.0177964
-0.017633
-0.017362
-0.0169877
-0.0165163
-0.0159559
-0.015317
-0.0146115
-0.0138533
-0.0130578
-0.0122417
-0.0114223
-0.0106174
-0.00984461
-0.00912041
-0.00845985
-0.00787567
-0.0073777
-0.00697236
-0.00666236
-0.00644661
-0.0063204
-0.00627587
-0.00630264
-0.00638865
-0.00652106
-0.00668708
-0.00687472
-0.00707329
-0.00727378
-0.00746883
-0.00765269
-0.00782091
-0.00796997
-0.00809685
-0.00819874
-0.00827405
-0.00832279
0.000778369
0.000486624
0.000286259
0.000137295
6.80927e-06
-0.000114491
-0.000235197
-0.0003641
-0.000508704
-0.000675401
-0.00086983
-0.0010971
-0.00136193
-0.00166875
-0.00202169
-0.00242456
-0.00288074
-0.00339301
-0.00396344
-0.00459318
-0.00528233
-0.00602977
-0.00683307
-0.00768841
-0.00859053
-0.00953276
-0.010507
-0.0115041
-0.0125134
-0.0135237
-0.0145227
-0.0154979
-0.0164363
-0.0173251
-0.0181518
-0.0189042
-0.0195711
-0.0201423
-0.0206087
-0.0209626
-0.0211981
-0.0213104
-0.0212972
-0.0211575
-0.0208926
-0.0205056
-0.0200019
-0.0193889
-0.0186763
-0.0178759
-0.0170016
-0.0160691
-0.0150961
-0.0141017
-0.0131058
-0.0121291
-0.0111916
-0.0103128
-0.00951013
-0.00879832
-0.00818875
-0.00768875
-0.0073012
-0.00702449
-0.00685276
-0.00677644
-0.00678311
-0.00685851
-0.00698761
-0.00715558
-0.00734862
-0.00755452
-0.00776295
-0.00796545
-0.00815528
-0.00832705
-0.00847622
-0.00859877
-0.00869322
-0.00876049
0.000607381
0.000296314
8.38991e-05
-7.35787e-05
-0.000212286
-0.000342891
-0.000475137
-0.00061885
-0.000782379
-0.000972845
-0.00119654
-0.0014592
-0.00176613
-0.00212235
-0.00253252
-0.00300097
-0.00353147
-0.00412715
-0.00479028
-0.00552206
-0.00632249
-0.00719017
-0.00812222
-0.00911418
-0.01016
-0.0112519
-0.0123808
-0.0135361
-0.0147059
-0.0158773
-0.0170368
-0.0181702
-0.0192631
-0.020301
-0.0212702
-0.0221571
-0.0229494
-0.0236356
-0.0242055
-0.0246505
-0.0249635
-0.0251388
-0.0251732
-0.0250645
-0.0248131
-0.024421
-0.0238925
-0.023234
-0.0224544
-0.0215646
-0.020578
-0.0195104
-0.0183797
-0.0172061
-0.0160112
-0.0148182
-0.0136507
-0.0125323
-0.0114854
-0.0105303
-0.00968407
-0.00895981
-0.00836563
-0.00790435
-0.00757334
-0.00736496
-0.00726722
-0.00726493
-0.00734091
-0.00747731
-0.00765675
-0.00786325
-0.00808277
-0.00830349
-0.00851575
-0.00871178
-0.00888509
-0.00903012
-0.00914536
-0.00923254
0.000375377
4.66783e-05
-0.00017691
-0.000342694
-0.000489971
-0.000630803
-0.000776101
-0.000936721
-0.00112188
-0.00133943
-0.00159635
-0.00189903
-0.00225341
-0.0026651
-0.00313937
-0.00368101
-0.00429426
-0.00498252
-0.00574823
-0.00659261
-0.00751546
-0.008515
-0.00958778
-0.0107285
-0.0119302
-0.013184
-0.0144794
-0.0158043
-0.0171454
-0.0184883
-0.0198175
-0.0211176
-0.0223724
-0.0235663
-0.0246839
-0.0257107
-0.0266332
-0.0274388
-0.0281167
-0.0286573
-0.0290526
-0.0292963
-0.0293842
-0.0293133
-0.0290829
-0.028694
-0.0281498
-0.0274555
-0.0266187
-0.0256493
-0.0245595
-0.0233645
-0.0220819
-0.0207321
-0.0193377
-0.0179236
-0.0165165
-0.0151435
-0.0138322
-0.0126084
-0.0114958
-0.010514
-0.00967776
-0.00899576
-0.00847021
-0.00809682
-0.00786526
-0.00776023
-0.00776285
-0.00785226
-0.00800715
-0.00820718
-0.00843388
-0.00867129
-0.00890612
-0.00912758
-0.00932671
-0.00949608
-0.00963394
-0.00974282
7.70395e-05
-0.000267301
-0.000501065
-0.000674936
-0.000831169
-0.000983223
-0.00114317
-0.00132288
-0.00153244
-0.00178046
-0.00207462
-0.00242198
-0.00282916
-0.00330238
-0.00384751
-0.00446985
-0.00517403
-0.00596375
-0.00684154
-0.00780852
-0.00886423
-0.0100064
-0.0112308
-0.0125312
-0.0138994
-0.0153253
-0.0167969
-0.0183005
-0.019821
-0.0213423
-0.0228474
-0.0243191
-0.0257399
-0.0270927
-0.0283611
-0.0295294
-0.0305833
-0.0315095
-0.0322966
-0.0329342
-0.0334141
-0.0337295
-0.0338749
-0.0338473
-0.0336448
-0.0332677
-0.0327177
-0.031999
-0.0311176
-0.0300818
-0.0289027
-0.0275938
-0.0261718
-0.0246563
-0.0230701
-0.021439
-0.0197914
-0.0181576
-0.0165695
-0.0150585
-0.013655
-0.0123859
-0.0112738
-0.0103347
-0.00957754
-0.00900305
-0.00860427
-0.0083671
-0.00827182
-0.00829488
-0.00841095
-0.0085948
-0.00882281
-0.00907402
-0.00933068
-0.00957824
-0.0098047
-0.0100003
-0.0101628
-0.0102955
-0.000292304
-0.000650018
-0.000892846
-0.00107457
-0.00124017
-0.00140449
-0.00158072
-0.00178176
-0.00201853
-0.0023004
-0.00263578
-0.00303243
-0.00349762
-0.00403826
-0.00466078
-0.00537099
-0.00617389
-0.00707338
-0.00807203
-0.00917078
-0.0103687
-0.0116629
-0.0130483
-0.0145174
-0.0160608
-0.0176667
-0.0193215
-0.0210096
-0.0227144
-0.0244177
-0.0261011
-0.0277455
-0.0293323
-0.0308431
-0.0322604
-0.0335679
-0.0347506
-0.0357949
-0.0366887
-0.0374219
-0.0379856
-0.0383729
-0.0385781
-0.0385975
-0.0384288
-0.0380711
-0.0375255
-0.0367944
-0.0358826
-0.0347966
-0.0335456
-0.0321412
-0.0305984
-0.0289351
-0.0271733
-0.0253383
-0.0234592
-0.0215685
-0.0197011
-0.0178936
-0.0161826
-0.0146029
-0.0131853
-0.011955
-0.0109291
-0.0101158
-0.00951326
-0.00911058
-0.00888853
-0.00882171
-0.00888096
-0.00903588
-0.009257
-0.00951748
-0.00979416
-0.0100679
-0.0103229
-0.0105465
-0.0107359
-0.0108951
-0.000736537
-0.00110509
-0.00135577
-0.00154508
-0.00172048
-0.00189812
-0.00209231
-0.00231689
-0.00258364
-0.00290268
-0.00328314
-0.00373349
-0.00426171
-0.00487533
-0.00558136
-0.00638608
-0.00729482
-0.00831161
-0.00943893
-0.0106774
-0.0120255
-0.0134796
-0.0150333
-0.016678
-0.0184025
-0.0201935
-0.0220353
-0.0239106
-0.0258008
-0.027686
-0.0295459
-0.0313602
-0.0331088
-0.0347725
-0.036333
-0.0377735
-0.0390786
-0.0402347
-0.0412298
-0.0420536
-0.0426975
-0.0431546
-0.0434192
-0.0434873
-0.0433563
-0.0430246
-0.0424924
-0.041761
-0.0408335
-0.0397147
-0.0384116
-0.0369337
-0.0352933
-0.0335063
-0.0315924
-0.0295755
-0.0274841
-0.0253509
-0.023213
-0.0211107
-0.019086
-0.0171811
-0.0154358
-0.0138851
-0.0125561
-0.0114663
-0.0106219
-0.0100173
-0.00963563
-0.00945119
-0.00943167
-0.00954148
-0.00974481
-0.0100081
-0.0103017
-0.010601
-0.0108855
-0.0111388
-0.0113573
-0.0115461
-0.00125861
-0.00163525
-0.00189244
-0.00208905
-0.00227466
-0.00246668
-0.00268045
-0.00293075
-0.00323014
-0.00358951
-0.0040187
-0.0045269
-0.00512276
-0.00581445
-0.00660953
-0.00751471
-0.00853552
-0.00967607
-0.0109386
-0.0123233
-0.0138278
-0.0154475
-0.0171747
-0.0189991
-0.020908
-0.0228859
-0.0249153
-0.0269768
-0.0290498
-0.0311127
-0.0331437
-0.035121
-0.0370235
-0.0388312
-0.0405254
-0.0420891
-0.043507
-0.0447655
-0.0458531
-0.0467599
-0.0474777
-0.0479998
-0.048321
-0.0484374
-0.0483459
-0.048045
-0.0475339
-0.0468129
-0.0458838
-0.0447496
-0.0434151
-0.0418872
-0.0401756
-0.0382931
-0.0362565
-0.034087
-0.0318111
-0.0294603
-0.027072
-0.0246885
-0.0223559
-0.0201227
-0.0180373
-0.0161448
-0.0144837
-0.0130829
-0.0119589
-0.0111141
-0.010537
-0.0102033
-0.010079
-0.0101239
-0.0102955
-0.0105529
-0.0108588
-0.011182
-0.0114963
-0.011781
-0.0120312
-0.0122527
-0.0018604
-0.00224216
-0.00250446
-0.00270805
-0.00290424
-0.00311163
-0.00334654
-0.00362459
-0.00395913
-0.00436175
-0.00484301
-0.00541279
-0.00608042
-0.00685467
-0.00774359
-0.00875422
-0.00989228
-0.0111617
-0.0125645
-0.0141001
-0.0157653
-0.0175541
-0.0194573
-0.0214631
-0.0235564
-0.0257199
-0.0279339
-0.030177
-0.0324267
-0.0346596
-0.0368523
-0.0389822
-0.0410272
-0.0429668
-0.0447822
-0.0464564
-0.0479745
-0.0493236
-0.0504927
-0.0514726
-0.0522557
-0.0528362
-0.0532091
-0.053371
-0.0533191
-0.0530515
-0.0525671
-0.0518655
-0.0509471
-0.0498135
-0.0484673
-0.046913
-0.0451573
-0.0432096
-0.0410832
-0.0387956
-0.03637
-0.0338352
-0.0312271
-0.0285877
-0.0259656
-0.0234137
-0.0209877
-0.0187426
-0.0167288
-0.0149881
-0.0135495
-0.0124269
-0.0116167
-0.011099
-0.0108403
-0.0107966
-0.0109194
-0.0111594
-0.0114713
-0.0118157
-0.0121596
-0.012477
-0.0127614
-0.0130191
-0.00254265
-0.00292641
-0.00319231
-0.00340248
-0.00360958
-0.00383325
-0.00409071
-0.00439839
-0.00477032
-0.00521879
-0.00575506
-0.00638966
-0.00713256
-0.00799308
-0.00897971
-0.0100997
-0.0113589
-0.012761
-0.0143073
-0.0159966
-0.0178245
-0.0197835
-0.0218627
-0.0240482
-0.026323
-0.0286676
-0.03106
-0.0334768
-0.0358936
-0.0382854
-0.0406278
-0.0428968
-0.0450701
-0.047127
-0.0490488
-0.0508189
-0.0524231
-0.0538491
-0.055087
-0.0561286
-0.0569671
-0.0575976
-0.0580158
-0.0582189
-0.0582044
-0.0579707
-0.0575164
-0.0568406
-0.0559429
-0.0548235
-0.0534832
-0.0519242
-0.0501503
-0.0481674
-0.0459849
-0.0436162
-0.04108
-0.0384011
-0.0356118
-0.0327523
-0.0298708
-0.0270228
-0.024269
-0.0216731
-0.0192969
-0.0171959
-0.0154139
-0.0139783
-0.0128975
-0.0121593
-0.0117332
-0.0115739
-0.0116272
-0.0118359
-0.0121452
-0.0125067
-0.0128793
-0.0132305
-0.0135514
-0.0138491
-0.00330483
-0.00368736
-0.00395528
-0.00417158
-0.0043898
-0.00463053
-0.00491179
-0.00525071
-0.00566197
-0.00615851
-0.00675222
-0.00745426
-0.00827518
-0.00922481
-0.010312
-0.0115441
-0.0129268
-0.0144635
-0.0161549
-0.0179986
-0.0199889
-0.0221167
-0.0243691
-0.0267302
-0.0291807
-0.0316987
-0.0342603
-0.03684
-0.0394116
-0.0419488
-0.044426
-0.0468187
-0.0491043
-0.0512623
-0.0532742
-0.0551244
-0.0567994
-0.0582882
-0.0595816
-0.0606727
-0.0615559
-0.0622271
-0.0626833
-0.0629219
-0.0629413
-0.0627401
-0.062317
-0.061671
-0.0608011
-0.0597064
-0.0583865
-0.0568413
-0.0550721
-0.0530817
-0.0508754
-0.0484621
-0.0458555
-0.0430755
-0.0401494
-0.0371132
-0.0340126
-0.0309027
-0.0278471
-0.0249157
-0.0221804
-0.0197099
-0.0175637
-0.0157858
-0.0143993
-0.0134039
-0.0127756
-0.0124705
-0.0124306
-0.0125909
-0.0128869
-0.0132599
-0.0136593
-0.0140447
-0.0144044
-0.0147459
-0.00414515
-0.00452312
-0.00479143
-0.00501332
-0.00524276
-0.00550116
-0.00580724
-0.00617871
-0.00663086
-0.00717719
-0.00783019
-0.00860159
-0.00950246
-0.010543
-0.0117324
-0.0130779
-0.0145851
-0.0162568
-0.0180928
-0.0200895
-0.0222397
-0.0245324
-0.0269527
-0.0294824
-0.0321
-0.0347814
-0.0375005
-0.0402298
-0.0429418
-0.0456088
-0.0482046
-0.0507043
-0.0530852
-0.0553273
-0.0574129
-0.0593272
-0.0610578
-0.0625949
-0.0639306
-0.0650593
-0.0659765
-0.0666791
-0.0671652
-0.067433
-0.0674817
-0.0673102
-0.0669176
-0.066303
-0.0654651
-0.0644024
-0.0631133
-0.0615965
-0.0598509
-0.0578764
-0.0556749
-0.0532508
-0.0506126
-0.0477745
-0.0447578
-0.0415929
-0.0383205
-0.0349928
-0.0316731
-0.0284347
-0.0253569
-0.0225207
-0.020001
-0.0178595
-0.0161375
-0.01485
-0.0139842
-0.013501
-0.0133412
-0.0134332
-0.0137027
-0.0140797
-0.0145029
-0.0149226
-0.0153231
-0.0157121
-0.0050605
-0.00543059
-0.00569758
-0.00592442
-0.00616504
-0.0064415
-0.00677313
-0.00717813
-0.00767228
-0.0082696
-0.00898309
-0.009825
-0.0108068
-0.0119391
-0.013231
-0.01469
-0.016321
-0.0181262
-0.0201044
-0.0222506
-0.0245559
-0.0270074
-0.0295879
-0.0322771
-0.0350511
-0.0378835
-0.0407463
-0.0436105
-0.046447
-0.0492273
-0.0519245
-0.0545139
-0.0569731
-0.0592826
-0.0614257
-0.0633887
-0.0651604
-0.0667324
-0.0680981
-0.069253
-0.070194
-0.0709192
-0.0714274
-0.071718
-0.0717906
-0.0716451
-0.0712808
-0.0706971
-0.0698926
-0.0688659
-0.0676146
-0.0661363
-0.0644283
-0.0624884
-0.0603151
-0.0579091
-0.0552739
-0.0524179
-0.0493557
-0.046111
-0.0427178
-0.0392228
-0.0356861
-0.0321807
-0.0287906
-0.0256059
-0.0227158
-0.0202003
-0.0181205
-0.0165107
-0.0153734
-0.0146789
-0.0143702
-0.0143714
-0.0145988
-0.0149707
-0.0154134
-0.0158665
-0.0163095
-0.0167497
-0.0060465
-0.0064054
-0.00666933
-0.00690037
-0.00715195
-0.00744664
-0.00780424
-0.00824334
-0.00878011
-0.00942902
-0.0102035
-0.0111162
-0.012179
-0.0134026
-0.0147963
-0.0163672
-0.0181198
-0.0200554
-0.0221715
-0.0244618
-0.0269154
-0.0295174
-0.0322485
-0.035086
-0.0380037
-0.0409734
-0.043965
-0.0469481
-0.0498924
-0.052769
-0.0555507
-0.058213
-0.0607339
-0.063095
-0.0652806
-0.0672781
-0.0690779
-0.0706726
-0.0720573
-0.0732285
-0.0741844
-0.074924
-0.0754472
-0.0757542
-0.0758455
-0.0757215
-0.0753822
-0.0748272
-0.0740557
-0.073066
-0.0718558
-0.070422
-0.0687609
-0.0668686
-0.0647414
-0.0623765
-0.0597731
-0.056934
-0.0538675
-0.0505897
-0.0471268
-0.043518
-0.0398171
-0.036094
-0.032433
-0.0289302
-0.0256864
-0.0227986
-0.0203488
-0.0183932
-0.016954
-0.0160158
-0.0155281
-0.0154138
-0.0155811
-0.0159366
-0.0163931
-0.016878
-0.0173648
-0.0178596
-0.00709755
-0.00744202
-0.00770112
-0.0079355
-0.00819761
-0.00851042
-0.00889406
-0.0093674
-0.0099469
-0.0106474
-0.0114826
-0.0124656
-0.0136083
-0.0149218
-0.0164151
-0.018095
-0.0199654
-0.0220265
-0.0242746
-0.0267017
-0.0292951
-0.0320377
-0.0349081
-0.0378812
-0.0409288
-0.0440208
-0.0471255
-0.0502112
-0.0532469
-0.0562031
-0.059053
-0.0617721
-0.0643397
-0.0667379
-0.0689526
-0.0709723
-0.0727888
-0.074396
-0.0757903
-0.0769693
-0.0779324
-0.0786795
-0.0792115
-0.0795294
-0.0796343
-0.0795272
-0.079209
-0.0786796
-0.0779387
-0.0769849
-0.0758161
-0.074429
-0.0728196
-0.0709829
-0.0689136
-0.0666063
-0.0640568
-0.061263
-0.0582272
-0.054958
-0.0514733
-0.0478033
-0.0439937
-0.0401075
-0.0362261
-0.032447
-0.028879
-0.0256338
-0.0228133
-0.0204975
-0.0187318
-0.0175201
-0.0168234
-0.0165673
-0.0166547
-0.0169807
-0.0174439
-0.017958
-0.0184891
-0.0190417
-0.00820691
-0.00853382
-0.0087863
-0.00902304
-0.00929507
-0.00962559
-0.010035
-0.0105422
-0.011164
-0.0119153
-0.0128103
-0.0138621
-0.0150829
-0.0164836
-0.0180731
-0.0198578
-0.0218407
-0.024021
-0.0263936
-0.0289488
-0.0316718
-0.0345437
-0.0375407
-0.0406358
-0.0437988
-0.0469977
-0.0501997
-0.0533719
-0.0564829
-0.0595031
-0.0624059
-0.0651676
-0.0677681
-0.0701911
-0.0724233
-0.0744548
-0.0762786
-0.07789
-0.0792863
-0.0804665
-0.0814306
-0.0821798
-0.0827154
-0.0830393
-0.0831533
-0.0830589
-0.0827576
-0.08225
-0.0815362
-0.0806155
-0.079486
-0.0781449
-0.0765881
-0.0748103
-0.0728053
-0.070566
-0.0680856
-0.0653583
-0.0623808
-0.0591551
-0.0556908
-0.0520086
-0.0481443
-0.0441519
-0.0401057
-0.0361008
-0.0322497
-0.0286744
-0.0254952
-0.0228155
-0.0207066
-0.0191961
-0.018262
-0.0178376
-0.0178236
-0.0181051
-0.0185665
-0.0191062
-0.0196816
-0.0202947
-0.00936681
-0.00967322
-0.0099173
-0.0101553
-0.0104364
-0.0107839
-0.0112183
-0.0117586
-0.0124217
-0.0132225
-0.0141755
-0.0152937
-0.0165897
-0.0180739
-0.0197552
-0.0216391
-0.023728
-0.0260198
-0.028508
-0.0311811
-0.0340227
-0.0370114
-0.0401217
-0.0433246
-0.046588
-0.0498786
-0.0531623
-0.0564057
-0.059577
-0.0626468
-0.0655889
-0.0683804
-0.0710024
-0.0734395
-0.0756799
-0.077715
-0.0795388
-0.0811479
-0.0825406
-0.0837169
-0.0846776
-0.0854245
-0.0859598
-0.0862859
-0.086405
-0.0863195
-0.0860311
-0.0855412
-0.0848505
-0.0839588
-0.0828651
-0.0815669
-0.0800607
-0.0783413
-0.0764023
-0.0742359
-0.0718335
-0.0691864
-0.0662873
-0.0631323
-0.0597231
-0.0560714
-0.0522023
-0.0481587
-0.0440054
-0.0398309
-0.0357462
-0.0318797
-0.0283659
-0.0253302
-0.022871
-0.0210428
-0.0198463
-0.0192278
-0.0190901
-0.0193109
-0.0197604
-0.0203208
-0.0209398
-0.0216157
-0.0105686
-0.0108518
-0.0110857
-0.0113237
-0.0116128
-0.0119763
-0.0124346
-0.0130068
-0.0137094
-0.0145578
-0.0155662
-0.0167479
-0.018115
-0.0196781
-0.0214455
-0.023422
-0.0256092
-0.0280037
-0.0305976
-0.0333776
-0.0363255
-0.039418
-0.0426278
-0.045924
-0.0492731
-0.0526405
-0.0559913
-0.0592916
-0.0625096
-0.0656162
-0.0685857
-0.0713964
-0.0740303
-0.0764732
-0.0787145
-0.0807468
-0.0825653
-0.0841675
-0.0855527
-0.0867216
-0.0876758
-0.0884176
-0.0889497
-0.089275
-0.0893962
-0.0893161
-0.089037
-0.0885608
-0.0878888
-0.0870217
-0.085959
-0.0846992
-0.0832394
-0.0815751
-0.0797002
-0.0776068
-0.0752856
-0.0727261
-0.0699181
-0.0668528
-0.0635256
-0.0599393
-0.0561085
-0.0520645
-0.0478602
-0.0435741
-0.0393114
-0.0352014
-0.0313883
-0.0280163
-0.0252101
-0.0230536
-0.0215745
-0.020738
-0.0204544
-0.0205972
-0.0210235
-0.0215989
-0.0222599
-0.0230003
-0.011803
-0.0120605
-0.0122825
-0.0125192
-0.012815
-0.013193
-0.0136738
-0.014276
-0.0150162
-0.0159094
-0.01697
-0.0182111
-0.0196447
-0.0212811
-0.0231279
-0.0251896
-0.0274663
-0.0299538
-0.0326425
-0.0355176
-0.0385592
-0.0417422
-0.0450376
-0.0484129
-0.0518335
-0.0552636
-0.0586679
-0.0620121
-0.0652647
-0.068397
-0.0713841
-0.0742053
-0.0768435
-0.0792858
-0.0815227
-0.0835478
-0.0853573
-0.0869497
-0.088325
-0.0894845
-0.0904303
-0.0911652
-0.0916923
-0.0920147
-0.0921357
-0.0920583
-0.0917852
-0.0913191
-0.0906617
-0.0898143
-0.0887775
-0.0875506
-0.0861316
-0.084517
-0.0827016
-0.0806779
-0.0784366
-0.0759667
-0.0732558
-0.0702919
-0.0670651
-0.0635708
-0.0598137
-0.0558134
-0.0516097
-0.0472686
-0.0428857
-0.038586
-0.0345181
-0.0308404
-0.0277012
-0.0252149
-0.0234395
-0.0223648
-0.0219141
-0.0219611
-0.0223521
-0.0229356
-0.0236364
-0.0244422
-0.0130601
-0.0132897
-0.0134982
-0.013732
-0.014033
-0.0144241
-0.0149253
-0.0155553
-0.0163303
-0.0172652
-0.0183741
-0.01967
-0.0211646
-0.0228678
-0.0247867
-0.0269249
-0.0292817
-0.0318517
-0.0346238
-0.0375819
-0.0407043
-0.0439644
-0.0473317
-0.0507724
-0.0542509
-0.0577307
-0.0611761
-0.0645528
-0.0678296
-0.0709783
-0.073975
-0.0767997
-0.0794366
-0.0818737
-0.0841026
-0.0861178
-0.0879164
-0.0894975
-0.0908618
-0.092011
-0.0929476
-0.0936748
-0.0941959
-0.0945142
-0.0946332
-0.0945564
-0.0942867
-0.0938273
-0.0931804
-0.0923483
-0.091332
-0.0901321
-0.0887477
-0.0871763
-0.0854139
-0.0834541
-0.0812882
-0.0789052
-0.0762921
-0.0734347
-0.0703193
-0.0669352
-0.0632787
-0.0593581
-0.0552001
-0.0508567
-0.0464105
-0.0419779
-0.0377061
-0.0337624
-0.030315
-0.027507
-0.0254292
-0.0241006
-0.0234638
-0.0233976
-0.0237402
-0.0243243
-0.0250617
-0.0259333
-0.0143298
-0.0145296
-0.0147229
-0.0149525
-0.015257
-0.015659
-0.0161785
-0.0168335
-0.0176401
-0.0186128
-0.0197655
-0.0211109
-0.0226603
-0.0244232
-0.026406
-0.0286117
-0.0310386
-0.03368
-0.0365239
-0.0395524
-0.0427426
-0.0460666
-0.0494926
-0.0529857
-0.0565095
-0.0600272
-0.0635027
-0.066902
-0.0701942
-0.0733518
-0.0763518
-0.079175
-0.0818066
-0.0842355
-0.0864543
-0.0884583
-0.0902452
-0.0918147
-0.0931679
-0.0943069
-0.0952345
-0.0959539
-0.0964686
-0.0967822
-0.0968983
-0.0968204
-0.096552
-0.0960964
-0.0954566
-0.0946353
-0.0936346
-0.0924558
-0.0910993
-0.0895641
-0.0878473
-0.0859439
-0.0838464
-0.0815447
-0.0790258
-0.0762747
-0.0732752
-0.070012
-0.0664745
-0.0626611
-0.058586
-0.0542865
-0.0498304
-0.0453215
-0.0409006
-0.0367378
-0.0330158
-0.0299038
-0.0275257
-0.0259335
-0.0250945
-0.0248986
-0.0251799
-0.0257563
-0.0265263
-0.0274634
-0.0156017
-0.0157702
-0.015947
-0.0161706
-0.0164767
-0.0168874
-0.0174225
-0.0180995
-0.018934
-0.0199402
-0.0211316
-0.0225205
-0.024118
-0.0259328
-0.0279709
-0.0302345
-0.0327209
-0.0354225
-0.0383261
-0.0414126
-0.0446579
-0.048033
-0.051505
-0.0550384
-0.0585961
-0.062141
-0.065637
-0.0690504
-0.0723508
-0.0755115
-0.07851
-0.0813281
-0.0839519
-0.0863712
-0.0885791
-0.0905717
-0.0923472
-0.0939057
-0.0952485
-0.0963781
-0.0972973
-0.0980095
-0.0985181
-0.0988269
-0.0989394
-0.0988594
-0.0985905
-0.0981364
-0.0975006
-0.0966862
-0.0956963
-0.0945332
-0.0931983
-0.0916919
-0.0900128
-0.0881576
-0.0861202
-0.0838919
-0.0814606
-0.0788114
-0.0759268
-0.0727887
-0.069381
-0.0656941
-0.0617306
-0.0575137
-0.0530952
-0.0485639
-0.0440493
-0.0397186
-0.0357633
-0.0323738
-0.0297059
-0.0278469
-0.0267938
-0.0264535
-0.0266606
-0.0272204
-0.0280187
-0.0290201
-0.0168657
-0.0170018
-0.0171607
-0.0173767
-0.0176822
-0.0180993
-0.0186469
-0.0193424
-0.0202006
-0.0212356
-0.0224601
-0.0238862
-0.0255243
-0.0273829
-0.0294672
-0.0317786
-0.0343138
-0.0370641
-0.0400154
-0.0431476
-0.0464356
-0.0498496
-0.0533558
-0.0569181
-0.0604993
-0.0640619
-0.0675702
-0.0709908
-0.0742937
-0.0774528
-0.0804465
-0.0832574
-0.0858722
-0.0882813
-0.0904786
-0.0924604
-0.0942256
-0.0957743
-0.0971082
-0.0982297
-0.0991418
-0.0998476
-0.100351
-0.100655
-0.100764
-0.100681
-0.10041
-0.0999558
-0.0993213
-0.0985105
-0.0975271
-0.0963745
-0.0950551
-0.0935708
-0.0919216
-0.090106
-0.0881197
-0.0859557
-0.0836033
-0.0810486
-0.0782739
-0.0752598
-0.0719863
-0.0684373
-0.0646058
-0.0605018
-0.0561614
-0.0516564
-0.0471016
-0.0426561
-0.0385138
-0.0348809
-0.0319418
-0.0298196
-0.0285454
-0.0280484
-0.0281691
-0.0287036
-0.0295252
-0.030589
-0.0181118
-0.0182147
-0.0183545
-0.0185613
-0.0188642
-0.0192847
-0.0198417
-0.0205517
-0.0214292
-0.0224876
-0.0237393
-0.0251957
-0.0268668
-0.0287606
-0.0308816
-0.0332306
-0.0358036
-0.0385911
-0.0415782
-0.0447442
-0.048063
-0.0515041
-0.0550334
-0.0586144
-0.0622096
-0.0657818
-0.0692954
-0.0727174
-0.0760182
-0.0791726
-0.0821594
-0.0849619
-0.0875674
-0.0899668
-0.0921545
-0.094127
-0.0958835
-0.0974242
-0.098751
-0.0998661
-0.100772
-0.101473
-0.101972
-0.102272
-0.102377
-0.102291
-0.102018
-0.101561
-0.100926
-0.100116
-0.0991352
-0.0979885
-0.0966792
-0.0952103
-0.0935837
-0.0917993
-0.089855
-0.0877455
-0.0854623
-0.0829927
-0.0803202
-0.0774246
-0.0742842
-0.070878
-0.0671913
-0.0632223
-0.0589923
-0.0545557
-0.0500104
-0.0455025
-0.0412223
-0.0373858
-0.0342013
-0.0318265
-0.0303291
-0.0296663
-0.0296899
-0.0301903
-0.0310297
-0.0321537
-0.0193305
-0.0194
-0.0195196
-0.0197156
-0.0200135
-0.0204346
-0.0209974
-0.0217178
-0.0226097
-0.0236859
-0.0249583
-0.0264378
-0.0281339
-0.0300539
-0.0322019
-0.0345782
-0.037178
-0.0399914
-0.0430027
-0.0461906
-0.0495288
-0.0529861
-0.0565282
-0.0601185
-0.0637195
-0.0672941
-0.070807
-0.0742257
-0.0775212
-0.0806686
-0.0836474
-0.0864412
-0.0890379
-0.0914288
-0.0936084
-0.0955736
-0.0973234
-0.0988583
-0.10018
-0.10129
-0.102193
-0.10289
-0.103385
-0.103682
-0.103784
-0.103694
-0.103418
-0.102958
-0.10232
-0.101508
-0.100527
-0.0993821
-0.0980779
-0.0966187
-0.0950076
-0.0932466
-0.0913354
-0.0892708
-0.0870464
-0.0846516
-0.0820714
-0.0792862
-0.0762736
-0.0730095
-0.0694734
-0.0656539
-0.0615586
-0.0572252
-0.0527329
-0.048212
-0.0438437
-0.0398471
-0.036449
-0.0338387
-0.0321216
-0.0312874
-0.0312048
-0.0316627
-0.0325144
-0.0336955
-0.0205133
-0.0205491
-0.0206478
-0.0208313
-0.0211219
-0.0215406
-0.0221054
-0.0228316
-0.0237327
-0.0248208
-0.0261072
-0.0276023
-0.0293151
-0.0312523
-0.0334175
-0.0358105
-0.0384262
-0.0412542
-0.0442783
-0.047477
-0.0508236
-0.0542867
-0.0578321
-0.0614231
-0.0650224
-0.0685932
-0.0721006
-0.0755123
-0.0788
-0.081939
-0.0849094
-0.0876951
-0.0902842
-0.0926682
-0.0948417
-0.0968017
-0.0985472
-0.100079
-0.101397
-0.102505
-0.103405
-0.1041
-0.104593
-0.104888
-0.104987
-0.104894
-0.104613
-0.10415
-0.103507
-0.102691
-0.101707
-0.100561
-0.0992572
-0.0978023
-0.0962006
-0.0944557
-0.0925691
-0.0905401
-0.0883643
-0.0860335
-0.0835346
-0.0808497
-0.0779564
-0.0748295
-0.0714442
-0.0677816
-0.0638376
-0.0596341
-0.055232
-0.0507428
-0.0463344
-0.042223
-0.0386473
-0.0358243
-0.0338963
-0.0328889
-0.0326929
-0.0331009
-0.0339593
-0.0351942
-0.0216517
-0.0216544
-0.0217319
-0.021901
-0.0221821
-0.0225951
-0.0231579
-0.0238853
-0.02479
-0.0258838
-0.0271772
-0.0286802
-0.0304011
-0.0323462
-0.0345187
-0.0369181
-0.0395389
-0.0423703
-0.0453963
-0.0485949
-0.0519394
-0.0553988
-0.0589386
-0.0625225
-0.0661135
-0.0696751
-0.0731728
-0.0765747
-0.0798527
-0.0829827
-0.0859448
-0.0887233
-0.0913063
-0.0936854
-0.0958552
-0.0978125
-0.0995562
-0.101086
-0.102404
-0.103512
-0.104412
-0.105106
-0.105598
-0.105891
-0.105987
-0.105891
-0.105607
-0.105138
-0.10449
-0.103669
-0.102679
-0.101528
-0.100221
-0.0987661
-0.0971683
-0.0954328
-0.0935632
-0.0915609
-0.0894238
-0.0871461
-0.0847173
-0.0821213
-0.079337
-0.0763391
-0.0731001
-0.0695959
-0.0658127
-0.0617583
-0.0574757
-0.0530572
-0.0486534
-0.0444721
-0.0407577
-0.0377491
-0.0356241
-0.0344455
-0.0341315
-0.0344829
-0.0353426
-0.0366275
-0.0227386
-0.0227091
-0.0227647
-0.0229186
-0.0231876
-0.0235915
-0.0241483
-0.0248719
-0.0257746
-0.0268675
-0.0281607
-0.0296635
-0.0313838
-0.0333275
-0.0354974
-0.0378928
-0.0405079
-0.0433321
-0.0463491
-0.0495373
-0.0528699
-0.0563163
-0.0598424
-0.0634121
-0.0669888
-0.0705365
-0.0740209
-0.0774107
-0.0806779
-0.0837986
-0.0867531
-0.0895257
-0.0921045
-0.094481
-0.0966494
-0.0986066
-0.100351
-0.101883
-0.103203
-0.104312
-0.105213
-0.105909
-0.106401
-0.106692
-0.106787
-0.106688
-0.106399
-0.105925
-0.105271
-0.104442
-0.103445
-0.102286
-0.100973
-0.0995138
-0.0979148
-0.0961828
-0.0943233
-0.0923395
-0.0902318
-0.0879969
-0.0856268
-0.0831078
-0.0804209
-0.0775413
-0.0744409
-0.0710917
-0.0674725
-0.0635792
-0.0594383
-0.0551223
-0.0507629
-0.0465547
-0.0427413
-0.0395778
-0.0372736
-0.0359297
-0.0354953
-0.0357848
-0.0366408
-0.0379721
-0.023768
-0.0237075
-0.023741
-0.0238782
-0.0241328
-0.0245248
-0.0250712
-0.0257857
-0.0266804
-0.0277657
-0.0290512
-0.0305457
-0.0322566
-0.0341894
-0.0363468
-0.0387278
-0.0413268
-0.0441332
-0.0471309
-0.0502986
-0.05361
-0.0570348
-0.0605395
-0.0640884
-0.0676454
-0.0711749
-0.0746431
-0.0780189
-0.0812745
-0.084386
-0.0873339
-0.0901021
-0.0926788
-0.0950549
-0.0972247
-0.0991844
-0.100932
-0.102468
-0.103792
-0.104905
-0.10581
-0.106507
-0.107001
-0.107293
-0.107386
-0.107284
-0.106991
-0.106511
-0.105849
-0.105012
-0.104006
-0.102837
-0.101515
-0.100048
-0.0984435
-0.0967098
-0.094854
-0.0928813
-0.0907944
-0.0885924
-0.0862699
-0.0838162
-0.0812143
-0.0784411
-0.0754688
-0.0722673
-0.0688102
-0.0650834
-0.061099
-0.0569105
-0.0526294
-0.0484336
-0.0445603
-0.0412744
-0.0388122
-0.0373122
-0.0367577
-0.0369814
-0.0378289
-0.0392028
-0.0247346
-0.0246447
-0.0246564
-0.0247757
-0.0250137
-0.0253902
-0.025922
-0.0266224
-0.0275029
-0.0285737
-0.0298438
-0.0313216
-0.0330141
-0.0349266
-0.0370616
-0.039418
-0.0419905
-0.0447687
-0.047737
-0.0508746
-0.0541558
-0.0575509
-0.0610269
-0.0645489
-0.0680813
-0.0715889
-0.0750382
-0.0783984
-0.0816418
-0.0847446
-0.0876868
-0.0904524
-0.093029
-0.0954073
-0.0975809
-0.0995459
-0.1013
-0.102842
-0.104172
-0.105291
-0.106201
-0.106903
-0.107399
-0.107692
-0.107785
-0.107681
-0.107383
-0.106897
-0.106227
-0.10538
-0.104363
-0.103183
-0.101849
-0.100371
-0.0987569
-0.0970168
-0.0951591
-0.0931907
-0.0911167
-0.0889384
-0.0866532
-0.084253
-0.0817235
-0.079044
-0.0761876
-0.0731237
-0.0698223
-0.0662619
-0.062442
-0.0583988
-0.0542235
-0.0500746
-0.0461784
-0.0428031
-0.0402065
-0.0385625
-0.0378905
-0.0380456
-0.0388808
-0.0402938
-0.0256346
-0.025517
-0.0255073
-0.0256078
-0.0258272
-0.026185
-0.0266977
-0.0273786
-0.0282387
-0.0292878
-0.0305347
-0.0319873
-0.0336524
-0.035535
-0.0376376
-0.0399594
-0.0424952
-0.0452352
-0.0481643
-0.0512625
-0.0545049
-0.0578624
-0.0613029
-0.0647922
-0.0682953
-0.0717774
-0.0752055
-0.0785487
-0.0817796
-0.084874
-0.0878118
-0.0905764
-0.0931551
-0.095538
-0.0977182
-0.099691
-0.101454
-0.103005
-0.104344
-0.105471
-0.106388
-0.107095
-0.107595
-0.107891
-0.107983
-0.107877
-0.107575
-0.107082
-0.106404
-0.105546
-0.104517
-0.103324
-0.101976
-0.100484
-0.0988574
-0.0971067
-0.0952419
-0.0932719
-0.0912034
-0.0890404
-0.0867826
-0.0844247
-0.0819552
-0.0793561
-0.0766023
-0.0736637
-0.0705083
-0.0671094
-0.063456
-0.0595691
-0.0555201
-0.0514473
-0.0475615
-0.0441287
-0.0414227
-0.0396491
-0.0388641
-0.0389494
-0.0397691
-0.0412181
-0.0264648
-0.026322
-0.0262913
-0.0263723
-0.0265712
-0.0269071
-0.0273965
-0.0280524
-0.0288857
-0.0299059
-0.0311215
-0.0325402
-0.0341686
-0.0360117
-0.0380721
-0.0403492
-0.0428384
-0.0455303
-0.0484108
-0.0514606
-0.0546558
-0.0579682
-0.0613667
-0.0648178
-0.0682871
-0.0717405
-0.075145
-0.0784701
-0.081688
-0.0847746
-0.087709
-0.0904745
-0.0930573
-0.0954472
-0.0976365
-0.0996199
-0.101394
-0.102956
-0.104306
-0.105444
-0.106369
-0.107084
-0.10759
-0.107888
-0.107982
-0.107874
-0.107568
-0.107068
-0.106381
-0.105512
-0.10447
-0.103262
-0.101898
-0.10039
-0.0987472
-0.0969822
-0.0951059
-0.0931286
-0.0910592
-0.0889034
-0.0866638
-0.0843375
-0.081916
-0.079384
-0.0767188
-0.0738916
-0.07087
-0.0676235
-0.0641334
-0.0604074
-0.0564985
-0.0525244
-0.048678
-0.0452178
-0.0424272
-0.0405399
-0.0396483
-0.0396638
-0.0404656
-0.0419479
-0.0272236
-0.0270579
-0.0270073
-0.0270683
-0.0272449
-0.0275559
-0.0280177
-0.0286431
-0.029443
-0.0304268
-0.0316029
-0.0329789
-0.0345614
-0.0363554
-0.0383637
-0.0405861
-0.0430187
-0.0456529
-0.0484755
-0.0514682
-0.0546082
-0.0578684
-0.0612185
-0.0646261
-0.0680574
-0.0714788
-0.0748576
-0.0781633
-0.081368
-0.084447
-0.0873793
-0.0901471
-0.0927362
-0.0951354
-0.0973363
-0.0993328
-0.101121
-0.102697
-0.10406
-0.10521
-0.106147
-0.106871
-0.107383
-0.107686
-0.107781
-0.107672
-0.107362
-0.106856
-0.106159
-0.105279
-0.104222
-0.102998
-0.101617
-0.10009
-0.0984291
-0.0966464
-0.0947544
-0.092765
-0.0906885
-0.0885328
-0.0863026
-0.0839978
-0.0816126
-0.0791345
-0.0765435
-0.073813
-0.0709108
-0.0678046
-0.0644699
-0.0609034
-0.057142
-0.0532828
-0.0494993
-0.0460383
-0.0431872
-0.0412026
-0.040212
-0.0401588
-0.0409409
-0.0424547
-0.0279101
-0.0277244
-0.027655
-0.0276957
-0.0278485
-0.0281318
-0.0285617
-0.0291512
-0.0299111
-0.0308509
-0.0319791
-0.0333034
-0.0348305
-0.0365656
-0.0385119
-0.0406699
-0.0430361
-0.0456032
-0.0483588
-0.051286
-0.0543629
-0.0575639
-0.0608597
-0.0642186
-0.0676078
-0.070994
-0.0743449
-0.0776299
-0.0808209
-0.0838927
-0.0868237
-0.0895955
-0.0921928
-0.0946036
-0.0968186
-0.0988307
-0.100635
-0.102228
-0.103607
-0.104772
-0.105721
-0.106456
-0.106977
-0.107285
-0.107383
-0.107273
-0.10696
-0.106448
-0.105742
-0.104849
-0.103777
-0.102536
-0.101136
-0.0995887
-0.0979067
-0.0961033
-0.0941919
-0.0921857
-0.0900965
-0.0879341
-0.0857052
-0.0834123
-0.0810521
-0.0786149
-0.0760838
-0.0734342
-0.0706357
-0.067655
-0.0644639
-0.0610504
-0.0574372
-0.0537026
-0.0499996
-0.0465602
-0.0436704
-0.0416048
-0.0405236
-0.0404034
-0.0411649
-0.0427091
-0.0285248
-0.0283219
-0.0282351
-0.0282556
-0.0283833
-0.0286362
-0.0290302
-0.0295782
-0.0302913
-0.0311794
-0.0322511
-0.0335146
-0.0349766
-0.036643
-0.0385175
-0.0406011
-0.0428915
-0.0453822
-0.048062
-0.0509154
-0.0539219
-0.0570569
-0.0602923
-0.0635977
-0.0669406
-0.0702886
-0.0736093
-0.0768723
-0.0800491
-0.083114
-0.0860446
-0.0888216
-0.0914289
-0.0938534
-0.0960849
-0.0981152
-0.0999386
-0.101551
-0.102948
-0.10413
-0.105095
-0.105842
-0.106373
-0.106688
-0.10679
-0.106681
-0.106365
-0.105846
-0.105131
-0.104226
-0.103139
-0.101879
-0.100459
-0.0988898
-0.0971846
-0.0953578
-0.0934236
-0.0913963
-0.0892892
-0.0871137
-0.0848785
-0.0825881
-0.080242
-0.0778331
-0.0753473
-0.0727627
-0.0700507
-0.0671788
-0.064116
-0.0608443
-0.0573743
-0.0537673
-0.050156
-0.0467554
-0.0438458
-0.0417143
-0.0405507
-0.0403661
-0.0411066
-0.0426809
-0.0290687
-0.0288519
-0.0287495
-0.02875
-0.0288516
-0.0290715
-0.0294255
-0.0299266
-0.0305862
-0.0314146
-0.0324212
-0.0336144
-0.0350017
-0.0365895
-0.0383822
-0.0403817
-0.0425867
-0.0449919
-0.0475875
-0.0503591
-0.0532878
-0.0563504
-0.0595199
-0.0627668
-0.0660596
-0.0693662
-0.0726546
-0.0758942
-0.0790561
-0.0821141
-0.085045
-0.0878285
-0.0904474
-0.0928877
-0.0951378
-0.0971889
-0.0990338
-0.100667
-0.102086
-0.103287
-0.104269
-0.105032
-0.105574
-0.105898
-0.106006
-0.105898
-0.105581
-0.105056
-0.104332
-0.103414
-0.102311
-0.101034
-0.099592
-0.0979992
-0.0962691
-0.0944163
-0.0924561
-0.0904038
-0.0882739
-0.0860793
-0.0838304
-0.0815337
-0.079191
-0.0767978
-0.0743427
-0.0718066
-0.0691632
-0.0663812
-0.0634289
-0.0602834
-0.0569461
-0.0534631
-0.0499481
-0.0465978
-0.0436831
-0.0414987
-0.0402605
-0.0400137
-0.0407335
-0.0423386
-0.0295441
-0.0293168
-0.0292005
-0.0291816
-0.0292564
-0.0294411
-0.0297512
-0.0301999
-0.0307991
-0.0315599
-0.0324923
-0.0336056
-0.0349083
-0.0364074
-0.0381084
-0.0400142
-0.0421245
-0.0444353
-0.0469384
-0.0496207
-0.0524647
-0.0554486
-0.0585468
-0.0617306
-0.0649695
-0.0682317
-0.0714856
-0.0747002
-0.0778465
-0.0808976
-0.0838292
-0.0866202
-0.0892524
-0.0917103
-0.0939813
-0.0960554
-0.0979245
-0.0995824
-0.101025
-0.102248
-0.10325
-0.104029
-0.104586
-0.104921
-0.105035
-0.104931
-0.104612
-0.104084
-0.103351
-0.102421
-0.101302
-0.100006
-0.098542
-0.0969246
-0.0951678
-0.0932868
-0.0912977
-0.0892167
-0.0870593
-0.0848398
-0.08257
-0.0802584
-0.0779085
-0.0755185
-0.0730795
-0.070575
-0.0679815
-0.0652692
-0.0624066
-0.0593681
-0.0561477
-0.0527789
-0.049358
-0.0460629
-0.0431528
-0.0409255
-0.039619
-0.0393121
-0.0400115
-0.0416493
-0.0299539
-0.0297196
-0.0295916
-0.0295541
-0.0296014
-0.0297488
-0.0300114
-0.0304022
-0.0309341
-0.031619
-0.0324681
-0.0334919
-0.0346998
-0.0361002
-0.0376994
-0.0395018
-0.0415083
-0.0437163
-0.0461189
-0.0487046
-0.0514574
-0.0543568
-0.0573785
-0.0604949
-0.0636762
-0.0668911
-0.0701082
-0.0732966
-0.0764264
-0.0794703
-0.0824032
-0.0852026
-0.0878493
-0.0903266
-0.0926206
-0.0947201
-0.0966159
-0.0983006
-0.099769
-0.101017
-0.102041
-0.10284
-0.103413
-0.103761
-0.103884
-0.103785
-0.103468
-0.102936
-0.102195
-0.101254
-0.10012
-0.0988042
-0.0973182
-0.0956754
-0.0938905
-0.0919794
-0.0899588
-0.0878455
-0.0856562
-0.0834061
-0.0811084
-0.0787731
-0.0764057
-0.0740063
-0.0715684
-0.0690783
-0.0665148
-0.0638504
-0.0610545
-0.0581002
-0.0549762
-0.0517056
-0.0483693
-0.0451276
-0.042226
-0.0399618
-0.0385911
-0.0382251
-0.0389045
-0.0405776
-0.0303017
-0.0300642
-0.0299267
-0.0298716
-0.0298912
-0.0299994
-0.0302106
-0.0305383
-0.0309958
-0.0315964
-0.0323529
-0.0332771
-0.0343801
-0.0356714
-0.0371591
-0.0388486
-0.0407424
-0.0428393
-0.0451338
-0.0476161
-0.0502716
-0.0530811
-0.0560217
-0.0590666
-0.062187
-0.065352
-0.0685304
-0.0716909
-0.0748035
-0.07784
-0.0807743
-0.083583
-0.0862454
-0.0887437
-0.0910627
-0.0931899
-0.0951147
-0.096829
-0.0983263
-0.0996014
-0.100651
-0.101472
-0.102065
-0.102428
-0.102562
-0.10247
-0.102155
-0.101622
-0.100875
-0.0999233
-0.0987749
-0.0974403
-0.0959318
-0.094263
-0.092449
-0.0905062
-0.0884516
-0.0863028
-0.0840772
-0.081791
-0.0794584
-0.0770908
-0.0746951
-0.0722735
-0.0698214
-0.0673276
-0.0647734
-0.0621336
-0.0593791
-0.0564827
-0.0534297
-0.0502353
-0.0469672
-0.0437695
-0.0408736
-0.0385734
-0.0371395
-0.0367138
-0.0373734
-0.0390857
-0.0305917
-0.0303548
-0.0302105
-0.030139
-0.0301308
-0.030198
-0.0303543
-0.0306132
-0.0309892
-0.031497
-0.0321513
-0.0329658
-0.0339534
-0.0351255
-0.0364917
-0.038059
-0.0398315
-0.0418094
-0.0439889
-0.0463616
-0.0489142
-0.051629
-0.0544842
-0.0574543
-0.0605108
-0.0636235
-0.0667612
-0.0698926
-0.0729872
-0.076016
-0.078952
-0.0817706
-0.0844499
-0.0869707
-0.0893166
-0.0914735
-0.09343
-0.0951764
-0.0967053
-0.0980107
-0.0990884
-0.0999351
-0.100549
-0.10093
-0.101079
-0.100996
-0.100686
-0.100153
-0.0994021
-0.0984413
-0.0972793
-0.095927
-0.0943964
-0.0927015
-0.0908577
-0.0888817
-0.0867909
-0.0846036
-0.0823375
-0.0800096
-0.077635
-0.0752261
-0.0727913
-0.070334
-0.0678518
-0.0653354
-0.0627685
-0.0601282
-0.0573873
-0.0545192
-0.0515074
-0.048361
-0.0451374
-0.0419664
-0.0390658
-0.0367247
-0.0352246
-0.0347361
-0.0353753
-0.0371314
-0.0308287
-0.0305966
-0.0304481
-0.0303617
-0.0303257
-0.0303502
-0.0304477
-0.0306322
-0.0309194
-0.0313257
-0.031868
-0.0325624
-0.0334242
-0.0344668
-0.0357017
-0.0371378
-0.0387808
-0.0406325
-0.0426906
-0.0449479
-0.0473929
-0.050009
-0.0527753
-0.0556675
-0.0586577
-0.0617161
-0.0648117
-0.067913
-0.0709889
-0.0740098
-0.0769476
-0.0797768
-0.082474
-0.0850188
-0.0873933
-0.0895821
-0.0915725
-0.0933537
-0.094917
-0.0962557
-0.0973644
-0.0982395
-0.0988786
-0.0992806
-0.0994458
-0.0993757
-0.0990733
-0.0985427
-0.0977899
-0.0968221
-0.0956483
-0.0942794
-0.0927275
-0.0910069
-0.089133
-0.0871228
-0.084994
-0.0827651
-0.0804544
-0.0780792
-0.0756553
-0.0731959
-0.0707104
-0.0682036
-0.0656743
-0.0631152
-0.0605121
-0.0578443
-0.0550866
-0.0522137
-0.0492082
-0.0460756
-0.0428654
-0.0396954
-0.0367716
-0.0343774
-0.0328028
-0.0322454
-0.0328623
-0.0346678
-0.0310177
-0.0307948
-0.0306453
-0.0305456
-0.0304818
-0.0304617
-0.0304967
-0.030601
-0.0307915
-0.0310873
-0.0315076
-0.0320715
-0.0327968
-0.0336998
-0.034794
-0.0360903
-0.0375961
-0.039315
-0.0412459
-0.0433832
-0.0457165
-0.0482305
-0.0509054
-0.0537174
-0.0566396
-0.0596423
-0.0626947
-0.0657651
-0.068822
-0.0718349
-0.0747749
-0.0776152
-0.0803313
-0.0829014
-0.0853062
-0.087529
-0.0895556
-0.0913741
-0.0929747
-0.0943496
-0.0954925
-0.0963992
-0.0970665
-0.0974928
-0.0976781
-0.0976235
-0.0973317
-0.0968069
-0.0960546
-0.0950824
-0.093899
-0.0925152
-0.0909435
-0.0891979
-0.0872941
-0.085249
-0.0830806
-0.0808074
-0.0784478
-0.0760196
-0.0735389
-0.0710194
-0.0684711
-0.0658996
-0.0633052
-0.0606818
-0.058017
-0.0552923
-0.0524843
-0.0495694
-0.0465306
-0.0433714
-0.0401354
-0.0369318
-0.0339569
-0.0314892
-0.0298259
-0.0291893
-0.02978
-0.0316414
-0.0311643
-0.0309556
-0.0308082
-0.0306968
-0.0306053
-0.0305385
-0.0305068
-0.0305246
-0.0306106
-0.0307863
-0.0310744
-0.0314971
-0.0320756
-0.0328289
-0.0337733
-0.0349217
-0.0362834
-0.0378635
-0.0396626
-0.0416761
-0.0438949
-0.0463045
-0.0488861
-0.0516168
-0.0544699
-0.0574163
-0.0604251
-0.0634643
-0.066502
-0.0695071
-0.0724497
-0.0753019
-0.0780379
-0.0806346
-0.0830712
-0.0853299
-0.087395
-0.0892533
-0.090894
-0.0923081
-0.0934885
-0.09443
-0.095129
-0.0955832
-0.0957921
-0.0957566
-0.0954789
-0.0949632
-0.0942148
-0.093241
-0.0920507
-0.0906545
-0.0890647
-0.0872955
-0.0853623
-0.0832821
-0.0810727
-0.0787525
-0.0763401
-0.073853
-0.0713075
-0.0687175
-0.0660933
-0.0634411
-0.0607619
-0.0580508
-0.0552966
-0.0524826
-0.0495874
-0.0465891
-0.0434718
-0.0402385
-0.0369295
-0.0336482
-0.030584
-0.028013
-0.0262391
-0.0255077
-0.0260659
-0.0279901
-0.0312745
-0.0310853
-0.0309436
-0.0308223
-0.0307028
-0.030587
-0.0304838
-0.0304082
-0.0303811
-0.0304269
-0.0305722
-0.030843
-0.0312643
-0.0318584
-0.0326443
-0.0336375
-0.0348491
-0.0362857
-0.0379492
-0.0398364
-0.0419387
-0.0442429
-0.0467307
-0.0493797
-0.0521638
-0.055054
-0.0580194
-0.0610277
-0.0640468
-0.0670446
-0.0699904
-0.0728552
-0.0756122
-0.0782367
-0.0807069
-0.0830033
-0.085109
-0.0870097
-0.0886931
-0.0901494
-0.0913706
-0.0923504
-0.0930846
-0.0935705
-0.0938069
-0.0937942
-0.0935346
-0.0930318
-0.092291
-0.0913192
-0.0901252
-0.0887194
-0.0871141
-0.085323
-0.0833615
-0.0812462
-0.0789947
-0.0766251
-0.0741556
-0.0716035
-0.0689848
-0.0663132
-0.0635991
-0.0608487
-0.0580632
-0.0552385
-0.0523644
-0.0494253
-0.0464017
-0.0432737
-0.0400266
-0.0366642
-0.033226
-0.0298124
-0.0266097
-0.0238947
-0.0219792
-0.0211313
-0.0216471
-0.0236416
-0.0313544
-0.0311909
-0.0310589
-0.0309294
-0.0307813
-0.0306132
-0.030433
-0.0302564
-0.0301067
-0.0300124
-0.030004
-0.0301123
-0.0303664
-0.0307922
-0.0314119
-0.0322434
-0.0332998
-0.0345894
-0.0361151
-0.0378745
-0.0398601
-0.0420591
-0.0444538
-0.0470221
-0.0497382
-0.0525733
-0.0554963
-0.0584749
-0.0614762
-0.0644676
-0.0674176
-0.0702961
-0.0730752
-0.0757289
-0.0782341
-0.08057
-0.0827185
-0.0846638
-0.0863928
-0.0878943
-0.0891594
-0.0901811
-0.0909543
-0.0914757
-0.0917436
-0.091758
-0.0915207
-0.091035
-0.0903059
-0.0893401
-0.0881462
-0.0867342
-0.0851162
-0.0833055
-0.0813171
-0.0791672
-0.0768728
-0.0744514
-0.0719206
-0.0692971
-0.0665962
-0.0638311
-0.0610116
-0.0581437
-0.0552284
-0.0522617
-0.0492338
-0.0461299
-0.0429319
-0.0396214
-0.0361862
-0.0326317
-0.0289982
-0.0253862
-0.0219832
-0.0190708
-0.0169725
-0.0159785
-0.0164375
-0.0185101
-0.0314109
-0.0312805
-0.0311626
-0.0310263
-0.0308481
-0.0306237
-0.0303595
-0.030073
-0.0297907
-0.0295451
-0.0293721
-0.0293073
-0.0293845
-0.0296337
-0.0300804
-0.0307452
-0.0316429
-0.0327833
-0.0341704
-0.0358024
-0.0376723
-0.0397678
-0.0420714
-0.0445613
-0.0472117
-0.0499938
-0.0528765
-0.0558271
-0.0588123
-0.0617988
-0.0647543
-0.0676478
-0.0704502
-0.0731345
-0.0756763
-0.0780534
-0.0802466
-0.082239
-0.084016
-0.0855656
-0.0868779
-0.087945
-0.088761
-0.0893219
-0.0896256
-0.0896716
-0.089461
-0.088997
-0.0882841
-0.0873288
-0.0861391
-0.0847248
-0.0830974
-0.0812699
-0.0792564
-0.0770725
-0.0747345
-0.072259
-0.0696624
-0.0669606
-0.0641679
-0.0612963
-0.0583548
-0.0553483
-0.0522772
-0.0491369
-0.0459174
-0.0426042
-0.03918
-0.0356279
-0.0319382
-0.0281186
-0.0242125
-0.0203232
-0.0166438
-0.0134665
-0.0111313
-0.00995239
-0.0103346
-0.0124933
-0.0314514
-0.031363
-0.0312641
-0.031122
-0.0309115
-0.0306249
-0.0302684
-0.0298616
-0.0294351
-0.0290266
-0.0286776
-0.0284295
-0.0283209
-0.0283863
-0.0286546
-0.0291489
-0.0298861
-0.0308769
-0.0321263
-0.0336329
-0.03539
-0.0373852
-0.0396013
-0.0420164
-0.0446047
-0.0473372
-0.0501826
-0.0531078
-0.0560791
-0.0590627
-0.0620255
-0.0649356
-0.0677629
-0.0704793
-0.0730591
-0.0754793
-0.0777191
-0.0797606
-0.0815882
-0.0831887
-0.0845513
-0.0856672
-0.0865298
-0.0871344
-0.0874781
-0.0875601
-0.0873811
-0.0869435
-0.0862517
-0.0853115
-0.0841306
-0.0827182
-0.0810851
-0.0792436
-0.0772071
-0.0749902
-0.0726079
-0.0700757
-0.0674088
-0.0646215
-0.0617265
-0.0587344
-0.0556525
-0.0524844
-0.0492288
-0.0458799
-0.0424268
-0.0388545
-0.0351457
-0.0312849
-0.0272646
-0.0230955
-0.0188266
-0.0145668
-0.0105186
-0.00699196
-0.00435071
-0.00293689
-0.00321523
-0.00546834
-0.0314847
-0.0314493
-0.031375
-0.0312273
-0.0309803
-0.0306237
-0.0301642
-0.0296248
-0.0290411
-0.0284572
-0.0279208
-0.0274795
-0.0271773
-0.0270531
-0.0271392
-0.0274613
-0.0280379
-0.0288808
-0.0299953
-0.0313804
-0.0330292
-0.0349292
-0.0370629
-0.0394083
-0.0419393
-0.0446267
-0.0474388
-0.0503422
-0.0533028
-0.0562861
-0.0592584
-0.0621869
-0.0650408
-0.0677908
-0.0704104
-0.0728752
-0.0751635
-0.0772562
-0.0791367
-0.0807907
-0.0822065
-0.0833746
-0.0842874
-0.0849396
-0.0853278
-0.0854503
-0.0853075
-0.0849013
-0.0842354
-0.0833152
-0.0821478
-0.0807416
-0.0791066
-0.0772543
-0.0751969
-0.0729477
-0.0705204
-0.067929
-0.0651867
-0.062306
-0.0592977
-0.0561699
-0.0529279
-0.0495729
-0.0461014
-0.0425053
-0.0387718
-0.0348844
-0.0308252
-0.0265792
-0.022141
-0.0175262
-0.0127888
-0.00804771
-0.00351938
0.000461228
0.00349605
0.00520875
0.00506985
0.00271359
-0.0315201
-0.0315538
-0.0315095
-0.0313552
-0.0310651
-0.0306277
-0.0300515
-0.0293646
-0.0286092
-0.0278364
-0.0271012
-0.0264575
-0.0259551
-0.0256372
-0.0255395
-0.0256898
-0.0261081
-0.0268069
-0.0277916
-0.029061
-0.030608
-0.0324195
-0.0344776
-0.0367598
-0.0392396
-0.0418874
-0.0446712
-0.0475572
-0.0505108
-0.053497
-0.0564815
-0.0594308
-0.0623131
-0.0650985
-0.0677594
-0.0702705
-0.072609
-0.0747547
-0.0766902
-0.0784001
-0.0798719
-0.0810951
-0.0820616
-0.0827652
-0.0832019
-0.0833694
-0.0832674
-0.0828973
-0.0822621
-0.0813667
-0.0802173
-0.0788215
-0.0771884
-0.0753281
-0.0732518
-0.070971
-0.0684979
-0.0658442
-0.0630211
-0.0600387
-0.056905
-0.0536254
-0.0502019
-0.0466327
-0.042911
-0.0390254
-0.0349598
-0.0306951
-0.0262115
-0.0214936
-0.016538
-0.0113649
-0.00603616
-0.000682057
0.00446049
0.00902402
0.0125634
0.0146567
0.0147035
0.012235
-0.031573
-0.0316937
-0.0316864
-0.031522
-0.0311787
-0.0306455
-0.029935
-0.0290829
-0.0281389
-0.027163
-0.0262176
-0.0253636
-0.0246561
-0.0241425
-0.0238617
-0.0238432
-0.024108
-0.0246689
-0.0255311
-0.0266928
-0.0281462
-0.0298777
-0.0318684
-0.0340952
-0.0365311
-0.0391461
-0.0419076
-0.0447814
-0.0477323
-0.0507252
-0.0537249
-0.0566974
-0.0596104
-0.062433
-0.0651368
-0.0676956
-0.0700857
-0.0722861
-0.0742783
-0.0760463
-0.0775764
-0.0788575
-0.0798807
-0.0806391
-0.0811279
-0.0813443
-0.0812873
-0.0809576
-0.0803577
-0.0794914
-0.0783641
-0.0769825
-0.0753545
-0.0734889
-0.0713951
-0.069083
-0.0665626
-0.0638432
-0.0609335
-0.0578403
-0.0545685
-0.0511198
-0.0474924
-0.0436798
-0.0396711
-0.0354499
-0.0309957
-0.0262848
-0.0212941
-0.0160066
-0.0104197
-0.00455855
0.00150521
0.00762963
0.0135483
0.0188543
0.0230399
0.0256199
0.0259124
0.023323
-0.0316623
-0.0318947
-0.0319311
-0.0317494
-0.0313371
-0.0306874
-0.0298206
-0.0287817
-0.0276299
-0.0264358
-0.0252694
-0.0241983
-0.0232828
-0.0225743
-0.0221138
-0.0219322
-0.022051
-0.0224828
-0.023232
-0.0242961
-0.0256662
-0.0273275
-0.0292605
-0.031441
-0.0338414
-0.0364311
-0.0391769
-0.0420442
-0.0449976
-0.0480011
-0.0510195
-0.054018
-0.0569638
-0.0598253
-0.0625735
-0.0651813
-0.0676243
-0.0698807
-0.0719311
-0.0737585
-0.0753488
-0.0766899
-0.0777721
-0.078588
-0.0791319
-0.0794005
-0.0793919
-0.0791063
-0.0785451
-0.0777114
-0.0766097
-0.0752454
-0.0736251
-0.0717559
-0.0696455
-0.0673018
-0.0647321
-0.0619431
-0.0589403
-0.0557269
-0.0523037
-0.0486679
-0.0448127
-0.0407263
-0.0363916
-0.0317858
-0.0268818
-0.0216496
-0.0160606
-0.0100939
-0.00374645
0.00295244
0.00992134
0.0169978
0.0238924
0.0301407
0.0351564
0.0383642
0.038982
0.036267
-0.0318165
-0.0321937
-0.0322792
-0.0320666
-0.0315618
-0.0307673
-0.0297153
-0.0284633
-0.0270833
-0.0256547
-0.024257
-0.0229638
-0.0218401
-0.02094
-0.0203062
-0.0199703
-0.0199534
-0.0202673
-0.0209154
-0.0218939
-0.0231924
-0.024795
-0.026681
-0.0288253
-0.0311994
-0.0337719
-0.0365093
-0.0393764
-0.0423374
-0.045356
-0.0483965
-0.0514239
-0.0544045
-0.0573066
-0.0601004
-0.0627581
-0.0652549
-0.0675679
-0.0696771
-0.071565
-0.0732164
-0.0746187
-0.0757615
-0.0766365
-0.0772375
-0.0775603
-0.0776025
-0.0773633
-0.0768434
-0.0760448
-0.0749708
-0.0736257
-0.0720144
-0.0701425
-0.0680155
-0.0656389
-0.0630173
-0.0601542
-0.0570514
-0.0537079
-0.0501197
-0.0462786
-0.0421716
-0.03778
-0.0330788
-0.0280371
-0.0226189
-0.016785
-0.0104985
-0.00373192
0.00352097
0.0112285
0.0192987
0.0275482
0.0356614
0.0431044
0.0491924
0.0532233
0.0542774
0.0514474
-0.032081
-0.0326461
-0.0327826
-0.0325147
-0.031882
-0.0309042
-0.0296302
-0.0281338
-0.026501
-0.0248218
-0.0231834
-0.0216652
-0.0203356
-0.0192505
-0.0184531
-0.0179745
-0.0178349
-0.0180446
-0.0186054
-0.0195119
-0.020752
-0.0223084
-0.0241591
-0.0262778
-0.0286352
-0.0311991
-0.0339355
-0.0368088
-0.0397827
-0.0428207
-0.0458867
-0.0489454
-0.0519628
-0.0549067
-0.0577467
-0.0604548
-0.0630053
-0.0653748
-0.0675428
-0.0694909
-0.0712034
-0.0726669
-0.0738703
-0.0748048
-0.0754634
-0.0758413
-0.075935
-0.0757431
-0.0752653
-0.0745026
-0.0734572
-0.0721317
-0.0705298
-0.0686547
-0.06651
-0.0640984
-0.0614216
-0.0584795
-0.0552695
-0.051786
-0.0480194
-0.0439551
-0.0395724
-0.0348443
-0.0297363
-0.0242068
-0.018208
-0.0116888
-0.00459989
0.0030968
0.0114147
0.0203234
0.029723
0.0394108
0.0490294
0.0579937
0.0654815
0.0706147
0.072273
0.0693802
-0.0325297
-0.0333376
-0.0335178
-0.0331526
-0.0323391
-0.0311249
-0.0295821
-0.0278037
-0.0258908
-0.0239437
-0.0220566
-0.0203127
-0.0187824
-0.0175218
-0.0165733
-0.0159664
-0.0157194
-0.0158405
-0.0163295
-0.0171788
-0.0183747
-0.019898
-0.0217253
-0.0238293
-0.0261796
-0.0287434
-0.0314861
-0.0343716
-0.0373634
-0.0404247
-0.0435191
-0.0466111
-0.0496664
-0.0526525
-0.0555388
-0.0582965
-0.0608997
-0.0633246
-0.0655498
-0.0675566
-0.0693285
-0.0708517
-0.0721144
-0.0731071
-0.073822
-0.0742537
-0.074398
-0.0742525
-0.073816
-0.0730884
-0.0720706
-0.0707638
-0.0691698
-0.0672901
-0.0651256
-0.0626763
-0.0599405
-0.0569141
-0.05359
-0.0499572
-0.0459995
-0.0416949
-0.0370143
-0.0319202
-0.0263667
-0.0202991
-0.0136546
-0.00636624
0.00163201
0.0103945
0.0199481
0.0302699
0.0412578
0.0526922
0.0641787
0.0750716
0.0844085
0.0910549
0.0935909
0.090787
-0.0332869
-0.0344035
-0.0346003
-0.0340655
-0.032992
-0.0314691
-0.0295973
-0.0274917
-0.0252677
-0.0230347
-0.0208916
-0.0189236
-0.0172003
-0.0157763
-0.0146916
-0.0139729
-0.0136356
-0.0136851
-0.0141187
-0.0149263
-0.0160922
-0.0175955
-0.0194112
-0.0215108
-0.0238631
-0.0264345
-0.0291899
-0.0320929
-0.0351066
-0.0381941
-0.0413188
-0.044445
-0.0475383
-0.0505659
-0.0534969
-0.0563025
-0.058956
-0.0614334
-0.0637128
-0.065775
-0.0676032
-0.0691827
-0.0705013
-0.0715488
-0.072317
-0.0727995
-0.0729914
-0.0728896
-0.0724917
-0.0717967
-0.0708041
-0.0695137
-0.0679253
-0.0660383
-0.0638512
-0.061361
-0.0585622
-0.0554467
-0.0520023
-0.0482119
-0.0440524
-0.0394932
-0.0344951
-0.0290094
-0.0229762
-0.016325
-0.00897509
-0.000838941
0.00817164
0.0181342
0.029098
0.0410581
0.0539208
0.0674598
0.0812534
0.0945898
0.106397
0.115173
0.119061
0.116703
-0.0345679
-0.0360613
-0.0362038
-0.0353765
-0.0339248
-0.0319938
-0.0297162
-0.0272283
-0.0246577
-0.0221195
-0.0197138
-0.0175243
-0.0156176
-0.0140441
-0.0128397
-0.0120268
-0.011617
-0.0116123
-0.0120066
-0.0127875
-0.013937
-0.0154323
-0.0172469
-0.0193513
-0.0217133
-0.0242987
-0.0270717
-0.0299959
-0.033034
-0.0361491
-0.0393043
-0.0424641
-0.0455939
-0.0486607
-0.0516335
-0.0544831
-0.0571828
-0.0597082
-0.062037
-0.0641497
-0.0660289
-0.0676596
-0.069029
-0.0701263
-0.0709427
-0.0714713
-0.0717064
-0.0716439
-0.0712807
-0.0706145
-0.0696435
-0.0683661
-0.0667802
-0.064883
-0.0626703
-0.0601361
-0.0572711
-0.0540628
-0.0504934
-0.0465396
-0.0421703
-0.037346
-0.0320165
-0.0261197
-0.0195806
-0.0123102
-0.00420641
0.0048434
0.0149559
0.0262405
0.0387802
0.0526033
0.0676431
0.083687
0.100307
0.116753
0.131843
0.143709
0.149807
0.148641
-0.0367569
-0.0386648
-0.038589
-0.037259
-0.0352518
-0.0327768
-0.0299945
-0.0270571
-0.0240983
-0.0212331
-0.0185578
-0.0161502
-0.0140704
-0.012362
-0.0110545
-0.0101649
-0.00969977
-0.00965693
-0.010027
-0.0107946
-0.0119393
-0.0134367
-0.0152588
-0.0173749
-0.019752
-0.0223553
-0.0251488
-0.0280957
-0.0311586
-0.0343005
-0.0374846
-0.0406753
-0.0438381
-0.0469398
-0.0499495
-0.0528378
-0.0555779
-0.058145
-0.0605169
-0.0626735
-0.0645971
-0.0662723
-0.067686
-0.0688268
-0.0696854
-0.0702542
-0.0705269
-0.0704987
-0.0701654
-0.0695236
-0.0685704
-0.0673025
-0.065716
-0.0638059
-0.0615654
-0.0589852
-0.0560524
-0.0527495
-0.0490534
-0.0449339
-0.0403521
-0.0352585
-0.0295914
-0.0232746
-0.0162162
-0.00830693
0.000579871
0.0105861
0.0218635
0.0345631
0.0488161
0.0647039
0.0822148
0.101185
0.121219
0.14158
0.161024
0.177445
0.187282
0.18875
-0.0405663
-0.0427923
-0.0421279
-0.039934
-0.0371067
-0.0339014
-0.0304872
-0.0270184
-0.0236231
-0.0204069
-0.0174547
-0.0148331
-0.0125911
-0.0107625
-0.00936855
-0.00841887
-0.00791424
-0.00784778
-0.00820633
-0.00897151
-0.0101206
-0.0116274
-0.0134626
-0.0155945
-0.0179894
-0.0206121
-0.0234262
-0.0263947
-0.0294803
-0.0326461
-0.0358553
-0.0390723
-0.0422627
-0.0453936
-0.0484338
-0.0513542
-0.0541276
-0.0567294
-0.059137
-0.0613301
-0.0632909
-0.0650036
-0.0664546
-0.0676323
-0.0685268
-0.06913
-0.0694349
-0.0694359
-0.0691281
-0.068507
-0.0675683
-0.0663072
-0.0647182
-0.0627941
-0.0605252
-0.0578992
-0.0548995
-0.0515039
-0.0476838
-0.0434021
-0.038612
-0.0332542
-0.0272551
-0.0205242
-0.0129522
-0.00440817
0.00526074
0.0162293
0.0286905
0.0428467
0.0588935
0.0769912
0.0972201
0.119517
0.143586
0.168785
0.193964
0.216905
0.233052
0.239737
-0.0473719
-0.0493799
-0.0472861
-0.0436091
-0.0395729
-0.0353861
-0.0311804
-0.0270852
-0.0232037
-0.0196167
-0.0163873
-0.0135625
-0.0111754
-0.00924632
-0.00778548
-0.00679422
-0.00626664
-0.00619077
-0.00654957
-0.00732174
-0.00848243
-0.0100038
-0.0118554
-0.0140048
-0.0164177
-0.0190587
-0.0218912
-0.0248784
-0.027983
-0.031168
-0.0343972
-0.0376349
-0.0408469
-0.0440005
-0.0470646
-0.0500102
-0.0528101
-0.0554395
-0.0578759
-0.0600989
-0.0620903
-0.0638342
-0.0653167
-0.0665258
-0.0674512
-0.0680841
-0.0684172
-0.068444
-0.0681587
-0.0675561
-0.0666305
-0.0653757
-0.0637846
-0.0618477
-0.0595526
-0.0568847
-0.0538232
-0.0503419
-0.0464067
-0.0419743
-0.0369902
-0.0313858
-0.0250763
-0.0179576
-0.00990333
-0.000761691
0.00964692
0.0215315
0.0351301
0.050705
0.0685326
0.0888812
0.111973
0.137921
0.166632
0.19769
0.230233
0.262161
0.288382
0.304729
-0.0599859
-0.059888
-0.0545097
-0.0483246
-0.0425164
-0.0370184
-0.0318386
-0.0270322
-0.0226413
-0.0186964
-0.0152214
-0.012233
-0.0097413
-0.00774973
-0.00625584
-0.00525177
-0.00472497
-0.00465866
-0.0050324
-0.00582253
-0.00700257
-0.00854356
-0.0104144
-0.0125823
-0.0150128
-0.0176704
-0.0205187
-0.0235211
-0.0266406
-0.0298405
-0.0330847
-0.036338
-0.0395664
-0.0427373
-0.04582
-0.0487854
-0.0516065
-0.0542586
-0.056719
-0.0589673
-0.060985
-0.0627562
-0.0642665
-0.0655038
-0.0664572
-0.0671177
-0.0674771
-0.0675286
-0.0672654
-0.0666813
-0.0657699
-0.0645238
-0.0629337
-0.0609882
-0.0586739
-0.0559723
-0.0528597
-0.0493061
-0.0452729
-0.0407114
-0.0355602
-0.0297427
-0.0231646
-0.0157096
-0.00723661
0.00242488
0.0134787
0.0261663
0.0407699
0.0576154
0.077071
0.0995411
0.125447
0.155187
0.189049
0.227085
0.268961
0.31312
0.354598
0.389711
-0.0849174
-0.0761009
-0.0637245
-0.0534641
-0.0451017
-0.0379413
-0.0316957
-0.026223
-0.0214278
-0.0172488
-0.0136493
-0.0106063
-0.00810335
-0.00612645
-0.00466179
-0.00369425
-0.00320661
-0.00317925
-0.00359006
-0.00441447
-0.00562557
-0.00719436
-0.00908989
-0.0112796
-0.0137294
-0.0164042
-0.0192683
-0.0222851
-0.0254184
-0.0286318
-0.0318897
-0.0351571
-0.0384005
-0.0415875
-0.0446875
-0.0476717
-0.0505131
-0.053187
-0.0556706
-0.0579436
-0.0599874
-0.0617856
-0.0633239
-0.0645895
-0.0655716
-0.0662605
-0.0666477
-0.0667257
-0.0664871
-0.0659246
-0.0650307
-0.0637984
-0.0622158
-0.060271
-0.0579484
-0.0552269
-0.0520806
-0.0484766
-0.044373
-0.0397165
-0.0344409
-0.0284638
-0.0216832
-0.0139742
-0.00518455
0.00487043
0.0164133
0.029711
0.045083
0.0629109
0.0836503
0.107849
0.136164
0.169391
0.208459
0.254385
0.308061
0.369506
0.436222
0.511144
-0.14069
-0.0969651
-0.0696786
-0.0540687
-0.0432839
-0.0349736
-0.0283331
-0.0228593
-0.018224
-0.014257
-0.0108781
-0.0080451
-0.00573246
-0.00392315
-0.00260362
-0.00176057
-0.00137918
-0.00144231
-0.00193018
-0.00282038
-0.0040879
-0.00570539
-0.00764335
-0.00987044
-0.0123537
-0.0150591
-0.0179515
-0.0209952
-0.0241546
-0.0273938
-0.0306775
-0.0339714
-0.0372421
-0.0404574
-0.0435868
-0.0466017
-0.0494751
-0.0521822
-0.0547003
-0.0570088
-0.0590889
-0.0609243
-0.0625001
-0.0638035
-0.0648233
-0.0655494
-0.0659732
-0.0660866
-0.0658822
-0.0653522
-0.0644851
-0.0632774
-0.0617171
-0.0597894
-0.0574772
-0.0547589
-0.0516075
-0.0479882
-0.0438571
-0.0391589
-0.0338248
-0.027769
-0.0208862
-0.0130467
-0.00409273
0.00616757
0.0179666
0.0315854
0.0473649
0.065721
0.0871679
0.112356
0.142138
0.177687
0.22069
0.273721
0.340594
0.426938
0.540464
0.693749
-0.273962
-0.112931
-0.0547708
-0.0383868
-0.029758
-0.0232024
-0.018324
-0.0145177
-0.0112732
-0.00839954
-0.00587026
-0.00369921
-0.00190423
-0.000501701
0.000495797
0.00108142
0.0012547
0.00102119
0.000391818
-0.000617721
-0.00198764
-0.00369458
-0.0057122
-0.0080116
-0.0105618
-0.0133301
-0.0162828
-0.0193852
-0.022602
-0.0258983
-0.0292392
-0.0325904
-0.0359188
-0.0391924
-0.0423808
-0.045455
-0.0483883
-0.0511555
-0.0537339
-0.0561025
-0.0582426
-0.0601373
-0.0617719
-0.0631332
-0.0642096
-0.0649911
-0.0654685
-0.0656336
-0.0654786
-0.064997
-0.0641839
-0.0630206
-0.0615008
-0.0596121
-0.0573369
-0.0546536
-0.0515346
-0.0479453
-0.0438419
-0.0391691
-0.0338583
-0.0278242
-0.0209615
-0.0131415
-0.00420663
0.00603425
0.0178133
0.0314121
0.0471739
0.0655212
0.0869827
0.112242
0.142218
0.178249
0.222429
0.278555
0.354023
0.465402
0.641942
0.923603
)
;

boundaryField
{
    movingWall
    {
        type            zeroGradient;
    }
    fixedWalls
    {
        type            zeroGradient;
    }
    frontAndBack
    {
        type            empty;
    }
}


// ************************************************************************* //
