/*--------------------------------*- C++ -*----------------------------------*\
  =========                 |
  \\      /  F ield         | OpenFOAM: The Open Source CFD Toolbox
   \\    /   O peration     | Website:  https://openfoam.org
    \\  /    A nd           | Version:  7
     \\/     M anipulation  |
\*---------------------------------------------------------------------------*/
FoamFile
{
    version     2.0;
    format      ascii;
    class       volScalarField;
    location    "3.15";
    object      p;
}
// * * * * * * * * * * * * * * * * * * * * * * * * * * * * * * * * * * * * * //

dimensions      [0 2 -2 0 0 0 0];

internalField   nonuniform List<scalar> 
6400
(
2.02048e-07
1.53685e-05
5.1923e-06
-3.38847e-05
-9.96722e-05
-0.000188842
-0.000297715
-0.000422921
-0.000561716
-0.00071202
-0.000872326
-0.00104157
-0.00121898
-0.00140396
-0.00159595
-0.00179437
-0.00199845
-0.00220729
-0.00241967
-0.00263415
-0.00284894
-0.00306195
-0.00327077
-0.0034727
-0.00366475
-0.0038437
-0.00400614
-0.00414855
-0.00426735
-0.00435904
-0.00442029
-0.00444806
-0.00443973
-0.00439326
-0.0043073
-0.00418133
-0.00401581
-0.00381224
-0.00357326
-0.0033027
-0.00300559
-0.00268789
-0.002357
-0.00202094
-0.00168849
-0.00136891
-0.00107162
-0.000805909
-0.000580597
-0.000403673
-0.00028199
-0.000220958
-0.000224307
-0.000293903
-0.000429645
-0.000629458
-0.000889362
-0.00120364
-0.00156519
-0.00196547
-0.00239539
-0.00284528
-0.00330543
-0.00376639
-0.00421931
-0.00465617
-0.00506994
-0.00545466
-0.0058055
-0.00611863
-0.00639115
-0.00662092
-0.00680643
-0.0069467
-0.00704137
-0.00709108
-0.00709849
-0.00707024
-0.00701927
-0.00696462
-1.47901e-05
1.7184e-07
-1.17892e-05
-4.93138e-05
-0.000109255
-0.000189454
-0.000287426
-0.000400681
-0.000527063
-0.000664841
-0.000812685
-0.000969591
-0.00113479
-0.00130765
-0.00148757
-0.00167393
-0.001866
-0.00206288
-0.00226348
-0.00246645
-0.00267015
-0.00287271
-0.00307191
-0.00326532
-0.0034502
-0.00362361
-0.00378242
-0.00392337
-0.00404317
-0.00413854
-0.00420637
-0.00424378
-0.00424826
-0.00421783
-0.00415113
-0.00404756
-0.00390742
-0.00373199
-0.00352358
-0.00328565
-0.00302275
-0.00274039
-0.00244526
-0.00214482
-0.0018472
-0.00156099
-0.00129495
-0.00105771
-0.000857489
-0.000701716
-0.000596766
-0.000547665
-0.00055786
-0.000629056
-0.000761118
-0.000952072
-0.00119817
-0.00149407
-0.00183305
-0.00220735
-0.00260838
-0.00302726
-0.00345502
-0.003883
-0.00430309
-0.00470797
-0.00509126
-0.00544759
-0.00577263
-0.00606304
-0.00631634
-0.00653086
-0.00670559
-0.00684014
-0.0069348
-0.00699078
-0.00701089
-0.00700038
-0.00696457
-0.00690986
-4.08638e-06
1.17942e-05
-9.12898e-07
-3.78827e-05
-9.48704e-05
-0.000169978
-0.000261205
-0.000366537
-0.000484214
-0.000612809
-0.000751202
-0.00089853
-0.00105412
-0.00121741
-0.00138787
-0.00156493
-0.00174793
-0.00193608
-0.00212837
-0.00232359
-0.00252026
-0.00271667
-0.00291079
-0.00310035
-0.00328282
-0.00345543
-0.00361522
-0.00375908
-0.00388382
-0.00398628
-0.00406336
-0.00411219
-0.00413024
-0.00411542
-0.00406623
-0.00398189
-0.00386247
-0.00370898
-0.00352344
-0.00330896
-0.00306967
-0.002811
-0.00253907
-0.00226104
-0.0019847
-0.00171833
-0.00147041
-0.00124932
-0.00106303
-0.000918803
-0.000822853
-0.00078009
-0.000793881
-0.000865891
-0.000995983
-0.00118222
-0.00142092
-0.00170688
-0.00203352
-0.00239326
-0.00277787
-0.00317865
-0.00358704
-0.00399473
-0.00439403
-0.00477805
-0.00514085
-0.00547753
-0.00578419
-0.00605794
-0.00629676
-0.00649941
-0.00666529
-0.0067944
-0.00688723
-0.00694485
-0.00696953
-0.00696465
-0.00692891
-0.00685907
3.71614e-05
4.95994e-05
3.41434e-05
-4.06104e-06
-6.04486e-05
-0.00013311
-0.000220282
-0.000320228
-0.000431516
-0.000553013
-0.000683845
-0.000823352
-0.00097103
-0.00112646
-0.00128925
-0.00145896
-0.00163507
-0.00181691
-0.00200363
-0.00219415
-0.00238717
-0.00258111
-0.00277412
-0.00296407
-0.00314855
-0.0033249
-0.00349025
-0.00364152
-0.00377553
-0.00388906
-0.00397894
-0.00404216
-0.00407599
-0.00407815
-0.00404687
-0.00398111
-0.00388064
-0.00374616
-0.00357942
-0.00338323
-0.00316145
-0.00291923
-0.00266256
-0.0023984
-0.00213445
-0.00187888
-0.00164015
-0.00142664
-0.00124635
-0.00110661
-0.0010137
-0.000972612
-0.000986787
-0.00105795
-0.00118602
-0.00136907
-0.00160345
-0.0018839
-0.00220386
-0.00255572
-0.0029312
-0.0033217
-0.00371865
-0.00411389
-0.00449989
-0.00486999
-0.00521854
-0.00554098
-0.00583381
-0.00609456
-0.00632166
-0.00651428
-0.00667221
-0.00679569
-0.00688525
-0.00694164
-0.00696633
-0.00696109
-0.00691963
-0.00683218
0.000107954
0.000111147
8.97021e-05
4.81343e-05
-9.56298e-06
-8.15494e-05
-0.000166261
-0.000262291
-0.000368534
-0.000484169
-0.000608611
-0.000741452
-0.000882414
-0.00103128
-0.00118785
-0.00135186
-0.00152298
-0.00170071
-0.00188437
-0.00207308
-0.00226568
-0.00246077
-0.00265663
-0.00285125
-0.00304231
-0.00322718
-0.003403
-0.00356663
-0.0037148
-0.00384413
-0.00395124
-0.00403287
-0.00408601
-0.00410803
-0.00409685
-0.00405108
-0.00397012
-0.00385435
-0.00370521
-0.00352527
-0.00331813
-0.00308877
-0.00284306
-0.0025879
-0.00233098
-0.00208055
-0.00184515
-0.00163333
-0.00145328
-0.00131253
-0.0012176
-0.0011737
-0.00118446
-0.00125179
-0.00137571
-0.00155439
-0.00178417
-0.00205977
-0.00237454
-0.00272074
-0.00308996
-0.00347347
-0.00386262
-0.00424917
-0.0046256
-0.00498534
-0.00532292
-0.00563401
-0.00591546
-0.00616517
-0.00638198
-0.00656548
-0.00671582
-0.00683349
-0.00691907
-0.00697305
-0.00699631
-0.00698942
-0.00694289
-0.00684299
0.000205641
0.000194537
0.000163977
0.000116941
5.61388e-05
-1.67939e-05
-0.000100541
-0.000194071
-0.000296648
-0.000407802
-0.000527267
-0.000654938
-0.000790806
-0.000934911
-0.00108729
-0.00124791
-0.00141666
-0.00159325
-0.00177723
-0.00196788
-0.00216424
-0.00236505
-0.00256871
-0.00277328
-0.00297646
-0.00317561
-0.00336775
-0.00354961
-0.0037177
-0.00386836
-0.0039979
-0.00410269
-0.00417932
-0.00422476
-0.0042365
-0.00421273
-0.00415248
-0.00405575
-0.00392369
-0.00375866
-0.00356397
-0.00334451
-0.00310608
-0.00285558
-0.00260079
-0.00235011
-0.00211229
-0.00189615
-0.0017102
-0.00156231
-0.00145936
-0.00140693
-0.00140899
-0.00146774
-0.00158345
-0.00175443
-0.00197712
-0.00224623
-0.00255502
-0.00289561
-0.00325937
-0.00363737
-0.00402071
-0.00440096
-0.00477048
-0.00512264
-0.00545198
-0.00575433
-0.00602674
-0.00626743
-0.00647559
-0.00665117
-0.00679469
-0.0069069
-0.0069885
-0.00703987
-0.00706151
-0.00705329
-0.00700408
-0.00689829
0.000326422
0.000296793
0.000254524
0.000200148
0.000134581
5.92445e-05
-2.49137e-05
-0.00011732
-0.000217669
-0.00032588
-0.000442055
-0.000566424
-0.000699295
-0.000841005
-0.000991869
-0.00115214
-0.00132194
-0.00150125
-0.00168983
-0.00188718
-0.00209251
-0.00230467
-0.00252216
-0.00274305
-0.002965
-0.00318524
-0.0034006
-0.00360756
-0.00380228
-0.00398073
-0.00413876
-0.00427229
-0.00437742
-0.00445061
-0.00448888
-0.00448995
-0.00445241
-0.00437587
-0.00426121
-0.00411073
-0.00392691
-0.00371504
-0.00348079
-0.00323109
-0.00297382
-0.00271761
-0.00247148
-0.00224462
-0.00204595
-0.00188381
-0.0017656
-0.00169739
-0.00168366
-0.00172706
-0.00182826
-0.00198587
-0.00219653
-0.00245505
-0.00275467
-0.00308737
-0.00344433
-0.00381631
-0.00419413
-0.00456905
-0.00493315
-0.00527961
-0.00560285
-0.00589869
-0.00616429
-0.00639803
-0.00659939
-0.00676863
-0.00690658
-0.00701427
-0.00709256
-0.0071419
-0.00716263
-0.00715431
-0.00710535
-0.00699987
0.000465704
0.000414195
0.000357933
0.000294611
0.000222988
0.000144026
5.82315e-05
-3.43624e-05
-0.00013395
-0.0002409
-0.000355719
-0.000479016
-0.000611451
-0.000753696
-0.000906386
-0.00107007
-0.00124518
-0.00143196
-0.00163039
-0.00184021
-0.00206076
-0.002291
-0.00252946
-0.00277415
-0.0030226
-0.00327184
-0.00351838
-0.00375833
-0.00398741
-0.00420107
-0.00439465
-0.00456348
-0.0047031
-0.00480939
-0.00487884
-0.00490863
-0.0048969
-0.00484285
-0.00474713
-0.00461225
-0.0044382
-0.00423242
-0.00400002
-0.00374783
-0.00348388
-0.00321698
-0.00295651
-0.00271207
-0.00249311
-0.00230854
-0.00216639
-0.00207342
-0.00203479
-0.00205381
-0.00213172
-0.00226767
-0.00245866
-0.00269977
-0.00298432
-0.00330428
-0.00365063
-0.00401388
-0.00438448
-0.00475332
-0.00511208
-0.0054536
-0.00577205
-0.00606308
-0.00632378
-0.00655259
-0.00674914
-0.0069139
-0.00704796
-0.00715261
-0.00722893
-0.0072775
-0.00729872
-0.00729207
-0.00724639
-0.00714655
0.000618419
0.000542252
0.000470185
0.0003967
0.00031796
0.00023435
0.000145813
5.1742e-05
-4.86348e-05
-0.000156191
-0.000271889
-0.000396751
-0.000531826
-0.000678151
-0.000836711
-0.00100839
-0.00119394
-0.00139387
-0.00160843
-0.00183754
-0.00208067
-0.00233685
-0.00260454
-0.00288165
-0.00316547
-0.0034527
-0.00373947
-0.00402138
-0.0042936
-0.00455098
-0.00478821
-0.005
-0.0051812
-0.0053271
-0.00543353
-0.00549714
-0.00551554
-0.00548749
-0.00541286
-0.0052925
-0.00513132
-0.0049317
-0.00469968
-0.00444234
-0.00416782
-0.00388517
-0.00360412
-0.00333471
-0.00308699
-0.00287057
-0.00269426
-0.00256567
-0.00249086
-0.00247401
-0.00251723
-0.00262041
-0.0027812
-0.00299514
-0.00325586
-0.00355544
-0.0038848
-0.00423421
-0.00459378
-0.00495393
-0.0053059
-0.00564203
-0.00595609
-0.00624337
-0.00650074
-0.00672653
-0.00692034
-0.00708275
-0.00721499
-0.00731857
-0.00739478
-0.0074444
-0.00746796
-0.00746504
-0.00742546
-0.00733553
0.000778939
0.000675851
0.000586595
0.000502033
0.00041537
0.000326259
0.000233951
0.000137084
3.42338e-05
-7.60383e-05
-0.000195194
-0.000324708
-0.000466047
-0.000620644
-0.000789862
-0.000974944
-0.00117696
-0.00139672
-0.00163472
-0.00189102
-0.00216521
-0.00245629
-0.00276262
-0.00308188
-0.00341105
-0.00374639
-0.00408352
-0.00441745
-0.00474269
-0.0050534
-0.00534355
-0.00560711
-0.00583824
-0.00603148
-0.00618203
-0.00628587
-0.00634005
-0.00634281
-0.0062935
-0.00619267
-0.0060441
-0.0058508
-0.00561841
-0.00535385
-0.00506529
-0.00476196
-0.00445391
-0.00415166
-0.0038659
-0.00360703
-0.0033848
-0.00320785
-0.00308336
-0.00301668
-0.00301104
-0.00306742
-0.0031844
-0.00335831
-0.00358334
-0.00385192
-0.00415506
-0.00448292
-0.00482528
-0.00517214
-0.00551415
-0.00584307
-0.00615207
-0.00643593
-0.00669107
-0.00691552
-0.00710866
-0.00727102
-0.00740385
-0.00750872
-0.00758712
-0.00764002
-0.00766807
-0.00767103
-0.00764003
-0.00756322
0.000941075
0.000809243
0.000701778
0.000605505
0.00051032
0.000414977
0.000317892
0.000216836
0.00010965
-5.72552e-06
-0.000131296
-0.000269022
-0.00042082
-0.000588544
-0.000773955
-0.000978672
-0.0012041
-0.00145133
-0.00172107
-0.00201353
-0.00232831
-0.00266434
-0.00301978
-0.00339202
-0.00377758
-0.00417222
-0.00457093
-0.00496802
-0.00535727
-0.00573207
-0.00608559
-0.00641098
-0.00670163
-0.00695131
-0.00715446
-0.00730635
-0.00740335
-0.00744302
-0.0074242
-0.007347
-0.00721429
-0.00702903
-0.00679652
-0.00652346
-0.00621796
-0.00588935
-0.00554795
-0.00520475
-0.00487109
-0.00455824
-0.004277
-0.00403725
-0.00384752
-0.00371461
-0.00364324
-0.0036358
-0.00369222
-0.00380996
-0.00398415
-0.00420784
-0.00447244
-0.00476813
-0.00508452
-0.00541114
-0.00573805
-0.0060563
-0.00635831
-0.00663812
-0.0068915
-0.00711593
-0.00731037
-0.00747503
-0.00761102
-0.00771985
-0.00780306
-0.00786172
-0.0078966
-0.0079076
-0.0078873
-0.00782588
0.00109791
0.000936011
0.000809654
0.000701279
0.000597132
0.000494892
0.000391993
0.000285231
0.000171629
4.84523e-05
-8.68882e-05
-0.000236873
-0.000403895
-0.000590254
-0.000798128
-0.00102952
-0.00128615
-0.00156941
-0.00188016
-0.0022187
-0.0025846
-0.00297663
-0.00339266
-0.00382967
-0.00428368
-0.0047498
-0.00522231
-0.00569475
-0.00616008
-0.00661083
-0.00703931
-0.00743781
-0.00779884
-0.00811533
-0.0083809
-0.00859001
-0.00873824
-0.00882238
-0.00884061
-0.00879258
-0.00867996
-0.00850563
-0.00827436
-0.00799252
-0.00766802
-0.00731018
-0.00692949
-0.00653737
-0.00614579
-0.00576693
-0.00541273
-0.00509447
-0.00482226
-0.00460464
-0.00444816
-0.00435706
-0.00433302
-0.00437513
-0.00447987
-0.00464136
-0.00485168
-0.00510138
-0.00538003
-0.00567681
-0.00598118
-0.00628337
-0.00657489
-0.00684883
-0.00710007
-0.00732522
-0.00752259
-0.00769182
-0.00783361
-0.00794923
-0.00804006
-0.00810717
-0.00815132
-0.00817246
-0.00816465
-0.0081201
0.00124201
0.0010491
0.000903474
0.000782803
0.000669362
0.00055957
0.00044974
0.000335585
0.000213237
7.92321e-05
-6.96404e-05
-0.000236413
-0.000423979
-0.000635106
-0.000872399
-0.00113824
-0.00143468
-0.00176334
-0.00212522
-0.00252063
-0.00294905
-0.003409
-0.00389797
-0.00441244
-0.0049478
-0.00549845
-0.00605788
-0.00661878
-0.00717321
-0.00771276
-0.00822883
-0.00871275
-0.00915611
-0.00955092
-0.00988987
-0.0101665
-0.0103756
-0.010513
-0.010576
-0.0105637
-0.0104768
-0.0103175
-0.0100901
-0.00980032
-0.00945586
-0.00906586
-0.00864085
-0.00819255
-0.0077335
-0.00727676
-0.00683547
-0.00642239
-0.00604941
-0.00572707
-0.00546412
-0.00526706
-0.00513983
-0.00508364
-0.00509687
-0.00517522
-0.00531194
-0.0054983
-0.00572412
-0.00597843
-0.00625011
-0.00652854
-0.00680418
-0.00706894
-0.00731649
-0.00754234
-0.00774376
-0.00791954
-0.00806966
-0.00819488
-0.00829622
-0.00837453
-0.00843042
-0.00846376
-0.00846995
-0.00844315
0.00136526
0.00114088
0.000975871
0.000842861
0.000719853
0.000601819
0.000483817
0.000360379
0.000226683
7.84867e-05
-8.80789e-05
-0.000276626
-0.000490575
-0.000733173
-0.00100746
-0.0013162
-0.00166173
-0.00204587
-0.00246972
-0.00293353
-0.00343658
-0.00397707
-0.00455202
-0.00515731
-0.00578762
-0.00643656
-0.00709673
-0.0077599
-0.00841714
-0.00905909
-0.0096761
-0.0102585
-0.0107969
-0.0112823
-0.0117064
-0.0120617
-0.0123421
-0.0125423
-0.012659
-0.0126901
-0.0126353
-0.0124964
-0.0122765
-0.0119811
-0.0116172
-0.0111935
-0.0107205
-0.0102101
-0.00967529
-0.00912984
-0.00858804
-0.00806418
-0.00757203
-0.00712436
-0.0067324
-0.00640533
-0.00614986
-0.00596989
-0.00586635
-0.0058371
-0.00587718
-0.00597911
-0.00613338
-0.00632915
-0.00655489
-0.00679916
-0.00705123
-0.00730161
-0.00754251
-0.00776793
-0.00797376
-0.00815757
-0.00831828
-0.00845578
-0.00857047
-0.00866274
-0.0087328
-0.00878031
-0.0088018
-0.00879322
0.00145905
0.00120318
0.00101895
0.000873672
0.000740834
0.000613789
0.000486216
0.000351386
0.000203461
3.73815e-05
-0.000151413
-0.000367142
-0.000613771
-0.000895039
-0.00121442
-0.00157504
-0.0019795
-0.00242977
-0.00292697
-0.00347123
-0.00406155
-0.0046957
-0.00537015
-0.00608008
-0.00681938
-0.00758077
-0.00835589
-0.00913551
-0.00990966
-0.0106679
-0.0113995
-0.0120938
-0.0127402
-0.0133287
-0.0138499
-0.0142954
-0.0146577
-0.0149309
-0.0151103
-0.0151931
-0.0151779
-0.0150655
-0.0148583
-0.0145608
-0.0141793
-0.0137223
-0.0131997
-0.0126234
-0.0120065
-0.0113635
-0.0107096
-0.0100605
-0.00943188
-0.00883886
-0.00829534
-0.00781354
-0.00740341
-0.00707216
-0.00682387
-0.00665939
-0.00657622
-0.00656882
-0.00662897
-0.00674639
-0.00690945
-0.007106
-0.00732407
-0.00755263
-0.00778207
-0.00800454
-0.00821413
-0.00840672
-0.00857977
-0.00873196
-0.00886266
-0.00897153
-0.00905815
-0.00912169
-0.00915971
-0.00916957
0.00151434
0.00122745
0.0010244
0.000867009
0.000724055
0.000587122
0.000448405
0.000299843
0.00013454
-5.34181e-05
-0.000269311
-0.000517986
-0.000803969
-0.0011315
-0.00150448
-0.00192636
-0.00239998
-0.0029274
-0.00350968
-0.00414676
-0.00483726
-0.00557843
-0.00636609
-0.00719462
-0.00805704
-0.00894508
-0.00984936
-0.0107595
-0.0116646
-0.0125528
-0.0134124
-0.0142316
-0.0149986
-0.0157023
-0.0163322
-0.0168787
-0.0173334
-0.0176893
-0.0179406
-0.0180835
-0.0181155
-0.0180365
-0.017848
-0.0175533
-0.0171582
-0.0166701
-0.0160986
-0.0154552
-0.0147528
-0.0140063
-0.0132317
-0.0124458
-0.0116661
-0.0109097
-0.0101936
-0.00953316
-0.00894192
-0.00843097
-0.00800829
-0.00767844
-0.00744229
-0.00729707
-0.00723664
-0.00725195
-0.00733176
-0.00746346
-0.00763396
-0.00783052
-0.00804147
-0.00825672
-0.00846806
-0.00866922
-0.00885572
-0.00902452
-0.00917361
-0.00930154
-0.00940699
-0.00948844
-0.00954404
-0.0095726
0.00152189
0.00120492
0.000983682
0.00081437
0.000660964
0.000513139
0.000361524
0.000196673
1.05968e-05
-0.000203496
-0.000451626
-0.000739288
-0.00107158
-0.00145323
-0.00188856
-0.00238133
-0.00293454
-0.00355029
-0.0042295
-0.00497182
-0.00577539
-0.00663687
-0.00755129
-0.00851217
-0.00951152
-0.01054
-0.0115871
-0.0126414
-0.0136904
-0.0147215
-0.0157216
-0.0166775
-0.0175765
-0.0184062
-0.0191551
-0.0198125
-0.0203689
-0.0208162
-0.0211478
-0.0213587
-0.0214455
-0.0214071
-0.0212437
-0.0209581
-0.0205546
-0.02004
-0.019423
-0.0187143
-0.0179266
-0.0170747
-0.0161748
-0.0152447
-0.0143031
-0.0133693
-0.0124627
-0.0116022
-0.0108052
-0.0100868
-0.00945982
-0.00893316
-0.00851205
-0.00819751
-0.00798645
-0.00787196
-0.00784389
-0.00788972
-0.00799546
-0.00814669
-0.00832946
-0.00853105
-0.00874048
-0.00894876
-0.0091489
-0.00933563
-0.00950508
-0.00965428
-0.00978069
-0.00988181
-0.00995618
-0.0100038
0.00147238
0.00112677
0.000888171
0.000707176
0.000542913
0.000383061
0.000216619
3.27267e-05
-0.000177718
-0.000422401
-0.000708101
-0.00104097
-0.00142667
-0.00187044
-0.00237697
-0.00295027
-0.00359349
-0.00430866
-0.0050965
-0.00595623
-0.00688545
-0.00788007
-0.00893427
-0.0100406
-0.0111898
-0.0123716
-0.0135742
-0.0147846
-0.0159895
-0.0171746
-0.0183258
-0.0194285
-0.0204689
-0.0214335
-0.0223097
-0.0230857
-0.0237512
-0.0242971
-0.0247159
-0.0250016
-0.02515
-0.0251588
-0.0250275
-0.0247575
-0.0243525
-0.0238178
-0.0231612
-0.0223925
-0.0215237
-0.0205689
-0.0195442
-0.0184676
-0.0173588
-0.0162388
-0.0151291
-0.0140517
-0.0130278
-0.0120772
-0.0112174
-0.0104629
-0.00982396
-0.00930661
-0.00891195
-0.00863636
-0.00847181
-0.00840664
-0.0084265
-0.00851547
-0.00865726
-0.00883618
-0.00903799
-0.00925039
-0.00946323
-0.00966842
-0.00985967
-0.0100321
-0.0101814
-0.0103039
-0.0103983
-0.0104657
0.00135668
0.000984332
0.000729415
0.000536987
0.000361394
0.000188254
4.90556e-06
-0.000200935
-0.000439489
-0.000719345
-0.00104804
-0.00143239
-0.00187864
-0.00239247
-0.00297894
-0.00364228
-0.00438567
-0.00521101
-0.0061187
-0.00710746
-0.0081742
-0.00931397
-0.01052
-0.0117836
-0.0130945
-0.0144409
-0.0158096
-0.0171866
-0.0185569
-0.019905
-0.0212153
-0.0224723
-0.0236608
-0.0247663
-0.0257752
-0.026675
-0.0274544
-0.0281036
-0.0286142
-0.0289797
-0.0291951
-0.029257
-0.0291641
-0.0289169
-0.0285178
-0.0279711
-0.0272833
-0.026463
-0.0255211
-0.0244706
-0.0233269
-0.0221078
-0.0208332
-0.0195248
-0.0182061
-0.0169013
-0.0156354
-0.0144326
-0.0133156
-0.0123045
-0.011416
-0.0106619
-0.0100489
-0.00957809
-0.00924487
-0.00903954
-0.00894825
-0.00895409
-0.00903854
-0.00918278
-0.00936883
-0.00958046
-0.00980369
-0.0100269
-0.0102408
-0.0104379
-0.0106119
-0.0107576
-0.0108735
-0.0109615
0.0011661
0.000769376
0.000499349
0.000295749
0.000108286
-7.95067e-05
-0.000281956
-0.000512755
-0.000783233
-0.00110288
-0.00147999
-0.00192204
-0.00243581
-0.00302746
-0.00370232
-0.00446479
-0.005318
-0.00626363
-0.00730164
-0.00843012
-0.00964517
-0.0109409
-0.0123092
-0.0137404
-0.0152227
-0.0167429
-0.0182864
-0.0198376
-0.0213801
-0.022897
-0.0243715
-0.0257868
-0.0271267
-0.0283758
-0.0295196
-0.030545
-0.03144
-0.0321942
-0.0327989
-0.0332469
-0.0335325
-0.0336519
-0.0336029
-0.0333851
-0.0329998
-0.0324501
-0.0317413
-0.0308804
-0.0298769
-0.0287424
-0.027491
-0.0261396
-0.0247074
-0.0232163
-0.0216904
-0.0201561
-0.0186409
-0.0171731
-0.0157804
-0.0144892
-0.0133225
-0.0122994
-0.0114334
-0.0107317
-0.0101949
-0.00981662
-0.00958485
-0.00948254
-0.00948941
-0.00958351
-0.00974281
-0.00994657
-0.0101762
-0.0104159
-0.0106524
-0.0108753
-0.0110756
-0.0112461
-0.011385
-0.0114952
0.000892625
0.000474309
0.000190549
-2.39562e-05
-0.000223884
-0.000427768
-0.000651579
-0.000910382
-0.00121659
-0.00158058
-0.00201139
-0.00251714
-0.00310514
-0.00378194
-0.00455315
-0.0054232
-0.00639513
-0.00747024
-0.00864796
-0.0099256
-0.0112983
-0.012759
-0.0142984
-0.0159053
-0.0175664
-0.0192669
-0.0209908
-0.0227208
-0.024439
-0.0261272
-0.0277672
-0.0293412
-0.0308321
-0.0322237
-0.0335009
-0.03465
-0.0356589
-0.0365169
-0.0372148
-0.0377452
-0.0381022
-0.0382815
-0.0382803
-0.0380975
-0.0377334
-0.03719
-0.0364712
-0.0355826
-0.0345318
-0.0333287
-0.0319857
-0.0305179
-0.0289433
-0.0272828
-0.0255605
-0.0238034
-0.0220409
-0.0203045
-0.0186263
-0.0170384
-0.015571
-0.0142508
-0.0130993
-0.0121315
-0.0113547
-0.010768
-0.0103628
-0.0101233
-0.0100283
-0.010053
-0.0101713
-0.0103575
-0.0105877
-0.0108408
-0.0110991
-0.0113483
-0.0115762
-0.0117732
-0.011937
-0.0120712
0.000529156
9.24343e-05
-0.000203536
-0.000428668
-0.000641686
-0.000863135
-0.00111058
-0.00140039
-0.00174604
-0.00215875
-0.00264829
-0.00322339
-0.00389185
-0.00466058
-0.00553536
-0.00652061
-0.0076191
-0.0088317
-0.0101571
-0.0115918
-0.0131296
-0.0147623
-0.0164792
-0.0182673
-0.0201118
-0.0219963
-0.0239028
-0.0258127
-0.0277064
-0.0295645
-0.0313676
-0.0330968
-0.0347344
-0.0362636
-0.037669
-0.0389366
-0.0400543
-0.0410113
-0.0417986
-0.0424087
-0.0428357
-0.043075
-0.0431237
-0.0429799
-0.0426434
-0.0421151
-0.0413975
-0.0404947
-0.0394125
-0.0381588
-0.0367439
-0.0351805
-0.0334845
-0.0316753
-0.0297755
-0.0278117
-0.025814
-0.0238156
-0.0218523
-0.0199611
-0.0181788
-0.0165401
-0.0150754
-0.0138088
-0.0127564
-0.0119246
-0.0113103
-0.0109009
-0.0106755
-0.0106077
-0.0106673
-0.0108232
-0.0110457
-0.0113076
-0.0115858
-0.0118612
-0.0121178
-0.0123428
-0.0125335
-0.012694
6.97664e-05
-0.00038183
-0.000688352
-0.000923808
-0.00115054
-0.00139102
-0.0016643
-0.00198803
-0.00237664
-0.00284216
-0.00339508
-0.00404468
-0.00479922
-0.00566588
-0.00665053
-0.00775748
-0.00898914
-0.0103458
-0.0118252
-0.0134228
-0.0151312
-0.0169406
-0.0188386
-0.0208107
-0.0228402
-0.0249087
-0.0269968
-0.029084
-0.0311494
-0.0331722
-0.035132
-0.0370093
-0.0387855
-0.0404438
-0.0419686
-0.0433462
-0.0445644
-0.0456129
-0.046483
-0.0471676
-0.0476607
-0.0479578
-0.0480564
-0.0479541
-0.04765
-0.0471443
-0.0464383
-0.0455345
-0.0444372
-0.043152
-0.0416867
-0.0400516
-0.03826
-0.0363283
-0.0342772
-0.0321314
-0.0299202
-0.0276773
-0.0254404
-0.0232503
-0.0211495
-0.0191803
-0.0173823
-0.0157897
-0.0144289
-0.013316
-0.0124557
-0.0118408
-0.0114532
-0.0112657
-0.0112449
-0.0113547
-0.0115586
-0.0118229
-0.0121178
-0.0124185
-0.0127044
-0.0129591
-0.0131788
-0.0133684
-0.000490084
-0.000952731
-0.00126803
-0.00151346
-0.00175451
-0.0020154
-0.00231662
-0.00267695
-0.00311174
-0.0036338
-0.00425423
-0.00498285
-0.00582829
-0.00679795
-0.00789769
-0.00913157
-0.0105015
-0.012007
-0.0136448
-0.0154091
-0.0172911
-0.0192793
-0.0213594
-0.0235151
-0.0257278
-0.0279773
-0.0302423
-0.0325006
-0.0347302
-0.036909
-0.0390157
-0.0410303
-0.0429341
-0.04471
-0.0463427
-0.0478188
-0.0491268
-0.0502568
-0.0512008
-0.0519521
-0.0525053
-0.0528555
-0.0530029
-0.0529425
-0.0526737
-0.0521963
-0.0515106
-0.0506179
-0.0495208
-0.0482228
-0.0467293
-0.0450478
-0.0431884
-0.0411646
-0.0389936
-0.0366973
-0.0343029
-0.0318428
-0.0293548
-0.026882
-0.0244711
-0.0221707
-0.0200293
-0.0180916
-0.0163954
-0.0149685
-0.013826
-0.012969
-0.0123842
-0.0120463
-0.0119199
-0.011964
-0.0121358
-0.0123937
-0.0127006
-0.0130249
-0.0133403
-0.013626
-0.0138769
-0.0140988
-0.00115337
-0.00162301
-0.00194519
-0.00220021
-0.00245608
-0.00273866
-0.00306973
-0.00346907
-0.0039529
-0.0045347
-0.00522615
-0.00603754
-0.00697781
-0.00805444
-0.0092732
-0.0106378
-0.0121494
-0.0138067
-0.0156053
-0.0175378
-0.0195939
-0.0217601
-0.0240204
-0.0263563
-0.0287473
-0.0311713
-0.0336052
-0.0360254
-0.0384084
-0.0407313
-0.0429722
-0.0451108
-0.0471282
-0.0490078
-0.0507346
-0.052296
-0.0536811
-0.054881
-0.0558883
-0.0566972
-0.0573034
-0.0577041
-0.0578937
-0.0578731
-0.0576406
-0.0571951
-0.0565364
-0.0556647
-0.0545811
-0.0532874
-0.0517866
-0.0500833
-0.0481846
-0.0461001
-0.0438436
-0.041433
-0.038892
-0.0362501
-0.0335437
-0.0308156
-0.028115
-0.0254952
-0.0230122
-0.0207206
-0.0186705
-0.0169026
-0.0154449
-0.0143095
-0.0134915
-0.0129695
-0.0127087
-0.0126643
-0.012787
-0.0130275
-0.0133399
-0.0136849
-0.0140295
-0.0143474
-0.0146319
-0.0148894
-0.00192137
-0.00239376
-0.00272085
-0.00298497
-0.00325606
-0.00356144
-0.00392398
-0.00436441
-0.00489965
-0.00554381
-0.00630909
-0.00720612
-0.00824407
-0.00943045
-0.0107708
-0.0122682
-0.0139232
-0.0157333
-0.0176928
-0.0197927
-0.0220207
-0.0243616
-0.0267973
-0.029307
-0.0318684
-0.0344574
-0.0370493
-0.0396191
-0.0421422
-0.044595
-0.0469552
-0.0492023
-0.0513179
-0.0532857
-0.0550916
-0.0567238
-0.0581724
-0.0594295
-0.0604887
-0.0613452
-0.0619953
-0.0624365
-0.062666
-0.0626828
-0.0624857
-0.0620738
-0.0614465
-0.0606033
-0.0595441
-0.058269
-0.0567791
-0.0550765
-0.053165
-0.0510508
-0.0487434
-0.0462564
-0.0436088
-0.0408263
-0.0379415
-0.0349954
-0.0320369
-0.0291219
-0.0263117
-0.0236699
-0.021258
-0.0191307
-0.0173305
-0.0158835
-0.0147963
-0.0140552
-0.0136282
-0.0134691
-0.0135229
-0.0137321
-0.0140418
-0.0144034
-0.0147761
-0.0151271
-0.0154474
-0.015744
-0.00279354
-0.00326432
-0.00359426
-0.00386691
-0.00415348
-0.00448251
-0.00487786
-0.00536101
-0.00594951
-0.00665798
-0.00749904
-0.00848363
-0.00962101
-0.0109186
-0.0123815
-0.0140123
-0.0158105
-0.0177723
-0.0198906
-0.0221546
-0.0245501
-0.0270597
-0.0296632
-0.0323378
-0.0350591
-0.0378012
-0.0405378
-0.0432428
-0.0458907
-0.0484573
-0.0509203
-0.0532595
-0.0554568
-0.0574968
-0.0593663
-0.0610546
-0.0625529
-0.0638544
-0.064954
-0.0658477
-0.0665329
-0.0670076
-0.0672704
-0.0673202
-0.0671563
-0.0667778
-0.0661841
-0.0653741
-0.0643468
-0.0631015
-0.0616374
-0.0599544
-0.0580535
-0.0559375
-0.0536118
-0.0510853
-0.0483721
-0.0454924
-0.0424742
-0.0393543
-0.036179
-0.0330041
-0.0298939
-0.0269184
-0.0241493
-0.0216548
-0.0194933
-0.017707
-0.0163172
-0.0153218
-0.0146953
-0.0143924
-0.0143543
-0.0145158
-0.0148122
-0.0151849
-0.0155837
-0.0159682
-0.0163264
-0.0166658
-0.00376749
-0.00423226
-0.00456291
-0.0048434
-0.0051455
-0.00549878
-0.00592789
-0.00645492
-0.00709791
-0.0078719
-0.00878985
-0.00986286
-0.0111002
-0.0125091
-0.0140942
-0.0158571
-0.0177964
-0.0199069
-0.0221798
-0.0246023
-0.0271584
-0.0298283
-0.0325898
-0.0354181
-0.0382866
-0.0411678
-0.0440342
-0.0468585
-0.0496147
-0.0522783
-0.0548271
-0.0572414
-0.059504
-0.0616003
-0.0635183
-0.0652484
-0.0667831
-0.0681169
-0.0692456
-0.0701666
-0.0708781
-0.0713789
-0.0716685
-0.0717464
-0.0716122
-0.0712654
-0.0707053
-0.0699307
-0.0689403
-0.0677323
-0.0663048
-0.0646561
-0.0627848
-0.0606906
-0.0583752
-0.0558431
-0.0531029
-0.0501692
-0.047064
-0.0438182
-0.0404736
-0.0370832
-0.0337111
-0.0304309
-0.0273223
-0.0244654
-0.0219342
-0.0197888
-0.0180682
-0.0167854
-0.0159255
-0.0154479
-0.0152923
-0.0153869
-0.0156572
-0.0160339
-0.0164557
-0.0168735
-0.0172716
-0.0176573
-0.00483896
-0.00529336
-0.00562253
-0.00591002
-0.0062275
-0.00660529
-0.0070687
-0.00764022
-0.00833829
-0.00917825
-0.0101732
-0.0113345
-0.0126712
-0.0141901
-0.0158952
-0.0177875
-0.0198641
-0.0221182
-0.0245394
-0.027113
-0.0298207
-0.0326407
-0.0355484
-0.0385172
-0.0415186
-0.0445237
-0.0475038
-0.0504307
-0.0532781
-0.0560217
-0.0586396
-0.0611127
-0.0634248
-0.0655623
-0.0675147
-0.0692734
-0.0708324
-0.0721872
-0.073335
-0.0742741
-0.0750037
-0.0755235
-0.0758337
-0.0759345
-0.0758259
-0.0755078
-0.0749798
-0.0742407
-0.0732891
-0.0721227
-0.0707389
-0.0691347
-0.067307
-0.0652532
-0.0629715
-0.0604624
-0.0577296
-0.0547818
-0.0516343
-0.0483114
-0.0448482
-0.0412924
-0.0377052
-0.0341603
-0.0307421
-0.0275403
-0.0246434
-0.0221293
-0.0200569
-0.0184579
-0.0173322
-0.0166481
-0.0163473
-0.0163534
-0.0165828
-0.0169543
-0.0173952
-0.0178455
-0.0182848
-0.0187204
-0.00600192
-0.00644165
-0.00676711
-0.00706064
-0.00739307
-0.00779531
-0.00829308
-0.00890916
-0.00966221
-0.0105678
-0.0116391
-0.0128873
-0.0143214
-0.0159477
-0.0177695
-0.0197866
-0.0219948
-0.024386
-0.0269475
-0.0296628
-0.0325113
-0.0354694
-0.0385102
-0.0416051
-0.0447241
-0.0478371
-0.0509143
-0.0539271
-0.0568491
-0.0596562
-0.0623271
-0.0648436
-0.0671906
-0.0693559
-0.0713299
-0.0731057
-0.0746782
-0.0760444
-0.0772024
-0.0781517
-0.0788923
-0.0794247
-0.0797497
-0.0798683
-0.0797809
-0.079488
-0.0789893
-0.0782841
-0.0773709
-0.0762475
-0.0749109
-0.0733572
-0.0715824
-0.0695818
-0.0673514
-0.0648881
-0.0621913
-0.0592639
-0.0561147
-0.0527608
-0.0492294
-0.0455609
-0.0418107
-0.0380495
-0.0343626
-0.0308459
-0.0275996
-0.0247189
-0.0222833
-0.0203457
-0.0189252
-0.0180038
-0.017529
-0.017423
-0.0175943
-0.01795
-0.0184043
-0.0188855
-0.0193673
-0.019856
-0.00724864
-0.00766957
-0.00798908
-0.00828749
-0.0086342
-0.00906043
-0.00959216
-0.0102523
-0.0110595
-0.0120295
-0.0131754
-0.0145083
-0.0160367
-0.0177665
-0.0197001
-0.0218361
-0.024169
-0.0266887
-0.0293811
-0.0322272
-0.0352047
-0.0382876
-0.0414472
-0.0446532
-0.0478742
-0.0510788
-0.0542368
-0.0573192
-0.0602998
-0.063155
-0.0658642
-0.0684104
-0.0707796
-0.0729607
-0.0749456
-0.0767285
-0.0783058
-0.0796753
-0.0808364
-0.0817892
-0.0825347
-0.0830742
-0.083409
-0.0835407
-0.0834702
-0.0831985
-0.0827258
-0.0820516
-0.0811748
-0.0800933
-0.0788042
-0.0773034
-0.0755862
-0.0736468
-0.0714795
-0.0690784
-0.0664393
-0.0635603
-0.0604441
-0.0571002
-0.0535477
-0.0498183
-0.0459593
-0.0420353
-0.0381287
-0.0343378
-0.0307709
-0.027538
-0.0247385
-0.0224486
-0.0207099
-0.0195226
-0.0188453
-0.0186023
-0.0186964
-0.0190238
-0.0194847
-0.0199942
-0.0205191
-0.0210639
-0.00856988
-0.00896806
-0.00927937
-0.00958135
-0.00994138
-0.0103908
-0.0109556
-0.0116586
-0.0125186
-0.013551
-0.0147689
-0.0161831
-0.0178017
-0.0196299
-0.0216692
-0.0239169
-0.026366
-0.0290048
-0.0318172
-0.0347823
-0.0378757
-0.0410695
-0.0443332
-0.0476349
-0.0509421
-0.0542227
-0.0574458
-0.0605826
-0.0636071
-0.0664964
-0.0692311
-0.0717949
-0.0741753
-0.0763624
-0.0783493
-0.0801315
-0.0817064
-0.083073
-0.0842314
-0.0851826
-0.0859284
-0.0864704
-0.0868108
-0.0869515
-0.0868939
-0.0866395
-0.0861889
-0.0855421
-0.0846985
-0.0836562
-0.0824127
-0.0809641
-0.0793054
-0.0774307
-0.0753328
-0.0730043
-0.0704381
-0.0676284
-0.0645725
-0.0612731
-0.057741
-0.0539987
-0.0500838
-0.0460522
-0.0419802
-0.0379639
-0.0341158
-0.0305569
-0.0274047
-0.0247587
-0.0226856
-0.0212083
-0.0203015
-0.0198962
-0.0198928
-0.0201777
-0.020637
-0.0211713
-0.0217391
-0.0223426
-0.00995503
-0.0103268
-0.0106277
-0.0109318
-0.0113039
-0.0117752
-0.0123717
-0.0131159
-0.0140265
-0.0151186
-0.0164051
-0.0178964
-0.0196001
-0.0215205
-0.0236581
-0.0260092
-0.0285651
-0.0313124
-0.0342331
-0.0373046
-0.0405003
-0.0437906
-0.0471436
-0.050526
-0.0539043
-0.0572457
-0.0605194
-0.0636966
-0.066752
-0.0696634
-0.0724123
-0.0749838
-0.0773664
-0.0795516
-0.0815336
-0.0833091
-0.0848764
-0.0862353
-0.0873869
-0.0883329
-0.0890753
-0.0896165
-0.0899591
-0.0901053
-0.0900572
-0.0898164
-0.0893841
-0.0887607
-0.0879462
-0.0869392
-0.0857378
-0.0843384
-0.0827364
-0.0809258
-0.0788993
-0.0766484
-0.074164
-0.0714376
-0.068462
-0.0652339
-0.0617566
-0.0580434
-0.0541214
-0.050036
-0.0458544
-0.0416669
-0.0375853
-0.0337373
-0.0302551
-0.0272602
-0.0248455
-0.02306
-0.0218996
-0.0213074
-0.0211854
-0.0214123
-0.0218606
-0.0224151
-0.0230252
-0.0236895
-0.0113924
-0.0117344
-0.0120227
-0.0123272
-0.0127098
-0.0132015
-0.0138278
-0.0146111
-0.0155694
-0.0167178
-0.0180686
-0.0196319
-0.0214146
-0.0234202
-0.0256481
-0.0280933
-0.0307456
-0.0335901
-0.0366069
-0.0397715
-0.0430558
-0.0464285
-0.0498562
-0.0533047
-0.0567398
-0.0601283
-0.0634393
-0.0666447
-0.0697195
-0.0726427
-0.0753967
-0.0779678
-0.0803457
-0.082523
-0.0844951
-0.0862595
-0.0878156
-0.0891638
-0.0903059
-0.091244
-0.0919806
-0.0925187
-0.092861
-0.0930101
-0.0929683
-0.0927378
-0.0923201
-0.0917162
-0.0909264
-0.0899503
-0.0887862
-0.0874315
-0.0858822
-0.0841327
-0.0821758
-0.0800029
-0.077604
-0.0749684
-0.072086
-0.0689485
-0.0655527
-0.061903
-0.0580164
-0.0539269
-0.0496902
-0.0453874
-0.0411254
-0.0370338
-0.0332549
-0.0299292
-0.0271754
-0.0250711
-0.0236377
-0.0228359
-0.0225742
-0.0227268
-0.0231533
-0.0237227
-0.0243734
-0.0251001
-0.0128695
-0.0131787
-0.0134522
-0.0137555
-0.0141468
-0.0146567
-0.0153106
-0.0161301
-0.0171328
-0.0183334
-0.0197437
-0.0213731
-0.023228
-0.0253109
-0.0276203
-0.0301496
-0.0328875
-0.0358173
-0.0389176
-0.0421621
-0.0455213
-0.0489624
-0.0524511
-0.055952
-0.0594306
-0.0628538
-0.0661906
-0.0694134
-0.0724982
-0.0754247
-0.0781765
-0.0807411
-0.0831092
-0.0852744
-0.0872332
-0.0889839
-0.0905265
-0.0918623
-0.0929932
-0.093922
-0.0946515
-0.0951849
-0.0955251
-0.095675
-0.0956372
-0.0954141
-0.0950077
-0.0944194
-0.0936501
-0.0926999
-0.091568
-0.0902527
-0.0887506
-0.087057
-0.0851654
-0.0830676
-0.0807533
-0.0782109
-0.0754281
-0.0723934
-0.0690977
-0.0655382
-0.061722
-0.0576716
-0.0534302
-0.0490671
-0.0446804
-0.0403964
-0.0363628
-0.0327346
-0.0296545
-0.0272291
-0.0255092
-0.0244783
-0.0240568
-0.0241182
-0.0245115
-0.0250891
-0.0257784
-0.0265684
-0.0143731
-0.014647
-0.0149036
-0.0152037
-0.0156017
-0.0161276
-0.0168063
-0.0176587
-0.0187019
-0.01995
-0.0214142
-0.0231034
-0.025023
-0.0271748
-0.0295561
-0.0321593
-0.0349714
-0.0379745
-0.0411456
-0.044457
-0.0478778
-0.0513741
-0.0549105
-0.0584514
-0.0619617
-0.0654084
-0.0687609
-0.0719923
-0.0750793
-0.0780026
-0.0807469
-0.0833005
-0.0856553
-0.0878059
-0.0897494
-0.091485
-0.0930132
-0.0943357
-0.095455
-0.0963739
-0.0970957
-0.0976235
-0.0979605
-0.0981097
-0.0980741
-0.0978561
-0.097458
-0.0968818
-0.0961288
-0.0951998
-0.0940949
-0.092813
-0.0913519
-0.0897079
-0.0878756
-0.0858473
-0.0836135
-0.0811624
-0.0784806
-0.0755542
-0.0723702
-0.0689196
-0.0652008
-0.0612253
-0.0570235
-0.0526513
-0.0481948
-0.0437727
-0.0395325
-0.0356391
-0.032255
-0.0295155
-0.0275026
-0.0262274
-0.0256278
-0.0255815
-0.0259293
-0.026508
-0.0272328
-0.0280864
-0.0158897
-0.0161261
-0.016364
-0.016659
-0.0170613
-0.0176005
-0.0183008
-0.0191825
-0.0202618
-0.0215522
-0.0230644
-0.0248063
-0.0267827
-0.0289945
-0.0314379
-0.0341042
-0.0369792
-0.0400435
-0.0432729
-0.0466385
-0.0501082
-0.0536471
-0.0572194
-0.0607888
-0.0643203
-0.067781
-0.0711409
-0.0743737
-0.0774568
-0.0803719
-0.0831047
-0.0856446
-0.087984
-0.0901186
-0.0920462
-0.0937663
-0.0952801
-0.0965896
-0.0976975
-0.0986068
-0.0993208
-0.0998428
-0.100176
-0.100324
-0.100289
-0.100074
-0.0996818
-0.0991145
-0.098374
-0.0974617
-0.0963785
-0.0951241
-0.0936976
-0.0920963
-0.090316
-0.0883503
-0.0861905
-0.0838255
-0.0812419
-0.0784244
-0.0753573
-0.0720269
-0.0684245
-0.0645516
-0.0604264
-0.0560904
-0.0516159
-0.0471102
-0.0427155
-0.0386007
-0.0349439
-0.031906
-0.0296011
-0.0280718
-0.0272787
-0.027109
-0.0273989
-0.0279709
-0.0287276
-0.0296444
-0.0174061
-0.0176032
-0.0178205
-0.0181083
-0.0185125
-0.0190621
-0.0197805
-0.0206872
-0.0217979
-0.023125
-0.0246786
-0.0264659
-0.0284908
-0.0307534
-0.0332488
-0.0359674
-0.0388938
-0.0420075
-0.045283
-0.0486907
-0.0521972
-0.0557673
-0.0593645
-0.0629523
-0.0664959
-0.0699626
-0.073323
-0.0765514
-0.0796261
-0.0825297
-0.0852487
-0.0877731
-0.0900965
-0.0922149
-0.0941267
-0.0958321
-0.0973323
-0.0986296
-0.0997268
-0.100627
-0.101334
-0.10185
-0.10218
-0.102325
-0.10229
-0.102077
-0.101689
-0.101127
-0.100396
-0.0994964
-0.0984299
-0.0971975
-0.0957991
-0.0942334
-0.0924974
-0.0905863
-0.0884927
-0.0862066
-0.0837151
-0.0810029
-0.0780528
-0.0748476
-0.0713733
-0.0676229
-0.0636032
-0.0593418
-0.0548959
-0.0503586
-0.0458623
-0.0415746
-0.0376832
-0.034371
-0.0317832
-0.0299959
-0.0289975
-0.0286903
-0.0289101
-0.0294671
-0.0302515
-0.0312304
-0.0189088
-0.0190655
-0.0192605
-0.019539
-0.0199424
-0.0204991
-0.0212318
-0.0221592
-0.0232959
-0.0246538
-0.026242
-0.028067
-0.0301319
-0.0324358
-0.0349732
-0.0377332
-0.0406997
-0.0438512
-0.0471613
-0.0505994
-0.0541317
-0.0577224
-0.0613346
-0.0649321
-0.06848
-0.0719461
-0.0753015
-0.0785213
-0.0815844
-0.0844743
-0.0871782
-0.0896868
-0.0919943
-0.0940972
-0.0959944
-0.0976861
-0.0991741
-0.100461
-0.101549
-0.102441
-0.103141
-0.103653
-0.103979
-0.104122
-0.104086
-0.103873
-0.103487
-0.102929
-0.102204
-0.101313
-0.100259
-0.0990432
-0.0976668
-0.0961297
-0.0944305
-0.0925657
-0.0905297
-0.0883138
-0.0859065
-0.0832929
-0.0804557
-0.0773756
-0.0740347
-0.0704192
-0.066526
-0.0623699
-0.0579925
-0.0534711
-0.048925
-0.0445147
-0.0404322
-0.036877
-0.0340227
-0.0319799
-0.0307688
-0.0303122
-0.0304505
-0.030984
-0.0317912
-0.0328305
-0.0203851
-0.0205006
-0.020672
-0.020939
-0.0213389
-0.0218992
-0.0226422
-0.0235854
-0.0247427
-0.026125
-0.0277408
-0.0295955
-0.0316917
-0.0340275
-0.0365966
-0.0393875
-0.0423831
-0.0455612
-0.0488947
-0.0523524
-0.0559002
-0.0595018
-0.0631204
-0.0667198
-0.0702655
-0.0737256
-0.0770719
-0.08028
-0.0833297
-0.0862048
-0.0888934
-0.0913867
-0.0936792
-0.095768
-0.0976521
-0.099332
-0.10081
-0.102087
-0.103167
-0.104053
-0.104748
-0.105256
-0.105578
-0.105719
-0.105681
-0.105468
-0.105082
-0.104527
-0.103805
-0.10292
-0.101874
-0.10067
-0.09931
-0.097795
-0.0961251
-0.0942984
-0.0923109
-0.090156
-0.0878236
-0.0853001
-0.0825687
-0.0796095
-0.0764019
-0.0729272
-0.0691743
-0.0651463
-0.06087
-0.0564062
-0.0518582
-0.0473755
-0.0431482
-0.0393868
-0.0362893
-0.034
-0.0325736
-0.0319587
-0.0320049
-0.0325067
-0.0333316
-0.034429
-0.0218229
-0.0218972
-0.0220435
-0.022297
-0.0226905
-0.0232509
-0.0239997
-0.0249537
-0.0261258
-0.0275261
-0.029162
-0.0310385
-0.033157
-0.0355152
-0.0381061
-0.0409173
-0.0439313
-0.0471253
-0.0504717
-0.053939
-0.0574928
-0.0610967
-0.0647141
-0.0683089
-0.0718469
-0.0752969
-0.0786309
-0.0818254
-0.0848605
-0.0877208
-0.0903946
-0.0928737
-0.0951529
-0.0972295
-0.0991026
-0.100773
-0.102242
-0.103512
-0.104587
-0.105468
-0.106159
-0.106663
-0.106983
-0.107122
-0.107082
-0.106868
-0.106481
-0.105926
-0.105206
-0.104323
-0.103282
-0.102085
-0.100736
-0.0992373
-0.0975897
-0.0957931
-0.0938456
-0.0917421
-0.0894747
-0.0870315
-0.0843968
-0.0815511
-0.0784727
-0.0751395
-0.0715339
-0.0676494
-0.0634992
-0.0591276
-0.0546207
-0.0501134
-0.0457885
-0.0418615
-0.0385499
-0.0360291
-0.0343899
-0.0336106
-0.033556
-0.0340181
-0.0348555
-0.036008
-0.0232118
-0.0232447
-0.0233643
-0.0236027
-0.0239868
-0.0245435
-0.0252936
-0.0262531
-0.027434
-0.0288455
-0.0304941
-0.0323841
-0.0345162
-0.0368874
-0.03949
-0.0423114
-0.0453335
-0.0485332
-0.0518826
-0.0553501
-0.0589012
-0.0624998
-0.0661092
-0.0696937
-0.0732197
-0.0766562
-0.0799759
-0.0831556
-0.0861759
-0.0890219
-0.0916822
-0.0941488
-0.0964168
-0.0984834
-0.100348
-0.102011
-0.103474
-0.104739
-0.10581
-0.106687
-0.107376
-0.107877
-0.108195
-0.108332
-0.108292
-0.108075
-0.107688
-0.107131
-0.10641
-0.105527
-0.104487
-0.103294
-0.101952
-0.100463
-0.0988315
-0.0970577
-0.0951416
-0.0930803
-0.0908679
-0.0884945
-0.0859462
-0.0832048
-0.0802481
-0.0770524
-0.0735957
-0.0698634
-0.0658569
-0.0616051
-0.057176
-0.0526877
-0.0483113
-0.0442614
-0.0407689
-0.0380371
-0.0361924
-0.0352465
-0.035084
-0.0354991
-0.0363435
-0.0375481
-0.0245407
-0.0245324
-0.0246266
-0.024847
-0.0252187
-0.0257678
-0.0265145
-0.027474
-0.0286575
-0.0300732
-0.031727
-0.0336221
-0.0357589
-0.0381337
-0.0407384
-0.0435601
-0.0465803
-0.0497759
-0.0531191
-0.0565781
-0.0601186
-0.0637048
-0.0673003
-0.0708699
-0.0743802
-0.0778008
-0.0811048
-0.0842692
-0.0872753
-0.0901081
-0.0927566
-0.0952129
-0.097472
-0.0995313
-0.10139
-0.103048
-0.104507
-0.10577
-0.106838
-0.107715
-0.108402
-0.108902
-0.109219
-0.109354
-0.109312
-0.109094
-0.108703
-0.108145
-0.107421
-0.106536
-0.105495
-0.104302
-0.102961
-0.101478
-0.0998564
-0.0980985
-0.096206
-0.094178
-0.0920107
-0.0896965
-0.0872238
-0.0845757
-0.0817313
-0.078666
-0.0753551
-0.0717778
-0.0679258
-0.0638138
-0.0594926
-0.0550617
-0.0506771
-0.046547
-0.0429098
-0.0399918
-0.0379535
-0.0368423
-0.036567
-0.0369287
-0.037775
-0.0390279
-0.0258013
-0.0257533
-0.0258206
-0.0260217
-0.0263783
-0.0269158
-0.0276543
-0.0286082
-0.0297878
-0.0312006
-0.0328518
-0.0347438
-0.0368765
-0.0392456
-0.0418429
-0.044655
-0.0476639
-0.0508461
-0.0541742
-0.0576165
-0.0611392
-0.0647068
-0.0682832
-0.0718338
-0.0753255
-0.0787284
-0.0820159
-0.0851653
-0.088158
-0.0909792
-0.093618
-0.0960663
-0.0983193
-0.100374
-0.102229
-0.103885
-0.105344
-0.106606
-0.107674
-0.108551
-0.109238
-0.109738
-0.110055
-0.110189
-0.110145
-0.109924
-0.109531
-0.108968
-0.108241
-0.107352
-0.106307
-0.10511
-0.103769
-0.102286
-0.100669
-0.0989206
-0.0970444
-0.0950412
-0.0929096
-0.0906444
-0.0882359
-0.0856699
-0.0829267
-0.0799823
-0.0768104
-0.0733862
-0.0696934
-0.0657346
-0.0615442
-0.0572029
-0.0528491
-0.0486801
-0.0449356
-0.0418595
-0.0396437
-0.0383718
-0.0379812
-0.0382843
-0.0391274
-0.040425
-0.0269862
-0.0269001
-0.0269402
-0.0271203
-0.0274588
-0.027981
-0.0287064
-0.0296488
-0.0308179
-0.0322207
-0.0338613
-0.0357419
-0.0378615
-0.0402158
-0.0427962
-0.0455896
-0.0485778
-0.0517378
-0.0550423
-0.0584605
-0.0619586
-0.0655018
-0.0690546
-0.0725827
-0.0760534
-0.0794373
-0.0827079
-0.0858428
-0.0888233
-0.0916349
-0.0942662
-0.0967093
-0.0989589
-0.101012
-0.102867
-0.104524
-0.105983
-0.107248
-0.108318
-0.109196
-0.109885
-0.110387
-0.110703
-0.110837
-0.110791
-0.110568
-0.110172
-0.109604
-0.108871
-0.107976
-0.106925
-0.105723
-0.104376
-0.102891
-0.101273
-0.0995281
-0.0976614
-0.0956753
-0.0935706
-0.0913442
-0.0889891
-0.0864934
-0.0838395
-0.0810047
-0.0779625
-0.0746854
-0.0711514
-0.0673528
-0.0633093
-0.0590832
-0.0547941
-0.0506244
-0.0468099
-0.0436059
-0.0412319
-0.0398073
-0.039301
-0.0395414
-0.0403769
-0.0417154
-0.0280893
-0.027967
-0.02798
-0.0281377
-0.0284555
-0.0289583
-0.0296656
-0.0305906
-0.0317426
-0.0331279
-0.0347501
-0.0366106
-0.0387084
-0.0410387
-0.0435931
-0.0463584
-0.0493169
-0.0524461
-0.0557193
-0.059106
-0.0625733
-0.0660868
-0.0696118
-0.0731143
-0.0765621
-0.079926
-0.0831797
-0.0863009
-0.0892709
-0.0920748
-0.0947012
-0.0971418
-0.099391
-0.101445
-0.103303
-0.104963
-0.106427
-0.107696
-0.10877
-0.109652
-0.110344
-0.110848
-0.111166
-0.1113
-0.111253
-0.111027
-0.110626
-0.110053
-0.109313
-0.108411
-0.107351
-0.10614
-0.104785
-0.103293
-0.10167
-0.0999243
-0.0980609
-0.0960847
-0.0939984
-0.0918013
-0.089489
-0.0870519
-0.0844751
-0.0817377
-0.0788138
-0.075675
-0.0722949
-0.068658
-0.064771
-0.0606794
-0.0564828
-0.0523467
-0.0484976
-0.0451968
-0.0426862
-0.0411197
-0.0404996
-0.0406744
-0.0414984
-0.0428744
-0.0291058
-0.0289497
-0.028936
-0.0290702
-0.0293646
-0.0298443
-0.0305284
-0.0314301
-0.0325581
-0.0339183
-0.0355139
-0.0373459
-0.0394129
-0.0417101
-0.0442292
-0.0469575
-0.0498776
-0.0529677
-0.0562017
-0.0595501
-0.0629807
-0.0664597
-0.0699529
-0.073427
-0.0768503
-0.0801934
-0.0834305
-0.0865389
-0.0895
-0.0922985
-0.0949226
-0.0973636
-0.0996154
-0.101674
-0.103537
-0.105204
-0.106675
-0.10795
-0.109031
-0.109919
-0.110616
-0.111123
-0.111443
-0.111577
-0.111529
-0.1113
-0.110895
-0.110316
-0.109568
-0.108656
-0.107586
-0.106365
-0.104999
-0.103496
-0.101864
-0.100112
-0.0982461
-0.096273
-0.0941974
-0.0920207
-0.0897409
-0.0873512
-0.0848392
-0.0821862
-0.079368
-0.0763561
-0.0731217
-0.0696432
-0.0659166
-0.0619719
-0.0578897
-0.0538163
-0.0499654
-0.0465984
-0.0439743
-0.0422788
-0.0415489
-0.0416567
-0.0424658
-0.043876
-0.0300327
-0.0298454
-0.0298057
-0.0299153
-0.0301841
-0.0306369
-0.0312929
-0.0321651
-0.0332622
-0.0345896
-0.0361502
-0.037945
-0.0399722
-0.0422272
-0.044702
-0.0473842
-0.0502573
-0.0533002
-0.0564877
-0.0597911
-0.0631792
-0.0666189
-0.0700768
-0.07352
-0.076917
-0.0802389
-0.0834596
-0.0865565
-0.0895103
-0.0923057
-0.0949301
-0.0973744
-0.0996318
-0.101698
-0.10357
-0.105246
-0.106726
-0.108011
-0.1091
-0.109996
-0.110699
-0.111211
-0.111534
-0.11167
-0.111621
-0.111389
-0.110979
-0.110393
-0.109636
-0.108714
-0.107632
-0.106397
-0.105018
-0.103501
-0.101857
-0.100094
-0.0982199
-0.0962438
-0.0941715
-0.0920068
-0.0897498
-0.0873965
-0.084937
-0.0823554
-0.0796294
-0.0767314
-0.0736318
-0.0703043
-0.0667369
-0.0629456
-0.0589931
-0.055006
-0.0511823
-0.0477779
-0.0450641
-0.0432542
-0.04242
-0.0424605
-0.0432522
-0.0446937
-0.0308681
-0.0306525
-0.0305878
-0.0306723
-0.0309133
-0.0313355
-0.0319585
-0.0327952
-0.0338542
-0.0351409
-0.0366581
-0.0384067
-0.040385
-0.0425886
-0.0450098
-0.0476371
-0.0504547
-0.0534424
-0.056576
-0.0598281
-0.0631681
-0.066564
-0.069983
-0.0733928
-0.0767621
-0.0800622
-0.0832669
-0.0863532
-0.0893016
-0.092096
-0.0947234
-0.097174
-0.0994402
-0.101517
-0.103401
-0.105089
-0.106582
-0.107878
-0.108979
-0.109884
-0.110596
-0.111114
-0.111441
-0.111579
-0.111529
-0.111295
-0.110879
-0.110286
-0.109519
-0.108585
-0.10749
-0.10624
-0.104844
-0.103311
-0.10165
-0.0998718
-0.0979855
-0.0960005
-0.0939247
-0.0917639
-0.0895205
-0.087193
-0.0847741
-0.0822507
-0.0796029
-0.0768048
-0.0738267
-0.0706398
-0.0672255
-0.0635885
-0.0597751
-0.0558921
-0.0521196
-0.0487043
-0.0459237
-0.0440149
-0.0430833
-0.0430574
-0.0438299
-0.0453005
-0.0316115
-0.0313709
-0.0312825
-0.0313414
-0.0315527
-0.0319412
-0.0325263
-0.0333213
-0.0343349
-0.0355728
-0.037038
-0.0387313
-0.0406513
-0.0427941
-0.0451526
-0.047716
-0.0504695
-0.053394
-0.0564666
-0.0596608
-0.0629473
-0.0662949
-0.0696716
-0.0730454
-0.0763857
-0.0796634
-0.0828524
-0.0859292
-0.0888739
-0.0916696
-0.0943026
-0.0967622
-0.0990403
-0.101131
-0.103029
-0.104734
-0.106242
-0.107553
-0.108667
-0.109584
-0.110305
-0.110832
-0.111164
-0.111305
-0.111256
-0.111019
-0.110598
-0.109996
-0.109219
-0.108272
-0.107161
-0.105894
-0.10448
-0.102928
-0.101247
-0.0994497
-0.097546
-0.0955466
-0.0934609
-0.0912965
-0.089058
-0.086746
-0.0843561
-0.0818779
-0.079294
-0.0765808
-0.0737094
-0.0706499
-0.067379
-0.063892
-0.0602209
-0.0564537
-0.0527514
-0.0493481
-0.0465222
-0.04453
-0.0435089
-0.0434181
-0.0441702
-0.0456685
-0.0322637
-0.0320016
-0.0318911
-0.0319243
-0.0321044
-0.0324559
-0.0329984
-0.0337455
-0.0347065
-0.0358873
-0.0372914
-0.0389201
-0.0407723
-0.0428448
-0.0451312
-0.0476216
-0.0503025
-0.0531559
-0.0561603
-0.0592903
-0.0625178
-0.0658126
-0.0691435
-0.0724789
-0.0757885
-0.0790433
-0.0822168
-0.0852851
-0.0882276
-0.0910268
-0.0936679
-0.0961396
-0.0984325
-0.10054
-0.102457
-0.104179
-0.105706
-0.107035
-0.108165
-0.109096
-0.10983
-0.110366
-0.110705
-0.11085
-0.110801
-0.110562
-0.110136
-0.109527
-0.108738
-0.107777
-0.10665
-0.105364
-0.103929
-0.102354
-0.100651
-0.0988309
-0.0969055
-0.0948865
-0.0927848
-0.0906096
-0.0883674
-0.0860612
-0.083689
-0.081243
-0.0787088
-0.0760649
-0.0732841
-0.0703366
-0.0671958
-0.0638501
-0.0603189
-0.0566731
-0.0530544
-0.0496814
-0.0468293
-0.0447687
-0.0436661
-0.0435127
-0.044244
-0.0457693
-0.0328267
-0.0325467
-0.0324159
-0.0324238
-0.0325714
-0.032883
-0.0333784
-0.0340715
-0.0349723
-0.0360876
-0.0374215
-0.0389758
-0.0407504
-0.0427428
-0.0449474
-0.0473558
-0.0499553
-0.0527297
-0.0556586
-0.058718
-0.0618812
-0.0651187
-0.0684002
-0.0716948
-0.0749721
-0.0782033
-0.0813614
-0.0844221
-0.0873639
-0.0901685
-0.0928203
-0.0953067
-0.0976176
-0.0997452
-0.101683
-0.103428
-0.104976
-0.106325
-0.107474
-0.108422
-0.10917
-0.109718
-0.110066
-0.110216
-0.110169
-0.109929
-0.109498
-0.10888
-0.10808
-0.107104
-0.105959
-0.104653
-0.103195
-0.101596
-0.0998667
-0.0980202
-0.0960688
-0.0940253
-0.0919017
-0.0897088
-0.0874548
-0.0851449
-0.0827792
-0.0803527
-0.0778536
-0.075263
-0.0725558
-0.0697029
-0.0666763
-0.063459
-0.0600602
-0.0565353
-0.0530075
-0.0496784
-0.0468159
-0.0447002
-0.0435239
-0.0433104
-0.0440209
-0.0455733
-0.0333036
-0.0330094
-0.0328605
-0.0328435
-0.0329578
-0.0332269
-0.0336707
-0.0343038
-0.035137
-0.036178
-0.0374321
-0.0389022
-0.0405889
-0.042491
-0.0446042
-0.0469211
-0.0494306
-0.0521179
-0.0549641
-0.0579467
-0.0610399
-0.0642157
-0.0674443
-0.0706954
-0.0739388
-0.0771455
-0.0802882
-0.083342
-0.0862846
-0.0890965
-0.0917614
-0.0942653
-0.0965972
-0.0987481
-0.100711
-0.102481
-0.104053
-0.105426
-0.106597
-0.107565
-0.108329
-0.10889
-0.109249
-0.109405
-0.109362
-0.109121
-0.108686
-0.10806
-0.107248
-0.106257
-0.105093
-0.103765
-0.102283
-0.100657
-0.0988996
-0.0970235
-0.0950422
-0.0929693
-0.0908182
-0.0886009
-0.0863272
-0.0840042
-0.0816342
-0.0792144
-0.0767357
-0.074182
-0.0715305
-0.0687534
-0.0658224
-0.0627169
-0.0594379
-0.0560278
-0.0525919
-0.0493145
-0.0464534
-0.0442936
-0.0430506
-0.0427794
-0.0434695
-0.0450501
-0.0336981
-0.0333939
-0.0332291
-0.0331882
-0.0332686
-0.0334928
-0.0338808
-0.0344479
-0.0352058
-0.0361637
-0.0373282
-0.0387036
-0.0402921
-0.0420935
-0.0441051
-0.046321
-0.0487317
-0.0513238
-0.0540801
-0.0569794
-0.0599974
-0.0631069
-0.0662791
-0.0694841
-0.0726919
-0.0758732
-0.0790004
-0.0820478
-0.0849924
-0.0878136
-0.0904937
-0.0930179
-0.0953737
-0.097551
-0.0995418
-0.10134
-0.10294
-0.10434
-0.105536
-0.106526
-0.10731
-0.107887
-0.108258
-0.108424
-0.108385
-0.108145
-0.107706
-0.107072
-0.106249
-0.105242
-0.104059
-0.102708
-0.1012
-0.0995454
-0.097757
-0.0958481
-0.0938331
-0.0917264
-0.0895423
-0.087294
-0.0849929
-0.0826475
-0.0802622
-0.0778364
-0.0753634
-0.0728298
-0.0702151
-0.0674935
-0.0646371
-0.0616234
-0.0584472
-0.0551397
-0.0517906
-0.0485668
-0.0457138
-0.043518
-0.0422135
-0.0418864
-0.0425567
-0.0441675
-0.0340152
-0.0337049
-0.0335268
-0.0334632
-0.0335093
-0.0336867
-0.034015
-0.03451
-0.035185
-0.0360507
-0.0371155
-0.0383855
-0.0398647
-0.0415548
-0.0434545
-0.0455597
-0.0478626
-0.0503515
-0.0530106
-0.0558204
-0.0587577
-0.0617967
-0.0649089
-0.0680652
-0.0712355
-0.0743905
-0.077502
-0.0805437
-0.0834913
-0.0863234
-0.089021
-0.091568
-0.0939506
-0.0961576
-0.0981797
-0.10001
-0.101642
-0.103071
-0.104295
-0.105311
-0.106117
-0.106714
-0.107099
-0.107276
-0.107243
-0.107005
-0.106564
-0.105923
-0.105089
-0.104066
-0.102864
-0.10149
-0.0999543
-0.0982694
-0.0964477
-0.0945033
-0.092451
-0.0903061
-0.0880836
-0.0857979
-0.0834616
-0.0810846
-0.078673
-0.0762283
-0.0737459
-0.0712148
-0.0686172
-0.0659294
-0.0631246
-0.0601794
-0.0570845
-0.0538621
-0.0505881
-0.0474131
-0.0445694
-0.0423414
-0.0409785
-0.0405962
-0.0412473
-0.0428912
-0.0342602
-0.033948
-0.0337594
-0.0336745
-0.0336865
-0.0338151
-0.0340798
-0.034497
-0.0350812
-0.0358453
-0.0368
-0.0379536
-0.0393124
-0.04088
-0.0426573
-0.044642
-0.0468281
-0.0492056
-0.0517605
-0.0544746
-0.0573261
-0.0602901
-0.0633391
-0.0664441
-0.0695753
-0.0727031
-0.0757987
-0.078835
-0.0817868
-0.0846314
-0.0873486
-0.0899208
-0.0923331
-0.0945728
-0.0966294
-0.0984946
-0.100161
-0.101625
-0.10288
-0.103925
-0.104757
-0.105375
-0.105778
-0.105968
-0.105944
-0.10571
-0.105268
-0.104622
-0.103777
-0.102739
-0.101517
-0.100119
-0.0985559
-0.0968393
-0.0949825
-0.093
-0.0909072
-0.0887198
-0.0864538
-0.0841243
-0.081745
-0.079327
-0.076878
-0.074401
-0.0718936
-0.069347
-0.0667456
-0.0640683
-0.0612898
-0.0583867
-0.0553472
-0.0521867
-0.0489696
-0.0458318
-0.0429921
-0.0407309
-0.0393095
-0.038871
-0.0395029
-0.0411839
-0.034439
-0.0341293
-0.0339332
-0.0338287
-0.0338067
-0.0338851
-0.0340825
-0.0344158
-0.0349014
-0.0355545
-0.0363883
-0.0374141
-0.0386408
-0.0400747
-0.0417188
-0.0435731
-0.0456334
-0.0478916
-0.0503353
-0.0529479
-0.0557086
-0.0585937
-0.0615762
-0.0646276
-0.0677181
-0.0708178
-0.0738973
-0.0769287
-0.0798857
-0.0827443
-0.0854831
-0.088083
-0.0905277
-0.0928032
-0.0948977
-0.0968015
-0.0985068
-0.100007
-0.101298
-0.102375
-0.103236
-0.103879
-0.104303
-0.104508
-0.104496
-0.104268
-0.103827
-0.103177
-0.102323
-0.101271
-0.10003
-0.0986085
-0.097017
-0.0952677
-0.0933743
-0.0913515
-0.089215
-0.0869812
-0.0846666
-0.0822869
-0.0798567
-0.0773882
-0.0748901
-0.0723671
-0.0698183
-0.067237
-0.0646099
-0.061918
-0.059138
-0.0562475
-0.0532332
-0.0501058
-0.0469206
-0.0438009
-0.0409529
-0.0386518
-0.0371676
-0.0366695
-0.0372815
-0.0390045
-0.034558
-0.0342552
-0.0340548
-0.0339326
-0.0338772
-0.0339039
-0.0340303
-0.0342738
-0.0346527
-0.0351848
-0.0358868
-0.0367731
-0.037856
-0.0391446
-0.0406447
-0.0423586
-0.0442843
-0.0464155
-0.0487414
-0.0512468
-0.0539123
-0.0567148
-0.0596281
-0.0626239
-0.0656724
-0.0687433
-0.0718066
-0.0748336
-0.0777967
-0.0806709
-0.0834332
-0.0860632
-0.0885431
-0.0908573
-0.0929929
-0.0949389
-0.0966861
-0.0982274
-0.0995567
-0.10067
-0.101563
-0.102234
-0.102682
-0.102907
-0.102909
-0.10269
-0.102252
-0.1016
-0.100739
-0.0996751
-0.0984161
-0.0969712
-0.0953515
-0.0935692
-0.091638
-0.089573
-0.0873901
-0.0851061
-0.0827379
-0.0803017
-0.0778126
-0.0752836
-0.0727244
-0.0701408
-0.0675333
-0.0648969
-0.0622204
-0.0594869
-0.0566751
-0.053764
-0.0507402
-0.0476113
-0.0444261
-0.0412975
-0.038421
-0.0360662
-0.0345102
-0.0339459
-0.0345361
-0.0363065
-0.0346238
-0.0343325
-0.0341313
-0.0339936
-0.0339052
-0.0338787
-0.0339304
-0.034078
-0.0343419
-0.034743
-0.0353018
-0.0360367
-0.0369636
-0.0380953
-0.0394407
-0.0410045
-0.042787
-0.0447839
-0.0469859
-0.0493792
-0.0519454
-0.0546623
-0.0575041
-0.0604426
-0.0634481
-0.0664899
-0.0695373
-0.0725604
-0.0755309
-0.0784221
-0.0812099
-0.0838722
-0.0863898
-0.0887458
-0.0909256
-0.0929171
-0.0947099
-0.0962957
-0.0976676
-0.0988203
-0.0997498
-0.100453
-0.100929
-0.101176
-0.101196
-0.100988
-0.100557
-0.0999061
-0.0990399
-0.0979653
-0.0966898
-0.0952231
-0.0935759
-0.0917605
-0.089791
-0.0876823
-0.0854507
-0.083113
-0.0806862
-0.078187
-0.0756307
-0.0730308
-0.0703978
-0.067738
-0.0650534
-0.06234
-0.0595885
-0.0567838
-0.0539068
-0.0509382
-0.0478653
-0.0446943
-0.0414696
-0.0382966
-0.0353625
-0.0329325
-0.0312896
-0.0306485
-0.0312131
-0.0330373
-0.0346431
-0.0343686
-0.0341701
-0.034019
-0.0338983
-0.0338171
-0.0337899
-0.0338352
-0.0339754
-0.0342351
-0.0346391
-0.0352104
-0.0359694
-0.0369327
-0.0381126
-0.0395169
-0.0411482
-0.043004
-0.0450767
-0.0473536
-0.0498173
-0.0524461
-0.0552148
-0.0580952
-0.0610573
-0.06407
-0.0671018
-0.070122
-0.073101
-0.0760109
-0.078826
-0.081523
-0.0840809
-0.0864815
-0.0887088
-0.0907491
-0.092591
-0.094225
-0.0956432
-0.0968395
-0.0978091
-0.0985485
-0.0990556
-0.0993293
-0.0993697
-0.099178
-0.0987567
-0.0981094
-0.0972412
-0.0961584
-0.0948689
-0.093382
-0.0917085
-0.0898609
-0.0878528
-0.0856995
-0.083417
-0.0810222
-0.0785321
-0.0759633
-0.0733313
-0.0706496
-0.067929
-0.0651766
-0.0623946
-0.0595805
-0.0567259
-0.0538176
-0.0508385
-0.0477711
-0.044604
-0.0413437
-0.0380321
-0.0347702
-0.0317398
-0.029204
-0.0274517
-0.0267182
-0.0272508
-0.0291357
-0.0346231
-0.0343708
-0.0341789
-0.0340168
-0.0338641
-0.0337261
-0.0336155
-0.0335514
-0.0335588
-0.0336664
-0.0339037
-0.0342992
-0.0348782
-0.0356619
-0.0366663
-0.0379022
-0.0393749
-0.0410837
-0.0430226
-0.0451797
-0.0475386
-0.050078
-0.0527728
-0.0555948
-0.0585138
-0.0614979
-0.0645152
-0.0675336
-0.0705226
-0.0734529
-0.0762974
-0.0790312
-0.081632
-0.0840799
-0.0863576
-0.08845
-0.0903445
-0.0920303
-0.0934987
-0.0947425
-0.0957562
-0.0965357
-0.0970783
-0.0973824
-0.0974479
-0.0972756
-0.0968678
-0.0962281
-0.0953613
-0.0942736
-0.0929728
-0.0914681
-0.0897702
-0.0878914
-0.0858453
-0.0836468
-0.0813118
-0.0788569
-0.0762986
-0.0736535
-0.0709367
-0.0681616
-0.0653389
-0.0624756
-0.0595745
-0.0566334
-0.0536449
-0.0505972
-0.0474747
-0.044262
-0.0409497
-0.0375455
-0.034091
-0.0306856
-0.0275093
-0.0248265
-0.0229338
-0.0220863
-0.0225772
-0.0245301
-0.0345707
-0.0343469
-0.0341661
-0.0339951
-0.0338103
-0.0336128
-0.0334136
-0.0332323
-0.033097
-0.0330411
-0.0330997
-0.0333073
-0.0336946
-0.0342878
-0.0351073
-0.036167
-0.0374748
-0.0390319
-0.0408334
-0.0428687
-0.0451216
-0.0475712
-0.0501923
-0.0529567
-0.0558336
-0.0587905
-0.0617945
-0.0648128
-0.0678135
-0.0707661
-0.073642
-0.076415
-0.0790611
-0.081559
-0.0838901
-0.0860378
-0.0879882
-0.0897294
-0.0912517
-0.0925469
-0.0936088
-0.0944325
-0.0950148
-0.0953537
-0.0954486
-0.0953
-0.0949101
-0.094282
-0.0934205
-0.0923316
-0.0910229
-0.0895034
-0.0877836
-0.0858755
-0.0837923
-0.0815486
-0.0791597
-0.0766416
-0.0740105
-0.0712821
-0.068471
-0.0655901
-0.0626494
-0.0596556
-0.0566113
-0.0535144
-0.0503579
-0.0471306
-0.0438186
-0.0404084
-0.0368927
-0.0332817
-0.0296186
-0.0260039
-0.02262
-0.0197371
-0.0176627
-0.0166721
-0.0171072
-0.0191358
-0.0344933
-0.0343054
-0.0341403
-0.0339624
-0.0337448
-0.0334842
-0.0331896
-0.0328822
-0.0325935
-0.0323622
-0.0322299
-0.0322375
-0.032422
-0.032815
-0.0334412
-0.0343181
-0.035456
-0.036858
-0.0385203
-0.040433
-0.0425801
-0.0449408
-0.0474898
-0.0501982
-0.0530349
-0.0559666
-0.0589595
-0.0619798
-0.0649943
-0.0679713
-0.0708809
-0.0736952
-0.0763891
-0.0789397
-0.0813268
-0.0835328
-0.0855424
-0.0873425
-0.0889223
-0.0902728
-0.0913869
-0.0922591
-0.0928855
-0.0932637
-0.0933925
-0.0932723
-0.0929047
-0.0922928
-0.0914411
-0.0903553
-0.0890426
-0.0875119
-0.0857733
-0.0838381
-0.0817193
-0.0794306
-0.0769866
-0.0744027
-0.0716939
-0.068875
-0.0659596
-0.0629595
-0.0598836
-0.0567379
-0.0535241
-0.0502394
-0.0468768
-0.0434252
-0.0398718
-0.0362047
-0.0324195
-0.0285291
-0.0245807
-0.0206784
-0.0170113
-0.0138611
-0.0115516
-0.0103798
-0.0107397
-0.0128521
-0.0343985
-0.0342555
-0.0341115
-0.0339283
-0.033676
-0.0333469
-0.0329487
-0.0325045
-0.0320504
-0.0316313
-0.0312958
-0.0310919
-0.0310633
-0.0312474
-0.0316735
-0.0323626
-0.0333274
-0.0345727
-0.0360957
-0.0378866
-0.0399298
-0.042204
-0.0446835
-0.047339
-0.0501384
-0.0530479
-0.0560325
-0.0590573
-0.0620881
-0.0650919
-0.0680374
-0.0708955
-0.0736395
-0.0762452
-0.0786911
-0.0809582
-0.08303
-0.0848922
-0.0865331
-0.0879426
-0.089113
-0.0900379
-0.0907128
-0.0911347
-0.0913022
-0.0912152
-0.0908749
-0.0902842
-0.089447
-0.0883689
-0.0870567
-0.0855188
-0.0837648
-0.0818054
-0.0796526
-0.0773195
-0.0748197
-0.0721671
-0.0693757
-0.0664588
-0.0634284
-0.0602947
-0.0570652
-0.0537441
-0.0503317
-0.0468239
-0.0432128
-0.0394869
-0.0356335
-0.0316423
-0.0275116
-0.0232583
-0.0189347
-0.0146523
-0.0106103
-0.00710922
-0.00449648
-0.00309444
-0.00335309
-0.00555769
-0.0342944
-0.0342081
-0.0340909
-0.0339032
-0.0336126
-0.0332075
-0.0326951
-0.0321016
-0.0314687
-0.0308485
-0.0302974
-0.0298712
-0.0296206
-0.0295888
-0.0298099
-0.0303083
-0.0310991
-0.0321882
-0.0335736
-0.0352457
-0.0371885
-0.0393802
-0.0417945
-0.0444012
-0.0471674
-0.0500584
-0.0530381
-0.0560707
-0.0591208
-0.062154
-0.0651379
-0.0680421
-0.0708385
-0.0735017
-0.0760088
-0.0783396
-0.0804763
-0.0824038
-0.0841089
-0.0855811
-0.0868114
-0.0877931
-0.0885209
-0.0889912
-0.0892022
-0.0891532
-0.0888453
-0.0882807
-0.0874632
-0.0863978
-0.0850908
-0.08355
-0.0817843
-0.0798036
-0.077619
-0.0752423
-0.0726857
-0.0699618
-0.0670827
-0.0640597
-0.060903
-0.0576204
-0.0542172
-0.0506952
-0.0470524
-0.0432827
-0.0393759
-0.0353195
-0.0311002
-0.0267086
-0.0221454
-0.0174325
-0.012629
-0.0078566
-0.00332954
0.000626073
0.0036284
0.005323
0.00519994
0.00289399
-0.0341898
-0.034177
-0.0340928
-0.0338998
-0.0335647
-0.0330728
-0.0324325
-0.0316746
-0.0308478
-0.0300124
-0.0292336
-0.0285753
-0.0280954
-0.027843
-0.0278567
-0.0281642
-0.0287824
-0.0297184
-0.0309704
-0.0325287
-0.0343765
-0.0364914
-0.0388461
-0.0414095
-0.0441477
-0.0470248
-0.0500039
-0.053048
-0.0561205
-0.0591861
-0.062211
-0.0651637
-0.0680148
-0.0707376
-0.0733082
-0.0757049
-0.0779091
-0.0799044
-0.0816768
-0.0832148
-0.0845087
-0.0855509
-0.0863357
-0.0868588
-0.0871179
-0.0871119
-0.0868413
-0.086308
-0.0855152
-0.0844674
-0.0831704
-0.0816311
-0.0798575
-0.0778586
-0.0756441
-0.0732245
-0.0706103
-0.067812
-0.0648397
-0.0617023
-0.0584072
-0.0549594
-0.051361
-0.0476107
-0.0437032
-0.0396288
-0.0353746
-0.0309251
-0.0262658
-0.021387
-0.0162919
-0.0110076
-0.00560218
-0.00020855
0.00493661
0.00947434
0.0129757
0.0150427
0.0150998
0.0126826
-0.0341011
-0.0341776
-0.0341343
-0.0339335
-0.0335441
-0.0329506
-0.0321646
-0.0312239
-0.030186
-0.0291208
-0.0281026
-0.0272038
-0.0264896
-0.0260145
-0.0258214
-0.0259406
-0.0263907
-0.0271794
-0.0283048
-0.0297564
-0.0315167
-0.0335623
-0.0358645
-0.0383914
-0.0411076
-0.0439764
-0.0469598
-0.0500196
-0.0531182
-0.0562192
-0.0592878
-0.0622912
-0.065199
-0.0679835
-0.0706193
-0.073084
-0.0753577
-0.0774231
-0.0792653
-0.0808719
-0.0822325
-0.0833387
-0.0841841
-0.0847641
-0.0850755
-0.085117
-0.0848885
-0.0843912
-0.083628
-0.0826025
-0.0813199
-0.0797862
-0.0780082
-0.0759939
-0.0737514
-0.0712893
-0.0686162
-0.0657403
-0.0626691
-0.0594083
-0.0559621
-0.0523319
-0.0485157
-0.0445079
-0.0402986
-0.0358735
-0.0312151
-0.0263038
-0.0211217
-0.0156581
-0.00991755
-0.00393297
0.00221701
0.00838979
0.0143134
0.0195912
0.0237315
0.026275
0.0265701
0.0240319
-0.0340429
-0.0342357
-0.0342405
-0.034025
-0.0335657
-0.0328496
-0.0318952
-0.0307495
-0.0294812
-0.0281708
-0.0269024
-0.0257568
-0.0248057
-0.0241091
-0.0237131
-0.0236503
-0.0239401
-0.0245903
-0.0255984
-0.026953
-0.0286353
-0.0306206
-0.032879
-0.035377
-0.0380784
-0.0409451
-0.0439381
-0.0470181
-0.0501467
-0.0532863
-0.0564011
-0.0594574
-0.0624238
-0.0652714
-0.067974
-0.0705081
-0.0728528
-0.07499
-0.076904
-0.0785814
-0.080011
-0.081184
-0.0820932
-0.0827333
-0.0831008
-0.0831936
-0.0830111
-0.082554
-0.0818245
-0.0808254
-0.0795611
-0.0780364
-0.0762571
-0.0742295
-0.0719601
-0.0694556
-0.066722
-0.0637649
-0.0605884
-0.057195
-0.0535846
-0.0497541
-0.0456965
-0.0414007
-0.0368506
-0.0320258
-0.0269022
-0.021454
-0.0156581
-0.00950051
-0.00298586
0.00384842
0.0109135
0.0180427
0.0249446
0.0311615
0.036123
0.0392822
0.0398926
0.037227
-0.0340428
-0.0343866
-0.0344456
-0.0342021
-0.0336492
-0.0327819
-0.0316296
-0.0302526
-0.028732
-0.0271606
-0.0256322
-0.0242356
-0.0230487
-0.0221353
-0.0215442
-0.0213092
-0.0214498
-0.0219734
-0.0228763
-0.0241457
-0.0257615
-0.0276971
-0.0299215
-0.0323995
-0.0350938
-0.0379651
-0.0409734
-0.0440784
-0.0472407
-0.0504219
-0.0535854
-0.0566964
-0.0597227
-0.0626345
-0.0654048
-0.0680091
-0.0704257
-0.0726356
-0.0746223
-0.0763717
-0.077872
-0.0791135
-0.0800885
-0.0807911
-0.0812172
-0.0813641
-0.0812306
-0.0808169
-0.0801241
-0.0791544
-0.0779112
-0.0763981
-0.0746195
-0.07258
-0.0702843
-0.0677365
-0.0649402
-0.0618977
-0.0586096
-0.055074
-0.0512861
-0.0472373
-0.0429144
-0.0382994
-0.0333685
-0.028093
-0.0224399
-0.0163749
-0.00986669
-0.00289503
0.0045379
0.0123917
0.0205666
0.0288739
0.0369929
0.0444012
0.0504255
0.0543938
0.0554281
0.0526431
-0.0341444
-0.0346841
-0.0348003
-0.0345046
-0.0338225
-0.0327646
-0.0313767
-0.0297363
-0.0279395
-0.0260909
-0.0242943
-0.0226455
-0.021227
-0.0201055
-0.019331
-0.0189374
-0.0189435
-0.0193553
-0.0201676
-0.0213658
-0.022928
-0.0248259
-0.0270268
-0.0294943
-0.0321897
-0.0350725
-0.0381017
-0.0412364
-0.044436
-0.0476616
-0.0508755
-0.0540425
-0.0571295
-0.0601059
-0.0629438
-0.0656182
-0.0681064
-0.0703889
-0.0724482
-0.0742697
-0.0758409
-0.0771513
-0.0781928
-0.0789589
-0.0794447
-0.0796471
-0.0795641
-0.0791952
-0.0785408
-0.0776022
-0.0763815
-0.0748812
-0.0731041
-0.0710531
-0.0687305
-0.0661381
-0.0632763
-0.060144
-0.0567376
-0.0530505
-0.0490721
-0.0447873
-0.0401758
-0.0352108
-0.0298591
-0.0240815
-0.0178336
-0.0110689
-0.0037444
0.00417026
0.0126797
0.0217441
0.0312551
0.0410032
0.0506282
0.0595529
0.0669663
0.072022
0.0736458
0.0707904
-0.0344206
-0.0352137
-0.0353806
-0.0349907
-0.0341258
-0.0328234
-0.0311521
-0.0292099
-0.0271095
-0.0249675
-0.0228964
-0.0209969
-0.019355
-0.0180379
-0.0170955
-0.0165604
-0.0164496
-0.0167671
-0.0175055
-0.0186481
-0.0201708
-0.0220437
-0.0242323
-0.0266989
-0.0294034
-0.0323044
-0.03536
-0.0385283
-0.0417682
-0.0450401
-0.0483056
-0.051529
-0.0546763
-0.0577164
-0.0606209
-0.0633639
-0.0659223
-0.0682756
-0.070406
-0.072298
-0.0739386
-0.0753168
-0.0764237
-0.0772523
-0.0777972
-0.0780546
-0.0780218
-0.0776976
-0.0770815
-0.0761739
-0.0749756
-0.0734878
-0.0717118
-0.0696484
-0.0672976
-0.0646585
-0.0617282
-0.0585016
-0.0549705
-0.0511229
-0.046942
-0.0424052
-0.0374833
-0.0321397
-0.0263296
-0.0200006
-0.0130938
-0.00554708
0.00269898
0.0116906
0.0214452
0.0319302
0.0430342
0.0545306
0.0660231
0.0768688
0.0861225
0.0926766
0.0951622
0.0923843
-0.0349963
-0.0361117
-0.036303
-0.0357464
-0.0346189
-0.0329983
-0.0309824
-0.0286924
-0.0262575
-0.0238054
-0.0214548
-0.0193094
-0.0174551
-0.0159585
-0.0148669
-0.0142101
-0.0140024
-0.0142449
-0.0149273
-0.0160307
-0.0175286
-0.0193892
-0.0215765
-0.0240513
-0.0267724
-0.0296974
-0.0327837
-0.0359888
-0.0392709
-0.0425897
-0.0459067
-0.0491852
-0.0523912
-0.0554928
-0.0584611
-0.0612696
-0.0638948
-0.0663155
-0.0685134
-0.0704725
-0.0721791
-0.0736217
-0.074791
-0.0756793
-0.0762806
-0.0765905
-0.0766057
-0.0763241
-0.0757445
-0.0748661
-0.0736887
-0.072212
-0.0704354
-0.0683578
-0.0659769
-0.0632886
-0.0602866
-0.0569617
-0.0533006
-0.0492852
-0.0448918
-0.0400894
-0.0348388
-0.029092
-0.0227906
-0.0158665
-0.008243
0.00016225
0.00943047
0.0196307
0.0308024
0.0429303
0.0559112
0.069512
0.0833083
0.0965924
0.108308
0.116979
0.120801
0.118454
-0.0360914
-0.0376
-0.0377456
-0.0368994
-0.0353902
-0.0333506
-0.0309116
-0.0282179
-0.0254132
-0.022633
-0.0199987
-0.0176136
-0.0155608
-0.0139027
-0.0126825
-0.0119255
-0.011642
-0.0118292
-0.0124738
-0.013554
-0.015041
-0.0169013
-0.019097
-0.0215877
-0.0243314
-0.0272848
-0.0304046
-0.0336477
-0.036972
-0.0403368
-0.0437031
-0.047034
-0.0502949
-0.0534537
-0.056481
-0.05935
-0.0620366
-0.0645193
-0.0667791
-0.0687997
-0.0705669
-0.0720688
-0.0732954
-0.0742385
-0.0748917
-0.0752498
-0.075309
-0.0750665
-0.07452
-0.0736678
-0.0725085
-0.0710403
-0.069261
-0.0671672
-0.064754
-0.0620144
-0.0589385
-0.0555123
-0.0517175
-0.0475295
-0.042917
-0.0378398
-0.0322479
-0.0260803
-0.0192633
-0.0117108
-0.00332468
0.00600202
0.0163788
0.0279061
0.0406569
0.054649
0.0698061
0.0859088
0.102527
0.118917
0.133907
0.145661
0.151679
0.150505
-0.0381006
-0.0400419
-0.0399792
-0.0386339
-0.0365652
-0.0339688
-0.0310056
-0.0278395
-0.0246232
-0.0214942
-0.0185717
-0.0159537
-0.0137165
-0.0119157
-0.0105877
-0.00975157
-0.00941238
-0.00956292
-0.0101862
-0.0112574
-0.0127456
-0.014615
-0.0168265
-0.0193388
-0.0221086
-0.0250922
-0.0282457
-0.0315258
-0.03489
-0.0382973
-0.0417086
-0.0450867
-0.0483968
-0.0516065
-0.0546861
-0.0576085
-0.0603492
-0.0628864
-0.0652009
-0.0672758
-0.0690965
-0.0706507
-0.0719279
-0.0729196
-0.0736188
-0.0740198
-0.074118
-0.0739099
-0.0733924
-0.0725629
-0.0714186
-0.0699563
-0.068172
-0.0660603
-0.0636136
-0.0608218
-0.0576711
-0.0541432
-0.050214
-0.0458526
-0.0410195
-0.035665
-0.0297277
-0.0231325
-0.0157891
-0.0075914
0.00158303
0.0118702
0.0234145
0.0363576
0.0508207
0.0668745
0.084498
0.103521
0.123547
0.143847
0.163189
0.179494
0.189242
0.190685
-0.0417556
-0.0440342
-0.0433957
-0.0411926
-0.0382994
-0.0349574
-0.0313397
-0.0276166
-0.0239392
-0.0204378
-0.0172214
-0.014377
-0.0119694
-0.0100439
-0.00862727
-0.00773119
-0.00735413
-0.00748381
-0.00809924
-0.00917249
-0.0106703
-0.0125551
-0.0147866
-0.0173224
-0.0201187
-0.0231313
-0.0263161
-0.0296293
-0.0330286
-0.0364727
-0.0399224
-0.0433405
-0.046692
-0.0499445
-0.0530681
-0.0560353
-0.0588217
-0.061405
-0.0637657
-0.0658867
-0.0677531
-0.0693521
-0.070673
-0.0717067
-0.0724457
-0.0728839
-0.0730161
-0.0728381
-0.0723459
-0.0715359
-0.0704041
-0.0689459
-0.0671556
-0.0650255
-0.0625457
-0.059703
-0.0564798
-0.0528533
-0.0487939
-0.0442641
-0.0392165
-0.0335919
-0.027317
-0.0203028
-0.0124418
-0.00360649
0.00635156
0.017601
0.0303271
0.0447231
0.0609743
0.0792306
0.0995635
0.121904
0.145958
0.17109
0.196168
0.218994
0.235052
0.241701
-0.0484625
-0.0505418
-0.0484924
-0.0448166
-0.0407088
-0.0363658
-0.0319293
-0.0275507
-0.0233602
-0.0194659
-0.0159555
-0.0128965
-0.0103367
-0.00830678
-0.00682209
-0.0058848
-0.00548621
-0.00560854
-0.00622672
-0.00730984
-0.00882243
-0.0107256
-0.0129779
-0.0155362
-0.0183564
-0.0213941
-0.024605
-0.0279455
-0.031373
-0.0348465
-0.0383268
-0.0417767
-0.0451613
-0.048448
-0.0516068
-0.0546104
-0.0574339
-0.0600551
-0.0624542
-0.0646138
-0.0665187
-0.0681559
-0.0695142
-0.0705843
-0.0713582
-0.0718293
-0.0719918
-0.0718407
-0.0713715
-0.0705794
-0.0694595
-0.0680058
-0.0662106
-0.0640642
-0.0615549
-0.0586662
-0.055377
-0.0516602
-0.0474812
-0.0427962
-0.0375504
-0.0316755
-0.0250873
-0.0176833
-0.00933919
9.31046e-05
0.0107885
0.0229496
0.0368068
0.0526134
0.0706355
0.0911317
0.114316
0.140296
0.168981
0.199967
0.23241
0.264235
0.290375
0.306682
-0.0610688
-0.0610601
-0.055752
-0.0495796
-0.0436894
-0.038009
-0.0325656
-0.0274432
-0.0227147
-0.0184398
-0.0146668
-0.0114321
-0.00875976
-0.00666222
-0.00514121
-0.004189
-0.00378967
-0.00392039
-0.00455257
-0.00565293
-0.00718448
-0.00910736
-0.0113796
-0.013958
-0.0167982
-0.019856
-0.0230871
-0.0264483
-0.0298972
-0.0333929
-0.0368965
-0.0403707
-0.0437809
-0.0470945
-0.0502816
-0.0533147
-0.0561688
-0.0588217
-0.0612533
-0.0634461
-0.0653846
-0.0670556
-0.0684475
-0.0695507
-0.0703567
-0.0708584
-0.0710496
-0.0709247
-0.0704783
-0.069705
-0.0685988
-0.0671525
-0.0653572
-0.0631997
-0.060668
-0.0577427
-0.0543994
-0.0506073
-0.0463275
-0.0415107
-0.0360956
-0.0300062
-0.0231488
-0.015409
-0.00664826
0.00330018
0.0146352
0.0275918
0.0424447
0.0595107
0.0791485
0.101753
0.127738
0.157499
0.191325
0.229282
0.271059
0.315128
0.356543
0.391623
-0.0860988
-0.0773855
-0.0651031
-0.0548585
-0.0463941
-0.0390201
-0.0324775
-0.0266581
-0.0214997
-0.0169705
-0.0130576
-0.0097564
-0.00706348
-0.00497287
-0.00347424
-0.00255214
-0.00218578
-0.00234943
-0.00301287
-0.00414209
-0.00569985
-0.00764645
-0.00994026
-0.0125384
-0.0153971
-0.0184726
-0.0217212
-0.0250998
-0.0285667
-0.0320812
-0.0356046
-0.0391
-0.0425327
-0.0458703
-0.0490829
-0.052143
-0.0550256
-0.0577082
-0.0601707
-0.0623952
-0.0643663
-0.0660702
-0.0674952
-0.0686313
-0.0694697
-0.0700029
-0.0702242
-0.0701273
-0.0697062
-0.0689546
-0.0678665
-0.0664329
-0.0646427
-0.0624865
-0.059945
-0.0569977
-0.0536188
-0.0497747
-0.0454228
-0.0405101
-0.0349702
-0.0287213
-0.0216627
-0.0136713
-0.00459765
0.00573895
0.017556
0.0311141
0.0467252
0.0647623
0.0856721
0.109993
0.138378
0.171617
0.210643
0.256487
0.310066
0.37143
0.438101
0.513006
-0.142008
-0.0983928
-0.0712093
-0.0556087
-0.0447038
-0.036159
-0.0292012
-0.0233627
-0.0183486
-0.0140178
-0.0103132
-0.00721033
-0.0046963
-0.00276181
-0.00139678
-0.000587694
-0.000316359
-0.000559759
-0.00129031
-0.00247638
-0.00408287
-0.00607191
-0.00840342
-0.0110358
-0.0139266
-0.0170326
-0.0203111
-0.0237196
-0.0272167
-0.0307622
-0.0343176
-0.0378462
-0.0413133
-0.0446868
-0.0479364
-0.0510348
-0.0539568
-0.0566797
-0.0591832
-0.0614494
-0.0634623
-0.0652083
-0.0666751
-0.0678526
-0.0687317
-0.0693046
-0.0695643
-0.0695044
-0.0691182
-0.068397
-0.0673369
-0.0659284
-0.0641608
-0.06202
-0.0594879
-0.056543
-0.0531581
-0.0492979
-0.0449183
-0.0399638
-0.0343658
-0.0280394
-0.0208804
-0.0127613
-0.00352706
0.00701012
0.0190776
0.0329502
0.0489616
0.0675196
0.0891299
0.114436
0.144283
0.179843
0.222807
0.27576
0.342542
0.42881
0.542298
0.695582
-0.275339
-0.114422
-0.0563698
-0.0400008
-0.0312574
-0.0244707
-0.0192759
-0.0151027
-0.0114736
-0.00822664
-0.00535898
-0.00290294
-0.000889739
0.000655645
0.00171635
0.00228506
0.00236406
0.00196431
0.00110424
-0.000191509
-0.00189314
-0.0039668
-0.0063755
-0.00907996
-0.0120394
-0.015212
-0.0185559
-0.0220294
-0.0255915
-0.0292022
-0.0328233
-0.0364181
-0.0399519
-0.0433923
-0.0467092
-0.0498749
-0.0528641
-0.0556538
-0.0582236
-0.0605552
-0.0626326
-0.0644417
-0.0659705
-0.0672082
-0.0681458
-0.0687753
-0.0690894
-0.0690817
-0.0687464
-0.0680789
-0.0670654
-0.0656998
-0.063973
-0.0618707
-0.0593754
-0.0564652
-0.0531125
-0.0492823
-0.0449304
-0.0400018
-0.0344279
-0.0281241
-0.0209867
-0.0128886
-0.00367545
0.00684023
0.0188856
0.0327363
0.0487286
0.0672773
0.0889031
0.114282
0.144329
0.180378
0.224529
0.280589
0.355973
0.46728
0.643783
0.92544
)
;

boundaryField
{
    movingWall
    {
        type            zeroGradient;
    }
    fixedWalls
    {
        type            zeroGradient;
    }
    frontAndBack
    {
        type            empty;
    }
}


// ************************************************************************* //
