/*--------------------------------*- C++ -*----------------------------------*\
  =========                 |
  \\      /  F ield         | OpenFOAM: The Open Source CFD Toolbox
   \\    /   O peration     | Website:  https://openfoam.org
    \\  /    A nd           | Version:  7
     \\/     M anipulation  |
\*---------------------------------------------------------------------------*/
FoamFile
{
    version     2.0;
    format      ascii;
    class       volScalarField;
    location    "1.475";
    object      p;
}
// * * * * * * * * * * * * * * * * * * * * * * * * * * * * * * * * * * * * * //

dimensions      [0 2 -2 0 0 0 0];

internalField   nonuniform List<scalar> 
6400
(
1.92703e-06
-3.5278e-08
-6.38776e-05
-0.000186001
-0.000351358
-0.000546576
-0.000760021
-0.000981862
-0.00120402
-0.00142007
-0.00162494
-0.00181472
-0.00198641
-0.00213773
-0.002267
-0.00237301
-0.00245488
-0.00251199
-0.00254393
-0.00255041
-0.00253125
-0.00248633
-0.0024156
-0.00231904
-0.00219668
-0.0020486
-0.00187494
-0.00167592
-0.00145186
-0.00120318
-0.000930452
-0.000634409
-0.000315958
2.3787e-05
0.00038349
0.000761582
0.00115625
0.00156542
0.00198679
0.00241777
0.00285556
0.00329711
0.00373919
0.00417837
0.00461109
0.00503368
0.00544242
0.00583357
0.00620346
0.00654851
0.00686531
0.00715069
0.00740175
0.00761595
0.00779117
0.00792572
0.00801844
0.0080687
0.00807645
0.00804223
0.00796723
0.00785323
0.00770262
0.00751842
0.00730425
0.00706426
0.00680317
0.00652619
0.00623904
0.00594784
0.00565919
0.00538005
0.00511774
0.0048799
0.00467435
0.00450882
0.00439021
0.00432364
0.00431109
0.00433984
6.33726e-06
3.32623e-06
-5.31429e-05
-0.000156672
-0.000295123
-0.00045902
-0.000639462
-0.00082857
-0.00101949
-0.00120655
-0.00138511
-0.00155146
-0.00170265
-0.00183638
-0.00195089
-0.00204483
-0.00211721
-0.00216726
-0.00219444
-0.00219836
-0.00217873
-0.00213535
-0.00206812
-0.00197696
-0.00186186
-0.0017229
-0.00156018
-0.00137394
-0.00116447
-0.000932202
-0.000677695
-0.000401656
-0.000104964
0.000211313
0.000545904
0.000897321
0.00126386
0.00164358
0.00203431
0.00243367
0.00283904
0.00324762
0.00365641
0.00406226
0.00446191
0.00485199
0.00522909
0.00558983
0.00593084
0.00624889
0.00654089
0.00680397
0.00703555
0.00723335
0.00739548
0.00752049
0.00760736
0.0076556
0.00766523
0.00763686
0.0075716
0.00747119
0.00733788
0.00717451
0.00698442
0.00677148
0.00654003
0.00629485
0.00604113
0.00578444
0.00553066
0.00528593
0.00505661
0.00484913
0.00466987
0.00452484
0.00441894
0.00435567
0.00433958
0.00436851
7.09082e-05
5.98446e-05
2.87125e-06
-9.28724e-05
-0.000217384
-0.000363186
-0.000523235
-0.000690995
-0.000860683
-0.00102737
-0.00118692
-0.00133594
-0.00147168
-0.00159194
-0.00169499
-0.00177948
-0.00184436
-0.00188884
-0.00191231
-0.00191431
-0.00189451
-0.00185265
-0.00178858
-0.00170218
-0.00159343
-0.00146235
-0.00130904
-0.00113371
-0.000936633
-0.000718214
-0.000478979
-0.0002196
5.90873e-05
0.000356071
0.00067015
0.000999919
0.00134377
0.00169988
0.00206621
0.00244051
0.00282035
0.00320309
0.00358594
0.00396594
0.00434005
0.00470514
0.00505802
0.00539554
0.00571459
0.00601215
0.00628536
0.00653159
0.00674844
0.00693382
0.00708602
0.0072037
0.00728598
0.00733243
0.00734315
0.00731872
0.00726027
0.00716944
0.00704839
0.00689979
0.00672682
0.00653308
0.00632262
0.00609989
0.00586966
0.00563704
0.00540734
0.0051861
0.00497891
0.00479139
0.00462901
0.00449683
0.00439894
0.00433861
0.00432308
0.00435648
0.000194461
0.000163865
9.76255e-05
9.00047e-07
-0.00011922
-0.00025653
-0.000405191
-0.000559792
-0.000715485
-0.000868052
-0.00101391
-0.00115007
-0.00127405
-0.00138385
-0.00147787
-0.00155484
-0.00161375
-0.00165381
-0.00167441
-0.00167507
-0.00165544
-0.00161524
-0.00155427
-0.00147239
-0.00136954
-0.00124572
-0.001101
-0.000935544
-0.000749596
-0.000543517
-0.000317789
-7.30335e-05
0.000189973
0.000470283
0.000766771
0.00107812
0.00140282
0.00173914
0.00208517
0.0024388
0.00279771
0.00315942
0.00352129
0.00388053
0.00423425
0.00457949
0.00491324
0.00523252
0.00553437
0.00581596
0.00607458
0.00630772
0.00651315
0.00668889
0.00683332
0.00694521
0.00702374
0.00706854
0.00707972
0.00705786
0.00700406
0.0069199
0.00680746
0.00666928
0.00650838
0.00632817
0.00613246
0.00592542
0.00571149
0.00549538
0.00528198
0.00507632
0.00488344
0.00470837
0.00455596
0.00443081
0.00433664
0.00427687
0.0042598
0.00429166
0.000363363
0.00030406
0.00022173
0.00011814
-3.39815e-06
-0.000137795
-0.00028022
-0.000426314
-0.000572109
-0.000714101
-0.000849282
-0.000975097
-0.00108941
-0.00119048
-0.00127688
-0.00134747
-0.00140132
-0.00143769
-0.00145601
-0.00145581
-0.00143673
-0.00139848
-0.00134084
-0.00126364
-0.00116678
-0.00105024
-0.000914048
-0.000758312
-0.000583238
-0.000389131
-0.000176418
5.43415e-05
0.000302442
0.000567014
0.000847014
0.00114122
0.00144821
0.00176637
0.00209391
0.00242882
0.00276892
0.00311185
0.0034551
0.00379604
0.00413189
0.00445985
0.00477704
0.0050806
0.00536771
0.00563565
0.00588184
0.00610389
0.00629962
0.00646718
0.00660501
0.00671192
0.00678714
0.00683034
0.00684162
0.00682155
0.0067712
0.0066921
0.00658622
0.00645603
0.00630437
0.00613449
0.00595
0.00575481
0.00555307
0.00534917
0.0051476
0.00495296
0.00476985
0.00460277
0.00445612
0.00433404
0.00424005
0.00417751
0.00415424
0.00417623
0.000565246
0.000471499
0.000368029
0.000252898
0.000125243
-1.08418e-05
-0.000151387
-0.000292987
-0.000432511
-0.000567149
-0.000694463
-0.00081236
-0.000919074
-0.00101315
-0.00109338
-0.0011588
-0.00120859
-0.00124211
-0.00125884
-0.00125834
-0.00124027
-0.00120432
-0.00115028
-0.00107794
-0.000987188
-0.000877945
-0.000750201
-0.000604015
-0.000439535
-0.000257004
-5.67812e-05
0.000160648
0.000394655
0.000644459
0.000909105
0.00118746
0.00147822
0.00177986
0.0020907
0.00240885
0.00273223
0.00305862
0.0033856
0.00371065
0.00403113
0.00434432
0.00464746
0.00493777
0.00521255
0.00546915
0.00570506
0.00591796
0.00610575
0.0062666
0.006399
0.0065018
0.00657423
0.00661597
0.00662711
0.0066082
0.00656027
0.00648477
0.00638363
0.00625919
0.00611417
0.00595169
0.00577517
0.00558828
0.00539497
0.00519929
0.00500544
0.00481765
0.00464011
0.00447693
0.00433209
0.00420933
0.00411196
0.00404318
0.0040093
0.00401485
0.000789127
0.000657602
0.000529581
0.000399325
0.000261779
0.000120205
-2.21509e-05
-0.000162747
-0.000299231
-0.000429451
-0.000551518
-0.000663803
-0.000764929
-0.000853749
-0.000929311
-0.000990826
-0.00103764
-0.00106922
-0.00108512
-0.00108496
-0.00106841
-0.00103519
-0.000985048
-0.000917798
-0.000833271
-0.000731354
-0.000611984
-0.000475166
-0.000320981
-0.000149601
3.86908e-05
0.00024349
0.000464257
0.000700301
0.000950762
0.00121461
0.00149063
0.00177742
0.00207339
0.00237675
0.00268554
0.00299761
0.00331067
0.00362227
0.00392985
0.00423079
0.00452239
0.00480195
0.0050668
0.00531437
0.00554217
0.00574792
0.00592955
0.00608523
0.00621346
0.0063131
0.00638338
0.00642393
0.00643483
0.0064166
0.0063702
0.00629706
0.006199
0.00607829
0.00593754
0.00577975
0.00560816
0.00542629
0.00523786
0.0050467
0.00485673
0.00467187
0.00449599
0.00433288
0.00418613
0.00405916
0.00395507
0.00387681
0.00382867
0.00381316
0.00102532
0.000854372
0.000699599
0.00055164
0.000401375
0.000251376
0.000104277
-3.81637e-05
-0.000174307
-0.00030261
-0.000421713
-0.000530447
-0.000627824
-0.000713018
-0.000785335
-0.000844195
-0.000889118
-0.000919695
-0.00093557
-0.000936424
-0.000921965
-0.000891931
-0.00084608
-0.000784193
-0.000706075
-0.000611568
-0.000500556
-0.000372981
-0.00022885
-6.82614e-05
0.000108588
0.000301384
0.000509681
0.000732884
0.000970234
0.0012208
0.00148347
0.00175695
0.00203974
0.00233014
0.0026263
0.00292614
0.00322746
0.00352787
0.0038249
0.00411595
0.00439838
0.00466953
0.00492676
0.0051675
0.00538929
0.00558984
0.00576705
0.0059191
0.00604447
0.00614198
0.00621081
0.00625058
0.00626131
0.00624347
0.00619798
0.00612619
0.00602987
0.00591118
0.00577267
0.0056172
0.00544791
0.00526817
0.0050815
0.00489157
0.00470206
0.00451666
0.00433897
0.00417248
0.00402051
0.00388616
0.00377232
0.00368179
0.00361654
0.00357684
0.0012654
0.00105446
0.000871661
0.000704249
0.000539227
0.000378594
0.000224467
7.79001e-05
-6.01121e-05
-0.000188595
-0.000306699
-0.0004137
-0.000508989
-0.000592054
-0.000662471
-0.000719882
-0.000763984
-0.000794502
-0.000811179
-0.000813768
-0.000802023
-0.000775703
-0.000734568
-0.000678381
-0.000606914
-0.000519965
-0.000417358
-0.000298965
-0.000164719
-1.46322e-05
0.00015119
0.000332529
0.000529038
0.000740223
0.000965432
0.00120384
0.00145443
0.00171601
0.00198717
0.00226632
0.00255167
0.00284122
0.00313284
0.00342419
0.00371285
0.00399624
0.00427176
0.00453675
0.00478856
0.00502462
0.00524244
0.0054397
0.00561427
0.00576427
0.00588813
0.00598461
0.00605285
0.00609239
0.00610321
0.0060857
0.00604072
0.00596956
0.0058739
0.00575586
0.00561788
0.00546273
0.00529346
0.00511331
0.00492569
0.00473408
0.00454202
0.00435298
0.00417038
0.00399747
0.00383732
0.00369277
0.0035666
0.00346141
0.00337684
0.00331097
0.00150209
0.00125124
0.0010398
0.000851817
0.000670619
0.000497727
0.000334825
0.000182335
4.06609e-05
-8.97572e-05
-0.000208548
-0.000315409
-0.000410093
-0.000492404
-0.000562186
-0.000619307
-0.000663638
-0.000695042
-0.000713368
-0.000718445
-0.000710076
-0.000688043
-0.000652107
-0.000602013
-0.000537502
-0.000458319
-0.000364226
-0.000255023
-0.000130559
9.24398e-06
0.000164377
0.000334722
0.000520039
0.000719942
0.000933884
0.00116115
0.00140082
0.0016518
0.00191278
0.00218225
0.00245849
0.00273958
0.00302342
0.00330773
0.0035901
0.00386798
0.00413875
0.00439974
0.0046483
0.00488178
0.00509767
0.00529358
0.0054673
0.00561689
0.00574069
0.00583738
0.00590603
0.00594609
0.00595744
0.00594042
0.00589581
0.0058248
0.00572904
0.00561055
0.0054717
0.0053152
0.005144
0.00496126
0.00477028
0.00457444
0.00437714
0.00418172
0.00399143
0.00380937
0.00363841
0.0034812
0.00334043
0.0032186
0.00311306
0.00301977
0.00172894
0.00143867
0.00119844
0.000989271
0.000790969
0.00060467
0.000431695
0.000271893
0.000125117
-8.68696e-06
-0.000129592
-0.000237693
-0.000333094
-0.000415908
-0.00048624
-0.000544173
-0.000589754
-0.000622982
-0.000643816
-0.000652161
-0.000647868
-0.000630739
-0.000600538
-0.00055699
-0.000499798
-0.000428654
-0.000343254
-0.000243318
-0.00012861
1.04514e-06
0.000145742
0.000305471
0.000480099
0.000669354
0.000872801
0.00108983
0.00131963
0.00156121
0.00181333
0.00207458
0.0023433
0.00261763
0.00289551
0.00317469
0.00345277
0.00372719
0.00399532
0.00425446
0.00450189
0.00473491
0.00495092
0.00514744
0.00532218
0.00547309
0.00559841
0.0056967
0.00576692
0.00580842
0.00582098
0.00580485
0.0057607
0.00568967
0.0055933
0.00547356
0.00533275
0.00517352
0.00499875
0.00481154
0.00461513
0.00441281
0.00420789
0.00400363
0.00380319
0.00360954
0.00342543
0.00325336
0.00309603
0.0029559
0.00282813
0.00270666
0.00194021
0.00161126
0.00134242
0.0011118
0.000895843
0.000695376
0.000511398
0.000343229
0.000190215
5.18453e-05
-7.23688e-05
-0.000182901
-0.000280194
-0.000364653
-0.000436634
-0.000496426
-0.000544245
-0.000580228
-0.000604438
-0.000616851
-0.000617365
-0.000605802
-0.000581923
-0.000545432
-0.000495987
-0.000433224
-0.00035677
-0.000266261
-0.000161366
-4.18091e-05
9.26133e-05
0.000242003
0.000406345
0.000585482
0.000779096
0.000986686
0.00120755
0.00144079
0.00168528
0.00193965
0.00220232
0.0024715
0.00274513
0.00302101
0.00329671
0.00356968
0.00383723
0.00409661
0.00434502
0.0045797
0.00479793
0.00499711
0.00517484
0.00532892
0.00545746
0.0055589
0.00563205
0.00567613
0.0056908
0.0056762
0.00563289
0.0055619
0.00546472
0.00534323
0.00519967
0.00503663
0.00485695
0.0046637
0.00446006
0.00424929
0.00403466
0.00381939
0.00360657
0.00339915
0.00319978
0.0030109
0.00283528
0.00267543
0.00252442
0.00237425
0.00213064
0.00176394
0.00146689
0.00121482
0.000980968
0.000765872
0.000570254
0.000392943
0.000232815
8.89327e-05
-3.95868e-05
-0.000153577
-0.000253802
-0.000340944
-0.000415592
-0.000478233
-0.000529248
-0.000568905
-0.000597362
-0.000614664
-0.00062075
-0.000615459
-0.000598543
-0.000569677
-0.000528476
-0.000474513
-0.000407339
-0.0003265
-0.000231567
-0.000122155
2.05115e-06
0.000141274
0.00029562
0.000465055
0.000649378
0.000848205
0.00106095
0.0012868
0.00152473
0.00177345
0.00203145
0.00229695
0.00256797
0.00284228
0.00311746
0.00339091
0.00365991
0.00392162
0.00417317
0.00441166
0.00463425
0.00483823
0.00502101
0.00518025
0.0053139
0.00542022
0.00549787
0.0055459
0.00556385
0.00555168
0.00550985
0.00543928
0.00534137
0.00521791
0.0050711
0.00490347
0.00471784
0.00451724
0.00430485
0.00408393
0.00385775
0.00362952
0.00340235
0.00317917
0.00296264
0.00275519
0.00255973
0.00237889
0.00220374
0.00202446
0.00229542
0.00189198
0.00156729
0.00129398
0.00104221
0.000812269
0.000604611
0.000417615
0.000249715
9.95668e-05
-3.40879e-05
-0.000152422
-0.000256499
-0.000347261
-0.00042552
-0.000491953
-0.000547094
-0.000591332
-0.000624915
-0.000647948
-0.000660405
-0.000662135
-0.000652877
-0.000632272
-0.000599884
-0.000555219
-0.000497745
-0.000426914
-0.000342192
-0.00024308
-0.000129143
-3.25903e-08
0.000144486
0.000304505
0.000479951
0.00067056
0.000875859
0.00109514
0.00132747
0.00157165
0.00182621
0.00208945
0.00235937
0.00263377
0.00291021
0.00318605
0.00345849
0.00372463
0.00398147
0.00422598
0.00445518
0.00466618
0.00485622
0.00502279
0.00516361
0.00527677
0.00536071
0.00541434
0.00543697
0.00542842
0.00538901
0.00531954
0.00522127
0.00509594
0.00494567
0.00477296
0.0045806
0.00437163
0.00414924
0.00391671
0.00367736
0.00343445
0.00319113
0.0029504
0.00271498
0.00248733
0.00227058
0.00206756
0.00186745
0.00165863
0.00243003
0.00199095
0.0016393
0.00134512
0.0010756
0.000830773
0.000610872
0.000413836
0.000237678
8.06671e-05
-5.88115e-05
-0.00018225
-0.000290993
-0.00038623
-0.000468984
-0.000540109
-0.000600282
-0.000650001
-0.000689595
-0.000719224
-0.000738886
-0.000748435
-0.000747587
-0.000735946
-0.000713019
-0.000678237
-0.00063098
-0.000570598
-0.000496447
-0.000407908
-0.000304418
-0.000185495
-5.07705e-05
9.99835e-05
0.000266824
0.000449616
0.000648005
0.000861401
0.00108896
0.00132956
0.00158182
0.00184405
0.00211431
0.00239038
0.0026698
0.00294988
0.00322777
0.00350043
0.00376475
0.00401756
0.0042557
0.00447609
0.00467576
0.00485197
0.00500225
0.00512443
0.00521674
0.00527785
0.00530688
0.00530346
0.00526772
0.00520032
0.0051024
0.00497559
0.00482197
0.00464398
0.00444441
0.0042263
0.0039929
0.00374755
0.00349363
0.00323449
0.0029734
0.00271347
0.00245753
0.00220816
0.00196875
0.00174241
0.00151645
0.00127754
0.00253023
0.00205667
0.00167883
0.00136427
0.00107729
0.000817697
0.0005855
0.000378218
0.000193455
2.91132e-05
-0.000116759
-0.000245957
-0.000360095
-0.000460593
-0.000548675
-0.000625358
-0.000691449
-0.000747547
-0.000794052
-0.000831167
-0.000858909
-0.000877123
-0.000885502
-0.000883604
-0.00087087
-0.00084665
-0.00081023
-0.000760853
-0.000697756
-0.000620191
-0.00052746
-0.000418943
-0.000294127
-0.000152642
5.70985e-06
0.000180928
0.000372787
0.000580816
0.000804273
0.00104213
0.00129307
0.00155546
0.00182737
0.0021066
0.00239066
0.00267682
0.00296211
0.00324341
0.00351746
0.00378092
0.00403044
0.00426271
0.00447455
0.00466296
0.00482519
0.00495884
0.00506186
0.00513266
0.00517013
0.00517365
0.00514317
0.00507916
0.00498261
0.00485507
0.0046985
0.00451534
0.00430837
0.00408064
0.00383547
0.00357628
0.00330659
0.00302987
0.00274955
0.00246889
0.0021909
0.00191833
0.00165491
0.00140406
0.00115131
0.000881589
0.00259197
0.00208514
0.00168198
0.00134762
0.00104359
0.00076946
0.000525032
0.000307411
0.000113808
-5.82257e-05
-0.000210965
-0.000346495
-0.000466686
-0.000573179
-0.000667382
-0.000750463
-0.000823348
-0.000886727
-0.000941059
-0.000986581
-0.00102332
-0.0010511
-0.0010696
-0.0010783
-0.00107658
-0.00106371
-0.00103886
-0.00100117
-0.000949737
-0.00088369
-0.000802182
-0.000704445
-0.000589816
-0.000457773
-0.000307965
-0.00014025
4.52863e-05
0.0002483
0.000468164
0.000703949
0.000954409
0.00121798
0.00149276
0.00177655
0.00206683
0.00236083
0.00265548
0.00294755
0.00323361
0.00351015
0.0037736
0.00402041
0.00424714
0.0044505
0.00462747
0.00477531
0.00489169
0.00497472
0.00502299
0.00503563
0.00501236
0.00495341
0.00485964
0.00473244
0.0045737
0.00438579
0.00417151
0.00393395
0.0036765
0.00340271
0.00311623
0.00282073
0.00251982
0.00221701
0.00191551
0.00161829
0.00132949
0.00105292
0.000772282
0.000470803
0.00261141
0.00207258
0.00164502
0.00129151
0.000970917
0.000682587
0.000426085
0.000198124
-4.46242e-06
-0.000184465
-0.00034447
-0.000486841
-0.000613692
-0.000726871
-0.000827958
-0.000918261
-0.000998814
-0.00107039
-0.00113348
-0.00118837
-0.00123507
-0.0012734
-0.00130296
-0.00132321
-0.00133344
-0.0013328
-0.00132038
-0.00129519
-0.00125619
-0.00120236
-0.0011327
-0.00104629
-0.000942306
-0.00082006
-0.000679044
-0.000518952
-0.000339724
-0.000141562
7.50321e-05
0.000309238
0.000559901
0.000825519
0.00110424
0.00139388
0.00169189
0.00199543
0.00230138
0.00260634
0.00290675
0.00319888
0.00347894
0.00374311
0.00398765
0.00420896
0.00440369
0.00456875
0.00470147
0.00479961
0.00486144
0.00488578
0.00487204
0.00482025
0.00473104
0.00460563
0.00444583
0.00425396
0.00403278
0.00378547
0.00351549
0.00322654
0.00292246
0.00260713
0.00228443
0.00195812
0.00163167
0.00130837
0.000992772
0.000689152
0.000379394
4.49551e-05
0.00258487
0.00201536
0.00156438
0.00119245
0.000855859
0.000553719
0.000285372
4.71457e-05
-0.000164498
-0.000352683
-0.000520296
-0.00066997
-0.000804048
-0.000924575
-0.00103329
-0.00113164
-0.00122074
-0.00130143
-0.00137426
-0.00143951
-0.0014972
-0.0015471
-0.00158879
-0.00162163
-0.00164482
-0.00165745
-0.00165845
-0.00164671
-0.00162105
-0.0015803
-0.00152331
-0.00144896
-0.00135628
-0.00124439
-0.00111262
-0.000960485
-0.000787761
-0.000594499
-0.000381059
-0.000148135
0.000103222
0.000371593
0.000655182
0.000951815
0.00125895
0.00157369
0.00189281
0.0022128
0.00252993
0.00284024
0.0031397
0.0034242
0.00368969
0.0039322
0.00414801
0.00433365
0.00448605
0.00460257
0.00468111
0.00472012
0.0047187
0.00467657
0.00459412
0.00447239
0.00431305
0.00411835
0.00389105
0.00363436
0.00335187
0.00304745
0.00272515
0.00238911
0.0020435
0.0016924
0.00133962
0.00098876
0.000644901
0.000312806
-2.75027e-05
-0.000396384
0.00250883
0.00191002
0.00143666
0.00104709
0.000695116
0.000379621
9.97196e-05
-0.000148642
-0.000369365
-0.0005659
-0.000741425
-0.000898828
-0.00104067
-0.00116919
-0.00128628
-0.00139349
-0.00149203
-0.00158279
-0.00166637
-0.00174304
-0.00181279
-0.00187539
-0.00193032
-0.00197689
-0.00201421
-0.00204124
-0.0020568
-0.00205963
-0.0020484
-0.00202179
-0.00197845
-0.00191711
-0.0018366
-0.00173585
-0.00161401
-0.00147039
-0.00130461
-0.00111653
-0.000906355
-0.000674639
-0.000422308
-0.000150676
0.000138525
0.00044316
0.000760684
0.00108816
0.00142229
0.00175943
0.00209565
0.00242681
0.00274859
0.00305656
0.00334633
0.00361354
0.00385405
0.00406397
0.00423976
0.00437836
0.0044772
0.00453433
0.00454846
0.00451897
0.00444596
0.00433024
0.00417331
0.00397732
0.00374503
0.00347969
0.00318502
0.00286506
0.00252412
0.00216665
0.00179713
0.00142003
0.00103953
0.000659617
0.000285942
-7.6184e-05
-0.000448675
-0.000853781
0.00237991
0.00175326
0.00125861
0.00085223
0.000485543
0.000157197
-0.000133923
-0.000392248
-0.000622037
-0.000827057
-0.00101077
-0.00117631
-0.00132645
-0.0014636
-0.0015898
-0.00170669
-0.00181558
-0.00191741
-0.00201278
-0.00210196
-0.00218495
-0.00226142
-0.00233084
-0.00239239
-0.00244511
-0.00248782
-0.00251923
-0.00253791
-0.00254239
-0.00253115
-0.00250268
-0.00245551
-0.00238827
-0.00229969
-0.0021887
-0.00205443
-0.00189628
-0.00171392
-0.00150738
-0.00127705
-0.0010237
-0.000748527
-0.000453174
-0.000139719
0.000189311
0.000530952
0.000881828
0.00123818
0.0015959
0.00195061
0.00229772
0.00263246
0.00295005
0.00324573
0.00351488
0.00375313
0.00395644
0.00412123
0.00424443
0.00432362
0.00435705
0.00434369
0.0042833
0.00417642
0.00402433
0.00382906
0.00359332
0.00332043
0.00301421
0.00267894
0.00231918
0.0019397
0.0015454
0.00114115
0.000731559
0.000321061
-8.40756e-05
-0.00047793
-0.000884449
-0.00132788
0.0021949
0.00154193
0.00102715
0.000604837
0.00022415
-0.000116502
-0.000418472
-0.00068656
-0.000925376
-0.00113899
-0.00133115
-0.00150522
-0.00166418
-0.0018106
-0.00194665
-0.00207408
-0.00219426
-0.00230818
-0.00241643
-0.0025193
-0.00261674
-0.00270838
-0.0027936
-0.00287151
-0.00294103
-0.00300086
-0.00304955
-0.00308555
-0.00310719
-0.00311278
-0.00310061
-0.00306901
-0.00301638
-0.00294126
-0.00284232
-0.0027185
-0.00256895
-0.00239314
-0.00219089
-0.0019624
-0.00170826
-0.00142952
-0.00112772
-0.000804841
-0.000463381
-0.000106308
0.000262943
0.000640499
0.00102209
0.00140309
0.00177861
0.00214356
0.00249272
0.00282089
0.00312293
0.00339394
0.00362931
0.00382487
0.00397701
0.00408273
0.00413975
0.00414658
0.00410257
0.00400789
0.00386359
0.00367154
0.00343437
0.00315543
0.00283869
0.00248861
0.00211009
0.00170825
0.00128842
0.000855932
0.000415896
-2.67736e-05
-0.000465115
-0.000892544
-0.00133516
-0.00181933
0.00195077
0.00127309
0.000739382
0.000302052
-9.1884e-05
-0.000444268
-0.000756692
-0.00103432
-0.00128211
-0.00150442
-0.00170527
-0.00188826
-0.00205656
-0.0022129
-0.00235957
-0.00249841
-0.00263085
-0.00275791
-0.0028802
-0.00299799
-0.00311118
-0.00321935
-0.00332181
-0.00341757
-0.00350542
-0.00358395
-0.00365155
-0.0037065
-0.00374697
-0.00377106
-0.00377685
-0.00376246
-0.00372607
-0.00366595
-0.00358057
-0.00346859
-0.00332893
-0.00316081
-0.00296382
-0.00273792
-0.00248352
-0.0022015
-0.00189322
-0.00156057
-0.00120599
-0.000832407
-0.00044331
-4.26657e-05
0.000365091
0.000775111
0.0011822
0.0015809
0.00196557
0.00233049
0.00266999
0.00297855
0.00325095
0.00348238
0.00366855
0.00380583
0.00389134
0.00392303
0.00389974
0.00382126
0.0036883
0.00350252
0.00326644
0.00298343
0.00265757
0.00229357
0.00189662
0.00147226
0.0010263
0.00056459
9.27695e-05
-0.000383695
-0.000857084
-0.00132009
-0.0018011
-0.00232875
0.00164465
0.000943933
0.000392578
-5.88029e-05
-0.000465204
-0.00082872
-0.00115118
-0.00143812
-0.0016948
-0.00192591
-0.0021357
-0.002328
-0.00250617
-0.00267308
-0.00283115
-0.0029823
-0.003128
-0.00326931
-0.00340685
-0.00354085
-0.00367117
-0.00379735
-0.00391858
-0.00403379
-0.00414166
-0.00424061
-0.00432891
-0.00440464
-0.0044658
-0.00451028
-0.00453595
-0.00454068
-0.00452241
-0.00447916
-0.00440913
-0.00431071
-0.00418255
-0.00402359
-0.00383316
-0.00361097
-0.00335719
-0.00307248
-0.00275802
-0.00241556
-0.00204742
-0.0016565
-0.00124629
-0.000820831
-0.000384706
5.70159e-05
0.00049884
0.000934924
0.00135917
0.00176534
0.00214715
0.00249845
0.0028133
0.00308616
0.00331202
0.00348651
0.00360604
0.00366792
0.0036704
0.00361276
0.00349533
0.00331948
0.00308759
0.00280301
0.00246992
0.00209324
0.00167853
0.00123176
0.000759241
0.000267409
-0.000237502
-0.00074942
-0.0012598
-0.00176052
-0.00228247
-0.00285667
0.00127388
0.000551899
-1.57825e-05
-0.000480212
-0.000898265
-0.00127229
-0.00160436
-0.00190035
-0.00216586
-0.00240585
-0.00262483
-0.00282684
-0.00301542
-0.00319358
-0.00336385
-0.00352822
-0.00368824
-0.00384495
-0.00399899
-0.00415055
-0.00429947
-0.0044452
-0.00458685
-0.00472324
-0.00485292
-0.00497419
-0.00508514
-0.00518369
-0.00526761
-0.00533461
-0.00538231
-0.00540833
-0.00541036
-0.00538614
-0.00533358
-0.00525078
-0.00513608
-0.00498813
-0.00480594
-0.00458894
-0.00433702
-0.00405058
-0.0037306
-0.00337862
-0.00299682
-0.00258803
-0.00215569
-0.0017039
-0.00123736
-0.000761356
-0.000281669
0.000195473
0.000663498
0.0011156
0.00154487
0.00194443
0.00230758
0.00262796
0.00289974
0.00311771
0.00327749
0.00337559
0.00340959
0.00337817
0.00328118
0.00311962
0.00289567
0.0026126
0.00227467
0.00188705
0.0014556
0.000986803
0.000487506
-3.52138e-05
-0.000574472
-0.00112353
-0.00167292
-0.00221367
-0.00277931
-0.00340347
0.000836009
9.46134e-05
-0.000488014
-0.000964453
-0.00139332
-0.00177721
-0.00211844
-0.00242323
-0.00269749
-0.00294645
-0.00317487
-0.00338699
-0.00358653
-0.00377663
-0.00395992
-0.00413848
-0.00431386
-0.00448717
-0.00465902
-0.00482958
-0.00499862
-0.00516553
-0.00532934
-0.00548876
-0.0056422
-0.00578782
-0.00592355
-0.00604711
-0.00615609
-0.00624795
-0.00632009
-0.00636986
-0.00639465
-0.00639194
-0.00635931
-0.00629454
-0.00619563
-0.0060609
-0.00588903
-0.0056791
-0.0054307
-0.00514393
-0.00481947
-0.00445866
-0.00406347
-0.0036366
-0.00318143
-0.00270206
-0.00220329
-0.00169057
-0.00116998
-0.000648127
-0.000132063
0.000370818
0.000852923
0.0013066
0.00172432
0.00209883
0.00242334
0.00269173
0.00289867
0.00303979
0.00311186
0.00311284
0.00304197
0.00289982
0.00268827
0.00241046
0.00207069
0.00167433
0.00122763
0.000737517
0.000211472
-0.000342745
-0.000917535
-0.00150541
-0.00209593
-0.00267915
-0.00329147
-0.00396933
0.000328816
-0.000430065
-0.0010262
-0.00151358
-0.00195238
-0.00234548
-0.00269542
-0.00300874
-0.00329167
-0.00354969
-0.00378781
-0.00401046
-0.00422151
-0.00442426
-0.00462141
-0.00481511
-0.00500698
-0.00519811
-0.00538911
-0.00558014
-0.0057709
-0.00596071
-0.00614851
-0.0063329
-0.00651217
-0.00668433
-0.00684712
-0.00699809
-0.00713461
-0.00725391
-0.00735313
-0.00742936
-0.0074797
-0.00750128
-0.00749138
-0.0074474
-0.007367
-0.00724811
-0.00708905
-0.00688851
-0.00664572
-0.00636043
-0.00603301
-0.00566449
-0.0052566
-0.00481186
-0.00433353
-0.00382567
-0.00329312
-0.0027415
-0.00217713
-0.00160699
-0.00103862
-0.000480029
6.04812e-05
0.000574438
0.00105339
0.00148911
0.00187376
0.00220017
0.00246192
0.00265367
0.00277118
0.00281158
0.00277339
0.00265661
0.00246271
0.00219465
0.00185671
0.00145443
0.00099441
0.000484113
-6.83525e-05
-0.00065448
-0.00126588
-0.00189426
-0.00252806
-0.00315634
-0.00381854
-0.00455416
-0.000249669
-0.00102403
-0.00163219
-0.00212939
-0.00257726
-0.00297888
-0.00333706
-0.00365865
-0.00395016
-0.00421734
-0.00446541
-0.00469899
-0.00492213
-0.00513823
-0.00535008
-0.00555992
-0.00576939
-0.0059796
-0.00619115
-0.00640415
-0.00661828
-0.00683277
-0.00704647
-0.00725788
-0.00746516
-0.00766614
-0.00785843
-0.00803937
-0.00820611
-0.00835564
-0.00848484
-0.00859051
-0.00866944
-0.00871843
-0.00873438
-0.00871433
-0.00865554
-0.00855553
-0.0084122
-0.00822382
-0.00798921
-0.00770771
-0.0073793
-0.00700468
-0.00658527
-0.00612332
-0.00562194
-0.00508508
-0.00451758
-0.00392516
-0.00331436
-0.00269253
-0.00206767
-0.00144841
-0.000843801
-0.000263178
0.000284025
0.000788496
0.00124127
0.00163394
0.00195894
0.00220972
0.00238094
0.00246871
0.00247068
0.00238613
0.00221604
0.00196304
0.00163134
0.00122661
0.000755807
0.000226901
-0.000351306
-0.000969509
-0.00161846
-0.00228897
-0.00296827
-0.0036443
-0.00435982
-0.00515758
-0.000901144
-0.00168891
-0.00230757
-0.00281346
-0.00326947
-0.00367892
-0.00404487
-0.00437445
-0.00467446
-0.00495089
-0.00520916
-0.0054541
-0.00568988
-0.00592003
-0.00614745
-0.00637441
-0.00660261
-0.00683316
-0.00706665
-0.00730318
-0.00754235
-0.00778335
-0.00802493
-0.00826548
-0.00850303
-0.00873526
-0.00895961
-0.00917323
-0.00937303
-0.00955578
-0.00971807
-0.00985641
-0.00996726
-0.0100471
-0.0100923
-0.0100997
-0.010066
-0.00998833
-0.00986409
-0.00969111
-0.00946772
-0.00919282
-0.00886594
-0.00848734
-0.00805811
-0.00758015
-0.00705633
-0.00649044
-0.00588725
-0.00525253
-0.004593
-0.00391631
-0.00323094
-0.00254613
-0.00187167
-0.00121783
-0.000595085
-1.39043e-05
0.000515479
0.000983348
0.00138076
0.00169983
0.00193394
0.00207799
0.00212859
0.00208414
0.00194497
0.00171326
0.00139307
0.000990139
0.000511715
-3.36818e-05
-0.000636537
-0.00128668
-0.00197393
-0.00268812
-0.00341517
-0.00414174
-0.00491421
-0.00577882
-0.00162702
-0.00242605
-0.00305364
-0.00356707
-0.00403029
-0.00444688
-0.00482011
-0.0051574
-0.0054658
-0.00575155
-0.00602028
-0.00627696
-0.00652594
-0.00677084
-0.00701466
-0.00725973
-0.00750777
-0.00775992
-0.00801677
-0.00827837
-0.0085443
-0.00881366
-0.00908513
-0.00935699
-0.00962714
-0.00989313
-0.0101522
-0.0104013
-0.0106372
-0.0108563
-0.011055
-0.0112295
-0.0113758
-0.0114901
-0.0115685
-0.0116071
-0.0116024
-0.0115509
-0.0114496
-0.0112957
-0.0110871
-0.0108221
-0.0104998
-0.0101199
-0.00968313
-0.00919094
-0.00864586
-0.00805146
-0.00741237
-0.00673433
-0.00602418
-0.00528983
-0.0045402
-0.0037851
-0.00303512
-0.00230145
-0.00159566
-0.00092948
-0.000314506
0.000238077
0.000717813
0.00111528
0.00142239
0.00163266
0.00174141
0.001746
0.00164591
0.00144275
0.00114028
0.000744221
0.000262096
-0.000297056
-0.000922973
-0.00160457
-0.00233064
-0.00308994
-0.00386694
-0.00464694
-0.00548019
-0.00641667
-0.0024284
-0.00323652
-0.00387143
-0.00439122
-0.00486072
-0.00528373
-0.00566375
-0.00600845
-0.00632515
-0.00662028
-0.00689968
-0.00716849
-0.00743118
-0.00769151
-0.00795253
-0.00821665
-0.00848563
-0.00876062
-0.00904221
-0.00933042
-0.0096248
-0.00992438
-0.0102278
-0.0105331
-0.0108383
-0.0111406
-0.0114371
-0.0117247
-0.0119997
-0.0122585
-0.0124971
-0.0127113
-0.0128969
-0.0130497
-0.0131652
-0.0132393
-0.0132677
-0.0132467
-0.0131725
-0.0130419
-0.0128521
-0.0126009
-0.0122868
-0.0119089
-0.0114675
-0.0109634
-0.0103989
-0.00977714
-0.00910253
-0.00838073
-0.0076186
-0.00682426
-0.006007
-0.00517718
-0.00434617
-0.00352609
-0.00272967
-0.00196996
-0.00126002
-0.000612657
-3.99958e-05
0.000446818
0.000837996
0.00112543
0.00130296
0.00136667
0.00131496
0.00114871
0.000871206
0.000488059
6.98776e-06
-0.000562469
-0.00120929
-0.0019214
-0.00268652
-0.0034922
-0.00432134
-0.00515771
-0.00605572
-0.00706941
-0.00330607
-0.00412105
-0.00476167
-0.00528663
-0.00576146
-0.00619017
-0.00657647
-0.00692828
-0.00725313
-0.00755769
-0.00784795
-0.00812923
-0.00840613
-0.00868249
-0.00896148
-0.00924556
-0.00953651
-0.00983553
-0.0101432
-0.0104595
-0.010784
-0.0111156
-0.0114529
-0.011794
-0.0121364
-0.0124776
-0.0128144
-0.0131434
-0.0134608
-0.0137627
-0.0140447
-0.0143025
-0.0145315
-0.0147268
-0.0148838
-0.0149977
-0.0150639
-0.0150779
-0.0150355
-0.0149328
-0.0147664
-0.0145334
-0.0142316
-0.0138597
-0.0134171
-0.0129042
-0.0123228
-0.0116755
-0.0109664
-0.0102011
-0.00938623
-0.00853014
-0.00764238
-0.00673383
-0.00581658
-0.00490371
-0.00400911
-0.00314721
-0.00233266
-0.00157998
-0.000903164
-0.00031528
0.000171956
0.000548563
0.00080665
0.000940728
0.000947927
0.000828129
0.000583991
0.000220853
-0.000253463
-0.000828964
-0.00149386
-0.00223505
-0.00303908
-0.0038922
-0.00477555
-0.00567126
-0.0066382
-0.00773471
-0.00426046
-0.00508009
-0.00572479
-0.00625373
-0.00673293
-0.00716661
-0.00755866
-0.00791725
-0.00825011
-0.0085641
-0.00886537
-0.00915941
-0.00945092
-0.00974388
-0.0100415
-0.0103464
-0.0106603
-0.0109844
-0.0113194
-0.0116652
-0.0120214
-0.0123868
-0.01276
-0.0131389
-0.0135211
-0.0139037
-0.0142835
-0.0146569
-0.0150199
-0.0153683
-0.0156975
-0.0160027
-0.0162791
-0.0165213
-0.0167243
-0.0168828
-0.0169915
-0.0170455
-0.0170399
-0.0169701
-0.0168321
-0.0166222
-0.0163376
-0.015976
-0.0155364
-0.0150185
-0.0144233
-0.0137531
-0.0130114
-0.0122035
-0.0113359
-0.010417
-0.00945656
-0.00846582
-0.00745759
-0.00644586
-0.00544571
-0.00447299
-0.00354402
-0.00267516
-0.00188244
-0.00118105
-0.000584878
-0.000106058
0.000245495
0.000462446
0.000540347
0.000477834
0.000276699
-5.81676e-05
-0.000518972
-0.00109534
-0.00177472
-0.00254295
-0.00338531
-0.00428664
-0.00522617
-0.00618419
-0.00722434
-0.00840956
-0.0052917
-0.00611373
-0.00676089
-0.00729262
-0.00777524
-0.00821315
-0.00861044
-0.00897545
-0.00931612
-0.00963948
-0.00995185
-0.0102589
-0.0105653
-0.0108754
-0.0111922
-0.0115186
-0.0118563
-0.0122065
-0.01257
-0.0129466
-0.013336
-0.0137368
-0.0141477
-0.0145665
-0.0149906
-0.0154171
-0.0158427
-0.0162634
-0.0166752
-0.0170736
-0.0174537
-0.0178103
-0.0181382
-0.0184318
-0.0186855
-0.0188933
-0.0190497
-0.0191489
-0.0191854
-0.0191539
-0.0190497
-0.0188683
-0.018606
-0.01826
-0.0178283
-0.0173097
-0.0167047
-0.0160149
-0.0152433
-0.0143945
-0.0134751
-0.0124932
-0.0114585
-0.0103828
-0.00927949
-0.00816334
-0.00705064
-0.00595866
-0.00490546
-0.00390937
-0.00298858
-0.00216065
-0.00144187
-0.000846818
-0.000387749
-7.41744e-05
8.75541e-05
9.45139e-05
-5.26435e-05
-0.000349706
-0.000789075
-0.0013601
-0.0020495
-0.00284204
-0.00372163
-0.0046716
-0.00566907
-0.00669232
-0.00781008
-0.00909019
-0.00639953
-0.00722175
-0.00786978
-0.00840313
-0.00888823
-0.00932962
-0.00973158
-0.0101026
-0.0104509
-0.0107835
-0.011107
-0.0114271
-0.0117487
-0.0120761
-0.0124127
-0.0127611
-0.0131233
-0.0135005
-0.0138934
-0.0143021
-0.0147259
-0.0151637
-0.0156139
-0.0160745
-0.0165427
-0.0170155
-0.0174894
-0.0179604
-0.0184241
-0.0188758
-0.0193103
-0.0197223
-0.020106
-0.0204555
-0.0207645
-0.0210267
-0.0212359
-0.0213857
-0.0214699
-0.0214824
-0.0214177
-0.0212707
-0.0210366
-0.0207117
-0.0202932
-0.0197792
-0.0191691
-0.0184638
-0.0176657
-0.0167789
-0.0158094
-0.014765
-0.0136556
-0.0124931
-0.0112912
-0.0100658
-0.00883408
-0.0076148
-0.00642776
-0.00529337
-0.00423214
-0.00326416
-0.00240841
-0.0016822
-0.00110047
-0.000675274
-0.000415241
-0.000325208
-0.000405993
-0.000654343
-0.00106307
-0.00162139
-0.00231537
-0.00312868
-0.0040438
-0.00504242
-0.00609935
-0.00719067
-0.00839051
-0.00977192
-0.00758334
-0.00840362
-0.00905096
-0.00958477
-0.0100714
-0.0105156
-0.0109216
-0.0112983
-0.0116538
-0.0119954
-0.0123299
-0.0126631
-0.0130001
-0.0133451
-0.0137016
-0.0140725
-0.0144597
-0.0148645
-0.0152877
-0.0157292
-0.0161886
-0.0166647
-0.0171558
-0.0176598
-0.018174
-0.0186953
-0.0192199
-0.0197438
-0.0202624
-0.0207707
-0.0212633
-0.0217344
-0.0221781
-0.0225878
-0.0229568
-0.0232785
-0.0235458
-0.0237517
-0.0238893
-0.0239518
-0.0239327
-0.0238261
-0.0236264
-0.0233288
-0.0229295
-0.0224258
-0.021816
-0.0211003
-0.02028
-0.0193588
-0.0183418
-0.0172367
-0.016053
-0.0148027
-0.0135
-0.0121613
-0.0108048
-0.0094508
-0.00812073
-0.00683717
-0.00562308
-0.00450126
-0.00349363
-0.00262055
-0.00190001
-0.001347
-0.000972829
-0.000784673
-0.000785204
-0.000972465
-0.00133996
-0.00187695
-0.00256897
-0.00339858
-0.00434682
-0.00539359
-0.00651121
-0.00767328
-0.00895973
-0.0104491
-0.00884219
-0.00965846
-0.0103036
-0.0108368
-0.0113241
-0.0117702
-0.0121797
-0.0125615
-0.0129239
-0.0132743
-0.0136196
-0.0139657
-0.0143179
-0.0146805
-0.0150571
-0.0154506
-0.0158631
-0.016296
-0.0167499
-0.017225
-0.0177208
-0.0182362
-0.0187695
-0.0193184
-0.0198803
-0.020452
-0.0210295
-0.0216088
-0.022185
-0.0227529
-0.0233069
-0.0238409
-0.0243484
-0.0248227
-0.0252565
-0.0256425
-0.0259731
-0.0262406
-0.0264375
-0.026556
-0.0265888
-0.0265291
-0.0263702
-0.0261064
-0.0257329
-0.0252458
-0.0246425
-0.023922
-0.0230849
-0.0221337
-0.0210731
-0.0199099
-0.0186535
-0.0173157
-0.0159108
-0.0144557
-0.0129698
-0.0114744
-0.00999273
-0.00854957
-0.00717039
-0.00588088
-0.00470614
-0.00366985
-0.00279346
-0.0020953
-0.00158985
-0.00128706
-0.00119192
-0.00130417
-0.00161833
-0.00212399
-0.00280627
-0.00364672
-0.00462486
-0.00571869
-0.0068978
-0.00813314
-0.00951073
-0.0111149
-0.0101748
-0.0109851
-0.0116266
-0.0121581
-0.0126451
-0.0130925
-0.0135049
-0.0138913
-0.0142601
-0.0146189
-0.0149746
-0.0153333
-0.0157004
-0.0160804
-0.0164769
-0.016893
-0.0173308
-0.0177917
-0.0182767
-0.0187858
-0.0193186
-0.019874
-0.0204503
-0.0210453
-0.0216563
-0.0222799
-0.0229123
-0.023549
-0.0241853
-0.0248156
-0.0254341
-0.0260343
-0.0266095
-0.0271524
-0.0276554
-0.0281105
-0.0285096
-0.0288442
-0.0291061
-0.0292867
-0.0293778
-0.0293714
-0.0292602
-0.0290371
-0.0286963
-0.0282326
-0.0276425
-0.0269237
-0.0260758
-0.0251001
-0.0240005
-0.0227832
-0.0214567
-0.0200328
-0.0185256
-0.0169525
-0.0153334
-0.013691
-0.0120502
-0.0104377
-0.00888169
-0.00741083
-0.0060536
-0.00483736
-0.00378736
-0.00292572
-0.00227059
-0.00183522
-0.00162743
-0.00164914
-0.0018963
-0.00235912
-0.00302256
-0.00386722
-0.00487109
-0.0060102
-0.00725117
-0.00856203
-0.0100352
-0.0117611
-0.0115795
-0.012382
-0.0130187
-0.0135475
-0.0140334
-0.0144813
-0.0148959
-0.0152862
-0.0156608
-0.0160274
-0.016393
-0.0167638
-0.0171453
-0.0175421
-0.0179582
-0.0183964
-0.0188592
-0.0193481
-0.0198639
-0.0204071
-0.020977
-0.0215727
-0.0221926
-0.0228345
-0.0234955
-0.0241724
-0.0248611
-0.0255571
-0.0262555
-0.0269507
-0.0276363
-0.0283059
-0.0289522
-0.0295675
-0.0301438
-0.0306726
-0.031145
-0.031552
-0.0318845
-0.0321331
-0.0322888
-0.0323424
-0.0322856
-0.0321103
-0.0318094
-0.0313765
-0.0308068
-0.0300967
-0.0292447
-0.028251
-0.0271182
-0.0258516
-0.024459
-0.0229516
-0.0213435
-0.0196519
-0.0178974
-0.0161037
-0.0142971
-0.0125066
-0.0107627
-0.00909725
-0.00754235
-0.00612924
-0.00488734
-0.00384307
-0.00301872
-0.00243147
-0.0020925
-0.00200649
-0.00217131
-0.0025782
-0.00321222
-0.00405319
-0.00507761
-0.0062594
-0.00756204
-0.00895035
-0.0105236
-0.0123784
-0.0130544
-0.0138476
-0.0144781
-0.0150034
-0.0154874
-0.015935
-0.0163512
-0.0167448
-0.0171245
-0.0174981
-0.0178728
-0.0182549
-0.01865
-0.0190629
-0.0194976
-0.0199572
-0.0204443
-0.0209605
-0.0215068
-0.0220835
-0.0226904
-0.0233264
-0.02399
-0.024679
-0.0253907
-0.0261215
-0.0268676
-0.0276244
-0.0283866
-0.0291485
-0.0299037
-0.0306452
-0.0313656
-0.0320568
-0.0327101
-0.0333167
-0.033867
-0.0343514
-0.0347599
-0.0350823
-0.0353086
-0.0354288
-0.0354332
-0.0353128
-0.035059
-0.0346644
-0.0341227
-0.033429
-0.0325803
-0.0315756
-0.0304163
-0.0291064
-0.0276529
-0.026066
-0.0243595
-0.0225505
-0.0206598
-0.0187119
-0.0167345
-0.0147583
-0.0128166
-0.0109442
-0.00917689
-0.0075501
-0.00609779
-0.0048511
-0.00383705
-0.00307732
-0.00258716
-0.00237459
-0.00244002
-0.0027762
-0.00336865
-0.00419664
-0.00523524
-0.00645624
-0.00781971
-0.009287
-0.0109645
-0.0129555
-0.0145972
-0.0153797
-0.0160031
-0.016524
-0.0170054
-0.0174521
-0.017869
-0.0182651
-0.0186491
-0.0190288
-0.0194116
-0.0198039
-0.0202115
-0.0206393
-0.0210915
-0.0215714
-0.0220816
-0.022624
-0.0231997
-0.0238092
-0.0244523
-0.0251281
-0.025835
-0.026571
-0.0273333
-0.0281185
-0.0289226
-0.0297409
-0.0305681
-0.0313982
-0.0322247
-0.0330404
-0.0338374
-0.0346073
-0.035341
-0.0360291
-0.0366615
-0.0372277
-0.0377171
-0.0381187
-0.0384215
-0.0386144
-0.0386867
-0.0386281
-0.0384289
-0.0380801
-0.0375742
-0.0369047
-0.0360673
-0.0350594
-0.033881
-0.0325348
-0.0310266
-0.0293657
-0.0275648
-0.025641
-0.0236149
-0.0215116
-0.0193598
-0.017192
-0.0150437
-0.012953
-0.0109594
-0.00910254
-0.00742134
-0.00595209
-0.00472711
-0.00377321
-0.00311042
-0.00275084
-0.00269809
-0.00294701
-0.00348407
-0.00428827
-0.00533341
-0.0065891
-0.00801182
-0.00955916
-0.011345
-0.0134794
-0.0162055
-0.0169762
-0.0175918
-0.0181076
-0.0185857
-0.0190307
-0.0194476
-0.0198453
-0.0202325
-0.0206172
-0.0210067
-0.0214078
-0.0218264
-0.0222675
-0.0227356
-0.0232341
-0.0237659
-0.024333
-0.0249366
-0.0255775
-0.0262555
-0.0269699
-0.0277193
-0.0285015
-0.029314
-0.0301533
-0.0310154
-0.0318955
-0.0327883
-0.0336876
-0.0345867
-0.0354781
-0.0363537
-0.0372046
-0.0380215
-0.0387942
-0.0395121
-0.0401642
-0.040739
-0.0412247
-0.0416093
-0.0418807
-0.0420273
-0.0420372
-0.0418996
-0.0416043
-0.0411419
-0.0405048
-0.0396869
-0.038684
-0.0374947
-0.03612
-0.0345644
-0.0328358
-0.0309462
-0.0289116
-0.0267526
-0.0244943
-0.0221663
-0.0198026
-0.0174408
-0.0151218
-0.012889
-0.0107866
-0.00885842
-0.00714643
-0.00568877
-0.00451812
-0.00365999
-0.00313141
-0.00293994
-0.00308326
-0.00354934
-0.00431731
-0.00535994
-0.00664466
-0.0081242
-0.00975209
-0.01165
-0.0139351
-0.0178766
-0.0186348
-0.0192419
-0.0197522
-0.0202264
-0.0206691
-0.0210851
-0.0214833
-0.0218725
-0.0222607
-0.0226554
-0.0230635
-0.0234911
-0.0239435
-0.0244253
-0.0249403
-0.0254915
-0.0260811
-0.0267106
-0.0273809
-0.028092
-0.0288433
-0.0296336
-0.0304609
-0.0313224
-0.032215
-0.0331345
-0.0340761
-0.0350345
-0.0360033
-0.0369756
-0.0379437
-0.0388992
-0.0398329
-0.0407349
-0.0415947
-0.0424011
-0.0431425
-0.0438065
-0.0443805
-0.0448517
-0.045207
-0.0454335
-0.0455183
-0.0454491
-0.0452144
-0.0448033
-0.0442066
-0.0434164
-0.0424272
-0.0412354
-0.0398407
-0.0382458
-0.0364572
-0.0344855
-0.0323458
-0.030058
-0.0276471
-0.025143
-0.0225809
-0.0200003
-0.0174449
-0.0149616
-0.0125991
-0.0104067
-0.00843206
-0.00671984
-0.00530918
-0.00423194
-0.00351091
-0.0031585
-0.00317605
-0.00355371
-0.00427131
-0.00530083
-0.00660767
-0.00814064
-0.00984893
-0.0118623
-0.0143054
-0.0196077
-0.020353
-0.0209513
-0.0214558
-0.0219257
-0.0223653
-0.0227795
-0.0231771
-0.0235668
-0.0239568
-0.0243547
-0.0247675
-0.0252017
-0.0256629
-0.0261557
-0.0266844
-0.0272522
-0.0278616
-0.0285143
-0.0292113
-0.0299531
-0.030739
-0.0315681
-0.0324384
-0.0333473
-0.0342916
-0.0352673
-0.0362696
-0.0372928
-0.0383307
-0.0393762
-0.0404213
-0.0414573
-0.0424748
-0.0434634
-0.0444121
-0.0453092
-0.0461424
-0.0468987
-0.0475647
-0.0481265
-0.0485703
-0.0488818
-0.0490472
-0.0490526
-0.0488852
-0.0485327
-0.0479841
-0.04723
-0.0462629
-0.0450775
-0.0436716
-0.0420462
-0.0402061
-0.0381602
-0.0359223
-0.0335114
-0.0309519
-0.0282738
-0.0255129
-0.0227104
-0.0199123
-0.0171689
-0.0145334
-0.0120605
-0.00980401
-0.00781549
-0.00614124
-0.00482027
-0.00388207
-0.00334491
-0.0032147
-0.00348463
-0.00413586
-0.00514005
-0.00646072
-0.00804265
-0.00983045
-0.0119624
-0.0145705
-0.0213957
-0.0221282
-0.0227179
-0.0232165
-0.0236816
-0.0241176
-0.024529
-0.0249246
-0.025313
-0.0257027
-0.0261014
-0.0265163
-0.0269541
-0.0274208
-0.0279214
-0.0284604
-0.0290414
-0.0296671
-0.0303396
-0.0310601
-0.0318293
-0.0326469
-0.0335119
-0.0344226
-0.0353765
-0.0363705
-0.0374005
-0.0384617
-0.0395485
-0.0406545
-0.0417724
-0.0428941
-0.0440106
-0.045112
-0.0461878
-0.0472265
-0.0482157
-0.0491426
-0.0499935
-0.0507541
-0.0514099
-0.0519459
-0.0523468
-0.0525976
-0.0526832
-0.0525893
-0.052302
-0.0518089
-0.0510986
-0.0501619
-0.0489917
-0.0475837
-0.0459369
-0.0440542
-0.0419429
-0.039615
-0.0370881
-0.0343857
-0.0315375
-0.0285795
-0.0255539
-0.022509
-0.019498
-0.0165785
-0.0138102
-0.0112538
-0.00896782
-0.00700639
-0.0054165
-0.00423536
-0.00348813
-0.00318642
-0.00332741
-0.00389438
-0.00485925
-0.00618396
-0.0078092
-0.00967478
-0.0119278
-0.014708
-0.0232377
-0.0239582
-0.0245396
-0.0250323
-0.0254925
-0.0259242
-0.0263317
-0.0267237
-0.027109
-0.0274958
-0.0278923
-0.028306
-0.0287439
-0.0292123
-0.0297167
-0.0302618
-0.0308518
-0.0314897
-0.0321778
-0.0329179
-0.0337107
-0.0345562
-0.0354536
-0.0364014
-0.0373973
-0.0384381
-0.0395198
-0.0406377
-0.0417861
-0.0429584
-0.0441473
-0.0453445
-0.0465406
-0.0477256
-0.0488884
-0.0500172
-0.0510991
-0.0521206
-0.0530675
-0.0539247
-0.0546768
-0.0553078
-0.0558016
-0.0561418
-0.0563122
-0.0562969
-0.0560808
-0.0556496
-0.0549904
-0.054092
-0.0529453
-0.0515441
-0.0498852
-0.0479694
-0.0458019
-0.0433929
-0.0407584
-0.0379204
-0.0349077
-0.0317562
-0.0285087
-0.025215
-0.0219311
-0.0187184
-0.0156421
-0.012769
-0.0101653
-0.00789341
-0.00600921
-0.00455853
-0.00357465
-0.00307599
-0.00306493
-0.00352781
-0.00443753
-0.00575484
-0.00741646
-0.00935714
-0.0117332
-0.0146921
-0.0251308
-0.0258404
-0.0264144
-0.0269017
-0.0273569
-0.0277837
-0.0281862
-0.0285728
-0.0289524
-0.0293334
-0.0297243
-0.0301329
-0.0305665
-0.0310321
-0.0315355
-0.032082
-0.032676
-0.0333211
-0.0340201
-0.0347749
-0.0355866
-0.0364555
-0.0373812
-0.0383621
-0.0393962
-0.0404803
-0.0416105
-0.0427821
-0.0439894
-0.0452257
-0.0464834
-0.0477541
-0.0490284
-0.0502956
-0.0515446
-0.0527629
-0.0539372
-0.0550535
-0.0560969
-0.0570516
-0.0579013
-0.0586293
-0.0592183
-0.0596508
-0.0599096
-0.0599772
-0.0598372
-0.0594736
-0.0588718
-0.0580187
-0.0569034
-0.0555173
-0.0538552
-0.0519156
-0.0497016
-0.047221
-0.0444879
-0.0415226
-0.0383526
-0.0350131
-0.0315469
-0.0280048
-0.024445
-0.0209325
-0.0175372
-0.0143325
-0.0113921
-0.00878732
-0.00658351
-0.00483621
-0.00358797
-0.00286539
-0.00267729
-0.00301427
-0.00385106
-0.00514783
-0.00683744
-0.0088495
-0.0113499
-0.014494
-0.0270719
-0.0277727
-0.0283408
-0.0288233
-0.0292737
-0.029695
-0.0300911
-0.0304702
-0.0308413
-0.0312131
-0.0315942
-0.031993
-0.0324175
-0.0328748
-0.0333716
-0.0339136
-0.0345059
-0.0351525
-0.0358566
-0.0366206
-0.0374459
-0.0383331
-0.039282
-0.0402914
-0.0413592
-0.0424825
-0.0436574
-0.0448791
-0.0461418
-0.047439
-0.0487628
-0.0501046
-0.0514546
-0.0528022
-0.0541355
-0.0554419
-0.0567076
-0.0579179
-0.0590573
-0.0601094
-0.0610572
-0.0618829
-0.0625685
-0.0630953
-0.0634448
-0.0635985
-0.0635383
-0.0632468
-0.0627076
-0.0619059
-0.0608287
-0.0594653
-0.0578084
-0.055854
-0.0536027
-0.0510602
-0.0482381
-0.0451547
-0.0418358
-0.0383151
-0.0346352
-0.0308472
-0.0270109
-0.0231942
-0.0194715
-0.0159222
-0.0126278
-0.00966881
-0.00712057
-0.00504937
-0.00350823
-0.00253336
-0.00214145
-0.0023287
-0.00307279
-0.00433403
-0.00604173
-0.0081203
-0.0107456
-0.0140809
-0.0290586
-0.0297535
-0.0303174
-0.0307963
-0.0312421
-0.0316574
-0.0320456
-0.0324148
-0.0327741
-0.0331325
-0.0334991
-0.0338827
-0.034292
-0.0347348
-0.0352185
-0.0357495
-0.0363334
-0.0369748
-0.0376775
-0.0384443
-0.039277
-0.0401767
-0.0411432
-0.0421756
-0.0432721
-0.0444297
-0.0456447
-0.0469123
-0.0482267
-0.049581
-0.0509674
-0.0523771
-0.0538
-0.0552252
-0.0566405
-0.0580328
-0.0593879
-0.0606905
-0.0619247
-0.0630732
-0.0641184
-0.0650416
-0.0658239
-0.0664456
-0.0668871
-0.0671286
-0.0671508
-0.0669346
-0.066462
-0.0657165
-0.0646829
-0.0633488
-0.0617043
-0.0597431
-0.0574634
-0.0548682
-0.0519667
-0.0487747
-0.0453159
-0.0416223
-0.0377352
-0.0337057
-0.0295944
-0.0254714
-0.0214151
-0.0175106
-0.0138469
-0.0105138
-0.00759712
-0.00517486
-0.00331173
-0.00205499
-0.00143081
-0.0014425
-0.00207204
-0.00328081
-0.00499504
-0.007134
-0.00988404
-0.0134163
-0.0310884
-0.0317812
-0.0323437
-0.0328204
-0.0332622
-0.0336708
-0.0340493
-0.0344059
-0.0347495
-0.0350896
-0.035436
-0.0357981
-0.0361853
-0.0366064
-0.0370695
-0.0375818
-0.0381497
-0.0387784
-0.0394723
-0.0402347
-0.041068
-0.0419734
-0.0429513
-0.0440008
-0.0451202
-0.0463069
-0.0475569
-0.0488656
-0.050227
-0.0516343
-0.0530794
-0.0545532
-0.0560455
-0.057545
-0.0590391
-0.0605145
-0.0619563
-0.0633488
-0.0646755
-0.0659185
-0.0670594
-0.0680788
-0.0689568
-0.069673
-0.0702064
-0.0705363
-0.0706418
-0.0705026
-0.0700992
-0.0694131
-0.0684275
-0.0671276
-0.0655014
-0.0635404
-0.0612399
-0.0586006
-0.0556287
-0.0523374
-0.0487479
-0.0448901
-0.0408035
-0.0365383
-0.0321553
-0.0277262
-0.0233326
-0.0190646
-0.0150183
-0.0112928
-0.00798495
-0.00518494
-0.00297043
-0.00140125
-0.000514757
-0.000323119
-0.000814121
-0.00195144
-0.00365888
-0.00585074
-0.00872435
-0.0124588
-0.0331597
-0.0338553
-0.0344197
-0.0348961
-0.0353345
-0.0357359
-0.0361027
-0.0364432
-0.0367666
-0.0370828
-0.0374023
-0.0377355
-0.0380927
-0.0384838
-0.0389178
-0.0394028
-0.0399459
-0.0405535
-0.0412303
-0.0419804
-0.0428066
-0.0437105
-0.0446927
-0.0457527
-0.0468889
-0.0480987
-0.0493783
-0.0507228
-0.0521264
-0.0535819
-0.0550812
-0.0566149
-0.0581725
-0.0597424
-0.0613117
-0.0628666
-0.0643917
-0.065871
-0.0672872
-0.0686219
-0.0698559
-0.0709691
-0.0719408
-0.0727496
-0.0733737
-0.073791
-0.0739795
-0.0739176
-0.0735842
-0.0729592
-0.0720239
-0.0707617
-0.0691582
-0.0672026
-0.0648877
-0.0622113
-0.059177
-0.055795
-0.0520837
-0.0480704
-0.0437924
-0.0392984
-0.0346486
-0.0299153
-0.0251826
-0.020545
-0.0161052
-0.011971
-0.00825049
-0.00504679
-0.0024515
-0.000538518
0.000641771
0.00106645
0.000740122
-0.000304627
-0.00199006
-0.00422586
-0.00722098
-0.0111625
-0.0352711
-0.0359758
-0.0365463
-0.0370249
-0.0374609
-0.0378542
-0.0382071
-0.0385275
-0.0388251
-0.0391107
-0.0393956
-0.0396914
-0.0400096
-0.0403611
-0.0407562
-0.0412041
-0.041713
-0.0422899
-0.0429406
-0.0436696
-0.0444803
-0.0453747
-0.0463537
-0.0474172
-0.0485635
-0.0497901
-0.0510933
-0.0524681
-0.0539085
-0.0554072
-0.0569558
-0.0585448
-0.0601633
-0.0617993
-0.0634396
-0.0650699
-0.0666744
-0.0682366
-0.0697385
-0.0711612
-0.0724849
-0.0736886
-0.0747509
-0.0756495
-0.0763616
-0.076864
-0.0771338
-0.0771478
-0.0768837
-0.0763196
-0.0754354
-0.0742122
-0.0726338
-0.0706869
-0.068362
-0.065654
-0.0625636
-0.0590982
-0.055273
-0.0511123
-0.0466509
-0.0419352
-0.0370242
-0.0319901
-0.0269184
-0.021907
-0.0170647
-0.0125074
-0.00835445
-0.00472208
-0.00171683
0.000571875
0.00207877
0.0027681
0.00263479
0.00170599
5.97962e-05
-0.00220942
-0.00532296
-0.00947595
-0.0374223
-0.0381439
-0.0387258
-0.0392096
-0.0396442
-0.0400286
-0.0403645
-0.0406601
-0.0409257
-0.0411728
-0.0414141
-0.0416626
-0.0419311
-0.0422322
-0.0425774
-0.0429773
-0.0434412
-0.0439772
-0.0445917
-0.0452901
-0.0460763
-0.0469528
-0.0479207
-0.0489801
-0.0501295
-0.0513664
-0.0526869
-0.0540862
-0.0555578
-0.0570944
-0.0586873
-0.0603266
-0.0620012
-0.0636987
-0.0654054
-0.0671066
-0.0687861
-0.0704267
-0.07201
-0.0735165
-0.0749255
-0.0762156
-0.0773643
-0.0783487
-0.079145
-0.0797291
-0.0800767
-0.0801638
-0.0799664
-0.0794614
-0.0786267
-0.0774421
-0.075889
-0.0739521
-0.0716193
-0.0688829
-0.0657408
-0.0621972
-0.0582643
-0.053963
-0.0493253
-0.0443948
-0.0392284
-0.0338974
-0.0284879
-0.0231003
-0.0178482
-0.0128553
-0.00825161
-0.00416666
-0.000722635
0.00197415
0.00384168
0.00482913
0.00491947
0.00413233
0.00254477
0.000254364
-0.00297343
-0.00734181
-0.0396141
-0.0403622
-0.040962
-0.0414544
-0.0418889
-0.0422632
-0.0425787
-0.0428437
-0.0430694
-0.0432689
-0.043456
-0.0436458
-0.0438527
-0.0440911
-0.0443742
-0.0447139
-0.0451211
-0.0456046
-0.0461723
-0.0468299
-0.047582
-0.0484316
-0.0493801
-0.0504276
-0.0515728
-0.0528132
-0.0541447
-0.0555623
-0.0570595
-0.0586286
-0.0602606
-0.0619452
-0.0636709
-0.065425
-0.0671934
-0.0689607
-0.0707103
-0.0724245
-0.0740843
-0.0756695
-0.077159
-0.0785304
-0.0797606
-0.0808258
-0.0817014
-0.0823623
-0.0827832
-0.0829388
-0.0828039
-0.0823542
-0.0815659
-0.080417
-0.0788872
-0.076959
-0.074618
-0.071854
-0.0686619
-0.0650431
-0.0610063
-0.0565693
-0.0517607
-0.0466208
-0.0412042
-0.0355803
-0.0298346
-0.0240692
-0.0184015
-0.0129621
-0.00789065
-0.00333024
0.000580924
0.00371849
0.00598186
0.00730278
0.00764976
0.00703254
0.0055253
0.00322777
-0.000108996
-0.00469636
-0.0418486
-0.0426349
-0.0432603
-0.0437657
-0.0442013
-0.044564
-0.0448545
-0.045082
-0.0452588
-0.0453995
-0.0455203
-0.0456381
-0.0457698
-0.0459316
-0.0461388
-0.046405
-0.0467424
-0.0471614
-0.0476705
-0.0482766
-0.0489846
-0.049798
-0.0507184
-0.0517461
-0.0528798
-0.0541167
-0.0554529
-0.056883
-0.0584001
-0.0599962
-0.061662
-0.0633868
-0.0651587
-0.0669644
-0.0687894
-0.0706178
-0.0724325
-0.0742152
-0.0759462
-0.0776048
-0.0791692
-0.0806163
-0.0819222
-0.0830624
-0.0840113
-0.084743
-0.0852312
-0.0854494
-0.0853713
-0.0849712
-0.084224
-0.0831059
-0.0815951
-0.0796718
-0.0773196
-0.0745258
-0.0712827
-0.0675886
-0.0634491
-0.0588785
-0.0539019
-0.0485563
-0.0428929
-0.0369788
-0.0308984
-0.0247538
-0.0186653
-0.0127692
-0.00721424
-0.00215632
0.00225004
0.00586149
0.0085571
0.0102488
0.0108879
0.0104716
0.00906891
0.00678028
0.00334099
-0.00146871
-0.0441297
-0.0449686
-0.0456289
-0.046152
-0.0465902
-0.0469389
-0.047199
-0.0473803
-0.047497
-0.0475661
-0.0476062
-0.0476369
-0.0476777
-0.0477473
-0.0478633
-0.0480412
-0.048295
-0.0486363
-0.0490747
-0.0496179
-0.0502714
-0.051039
-0.0519227
-0.0529225
-0.0540374
-0.0552642
-0.0565988
-0.0580354
-0.0595669
-0.0611848
-0.0628793
-0.0646394
-0.0664525
-0.0683049
-0.0701816
-0.072066
-0.0739406
-0.0757864
-0.0775831
-0.0793093
-0.0809426
-0.0824592
-0.0838345
-0.085043
-0.0860584
-0.0868539
-0.0874022
-0.0876757
-0.0876472
-0.0872894
-0.086576
-0.0854817
-0.083983
-0.0820584
-0.0796892
-0.0768606
-0.0735623
-0.0697896
-0.0655451
-0.0608399
-0.0556951
-0.0501443
-0.0442353
-0.038032
-0.0316165
-0.0250906
-0.0185759
-0.0122131
-0.00615927
-0.000582181
0.00434741
0.00846646
0.0116321
0.0137342
0.0147036
0.0145221
0.013251
0.0109895
0.00745528
0.00241997
-0.0464638
-0.0473726
-0.0480789
-0.0486251
-0.0490669
-0.0493986
-0.0496209
-0.0497455
-0.0497889
-0.0497709
-0.0497135
-0.0496395
-0.0495717
-0.0495317
-0.0495396
-0.0496133
-0.0497683
-0.0500179
-0.0503728
-0.0508414
-0.0514298
-0.0521421
-0.0529803
-0.0539446
-0.0550334
-0.0562437
-0.0575707
-0.0590083
-0.0605489
-0.0621836
-0.0639021
-0.0656927
-0.0675423
-0.0694366
-0.07136
-0.0732955
-0.0752248
-0.0771281
-0.0789848
-0.0807728
-0.0824686
-0.0840481
-0.0854858
-0.0867554
-0.0878298
-0.0886812
-0.0892814
-0.0896018
-0.089614
-0.0892896
-0.0886011
-0.0875216
-0.086026
-0.0840911
-0.0816965
-0.0788249
-0.0754638
-0.0716059
-0.0672506
-0.0624057
-0.057089
-0.0513301
-0.0451731
-0.0386784
-0.0319253
-0.0250138
-0.0180661
-0.0112261
-0.00465742
0.00146086
0.00694228
0.0116037
0.015279
0.0178333
0.0191746
0.0192652
0.0181557
0.015942
0.0123218
0.00705744
-0.04886
-0.0498598
-0.0506251
-0.0512006
-0.0516466
-0.0519567
-0.0521321
-0.0521867
-0.0521404
-0.052017
-0.0518424
-0.0516436
-0.0514471
-0.051278
-0.0511592
-0.0511112
-0.0511514
-0.0512947
-0.0515528
-0.051935
-0.0524477
-0.0530951
-0.0538795
-0.0548006
-0.0558567
-0.0570443
-0.0583582
-0.0597918
-0.0613368
-0.0629837
-0.0647217
-0.0665383
-0.06842
-0.0703518
-0.0723173
-0.0742989
-0.0762776
-0.0782332
-0.0801441
-0.0819876
-0.0837396
-0.0853751
-0.0868679
-0.0881908
-0.0893159
-0.0902146
-0.0908576
-0.0912154
-0.0912585
-0.0909572
-0.0902829
-0.0892072
-0.0877037
-0.0857474
-0.083316
-0.0803905
-0.0769558
-0.0730023
-0.0685265
-0.0635331
-0.0580362
-0.052062
-0.0456505
-0.0388582
-0.0317612
-0.024457
-0.017067
-0.00973688
-0.00263593
0.00404695
0.0101102
0.0153505
0.0195774
0.0226294
0.0243875
0.0247914
0.0238775
0.021735
0.0180389
0.0125415
-0.0513316
-0.0524478
-0.0532875
-0.0538988
-0.0543489
-0.0546308
-0.054747
-0.0547151
-0.0545594
-0.0543086
-0.0539938
-0.0536469
-0.053299
-0.052979
-0.0527132
-0.0525247
-0.0524332
-0.0524549
-0.0526027
-0.0528864
-0.0533129
-0.0538865
-0.0546089
-0.0554799
-0.0564972
-0.0576567
-0.0589526
-0.0603775
-0.0619227
-0.0635778
-0.0653313
-0.0671701
-0.0690798
-0.0710448
-0.073048
-0.0750711
-0.0770944
-0.0790968
-0.0810563
-0.0829491
-0.0847507
-0.0864351
-0.0879753
-0.0893434
-0.0905106
-0.0914474
-0.0921234
-0.0925083
-0.0925712
-0.0922817
-0.0916095
-0.0905252
-0.0890008
-0.0870097
-0.0845279
-0.0815346
-0.0780124
-0.0739494
-0.0693395
-0.0641844
-0.0584948
-0.0522933
-0.0456159
-0.0385152
-0.0310632
-0.0233546
-0.0155089
-0.00767258
-1.88052e-05
0.00725482
0.0139326
0.0197914
0.0246154
0.0282141
0.0304389
0.0312023
0.030522
0.0284773
0.0247169
0.0189816
-0.0538967
-0.0551602
-0.0560924
-0.0567461
-0.0571986
-0.057443
-0.0574843
-0.0573449
-0.0570554
-0.0566508
-0.0561688
-0.055647
-0.0551219
-0.0546269
-0.054192
-0.0538432
-0.0536021
-0.0534866
-0.0535105
-0.053684
-0.0540143
-0.0545052
-0.0551585
-0.0559731
-0.0569461
-0.0580727
-0.0593464
-0.060759
-0.0623008
-0.0639607
-0.0657263
-0.0675838
-0.0695181
-0.0715125
-0.0735494
-0.0756096
-0.0776727
-0.0797169
-0.0817192
-0.0836553
-0.0854998
-0.0872259
-0.0888058
-0.0902108
-0.0914111
-0.0923762
-0.093075
-0.0934759
-0.0935471
-0.0932568
-0.0925736
-0.0914669
-0.0899069
-0.0878659
-0.085318
-0.0822404
-0.078614
-0.0744245
-0.0696632
-0.064329
-0.0584296
-0.0519838
-0.0450238
-0.0375981
-0.0297747
-0.0216444
-0.0133243
-0.00496034
0.00327155
0.0111666
0.0184961
0.0250174
0.0304889
0.0346892
0.0374363
0.0386112
0.0382082
0.0362922
0.0324804
0.0265005
-0.0565805
-0.0580285
-0.0590741
-0.0597768
-0.0602276
-0.0604212
-0.0603665
-0.0600932
-0.0596399
-0.0590499
-0.0583688
-0.0576414
-0.0569101
-0.0562136
-0.0555856
-0.0550552
-0.0546462
-0.0543776
-0.0542642
-0.0543162
-0.0545407
-0.0549413
-0.0555188
-0.0562717
-0.0571959
-0.0582859
-0.0595341
-0.0609313
-0.062467
-0.0641291
-0.0659042
-0.0677776
-0.0697333
-0.0717539
-0.0738209
-0.0759142
-0.0780126
-0.0800936
-0.0821333
-0.0841068
-0.0859875
-0.0877482
-0.08936
-0.0907933
-0.0920174
-0.093001
-0.0937119
-0.0941173
-0.0941845
-0.0938804
-0.0931723
-0.0920282
-0.0904171
-0.0883095
-0.0856779
-0.0824978
-0.078748
-0.074412
-0.0694788
-0.0639444
-0.0578135
-0.0511014
-0.0438366
-0.0360634
-0.0278454
-0.0192695
-0.0104496
-0.00152984
0.00731217
0.0158658
0.0238908
0.0311255
0.037302
0.0421662
0.0454993
0.0471457
0.0470705
0.0453189
0.0414705
0.0352372
-0.0594167
-0.0610948
-0.0622779
-0.0630352
-0.0634765
-0.0636002
-0.0634218
-0.0629808
-0.0623266
-0.0615132
-0.0605956
-0.0596271
-0.0586571
-0.0577297
-0.056883
-0.0561489
-0.0555531
-0.0551157
-0.0548519
-0.0547719
-0.0548821
-0.0551855
-0.0556819
-0.0563687
-0.0572409
-0.0582915
-0.0595118
-0.0608918
-0.0624194
-0.0640818
-0.0658644
-0.0677516
-0.0697263
-0.0717703
-0.0738641
-0.0759869
-0.0781165
-0.0802296
-0.0823016
-0.0843064
-0.086217
-0.088005
-0.0896409
-0.091094
-0.0923328
-0.0933248
-0.0940369
-0.0944352
-0.0944858
-0.0941543
-0.0934069
-0.0922101
-0.0905314
-0.0883396
-0.0856057
-0.0823032
-0.078409
-0.0739043
-0.0687757
-0.0630167
-0.0566287
-0.0496238
-0.0420266
-0.0338771
-0.0252348
-0.0161818
-0.00682832
0.00268376
0.0121767
0.0214354
0.0302088
0.0382173
0.0451665
0.0507676
0.054761
0.0569492
0.0572617
0.0557169
0.0518489
0.0453497
-0.0624512
-0.0644149
-0.0657629
-0.0665781
-0.0669967
-0.0670235
-0.0666843
-0.0660324
-0.0651315
-0.0640486
-0.0628504
-0.0616002
-0.060355
-0.059165
-0.0580722
-0.0571113
-0.0563098
-0.0556883
-0.0552618
-0.0550402
-0.0550289
-0.0552296
-0.0556409
-0.0562587
-0.0570766
-0.0580863
-0.0592777
-0.0606393
-0.062158
-0.0638196
-0.0656085
-0.0675079
-0.0694998
-0.071565
-0.0736829
-0.0758318
-0.0779888
-0.0801297
-0.0822288
-0.0842595
-0.0861936
-0.088002
-0.0896542
-0.0911187
-0.0923629
-0.0933533
-0.0940558
-0.0944353
-0.0944567
-0.0940844
-0.0932832
-0.092018
-0.0902549
-0.087961
-0.0851055
-0.08166
-0.0775993
-0.0729022
-0.0675531
-0.0615423
-0.0548686
-0.0475402
-0.039578
-0.0310178
-0.0219141
-0.0123447
-0.00241498
0.00773614
0.0179318
0.0279536
0.0375411
0.0463974
0.0542008
0.0606262
0.0653692
0.0681839
0.0689564
0.0676701
0.0638023
0.0570199
-0.0657461
-0.0680632
-0.0696068
-0.0704794
-0.0708532
-0.0707449
-0.0701954
-0.0692772
-0.0680724
-0.0666644
-0.0651341
-0.0635556
-0.0619946
-0.0605072
-0.0591395
-0.0579285
-0.0569025
-0.0560824
-0.0554823
-0.055111
-0.0549723
-0.0550664
-0.05539
-0.0559374
-0.0567003
-0.0576689
-0.0588314
-0.0601748
-0.0616846
-0.0633453
-0.0651401
-0.0670509
-0.0690587
-0.0711432
-0.0732829
-0.0754551
-0.0776361
-0.0798005
-0.0819221
-0.0839731
-0.0859247
-0.0877467
-0.0894077
-0.0908753
-0.0921159
-0.093095
-0.0937772
-0.0941266
-0.0941065
-0.0936801
-0.0928108
-0.091462
-0.089598
-0.0871843
-0.0841882
-0.080579
-0.0763294
-0.0714159
-0.0658199
-0.059529
-0.0525386
-0.0448532
-0.0364895
-0.0274787
-0.0178704
-0.00773691
0.00282121
0.0136693
0.0246325
0.0354901
0.0459738
0.0557694
0.064528
0.0718854
0.0774878
0.0810335
0.0823559
0.0813926
0.0775494
0.0704598
-0.0693857
-0.0721395
-0.0739122
-0.0748342
-0.0751283
-0.0748306
-0.0740047
-0.0727488
-0.0711688
-0.0693687
-0.0674454
-0.0654856
-0.0635639
-0.0617419
-0.0600694
-0.0585848
-0.0573165
-0.0562844
-0.0555014
-0.054974
-0.0547041
-0.0546896
-0.0549249
-0.0554021
-0.056111
-0.0570396
-0.0581745
-0.0595009
-0.0610029
-0.0626634
-0.0644643
-0.0663864
-0.0684094
-0.0705119
-0.0726716
-0.0748646
-0.0770663
-0.0792506
-0.0813901
-0.0834563
-0.0854195
-0.0872485
-0.0889112
-0.090374
-0.0916023
-0.0925607
-0.0932127
-0.0935209
-0.0934477
-0.0929547
-0.0920038
-0.0905569
-0.0885765
-0.0860262
-0.0828712
-0.0790786
-0.0746187
-0.0694652
-0.0635965
-0.056997
-0.0496581
-0.0415806
-0.0327763
-0.0232713
-0.0131095
-0.00235713
0.00889126
0.0205063
0.0323163
0.0441002
0.0555823
0.0664322
0.0762727
0.0846976
0.0912979
0.095707
0.0976942
0.0971372
0.0933498
0.0859201
-0.073485
-0.076778
-0.0788149
-0.079766
-0.079926
-0.0793619
-0.0781703
-0.0764844
-0.0744407
-0.0721674
-0.0697802
-0.067379
-0.0650471
-0.0628512
-0.0608433
-0.0590622
-0.057535
-0.0562798
-0.0553065
-0.0546191
-0.0542165
-0.0540935
-0.0542419
-0.0546511
-0.0553086
-0.0562
-0.05731
-0.0586219
-0.0601181
-0.0617801
-0.0635882
-0.065522
-0.06756
-0.0696799
-0.0718579
-0.0740697
-0.0762893
-0.0784899
-0.0806432
-0.0827198
-0.084689
-0.086519
-0.0881764
-0.089627
-0.090835
-0.091764
-0.0923763
-0.0926334
-0.0924963
-0.0919253
-0.0908806
-0.0893225
-0.0872117
-0.0845097
-0.0811795
-0.0771858
-0.072496
-0.0670808
-0.0609154
-0.0539801
-0.0462623
-0.0377578
-0.0284732
-0.0184283
-0.00766028
0.00377173
0.0157808
0.0282446
0.0409965
0.0538166
0.066424
0.0784727
0.0895559
0.0992216
0.106998
0.112443
0.115246
0.115207
0.111518
0.103703
-0.0782021
-0.0821618
-0.0844959
-0.085435
-0.0853767
-0.0844367
-0.0827593
-0.0805241
-0.077906
-0.075062
-0.0721283
-0.0692181
-0.0664225
-0.0638117
-0.0614383
-0.0593391
-0.0575389
-0.0560518
-0.0548841
-0.0540357
-0.0535015
-0.0532729
-0.0533382
-0.0536837
-0.0542942
-0.0551529
-0.0562421
-0.0575432
-0.0590367
-0.0607026
-0.0625198
-0.0644664
-0.0665199
-0.0686567
-0.0708522
-0.0730809
-0.075316
-0.0775297
-0.079693
-0.0817756
-0.0837459
-0.0855711
-0.0872172
-0.0886487
-0.0898292
-0.0907209
-0.0912852
-0.0914824
-0.0912721
-0.0906132
-0.0894643
-0.0877841
-0.0855311
-0.0826649
-0.079146
-0.0749363
-0.0700003
-0.0643052
-0.0578223
-0.0505276
-0.0424033
-0.0334397
-0.0236366
-0.0130067
-0.00157881
0.0105972
0.0234439
0.0368486
0.0506527
0.0646406
0.0785284
0.091956
0.104486
0.115617
0.124805
0.131514
0.135337
0.13597
0.13244
0.12418
-0.0837576
-0.0885419
-0.0911984
-0.0920493
-0.0916432
-0.0901714
-0.0878456
-0.0849068
-0.0815767
-0.0780452
-0.0744697
-0.0709757
-0.0676596
-0.0645925
-0.0618247
-0.059389
-0.0573049
-0.0555812
-0.0542185
-0.0532116
-0.0525505
-0.052222
-0.0522108
-0.0524994
-0.0530695
-0.0539016
-0.0549757
-0.0562709
-0.0577661
-0.0594393
-0.0612681
-0.0632294
-0.0652994
-0.0674533
-0.0696657
-0.07191
-0.0741586
-0.0763828
-0.0785528
-0.0806374
-0.0826044
-0.0844199
-0.0860492
-0.0874558
-0.0886025
-0.0894505
-0.0899599
-0.09009
-0.0897991
-0.0890446
-0.0877836
-0.0859729
-0.0835692
-0.0805297
-0.0768123
-0.072376
-0.0671821
-0.0611937
-0.0543778
-0.0467053
-0.0381525
-0.0287027
-0.0183479
-0.00709173
0.0050475
0.0180316
0.0317961
0.0462414
0.0612214
0.0765294
0.0918833
0.106912
0.121149
0.134036
0.144945
0.15323
0.158357
0.159882
0.156607
0.147822
-0.0904636
-0.0962687
-0.0992508
-0.0998786
-0.098926
-0.0966993
-0.0935052
-0.0896635
-0.0854514
-0.081094
-0.0767686
-0.0726094
-0.0687143
-0.0651511
-0.0619636
-0.0591774
-0.0568038
-0.0548437
-0.0532906
-0.0521323
-0.051353
-0.0509344
-0.0508562
-0.0510974
-0.0516361
-0.0524498
-0.053516
-0.0548118
-0.0563139
-0.0579989
-0.0598429
-0.0618213
-0.0639094
-0.0660813
-0.0683105
-0.0705696
-0.0728303
-0.0750629
-0.077237
-0.0793205
-0.0812805
-0.0830824
-0.0846905
-0.0860678
-0.0871758
-0.0879751
-0.0884247
-0.0884827
-0.0881061
-0.0872511
-0.0858732
-0.0839272
-0.0813681
-0.0781505
-0.0742297
-0.0695618
-0.064104
-0.0578156
-0.0506583
-0.0425972
-0.0336017
-0.023647
-0.0127155
-0.0007995
0.0120957
0.0259471
0.0407074
0.0562954
0.0725837
0.0893822
0.106418
0.123317
0.139584
0.154604
0.167651
0.177939
0.184774
0.187517
0.184651
0.175243
-0.098772
-0.105838
-0.1091
-0.109271
-0.107466
-0.104165
-0.0998059
-0.0948055
-0.0895031
-0.0841583
-0.0789629
-0.0740537
-0.0695228
-0.0654285
-0.0618029
-0.0586595
-0.0559981
-0.0538092
-0.0520765
-0.0507798
-0.0498962
-0.0494012
-0.0492696
-0.049476
-0.0499947
-0.0508005
-0.051868
-0.0531722
-0.054688
-0.0563903
-0.0582538
-0.0602528
-0.0623613
-0.0645526
-0.0667994
-0.0690733
-0.0713453
-0.0735852
-0.0757616
-0.0778419
-0.0797924
-0.0815779
-0.0831621
-0.084507
-0.0855736
-0.0863213
-0.0867085
-0.086692
-0.0862278
-0.0852707
-0.0837748
-0.0816932
-0.0789786
-0.0755836
-0.0714606
-0.0665623
-0.0608423
-0.0542551
-0.0467569
-0.0383063
-0.0288646
-0.0183977
-0.00687649
0.00572038
0.0194039
0.0341705
0.0499953
0.0668227
0.0845531
0.103023
0.121983
0.141066
0.159762
0.177398
0.193138
0.206026
0.215151
0.219611
0.217416
0.20727
-0.109356
-0.117965
-0.121358
-0.120668
-0.117539
-0.11271
-0.106786
-0.100302
-0.0936597
-0.0871442
-0.0809516
-0.0752091
-0.069993
-0.0653427
-0.0612718
-0.057776
-0.0548393
-0.0524385
-0.0505458
-0.049131
-0.0481632
-0.047611
-0.0474439
-0.0476317
-0.0481451
-0.0489558
-0.0500358
-0.0513581
-0.0528957
-0.054622
-0.0565105
-0.0585344
-0.0606667
-0.0628798
-0.0651457
-0.0674354
-0.0697191
-0.071966
-0.0741442
-0.0762206
-0.0781607
-0.0799289
-0.0814881
-0.0827999
-0.0838245
-0.0845206
-0.0848456
-0.0847557
-0.0842056
-0.0831491
-0.0815386
-0.0793258
-0.0764616
-0.072896
-0.0685788
-0.0634594
-0.0574873
-0.0506122
-0.0427845
-0.0339553
-0.0240774
-0.0131056
-0.000997785
0.0122836
0.0267695
0.0424802
0.0594198
0.0775673
0.0968622
0.117184
0.138324
0.159945
0.181542
0.202402
0.221571
0.237889
0.250163
0.257114
0.256057
0.245076
-0.12326
-0.133701
-0.136859
-0.134618
-0.12944
-0.122434
-0.114418
-0.106047
-0.0977733
-0.0898899
-0.082575
-0.0759282
-0.0699943
-0.0647818
-0.0602766
-0.0564499
-0.0532654
-0.0506829
-0.0486605
-0.0471572
-0.0461328
-0.0455489
-0.0453691
-0.0455587
-0.0460849
-0.0469161
-0.0480222
-0.0493741
-0.0509433
-0.0527018
-0.0546221
-0.0566765
-0.058837
-0.0610756
-0.0633635
-0.0656711
-0.0679683
-0.0702236
-0.0724048
-0.0744782
-0.076409
-0.0781611
-0.0796969
-0.0809775
-0.0819626
-0.0826102
-0.0828771
-0.0827187
-0.0820888
-0.0809401
-0.0792239
-0.0768904
-0.0738885
-0.0701663
-0.0656707
-0.0603481
-0.0541439
-0.0470028
-0.038869
-0.0296862
-0.0193975
-0.00794605
0.00472517
0.0186722
0.0339491
0.0506052
0.0686806
0.0881987
0.109153
0.131484
0.155053
0.179586
0.204623
0.229444
0.253
0.273901
0.290592
0.301265
0.302197
0.290398
-0.142176
-0.154625
-0.156736
-0.15176
-0.143425
-0.133336
-0.122542
-0.1118
-0.101578
-0.092133
-0.0835927
-0.0760003
-0.0693478
-0.0635977
-0.0586968
-0.054585
-0.0512005
-0.048483
-0.0463753
-0.044824
-0.0437797
-0.0431967
-0.043033
-0.0432495
-0.04381
-0.0446805
-0.0458287
-0.0472239
-0.0488362
-0.0506369
-0.0525973
-0.0546892
-0.056884
-0.0591531
-0.0614674
-0.0637969
-0.066111
-0.0683781
-0.0705656
-0.0726394
-0.0745646
-0.0763046
-0.0778216
-0.0790763
-0.0800279
-0.0806341
-0.0808512
-0.0806338
-0.0799353
-0.0787072
-0.0769
-0.0744625
-0.0713421
-0.0674849
-0.0628354
-0.0573369
-0.0509309
-0.0435575
-0.0351546
-0.0256582
-0.0150019
-0.00311605
0.0100719
0.0246384
0.0406632
0.0582291
0.0774192
0.0983115
0.120969
0.14542
0.171625
0.199426
0.228471
0.258107
0.287254
0.314313
0.337298
0.353671
0.358172
0.345965
-0.169021
-0.183149
-0.182472
-0.172753
-0.159593
-0.145183
-0.130762
-0.117111
-0.10463
-0.0934724
-0.0836591
-0.0751376
-0.06782
-0.061604
-0.056386
-0.0520672
-0.0485566
-0.0457718
-0.0436393
-0.0420935
-0.0410759
-0.0405341
-0.0404212
-0.0406945
-0.0413149
-0.0422465
-0.0434554
-0.0449098
-0.046579
-0.0484334
-0.0504441
-0.0525823
-0.0548192
-0.0571259
-0.059473
-0.0618304
-0.0641674
-0.0664521
-0.0686519
-0.0707325
-0.0726589
-0.0743943
-0.0759007
-0.0771387
-0.0780672
-0.0786437
-0.078824
-0.0785626
-0.077812
-0.0765235
-0.0746464
-0.0721286
-0.0689163
-0.0649538
-0.0601836
-0.0545463
-0.0479798
-0.0404197
-0.0317984
-0.0220445
-0.0110818
0.0011712
0.0148033
0.0299118
0.0466039
0.0649987
0.0852272
0.107432
0.13176
0.158352
0.187312
0.218658
0.252239
0.287595
0.323759
0.359058
0.391073
0.416336
0.427407
0.416334
-0.209132
-0.222976
-0.215835
-0.198019
-0.177611
-0.157283
-0.138268
-0.121192
-0.106231
-0.0933225
-0.0823007
-0.072967
-0.0651215
-0.0585791
-0.0531759
-0.0487695
-0.0452381
-0.0424775
-0.0403987
-0.0389253
-0.0379911
-0.0375387
-0.0375173
-0.0378818
-0.0385914
-0.0396089
-0.0408998
-0.0424316
-0.0441735
-0.0460955
-0.0481687
-0.0503642
-0.0526532
-0.0550068
-0.0573957
-0.0597899
-0.0621586
-0.06447
-0.0666914
-0.0687889
-0.0707271
-0.0724694
-0.0739779
-0.0752131
-0.0761338
-0.0766974
-0.0768596
-0.0765747
-0.0757949
-0.0744711
-0.072552
-0.0699849
-0.0667149
-0.0626851
-0.0578363
-0.0521067
-0.0454316
-0.0377425
-0.028967
-0.019027
-0.0078379
0.00469323
0.0186701
0.03421
0.0514472
0.0705372
0.0916614
0.115031
0.140891
0.169515
0.20119
0.236185
0.274666
0.316552
0.361258
0.40734
0.452238
0.491498
0.514895
0.509452
-0.272509
-0.279651
-0.258551
-0.227242
-0.196259
-0.168136
-0.143617
-0.1228
-0.105379
-0.0909062
-0.0789319
-0.0690549
-0.0609353
-0.0542929
-0.0488997
-0.0445712
-0.0411575
-0.0385362
-0.0366065
-0.0352844
-0.0344993
-0.0341908
-0.0343064
-0.0348003
-0.0356313
-0.0367622
-0.0381586
-0.0397882
-0.0416206
-0.0436263
-0.0457765
-0.0480427
-0.0503965
-0.0528093
-0.055252
-0.057695
-0.0601076
-0.0624584
-0.0647148
-0.0668432
-0.0688084
-0.0705739
-0.072102
-0.0733533
-0.0742868
-0.0748599
-0.0750285
-0.0747466
-0.0739667
-0.0726391
-0.0707128
-0.0681343
-0.0648482
-0.0607966
-0.0559194
-0.0501529
-0.0434304
-0.0356805
-0.0268267
-0.016786
-0.00546676
0.00723331
0.0214305
0.0372593
0.0548776
0.0744743
0.096278
0.120568
0.147688
0.178057
0.212179
0.250635
0.294043
0.342937
0.397514
0.457194
0.520014
0.581076
0.627398
0.638781
-0.378087
-0.360805
-0.311649
-0.258905
-0.213146
-0.175332
-0.144774
-0.120378
-0.100951
-0.0854474
-0.0730338
-0.0630652
-0.0550508
-0.0486188
-0.0434865
-0.0394369
-0.0363017
-0.0339486
-0.0322716
-0.0311847
-0.0306167
-0.0305077
-0.0308064
-0.031468
-0.0324527
-0.0337245
-0.0352502
-0.0369986
-0.0389403
-0.0410467
-0.0432897
-0.0456417
-0.0480749
-0.0505613
-0.0530723
-0.0555787
-0.0580505
-0.0604567
-0.0627649
-0.0649419
-0.0669529
-0.0687619
-0.0703312
-0.0716219
-0.0725932
-0.0732028
-0.0734067
-0.0731592
-0.0724129
-0.0711183
-0.0692241
-0.066677
-0.0634212
-0.0593985
-0.0545481
-0.0488056
-0.0421026
-0.0343663
-0.0255176
-0.01547
-0.0041272
0.0086194
0.022895
0.0388463
0.056649
0.0765174
0.0987178
0.123587
0.151555
0.183182
0.219192
0.260522
0.308353
0.364099
0.429282
0.505201
0.591933
0.685667
0.773157
0.826782
-0.569378
-0.474891
-0.371489
-0.287561
-0.223141
-0.174756
-0.13883
-0.112031
-0.0917784
-0.0762627
-0.0642305
-0.0548099
-0.0473908
-0.0415423
-0.0369547
-0.033401
-0.0307115
-0.0287561
-0.0274334
-0.0266621
-0.0263756
-0.0265185
-0.0270433
-0.0279087
-0.0290776
-0.0305167
-0.0321949
-0.0340832
-0.0361534
-0.0383784
-0.0407316
-0.0431862
-0.0457155
-0.0482923
-0.0508888
-0.0534766
-0.0560261
-0.0585069
-0.0608874
-0.0631346
-0.0652145
-0.0670913
-0.0687279
-0.0700856
-0.0711242
-0.0718017
-0.0720745
-0.0718973
-0.0712227
-0.0700019
-0.0681836
-0.0657148
-0.0625398
-0.0586006
-0.0538361
-0.048182
-0.0415695
-0.0339251
-0.025169
-0.0152133
-0.00396007
0.00870212
0.0229022
0.0387926
0.0565573
0.0764236
0.0986783
0.123692
0.151951
0.184115
0.221084
0.264117
0.314981
0.376154
0.45107
0.544265
0.660189
0.800008
0.96213
1.12357
-0.965492
-0.622938
-0.409667
-0.288193
-0.208614
-0.154682
-0.118187
-0.0928581
-0.0746394
-0.0611471
-0.0509346
-0.0430819
-0.0369885
-0.0322541
-0.0286032
-0.0258401
-0.0238218
-0.0224403
-0.0216118
-0.0212691
-0.0213574
-0.0218303
-0.0226478
-0.0237745
-0.0251787
-0.0268308
-0.0287033
-0.0307699
-0.0330051
-0.0353836
-0.0378806
-0.040471
-0.0431292
-0.0458294
-0.0485448
-0.0512478
-0.0539099
-0.0565015
-0.0589915
-0.0613479
-0.063537
-0.0655239
-0.0672719
-0.068743
-0.0698975
-0.0706938
-0.071089
-0.0710382
-0.0704946
-0.0694098
-0.0677331
-0.065412
-0.0623913
-0.0586138
-0.0540189
-0.048543
-0.0421182
-0.0346721
-0.0261258
-0.0163931
-0.00537768
0.00702949
0.0209544
0.0365458
0.0539827
0.0734865
0.0953367
0.119896
0.147648
0.179255
0.215652
0.258208
0.308993
0.371246
0.450246
0.554634
0.696681
0.894311
1.1984
1.65347
-1.67868
-0.770977
-0.36984
-0.222376
-0.147569
-0.102974
-0.0760447
-0.0588872
-0.0470671
-0.0384444
-0.031934
-0.0269216
-0.0230374
-0.0200474
-0.0177957
-0.016172
-0.0150945
-0.0145002
-0.0143383
-0.0145667
-0.0151494
-0.0160547
-0.0172539
-0.0187208
-0.0204307
-0.02236
-0.0244861
-0.0267865
-0.029239
-0.0318212
-0.0345108
-0.0372845
-0.0401189
-0.0429895
-0.045871
-0.0487371
-0.0515604
-0.0543124
-0.0569631
-0.0594813
-0.0618341
-0.0639874
-0.0659054
-0.0675506
-0.0688841
-0.0698652
-0.0704514
-0.0705985
-0.0702605
-0.0693897
-0.0679362
-0.0658483
-0.0630719
-0.0595508
-0.0552258
-0.0500349
-0.0439123
-0.036788
-0.0285865
-0.0192256
-0.00861483
0.00334759
0.0167776
0.0318103
0.0486059
0.0673593
0.0883128
0.111775
0.138152
0.167991
0.202061
0.24149
0.288032
0.344614
0.41664
0.514885
0.660947
0.907141
1.42719
2.45786
)
;

boundaryField
{
    movingWall
    {
        type            zeroGradient;
    }
    fixedWalls
    {
        type            zeroGradient;
    }
    frontAndBack
    {
        type            empty;
    }
}


// ************************************************************************* //
