/*--------------------------------*- C++ -*----------------------------------*\
  =========                 |
  \\      /  F ield         | OpenFOAM: The Open Source CFD Toolbox
   \\    /   O peration     | Website:  https://openfoam.org
    \\  /    A nd           | Version:  7
     \\/     M anipulation  |
\*---------------------------------------------------------------------------*/
FoamFile
{
    version     2.0;
    format      ascii;
    class       volScalarField;
    location    "0.55";
    object      p;
}
// * * * * * * * * * * * * * * * * * * * * * * * * * * * * * * * * * * * * * //

dimensions      [0 2 -2 0 0 0 0];

internalField   nonuniform List<scalar> 
6400
(
-1.99684e-09
-4.76002e-06
-6.38971e-05
-0.000174086
-0.000321591
-0.000494178
-0.000681365
-0.000874305
-0.00106582
-0.00125019
-0.00142293
-0.00158056
-0.00172044
-0.00184055
-0.00193942
-0.00201596
-0.00206944
-0.00209933
-0.00210531
-0.00208716
-0.00204481
-0.00197822
-0.00188742
-0.00177252
-0.00163363
-0.00147092
-0.00128462
-0.00107505
-0.000842594
-0.000587729
-0.000311066
-1.33466e-05
0.000304532
0.000641495
0.000996293
0.00136747
0.00175337
0.00215213
0.00256165
0.00297962
0.00340353
0.00383067
0.00425815
0.00468293
0.00510182
0.00551155
0.0059088
0.00629025
0.00665258
0.00699256
0.00730714
0.00759339
0.00784867
0.00807063
0.00825724
0.00840689
0.0085184
0.00859108
0.00862471
0.00861963
0.00857671
0.00849738
0.00838364
0.00823802
0.00806358
0.00786394
0.0076432
0.00740594
0.00715721
0.0069025
0.00664772
0.00639917
0.00616354
0.00594787
0.00575946
0.00560564
0.00549316
0.00542742
0.00541135
0.00543466
5.48708e-06
7.49448e-07
-5.10248e-05
-0.000143848
-0.000266718
-0.000410877
-0.00056834
-0.000731939
-0.00089555
-0.00105409
-0.00120345
-0.00134029
-0.00146202
-0.0015666
-0.00165244
-0.00171838
-0.00176355
-0.0017873
-0.00178919
-0.00176893
-0.00172631
-0.00166125
-0.00157372
-0.00146377
-0.00133147
-0.00117697
-0.00100051
-0.000802369
-0.000582943
-0.000342702
-8.22392e-05
0.000197718
0.0004963
0.000812465
0.00114501
0.00149256
0.00185353
0.00222618
0.00260853
0.00299842
0.00339351
0.00379129
0.00418907
0.00458404
0.00497329
0.00535381
0.00572255
0.00607647
0.00641255
0.00672787
0.00701964
0.00728524
0.0075223
0.00772869
0.00790264
0.00804272
0.00814792
0.00821768
0.00825187
0.00825089
0.00821559
0.00814738
0.00804812
0.00792023
0.00776656
0.00759047
0.00739576
0.00718663
0.0069677
0.00674397
0.00652072
0.00630354
0.00609827
0.00591087
0.00574733
0.00561339
0.00551392
0.00545266
0.0054344
0.00545788
6.59365e-05
5.3404e-05
1.13926e-06
-8.45112e-05
-0.000194647
-0.000322455
-0.000461542
-0.000605997
-0.000750641
-0.000891038
-0.00102349
-0.00114497
-0.00125303
-0.00134569
-0.00142142
-0.00147904
-0.00151762
-0.0015365
-0.00153517
-0.00151326
-0.00147054
-0.00140688
-0.0013222
-0.0012165
-0.00108985
-0.00094236
-0.000774234
-0.000585748
-0.000377271
-0.000149256
9.77287e-05
0.000362988
0.000645688
0.000944837
0.00125928
0.00158772
0.00192865
0.00228041
0.00264114
0.00300882
0.00338124
0.00375602
0.00413066
0.00450253
0.00486888
0.00522692
0.00557381
0.0059067
0.00622279
0.00651937
0.00679386
0.00704383
0.00726708
0.00746168
0.007626
0.00775875
0.00785903
0.00792636
0.00796068
0.00796239
0.00793236
0.00787194
0.00778292
0.00766759
0.00752865
0.00736926
0.00719295
0.00700367
0.00680565
0.00660349
0.00640199
0.00620618
0.00602123
0.00585235
0.00570468
0.00558307
0.00549156
0.00543351
0.00541576
0.00544229
0.000178311
0.000147504
8.66663e-05
1.21526e-07
-0.000106036
-0.000226187
-0.000355036
-0.000487709
-0.000619854
-0.000747682
-0.000867981
-0.000978059
-0.0010757
-0.00115912
-0.00122687
-0.00127784
-0.00131114
-0.00132611
-0.00132222
-0.00129911
-0.00125652
-0.00119428
-0.00111229
-0.00101052
-0.000889011
-0.000747852
-0.000587213
-0.000407343
-0.000208577
8.6604e-06
0.000243841
0.000496314
0.000765287
0.00104982
0.00134884
0.00166108
0.00198516
0.00231949
0.00266231
0.00301169
0.00336555
0.00372165
0.00407759
0.0044309
0.00477898
0.00511916
0.00544877
0.00576512
0.00606556
0.00634751
0.00660853
0.00684634
0.00705887
0.00724429
0.00740107
0.00752802
0.00762432
0.00768952
0.0077236
0.00772696
0.00770047
0.00764542
0.00756354
0.00745702
0.00732843
0.00718076
0.00701735
0.00684188
0.00665832
0.00647091
0.00628407
0.00610239
0.00593051
0.0057731
0.00563472
0.00551971
0.00543175
0.00537419
0.00535449
0.00537819
0.0003296
0.000272576
0.000197099
0.000104395
-2.99565e-06
-0.000120498
-0.000243748
-0.000368815
-0.000492133
-0.000610566
-0.000721395
-0.000822314
-0.000911401
-0.000987082
-0.00104808
-0.00109338
-0.00112218
-0.00113384
-0.00112786
-0.00110391
-0.0010617
-0.00100106
-0.000921873
-0.000824077
-0.000707685
-0.000572762
-0.000419443
-0.000247947
-5.85648e-05
0.000148327
0.000372241
0.000612581
0.000868609
0.00113944
0.00142408
0.00172135
0.00202992
0.00234832
0.00267487
0.00300775
0.00334497
0.00368441
0.0040238
0.00436076
0.00469283
0.00501747
0.00533212
0.00563421
0.00592119
0.00619063
0.00644017
0.00666763
0.00687104
0.00704864
0.00719899
0.00732095
0.00741372
0.00747691
0.00751051
0.00751492
0.00749097
0.00743991
0.00736342
0.00726358
0.00714286
0.00700408
0.00685042
0.00668533
0.00651253
0.00633596
0.0061597
0.00598794
0.0058249
0.00567479
0.00554169
0.0054295
0.00534164
0.00528132
0.0052553
0.00526863
0.000508422
0.000420375
0.000325937
0.000222924
0.000110107
-8.86385e-06
-0.000130408
-0.000251465
-0.000369213
-0.000481126
-0.000584983
-0.000678885
-0.000761234
-0.000830707
-0.000886219
-0.000926893
-0.000952026
-0.000961054
-0.000953541
-0.000929161
-0.000887663
-0.000828855
-0.000752607
-0.000658849
-0.000547562
-0.000418784
-0.000272613
-0.000109224
7.11327e-05
0.000268138
0.00048136
0.000710255
0.000954153
0.00121224
0.00148359
0.00176711
0.00206156
0.00236554
0.00267748
0.00299564
0.00331814
0.00364295
0.00396789
0.0042907
0.00460901
0.00492038
0.00522233
0.00551239
0.00578811
0.00604711
0.00628712
0.00650603
0.00670191
0.00687306
0.00701809
0.00713588
0.00722566
0.00728704
0.00732001
0.00732495
0.00730267
0.00725438
0.00718168
0.00708657
0.00697141
0.00683892
0.00669209
0.0065342
0.00636874
0.00619939
0.00602994
0.00586425
0.00570619
0.00555954
0.00542801
0.00531511
0.005224
0.00515765
0.00512131
0.0051185
0.000704907
0.000583203
0.000466902
0.000350439
0.000228845
0.000105021
-1.81129e-05
-0.000138277
-0.000253342
-0.000361346
-0.000460555
-0.000549482
-0.000626864
-0.000691648
-0.00074296
-0.000780092
-0.000802462
-0.000809605
-0.00080116
-0.000776841
-0.000736418
-0.000679706
-0.000606575
-0.000516941
-0.000410759
-0.000288036
-0.000148833
6.72655e-06
0.000178444
0.000366055
0.000569189
0.000787367
0.00101999
0.00126632
0.00152551
0.00179655
0.00207828
0.0023694
0.00266842
0.00297368
0.00328338
0.00359559
0.00390822
0.00421907
0.00452587
0.00482624
0.00511777
0.00539806
0.0056647
0.00591535
0.00614781
0.00635998
0.00654996
0.00671609
0.00685696
0.00697148
0.00705887
0.00711872
0.00715102
0.00715611
0.00713476
0.00708813
0.00701778
0.00692561
0.00681391
0.00668527
0.00654255
0.00638888
0.00622756
0.00606206
0.00589591
0.0057327
0.00557598
0.00542924
0.00529584
0.00517892
0.00508143
0.00500613
0.00495624
0.00493333
0.000910444
0.000753884
0.000613917
0.000481789
0.000348939
0.000217659
9.0319e-05
-3.14936e-05
-0.00014627
-0.000252583
-0.000349169
-0.000434937
-0.000508961
-0.000570467
-0.000618802
-0.000653437
-0.000673938
-0.000679959
-0.000671215
-0.000647473
-0.000608535
-0.000554236
-0.000484442
-0.000399064
-0.000298033
-0.000181323
-4.89509e-05
9.90096e-05
0.000262421
0.000441077
0.000634672
0.000842798
0.00106493
0.00130042
0.0015485
0.00180824
0.00207858
0.00235828
0.00264594
0.00293999
0.00323871
0.00354022
0.00384252
0.00414349
0.00444089
0.0047324
0.00501566
0.00528829
0.00554792
0.00579224
0.00601903
0.00622622
0.0064119
0.0065744
0.00671231
0.00682449
0.00691016
0.00696888
0.00700058
0.00700559
0.00698462
0.00693878
0.00686957
0.00677883
0.00666875
0.00654183
0.00640084
0.00624876
0.00608874
0.00592407
0.00575809
0.00559416
0.00543559
0.0052856
0.00514724
0.00502339
0.00491678
0.00482999
0.00476404
0.00471847
0.00111767
0.000925956
0.000761319
0.00061204
0.000466161
0.000325469
0.000191894
6.64146e-05
-5.00297e-05
-0.000156513
-0.000252207
-0.000336408
-0.000408518
-0.000468032
-0.000514533
-0.000547677
-0.000567193
-0.000572851
-0.000564453
-0.00054183
-0.000504822
-0.000453289
-0.000387102
-0.000306158
-0.000210372
-9.968e-05
2.59463e-05
0.00016649
0.000321873
0.000491952
0.000676492
0.000875165
0.00108753
0.00131302
0.00155095
0.00180048
0.00206064
0.00233026
0.00260803
0.00289244
0.00318185
0.00347446
0.0037683
0.00406132
0.00435131
0.00463599
0.00491302
0.00518003
0.00543464
0.00567455
0.00589753
0.00610146
0.00628443
0.00644472
0.00658088
0.00669173
0.00677645
0.00683453
0.00686587
0.00687073
0.00684977
0.00680406
0.00673502
0.00664444
0.00653443
0.00640742
0.00626607
0.00611327
0.00595205
0.00578556
0.00561697
0.00544948
0.00528621
0.00513015
0.00498413
0.00485077
0.00473268
0.00463227
0.00454841
0.0044786
0.00132027
0.00109363
0.000903883
0.000736526
0.000576387
0.000424857
0.000283504
0.000152766
3.30623e-05
-7.51376e-05
-0.000171419
-0.000255439
-0.000326914
-0.000385607
-0.000431335
-0.000463948
-0.000483334
-0.000489383
-0.000481986
-0.000461042
-0.000426442
-0.000378063
-0.000315787
-0.000239505
-0.000149106
-4.44864e-05
7.44335e-05
0.000207687
0.00035526
0.000517081
0.000692993
0.000882747
0.00108599
0.00130224
0.00153091
0.00177124
0.00202234
0.00228313
0.00255236
0.00282862
0.00311031
0.00339568
0.00368284
0.00396975
0.00425424
0.00453403
0.00480679
0.00507014
0.00532169
0.00555909
0.00578007
0.00598248
0.00616435
0.00632389
0.00645959
0.00657021
0.00665484
0.00671292
0.00674428
0.00674911
0.00672801
0.00668198
0.00661237
0.00652092
0.00640969
0.00628103
0.00613753
0.00598199
0.00581737
0.00564669
0.00547303
0.00529945
0.00512891
0.00496428
0.00480819
0.00466307
0.00453147
0.0044157
0.00431254
0.00421756
0.00151271
0.00125173
0.00103681
0.000850843
0.000675639
0.000512268
0.000361993
0.000224762
0.000100526
-1.06619e-05
-0.000108774
-0.000193806
-0.000265772
-0.000324704
-0.000370641
-0.000403631
-0.000423708
-0.000430884
-0.000425148
-0.000406465
-0.000374769
-0.000329968
-0.000271954
-0.000200603
-0.000115775
-1.73317e-05
9.48581e-05
0.00022089
0.000360814
0.000514633
0.000682268
0.000863564
0.00105826
0.00126596
0.00148616
0.00171821
0.00196128
0.00221439
0.00247636
0.00274584
0.00302129
0.00330102
0.00358317
0.00386573
0.00414654
0.00442331
0.00469372
0.00495533
0.00520572
0.00544249
0.00566332
0.00586597
0.00604839
0.00620872
0.00634534
0.00645693
0.00654248
0.00660136
0.0066333
0.0066384
0.0066172
0.00657061
0.00649994
0.00640685
0.00629335
0.00616173
0.00601455
0.00585452
0.00568455
0.0055076
0.00532667
0.00514473
0.00496466
0.0047892
0.00462089
0.00446203
0.00431516
0.00418257
0.00405906
0.00393836
0.0016901
0.00139552
0.00115563
0.000950848
0.00076011
0.000584226
0.000424203
0.000279545
0.000149778
3.45672e-05
-6.64107e-05
-0.000153473
-0.000226921
-0.000287045
-0.000334096
-0.000368309
-0.000389864
-0.00039889
-0.00039547
-0.000379639
-0.000351376
-0.000310612
-0.000257243
-0.000191136
-0.000112122
-2.00147e-05
8.53674e-05
0.00020418
0.000336542
0.000482537
0.000642178
0.000815397
0.00100202
0.00120177
0.00141421
0.0016388
0.00187479
0.00212127
0.00237714
0.00264111
0.00291172
0.00318731
0.00346605
0.00374593
0.00402481
0.0043004
0.0045703
0.00483207
0.00508321
0.00532126
0.00554379
0.00574849
0.00593319
0.00609593
0.00623496
0.00634886
0.00643651
0.00649715
0.0065304
0.00653628
0.00651523
0.00646808
0.00639608
0.00630082
0.00618425
0.00604864
0.00589648
0.00573047
0.00555346
0.0053684
0.00517824
0.00498591
0.00479425
0.00460596
0.0044235
0.00424912
0.00408543
0.00393476
0.00379003
0.00364328
0.00184804
0.00152071
0.00125622
0.00103264
0.000826144
0.000637333
0.000466991
0.000314218
0.000178151
5.80943e-05
-4.66049e-05
-0.000136566
-0.000212366
-0.000274533
-0.000323535
-0.000359762
-0.000383542
-0.000395125
-0.000394682
-0.000382305
-0.00035802
-0.000321784
-0.000273492
-0.000212993
-0.00014008
-5.45294e-05
4.38939e-05
0.000155413
0.000280226
0.0004185
0.00057034
0.000735773
0.000914727
0.00110701
0.00131231
0.00153015
0.00175988
0.00200068
0.00225152
0.00251118
0.00277824
0.00305109
0.00332793
0.00360675
0.0038854
0.00416156
0.00443281
0.00469662
0.00495042
0.00519166
0.00541781
0.00562644
0.00581525
0.00598212
0.0061252
0.00624291
0.00633398
0.00639752
0.00643304
0.00644042
0.00642001
0.00637254
0.00629917
0.00620145
0.00608128
0.00594086
0.00578268
0.00560942
0.00542393
0.00522914
0.00502801
0.00482348
0.00461838
0.00441542
0.00421706
0.00402555
0.00384361
0.00367373
0.00350704
0.00333392
0.00198251
0.00162332
0.00133473
0.00109252
0.000870231
0.000668276
0.00048725
0.000325878
0.000182928
5.73749e-05
-5.17431e-05
-0.000145343
-0.000224262
-0.000289242
-0.000340945
-0.00037993
-0.000406662
-0.000421494
-0.000424679
-0.000416374
-0.000396645
-0.000365463
-0.000322718
-0.000268236
-0.000201781
-0.00012308
-3.18384e-05
7.2238e-05
0.00018943
0.000319994
0.000464128
0.000621966
0.000793538
0.000978755
0.0011774
0.0013891
0.0016133
0.00184925
0.00209602
0.00235244
0.00261716
0.00288858
0.00316494
0.00344424
0.00372431
0.00400279
0.00427719
0.00454492
0.00480333
0.00504973
0.00528148
0.005496
0.00569084
0.00586373
0.00601264
0.00613582
0.00623184
0.00629966
0.00633861
0.00634845
0.0063294
0.0062821
0.0062076
0.00610738
0.00598329
0.00583751
0.00567251
0.00549097
0.00529576
0.00508983
0.00487619
0.00465781
0.00443758
0.00421827
0.0040024
0.00379224
0.00359075
0.00340058
0.00321117
0.00301135
0.00208976
0.00169965
0.00138752
0.00112696
0.000888993
0.000673841
0.000481926
0.000311629
0.000161378
2.98208e-05
-8.43039e-05
-0.000182177
-0.000264874
-0.000333358
-0.000388464
-0.000430911
-0.000461287
-0.000480047
-0.000487523
-0.000483929
-0.000469358
-0.000443791
-0.00040711
-0.000359118
-0.000299542
-0.000228057
-0.000144302
-4.79063e-05
6.14951e-05
0.000184256
0.000320679
0.000471002
0.000635365
0.000813786
0.00100615
0.00121219
0.00143145
0.00166328
0.00190682
0.00216097
0.00242443
0.00269565
0.00297289
0.00325414
0.00353721
0.00381971
0.00409907
0.00437261
0.00463758
0.00489117
0.00513058
0.00535307
0.005556
0.00573694
0.00589364
0.00602416
0.00612689
0.00620057
0.00624438
0.0062579
0.00624121
0.00619481
0.00611967
0.00601718
0.00588913
0.00573768
0.00556529
0.00537467
0.00516871
0.00495043
0.00472291
0.00448919
0.00425229
0.00401508
0.00378016
0.00354993
0.0033276
0.00311607
0.00290316
0.00267613
0.00216631
0.0017462
0.00141116
0.00113263
0.000879186
0.000650898
0.000448029
0.000268613
0.000110751
-2.72087e-05
-0.000146814
-0.000249499
-0.000336566
-0.000409177
-0.00046834
-0.000514916
-0.000549613
-0.00057298
-0.000585419
-0.00058719
-0.000578411
-0.000559064
-0.000529022
-0.000488059
-0.000435857
-0.000372036
-0.000296165
-0.00020779
-0.000106452
8.30367e-06
0.000136889
0.000279654
0.00043685
0.000608611
0.000794938
0.000995669
0.00121046
0.00143874
0.00167975
0.00193247
0.00219566
0.00246781
0.00274718
0.00303178
0.00331939
0.00360756
0.00389368
0.00417495
0.00444849
0.00471136
0.00496058
0.00519323
0.00540648
0.00559766
0.00576432
0.00590428
0.00601569
0.0060971
0.00614745
0.00616616
0.0061531
0.00610864
0.00603363
0.00592937
0.00579758
0.00564041
0.0054603
0.00526001
0.00504249
0.00481083
0.00456822
0.00431784
0.00406285
0.00380625
0.00355082
0.00329912
0.00305467
0.00282068
0.00258336
0.00232843
0.0022088
0.00175965
0.00140235
0.00110629
0.000837684
0.000596425
0.000382625
0.000193995
2.83138e-05
-0.00011636
-0.000241839
-0.0003498
-0.000441762
-0.000519074
-0.000582909
-0.000634262
-0.000673946
-0.000702602
-0.000720691
-0.000728511
-0.000726194
-0.000713725
-0.000690957
-0.000657633
-0.000613385
-0.00055777
-0.000490281
-0.000410376
-0.000317492
-0.000211069
-9.05811e-05
4.44396e-05
0.000194366
0.000359456
0.000539831
0.000735447
0.00094607
0.00117125
0.0014103
0.00166231
0.00192607
0.00220014
0.00248281
0.00277208
0.00306571
0.00336119
0.00365584
0.00394675
0.00423092
0.00450523
0.00476652
0.00501167
0.00523762
0.00544145
0.00562045
0.00577218
0.00589455
0.00598582
0.0060447
0.00607039
0.00606256
0.00602139
0.0059476
0.00584236
0.00570736
0.00554468
0.00535679
0.00514647
0.00491677
0.00467089
0.00441214
0.0041439
0.00386947
0.00359209
0.00331473
0.00304017
0.00277228
0.00251465
0.00225187
0.00196813
0.00221406
0.00173683
0.00135799
0.00104489
0.000761473
0.000507481
0.000282851
8.49829e-05
-8.86537e-05
-0.000240278
-0.000371956
-0.000485599
-0.000582934
-0.000665488
-0.000734584
-0.000791344
-0.000836685
-0.000871322
-0.00089577
-0.000910352
-0.000915215
-0.000910339
-0.000895553
-0.000870559
-0.000834937
-0.000788173
-0.000729677
-0.000658809
-0.000574902
-0.000477281
-0.000365298
-0.000238362
-9.59672e-05
6.22734e-05
0.000236614
0.00042714
0.000633741
0.000856083
0.00109359
0.00134543
0.00161048
0.00188736
0.00217437
0.00246954
0.00277058
0.00307496
0.0033799
0.00368239
0.00397928
0.00426728
0.00454302
0.00480315
0.00504436
0.00526344
0.00545741
0.00562353
0.0057594
0.00586299
0.00593273
0.00596754
0.00596687
0.00593069
0.00585953
0.00575446
0.00561706
0.00544938
0.0052539
0.00503346
0.00479118
0.00453041
0.00425464
0.00396744
0.00367234
0.00337282
0.00307213
0.00277328
0.00248058
0.00219803
0.00190857
0.00159483
0.00217905
0.00167472
0.00127505
0.000945462
0.000647651
0.00038121
0.000145907
-6.11645e-05
-0.000242832
-0.000401583
-0.000539737
-0.000659429
-0.00076258
-0.000850889
-0.000925824
-0.000988621
-0.00104029
-0.00108162
-0.00111316
-0.00113527
-0.00114808
-0.00115158
-0.00114556
-0.00112968
-0.00110346
-0.0010663
-0.00101753
-0.000956405
-0.000882142
-0.000793945
-0.000691041
-0.0005727
-0.000438281
-0.000287251
-0.000119213
6.60574e-05
0.000268589
0.000488176
0.000724362
0.000976415
0.00124331
0.00152372
0.00181599
0.00211816
0.00242795
0.00274275
0.00305972
0.00337573
0.00368748
0.00399148
0.00428417
0.00456191
0.00482113
0.00505831
0.00527015
0.00545356
0.0056058
0.00572451
0.00580778
0.00585424
0.00586304
0.00583392
0.00576719
0.00566378
0.00552515
0.0053533
0.00515073
0.00492031
0.00466528
0.00438916
0.00409564
0.0037885
0.00347156
0.00314861
0.00282317
0.00249859
0.00217962
0.00187073
0.00155319
0.00120799
0.00210082
0.00157041
0.00115068
0.000805169
0.000493415
0.000214846
-3.09271e-05
-0.000247117
-0.000436844
-0.000602864
-0.000747736
-0.000873813
-0.000983203
-0.00107777
-0.00115912
-0.00122859
-0.00128728
-0.00133604
-0.00137544
-0.00140588
-0.00142748
-0.00144021
-0.00144384
-0.00143795
-0.00142201
-0.00139534
-0.00135717
-0.00130663
-0.00124284
-0.00116486
-0.00107178
-0.000962741
-0.000836937
-0.000693684
-0.000532427
-0.000352787
-0.000154584
6.21208e-05
0.000297005
0.000549456
0.000818553
0.00110305
0.00140134
0.00171151
0.00203124
0.00235792
0.00268861
0.00302008
0.00334885
0.00367126
0.00398348
0.00428164
0.00456182
0.00482019
0.00505306
0.00525699
0.00542882
0.00556583
0.00566572
0.00572676
0.00574776
0.00572819
0.00566811
0.00556824
0.00542993
0.0052551
0.00504624
0.00480628
0.00453859
0.00424686
0.00393501
0.00360709
0.00326724
0.00291958
0.00256798
0.00221615
0.00186935
0.00153257
0.00118532
0.00080689
0.00197656
0.0014211
0.00098211
0.000621269
0.000296057
5.72469e-06
-0.000250278
-0.000475468
-0.000673257
-0.000846658
-0.000998469
-0.00113125
-0.0012473
-0.00134862
-0.00143696
-0.00151376
-0.00158019
-0.00163713
-0.00168523
-0.00172485
-0.00175616
-0.00177906
-0.0017933
-0.0017984
-0.00179374
-0.00177857
-0.001752
-0.00171307
-0.00166074
-0.00159396
-0.00151167
-0.00141283
-0.0012965
-0.00116181
-0.00100804
-0.000834645
-0.000641268
-0.000427809
-0.00019444
5.83695e-05
0.000329816
0.000618749
0.000923652
0.00124263
0.0015734
0.0019133
0.00225934
0.00260817
0.00295615
0.00329942
0.0036339
0.00395542
0.00425972
0.00454261
0.00479999
0.00502799
0.00522302
0.00538191
0.00550193
0.00558093
0.00561734
0.00561027
0.00555949
0.00546551
0.00532949
0.00515326
0.00493928
0.00469055
0.00441056
0.00410319
0.00377262
0.0034232
0.00305945
0.00268584
0.00230665
0.00192599
0.0015497
0.00118332
0.000804535
0.000390773
0.00180352
0.00122411
0.000766672
0.000391138
5.29819e-05
-0.000248718
-0.000514684
-0.000748733
-0.000954564
-0.00113545
-0.0012944
-0.0014342
-0.00155732
-0.00166591
-0.00176183
-0.00184663
-0.00192153
-0.00198748
-0.00204514
-0.00209489
-0.00213688
-0.00217099
-0.0021969
-0.00221409
-0.00222185
-0.00221934
-0.00220555
-0.00217939
-0.00213972
-0.00208531
-0.00201496
-0.00192747
-0.0018217
-0.00169661
-0.00155129
-0.00138501
-0.00119721
-0.000987626
-0.000756243
-0.000503374
-0.000229676
6.38212e-05
0.000375698
0.000704122
0.00104684
0.0014012
0.00176411
0.00213215
0.00250153
0.00286815
0.0032277
0.00357567
0.00390746
0.00421845
0.00450412
0.0047601
0.00498233
0.00516712
0.00531126
0.00541209
0.00546761
0.00547652
0.00543824
0.00535297
0.00522168
0.00504607
0.00482855
0.00457218
0.00428056
0.00395779
0.00360831
0.00323684
0.00284827
0.00244752
0.0020393
0.00162816
0.00122059
0.000822762
0.000410351
-4.1144e-05
0.0015791
0.000976863
0.000501837
0.000112272
-0.000238282
-0.000550932
-0.000826579
-0.00106933
-0.00128317
-0.00147162
-0.00163793
-0.00178507
-0.00191568
-0.00203206
-0.00213617
-0.00222966
-0.00231382
-0.00238963
-0.00245779
-0.00251868
-0.00257241
-0.00261885
-0.00265761
-0.00268812
-0.00270957
-0.00272101
-0.00272134
-0.00270933
-0.00268369
-0.00264306
-0.00258604
-0.00251126
-0.00241739
-0.0023032
-0.00216757
-0.00200955
-0.00182838
-0.00162359
-0.00139496
-0.00114261
-0.000867041
-0.000569123
-0.000250154
8.81252e-05
0.000443519
0.000813371
0.00119458
0.0015836
0.00197651
0.002369
0.00275649
0.00313414
0.00349696
0.0038399
0.00415793
0.00444619
0.00470004
0.00491522
0.00508796
0.00521504
0.00529394
0.00532286
0.00530082
0.00522765
0.00510407
0.00493161
0.0047126
0.00445012
0.0041479
0.00381024
0.00344191
0.003048
0.00263383
0.00220478
0.00176607
0.00132276
0.000882021
0.000450697
2.3433e-06
-0.000489622
0.00130079
0.000676906
0.000185201
-0.000217702
-0.000580089
-0.000903256
-0.00118828
-0.00143958
-0.0016614
-0.0018575
-0.00203138
-0.00218618
-0.0023247
-0.0024494
-0.00256235
-0.00266526
-0.00275951
-0.00284611
-0.00292576
-0.00299885
-0.00306548
-0.00312547
-0.00317839
-0.00322356
-0.0032601
-0.00328697
-0.00330292
-0.00330662
-0.00329661
-0.00327135
-0.00322929
-0.00316885
-0.00308851
-0.00298681
-0.00286239
-0.00271409
-0.00254091
-0.00234214
-0.00211735
-0.00186644
-0.00158969
-0.0012878
-0.000961908
-0.000613634
-0.00024509
0.000141106
0.000541834
0.000953485
0.00137199
0.00179285
0.0022112
0.00262186
0.00301944
0.0033984
0.00375321
0.00407839
0.00436871
0.00461927
0.00482563
0.00498396
0.00509111
0.0051447
0.00514327
0.00508622
0.00497393
0.0048077
0.00458975
0.00432315
0.00401177
0.00366011
0.00327326
0.00285672
0.00241628
0.00195786
0.00148721
0.00100995
0.000534032
6.70118e-05
-0.000419835
-0.000955351
0.000966198
0.000321926
-0.000185513
-0.000601034
-0.000974669
-0.0013079
-0.00160201
-0.00186167
-0.00209143
-0.00229529
-0.00247694
-0.00263973
-0.00278663
-0.00292021
-0.00304266
-0.00315577
-0.00326097
-0.00335933
-0.00345154
-0.00353799
-0.00361876
-0.00369362
-0.00376208
-0.0038234
-0.00387659
-0.0039205
-0.00395378
-0.00397494
-0.00398235
-0.00397432
-0.0039491
-0.00390491
-0.00383999
-0.00375264
-0.00364129
-0.00350449
-0.00334101
-0.00314986
-0.00293035
-0.00268213
-0.00240525
-0.00210018
-0.00176787
-0.00140978
-0.00102789
-0.000624765
-0.000203499
0.000232253
0.000678302
0.00112996
0.00158209
0.00202917
0.00246537
0.00288467
0.00328093
0.00364808
0.00398017
0.00427159
0.00451718
0.00471236
0.00485327
0.00493689
0.00496112
0.00492488
0.00482811
0.00467184
0.0044581
0.00418993
0.00387128
0.00350689
0.00310218
0.00266307
0.00219586
0.00170708
0.00120307
0.000690046
0.000176813
-0.000328273
-0.000856408
-0.00143889
0.000573097
-9.02578e-05
-0.000612447
-0.00103984
-0.00142411
-0.00176696
-0.00206982
-0.00233768
-0.00257534
-0.00278705
-0.0029767
-0.00314784
-0.00330358
-0.00344663
-0.00357927
-0.0037034
-0.00382048
-0.0039316
-0.0040375
-0.00413854
-0.00423477
-0.00432593
-0.00441145
-0.00449052
-0.00456206
-0.00462481
-0.00467729
-0.00471785
-0.00474472
-0.004756
-0.00474976
-0.00472397
-0.00467667
-0.00460589
-0.00450978
-0.00438663
-0.0042349
-0.00405333
-0.00384093
-0.00359705
-0.00332148
-0.00301441
-0.00267656
-0.00230918
-0.00191411
-0.00149377
-0.00105123
-0.000590129
-0.000114763
0.000370011
0.000858798
0.00134573
0.00182453
0.00228864
0.00273134
0.00314582
0.00352542
0.00386372
0.00415472
0.00439301
0.00457391
0.00469362
0.00474934
0.00473935
0.0046631
0.00452121
0.00431549
0.0040489
0.00372544
0.00335005
0.00292849
0.00246716
0.00197291
0.0014529
0.000914124
0.000363492
-0.000189283
-0.000734958
-0.00130742
-0.00194062
0.000119391
-0.000561677
-0.00109759
-0.00153608
-0.00193037
-0.00228234
-0.00259365
-0.00286953
-0.00311506
-0.00333471
-0.0035326
-0.00371244
-0.00387751
-0.00403064
-0.00417422
-0.00431021
-0.00444012
-0.0045651
-0.00468587
-0.00480279
-0.00491589
-0.00502485
-0.00512907
-0.00522762
-0.00531937
-0.00540291
-0.00547663
-0.00553875
-0.00558731
-0.00562023
-0.00563535
-0.00563044
-0.00560325
-0.00555156
-0.00547321
-0.00536621
-0.00522869
-0.00505906
-0.00485601
-0.00461855
-0.00434614
-0.00403868
-0.0036966
-0.00332089
-0.00291317
-0.00247572
-0.00201147
-0.00152408
-0.00101787
-0.000497835
3.03745e-05
0.00056055
0.00108598
0.00159955
0.00209388
0.00256143
0.00299471
0.00338641
0.0037296
0.00401794
0.00424579
0.00440846
0.00450229
0.00452483
0.00447489
0.00435262
0.0041595
0.00389832
0.0035731
0.00318898
0.00275205
0.00226919
0.00174787
0.00119592
0.000621056
3.09469e-05
-0.000563685
-0.00115263
-0.00177271
-0.00246072
-0.000396846
-0.00109419
-0.00164275
-0.00209154
-0.00249521
-0.00285583
-0.00317524
-0.00345897
-0.00371234
-0.00394005
-0.00414642
-0.00433535
-0.00451025
-0.0046741
-0.00482937
-0.00497809
-0.00512184
-0.00526178
-0.00539866
-0.00553283
-0.00566428
-0.00579266
-0.00591729
-0.00603719
-0.00615111
-0.00625754
-0.00635474
-0.00644076
-0.00651346
-0.00657059
-0.00660974
-0.00662843
-0.00662416
-0.0065944
-0.00653671
-0.00644872
-0.00632826
-0.00617336
-0.00598232
-0.00575381
-0.00548689
-0.00518111
-0.00483657
-0.00445394
-0.00403457
-0.00358052
-0.00309457
-0.00258028
-0.002042
-0.00148482
-0.0009146
-0.000337875
0.000238199
0.000805946
0.00135729
0.00188393
0.00237745
0.00282959
0.00323237
0.00357838
0.00386092
0.00407423
0.00421368
0.00427593
0.00425901
0.00416247
0.00398735
0.0037362
0.003413
0.00302302
0.00257271
0.00206944
0.00152132
0.000936913
0.00032475
-0.000306689
-0.000945562
-0.0015806
-0.0022518
-0.00299906
-0.000977356
-0.00168948
-0.00224959
-0.00270785
-0.00312023
-0.003489
-0.00381619
-0.00410758
-0.00436875
-0.00460464
-0.00481975
-0.00501815
-0.00520341
-0.00537862
-0.00554635
-0.00570871
-0.00586733
-0.0060234
-0.00617767
-0.00633049
-0.00648184
-0.00663131
-0.00677818
-0.00692139
-0.00705959
-0.00719116
-0.00731422
-0.00742666
-0.00752618
-0.00761029
-0.00767637
-0.00772168
-0.00774343
-0.00773879
-0.00770498
-0.00763928
-0.00753913
-0.00740216
-0.00722627
-0.0070097
-0.00675109
-0.00644958
-0.00610485
-0.00571722
-0.0052877
-0.00481805
-0.00431085
-0.00376951
-0.00319832
-0.00260243
-0.00198788
-0.00136148
-0.000730839
-0.000104186
0.0005097
0.00110166
0.00166235
0.00218242
0.00265278
0.00306479
0.00341053
0.00368305
0.00387656
0.00398665
0.00401044
0.00394671
0.00379594
0.00356032
0.0032437
0.00285147
0.00239036
0.00186828
0.00129399
0.000676891
2.63553e-05
-0.000648224
-0.00133377
-0.00201786
-0.00274392
-0.00355522
-0.00162368
-0.00234904
-0.00291955
-0.00338643
-0.00380685
-0.00418326
-0.00451788
-0.00481676
-0.00508571
-0.00532989
-0.00555399
-0.00576225
-0.0059584
-0.00614562
-0.0063266
-0.00650351
-0.00667804
-0.0068514
-0.00702438
-0.00719731
-0.00737015
-0.00754247
-0.00771348
-0.00788204
-0.00804673
-0.0082058
-0.00835725
-0.00849881
-0.00862798
-0.00874207
-0.00883822
-0.00891343
-0.0089646
-0.00898858
-0.00898223
-0.00894246
-0.00886628
-0.00875089
-0.00859374
-0.00839259
-0.00814562
-0.00785148
-0.0075094
-0.00711925
-0.00668163
-0.00619794
-0.00567048
-0.00510243
-0.00449796
-0.00386223
-0.00320137
-0.00252246
-0.0018335
-0.00114329
-0.000461324
0.000202376
0.000837441
0.00143338
0.00197984
0.00246684
0.00288511
0.00322629
0.00348326
0.00365036
0.00372361
0.00370083
0.00358179
0.00336818
0.00306362
0.00267353
0.00220492
0.00166619
0.00106684
0.000417109
-0.000272676
-0.000992122
-0.0017268
-0.00246301
-0.00324788
-0.00412831
-0.00233715
-0.00307413
-0.00365386
-0.0041285
-0.00455626
-0.00493979
-0.00528151
-0.00558769
-0.00586439
-0.00611697
-0.00635032
-0.00656884
-0.00677638
-0.00697626
-0.00717126
-0.00736363
-0.00755511
-0.00774696
-0.00793997
-0.00813448
-0.00833044
-0.00852739
-0.00872448
-0.00892052
-0.00911399
-0.00930304
-0.00948552
-0.00965901
-0.00982084
-0.00996809
-0.0100977
-0.0102063
-0.0102905
-0.010347
-0.010372
-0.0103621
-0.010314
-0.0102243
-0.0100899
-0.00990817
-0.00967669
-0.00939359
-0.00905755
-0.00866795
-0.00822488
-0.00772933
-0.00718319
-0.00658936
-0.00595181
-0.0052756
-0.00456691
-0.00383303
-0.0030823
-0.00232407
-0.00156854
-0.000826634
-0.000109782
0.000570299
0.00120188
0.00177353
0.0022744
0.00269459
0.00302543
0.0032598
0.00339237
0.00341984
0.00334104
0.00315701
0.002871
0.00248837
0.00201634
0.00146382
0.000841021
0.000159118
-0.000570538
-0.00133645
-0.00212271
-0.00291418
-0.00376203
-0.00471704
-0.00311883
-0.0038658
-0.00445355
-0.00493507
-0.00536947
-0.00575961
-0.00610807
-0.00642137
-0.00670578
-0.00696686
-0.00720969
-0.00743882
-0.00765826
-0.00787142
-0.00808121
-0.00828992
-0.00849938
-0.00871088
-0.00892523
-0.0091428
-0.00936351
-0.00958689
-0.00981204
-0.0100377
-0.0102623
-0.0104839
-0.0107001
-0.0109085
-0.0111061
-0.0112898
-0.0114564
-0.0116021
-0.0117234
-0.0118163
-0.0118769
-0.0119014
-0.0118857
-0.0118261
-0.0117191
-0.0115612
-0.0113496
-0.0110817
-0.0107558
-0.0103704
-0.00992518
-0.00942058
-0.00885802
-0.00823999
-0.00757018
-0.00685346
-0.00609599
-0.00530516
-0.00448963
-0.00365923
-0.00282485
-0.00199832
-0.00119218
-0.000419433
0.000306718
0.000973223
0.00156753
0.00207796
0.00249408
0.00280707
0.00301003
0.00309826
0.00306943
0.00292375
0.00266392
0.00229509
0.00182465
0.00126194
0.00061795
-9.51941e-05
-0.000865021
-0.00167883
-0.00251905
-0.003369
-0.00428417
-0.00531953
-0.00396958
-0.00472485
-0.00531941
-0.00580692
-0.00624727
-0.00664349
-0.00699833
-0.00731854
-0.0076106
-0.00788027
-0.00813278
-0.00837286
-0.00860465
-0.00883169
-0.00905696
-0.00928288
-0.0095113
-0.00974357
-0.00998056
-0.0102226
-0.0104697
-0.0107213
-0.0109764
-0.0112339
-0.011492
-0.0117486
-0.0120014
-0.0122476
-0.0124843
-0.012708
-0.0129152
-0.013102
-0.0132643
-0.013398
-0.0134988
-0.0135621
-0.0135837
-0.0135592
-0.0134844
-0.0133553
-0.0131685
-0.0129207
-0.0126093
-0.0122325
-0.0117891
-0.011279
-0.010703
-0.0100631
-0.00936253
-0.00860599
-0.00779943
-0.0069503
-0.00606747
-0.00516118
-0.004243
-0.00332563
-0.00242274
-0.00154868
-0.000718226
5.38377e-05
0.000753067
0.00136581
0.00187962
0.00228372
0.00256934
0.00273013
0.00276233
0.00266506
0.00244028
0.00209276
0.00162994
0.00106156
0.000399343
-0.00034355
-0.00115345
-0.00201634
-0.00291282
-0.00382448
-0.00481148
-0.00593329
-0.00488997
-0.00565186
-0.006252
-0.00674462
-0.00719022
-0.00759198
-0.00795284
-0.00827974
-0.00857937
-0.00885766
-0.00912002
-0.00937134
-0.00961588
-0.00985733
-0.0100987
-0.0103426
-0.0105909
-0.010845
-0.0111059
-0.0113738
-0.0116488
-0.0119303
-0.0122174
-0.0125088
-0.0128027
-0.0130969
-0.0133891
-0.0136762
-0.0139551
-0.0142223
-0.0144739
-0.0147057
-0.0149135
-0.0150925
-0.015238
-0.0153452
-0.0154091
-0.0154248
-0.0153876
-0.0152928
-0.0151361
-0.0149136
-0.0146221
-0.0142588
-0.0138219
-0.0133105
-0.0127247
-0.012066
-0.0113371
-0.0105422
-0.00968702
-0.00877897
-0.007827
-0.00684171
-0.00583526
-0.00482119
-0.00381429
-0.00283031
-0.00188564
-0.000996963
-0.00018076
0.00054712
0.00117198
0.00168078
0.00206259
0.00230907
0.00241476
0.00237737
0.00219785
0.00188044
0.00143242
0.000863888
0.000187265
-0.000583222
-0.00143262
-0.00234545
-0.00330034
-0.00427696
-0.00534045
-0.0065551
-0.00588031
-0.00664715
-0.00725167
-0.00774851
-0.00819866
-0.00860543
-0.00897192
-0.00930527
-0.00961234
-0.00989925
-0.0101716
-0.0104344
-0.010692
-0.0109483
-0.0112064
-0.0114689
-0.0117379
-0.0120148
-0.0123006
-0.0125957
-0.0129
-0.0132131
-0.013534
-0.0138613
-0.0141932
-0.0145276
-0.0148618
-0.0151928
-0.0155173
-0.0158315
-0.0161313
-0.0164123
-0.0166697
-0.0168987
-0.0170939
-0.01725
-0.0173616
-0.0174231
-0.017429
-0.0173742
-0.0172535
-0.0170622
-0.0167962
-0.016452
-0.0160269
-0.0155192
-0.0149282
-0.0142546
-0.0135005
-0.0126695
-0.0117671
-0.0108003
-0.00977822
-0.00871156
-0.00761301
-0.00649691
-0.00537913
-0.00427682
-0.00320806
-0.0021915
-0.00124585
-0.000389347
0.000360777
0.000988927
0.00148169
0.00182837
0.00202144
0.00205687
0.00193431
0.00165718
0.00123247
0.000670427
-1.58233e-05
-0.000810974
-0.00169871
-0.00266198
-0.00367722
-0.00472197
-0.00586674
-0.0071809
-0.00694066
-0.0077108
-0.00831852
-0.00881872
-0.00927271
-0.00968395
-0.0100557
-0.0103952
-0.0107095
-0.011005
-0.0112873
-0.0115617
-0.0118326
-0.0121041
-0.0123794
-0.0126611
-0.0129515
-0.013252
-0.0135637
-0.013887
-0.0142219
-0.0145681
-0.0149244
-0.0152896
-0.0156617
-0.0160386
-0.0164175
-0.0167954
-0.0171686
-0.0175332
-0.017885
-0.0182192
-0.0185307
-0.0188142
-0.0190641
-0.0192743
-0.0194391
-0.0195521
-0.0196072
-0.0195984
-0.0195199
-0.019366
-0.0191318
-0.0188129
-0.0184056
-0.0179072
-0.0173162
-0.0166324
-0.0158572
-0.0149935
-0.0140461
-0.0130218
-0.0119295
-0.01078
-0.00958631
-0.00836357
-0.00712862
-0.00589997
-0.00469745
-0.00354174
-0.00245391
-0.00145482
-0.000564474
0.000198661
0.000818312
0.00128106
0.00157688
0.00169962
0.00164729
0.00142215
0.00103062
0.000483012
-0.000206987
-0.00102298
-0.00194722
-0.00296095
-0.00403819
-0.00515415
-0.00638505
-0.0078057
-0.00807077
-0.00884263
-0.00945239
-0.00995512
-0.0104123
-0.0108274
-0.011204
-0.0115494
-0.0118708
-0.0121747
-0.0124669
-0.0127529
-0.0130372
-0.013324
-0.0136167
-0.013918
-0.0142303
-0.014555
-0.0148933
-0.0152458
-0.0156125
-0.015993
-0.0163863
-0.016791
-0.0172053
-0.0176269
-0.018053
-0.0184804
-0.0189054
-0.0193238
-0.0197313
-0.0201226
-0.0204926
-0.0208353
-0.0211447
-0.0214144
-0.0216379
-0.0218082
-0.0219186
-0.0219622
-0.0219323
-0.0218225
-0.0216268
-0.0213398
-0.0209568
-0.0204741
-0.0198892
-0.0192009
-0.0184095
-0.0175172
-0.0165281
-0.0154485
-0.0142869
-0.0130541
-0.0117634
-0.0104303
-0.00907266
-0.00771032
-0.0063648
-0.0050589
-0.00381615
-0.00266019
-0.00161408
-0.000699478
6.41002e-05
0.000660079
0.00107551
0.00130167
0.00133446
0.00117463
0.000827748
0.000303902
-0.000382736
-0.00121473
-0.00217284
-0.00323647
-0.00437702
-0.00556713
-0.00688907
-0.00842341
-0.00927015
-0.0100422
-0.0106529
-0.0111574
-0.0116171
-0.0120356
-0.0124165
-0.0127674
-0.0130956
-0.0134076
-0.0137097
-0.0140071
-0.0143048
-0.0146069
-0.0149171
-0.0152382
-0.0155725
-0.0159219
-0.0162874
-0.0166697
-0.017069
-0.0174848
-0.0179163
-0.018362
-0.0188202
-0.0192885
-0.019764
-0.0202434
-0.020723
-0.0211985
-0.021665
-0.0221174
-0.0225499
-0.0229563
-0.0233302
-0.0236646
-0.0239523
-0.0241859
-0.0243577
-0.0244601
-0.0244856
-0.0244268
-0.0242766
-0.0240286
-0.023677
-0.0232169
-0.0226448
-0.0219582
-0.0211565
-0.0202408
-0.0192145
-0.0180829
-0.0168541
-0.0155388
-0.0141501
-0.012704
-0.0112192
-0.00971669
-0.00821964
-0.00675296
-0.00534275
-0.00401559
-0.0027978
-0.00171459
-0.00078908
-4.14663e-05
0.000511882
0.000859153
0.000993666
0.000914199
0.00062506
0.000135868
-0.000538934
-0.00138093
-0.00236936
-0.00348167
-0.0046864
-0.00595337
-0.00737126
-0.00902671
-0.010538
-0.0113089
-0.0119196
-0.012425
-0.0128866
-0.013308
-0.0136928
-0.0140487
-0.0143833
-0.0147032
-0.0150146
-0.0153232
-0.015634
-0.0159512
-0.0162787
-0.0166194
-0.0169759
-0.0173499
-0.0177429
-0.0181555
-0.0185878
-0.0190397
-0.0195103
-0.0199982
-0.0205017
-0.0210183
-0.0215451
-0.0220789
-0.0226157
-0.023151
-0.0236799
-0.0241968
-0.0246958
-0.0251703
-0.0256132
-0.0260173
-0.0263747
-0.0266773
-0.0269167
-0.0270845
-0.0271721
-0.0271712
-0.0270738
-0.0268721
-0.0265594
-0.0261295
-0.0255774
-0.0248997
-0.0240944
-0.0231615
-0.0221032
-0.0209241
-0.0196315
-0.0182355
-0.0167493
-0.0151889
-0.0135737
-0.0119256
-0.0102694
-0.00863215
-0.00704243
-0.00552994
-0.00412447
-0.00285504
-0.00174882
-0.000830084
-0.000119151
0.000368515
0.000623072
0.000640799
0.000424288
-1.76913e-05
-0.000670672
-0.00151538
-0.00252953
-0.00368852
-0.00495779
-0.00630402
-0.00782273
-0.00960691
-0.0118733
-0.0126417
-0.0132515
-0.0137573
-0.0142201
-0.0146438
-0.0150321
-0.0153926
-0.0157331
-0.0160603
-0.0163806
-0.0166998
-0.0170231
-0.017355
-0.0176993
-0.0180593
-0.0184375
-0.0188361
-0.0192563
-0.0196991
-0.0201648
-0.0206531
-0.0211634
-0.0216942
-0.022244
-0.0228102
-0.02339
-0.0239799
-0.024576
-0.0251737
-0.0257678
-0.0263525
-0.0269216
-0.0274681
-0.0279846
-0.0284631
-0.0288954
-0.0292726
-0.0295855
-0.029825
-0.0299814
-0.0300456
-0.0300082
-0.0298605
-0.0295944
-0.0292024
-0.0286782
-0.028017
-0.0272155
-0.0262724
-0.0251886
-0.0239676
-0.0226158
-0.0211425
-0.0195605
-0.0178859
-0.0161383
-0.0143406
-0.012519
-0.0107023
-0.00892188
-0.00721043
-0.00560145
-0.00412805
-0.0028218
-0.00171153
-0.00082211
-0.000173263
0.000221372
0.000354956
0.000227812
-0.000152607
-0.000772134
-0.00161082
-0.00264493
-0.00384768
-0.00518119
-0.00660875
-0.00823302
-0.0101537
-0.0132747
-0.0140397
-0.0146478
-0.0151533
-0.0156169
-0.0160424
-0.0164335
-0.0167981
-0.0171438
-0.0174777
-0.0178061
-0.0181352
-0.0184703
-0.0188159
-0.0191763
-0.0195547
-0.0199541
-0.0203764
-0.0208234
-0.0212961
-0.0217948
-0.0223195
-0.0228695
-0.0234437
-0.0240403
-0.024657
-0.0252908
-0.0259384
-0.0265956
-0.0272577
-0.0279195
-0.0285748
-0.0292171
-0.0298392
-0.0304332
-0.0309906
-0.0315026
-0.0319596
-0.0323518
-0.032669
-0.0329008
-0.0330369
-0.0330668
-0.0329807
-0.032769
-0.032423
-0.0319349
-0.0312984
-0.0305088
-0.0295632
-0.0284611
-0.0272049
-0.0257996
-0.0242537
-0.0225792
-0.020792
-0.0189117
-0.0169619
-0.0149699
-0.0129664
-0.0109851
-0.00906193
-0.00723413
-0.00553913
-0.00401327
-0.00269043
-0.00160057
-0.000768368
-0.000211965
5.79762e-05
3.88515e-05
-0.000263766
-0.000836432
-0.0016588
-0.00270575
-0.00394833
-0.00534505
-0.00685554
-0.00858997
-0.010655
-0.0147408
-0.0155015
-0.0161073
-0.0166121
-0.0170761
-0.0175029
-0.0178963
-0.0182642
-0.0186143
-0.0189539
-0.0192896
-0.0196275
-0.0199731
-0.0203314
-0.0207066
-0.0211023
-0.0215216
-0.0219667
-0.0224394
-0.022941
-0.023472
-0.0240326
-0.024622
-0.0252394
-0.0258829
-0.0265504
-0.0272389
-0.027945
-0.0286646
-0.0293927
-0.030124
-0.0308522
-0.0315705
-0.0322712
-0.0329462
-0.0335864
-0.0341824
-0.0347241
-0.0352008
-0.0356014
-0.0359148
-0.0361294
-0.0362337
-0.0362166
-0.0360671
-0.0357751
-0.0353315
-0.0347282
-0.0339588
-0.0330191
-0.031907
-0.0306231
-0.0291712
-0.0275587
-0.0257964
-0.0238998
-0.0218881
-0.0197854
-0.0176197
-0.0154235
-0.0132328
-0.0110863
-0.00902529
-0.00709158
-0.00532662
-0.00376979
-0.00245675
-0.00141782
-0.00067641
-0.00024781
-0.000138323
-0.000344922
-0.000855426
-0.00164945
-0.00270069
-0.00397798
-0.00543606
-0.00703052
-0.00887947
-0.0110968
-0.0162699
-0.0170258
-0.017629
-0.0181327
-0.0185966
-0.0190242
-0.0194192
-0.0197897
-0.0201433
-0.0204876
-0.0208291
-0.0211744
-0.0215291
-0.0218984
-0.0222868
-0.0226981
-0.0231356
-0.0236018
-0.0240988
-0.0246279
-0.02519
-0.0257852
-0.0264132
-0.027073
-0.027763
-0.0284811
-0.0292244
-0.0299894
-0.0307719
-0.031567
-0.0323692
-0.033172
-0.0339683
-0.0347502
-0.035509
-0.0362354
-0.0369192
-0.0375497
-0.0381155
-0.0386049
-0.0390054
-0.0393046
-0.03949
-0.0395489
-0.0394692
-0.0392393
-0.0388483
-0.0382867
-0.0375465
-0.0366215
-0.035508
-0.0342049
-0.0327144
-0.0310423
-0.0291984
-0.027197
-0.0250571
-0.0228024
-0.0204618
-0.0180689
-0.0156617
-0.0132819
-0.0109745
-0.00878586
-0.00676278
-0.00495053
-0.00339107
-0.00212106
-0.00117002
-0.000558749
-0.000298123
-0.000388458
-0.000819504
-0.00157132
-0.00261668
-0.00392226
-0.00543884
-0.00711769
-0.00908519
-0.0114627
-0.0178601
-0.018611
-0.0192115
-0.019714
-0.0201774
-0.0206053
-0.0210013
-0.0213734
-0.0217294
-0.0220768
-0.0224227
-0.0227735
-0.0231353
-0.0235135
-0.0239129
-0.0243376
-0.0247911
-0.0252763
-0.0257954
-0.0263501
-0.0269413
-0.0275695
-0.0282345
-0.0289354
-0.0296708
-0.0304387
-0.0312361
-0.0320597
-0.0329053
-0.0337678
-0.0346416
-0.03552
-0.0363958
-0.0372606
-0.0381055
-0.0389206
-0.0396953
-0.0404182
-0.0410772
-0.0416597
-0.0421524
-0.0425419
-0.0428142
-0.0429558
-0.0429529
-0.0427926
-0.0424624
-0.041951
-0.0412486
-0.0403474
-0.0392415
-0.0379282
-0.0364078
-0.0346844
-0.0327662
-0.0306664
-0.0284029
-0.0259993
-0.0234844
-0.0208927
-0.018264
-0.0156428
-0.0130774
-0.0106189
-0.00831954
-0.00623084
-0.00440158
-0.00287547
-0.00168902
-0.000869496
-0.000433325
-0.000385106
-0.00071733
-0.0014111
-0.00243867
-0.00376468
-0.00533581
-0.00709871
-0.00918841
-0.011734
-0.0195095
-0.0202558
-0.0208536
-0.0213549
-0.0218178
-0.0222455
-0.0226416
-0.0230142
-0.0233711
-0.02372
-0.0240681
-0.0244222
-0.0247886
-0.0251731
-0.0255807
-0.026016
-0.0264827
-0.026984
-0.0275225
-0.0281001
-0.0287179
-0.0293768
-0.0300766
-0.0308166
-0.0315957
-0.0324118
-0.0332623
-0.0341436
-0.0350515
-0.0359811
-0.0369264
-0.0378809
-0.0388367
-0.0397856
-0.040718
-0.0416237
-0.0424916
-0.0433097
-0.0440651
-0.0447444
-0.0453335
-0.0458179
-0.0461826
-0.0464127
-0.0464931
-0.0464094
-0.0461475
-0.0456943
-0.0450384
-0.0441698
-0.0430808
-0.0417667
-0.0402257
-0.0384599
-0.036476
-0.0342853
-0.0319047
-0.0293567
-0.0266701
-0.0238798
-0.0210269
-0.0181581
-0.0153251
-0.0125835
-0.00999099
-0.00760561
-0.0054834
-0.00367587
-0.00222735
-0.00117261
-0.000534721
-0.000323637
-0.00053555
-0.00115338
-0.00214936
-0.00348636
-0.00510685
-0.00695261
-0.00916767
-0.011889
-0.0212161
-0.0219584
-0.0225542
-0.0230545
-0.0235167
-0.0239438
-0.0243392
-0.024711
-0.0250671
-0.0254154
-0.0257632
-0.0261178
-0.0264857
-0.0268732
-0.0272857
-0.027728
-0.0282044
-0.0287184
-0.0292728
-0.0298699
-0.0305111
-0.0311975
-0.0319292
-0.0327058
-0.0335262
-0.0343884
-0.0352899
-0.0362273
-0.0371963
-0.0381918
-0.0392081
-0.040238
-0.041274
-0.0423072
-0.0433278
-0.0443252
-0.0452877
-0.0462027
-0.0470569
-0.0478359
-0.0485247
-0.0491079
-0.0495694
-0.0498929
-0.0500623
-0.0500613
-0.0498745
-0.0494871
-0.0488857
-0.0480583
-0.0469953
-0.0456896
-0.0441376
-0.0423391
-0.0402987
-0.0380258
-0.0355357
-0.0328498
-0.029996
-0.0270094
-0.0239317
-0.0208116
-0.0177037
-0.0146677
-0.0117668
-0.00906575
-0.00662816
-0.00451393
-0.00277615
-0.0014581
-0.000590708
-0.000190492
-0.00025846
-0.000780298
-0.0017289
-0.00306571
-0.00472903
-0.00665547
-0.00899849
-0.0119031
-0.0229779
-0.0237177
-0.0243123
-0.0248121
-0.0252736
-0.0256996
-0.0260934
-0.0264629
-0.0268161
-0.0271611
-0.0275057
-0.0278574
-0.0282232
-0.0286097
-0.0290229
-0.0294681
-0.0299498
-0.0304721
-0.0310382
-0.0316507
-0.0323114
-0.0330216
-0.0337817
-0.0345914
-0.0354499
-0.0363554
-0.0373053
-0.0382964
-0.0393244
-0.0403842
-0.0414699
-0.0425743
-0.0436895
-0.0448064
-0.045915
-0.0470043
-0.048062
-0.049075
-0.0500293
-0.0509097
-0.0517006
-0.0523854
-0.052947
-0.0533681
-0.0536309
-0.053718
-0.0536123
-0.0532972
-0.0527574
-0.0519792
-0.0509507
-0.0496626
-0.048109
-0.0462875
-0.0442003
-0.0418548
-0.0392641
-0.0364481
-0.0334335
-0.0302547
-0.026954
-0.0235812
-0.0201933
-0.0168541
-0.0136317
-0.0105976
-0.00782328
-0.00537761
-0.00332319
-0.00171293
-0.000586851
3.06132e-05
0.000132343
-0.000271245
-0.00115456
-0.00247816
-0.00417625
-0.00618011
-0.00865302
-0.0117481
-0.0247932
-0.0255323
-0.0261272
-0.0266272
-0.0270883
-0.0275128
-0.0279038
-0.0282691
-0.028617
-0.0289557
-0.0292934
-0.0296381
-0.0299973
-0.0303781
-0.0307871
-0.03123
-0.031712
-0.0322376
-0.0328103
-0.0334333
-0.0341088
-0.0348382
-0.0356223
-0.0364612
-0.037354
-0.0382991
-0.0392942
-0.040336
-0.0414202
-0.0425418
-0.0436947
-0.0448716
-0.0460644
-0.0472638
-0.0484594
-0.0496398
-0.0507923
-0.0519033
-0.0529581
-0.0539409
-0.054835
-0.0556232
-0.0562872
-0.0568085
-0.0571682
-0.0573475
-0.0573275
-0.0570902
-0.0566185
-0.0558964
-0.0549101
-0.0536481
-0.0521019
-0.0502669
-0.0481427
-0.0457344
-0.0430527
-0.0401155
-0.0369478
-0.0335831
-0.0300632
-0.0264386
-0.0227684
-0.0191194
-0.0155647
-0.0121822
-0.00905145
-0.00625051
-0.00385231
-0.00192047
-0.000505395
0.000359125
0.000658367
0.000397528
-0.000400398
-0.00169577
-0.00341893
-0.00549575
-0.00809972
-0.0113922
-0.0266602
-0.0274015
-0.0279984
-0.0284998
-0.0289608
-0.0293833
-0.0297702
-0.0301293
-0.0304689
-0.0307976
-0.0311241
-0.031457
-0.0318043
-0.0321738
-0.0325727
-0.0330074
-0.0334837
-0.0340066
-0.0345802
-0.035208
-0.0358927
-0.036636
-0.0374391
-0.0383023
-0.0392248
-0.0402054
-0.0412417
-0.0423304
-0.0434675
-0.0446477
-0.0458648
-0.0471116
-0.0483796
-0.0496594
-0.0509402
-0.0522101
-0.0534562
-0.0546642
-0.0558188
-0.0569037
-0.0579012
-0.0587933
-0.0595607
-0.0601839
-0.0606427
-0.0609168
-0.0609861
-0.0608309
-0.060432
-0.0597718
-0.0588343
-0.0576058
-0.0560753
-0.0542357
-0.052084
-0.0496226
-0.0468598
-0.043811
-0.0404992
-0.0369561
-0.0332227
-0.0293496
-0.025397
-0.0214343
-0.0175391
-0.0137951
-0.01029
-0.0071113
-0.00434287
-0.00205998
-0.00032474
0.000818128
0.00134468
0.00125333
0.00056319
-0.000686823
-0.00242359
-0.00456755
-0.0073029
-0.0107993
-0.0285776
-0.0293248
-0.0299264
-0.0304305
-0.030892
-0.0313121
-0.0316933
-0.0320435
-0.0323713
-0.0326857
-0.0329959
-0.0333111
-0.0336403
-0.0339919
-0.0343739
-0.0347936
-0.0352572
-0.0357705
-0.0363382
-0.0369643
-0.0376519
-0.0384031
-0.0392195
-0.0401014
-0.0410485
-0.0420596
-0.0431324
-0.0442638
-0.0454497
-0.0466846
-0.0479625
-0.0492758
-0.050616
-0.0519732
-0.0533366
-0.0546937
-0.0560312
-0.0573343
-0.0585872
-0.0597727
-0.0608727
-0.061868
-0.0627387
-0.063464
-0.0640226
-0.064393
-0.0645536
-0.064483
-0.0641606
-0.0635666
-0.0626831
-0.0614941
-0.0599862
-0.0581498
-0.0559792
-0.053474
-0.0506398
-0.0474891
-0.0440425
-0.0403297
-0.03639
-0.0322735
-0.0280406
-0.0237629
-0.0195214
-0.0154055
-0.0115103
-0.00793318
-0.00476911
-0.00210598
-1.89168e-05
0.00143484
0.00222034
0.00232745
0.00176984
0.000584551
-0.00115246
-0.0033563
-0.00622239
-0.00992877
-0.0305445
-0.0313023
-0.0319119
-0.0324206
-0.0328833
-0.0333004
-0.0336742
-0.0340124
-0.0343242
-0.034619
-0.0349068
-0.0351976
-0.0355014
-0.0358275
-0.0361848
-0.0365814
-0.0370244
-0.0375204
-0.0380746
-0.0386915
-0.0393749
-0.0401273
-0.0409503
-0.0418449
-0.0428108
-0.0438469
-0.0449511
-0.0461203
-0.0473502
-0.0486356
-0.04997
-0.0513459
-0.0527545
-0.0541857
-0.0556282
-0.0570694
-0.0584953
-0.0598907
-0.0612392
-0.0625231
-0.0637234
-0.0648202
-0.0657927
-0.066619
-0.0672768
-0.0677433
-0.0679957
-0.0680109
-0.0677667
-0.0672416
-0.0664156
-0.0652705
-0.0637907
-0.0619638
-0.0597816
-0.0572408
-0.0543439
-0.0511007
-0.0475288
-0.0436553
-0.0395175
-0.0351639
-0.030655
-0.026063
-0.021472
-0.0169762
-0.0126778
-0.00868334
-0.00509965
-0.00202776
0.000442981
0.00224118
0.00331896
0.00365569
0.00325774
0.00215888
0.000437053
-0.00181782
-0.00481301
-0.00873491
-0.0325606
-0.0333352
-0.0339568
-0.0344725
-0.0349372
-0.0353506
-0.0357147
-0.0360373
-0.036328
-0.036597
-0.0368552
-0.0371138
-0.0373837
-0.0376754
-0.037999
-0.0383634
-0.038777
-0.0392467
-0.0397788
-0.0403785
-0.0410498
-0.0417958
-0.0426185
-0.043519
-0.0444973
-0.0455524
-0.0466823
-0.0478838
-0.0491527
-0.0504836
-0.05187
-0.053304
-0.0547767
-0.0562778
-0.0577954
-0.0593167
-0.0608273
-0.0623115
-0.0637522
-0.0651311
-0.0664286
-0.067624
-0.0686955
-0.0696204
-0.0703754
-0.0709364
-0.0712793
-0.0713798
-0.0712139
-0.0707584
-0.0699915
-0.0688929
-0.0674446
-0.0656318
-0.0634436
-0.0608737
-0.0579217
-0.0545941
-0.0509057
-0.0468803
-0.0425528
-0.0379695
-0.0331899
-0.0282864
-0.0233449
-0.0184635
-0.0137509
-0.00932262
-0.00529697
-0.00178878
0.00109735
0.00327428
0.00467922
0.00527883
0.00507015
0.00408186
0.00239283
9.74862e-05
-0.00302404
-0.00716648
-0.0346266
-0.0354254
-0.036064
-0.0365896
-0.0370573
-0.0374662
-0.0378179
-0.0381204
-0.0383839
-0.0386198
-0.03884
-0.039057
-0.0392832
-0.0395304
-0.03981
-0.0401321
-0.0405059
-0.0409397
-0.0414404
-0.0420137
-0.0426643
-0.0433957
-0.0442104
-0.0451096
-0.0460935
-0.0471611
-0.0483106
-0.0495387
-0.0508411
-0.0522123
-0.0536455
-0.0551329
-0.056665
-0.0582312
-0.0598195
-0.0614165
-0.0630074
-0.064576
-0.0661046
-0.0675744
-0.068965
-0.0702549
-0.0714216
-0.0724415
-0.0732902
-0.0739427
-0.0743733
-0.0745567
-0.0744673
-0.0740803
-0.0733721
-0.0723203
-0.0709048
-0.0691084
-0.0669176
-0.0643231
-0.0613216
-0.0579164
-0.0541187
-0.0499494
-0.04544
-0.0406345
-0.0355902
-0.030379
-0.0250877
-0.0198172
-0.0146818
-0.00980523
-0.00531712
-0.00134625
0.0019866
0.00457706
0.00634542
0.00724327
0.00725593
0.00640495
0.00476865
0.00244521
-0.000798689
-0.00516621
-0.036744
-0.0375763
-0.0382381
-0.0387769
-0.0392488
-0.0396521
-0.0399879
-0.0402648
-0.0404939
-0.0406878
-0.0408601
-0.0410248
-0.041196
-0.0413871
-0.041611
-0.0418792
-0.0422022
-0.0425893
-0.0430481
-0.0435852
-0.0442059
-0.0449141
-0.0457126
-0.0466028
-0.0475851
-0.0486585
-0.0498212
-0.0510698
-0.0524
-0.0538059
-0.0552808
-0.0568162
-0.0584027
-0.0600291
-0.0616831
-0.0633509
-0.0650172
-0.0666653
-0.0682769
-0.0698325
-0.0713112
-0.0726908
-0.0739478
-0.0750579
-0.0759955
-0.0767348
-0.0772489
-0.0775111
-0.0774945
-0.0771729
-0.0765208
-0.0755139
-0.0741302
-0.0723502
-0.0701575
-0.0675406
-0.0644927
-0.0610141
-0.0571125
-0.0528054
-0.0481209
-0.0430997
-0.0377967
-0.0322822
-0.0266427
-0.0209811
-0.015416
-0.0100788
-0.0051094
-0.000650796
0.00315956
0.00619872
0.00836802
0.00960153
0.00987017
0.00918595
0.00762482
0.00528767
0.00192658
-0.00267007
-0.0389158
-0.039793
-0.0404855
-0.0410414
-0.0415187
-0.0419148
-0.0422304
-0.042475
-0.0426609
-0.0428024
-0.0429151
-0.0430149
-0.043118
-0.0432399
-0.043395
-0.0435965
-0.0438564
-0.0441848
-0.0445906
-0.0450811
-0.045662
-0.0463379
-0.0471116
-0.0479848
-0.0489581
-0.0500304
-0.0511998
-0.0524628
-0.0538148
-0.0552499
-0.0567608
-0.058339
-0.0599746
-0.061656
-0.0633706
-0.0651039
-0.0668403
-0.0685624
-0.0702515
-0.0718874
-0.0734485
-0.0749119
-0.0762533
-0.0774476
-0.0784683
-0.0792884
-0.0798802
-0.0802155
-0.0802664
-0.0800049
-0.0794041
-0.0784381
-0.0770826
-0.0753161
-0.0731199
-0.0704796
-0.0673857
-0.0638352
-0.0598325
-0.0553913
-0.0505361
-0.0453042
-0.0397473
-0.0339332
-0.0279474
-0.0218936
-0.0158933
-0.0100843
-0.00461642
0.000353832
0.00467194
0.00819525
0.0108042
0.0124129
0.0129749
0.0124897
0.0110289
0.00869459
0.00522281
0.000393348
-0.041147
-0.0420828
-0.042815
-0.0433925
-0.0438764
-0.0442628
-0.0445528
-0.0447567
-0.0448889
-0.0449656
-0.0450048
-0.0450252
-0.0450454
-0.045083
-0.0451546
-0.0452753
-0.0454584
-0.0457155
-0.0460563
-0.046489
-0.0470199
-0.0476538
-0.048394
-0.0492422
-0.0501989
-0.0512632
-0.0524327
-0.053704
-0.055072
-0.0565306
-0.0580722
-0.0596878
-0.0613671
-0.0630982
-0.0648679
-0.0666613
-0.0684621
-0.0702526
-0.0720132
-0.0737233
-0.0753605
-0.0769012
-0.0783204
-0.079592
-0.0806887
-0.0815826
-0.0822447
-0.082646
-0.0827571
-0.0825487
-0.0819924
-0.0810607
-0.0797274
-0.0779689
-0.0757644
-0.0730969
-0.0699542
-0.06633
-0.0622256
-0.0576509
-0.0526268
-0.0471866
-0.0413785
-0.0352671
-0.028936
-0.0224884
-0.0160478
-0.00975683
-0.00377421
0.00173077
0.00658651
0.0106298
0.0137186
0.0157441
0.0166396
0.0163891
0.0150567
0.012744
0.00916938
0.00410365
-0.0434446
-0.0444559
-0.0452382
-0.0458426
-0.0463339
-0.0467075
-0.0469648
-0.0471177
-0.0471831
-0.04718
-0.0471297
-0.0470539
-0.046974
-0.0469104
-0.0468822
-0.0469064
-0.0469981
-0.0471701
-0.0474333
-0.0477966
-0.0482668
-0.0488491
-0.0495469
-0.050362
-0.0512948
-0.0523441
-0.0535074
-0.0547809
-0.0561593
-0.057636
-0.0592029
-0.0608507
-0.0625685
-0.064344
-0.0661634
-0.0680113
-0.0698708
-0.0717236
-0.0735496
-0.0753274
-0.0770339
-0.0786448
-0.0801344
-0.0814756
-0.0826404
-0.0835998
-0.0843239
-0.0847825
-0.084945
-0.0847809
-0.0842603
-0.0833541
-0.0820345
-0.0802759
-0.0780554
-0.0753536
-0.0721558
-0.0684527
-0.0642422
-0.059531
-0.054336
-0.0486865
-0.0426267
-0.0362179
-0.0295405
-0.0226963
-0.0158094
-0.00902618
-0.00251268
0.00354987
0.00897322
0.0135732
0.0171834
0.01967
0.0209424
0.0209655
0.0197929
0.0175234
0.0138551
0.00854966
-0.0458189
-0.046926
-0.0477711
-0.0484078
-0.0489069
-0.0492632
-0.0494785
-0.0495675
-0.0495503
-0.0494497
-0.0492907
-0.049099
-0.0488995
-0.0487159
-0.0485697
-0.0484804
-0.0484648
-0.0485372
-0.0487096
-0.0489915
-0.0493902
-0.0499111
-0.0505578
-0.0513318
-0.0522335
-0.0532613
-0.0544124
-0.0556825
-0.0570659
-0.0585554
-0.0601427
-0.0618177
-0.063569
-0.0653837
-0.0672475
-0.0691444
-0.0710569
-0.0729659
-0.0748509
-0.0766896
-0.0784583
-0.0801319
-0.0816839
-0.0830864
-0.0843106
-0.0853263
-0.0861029
-0.0866089
-0.0868127
-0.0866825
-0.0861869
-0.0852954
-0.0839786
-0.0822091
-0.0799621
-0.0772158
-0.0739531
-0.070162
-0.0658374
-0.0609824
-0.0556103
-0.0497463
-0.0434306
-0.0367202
-0.0296923
-0.0224461
-0.0151051
-0.00781788
-0.000756457
0.00588728
0.0119091
0.0171037
0.0212792
0.0242741
0.0259705
0.0263102
0.0253327
0.0231307
0.0193796
0.0138306
-0.0482839
-0.0495115
-0.050434
-0.0511092
-0.0516156
-0.0519478
-0.0521092
-0.0521181
-0.0519988
-0.0517792
-0.0514892
-0.051159
-0.0508177
-0.0504926
-0.0502085
-0.0499872
-0.0498474
-0.049805
-0.0498729
-0.0500611
-0.0503775
-0.0508275
-0.0514145
-0.05214
-0.0530038
-0.0540041
-0.0551374
-0.0563989
-0.0577824
-0.0592802
-0.0608832
-0.0625807
-0.0643608
-0.0662099
-0.068113
-0.0700535
-0.0720133
-0.0739726
-0.07591
-0.0778028
-0.0796263
-0.0813548
-0.0829609
-0.084416
-0.0856901
-0.0867524
-0.087571
-0.0881136
-0.0883473
-0.088239
-0.0877562
-0.0868668
-0.0855399
-0.0837464
-0.0814594
-0.0786554
-0.0753148
-0.0714229
-0.0669719
-0.0619616
-0.0564015
-0.0503132
-0.0437323
-0.0367118
-0.0293247
-0.0216671
-0.0138607
-0.00605484
0.00157395
0.00882457
0.0154778
0.0213074
0.0260952
0.0296494
0.0318216
0.0325259
0.0317831
0.0296764
0.0258546
0.0200575
-0.0508589
-0.0522368
-0.053254
-0.0539739
-0.0544856
-0.0547842
-0.0548759
-0.054784
-0.0545389
-0.0541745
-0.053727
-0.0532319
-0.0527235
-0.0522333
-0.0517893
-0.0514161
-0.0511344
-0.0509613
-0.0509107
-0.0509932
-0.0512167
-0.0515866
-0.052106
-0.052776
-0.0535959
-0.0545631
-0.0556737
-0.0569222
-0.0583016
-0.0598034
-0.061418
-0.0631339
-0.0649385
-0.0668175
-0.0687552
-0.0707342
-0.0727358
-0.0747393
-0.0767229
-0.0786627
-0.0805337
-0.0823091
-0.0839607
-0.0854591
-0.0867734
-0.0878718
-0.0887215
-0.0892889
-0.0895401
-0.0894408
-0.0889572
-0.0880557
-0.0867039
-0.0848711
-0.0825286
-0.0796509
-0.076216
-0.0722072
-0.0676136
-0.0624319
-0.0566684
-0.0503406
-0.04348
-0.0361353
-0.0283749
-0.0202911
-0.0120029
-0.00365928
0.00456045
0.0124475
0.0197688
0.0262778
0.0317291
0.035899
0.0386044
0.0397272
0.0392644
0.037285
0.0334063
0.0273551
-0.0535697
-0.0551342
-0.0562661
-0.0570367
-0.0575492
-0.0578008
-0.057802
-0.0575832
-0.0571827
-0.0566425
-0.056006
-0.0553158
-0.0546117
-0.0539299
-0.0533022
-0.0527558
-0.0523135
-0.0519935
-0.0518105
-0.0517753
-0.0518958
-0.0521771
-0.0526217
-0.0532301
-0.0540007
-0.0549303
-0.0560142
-0.0572459
-0.0586176
-0.0601201
-0.0617428
-0.0634736
-0.0652989
-0.0672037
-0.0691716
-0.0711843
-0.0732224
-0.0752646
-0.0772879
-0.0792681
-0.081179
-0.0829932
-0.0846816
-0.0862139
-0.0875584
-0.0886821
-0.0895513
-0.0901313
-0.0903869
-0.0902829
-0.0897838
-0.0888548
-0.0874621
-0.085573
-0.0831574
-0.0801875
-0.0766396
-0.0724943
-0.0677381
-0.062365
-0.0563777
-0.0497902
-0.0426298
-0.0349405
-0.0267862
-0.018255
-0.00946228
-0.000555254
0.00828514
0.016844
0.0248761
0.0321149
0.0382877
0.0431367
0.0464405
0.0480434
0.0479129
0.0460979
0.0421781
0.0358647
-0.0564512
-0.0582463
-0.0595161
-0.0603422
-0.0608474
-0.0610331
-0.0609162
-0.060537
-0.0599445
-0.0591908
-0.0583285
-0.0574081
-0.0564759
-0.0555734
-0.0547362
-0.0539941
-0.0533718
-0.0528887
-0.0525595
-0.0523954
-0.0524036
-0.0525886
-0.0529521
-0.0534937
-0.0542109
-0.0550994
-0.0561533
-0.0573654
-0.0587269
-0.0602274
-0.0618555
-0.0635982
-0.0654411
-0.0673682
-0.0693623
-0.0714044
-0.073474
-0.0755492
-0.0776063
-0.0796201
-0.0815636
-0.0834086
-0.0851252
-0.0866819
-0.0880462
-0.0891843
-0.0900611
-0.0906411
-0.0908878
-0.0907646
-0.0902348
-0.0892622
-0.0878113
-0.0858479
-0.08334
-0.080258
-0.0765759
-0.072272
-0.0673304
-0.0617421
-0.0555065
-0.0486339
-0.0411476
-0.0330871
-0.0245115
-0.015504
-0.00617594
0.00332821
0.0128274
0.022102
0.030896
0.038924
0.0458857
0.0514872
0.0554651
0.05762
0.0578831
0.0562765
0.0523337
0.0457466
-0.0595499
-0.0616296
-0.0630636
-0.0639479
-0.0644322
-0.0645248
-0.064253
-0.0636708
-0.0628408
-0.0618281
-0.0606963
-0.0595052
-0.0583086
-0.0571532
-0.0560787
-0.0551176
-0.0542957
-0.0536332
-0.053145
-0.0528414
-0.0527291
-0.0528113
-0.0530888
-0.0535597
-0.0542204
-0.0550653
-0.0560874
-0.0572781
-0.0586276
-0.0601244
-0.061756
-0.0635084
-0.0653662
-0.0673127
-0.0693295
-0.0713969
-0.0734936
-0.0755967
-0.0776818
-0.0797226
-0.0816916
-0.0835595
-0.0852955
-0.0868673
-0.0882413
-0.0893826
-0.0902553
-0.0908226
-0.0910467
-0.0908898
-0.0903139
-0.0892811
-0.0877544
-0.085698
-0.0830779
-0.0798625
-0.0760237
-0.0715375
-0.0663852
-0.0605549
-0.0540428
-0.0468555
-0.0390121
-0.0305475
-0.0215158
-0.011995
-0.00209173
0.00805324
0.0182599
0.0283056
0.0379247
0.046814
0.0546452
0.0610866
0.0658285
0.0686215
0.0693521
0.0680069
0.0640624
0.0571854
-0.0629286
-0.0653588
-0.0669865
-0.0679277
-0.0683688
-0.0683301
-0.0678542
-0.0670139
-0.0658898
-0.0645628
-0.0631101
-0.0616019
-0.0600999
-0.0586568
-0.0573156
-0.0561111
-0.0550702
-0.0542129
-0.0535535
-0.0531013
-0.0528615
-0.0528361
-0.053024
-0.0534219
-0.0540245
-0.0548248
-0.0558143
-0.0569831
-0.0583198
-0.0598121
-0.0614461
-0.0632067
-0.0650776
-0.067041
-0.0690776
-0.0711668
-0.0732864
-0.0754126
-0.07752
-0.0795818
-0.0815692
-0.0834523
-0.0851993
-0.0867769
-0.0881506
-0.0892845
-0.0901414
-0.0906833
-0.0908715
-0.0906666
-0.0900292
-0.0889199
-0.0872999
-0.0851318
-0.0823795
-0.0790093
-0.0749909
-0.0702976
-0.0649081
-0.0588073
-0.051988
-0.0444529
-0.0362167
-0.0273095
-0.0177801
-0.00770062
0.00282763
0.0136685
0.0246442
0.0355306
0.0460538
0.0558935
0.0646935
0.0720818
0.0776977
0.0812342
0.0825236
0.0815058
0.0775853
0.070396
-0.0666719
-0.0695337
-0.0713873
-0.0723769
-0.0727396
-0.0725154
-0.0717695
-0.0706001
-0.0691111
-0.0674031
-0.0655687
-0.0636901
-0.0618374
-0.0600686
-0.05843
-0.0569577
-0.0556787
-0.0546122
-0.053771
-0.0531628
-0.0527906
-0.0526544
-0.0527511
-0.0530753
-0.05362
-0.0543761
-0.0553336
-0.056481
-0.0578055
-0.0592934
-0.0609296
-0.0626978
-0.0645805
-0.066559
-0.068613
-0.0707209
-0.0728595
-0.0750043
-0.077129
-0.0792057
-0.081205
-0.0830959
-0.0848457
-0.0864203
-0.0877841
-0.0889
-0.08973
-0.0902346
-0.090374
-0.0901074
-0.0893937
-0.0881922
-0.0864623
-0.0841645
-0.0812607
-0.0777151
-0.0734946
-0.0685699
-0.0629166
-0.0565163
-0.0493579
-0.0414399
-0.0327722
-0.0233795
-0.0133046
-0.0026134
0.0085994
0.0202033
0.0320245
0.0438384
0.0553648
0.0662669
0.07616
0.0846292
0.0912571
0.09567
0.0976343
0.0970287
0.0931649
0.0856318
-0.0708946
-0.0742884
-0.0764015
-0.0774184
-0.0776482
-0.0771617
-0.076057
-0.0744666
-0.0725243
-0.0703542
-0.068067
-0.0657574
-0.0635039
-0.0613691
-0.0594014
-0.0576372
-0.0561023
-0.054814
-0.0537826
-0.0530131
-0.0525059
-0.0522581
-0.0522641
-0.052516
-0.0530045
-0.0537185
-0.0546462
-0.0557741
-0.0570881
-0.0585727
-0.0602117
-0.0619876
-0.0638817
-0.0658741
-0.0679435
-0.0700675
-0.0722219
-0.0743813
-0.0765184
-0.0786045
-0.0806095
-0.0825013
-0.0842463
-0.0858094
-0.0871542
-0.0882424
-0.0890349
-0.0894911
-0.0895697
-0.0892286
-0.0884254
-0.0871173
-0.0852621
-0.0828183
-0.0797454
-0.0760052
-0.0715619
-0.0663831
-0.060441
-0.0537133
-0.0461846
-0.0378485
-0.0287095
-0.0187859
-0.0081136
0.00324899
0.015215
0.0276615
0.0404202
0.0532685
0.0659214
0.0780268
0.0891706
0.0988918
0.106709
0.112171
0.114962
0.114881
0.111118
0.103198
-0.075754
-0.0798046
-0.082209
-0.0832117
-0.0832242
-0.0823662
-0.0807828
-0.0786524
-0.0761462
-0.0734164
-0.0705932
-0.0677844
-0.0650755
-0.0625324
-0.0602041
-0.0581252
-0.0563187
-0.0547986
-0.0535715
-0.0526385
-0.0519964
-0.0516389
-0.0515571
-0.0517403
-0.0521766
-0.0528526
-0.053754
-0.0548659
-0.0561721
-0.0576559
-0.0592993
-0.0610838
-0.0629893
-0.064995
-0.0670786
-0.0692166
-0.071384
-0.0735542
-0.0756995
-0.0777901
-0.0797949
-0.0816812
-0.0834144
-0.0849585
-0.0862759
-0.0873276
-0.0880732
-0.0884709
-0.0884783
-0.0880517
-0.0871471
-0.0857201
-0.0837265
-0.0811226
-0.0778658
-0.0739148
-0.069231
-0.0637786
-0.0575257
-0.0504457
-0.0425182
-0.033731
-0.0240821
-0.0135823
-0.00225905
0.00983856
0.0226336
0.036013
0.0498171
0.0638282
0.0777591
0.0912443
0.10384
0.115034
0.124273
0.131012
0.134835
0.135434
0.131834
0.123469
-0.0814691
-0.0863318
-0.0890513
-0.0899632
-0.0896291
-0.0882437
-0.0860192
-0.0831946
-0.0799868
-0.0765799
-0.0731248
-0.0697407
-0.0665183
-0.0635241
-0.0608048
-0.0583909
-0.0563007
-0.0545426
-0.053118
-0.052023
-0.0512498
-0.0507877
-0.0506241
-0.050745
-0.0511353
-0.0517791
-0.05266
-0.0537606
-0.0550633
-0.0565495
-0.0582
-0.0599948
-0.0619127
-0.0639319
-0.0660289
-0.0681793
-0.0703573
-0.0725355
-0.0746852
-0.0767758
-0.0787755
-0.0806506
-0.0823658
-0.0838841
-0.0851671
-0.0861747
-0.0868654
-0.0871964
-0.0871238
-0.0866027
-0.0855874
-0.0840318
-0.0818898
-0.0791153
-0.0756632
-0.0714894
-0.0665518
-0.0608109
-0.0542303
-0.0467784
-0.0384287
-0.0291624
-0.0189694
-0.00785135
0.00417459
0.0170713
0.0307749
0.0451858
0.060157
0.0754806
0.0908719
0.105955
0.120258
0.133213
0.144182
0.152507
0.157645
0.159146
0.155806
0.146918
-0.0883489
-0.0942174
-0.0972541
-0.0979401
-0.0970605
-0.0949249
-0.0918396
-0.0881212
-0.0840413
-0.0798181
-0.0756216
-0.0715795
-0.0677835
-0.0642968
-0.0611597
-0.0583954
-0.0560143
-0.0540174
-0.0523988
-0.0511481
-0.0502518
-0.0496942
-0.0494582
-0.0495261
-0.0498793
-0.0504993
-0.0513669
-0.0524629
-0.0537676
-0.0552609
-0.0569221
-0.0587299
-0.060662
-0.0626954
-0.0648058
-0.0669678
-0.0691548
-0.0713387
-0.0734897
-0.0755768
-0.0775673
-0.0794266
-0.0811187
-0.0826059
-0.0838488
-0.0848063
-0.085436
-0.0856941
-0.0855353
-0.0849134
-0.0837812
-0.0820909
-0.0797942
-0.0768429
-0.0731891
-0.0687858
-0.0635871
-0.0575492
-0.050631
-0.0427948
-0.0340074
-0.0242418
-0.0134784
-0.00170774
0.0110663
0.0248218
0.0395119
0.0550557
0.0713255
0.0881299
0.105195
0.122141
0.138471
0.153559
0.166671
0.177009
0.183864
0.186593
0.183669
0.174161
-0.0968409
-0.103953
-0.107261
-0.107487
-0.105755
-0.102551
-0.0983075
-0.0934389
-0.0882777
-0.0830754
-0.0780162
-0.0732295
-0.0688015
-0.0647856
-0.0612105
-0.0580879
-0.0554166
-0.0531872
-0.0513849
-0.049991
-0.0489853
-0.048346
-0.0480511
-0.0480787
-0.0484068
-0.0490137
-0.0498777
-0.0509774
-0.0522913
-0.0537976
-0.0554742
-0.0572987
-0.0592476
-0.0612969
-0.0634215
-0.0655952
-0.0677904
-0.0699784
-0.0721289
-0.07421
-0.0761882
-0.0780285
-0.0796941
-0.0811464
-0.0823454
-0.0832491
-0.0838143
-0.0839959
-0.0837478
-0.0830223
-0.0817708
-0.0799438
-0.0774911
-0.0743621
-0.0705062
-0.0658731
-0.0604132
-0.0540781
-0.0468212
-0.0385982
-0.0293682
-0.0190946
-0.0077464
0.00469936
0.0182551
0.032918
0.0486639
0.0654375
0.0831388
0.101604
0.120582
0.139703
0.158454
0.176155
0.191961
0.204903
0.214058
0.218513
0.216268
0.206029
-0.107613
-0.116248
-0.119678
-0.11904
-0.115986
-0.111256
-0.105455
-0.0991108
-0.0926171
-0.0862511
-0.0802002
-0.074584
-0.0694729
-0.0649014
-0.06088
-0.0574026
-0.0544528
-0.0520076
-0.0500407
-0.048524
-0.047429
-0.0467276
-0.0463923
-0.0463965
-0.0467147
-0.047322
-0.0481944
-0.0493081
-0.05064
-0.0521667
-0.0538648
-0.0557108
-0.0576802
-0.0597482
-0.0618888
-0.0640751
-0.066279
-0.0684709
-0.0706201
-0.072694
-0.0746587
-0.0764785
-0.0781159
-0.0795319
-0.0806857
-0.0815346
-0.0820345
-0.0821397
-0.0818028
-0.0809751
-0.0796066
-0.0776461
-0.0750416
-0.0717404
-0.0676889
-0.0628338
-0.0571214
-0.0504985
-0.0429126
-0.0343123
-0.024648
-0.0138722
-0.00194096
0.0111849
0.0255375
0.0411379
0.057991
0.0760756
0.0953312
0.115637
0.136782
0.15843
0.180071
0.200988
0.220219
0.236593
0.248904
0.255859
0.254761
0.243694
-0.121699
-0.132148
-0.135333
-0.13314
-0.128037
-0.121135
-0.113247
-0.105022
-0.0969033
-0.0891747
-0.0820055
-0.0754874
-0.0696591
-0.0645248
-0.0600671
-0.0562561
-0.053055
-0.0504241
-0.0483235
-0.0467139
-0.0455582
-0.0448209
-0.0444689
-0.0444713
-0.0447985
-0.045423
-0.0463182
-0.0474585
-0.0488189
-0.050375
-0.0521022
-0.0539758
-0.0559707
-0.0580613
-0.0602211
-0.0624224
-0.0646366
-0.0668338
-0.0689827
-0.0710502
-0.0730021
-0.074802
-0.0764123
-0.0777932
-0.0789034
-0.0796999
-0.0801377
-0.0801703
-0.0797497
-0.078826
-0.077348
-0.0752633
-0.0725179
-0.069057
-0.0648246
-0.059764
-0.0538176
-0.0469274
-0.0390348
-0.0300808
-0.0200062
-0.00875207
0.00374045
0.0175289
0.0326684
0.0492089
0.0671912
0.0866385
0.107544
0.129848
0.15341
0.177956
0.203024
0.227891
0.2515
0.272454
0.289186
0.299871
0.300771
0.288895
-0.140784
-0.153223
-0.15535
-0.150418
-0.142158
-0.132175
-0.121513
-0.110923
-0.100861
-0.0915748
-0.0831828
-0.0757202
-0.0691733
-0.0635001
-0.0586448
-0.054546
-0.0511418
-0.0483728
-0.0461836
-0.044523
-0.0433443
-0.042605
-0.0422665
-0.0422933
-0.0426527
-0.0433142
-0.0442494
-0.045431
-0.0468327
-0.0484288
-0.0501941
-0.0521031
-0.05413
-0.0562487
-0.0584322
-0.0606526
-0.0628808
-0.0650865
-0.0672381
-0.0693025
-0.0712447
-0.0730285
-0.0746155
-0.075966
-0.0770381
-0.0777884
-0.0781715
-0.0781404
-0.0776462
-0.0766384
-0.0750647
-0.0728715
-0.0700033
-0.0664033
-0.0620133
-0.0567734
-0.0506224
-0.0434974
-0.0353338
-0.0260651
-0.0156223
-0.00393399
0.00907423
0.0234801
0.0393647
0.0568111
0.0759028
0.0967177
0.119318
0.143732
0.169918
0.19772
0.226781
0.256448
0.285637
0.312742
0.335766
0.352156
0.356635
0.344361
-0.167773
-0.181873
-0.181203
-0.171524
-0.158437
-0.144135
-0.12985
-0.116355
-0.104037
-0.0930415
-0.0833783
-0.0749876
-0.0677752
-0.0616351
-0.0564613
-0.0521538
-0.0486216
-0.0457836
-0.0435679
-0.0419112
-0.0407578
-0.0400586
-0.0397699
-0.0398525
-0.040271
-0.0409928
-0.0419879
-0.0432277
-0.0446852
-0.046334
-0.0481481
-0.0501018
-0.0521689
-0.054323
-0.0565369
-0.0587825
-0.0610305
-0.0632505
-0.0654107
-0.0674778
-0.0694169
-0.0711914
-0.0727631
-0.0740918
-0.0751356
-0.0758508
-0.0761917
-0.0761109
-0.0755591
-0.0744852
-0.0728362
-0.0705574
-0.0675922
-0.0638822
-0.059367
-0.0539842
-0.0476691
-0.0403544
-0.0319698
-0.0224415
-0.0116912
0.000364864
0.013817
0.0287638
0.0453136
0.0635859
0.083712
0.105834
0.130098
0.156644
0.185576
0.21691
0.250493
0.285865
0.322056
0.357388
0.389439
0.414721
0.425778
0.414649
-0.20799
-0.221794
-0.214651
-0.196869
-0.176532
-0.156312
-0.137437
-0.12052
-0.105727
-0.0929831
-0.0821134
-0.0729114
-0.0651717
-0.0587053
-0.053346
-0.0489508
-0.0453979
-0.0425841
-0.0404224
-0.0388385
-0.0377691
-0.0371599
-0.0369634
-0.0371379
-0.037646
-0.0384543
-0.0395315
-0.0408488
-0.0423786
-0.0440944
-0.0459701
-0.0479798
-0.0500974
-0.0522964
-0.0545497
-0.0568291
-0.0591055
-0.0613486
-0.0635265
-0.065606
-0.0675522
-0.0693287
-0.0708972
-0.0722175
-0.0732477
-0.0739441
-0.074261
-0.0741506
-0.0735636
-0.0724484
-0.0707516
-0.0684178
-0.0653895
-0.0616071
-0.0570084
-0.051529
-0.0451013
-0.0376542
-0.0291126
-0.0193961
-0.00841782
0.00391711
0.0177141
0.0330916
0.0501848
0.0691499
0.0901684
0.113451
0.139242
0.167813
0.199452
0.234423
0.272893
0.314781
0.3595
0.405602
0.450525
0.489803
0.513192
0.507706
-0.271426
-0.278522
-0.257411
-0.22613
-0.195216
-0.167205
-0.142828
-0.122175
-0.104926
-0.0906208
-0.0788011
-0.069058
-0.061046
-0.0544814
-0.0491341
-0.0448188
-0.0413857
-0.0387135
-0.0367032
-0.0352732
-0.0343554
-0.0338923
-0.033835
-0.0341408
-0.034772
-0.0356949
-0.0368785
-0.0382942
-0.0399147
-0.0417137
-0.0436656
-0.0457446
-0.0479252
-0.0501811
-0.0524855
-0.0548105
-0.0571272
-0.0594056
-0.0616141
-0.0637196
-0.0656877
-0.067482
-0.0690643
-0.0703949
-0.0714319
-0.0721317
-0.0724486
-0.0723351
-0.0717418
-0.070617
-0.0689069
-0.0665561
-0.0635063
-0.0596971
-0.0550653
-0.0495449
-0.0430662
-0.0355551
-0.0269329
-0.0171138
-0.00600415
0.00650024
0.0205173
0.0361828
0.0536556
0.0731252
0.0948201
0.119019
0.146066
0.176377
0.210455
0.248881
0.292268
0.341152
0.395727
0.455414
0.518247
0.579322
0.62564
0.63699
-0.377015
-0.359684
-0.310511
-0.257791
-0.212097
-0.174407
-0.143994
-0.119765
-0.100514
-0.0851827
-0.0729274
-0.0630963
-0.0551933
-0.048843
-0.0437606
-0.0397284
-0.0365783
-0.0341788
-0.0324256
-0.0312348
-0.030538
-0.0302781
-0.030407
-0.0308831
-0.0316702
-0.0327356
-0.0340496
-0.0355846
-0.0373142
-0.0392132
-0.0412567
-0.0434198
-0.0456774
-0.048004
-0.0503733
-0.052758
-0.0551297
-0.0574587
-0.059714
-0.0618629
-0.0638713
-0.0657032
-0.0673209
-0.0686847
-0.0697534
-0.0704835
-0.0708296
-0.0707445
-0.0701789
-0.0690811
-0.067398
-0.0650734
-0.0620492
-0.0582646
-0.0536558
-0.0481559
-0.041694
-0.0341943
-0.0255754
-0.0157484
-0.00461492
0.0079357
0.0220302
0.0378167
0.0554719
0.0752105
0.097299
0.122074
0.149965
0.181529
0.217491
0.258784
0.306589
0.362316
0.427487
0.503401
0.590134
0.683874
0.771361
0.824963
-0.568273
-0.473741
-0.37032
-0.286417
-0.22207
-0.173805
-0.138032
-0.111406
-0.0913348
-0.0759957
-0.0641269
-0.0548492
-0.0475473
-0.0417867
-0.0372554
-0.0337256
-0.0310273
-0.0290316
-0.0276383
-0.0267682
-0.0263575
-0.0263534
-0.0267116
-0.027394
-0.0283671
-0.0296009
-0.0310678
-0.0327421
-0.0345992
-0.0366153
-0.0387666
-0.0410294
-0.0433797
-0.0457929
-0.0482434
-0.0507046
-0.0531489
-0.0555473
-0.0578692
-0.0600827
-0.062154
-0.0640477
-0.0657265
-0.0671515
-0.0682815
-0.0690736
-0.069483
-0.0694628
-0.0689639
-0.0679351
-0.0663234
-0.0640731
-0.0611261
-0.0574218
-0.0528965
-0.047483
-0.0411101
-0.0337016
-0.0251751
-0.0154404
-0.00439732
0.00806738
0.0220844
0.0378075
0.0554217
0.0751549
0.0972942
0.122209
0.150388
0.182485
0.219403
0.262395
0.31323
0.37438
0.449278
0.542461
0.658377
0.798193
0.960312
1.12174
-0.964336
-0.621743
-0.408453
-0.287005
-0.207503
-0.153693
-0.117356
-0.0922067
-0.0741757
-0.0608678
-0.0508275
-0.0431271
-0.0371608
-0.032524
-0.0289389
-0.0262086
-0.0241898
-0.0227751
-0.0218822
-0.0214461
-0.0214142
-0.021743
-0.0223958
-0.0233405
-0.0245486
-0.0259942
-0.0276535
-0.0295033
-0.0315218
-0.0336871
-0.0359774
-0.0383705
-0.040844
-0.0433743
-0.0459371
-0.0485069
-0.0510569
-0.053559
-0.0559835
-0.0582991
-0.0604728
-0.0624699
-0.0642538
-0.0657859
-0.067026
-0.0679316
-0.0684584
-0.0685601
-0.068188
-0.0672921
-0.0658192
-0.0637144
-0.0609203
-0.0573767
-0.0530207
-0.0477858
-0.0416016
-0.0343928
-0.0260783
-0.0165693
-0.00576724
0.00643884
0.0201767
0.0355965
0.0528785
0.0722447
0.093975
0.118432
0.146099
0.177636
0.213978
0.256493
0.307246
0.369475
0.448457
0.552832
0.694868
0.892491
1.19658
1.65164
-1.67748
-0.769744
-0.368581
-0.221135
-0.146401
-0.10193
-0.0751642
-0.0581951
-0.0465751
-0.0381519
-0.0318296
-0.0269859
-0.0232445
-0.0203671
-0.0181946
-0.0166154
-0.0155474
-0.0149281
-0.0147081
-0.0148475
-0.0153126
-0.0160748
-0.0171087
-0.0183915
-0.0199019
-0.0216203
-0.0235274
-0.0256044
-0.0278328
-0.0301937
-0.0326678
-0.0352353
-0.0378754
-0.0405664
-0.0432856
-0.0460087
-0.0487103
-0.0513634
-0.0539394
-0.0564079
-0.058737
-0.0608927
-0.0628393
-0.0645391
-0.0659524
-0.0670377
-0.0677512
-0.0680474
-0.0678786
-0.0671949
-0.0659444
-0.0640728
-0.0615239
-0.0582385
-0.054155
-0.0492085
-0.0433304
-0.0364481
-0.0284836
-0.0193521
-0.00896073
0.00279429
0.0160308
0.0308854
0.0475198
0.0661295
0.0869574
0.110313
0.1366
0.166366
0.200379
0.239766
0.286276
0.342837
0.414849
0.513083
0.659138
0.905325
1.42537
2.45603
)
;

boundaryField
{
    movingWall
    {
        type            zeroGradient;
    }
    fixedWalls
    {
        type            zeroGradient;
    }
    frontAndBack
    {
        type            empty;
    }
}


// ************************************************************************* //
