/*--------------------------------*- C++ -*----------------------------------*\
  =========                 |
  \\      /  F ield         | OpenFOAM: The Open Source CFD Toolbox
   \\    /   O peration     | Website:  https://openfoam.org
    \\  /    A nd           | Version:  7
     \\/     M anipulation  |
\*---------------------------------------------------------------------------*/
FoamFile
{
    version     2.0;
    format      ascii;
    class       volScalarField;
    location    "1.7";
    object      p;
}
// * * * * * * * * * * * * * * * * * * * * * * * * * * * * * * * * * * * * * //

dimensions      [0 2 -2 0 0 0 0];

internalField   nonuniform List<scalar> 
6400
(
-9.28889e-07
1.13153e-06
-3.09271e-05
-9.67347e-05
-0.000188919
-0.00030055
-0.000425605
-0.000559053
-0.000696993
-0.000836504
-0.000975473
-0.00111241
-0.00124625
-0.00137627
-0.00150185
-0.00162247
-0.00173762
-0.00184669
-0.00194898
-0.00204367
-0.00212983
-0.00220637
-0.00227212
-0.00232583
-0.00236618
-0.00239186
-0.00240155
-0.00239401
-0.00236812
-0.00232289
-0.00225754
-0.00217153
-0.00206459
-0.00193683
-0.00178867
-0.00162097
-0.001435
-0.00123248
-0.00101555
-0.000786852
-0.000549405
-0.000306651
-6.23743e-05
0.000179349
0.000414227
0.000637838
0.000845728
0.00103352
0.00119703
0.00133237
0.00143608
0.0015052
0.00153742
0.0015311
0.0014854
0.00140024
0.0012764
0.00111547
0.000919837
0.000692607
0.000437568
0.000159075
-0.000138044
-0.000448597
-0.000767149
-0.00108812
-0.00140591
-0.00171496
-0.00200985
-0.00228537
-0.00253656
-0.00275877
-0.00294775
-0.00309977
-0.00321185
-0.0032822
-0.0033112
-0.00330295
-0.00326719
-0.00322154
-4.24902e-06
-1.8099e-06
-3.09533e-05
-8.81434e-05
-0.000167045
-0.000262851
-0.000371107
-0.000487834
-0.000609793
-0.000734412
-0.000859721
-0.000984245
-0.00110687
-0.00122674
-0.00134316
-0.00145552
-0.00156321
-0.00166558
-0.00176193
-0.00185145
-0.00193324
-0.0020063
-0.00206957
-0.00212188
-0.00216207
-0.00218893
-0.00220129
-0.00219804
-0.00217817
-0.00214078
-0.00208519
-0.00201089
-0.00191769
-0.00180565
-0.00167519
-0.00152708
-0.00136248
-0.00118295
-0.000990459
-0.000787391
-0.000576504
-0.000360931
-0.000144116
7.0231e-05
0.000278206
0.000475787
0.000658931
0.000823663
0.000966187
0.00108299
0.00117094
0.00122739
0.00125027
0.00123815
0.00119028
0.00110668
0.00098811
0.000836076
0.000652806
0.000441198
0.000204746
-5.25362e-05
-0.000326217
-0.000611549
-0.000903567
-0.00119721
-0.00148739
-0.00176913
-0.00203758
-0.00228813
-0.00251649
-0.00271871
-0.00289132
-0.00303143
-0.00313694
-0.00320687
-0.0032421
-0.0032459
-0.00322171
-0.00317596
2.79244e-05
2.68793e-05
-2.88468e-06
-5.67358e-05
-0.000128998
-0.000215835
-0.000313747
-0.000419526
-0.000530462
-0.000644368
-0.000759513
-0.000874555
-0.000988443
-0.00110034
-0.00120955
-0.00131545
-0.00141741
-0.0015148
-0.00160691
-0.00169296
-0.00177209
-0.00184337
-0.00190577
-0.00195823
-0.00199963
-0.00202887
-0.00204483
-0.00204649
-0.00203288
-0.00200315
-0.00195664
-0.00189287
-0.00181161
-0.0017129
-0.00159709
-0.00146487
-0.00131727
-0.00115573
-0.000982051
-0.000798433
-0.000607417
-0.000411927
-0.000215166
-2.05933e-05
0.000168139
0.000347266
0.000512997
0.000661606
0.000789529
0.000893471
0.000970499
0.00101814
0.00103445
0.00101812
0.000968475
0.000885567
0.000770148
0.000623683
0.000448312
0.000246803
2.24848e-05
-0.000220837
-0.000478975
-0.000747459
-0.00102164
-0.00129679
-0.00156821
-0.00183129
-0.00208163
-0.00231507
-0.0025278
-0.00271634
-0.00287775
-0.00300959
-0.00311012
-0.00317849
-0.00321528
-0.00322241
-0.00319781
-0.0031399
9.56188e-05
8.43442e-05
4.93115e-05
-5.63701e-06
-7.60747e-05
-0.00015876
-0.000250799
-0.000349586
-0.000452917
-0.000558999
-0.000666403
-0.000774003
-0.000880894
-0.000986349
-0.00108974
-0.0011905
-0.00128803
-0.00138173
-0.00147093
-0.00155488
-0.00163276
-0.00170367
-0.00176664
-0.00182064
-0.0018646
-0.00189745
-0.00191812
-0.00192558
-0.0019189
-0.00189723
-0.00185987
-0.00180633
-0.00173631
-0.0016498
-0.00154704
-0.00142863
-0.00129548
-0.00114889
-0.000990526
-0.000822417
-0.000646969
-0.000466918
-0.000285305
-0.000105424
6.92338e-05
0.000235058
0.000388402
0.000525674
0.000643433
0.000738491
0.000808009
0.000849591
0.000861363
0.000842048
0.000791016
0.000708322
0.000594715
0.000451635
0.000281178
8.60469e-05
-0.000130518
-0.000364823
-0.000612819
-0.000870201
-0.00113252
-0.00139527
-0.001654
-0.0019044
-0.00214237
-0.0023641
-0.0025661
-0.00274528
-0.00289899
-0.00302506
-0.00312182
-0.00318823
-0.00322435
-0.00323084
-0.00320172
-0.00313058
0.000192379
0.000164785
0.000120407
6.10876e-05
-1.06265e-05
-9.20402e-05
-0.000180784
-0.000274839
-0.000372515
-0.000472436
-0.000573503
-0.000674856
-0.000775802
-0.000875768
-0.00097425
-0.00107075
-0.00116477
-0.00125574
-0.00134305
-0.00142599
-0.00150378
-0.00157555
-0.00164035
-0.00169719
-0.00174503
-0.00178279
-0.00180942
-0.00182388
-0.0018252
-0.00181251
-0.00178507
-0.0017423
-0.00168384
-0.00160956
-0.00151961
-0.00141446
-0.00129489
-0.00116207
-0.00101751
-0.000863101
-0.000701123
-0.000534163
-0.000365135
-0.000197217
-3.37912e-05
0.000121625
0.000265466
0.000394204
0.000504452
0.000593062
0.000657224
0.00069456
0.000703206
0.000681888
0.000629973
0.000547506
0.000435225
0.00029455
0.000127551
-6.31023e-05
-0.000274216
-0.000502159
-0.000742959
-0.000992415
-0.0012462
-0.00149997
-0.00174946
-0.00199057
-0.00221946
-0.00243257
-0.00262671
-0.00279905
-0.00294717
-0.00306907
-0.00316312
-0.00322805
-0.00326349
-0.0032692
-0.00323685
-0.00315744
0.000311768
0.000263596
0.000206548
0.000140118
6.45271e-05
-1.80463e-05
-0.000105723
-0.000197059
-0.000290874
-0.000386227
-0.000482379
-0.000578767
-0.000674942
-0.00077053
-0.000865176
-0.000958506
-0.00105011
-0.0011395
-0.00122612
-0.00130931
-0.00138833
-0.00146233
-0.00153038
-0.00159151
-0.00164466
-0.00168876
-0.00172271
-0.00174545
-0.00175596
-0.00175328
-0.00173661
-0.00170526
-0.00165876
-0.00159687
-0.00151961
-0.00142729
-0.00132057
-0.00120046
-0.00106836
-0.000926009
-0.000775566
-0.000619516
-0.000460676
-0.000302149
-0.000147256
5.27058e-07
0.000137656
0.000260609
0.000365991
0.000450633
0.000511694
0.000546757
0.000553919
0.000531864
0.000479922
0.000398102
0.000287115
0.000148358
-1.61168e-05
-0.000203655
-0.000411078
-0.000634776
-0.00087081
-0.00111502
-0.00136316
-0.00161097
-0.00185431
-0.00208924
-0.00231207
-0.00251947
-0.00270845
-0.00287639
-0.00302107
-0.00314058
-0.00323332
-0.00329789
-0.00333359
-0.00333965
-0.00330664
-0.00322458
0.000447636
0.000375888
0.00030368
0.000227918
0.000146306
6.05296e-05
-2.80026e-05
-0.000118411
-0.000210026
-0.00030234
-0.000395003
-0.000487771
-0.000580467
-0.000672933
-0.00076499
-0.000856411
-0.000946895
-0.00103605
-0.00112338
-0.00120828
-0.00129003
-0.00136782
-0.00144072
-0.00150774
-0.00156782
-0.00161983
-0.00166264
-0.0016951
-0.00171612
-0.00172465
-0.00171975
-0.00170062
-0.00166666
-0.00161747
-0.00155291
-0.00147317
-0.00137873
-0.00127047
-0.00114963
-0.00101786
-0.000877197
-0.000730037
-0.000579136
-0.000427553
-0.000278591
-0.000135734
-2.55125e-06
0.000117388
0.000220623
0.000303907
0.000364311
0.000399328
0.000406963
0.000385811
0.000335124
0.000254848
0.00014564
8.86155e-06
-0.000153456
-0.000338666
-0.000543589
-0.000764607
-0.000997778
-0.00123895
-0.00148388
-0.00172835
-0.00196829
-0.00219984
-0.00241944
-0.00262387
-0.00281031
-0.00297629
-0.00311971
-0.00323879
-0.00333193
-0.00339766
-0.00343511
-0.00344322
-0.0034124
-0.00333272
0.000594012
0.000496615
0.000407429
0.000320653
0.000231362
0.000140766
4.98149e-05
-4.1171e-05
-0.000132031
-0.000222708
-0.000313243
-0.000403734
-0.000494284
-0.000584971
-0.000675809
-0.000766727
-0.00085755
-0.000947985
-0.0010376
-0.00112585
-0.00121203
-0.00129536
-0.00137489
-0.00144961
-0.00151841
-0.00158012
-0.00163352
-0.00167736
-0.00171044
-0.00173158
-0.00173971
-0.00173386
-0.00171326
-0.00167736
-0.00162584
-0.0015587
-0.00147629
-0.00137931
-0.00126889
-0.00114654
-0.0010142
-0.000874205
-0.000729265
-0.000582421
-0.000436994
-0.000296508
-0.000164603
-4.4941e-05
5.89027e-05
0.000143552
0.000205937
0.000243407
0.00025382
0.000235639
0.00018799
0.000110713
4.38182e-06
-0.000129704
-0.000289548
-0.000472518
-0.000675429
-0.000894643
-0.00112619
-0.00136588
-0.00160945
-0.00185268
-0.00209149
-0.00232206
-0.00254088
-0.00274482
-0.00293114
-0.00309748
-0.00324183
-0.00336249
-0.0034579
-0.0035266
-0.00356762
-0.00357978
-0.00355394
-0.00348084
0.000745179
0.000620759
0.000513315
0.000414296
0.000316083
0.000219418
0.000124802
3.19879e-05
-5.93827e-05
-0.000149706
-0.000239422
-0.000328976
-0.000418759
-0.000509093
-0.000600199
-0.000692167
-0.000784952
-0.00087836
-0.000972033
-0.00106546
-0.00115799
-0.00124881
-0.00133697
-0.00142142
-0.00150099
-0.00157442
-0.00164037
-0.00169751
-0.00174446
-0.0017799
-0.00180259
-0.00181137
-0.00180528
-0.00178357
-0.00174573
-0.00169159
-0.00162129
-0.00153539
-0.00143486
-0.0013211
-0.00119595
-0.00106169
-0.000920987
-0.000776894
-0.000632767
-0.000492202
-0.000358945
-0.00023679
-0.000129469
-4.05389e-05
2.6741e-05
6.95183e-05
8.54551e-05
7.28208e-05
3.05667e-05
-4.16224e-05
-0.000143302
-0.000273268
-0.000429591
-0.000609672
-0.000810327
-0.0010279
-0.00125837
-0.00149751
-0.00174099
-0.00198453
-0.00222402
-0.00245561
-0.00267579
-0.00288145
-0.00306988
-0.0032388
-0.00338624
-0.00351055
-0.00361022
-0.00368382
-0.00373036
-0.00374864
-0.00373033
-0.00366721
0.000895713
0.000743354
0.000616787
0.000504663
0.000396628
0.000292951
0.000193681
9.79916e-05
4.99452e-06
-8.61677e-05
-0.000176334
-0.000266295
-0.000356741
-0.000448244
-0.000541225
-0.000635942
-0.000732483
-0.000830746
-0.000930446
-0.00103111
-0.00113211
-0.00123262
-0.00133166
-0.00142813
-0.00152076
-0.00160819
-0.00168897
-0.0017616
-0.00182455
-0.0018763
-0.0019154
-0.00194051
-0.00195043
-0.00194419
-0.00192106
-0.00188066
-0.00182295
-0.00174829
-0.0016575
-0.00155185
-0.00143308
-0.0013034
-0.00116545
-0.00102231
-0.000877381
-0.00073435
-0.000597095
-0.000469578
-0.00035573
-0.000259332
-0.000183888
-0.000132506
-0.000107782
-0.0001117
-0.000145546
-0.000209851
-0.000304355
-0.000428003
-0.000578972
-0.00075473
-0.00095212
-0.00116747
-0.00139673
-0.00163559
-0.00187965
-0.00212453
-0.00236605
-0.00260028
-0.00282365
-0.00303301
-0.00322564
-0.00339924
-0.00355188
-0.00368192
-0.00378789
-0.00386841
-0.00392247
-0.00394887
-0.00394034
-0.00388991
0.00104031
0.000859449
0.000713215
0.000587431
0.000468956
0.00035758
0.000252876
0.000153424
5.77999e-05
-3.53181e-05
-0.000127175
-0.000218908
-0.000311505
-0.000405785
-0.000502373
-0.000601691
-0.00070395
-0.000809144
-0.000917051
-0.00102724
-0.00113907
-0.00125172
-0.00136417
-0.0014752
-0.00158349
-0.00168752
-0.00178571
-0.00187638
-0.00195779
-0.00202823
-0.002086
-0.00212953
-0.00215736
-0.00216829
-0.00216134
-0.00213588
-0.00209165
-0.00202882
-0.00194802
-0.00185038
-0.00173752
-0.00161158
-0.00147517
-0.00133137
-0.00118365
-0.00103581
-0.000891868
-0.000755987
-0.000632333
-0.000524957
-0.000437659
-0.000373865
-0.000336494
-0.000327855
-0.000349545
-0.000402382
-0.00048636
-0.00060064
-0.000743564
-0.000912717
-0.00110501
-0.00131677
-0.00154393
-0.00178211
-0.0020268
-0.00227353
-0.00251796
-0.00275605
-0.00298412
-0.00319892
-0.00339765
-0.00357795
-0.00373784
-0.00387569
-0.00399002
-0.00407947
-0.004143
-0.00417944
-0.00418267
-0.00414709
0.00117375
0.000964096
0.000797909
0.000658155
0.000528856
0.000409289
0.000298535
0.000194565
9.54049e-05
-7.36982e-07
-9.55125e-05
-0.000190409
-0.000286708
-0.000385471
-0.000487521
-0.000593438
-0.000703555
-0.000817953
-0.000936466
-0.00105869
-0.00118399
-0.00131151
-0.00144015
-0.00156863
-0.00169548
-0.00181907
-0.00193761
-0.00204923
-0.00215198
-0.0022439
-0.00232303
-0.00238753
-0.00243566
-0.00246594
-0.00247711
-0.00246827
-0.00243892
-0.00238899
-0.0023189
-0.00222961
-0.00212258
-0.00199988
-0.00186407
-0.00171822
-0.00156587
-0.00141091
-0.00125754
-0.00111014
-0.000973147
-0.000850919
-0.000747613
-0.000667031
-0.000612496
-0.000586715
-0.000591685
-0.000628597
-0.000697788
-0.000798714
-0.000929961
-0.0010893
-0.00127374
-0.0014797
-0.00170307
-0.00193943
-0.00218415
-0.00243263
-0.00268036
-0.00292313
-0.00315708
-0.0033788
-0.00358534
-0.00377422
-0.00394337
-0.00409106
-0.00421579
-0.00431617
-0.00439111
-0.00443941
-0.00445615
-0.00443716
0.00129079
0.00105232
0.000866122
0.00071228
0.000571953
0.000443864
0.000326572
0.000217421
0.00011388
1.36764e-05
-8.52537e-05
-0.000184744
-0.000286364
-0.000391415
-0.00050091
-0.000615579
-0.00073587
-0.000861945
-0.000993688
-0.00113072
-0.00127238
-0.00141776
-0.00156572
-0.00171484
-0.00186353
-0.00200998
-0.00215222
-0.00228815
-0.00241556
-0.00253223
-0.0026359
-0.00272443
-0.00279578
-0.00284814
-0.00287994
-0.00288998
-0.00287746
-0.00284204
-0.00278389
-0.00270379
-0.00260296
-0.00248339
-0.00234756
-0.00219853
-0.00203986
-0.00187556
-0.00170999
-0.00154777
-0.00139363
-0.0012523
-0.00112833
-0.00102598
-0.000949053
-0.000900742
-0.00088354
-0.000899118
-0.000948259
-0.00103082
-0.00114572
-0.001291
-0.00146387
-0.00166084
-0.00187785
-0.00211043
-0.00235385
-0.00260334
-0.00285421
-0.00310202
-0.00334267
-0.00357251
-0.00378839
-0.0039876
-0.0041679
-0.00432743
-0.00446457
-0.00457786
-0.00466609
-0.00472798
-0.00475982
-0.00475889
0.00138622
0.00111912
0.000913055
0.000745173
0.000593751
0.000456926
0.000332705
0.000217781
0.000109048
3.74961e-06
-0.000100593
-0.000206156
-0.000314796
-0.000428043
-0.000547094
-0.000672824
-0.000805785
-0.000946216
-0.00109404
-0.00124889
-0.00141008
-0.00157665
-0.00174735
-0.00192067
-0.00209485
-0.0022679
-0.00243762
-0.00260166
-0.00275755
-0.00290275
-0.0030347
-0.00315091
-0.00324899
-0.00332676
-0.00338233
-0.00341412
-0.00342101
-0.00340232
-0.00335795
-0.00328833
-0.00319467
-0.00307861
-0.00294255
-0.0027895
-0.00262305
-0.00244729
-0.00226675
-0.0020863
-0.00191098
-0.00174592
-0.00159615
-0.00146642
-0.00136112
-0.00128404
-0.00123827
-0.00122607
-0.00124882
-0.00130687
-0.00139961
-0.00152545
-0.0016819
-0.00186566
-0.00207274
-0.00229868
-0.00253865
-0.00278772
-0.00304095
-0.00329364
-0.00354139
-0.00378025
-0.00400673
-0.00421785
-0.00441112
-0.00458441
-0.00473593
-0.00486409
-0.00496747
-0.00504459
-0.00509303
-0.00511145
0.00145481
0.0011595
0.000933867
0.000752133
0.000589665
0.000443981
0.000312504
0.000191252
7.65305e-05
-3.49096e-05
-0.000145958
-0.000259137
-0.000376579
-0.000500037
-0.000630889
-0.000770144
-0.000918456
-0.00107613
-0.00124312
-0.00141906
-0.00160323
-0.00179461
-0.00199185
-0.00219329
-0.00239701
-0.00260081
-0.00280226
-0.00299874
-0.00318746
-0.00336555
-0.0035301
-0.00367825
-0.00380722
-0.00391443
-0.00399758
-0.0040547
-0.00408426
-0.00408523
-0.00405713
-0.00400011
-0.00391503
-0.00380335
-0.00366732
-0.00350982
-0.00333442
-0.00314527
-0.00294707
-0.00274491
-0.00254419
-0.00235046
-0.00216925
-0.00200594
-0.00186554
-0.00175257
-0.00167084
-0.00162335
-0.00161218
-0.00163836
-0.00170188
-0.00180167
-0.00193563
-0.00210075
-0.00229322
-0.00250862
-0.00274207
-0.00298844
-0.00324257
-0.0034994
-0.00375418
-0.00400255
-0.00424064
-0.00446506
-0.00467295
-0.00486186
-0.0050297
-0.00517464
-0.00529499
-0.005389
-0.00545546
-0.00549446
0.00149133
0.00116844
0.000923709
0.000728429
0.000555059
0.000400461
0.000261438
0.000133317
1.18031e-05
-0.000106853
-0.000225952
-0.000348356
-0.000476473
-0.000612272
-0.000757304
-0.000912708
-0.00107923
-0.00125724
-0.00144672
-0.00164728
-0.00185818
-0.00207831
-0.00230622
-0.0025401
-0.00277783
-0.00301701
-0.00325493
-0.00348867
-0.00371513
-0.00393108
-0.0041332
-0.00431823
-0.00448294
-0.00462433
-0.00473963
-0.0048264
-0.00488267
-0.00490695
-0.00489836
-0.00485666
-0.00478232
-0.00467657
-0.00454136
-0.00437946
-0.00419434
-0.00399018
-0.00377178
-0.00354449
-0.00331403
-0.00308642
-0.00286776
-0.00266408
-0.00248115
-0.00232431
-0.00219823
-0.0021068
-0.00205298
-0.00203864
-0.00206453
-0.00213026
-0.00223429
-0.00237403
-0.00254596
-0.00274576
-0.00296854
-0.00320901
-0.00346173
-0.00372128
-0.00398245
-0.00424041
-0.00449077
-0.00472963
-0.00495364
-0.00515991
-0.00534594
-0.00550957
-0.00564869
-0.00576124
-0.00584715
-0.00590795
0.00149059
0.00114098
0.00087777
0.000669352
0.0004853
0.000321774
0.000174937
3.94019e-05
-8.97338e-05
-0.00021672
-0.000345274
-0.000478592
-0.00061935
-0.000769735
-0.000931461
-0.0011058
-0.00129358
-0.00149522
-0.00171073
-0.00193971
-0.00218137
-0.00243452
-0.00269758
-0.0029686
-0.00324525
-0.00352488
-0.00380452
-0.00408093
-0.00435063
-0.00461001
-0.00485533
-0.00508287
-0.00528892
-0.00546998
-0.00562276
-0.00574431
-0.00583212
-0.00588419
-0.00589915
-0.00587627
-0.00581561
-0.005718
-0.0055851
-0.00541942
-0.00522431
-0.00500391
-0.00476309
-0.00450739
-0.0042429
-0.00397608
-0.00371364
-0.00346235
-0.00322882
-0.00301931
-0.00283952
-0.00269439
-0.00258793
-0.00252304
-0.00250146
-0.00252366
-0.00258884
-0.002695
-0.00283903
-0.00301684
-0.00322359
-0.00345386
-0.00370192
-0.00396195
-0.00422822
-0.0044953
-0.00475818
-0.00501233
-0.00525377
-0.005479
-0.00568503
-0.00586921
-0.00602893
-0.00616167
-0.00626851
-0.00635238
0.00144746
0.00107223
0.000791318
0.000570261
0.000375803
0.000203367
4.8445e-05
-9.50661e-05
-0.000232687
-0.000369172
-0.00050865
-0.00065465
-0.000810116
-0.000977445
-0.00115851
-0.00135471
-0.00156697
-0.00179574
-0.00204105
-0.0023025
-0.00257924
-0.00286999
-0.00317304
-0.00348629
-0.00380718
-0.00413282
-0.00445993
-0.00478493
-0.00510396
-0.00541298
-0.0057078
-0.00598418
-0.0062379
-0.0064649
-0.0066613
-0.00682356
-0.00694859
-0.00703377
-0.00707715
-0.00707745
-0.0070342
-0.00694776
-0.00681939
-0.00665128
-0.00644653
-0.0062092
-0.00594416
-0.00565713
-0.00535447
-0.00504314
-0.00473048
-0.00442401
-0.0041313
-0.00385964
-0.00361589
-0.00340622
-0.0032359
-0.00310908
-0.0030287
-0.00299632
-0.00301212
-0.00307489
-0.0031821
-0.00333004
-0.003514
-0.0037285
-0.00396755
-0.00422487
-0.00449414
-0.00476924
-0.0050444
-0.00531431
-0.00557421
-0.00581987
-0.00604761
-0.00625417
-0.00643631
-0.00659096
-0.00672027
-0.00682863
0.00135698
0.000957459
0.000659749
0.000426635
0.000222088
4.07752e-05
-0.000122505
-0.000274584
-0.000421597
-0.000568805
-0.000720746
-0.000881281
-0.00105362
-0.00124036
-0.00144355
-0.00166469
-0.00190479
-0.00216437
-0.00244347
-0.00274167
-0.00305807
-0.0033913
-0.00373953
-0.00410045
-0.00447132
-0.00484896
-0.00522978
-0.00560982
-0.00598484
-0.00635032
-0.00670158
-0.00703382
-0.00734227
-0.00762222
-0.00786916
-0.0080789
-0.00824764
-0.00837211
-0.00844965
-0.00847836
-0.00845713
-0.00838574
-0.00826496
-0.00809654
-0.00788328
-0.00762902
-0.00733858
-0.00701777
-0.00667322
-0.00631232
-0.00594304
-0.00557373
-0.00521294
-0.00486912
-0.00455044
-0.00426445
-0.00401789
-0.00381642
-0.00366441
-0.00356481
-0.00351902
-0.00352685
-0.0035866
-0.00369511
-0.00384797
-0.00403971
-0.00426409
-0.00451438
-0.00478361
-0.00506486
-0.00535146
-0.00563716
-0.00591624
-0.00618357
-0.0064346
-0.00666533
-0.00687174
-0.00705004
-0.00720349
-0.00733792
0.00121435
0.000792097
0.000478651
0.000234135
1.98583e-05
-0.000170292
-0.000342222
-0.000503492
-0.000660854
-0.000820069
-0.000986084
-0.00116309
-0.00135455
-0.00156327
-0.00179147
-0.00204075
-0.00231223
-0.00260647
-0.00292353
-0.00326298
-0.00362386
-0.00400473
-0.0044036
-0.00481801
-0.00524496
-0.00568099
-0.0061222
-0.00656424
-0.00700242
-0.00743173
-0.00784696
-0.00824273
-0.00861362
-0.00895424
-0.00925939
-0.00952412
-0.00974387
-0.00991462
-0.0100329
-0.0100961
-0.0101024
-0.0100509
-0.00994162
-0.00977592
-0.00955614
-0.00928578
-0.00896955
-0.00861322
-0.00822364
-0.0078086
-0.00737665
-0.00693699
-0.00649918
-0.00607294
-0.00566783
-0.005293
-0.00495685
-0.00466679
-0.00442892
-0.00424785
-0.0041265
-0.00406605
-0.00406586
-0.00412358
-0.00423526
-0.00439559
-0.00459818
-0.00483583
-0.00510087
-0.00538547
-0.00568193
-0.00598289
-0.00628148
-0.00657144
-0.0068472
-0.00710383
-0.00733635
-0.00754013
-0.00771951
-0.00788181
0.00101504
0.000571855
0.000243868
-1.13242e-05
-0.000234941
-0.000433886
-0.000614777
-0.000785898
-0.000954614
-0.00112718
-0.00130895
-0.00150442
-0.00171734
-0.00195071
-0.00220689
-0.00248764
-0.00279414
-0.00312703
-0.00348638
-0.00387176
-0.00428217
-0.00471605
-0.00517131
-0.00564527
-0.00613472
-0.0066359
-0.00714456
-0.00765595
-0.00816491
-0.00866592
-0.00915317
-0.00962067
-0.0100623
-0.0104719
-0.0108436
-0.0111715
-0.0114503
-0.011675
-0.0118415
-0.0119461
-0.0119862
-0.0119602
-0.0118674
-0.0117084
-0.011485
-0.0112004
-0.0108589
-0.0104663
-0.0100294
-0.00955638
-0.00905636
-0.0085393
-0.00801583
-0.00749695
-0.00699374
-0.00651709
-0.00607727
-0.00568367
-0.00534443
-0.00506614
-0.00485361
-0.00470968
-0.00463515
-0.00462874
-0.00468727
-0.00480574
-0.00497773
-0.00519561
-0.00545101
-0.00573509
-0.00603897
-0.00635397
-0.00667189
-0.00698514
-0.00728688
-0.00757103
-0.0078315
-0.00806266
-0.0082699
-0.0084621
0.000754871
0.000292768
-4.84352e-05
-0.000313512
-0.000546051
-0.000753746
-0.00094393
-0.0011256
-0.00130672
-0.00149403
-0.00169328
-0.0019093
-0.00214607
-0.00240681
-0.00269404
-0.00300965
-0.00335492
-0.00373055
-0.00413665
-0.00457278
-0.00503789
-0.00553035
-0.00604792
-0.00658774
-0.00714635
-0.0077197
-0.00830316
-0.00889156
-0.00947926
-0.0100602
-0.0106279
-0.0111757
-0.0116968
-0.0121843
-0.0126312
-0.0130311
-0.0133775
-0.0136647
-0.0138873
-0.014041
-0.0141221
-0.0141281
-0.0140575
-0.0139102
-0.0136872
-0.0133912
-0.0130261
-0.0125974
-0.0121121
-0.0115783
-0.0110058
-0.0104051
-0.00978804
-0.00916678
-0.00855404
-0.00796252
-0.00740458
-0.00689182
-0.00643471
-0.00604215
-0.00572123
-0.00547686
-0.00531163
-0.00522577
-0.00521711
-0.00528129
-0.00541199
-0.0056013
-0.0058401
-0.00611851
-0.00642632
-0.00675337
-0.00708985
-0.0074266
-0.0077553
-0.0080685
-0.00835874
-0.00861923
-0.00885642
-0.00908082
0.000430047
-4.87281e-05
-0.000401699
-0.000675807
-0.000916822
-0.00113322
-0.00133305
-0.001526
-0.00172062
-0.00192411
-0.00214262
-0.00238128
-0.00264434
-0.00293521
-0.0032566
-0.00361052
-0.00399836
-0.00442089
-0.00487827
-0.00537005
-0.00589514
-0.00645184
-0.00703776
-0.00764987
-0.00828445
-0.00893713
-0.00960292
-0.0102762
-0.0109508
-0.0116201
-0.0122769
-0.0129139
-0.0135235
-0.0140979
-0.0146293
-0.0151101
-0.0155332
-0.0158915
-0.016179
-0.0163899
-0.0165198
-0.0165651
-0.0165234
-0.0163936
-0.016176
-0.0158726
-0.0154868
-0.0150237
-0.01449
-0.0138941
-0.0132459
-0.0125567
-0.0118392
-0.0111067
-0.0103737
-0.00965474
-0.00896434
-0.00831656
-0.00772445
-0.00719962
-0.00675178
-0.00638837
-0.00611427
-0.00593158
-0.00583961
-0.00583493
-0.00591164
-0.00606166
-0.00627522
-0.00654136
-0.00684841
-0.00718451
-0.00753806
-0.00789804
-0.00825435
-0.00859793
-0.00891973
-0.00921156
-0.00948096
-0.00974012
3.72639e-05
-0.000455729
-0.0008189
-0.00110113
-0.00135015
-0.00157522
-0.00178506
-0.00199004
-0.00219926
-0.00242039
-0.00265995
-0.00292339
-0.00321518
-0.00353898
-0.00389764
-0.00429333
-0.00472754
-0.00520114
-0.00571432
-0.00626666
-0.00685703
-0.00748364
-0.00814399
-0.00883483
-0.0095522
-0.0102914
-0.0110471
-0.0118131
-0.0125828
-0.0133489
-0.0141036
-0.0148387
-0.0155458
-0.0162162
-0.0168413
-0.0174124
-0.0179212
-0.0183598
-0.0187208
-0.0189977
-0.0191846
-0.019277
-0.0192715
-0.0191659
-0.0189598
-0.0186541
-0.0182517
-0.0177572
-0.0171768
-0.016519
-0.0157936
-0.0150126
-0.0141893
-0.0133384
-0.0124756
-0.0116176
-0.0107811
-0.00998276
-0.00923846
-0.00856283
-0.00796864
-0.0074663
-0.00706347
-0.00676466
-0.00657115
-0.00648089
-0.00648871
-0.00658667
-0.00676448
-0.00701007
-0.00731026
-0.00765134
-0.0080196
-0.00840191
-0.00878609
-0.00916116
-0.00951622
-0.00984143
-0.0101454
-0.0104422
-0.00042623
-0.000930794
-0.00130249
-0.00159188
-0.00184841
-0.00208209
-0.00230231
-0.00252007
-0.00274502
-0.00298526
-0.00324767
-0.00353799
-0.00386096
-0.00422043
-0.00461945
-0.00506033
-0.00554468
-0.00607345
-0.00664691
-0.00726464
-0.00792551
-0.00862763
-0.00936836
-0.0101443
-0.0109512
-0.011784
-0.0126369
-0.0135035
-0.0143763
-0.0152474
-0.0161085
-0.0169504
-0.0177639
-0.0185394
-0.0192671
-0.0199375
-0.0205411
-0.0210689
-0.0215124
-0.0218638
-0.0221162
-0.022264
-0.0223025
-0.0222286
-0.0220407
-0.021739
-0.0213254
-0.0208038
-0.0201801
-0.0194622
-0.0186602
-0.0177861
-0.0168538
-0.0158791
-0.014879
-0.013872
-0.0128771
-0.0119137
-0.0110006
-0.0101558
-0.00939539
-0.00873336
-0.00818064
-0.00774475
-0.00742949
-0.00723476
-0.00715661
-0.00718755
-0.00731701
-0.00753196
-0.00781762
-0.00815826
-0.00853788
-0.00894087
-0.00935269
-0.00976009
-0.01015
-0.0105106
-0.0108518
-0.0111893
-0.000962576
-0.00147589
-0.00185432
-0.00214986
-0.00241339
-0.00265561
-0.00288657
-0.00311787
-0.00335965
-0.00362044
-0.00390746
-0.00422674
-0.00458327
-0.00498111
-0.00542348
-0.00591287
-0.006451
-0.00703894
-0.007677
-0.00836481
-0.00910119
-0.00988421
-0.0107111
-0.0115782
-0.012481
-0.0134142
-0.0143716
-0.015346
-0.0163295
-0.0173137
-0.0182891
-0.0192461
-0.0201744
-0.0210633
-0.0219023
-0.0226806
-0.0233876
-0.0240131
-0.0245476
-0.0249821
-0.0253084
-0.0255197
-0.0256103
-0.0255759
-0.0254138
-0.0251231
-0.0247049
-0.0241621
-0.0235001
-0.0227262
-0.0218501
-0.0208839
-0.0198419
-0.0187404
-0.0175979
-0.0164344
-0.015271
-0.0141297
-0.0130325
-0.0120009
-0.0110549
-0.0102121
-0.00948754
-0.00889231
-0.0084334
-0.0081133
-0.00792988
-0.0078766
-0.00794297
-0.00811515
-0.00837684
-0.00871018
-0.00909662
-0.00951781
-0.00995641
-0.0103966
-0.0108227
-0.0112208
-0.0116018
-0.0119835
-0.00157324
-0.00209233
-0.00247564
-0.00277626
-0.00304622
-0.0032969
-0.00353894
-0.0037845
-0.00404419
-0.00432692
-0.00464025
-0.00499048
-0.00538285
-0.00582163
-0.00631023
-0.00685128
-0.00744667
-0.00809754
-0.0088043
-0.0095666
-0.0103833
-0.0112522
-0.0121707
-0.0131347
-0.0141395
-0.0151794
-0.0162476
-0.0173367
-0.018438
-0.0195424
-0.0206396
-0.0217192
-0.0227698
-0.02378
-0.0247379
-0.0256319
-0.0264501
-0.0271814
-0.0278147
-0.0283401
-0.0287483
-0.0290312
-0.0291818
-0.0291948
-0.0290664
-0.0287946
-0.0283792
-0.0278225
-0.0271287
-0.0263046
-0.0253593
-0.0243046
-0.0231548
-0.0219268
-0.0206397
-0.019315
-0.0179758
-0.0166464
-0.0153522
-0.014118
-0.0129678
-0.0119239
-0.0110054
-0.0102278
-0.00960211
-0.00913402
-0.008824
-0.0086671
-0.00865338
-0.00876855
-0.00899493
-0.00931245
-0.00969985
-0.0101357
-0.0105996
-0.0110726
-0.0115361
-0.0119736
-0.0123972
-0.0128266
-0.00225895
-0.00278072
-0.00316697
-0.00347157
-0.00374737
-0.00400638
-0.0042598
-0.00452029
-0.00479889
-0.00510488
-0.00544612
-0.00582919
-0.00625954
-0.00674167
-0.00727915
-0.00787481
-0.00853065
-0.00924794
-0.0100272
-0.010868
-0.0117693
-0.0127288
-0.0137437
-0.0148097
-0.0159219
-0.0170741
-0.0182592
-0.019469
-0.0206943
-0.0219251
-0.0231506
-0.0243592
-0.0255388
-0.0266768
-0.0277604
-0.0287767
-0.029713
-0.0305567
-0.0312959
-0.0319193
-0.0324165
-0.0327783
-0.0329964
-0.0330647
-0.032978
-0.0327331
-0.0323289
-0.0317664
-0.0310489
-0.0301823
-0.0291748
-0.0280378
-0.0267852
-0.0254339
-0.0240036
-0.0225167
-0.0209978
-0.0194736
-0.0179723
-0.0165223
-0.0151519
-0.0138877
-0.012754
-0.0117711
-0.0109546
-0.0103147
-0.00985498
-0.009573
-0.00946001
-0.00950176
-0.00967941
-0.00997082
-0.0103518
-0.0107977
-0.0112844
-0.0117897
-0.0122915
-0.0127703
-0.0132392
-0.0137202
-0.00301967
-0.00354094
-0.00392812
-0.00423555
-0.00451656
-0.00478372
-0.00504876
-0.00532478
-0.00562322
-0.00595368
-0.0063243
-0.0067419
-0.00721219
-0.00773983
-0.00832862
-0.00898151
-0.00970067
-0.0104875
-0.0113425
-0.0122655
-0.0132552
-0.0143094
-0.0154249
-0.0165974
-0.0178216
-0.0190909
-0.0203977
-0.0217333
-0.0230877
-0.0244502
-0.0258092
-0.0271521
-0.0284659
-0.0297369
-0.0309515
-0.0320955
-0.0331551
-0.0341168
-0.0349674
-0.0356946
-0.0362869
-0.036734
-0.0370268
-0.0371574
-0.0371199
-0.0369101
-0.0365256
-0.0359663
-0.0352343
-0.0343345
-0.0332741
-0.0320634
-0.0307159
-0.0292481
-0.0276795
-0.0260332
-0.024335
-0.0226134
-0.0208989
-0.0192236
-0.0176197
-0.0161187
-0.0147501
-0.0135398
-0.0125089
-0.0116725
-0.0110388
-0.0106086
-0.0103751
-0.0103248
-0.0104383
-0.0106913
-0.011057
-0.0115069
-0.0120132
-0.0125495
-0.0130901
-0.0136119
-0.0141289
-0.0146655
-0.00385458
-0.00437209
-0.00475816
-0.00506722
-0.00535276
-0.00562784
-0.00590466
-0.00619673
-0.0065158
-0.00687178
-0.00727306
-0.00772671
-0.00823862
-0.00881368
-0.00945584
-0.0101682
-0.0109532
-0.0118122
-0.0127458
-0.0137539
-0.0148352
-0.0159873
-0.017207
-0.0184896
-0.0198295
-0.0212198
-0.0226521
-0.0241173
-0.0256047
-0.0271027
-0.028599
-0.03008
-0.0315317
-0.0329396
-0.0342887
-0.035564
-0.0367507
-0.0378342
-0.0388003
-0.0396356
-0.0403277
-0.0408652
-0.041238
-0.0414374
-0.0414563
-0.0412893
-0.0409331
-0.0403862
-0.0396498
-0.0387272
-0.0376247
-0.0363515
-0.0349198
-0.0333454
-0.0316475
-0.0298489
-0.0279762
-0.026059
-0.0241301
-0.0222242
-0.0203778
-0.0186269
-0.0170066
-0.0155488
-0.0142808
-0.0132237
-0.012391
-0.0117879
-0.011411
-0.0112481
-0.0112797
-0.0114803
-0.0118199
-0.0122665
-0.0127878
-0.0133533
-0.0139326
-0.0144988
-0.0150667
-0.0156631
-0.00476204
-0.00527252
-0.0056554
-0.00596486
-0.00625418
-0.00653687
-0.00682555
-0.00713404
-0.00747439
-0.00785675
-0.00828977
-0.0087807
-0.00933564
-0.00995966
-0.0106569
-0.0114306
-0.0122833
-0.0132166
-0.014231
-0.0153266
-0.0165018
-0.0177544
-0.0190808
-0.0204762
-0.0219344
-0.0234482
-0.0250087
-0.026606
-0.0282288
-0.0298648
-0.0315006
-0.0331218
-0.0347135
-0.03626
-0.0377456
-0.0391541
-0.0404698
-0.0416771
-0.0427608
-0.0437069
-0.0445018
-0.0451333
-0.0455904
-0.0458636
-0.0459448
-0.0458277
-0.0455078
-0.0449827
-0.0442521
-0.0433182
-0.0421858
-0.0408627
-0.03936
-0.0376921
-0.0358772
-0.0339377
-0.0318999
-0.0297941
-0.0276545
-0.0255183
-0.0234251
-0.0214159
-0.019531
-0.0178087
-0.0162829
-0.0149818
-0.0139254
-0.0131244
-0.0125796
-0.0122818
-0.0122121
-0.012344
-0.012645
-0.0130794
-0.0136102
-0.014202
-0.0148195
-0.0154313
-0.0160527
-0.016713
-0.0057396
-0.00623976
-0.00661737
-0.00692597
-0.00721829
-0.0075082
-0.00780869
-0.00813382
-0.0084959
-0.00890531
-0.00937085
-0.0099
-0.010499
-0.0111732
-0.0119267
-0.0127631
-0.0136849
-0.0146939
-0.0157907
-0.0169752
-0.018246
-0.0196006
-0.0210353
-0.0225449
-0.0241229
-0.0257616
-0.0274515
-0.029182
-0.0309412
-0.0327159
-0.0344917
-0.0362535
-0.0379853
-0.0396706
-0.0412925
-0.0428342
-0.0442788
-0.04561
-0.0468118
-0.0478692
-0.048768
-0.0494954
-0.0500396
-0.0503902
-0.0505384
-0.0504771
-0.0502008
-0.049706
-0.0489914
-0.0480577
-0.0469084
-0.0455496
-0.0439909
-0.0422451
-0.040329
-0.0382638
-0.0360748
-0.0337924
-0.0314513
-0.0290905
-0.0267523
-0.0244816
-0.0223241
-0.0203243
-0.0185236
-0.0169575
-0.0156536
-0.0146297
-0.0138922
-0.0134356
-0.0132433
-0.0132885
-0.0135367
-0.0139482
-0.0144816
-0.015096
-0.0157505
-0.0164085
-0.017086
-0.0178144
-0.00678399
-0.00727064
-0.00764089
-0.00794734
-0.00824179
-0.00853843
-0.00885053
-0.00919237
-0.00957643
-0.0100133
-0.0105118
-0.0110798
-0.0117236
-0.0124485
-0.0132591
-0.0141589
-0.0151506
-0.016236
-0.0174159
-0.0186901
-0.0200571
-0.0215143
-0.0230577
-0.0246818
-0.0263798
-0.0281433
-0.0299624
-0.0318258
-0.0337207
-0.035633
-0.0375477
-0.0394487
-0.0413189
-0.0431411
-0.0448975
-0.0465702
-0.0481417
-0.0495949
-0.0509131
-0.0520806
-0.0530828
-0.053906
-0.0545381
-0.054968
-0.0551864
-0.0551854
-0.0549588
-0.0545021
-0.0538129
-0.0528908
-0.0517376
-0.0503581
-0.0487597
-0.0469535
-0.0449545
-0.042782
-0.04046
-0.0380178
-0.0354899
-0.0329159
-0.0303403
-0.0278112
-0.0253788
-0.023094
-0.0210054
-0.0191567
-0.0175841
-0.0163134
-0.0153581
-0.0147184
-0.0143808
-0.0143195
-0.0144987
-0.0148752
-0.0154029
-0.0160351
-0.0167247
-0.0174292
-0.0181651
-0.0189658
-0.00789121
-0.00836122
-0.00872207
-0.00902503
-0.0093207
-0.00962346
-0.00994683
-0.0103052
-0.0107113
-0.0111756
-0.0117074
-0.0123143
-0.013003
-0.013779
-0.0146468
-0.0156102
-0.0166718
-0.0178337
-0.0190966
-0.0204602
-0.021923
-0.0234823
-0.0251337
-0.0268714
-0.0286883
-0.0305752
-0.0325218
-0.034516
-0.0365442
-0.0385917
-0.0406423
-0.0426792
-0.0446844
-0.0466397
-0.0485266
-0.0503265
-0.0520211
-0.0535924
-0.0550235
-0.0562981
-0.057401
-0.0583183
-0.0590373
-0.0595467
-0.0598367
-0.059899
-0.0597267
-0.0593146
-0.0586594
-0.0577593
-0.056615
-0.0552293
-0.0536081
-0.0517602
-0.0496984
-0.0474397
-0.045006
-0.042425
-0.0397299
-0.0369602
-0.034161
-0.0313829
-0.0286799
-0.0261086
-0.0237247
-0.0215803
-0.019721
-0.0181817
-0.0169847
-0.0161372
-0.0156308
-0.0154419
-0.0155343
-0.0158622
-0.0163743
-0.0170184
-0.0177403
-0.0184912
-0.0192873
-0.0201643
-0.00905652
-0.00950688
-0.00985633
-0.0101545
-0.0104504
-0.0107585
-0.0110926
-0.0114672
-0.0118949
-0.0123866
-0.0129513
-0.013597
-0.0143304
-0.015157
-0.0160816
-0.017108
-0.018239
-0.0194764
-0.0208213
-0.0222732
-0.0238305
-0.0254901
-0.0272477
-0.0290969
-0.0310301
-0.0330377
-0.0351086
-0.03723
-0.0393877
-0.041566
-0.0437479
-0.0459157
-0.0480507
-0.0501338
-0.0521457
-0.054067
-0.0558789
-0.057563
-0.0591017
-0.0604784
-0.0616778
-0.0626856
-0.0634889
-0.0640763
-0.0644378
-0.0645646
-0.0644496
-0.064087
-0.0634727
-0.062604
-0.0614801
-0.0601025
-0.058475
-0.0566043
-0.0545006
-0.0521784
-0.0496571
-0.0469617
-0.0441233
-0.0411802
-0.0381772
-0.0351659
-0.0322033
-0.0293506
-0.0266702
-0.0242227
-0.022063
-0.0202367
-0.0187761
-0.017697
-0.0169979
-0.0166593
-0.0166459
-0.0169097
-0.0173953
-0.018044
-0.0187946
-0.0195909
-0.020449
-0.0214062
-0.0102745
-0.0107024
-0.0110385
-0.0113305
-0.0116255
-0.0119382
-0.0122824
-0.0126725
-0.0131214
-0.0136397
-0.0142368
-0.0149206
-0.0156978
-0.0165742
-0.0175545
-0.0186426
-0.0198414
-0.0211529
-0.0225778
-0.0241158
-0.0257651
-0.0275225
-0.029383
-0.0313403
-0.0333859
-0.03551
-0.0377006
-0.0399443
-0.0422261
-0.0445294
-0.0468365
-0.0491288
-0.0513868
-0.0535906
-0.0557202
-0.0577558
-0.0596779
-0.0614676
-0.0631072
-0.0645797
-0.0658698
-0.0669629
-0.0678464
-0.0685088
-0.0689398
-0.0691308
-0.0690745
-0.0687646
-0.0681965
-0.0673668
-0.0662736
-0.0649169
-0.0632986
-0.0614234
-0.0592988
-0.0569365
-0.0543528
-0.0515695
-0.0486151
-0.0455252
-0.0423433
-0.0391208
-0.0359163
-0.0327943
-0.0298231
-0.0270711
-0.0246032
-0.0224758
-0.0207325
-0.0193998
-0.0184847
-0.0179739
-0.0178344
-0.0180176
-0.018464
-0.0191091
-0.0198838
-0.0207241
-0.0216452
-0.0226863
-0.0115392
-0.011942
-0.012263
-0.0125475
-0.0128405
-0.0131567
-0.01351
-0.0139148
-0.0143839
-0.014928
-0.0155563
-0.016277
-0.0170968
-0.0180214
-0.0190556
-0.0202035
-0.021468
-0.0228509
-0.0243531
-0.025974
-0.0277118
-0.029563
-0.0315223
-0.0335829
-0.035736
-0.037971
-0.0402754
-0.0426351
-0.0450341
-0.0474553
-0.0498801
-0.052289
-0.0546619
-0.0569781
-0.0592171
-0.0613584
-0.0633822
-0.0652693
-0.0670018
-0.0685626
-0.0699362
-0.0711085
-0.0720666
-0.0727993
-0.0732966
-0.0735499
-0.0735519
-0.0732962
-0.0727779
-0.071993
-0.0709388
-0.069614
-0.068019
-0.0661562
-0.0640307
-0.0616513
-0.0590307
-0.0561873
-0.053146
-0.0499392
-0.0466076
-0.043201
-0.0397783
-0.0364059
-0.0331566
-0.0301059
-0.027328
-0.0248906
-0.0228497
-0.0212439
-0.020091
-0.0193855
-0.0190992
-0.019184
-0.0195776
-0.0202096
-0.0210028
-0.0218849
-0.0228698
-0.0239981
-0.0128442
-0.0132195
-0.0135235
-0.0137992
-0.014089
-0.0144076
-0.0147689
-0.0151873
-0.0156753
-0.0162438
-0.016902
-0.0176578
-0.0185182
-0.0194888
-0.0205746
-0.0217796
-0.0231066
-0.0245576
-0.0261333
-0.0278331
-0.0296549
-0.0315949
-0.0336476
-0.0358058
-0.0380601
-0.0403993
-0.0428104
-0.0452784
-0.0477868
-0.0503175
-0.0528513
-0.0553679
-0.0578464
-0.0602658
-0.0626047
-0.0648423
-0.0669584
-0.0689338
-0.0707502
-0.0723908
-0.0738401
-0.0750841
-0.0761103
-0.0769077
-0.0774668
-0.0777791
-0.0778375
-0.0776359
-0.0771692
-0.076433
-0.0754241
-0.0741402
-0.0725802
-0.0707448
-0.0686367
-0.0662614
-0.0636287
-0.0607528
-0.0576546
-0.0543623
-0.0509131
-0.0473539
-0.0437419
-0.0401441
-0.0366363
-0.0332995
-0.0302168
-0.0274668
-0.0251184
-0.0232238
-0.0218133
-0.0208918
-0.0204378
-0.0204057
-0.0207315
-0.0213397
-0.022145
-0.0230658
-0.0241148
-0.0253332
-0.0141824
-0.0145281
-0.0148137
-0.0150792
-0.0153645
-0.0156843
-0.0160523
-0.0164828
-0.0169882
-0.0175793
-0.0182653
-0.0190541
-0.0199525
-0.0209664
-0.0221007
-0.0233592
-0.0247449
-0.0262598
-0.0279044
-0.029678
-0.0315782
-0.0336012
-0.035741
-0.0379899
-0.0403381
-0.0427738
-0.0452834
-0.0478512
-0.0504599
-0.0530909
-0.055724
-0.0583385
-0.0609127
-0.063425
-0.0658537
-0.0681775
-0.0703761
-0.07243
-0.0743209
-0.0760322
-0.0775486
-0.0788563
-0.0799433
-0.0807991
-0.0814144
-0.0817814
-0.0818932
-0.081744
-0.0813288
-0.0806433
-0.0796839
-0.0784475
-0.0769321
-0.0751365
-0.0730614
-0.0707098
-0.0680876
-0.0652055
-0.0620798
-0.058734
-0.0552008
-0.0515229
-0.0477546
-0.0439618
-0.0402211
-0.036618
-0.0332424
-0.0301837
-0.0275237
-0.025329
-0.0236443
-0.022487
-0.0218449
-0.0216771
-0.0219196
-0.0224923
-0.0233021
-0.0242581
-0.0253706
-0.0266817
-0.0155468
-0.0158612
-0.0161268
-0.0163809
-0.0166604
-0.0169799
-0.0173531
-0.017794
-0.0183149
-0.0189263
-0.0196376
-0.0204566
-0.02139
-0.0224437
-0.0236226
-0.0249305
-0.0263704
-0.027944
-0.029652
-0.0314935
-0.0334659
-0.0355649
-0.0377844
-0.0401162
-0.0425501
-0.0450737
-0.0476727
-0.0503309
-0.0530303
-0.0557514
-0.0584737
-0.0611756
-0.063835
-0.0664297
-0.0689377
-0.0713373
-0.0736081
-0.0757304
-0.0776863
-0.079459
-0.0810336
-0.0823968
-0.0835371
-0.0844442
-0.0851096
-0.085526
-0.085687
-0.0855874
-0.0852223
-0.0845878
-0.0836799
-0.0824954
-0.0810313
-0.0792853
-0.0772562
-0.0749445
-0.072353
-0.0694886
-0.0663629
-0.0629946
-0.0594109
-0.0556497
-0.0517608
-0.0478072
-0.0438646
-0.0400207
-0.0363711
-0.0330144
-0.0300448
-0.027544
-0.0255724
-0.0241623
-0.0233129
-0.0229906
-0.0231334
-0.0236582
-0.0244642
-0.0254507
-0.026626
-0.0280319
-0.01693
-0.0172115
-0.0174559
-0.0176974
-0.0179698
-0.0182875
-0.0186641
-0.0191133
-0.0196473
-0.0202766
-0.0210103
-0.0218561
-0.0228208
-0.0239103
-0.0251292
-0.0264816
-0.0279702
-0.0295969
-0.031362
-0.0332646
-0.0353018
-0.0374693
-0.0397604
-0.0421665
-0.0446771
-0.0472792
-0.0499579
-0.0526964
-0.0554761
-0.058277
-0.0610778
-0.0638564
-0.0665902
-0.0692566
-0.0718332
-0.0742982
-0.0766309
-0.0788119
-0.080823
-0.0826479
-0.0842721
-0.0856825
-0.0868682
-0.0878196
-0.0885286
-0.0889887
-0.0891941
-0.0891401
-0.0888225
-0.0882375
-0.0873814
-0.0862509
-0.0848424
-0.0831529
-0.0811796
-0.078921
-0.076377
-0.0735509
-0.07045
-0.0670878
-0.0634859
-0.0596764
-0.0557035
-0.0516256
-0.0475161
-0.0434623
-0.0395636
-0.035926
-0.0326554
-0.0298482
-0.0275818
-0.0259047
-0.0248306
-0.0243358
-0.0243625
-0.0248261
-0.0256191
-0.026631
-0.0278674
-0.0293697
-0.0183245
-0.018572
-0.0187942
-0.0190218
-0.0192857
-0.0196
-0.019978
-0.0204333
-0.0209778
-0.0216219
-0.0223745
-0.0232433
-0.024235
-0.0253555
-0.0266093
-0.0280005
-0.0295319
-0.031205
-0.0330202
-0.0349764
-0.0370706
-0.0392981
-0.0416519
-0.0441233
-0.0467009
-0.0493715
-0.0521197
-0.0549281
-0.0577775
-0.0606473
-0.0635158
-0.0663603
-0.0691577
-0.0718852
-0.07452
-0.0770402
-0.079425
-0.0816549
-0.0837121
-0.0855805
-0.0872457
-0.0886954
-0.089919
-0.0909075
-0.0916537
-0.0921516
-0.0923961
-0.0923831
-0.0921092
-0.0915711
-0.0907654
-0.0896889
-0.0883381
-0.0867091
-0.0847983
-0.0826024
-0.080119
-0.0773482
-0.0742932
-0.0709625
-0.067372
-0.0635474
-0.0595265
-0.0553619
-0.0511225
-0.0468936
-0.0427757
-0.0388805
-0.0353237
-0.032216
-0.0296516
-0.0276975
-0.0263838
-0.0256995
-0.0255937
-0.0259825
-0.0267526
-0.027784
-0.0290793
-0.0306792
-0.0197229
-0.0199358
-0.0201349
-0.0203476
-0.0206016
-0.0209106
-0.0212879
-0.0217467
-0.0222987
-0.022954
-0.0237216
-0.024609
-0.0256229
-0.026769
-0.028052
-0.0294758
-0.031043
-0.0327554
-0.0346131
-0.0366148
-0.0387573
-0.0410358
-0.0434431
-0.0459698
-0.0486045
-0.0513334
-0.0541406
-0.0570081
-0.0599165
-0.0628444
-0.0657698
-0.0686695
-0.0715201
-0.0742983
-0.0769813
-0.0795469
-0.0819744
-0.0842443
-0.0863389
-0.0882424
-0.0899408
-0.0914223
-0.0926767
-0.0936957
-0.0944727
-0.0950024
-0.0952805
-0.0953037
-0.0950691
-0.0945742
-0.0938161
-0.0927921
-0.0914986
-0.0899317
-0.088087
-0.0859601
-0.0835468
-0.0808442
-0.0778521
-0.0745743
-0.0710209
-0.0672113
-0.0631764
-0.0589618
-0.0546304
-0.0502634
-0.0459603
-0.0418357
-0.0380132
-0.0346165
-0.0317566
-0.0295196
-0.0279544
-0.0270652
-0.0268112
-0.0271114
-0.0278482
-0.0288925
-0.0302441
-0.031942
-0.021118
-0.0212959
-0.0214712
-0.0216681
-0.0219108
-0.0222127
-0.022587
-0.0230465
-0.0236025
-0.0242652
-0.0250433
-0.0259444
-0.026975
-0.0281409
-0.0294466
-0.030896
-0.0324919
-0.0342356
-0.0361275
-0.038166
-0.0403479
-0.0426679
-0.0451188
-0.0476909
-0.0503723
-0.0531489
-0.0560044
-0.0589205
-0.061877
-0.0648525
-0.0678242
-0.0707688
-0.0736625
-0.0764817
-0.0792034
-0.0818054
-0.0842668
-0.0865684
-0.0886925
-0.0906236
-0.0923481
-0.0938545
-0.0951332
-0.0961765
-0.0969784
-0.0975343
-0.0978406
-0.0978948
-0.0976948
-0.0972388
-0.0965246
-0.0955499
-0.0943117
-0.0928061
-0.0910285
-0.0889737
-0.086636
-0.0840106
-0.0810939
-0.0778857
-0.074391
-0.0706225
-0.0666042
-0.062374
-0.0579875
-0.0535201
-0.0490679
-0.0447459
-0.0406834
-0.0370147
-0.0338671
-0.0313459
-0.0295206
-0.0284135
-0.0279964
-0.0281942
-0.0288868
-0.0299369
-0.0313415
-0.0331376
-0.0225027
-0.0226457
-0.022797
-0.0229771
-0.0232071
-0.0235001
-0.0238688
-0.0243258
-0.0248822
-0.025548
-0.0263318
-0.0272411
-0.0282824
-0.0294615
-0.030783
-0.0322506
-0.033867
-0.0356339
-0.0375511
-0.0396173
-0.0418289
-0.0441808
-0.0466652
-0.0492723
-0.05199
-0.0548038
-0.0576971
-0.0606511
-0.0636454
-0.066658
-0.069666
-0.0726456
-0.0755729
-0.078424
-0.0811757
-0.0838057
-0.0862933
-0.088619
-0.0907657
-0.0927177
-0.094462
-0.0959874
-0.0972847
-0.0983468
-0.0991682
-0.099745
-0.100074
-0.100155
-0.0999843
-0.0995624
-0.0988876
-0.0979583
-0.0967719
-0.0953249
-0.0936129
-0.0916302
-0.0893705
-0.0868271
-0.083994
-0.0808675
-0.0774478
-0.0737419
-0.0697663
-0.0655513
-0.0611443
-0.0566133
-0.0520488
-0.0475639
-0.0432906
-0.0393718
-0.0359491
-0.0331472
-0.031057
-0.0297211
-0.0291275
-0.0292095
-0.0298469
-0.0308952
-0.0323488
-0.0342429
-0.0238704
-0.0239791
-0.0241062
-0.0242689
-0.0244849
-0.0247669
-0.0251274
-0.0255786
-0.0261313
-0.0267954
-0.0275795
-0.0284911
-0.0295366
-0.0307219
-0.0320515
-0.0335293
-0.0351579
-0.036939
-0.0388724
-0.0409567
-0.0431884
-0.045562
-0.0480697
-0.0507015
-0.0534451
-0.0562856
-0.0592062
-0.0621879
-0.0652099
-0.0682499
-0.0712846
-0.0742901
-0.0772422
-0.0801168
-0.0828906
-0.0855413
-0.088048
-0.0903915
-0.0925545
-0.0945218
-0.0962805
-0.0978197
-0.0991307
-0.100207
-0.101043
-0.101636
-0.101984
-0.102086
-0.10194
-0.101547
-0.100907
-0.100018
-0.098879
-0.0974865
-0.0958366
-0.0939237
-0.0917411
-0.0892809
-0.0865355
-0.0834981
-0.0801649
-0.0765375
-0.0726259
-0.0684523
-0.0640555
-0.059495
-0.0548542
-0.0502417
-0.0457893
-0.0416459
-0.0379654
-0.0348906
-0.0325343
-0.0309618
-0.0301797
-0.0301329
-0.0307039
-0.0317424
-0.033241
-0.0352322
-0.025215
-0.0252903
-0.0253934
-0.0255381
-0.0257389
-0.0260079
-0.0263574
-0.0267991
-0.0273438
-0.0280012
-0.0287798
-0.0296871
-0.0307298
-0.0319136
-0.0332433
-0.0347228
-0.0363547
-0.0381407
-0.0400808
-0.0421735
-0.0444152
-0.0468003
-0.0493211
-0.0519673
-0.0547265
-0.0575836
-0.0605215
-0.063521
-0.0665611
-0.0696192
-0.0726719
-0.0756948
-0.0786637
-0.0815544
-0.0843433
-0.0870082
-0.089528
-0.0918837
-0.0940579
-0.0960358
-0.0978044
-0.0993532
-0.100674
-0.10176
-0.102607
-0.103213
-0.103575
-0.103693
-0.103568
-0.1032
-0.102589
-0.101735
-0.100638
-0.0992945
-0.0977017
-0.0958542
-0.0937451
-0.0913663
-0.0887086
-0.0857632
-0.0825231
-0.078985
-0.0751529
-0.0710415
-0.0666809
-0.0621214
-0.0574377
-0.052732
-0.0481333
-0.0437933
-0.0398756
-0.0365397
-0.03392
-0.0321057
-0.0311248
-0.0309373
-0.0314307
-0.0324512
-0.0339901
-0.0360773
-0.0265309
-0.0265742
-0.0266538
-0.0267801
-0.0269645
-0.0272185
-0.027554
-0.0279825
-0.0285145
-0.0291595
-0.0299263
-0.0308225
-0.0318548
-0.0330291
-0.0343503
-0.0358224
-0.0374484
-0.0392298
-0.0411668
-0.0432578
-0.0454994
-0.0478859
-0.0504096
-0.0530602
-0.0558249
-0.0586888
-0.0616344
-0.0646425
-0.0676917
-0.0707593
-0.0738218
-0.0768546
-0.0798332
-0.0827333
-0.0855313
-0.0882048
-0.0907328
-0.0930961
-0.0952775
-0.097262
-0.0990371
-0.100592
-0.101919
-0.103013
-0.103868
-0.104482
-0.104855
-0.104986
-0.104877
-0.104529
-0.103942
-0.103118
-0.102057
-0.100757
-0.0992148
-0.0974266
-0.0953855
-0.0930832
-0.0905101
-0.0876557
-0.0845103
-0.081067
-0.0773243
-0.0732901
-0.068986
-0.064453
-0.0597562
-0.0549893
-0.0502764
-0.045769
-0.0416374
-0.0380553
-0.0351782
-0.0331197
-0.0319316
-0.0315922
-0.0319971
-0.0329912
-0.0345655
-0.0367473
-0.0278132
-0.0278262
-0.0278832
-0.0279909
-0.0281578
-0.0283947
-0.0287133
-0.0291244
-0.0296387
-0.0302655
-0.0310138
-0.0318914
-0.0329052
-0.0340613
-0.0353651
-0.0368205
-0.0384308
-0.0401977
-0.0421216
-0.0442009
-0.0464323
-0.0488103
-0.0513269
-0.053972
-0.0567327
-0.059594
-0.0625383
-0.0655462
-0.0685963
-0.0716658
-0.0747307
-0.0777666
-0.0807487
-0.0836526
-0.0864546
-0.0891322
-0.0916642
-0.0940314
-0.0962168
-0.0982052
-0.0999842
-0.101543
-0.102875
-0.103972
-0.104833
-0.105454
-0.105834
-0.105976
-0.105879
-0.105546
-0.104979
-0.10418
-0.103148
-0.101884
-0.100386
-0.0986501
-0.0966696
-0.094437
-0.0919422
-0.089174
-0.0861208
-0.0827728
-0.079124
-0.075176
-0.0709428
-0.066456
-0.0617707
-0.0569712
-0.052174
-0.0475279
-0.0432068
-0.0393959
-0.0362702
-0.0339677
-0.0325659
-0.0320643
-0.0323701
-0.033329
-0.0349335
-0.0372084
-0.0290574
-0.0290426
-0.029078
-0.0291672
-0.0293156
-0.0295334
-0.0298318
-0.0302215
-0.0307126
-0.031315
-0.0320376
-0.0328886
-0.0338754
-0.0350044
-0.0362811
-0.0377101
-0.0392948
-0.0410372
-0.0429378
-0.0449953
-0.0472066
-0.0495661
-0.052066
-0.0546961
-0.0574437
-0.0602936
-0.0632283
-0.0662281
-0.0692716
-0.0723359
-0.0753969
-0.07843
-0.0814103
-0.0843133
-0.0871151
-0.089793
-0.092326
-0.0946945
-0.0968815
-0.0988718
-0.100653
-0.102214
-0.103548
-0.104649
-0.105513
-0.106139
-0.106525
-0.106674
-0.106586
-0.106265
-0.105713
-0.104933
-0.103925
-0.102691
-0.101229
-0.099537
-0.0976085
-0.0954367
-0.0930118
-0.090322
-0.0873548
-0.0840979
-0.080542
-0.0766834
-0.0725291
-0.068102
-0.0634471
-0.0586384
-0.0537835
-0.0490256
-0.0445392
-0.0405183
-0.0371546
-0.0346104
-0.0329901
-0.032317
-0.0325133
-0.0334284
-0.0350578
-0.037424
-0.0302601
-0.0302203
-0.0302355
-0.0303065
-0.0304355
-0.0306323
-0.0309073
-0.0312709
-0.0317333
-0.0323045
-0.0329938
-0.0338099
-0.0347605
-0.0358528
-0.0370926
-0.0384851
-0.040034
-0.0417416
-0.0436089
-0.0456346
-0.0478159
-0.0501474
-0.0526213
-0.0552277
-0.0579536
-0.060784
-0.0637013
-0.0666859
-0.0697162
-0.0727692
-0.0758207
-0.078846
-0.0818202
-0.0847184
-0.0875167
-0.0901923
-0.0927238
-0.0950918
-0.0972789
-0.09927
-0.101052
-0.102615
-0.103951
-0.105055
-0.105921
-0.10655
-0.10694
-0.107094
-0.107013
-0.106701
-0.10616
-0.105394
-0.104404
-0.103193
-0.10176
-0.100102
-0.0982162
-0.0960951
-0.0937294
-0.0911078
-0.0882169
-0.0850431
-0.0815742
-0.0778025
-0.0737289
-0.0693684
-0.0647563
-0.059956
-0.055065
-0.050219
-0.0455902
-0.0413777
-0.037788
-0.035006
-0.0331637
-0.0323106
-0.0323873
-0.0332497
-0.0348984
-0.0373543
-0.0314186
-0.031357
-0.0313539
-0.0314071
-0.0315162
-0.0316899
-0.0319381
-0.0322709
-0.0326986
-0.0332315
-0.0338794
-0.0346515
-0.0355566
-0.0366021
-0.0377948
-0.0391404
-0.0406431
-0.0423057
-0.0441294
-0.0461135
-0.0482553
-0.0505496
-0.0529888
-0.0555629
-0.0582594
-0.0610629
-0.063956
-0.066919
-0.0699303
-0.0729668
-0.0760042
-0.0790177
-0.0819821
-0.0848726
-0.087665
-0.0903363
-0.092865
-0.0952314
-0.097418
-0.0994093
-0.101193
-0.102757
-0.104095
-0.1052
-0.10607
-0.106701
-0.107095
-0.107252
-0.107176
-0.106869
-0.106335
-0.105579
-0.104602
-0.103406
-0.101994
-0.100362
-0.0985087
-0.096427
-0.0941088
-0.0915428
-0.0887157
-0.0856132
-0.0822212
-0.0785287
-0.0745316
-0.0702378
-0.0656741
-0.0608932
-0.055982
-0.051067
-0.0463155
-0.0419289
-0.0381252
-0.0351101
-0.0330432
-0.0320023
-0.0319492
-0.0327499
-0.0344123
-0.0369563
-0.032531
-0.0324514
-0.0324322
-0.0324683
-0.0325569
-0.0327055
-0.0329235
-0.0332205
-0.0336072
-0.0340941
-0.0346919
-0.0354108
-0.0362601
-0.0372485
-0.0383835
-0.0396715
-0.0411174
-0.0427246
-0.0444949
-0.0464278
-0.0485209
-0.0507692
-0.0531655
-0.0556998
-0.0583596
-0.0611297
-0.0639926
-0.0669285
-0.0699159
-0.0729316
-0.0759512
-0.0789496
-0.0819017
-0.0847824
-0.0875673
-0.0902332
-0.0927584
-0.0951229
-0.0973089
-0.0993008
-0.101085
-0.102652
-0.103992
-0.1051
-0.105972
-0.106606
-0.107003
-0.107163
-0.10709
-0.106786
-0.106257
-0.105505
-0.104536
-0.10335
-0.10195
-0.100335
-0.0985036
-0.0964496
-0.0941655
-0.0916411
-0.0888632
-0.0858171
-0.0824878
-0.0788618
-0.0749312
-0.0706981
-0.0661812
-0.0614237
-0.0565014
-0.0515307
-0.0466721
-0.0421262
-0.0381193
-0.0348758
-0.032582
-0.0313456
-0.0311526
-0.0318824
-0.0335526
-0.0361835
-0.0335963
-0.033503
-0.0334703
-0.0334904
-0.0335581
-0.0336796
-0.0338636
-0.0341196
-0.0344584
-0.0348913
-0.0354299
-0.0360854
-0.0368684
-0.0377888
-0.0388551
-0.0400747
-0.0414532
-0.0429948
-0.0447018
-0.0465742
-0.0486098
-0.0508042
-0.05315
-0.0556376
-0.0582544
-0.0609853
-0.0638128
-0.0667172
-0.0696768
-0.0726682
-0.0756671
-0.0786483
-0.0815863
-0.0844558
-0.0872324
-0.0898925
-0.0924142
-0.0947771
-0.0969632
-0.0989566
-0.100744
-0.102313
-0.103657
-0.104769
-0.105644
-0.106282
-0.106681
-0.106843
-0.106772
-0.10647
-0.105942
-0.105193
-0.104225
-0.103043
-0.101648
-0.100041
-0.0982199
-0.096181
-0.0939172
-0.0914188
-0.0886733
-0.0856662
-0.0823819
-0.0788055
-0.0749261
-0.0707412
-0.0662627
-0.0615249
-0.0565934
-0.0515738
-0.0466181
-0.0419236
-0.0377221
-0.0342537
-0.0317305
-0.0302907
-0.0299474
-0.0305965
-0.0322685
-0.0349851
-0.0346142
-0.0345122
-0.0344691
-0.0344746
-0.034521
-0.0346134
-0.0347595
-0.0349688
-0.0352524
-0.0356226
-0.0360921
-0.0366737
-0.0373795
-0.0382206
-0.0392069
-0.040347
-0.0416475
-0.0431134
-0.0447475
-0.0465505
-0.0485206
-0.0506534
-0.0529421
-0.0553768
-0.0579451
-0.0606321
-0.0634201
-0.0662894
-0.0692181
-0.0721829
-0.0751592
-0.0781216
-0.0810445
-0.0839025
-0.0866707
-0.0893253
-0.0918441
-0.0942064
-0.0963938
-0.09839
-0.100181
-0.101756
-0.103105
-0.104221
-0.105102
-0.105743
-0.106146
-0.106311
-0.106241
-0.105939
-0.10541
-0.104659
-0.103689
-0.102504
-0.101107
-0.0994982
-0.0976773
-0.0956407
-0.0933823
-0.0908933
-0.088162
-0.0851742
-0.0819142
-0.0783665
-0.074518
-0.0703629
-0.0659074
-0.0611783
-0.0562314
-0.0511621
-0.0461127
-0.0412753
-0.0368841
-0.0331923
-0.0304359
-0.028784
-0.0282791
-0.0288372
-0.0305048
-0.0333064
-0.0355857
-0.0354807
-0.0354307
-0.0354231
-0.0354481
-0.0355091
-0.0356132
-0.0357696
-0.0359901
-0.0362882
-0.0366782
-0.0371747
-0.0377916
-0.0385416
-0.0394365
-0.0404859
-0.0416978
-0.043078
-0.0446302
-0.0463555
-0.0482525
-0.0503171
-0.0525426
-0.0549193
-0.0574348
-0.060074
-0.0628194
-0.0656509
-0.0685467
-0.0714834
-0.074436
-0.0773791
-0.0802868
-0.0831334
-0.0858938
-0.0885439
-0.091061
-0.0934243
-0.0956147
-0.0976156
-0.0994126
-0.100994
-0.10235
-0.103474
-0.104361
-0.105008
-0.105415
-0.105583
-0.105514
-0.105212
-0.10468
-0.103924
-0.102947
-0.101754
-0.100347
-0.0987278
-0.0968959
-0.0948485
-0.0925803
-0.0900832
-0.0873463
-0.084356
-0.081097
-0.0775534
-0.0737111
-0.0695616
-0.0651072
-0.0603681
-0.0553919
-0.0502638
-0.0451165
-0.0401354
-0.0355545
-0.0316374
-0.0286418
-0.0267676
-0.0260887
-0.0265445
-0.028201
-0.0310873
-0.0365123
-0.0364108
-0.0363581
-0.0363394
-0.0363428
-0.0363702
-0.0364274
-0.0365241
-0.0366728
-0.0368887
-0.0371881
-0.0375876
-0.0381033
-0.0387503
-0.0395418
-0.0404894
-0.0416023
-0.0428874
-0.044349
-0.0459888
-0.047806
-0.0497965
-0.0519539
-0.0542684
-0.0567275
-0.0593163
-0.0620168
-0.064809
-0.0676709
-0.0705788
-0.0735076
-0.0764316
-0.0793247
-0.082161
-0.0849148
-0.087562
-0.0900793
-0.0924455
-0.0946411
-0.096649
-0.0984544
-0.100045
-0.10141
-0.102544
-0.103439
-0.104094
-0.104506
-0.104678
-0.10461
-0.104307
-0.103771
-0.103007
-0.10202
-0.100813
-0.0993892
-0.0977503
-0.0958963
-0.0938247
-0.0915309
-0.0890075
-0.086244
-0.0832278
-0.0799439
-0.0763766
-0.0725114
-0.0683383
-0.0638565
-0.0590813
-0.0540533
-0.0488487
-0.0435908
-0.0384575
-0.0336808
-0.0295318
-0.0262879
-0.024179
-0.0233119
-0.0236528
-0.0252909
-0.0282621
-0.0373969
-0.0373065
-0.0372558
-0.0372282
-0.0372099
-0.0372008
-0.037206
-0.0372353
-0.0373027
-0.0374253
-0.0376219
-0.0379117
-0.0383136
-0.038845
-0.0395214
-0.0403561
-0.0413598
-0.0425405
-0.0439035
-0.0454511
-0.0471825
-0.0490941
-0.0511794
-0.0534285
-0.0558291
-0.0583656
-0.0610202
-0.0637727
-0.0666006
-0.06948
-0.0723858
-0.0752918
-0.0781717
-0.0809991
-0.0837484
-0.0863946
-0.0889144
-0.091286
-0.0934894
-0.095507
-0.0973235
-0.0989259
-0.100304
-0.101448
-0.102355
-0.103019
-0.103439
-0.103616
-0.10355
-0.103244
-0.102703
-0.101929
-0.100928
-0.0997015
-0.098254
-0.0965865
-0.0946992
-0.0925899
-0.0902542
-0.0876852
-0.0848731
-0.0818058
-0.0784689
-0.0748472
-0.0709262
-0.0666952
-0.0621513
-0.0573065
-0.0521958
-0.0468879
-0.0414975
-0.0361949
-0.0312087
-0.0268154
-0.0233095
-0.0209502
-0.0198783
-0.0200899
-0.0217015
-0.0247585
-0.0382433
-0.0381727
-0.0381297
-0.0380956
-0.0380553
-0.0380064
-0.0379535
-0.0379068
-0.0378821
-0.0378993
-0.0379799
-0.0381467
-0.0384214
-0.0388244
-0.0393737
-0.0400846
-0.0409694
-0.0420373
-0.0432945
-0.0447437
-0.0463846
-0.0482135
-0.0502239
-0.0524058
-0.0547464
-0.0572303
-0.059839
-0.0625521
-0.065347
-0.0681993
-0.0710836
-0.0739734
-0.0768421
-0.0796631
-0.0824102
-0.0850581
-0.0875831
-0.0899629
-0.092177
-0.0942074
-0.0960379
-0.0976552
-0.0990479
-0.100207
-0.101127
-0.101803
-0.102232
-0.102415
-0.102351
-0.102044
-0.101496
-0.10071
-0.0996907
-0.0984405
-0.0969622
-0.0952571
-0.0933252
-0.0911642
-0.08877
-0.0861356
-0.0832518
-0.0801067
-0.0766867
-0.0729769
-0.0689634
-0.0646351
-0.0599886
-0.0550335
-0.0498007
-0.0443532
-0.0387985
-0.0332996
-0.0280813
-0.0234238
-0.0196368
-0.017007
-0.0157104
-0.0157759
-0.0173519
-0.0204959
-0.0390565
-0.0390162
-0.0389874
-0.0389496
-0.0388865
-0.0387938
-0.0386753
-0.0385426
-0.0384138
-0.0383119
-0.0382625
-0.0382919
-0.0384256
-0.0386872
-0.0390974
-0.0396739
-0.0404307
-0.0413782
-0.0425233
-0.0438692
-0.0454158
-0.0471595
-0.0490934
-0.0512073
-0.0534882
-0.0559199
-0.058484
-0.0611594
-0.063923
-0.0667504
-0.0696156
-0.0724919
-0.0753522
-0.0781695
-0.0809173
-0.0835701
-0.0861034
-0.0884945
-0.0907226
-0.0927689
-0.0946167
-0.096252
-0.0976629
-0.0988399
-0.0997758
-0.100466
-0.100906
-0.101096
-0.101036
-0.100727
-0.100171
-0.0993709
-0.0983299
-0.0970504
-0.0955344
-0.0937827
-0.0917946
-0.0895679
-0.0870978
-0.0843775
-0.0813976
-0.0781467
-0.0746112
-0.0707771
-0.0666307
-0.0621615
-0.0573658
-0.0522523
-0.0468496
-0.0412165
-0.0354549
-0.0297219
-0.0242388
-0.0192883
-0.0151936
-0.012268
-0.0107225
-0.0106219
-0.0121518
-0.0153849
-0.0398431
-0.0398455
-0.0398386
-0.0397999
-0.0397129
-0.0395711
-0.0393781
-0.0391475
-0.0389006
-0.0386646
-0.0384696
-0.0383464
-0.0383247
-0.0384318
-0.0386914
-0.0391235
-0.0397439
-0.0405642
-0.0415921
-0.0428311
-0.0442811
-0.0459384
-0.0477955
-0.0498421
-0.0520644
-0.0544459
-0.0569676
-0.0596078
-0.0623432
-0.0651487
-0.067998
-0.0708639
-0.0737192
-0.0765362
-0.0792883
-0.0819492
-0.0844942
-0.0869002
-0.0891456
-0.0912112
-0.0930797
-0.0947362
-0.0961683
-0.0973658
-0.0983205
-0.0990267
-0.0994805
-0.0996796
-0.0996234
-0.0993123
-0.0987477
-0.0979314
-0.0968654
-0.0955515
-0.0939907
-0.0921831
-0.0901273
-0.0878202
-0.0852565
-0.082429
-0.0793278
-0.0759414
-0.0722564
-0.0682589
-0.0639358
-0.0592774
-0.0542803
-0.0489533
-0.043324
-0.0374492
-0.0314269
-0.0254102
-0.0196176
-0.0143346
-0.00989676
-0.00664257
-0.00481863
-0.0045281
-0.0059994
-0.00932439
-0.040611
-0.0406723
-0.0406957
-0.0406589
-0.0405459
-0.040348
-0.0400693
-0.0397267
-0.0393456
-0.0389586
-0.038601
-0.0383091
-0.0381172
-0.0380566
-0.0381544
-0.0384328
-0.0389095
-0.0395973
-0.0405042
-0.0416341
-0.0429867
-0.0445577
-0.0463394
-0.0483205
-0.0504869
-0.0528212
-0.0553038
-0.0579125
-0.0606234
-0.0634109
-0.0662482
-0.0691078
-0.0719618
-0.0747824
-0.0775424
-0.0802153
-0.0827757
-0.0852001
-0.0874664
-0.0895547
-0.0914471
-0.0931283
-0.0945847
-0.0958054
-0.0967817
-0.0975066
-0.0979755
-0.098185
-0.0981335
-0.0978204
-0.0972461
-0.0964112
-0.0953167
-0.0939631
-0.0923504
-0.0904776
-0.0883421
-0.0859397
-0.0832643
-0.0803074
-0.0770587
-0.0735058
-0.0696351
-0.0654328
-0.060886
-0.0559855
-0.0507292
-0.0451264
-0.0392052
-0.033022
-0.0266732
-0.02031
-0.0141499
-0.00848202
-0.00365437
-2.99741e-05
0.00210904
0.00261848
0.00122081
-0.00219991
-0.0413719
-0.0415105
-0.0415748
-0.0415425
-0.0413995
-0.041136
-0.0407579
-0.040286
-0.0397519
-0.0391946
-0.0386561
-0.0381783
-0.0378011
-0.03756
-0.0374854
-0.037602
-0.0379291
-0.0384803
-0.0392642
-0.0402844
-0.0415402
-0.0430268
-0.0447357
-0.0466548
-0.0487691
-0.0510604
-0.0535084
-0.0560902
-0.0587812
-0.0615553
-0.0643851
-0.0672428
-0.0700999
-0.0729283
-0.0757003
-0.078389
-0.0809686
-0.0834151
-0.0857058
-0.0878202
-0.0897399
-0.0914487
-0.0929324
-0.0941792
-0.0951794
-0.0959252
-0.0964107
-0.0966318
-0.0965856
-0.0962703
-0.095685
-0.0948291
-0.0937022
-0.0923035
-0.0906316
-0.088684
-0.0864566
-0.0839437
-0.0811378
-0.0780289
-0.0746054
-0.0708539
-0.0667598
-0.0623087
-0.0574878
-0.0522885
-0.0467094
-0.0407615
-0.0344741
-0.0279049
-0.0211512
-0.0143641
-0.00776318
-0.00164286
0.00363524
0.00768314
0.0101829
0.010947
0.00964122
0.00611966
-0.04214
-0.0423796
-0.0424969
-0.0424707
-0.0422914
-0.0419493
-0.0414537
-0.0408316
-0.0401225
-0.0393733
-0.0386334
-0.037952
-0.0373742
-0.0369402
-0.0366837
-0.0366317
-0.0368048
-0.0372173
-0.0378778
-0.0387895
-0.0399511
-0.0413568
-0.0429971
-0.044859
-0.0469263
-0.0491801
-0.051599
-0.0541593
-0.0568358
-0.0596016
-0.0624291
-0.0652896
-0.0681545
-0.0709951
-0.0737833
-0.0764918
-0.0790944
-0.0815664
-0.0838849
-0.0860288
-0.0879788
-0.089718
-0.0912316
-0.0925069
-0.093533
-0.0943014
-0.094805
-0.0950385
-0.0949977
-0.0946796
-0.0940817
-0.0932022
-0.0920389
-0.0905895
-0.0888509
-0.0868186
-0.0844868
-0.081848
-0.0788924
-0.0756084
-0.0719823
-0.0679988
-0.0636419
-0.0588962
-0.0537481
-0.048189
-0.0422185
-0.035849
-0.0291123
-0.0220683
-0.0148171
-0.0075132
-0.000380312
0.00627841
0.0120851
0.0166249
0.0195432
0.0206064
0.0194153
0.015786
-0.0429348
-0.0433055
-0.0434897
-0.0434694
-0.0432438
-0.0428051
-0.0421687
-0.0413708
-0.0404606
-0.0394947
-0.0385316
-0.0376277
-0.0368342
-0.0361958
-0.0357493
-0.0355236
-0.0355404
-0.0358141
-0.0363529
-0.0371593
-0.038231
-0.039561
-0.0411385
-0.0429493
-0.044976
-0.0471986
-0.0495946
-0.0521396
-0.0548076
-0.0575709
-0.0604014
-0.0632699
-0.0661473
-0.0690046
-0.0718131
-0.0745453
-0.0771744
-0.0796755
-0.0820249
-0.0842009
-0.0861839
-0.087956
-0.0895016
-0.0908072
-0.0918609
-0.0926531
-0.0931756
-0.0934218
-0.0933861
-0.093064
-0.0924517
-0.0915455
-0.0903415
-0.0888356
-0.0870224
-0.0848955
-0.0824469
-0.0796664
-0.076542
-0.0730593
-0.0692022
-0.0649529
-0.060293
-0.055205
-0.0496741
-0.0436909
-0.0372553
-0.0303812
-0.0231029
-0.0154839
-0.00762838
0.00030331
0.00807964
0.0153849
0.0218206
0.0269409
0.0303516
0.0317707
0.0307233
0.0269769
-0.0437837
-0.044324
-0.0445905
-0.0445728
-0.0442848
-0.0437247
-0.0429174
-0.0419116
-0.0407694
-0.039559
-0.0383487
-0.037203
-0.0361792
-0.0353261
-0.0346832
-0.0342809
-0.0341412
-0.0342782
-0.0346993
-0.0354057
-0.0363937
-0.0376548
-0.0391768
-0.0409439
-0.0429374
-0.045136
-0.0475162
-0.0500527
-0.0527184
-0.0554853
-0.0583243
-0.0612059
-0.0641006
-0.0669788
-0.0698117
-0.0725711
-0.07523
-0.077763
-0.0801459
-0.0823565
-0.0843743
-0.0861811
-0.0877603
-0.0890973
-0.0901796
-0.0909961
-0.0915376
-0.0917961
-0.0917646
-0.0914371
-0.0908079
-0.0898716
-0.0886223
-0.0870536
-0.085158
-0.0829266
-0.0803485
-0.0774109
-0.0740985
-0.0703939
-0.0662775
-0.0617283
-0.0567246
-0.051246
-0.0452751
-0.0388009
-0.0318225
-0.0243547
-0.0164339
-0.00812762
0.000454275
0.00914429
0.0176992
0.0257864
0.0329802
0.0387967
0.0427966
0.0446455
0.0437798
0.0399033
-0.044726
-0.0454849
-0.0458504
-0.0458262
-0.0454509
-0.0447346
-0.043717
-0.0424638
-0.0410531
-0.0395664
-0.0380833
-0.0366761
-0.0354081
-0.0343317
-0.0334882
-0.0329088
-0.032615
-0.03262
-0.0329295
-0.0335433
-0.0344557
-0.0356564
-0.0371313
-0.0388632
-0.0408317
-0.0430143
-0.0453862
-0.0479211
-0.0505911
-0.0533674
-0.0562204
-0.0591202
-0.0620365
-0.0649397
-0.0678003
-0.07059
-0.0732814
-0.0758485
-0.0782667
-0.0805134
-0.0825675
-0.0844099
-0.0860232
-0.0873921
-0.0885029
-0.0893436
-0.0899035
-0.0901732
-0.0901444
-0.0898092
-0.0891602
-0.08819
-0.0868904
-0.0852528
-0.083267
-0.0809211
-0.0782013
-0.0750914
-0.0715725
-0.0676233
-0.0632201
-0.0583377
-0.0529501
-0.0470326
-0.0405642
-0.0335306
-0.025929
-0.0177734
-0.00910158
1.55884e-05
0.00946237
0.0190622
0.0285585
0.037596
0.0457143
0.0523803
0.0570991
0.059477
0.0588449
0.0548206
-0.0458194
-0.04686
-0.0473405
-0.0472907
-0.04679
-0.045869
-0.0445894
-0.0430396
-0.0413169
-0.0395184
-0.0377348
-0.0360466
-0.0345218
-0.0332155
-0.0321698
-0.0314154
-0.0309726
-0.0308526
-0.0310591
-0.0315896
-0.032436
-0.0335861
-0.0350236
-0.0367295
-0.0386819
-0.0408566
-0.0432279
-0.0457681
-0.0484488
-0.0512403
-0.0541124
-0.0570347
-0.0599766
-0.0629079
-0.0657991
-0.0686214
-0.071347
-0.0739496
-0.0764042
-0.0786876
-0.0807782
-0.0826561
-0.0843033
-0.0857035
-0.086842
-0.0877056
-0.0882824
-0.0885616
-0.0885331
-0.0881876
-0.0875154
-0.0865071
-0.0851523
-0.0834395
-0.0813557
-0.078886
-0.076013
-0.0727166
-0.0689738
-0.0647587
-0.0600429
-0.0547957
-0.0489858
-0.042583
-0.0355609
-0.0279002
-0.019594
-0.0106537
-0.00111626
0.00894575
0.0194118
0.0300963
0.0407278
0.050925
0.0601827
0.0679038
0.0735199
0.0765647
0.0762403
0.0720454
-0.047151
-0.0485535
-0.0491609
-0.0490497
-0.048365
-0.0471713
-0.045562
-0.0436543
-0.0415685
-0.0394179
-0.0373047
-0.0353161
-0.0335236
-0.0319832
-0.0307365
-0.0298122
-0.0292281
-0.0289927
-0.0291068
-0.029565
-0.0303566
-0.0314668
-0.0328773
-0.0345668
-0.036512
-0.0386871
-0.041065
-0.0436173
-0.0463145
-0.0491262
-0.0520217
-0.0549701
-0.0579406
-0.0609025
-0.0638261
-0.0666821
-0.0694428
-0.0720812
-0.0745721
-0.0768918
-0.079018
-0.0809304
-0.0826102
-0.0840401
-0.0852044
-0.0860888
-0.0866802
-0.0869663
-0.0869354
-0.0865762
-0.0858772
-0.0848266
-0.0834115
-0.0816176
-0.0794288
-0.0768267
-0.0737901
-0.0702946
-0.0663125
-0.0618128
-0.0567612
-0.0511209
-0.0448541
-0.0379234
-0.0302951
-0.0219429
-0.012853
-0.0030311
0.00748976
0.0186386
0.0302931
0.042261
0.0542563
0.0658724
0.0765474
0.0856015
0.0923662
0.0962779
0.0963737
0.0919815
-0.0488542
-0.0507198
-0.0514543
-0.0512173
-0.0502591
-0.0486977
-0.0466696
-0.044328
-0.0418184
-0.0392708
-0.0367972
-0.0344896
-0.0324204
-0.0306446
-0.0292008
-0.0281144
-0.0273993
-0.0270603
-0.0270943
-0.0274925
-0.0282413
-0.029323
-0.030717
-0.0323998
-0.0343464
-0.0365296
-0.038921
-0.0414911
-0.0442096
-0.0470457
-0.0499679
-0.052945
-0.0559459
-0.0589397
-0.0618962
-0.0647862
-0.0675814
-0.0702548
-0.0727808
-0.0751351
-0.0772951
-0.0792399
-0.0809498
-0.0824068
-0.0835942
-0.0844967
-0.0850997
-0.0853895
-0.0853529
-0.0849765
-0.0842469
-0.0831499
-0.0816699
-0.0797897
-0.0774898
-0.0747483
-0.0715396
-0.0678349
-0.0636012
-0.0588016
-0.0533956
-0.0473392
-0.0405866
-0.0330918
-0.0248119
-0.0157105
-0.00576416
0.00503148
0.0166521
0.0290336
0.0420573
0.0555303
0.0691577
0.0825055
0.0949575
0.105724
0.114
0.119079
0.119775
0.115165
-0.0511388
-0.0535905
-0.0544253
-0.0539496
-0.0525814
-0.0505187
-0.0479549
-0.0450847
-0.0420798
-0.0390852
-0.036219
-0.0335745
-0.0312221
-0.0292121
-0.0275782
-0.0263403
-0.0255068
-0.0250776
-0.0250451
-0.0253967
-0.026115
-0.0271796
-0.0285673
-0.0302526
-0.0322084
-0.0344064
-0.036817
-0.0394096
-0.0421532
-0.0450164
-0.0479674
-0.0509745
-0.0540063
-0.0570318
-0.0600207
-0.0629434
-0.0657716
-0.068478
-0.0710366
-0.073423
-0.0756139
-0.0775879
-0.0793247
-0.0808055
-0.0820128
-0.0829299
-0.0835411
-0.0838313
-0.0837855
-0.0833886
-0.082625
-0.081478
-0.0799294
-0.0779589
-0.0755438
-0.0726579
-0.0692716
-0.0653509
-0.0608575
-0.0557483
-0.0499754
-0.0434871
-0.0362284
-0.0281433
-0.019177
-0.00928088
0.00158295
0.0134335
0.0262618
0.0400183
0.0545974
0.0698152
0.0853788
0.100837
0.115518
0.128529
0.138843
0.145552
0.147151
0.142342
-0.0543423
-0.0575187
-0.0583672
-0.057457
-0.05547
-0.0527185
-0.0494651
-0.0459487
-0.0423648
-0.0388673
-0.0355754
-0.032578
-0.0299382
-0.0276987
-0.0258847
-0.0245083
-0.0235711
-0.0230666
-0.0229823
-0.0233007
-0.024001
-0.0250595
-0.0264504
-0.0281463
-0.0301183
-0.0323367
-0.0347707
-0.0373892
-0.0401602
-0.043052
-0.0460323
-0.0490693
-0.0521313
-0.0551872
-0.0582066
-0.0611598
-0.0640183
-0.0667546
-0.0693427
-0.0717575
-0.0739758
-0.0759754
-0.0777354
-0.0792363
-0.0804597
-0.0813879
-0.0820039
-0.0822913
-0.0822334
-0.0818132
-0.081013
-0.0798138
-0.0781945
-0.0761319
-0.0735996
-0.0705678
-0.0670021
-0.0628637
-0.0581084
-0.0526865
-0.0465429
-0.039617
-0.0318438
-0.0231557
-0.0134843
-0.00276504
0.00905823
0.0220255
0.0361512
0.0514112
0.0677261
0.0849373
0.102772
0.12078
0.138246
0.154258
0.16737
0.176437
0.179467
0.174602
-0.059025
-0.0630485
-0.0636973
-0.0620133
-0.0590876
-0.0553839
-0.051239
-0.0469319
-0.0426715
-0.0386111
-0.0348607
-0.0314972
-0.0285705
-0.0261101
-0.0241298
-0.0226312
-0.0216073
-0.0210443
-0.0209235
-0.0212228
-0.0219173
-0.0229802
-0.0243832
-0.0260967
-0.0280906
-0.0303336
-0.0327942
-0.0354404
-0.0382399
-0.0411603
-0.0441693
-0.0472349
-0.0503253
-0.0534093
-0.0564564
-0.059437
-0.0623224
-0.0650852
-0.067699
-0.0701386
-0.0723804
-0.0744018
-0.0761813
-0.0776989
-0.078935
-0.0798713
-0.0804895
-0.0807716
-0.0806997
-0.0802548
-0.0794171
-0.0781653
-0.0764758
-0.074322
-0.0716744
-0.0684992
-0.0647577
-0.060406
-0.0553942
-0.0496661
-0.0431586
-0.0358023
-0.0275217
-0.018236
-0.00786166
0.00368475
0.0164821
0.030598
0.0460799
0.0629424
0.0811505
0.100595
0.121052
0.142123
0.163118
0.182945
0.200045
0.212656
0.218071
0.213633
-0.0661575
-0.0710283
-0.0709922
-0.0679475
-0.0635944
-0.0585703
-0.0532729
-0.0480005
-0.0429555
-0.0382715
-0.0340356
-0.0303008
-0.0270959
-0.0244314
-0.0223052
-0.0207061
-0.0196165
-0.0190144
-0.0188747
-0.0191699
-0.0198714
-0.0209492
-0.0223727
-0.0241105
-0.026131
-0.0284021
-0.0308914
-0.0335663
-0.0363943
-0.0393427
-0.0423791
-0.0454714
-0.0485878
-0.0516971
-0.054769
-0.0577738
-0.0606828
-0.0634686
-0.0661046
-0.0685657
-0.0708277
-0.0728678
-0.074664
-0.0761956
-0.0774423
-0.0783848
-0.0790038
-0.0792801
-0.0791941
-0.0787252
-0.0778517
-0.07655
-0.0747946
-0.0725541
-0.0697977
-0.0664874
-0.0625803
-0.0580277
-0.0527742
-0.0467572
-0.0399063
-0.0321429
-0.0233805
-0.0135253
-0.00247699
0.00986907
0.0236184
0.0388727
0.0557223
0.0742361
0.0944457
0.116322
0.139737
0.164396
0.189705
0.214568
0.237264
0.255307
0.26488
0.262171
-0.0775108
-0.0827834
-0.0809863
-0.075571
-0.0690566
-0.062211
-0.0554359
-0.0490024
-0.0430673
-0.0377145
-0.0329858
-0.0288956
-0.0254401
-0.0226045
-0.0203663
-0.018699
-0.017573
-0.0169575
-0.0168206
-0.01713
-0.0178533
-0.0189579
-0.0204111
-0.0221803
-0.0242325
-0.0265351
-0.0290552
-0.03176
-0.0346165
-0.0375924
-0.040655
-0.0437723
-0.0469128
-0.0500454
-0.0531397
-0.0561664
-0.0590967
-0.0619032
-0.0645594
-0.0670399
-0.0693204
-0.0713777
-0.0731896
-0.0747345
-0.0759917
-0.0769409
-0.0775618
-0.0778341
-0.0777368
-0.0772478
-0.0763435
-0.0749982
-0.0731831
-0.0708685
-0.0680162
-0.064586
-0.0605316
-0.0558001
-0.050331
-0.0440559
-0.0368974
-0.0287687
-0.0195729
-0.00920277
0.00245884
0.0155387
0.0301718
0.0464989
0.0646625
0.0848009
0.107037
0.13146
0.158094
0.186831
0.217301
0.248614
0.279034
0.305478
0.322507
0.324621
-0.0964539
-0.100352
-0.0944551
-0.0849712
-0.0752371
-0.0659274
-0.0573115
-0.0495407
-0.0426564
-0.0366451
-0.0314708
-0.0270886
-0.0234506
-0.0205091
-0.0182181
-0.0165341
-0.0154155
-0.014823
-0.0147189
-0.0150667
-0.0158311
-0.0169777
-0.0184724
-0.0202818
-0.0223726
-0.0247117
-0.0272661
-0.030003
-0.0328897
-0.0358938
-0.0389831
-0.0421256
-0.0452901
-0.0484458
-0.0515624
-0.0546108
-0.0575624
-0.0603898
-0.0630665
-0.0655671
-0.0678671
-0.069943
-0.0717723
-0.0733329
-0.0746035
-0.075563
-0.0761904
-0.0764642
-0.0763622
-0.0758611
-0.0749358
-0.0735589
-0.0716999
-0.0693255
-0.0663966
-0.0628699
-0.0586959
-0.053818
-0.0481718
-0.0416839
-0.034271
-0.025839
-0.0162818
-0.00548023
0.00669883
0.0204037
0.0357992
0.0530673
0.0724087
0.0940429
0.118207
0.145149
0.175111
0.208284
0.24469
0.283942
0.324764
0.36384
0.394043
0.407452
-0.129621
-0.126686
-0.11195
-0.0957282
-0.0813306
-0.0688115
-0.058048
-0.0488879
-0.0411353
-0.0346042
-0.0291395
-0.0246148
-0.0209276
-0.0179942
-0.0157452
-0.0141218
-0.0130729
-0.0125532
-0.0125212
-0.0129384
-0.0137683
-0.014976
-0.0165272
-0.0183886
-0.0205271
-0.0229098
-0.0255044
-0.0282782
-0.0311991
-0.0342349
-0.0373539
-0.0405246
-0.0437159
-0.0468975
-0.0500394
-0.0531126
-0.0560887
-0.0589406
-0.0616416
-0.0641663
-0.0664902
-0.0685896
-0.0704415
-0.0720237
-0.0733141
-0.0742913
-0.0749333
-0.075218
-0.0751221
-0.0746213
-0.0736894
-0.0722975
-0.0704138
-0.0680027
-0.065024
-0.0614322
-0.0571752
-0.0521941
-0.0464212
-0.0397795
-0.0321814
-0.0235271
-0.0137031
-0.00258082
0.00998646
0.0241658
0.0401488
0.0581565
0.0784472
0.101325
0.127156
0.156378
0.189524
0.227213
0.270102
0.318732
0.373022
0.430216
0.482795
0.520566
-0.192361
-0.164957
-0.132363
-0.105843
-0.08521
-0.0689601
-0.0561349
-0.0459267
-0.0377067
-0.0310336
-0.0256035
-0.0212028
-0.0176788
-0.0149199
-0.0128418
-0.0113785
-0.010476
-0.0100882
-0.0101741
-0.0106964
-0.0116199
-0.0129108
-0.0145364
-0.0164644
-0.0186629
-0.0211
-0.0237441
-0.0265634
-0.0295265
-0.0326018
-0.0357581
-0.0389644
-0.0421902
-0.0454053
-0.0485803
-0.0516862
-0.054695
-0.0575794
-0.0603132
-0.0628708
-0.0652275
-0.0673595
-0.0692437
-0.0708575
-0.0721785
-0.0731848
-0.073854
-0.0741633
-0.0740888
-0.0736052
-0.0726859
-0.071301
-0.0694179
-0.0669998
-0.0640052
-0.0603876
-0.0560935
-0.0510623
-0.0452247
-0.0385016
-0.0308026
-0.0220244
-0.0120493
-0.000741736
0.0120538
0.026518
0.0428623
0.0613385
0.0822514
0.105979
0.133004
0.163959
0.199694
0.241375
0.290583
0.349399
0.420066
0.502512
0.593295
0.687447
-0.328689
-0.213735
-0.144
-0.105068
-0.0792747
-0.0609838
-0.0478557
-0.038128
-0.0306292
-0.0246945
-0.0199413
-0.0161317
-0.0131112
-0.010776
-0.00905354
-0.00788903
-0.00723865
-0.00706486
-0.00733393
-0.00801422
-0.00907527
-0.0104872
-0.0122202
-0.0142445
-0.0165302
-0.0190473
-0.0217653
-0.0246539
-0.0276823
-0.0308199
-0.0340361
-0.0373006
-0.0405833
-0.0438543
-0.0470845
-0.0502453
-0.0533089
-0.056248
-0.0590364
-0.0616485
-0.0640598
-0.0662462
-0.0681846
-0.069852
-0.0712262
-0.0722848
-0.0730052
-0.0733646
-0.073339
-0.072901
-0.0720259
-0.0706832
-0.0688393
-0.0664575
-0.0634963
-0.0599087
-0.0556412
-0.0506329
-0.0448143
-0.0381059
-0.030417
-0.0216436
-0.0116666
-0.000348677
0.0124691
0.0269727
0.0433825
0.0619644
0.0830468
0.107047
0.134516
0.166204
0.203188
0.247086
0.300433
0.367337
0.454204
0.569331
0.729895
0.958589
-0.603816
-0.25914
-0.120588
-0.0756791
-0.0531105
-0.038626
-0.0293384
-0.023015
-0.0182415
-0.0144006
-0.0112449
-0.00865963
-0.00658521
-0.00498986
-0.00385391
-0.00316154
-0.00289716
-0.00304397
-0.00358348
-0.00449545
-0.00575798
-0.00734766
-0.00923977
-0.0114084
-0.0138268
-0.0164671
-0.0193011
-0.0222996
-0.0254334
-0.0286727
-0.0319879
-0.0353491
-0.0387267
-0.0420914
-0.0454142
-0.0486668
-0.0518214
-0.054851
-0.0577293
-0.0604309
-0.062931
-0.0652058
-0.0672319
-0.0689866
-0.0704474
-0.0715921
-0.072398
-0.0728422
-0.0729007
-0.0725511
-0.0717622
-0.070506
-0.0687504
-0.066459
-0.0635911
-0.0601006
-0.055935
-0.0510347
-0.0453316
-0.0387478
-0.0311944
-0.0225695
-0.0127565
-0.00162066
0.0109939
0.0252697
0.0414231
0.0597152
0.0804691
0.104096
0.131137
0.16234
0.198785
0.242135
0.295186
0.363178
0.457308
0.60224
0.861705
1.3289
)
;

boundaryField
{
    movingWall
    {
        type            zeroGradient;
    }
    fixedWalls
    {
        type            zeroGradient;
    }
    frontAndBack
    {
        type            empty;
    }
}


// ************************************************************************* //
