/*--------------------------------*- C++ -*----------------------------------*\
  =========                 |
  \\      /  F ield         | OpenFOAM: The Open Source CFD Toolbox
   \\    /   O peration     | Website:  https://openfoam.org
    \\  /    A nd           | Version:  7
     \\/     M anipulation  |
\*---------------------------------------------------------------------------*/
FoamFile
{
    version     2.0;
    format      ascii;
    class       volScalarField;
    location    "0.75";
    object      p;
}
// * * * * * * * * * * * * * * * * * * * * * * * * * * * * * * * * * * * * * //

dimensions      [0 2 -2 0 0 0 0];

internalField   nonuniform List<scalar> 
6400
(
1.98694e-06
7.42595e-07
-0.000110553
-0.000328902
-0.000628114
-0.000984205
-0.00137603
-0.0017853
-0.00219669
-0.00259759
-0.00297771
-0.00332869
-0.00364386
-0.00391791
-0.00414671
-0.00432712
-0.00445681
-0.00453411
-0.00455791
-0.0045276
-0.00444295
-0.00430406
-0.00411133
-0.00386543
-0.00356723
-0.00321784
-0.00281856
-0.0023709
-0.00187656
-0.00133744
-0.000755664
-0.000133564
0.000526295
0.00122111
0.00194784
0.00270318
0.00348358
0.00428525
0.00510412
0.00593589
0.00677604
0.00761983
0.00846233
0.00929845
0.010123
0.0109306
0.011716
0.0124737
0.0131987
0.0138855
0.0145294
0.0151255
0.0156694
0.0161571
0.0165848
0.0169495
0.0172487
0.0174803
0.0176431
0.0177366
0.017761
0.0177174
0.0176077
0.0174347
0.0172021
0.0169147
0.0165781
0.0161991
0.0157853
0.0153457
0.0148903
0.0144303
0.0139784
0.0135487
0.0131567
0.0128195
0.0125544
0.0123787
0.012308
0.0123314
7.76021e-06
5.39743e-06
-9.34572e-05
-0.000279
-0.000529648
-0.000828239
-0.00115876
-0.00150648
-0.00185841
-0.00220342
-0.00253214
-0.00283679
-0.00311098
-0.00334953
-0.00354831
-0.00370408
-0.00381436
-0.00387732
-0.00389168
-0.0038566
-0.00377167
-0.00363681
-0.00345224
-0.00321844
-0.00293614
-0.00260629
-0.00223004
-0.00180876
-0.00134403
-0.000837599
-0.000291452
0.000292215
0.000910985
0.00156222
0.00224305
0.00295036
0.00368082
0.00443084
0.00519664
0.00597417
0.0067592
0.00754731
0.00833391
0.00911427
0.00988354
0.0106368
0.0113692
0.0120757
0.0127516
0.013392
0.0139924
0.0145486
0.0150564
0.0155123
0.015913
0.0162556
0.016538
0.0167584
0.016916
0.0170102
0.0170415
0.017011
0.0169207
0.0167733
0.0165724
0.0163225
0.0160291
0.0156983
0.0153374
0.0149547
0.0145592
0.0141611
0.0137717
0.013403
0.013068
0.0127803
0.0125529
0.012398
0.012331
0.0123548
0.000122045
0.000106206
6.55147e-06
-0.000164838
-0.00038986
-0.000654961
-0.000947345
-0.00125483
-0.00156637
-0.00187227
-0.00216416
-0.00243493
-0.00267866
-0.00289044
-0.00306631
-0.00320309
-0.0032983
-0.00335006
-0.00335701
-0.00331823
-0.00323319
-0.00310167
-0.0029238
-0.00269992
-0.00243064
-0.0021168
-0.00175942
-0.00135975
-0.000919235
-0.000439526
7.75258e-05
0.000629861
0.0012152
0.00183106
0.00247471
0.00314321
0.00383342
0.00454195
0.00526521
0.00599939
0.0067405
0.00748437
0.00822668
0.00896298
0.00968874
0.0103993
0.0110902
0.0117566
0.0123942
0.0129985
0.0135652
0.0140904
0.0145703
0.0150016
0.0153813
0.0157068
0.0159762
0.0161879
0.0163411
0.0164356
0.0164718
0.0164508
0.0163747
0.0162461
0.0160684
0.0158459
0.0155838
0.0152878
0.0149649
0.0146224
0.0142689
0.0139135
0.0135661
0.0132374
0.0129384
0.0126805
0.0124743
0.0123299
0.0122635
0.0122847
0.00034341
0.000293742
0.000178068
5.42224e-06
-0.00021113
-0.000460315
-0.000731417
-0.00101424
-0.00129942
-0.00157858
-0.00184439
-0.0020905
-0.00231155
-0.00250303
-0.00266127
-0.00278327
-0.00286666
-0.00290962
-0.00291079
-0.00286923
-0.00278435
-0.0026559
-0.0024839
-0.00226862
-0.00201058
-0.00171051
-0.00136934
-0.000988199
-0.000568429
-0.000111561
0.000380673
0.000906338
0.00146329
0.00204918
0.00266144
0.00329729
0.00395374
0.00462758
0.0053154
0.0060136
0.00671838
0.00742579
0.00813174
0.008832
0.00952227
0.0101982
0.0108554
0.0114895
0.0120963
0.0126715
0.0132113
0.0137117
0.0141694
0.0145811
0.0149441
0.0152559
0.0155148
0.0157194
0.015869
0.0159632
0.0160027
0.0159887
0.0159229
0.0158079
0.0156471
0.0154446
0.0152051
0.0149341
0.014638
0.0143238
0.013999
0.013672
0.0133518
0.0130476
0.0127692
0.0125263
0.0123283
0.0121842
0.0121084
0.0121108
0.000647491
0.000547787
0.000404022
0.000219632
1.05483e-06
-0.00024244
-0.000501879
-0.000768881
-0.00103565
-0.00129508
-0.00154087
-0.0017675
-0.00197024
-0.00214507
-0.00228866
-0.00239828
-0.00247174
-0.00250732
-0.00250373
-0.00246007
-0.00237574
-0.00225046
-0.0020842
-0.00187717
-0.0016298
-0.00134274
-0.00101683
-0.000653097
-0.000252767
0.000182745
0.000651829
0.00115268
0.00168328
0.00224143
0.00282472
0.0034305
0.00405597
0.00469807
0.00535359
0.00601908
0.00669097
0.00736547
0.0080387
0.00870665
0.00936523
0.0100103
0.0106376
0.0112431
0.0118227
0.0123724
0.0128884
0.0133672
0.0138054
0.0141999
0.0145483
0.0148482
0.0150979
0.0152961
0.0154421
0.0155359
0.0155778
0.015569
0.0155113
0.0154072
0.0152599
0.015073
0.0148513
0.0145998
0.0143243
0.0140313
0.0137277
0.0134212
0.0131195
0.0128309
0.012564
0.0123272
0.0121285
0.0119761
0.0118805
0.0118484
0.00101236
0.000852552
0.000671815
0.000467282
0.000238107
-8.17722e-06
-0.00026408
-0.000522885
-0.000778232
-0.00102424
-0.00125559
-0.00146761
-0.00165622
-0.00181794
-0.00194983
-0.00204949
-0.00211495
-0.00214466
-0.00213744
-0.00209245
-0.00200914
-0.0018872
-0.0017266
-0.00152749
-0.00129027
-0.00101547
-0.000703874
-0.000356404
2.58223e-05
0.000441505
0.000889155
0.00136709
0.00187344
0.00240615
0.00296292
0.00354131
0.00413863
0.00475201
0.00537839
0.0060145
0.00665694
0.00730212
0.0079463
0.00858567
0.00921632
0.00983425
0.0104355
0.011016
0.011572
0.0120996
0.0125952
0.0130553
0.0134768
0.0138567
0.0141925
0.0144821
0.0147238
0.0149164
0.0150592
0.0151521
0.0151956
0.0151907
0.0151391
0.0150432
0.014906
0.014731
0.0145224
0.0142851
0.0140245
0.0137464
0.0134573
0.0131637
0.0128729
0.0125921
0.0123287
0.0120899
0.0118829
0.0117147
0.0115907
0.0115132
0.00141862
0.00119308
0.000969338
0.00073819
0.000491505
0.00023538
-2.39235e-05
-0.00028117
-0.00053132
-0.000769604
-0.000991674
-0.00119365
-0.00137213
-0.00152417
-0.00164728
-0.0017394
-0.00179883
-0.00182423
-0.00181457
-0.00176909
-0.0016873
-0.00156894
-0.00141395
-0.00122248
-0.000994858
-0.000731579
-0.000433318
-0.000100921
0.000264594
0.000662041
0.00109005
0.00154707
0.00203136
0.002541
0.00307385
0.0036276
0.00419971
0.00478749
0.005388
0.00599816
0.0066147
0.0072342
0.00785308
0.00846769
0.00907424
0.00966891
0.0102478
0.0108072
0.0113432
0.0118522
0.0123307
0.0127752
0.0131827
0.0135504
0.0138758
0.0141569
0.0143919
0.0145798
0.0147197
0.0148116
0.0148559
0.0148535
0.0148062
0.014716
0.0145858
0.0144189
0.0142193
0.0139915
0.0137403
0.0134712
0.0131901
0.0129029
0.012616
0.0123358
0.0120687
0.011821
0.011599
0.0114087
0.0112501
0.0111204
0.00184929
0.00155538
0.00128482
0.00102242
0.000753032
0.000481575
0.000213318
-4.78009e-05
-0.000297936
-0.000533347
-0.000750579
-0.000946523
-0.00111843
-0.00126391
-0.00138092
-0.00146776
-0.00152304
-0.00154563
-0.00153467
-0.00148955
-0.00140984
-0.00129533
-0.00114598
-0.000961917
-0.000743442
-0.000490998
-0.00020519
0.000113223
0.000463323
0.000844029
0.00125409
0.00169207
0.00215637
0.0026452
0.00315657
0.00368829
0.00423799
0.0048031
0.00538085
0.00596829
0.00656229
0.00715957
0.00775671
0.00835014
0.00893623
0.00951128
0.0100715
0.0106133
0.0111328
0.0116265
0.0120909
0.0125228
0.0129191
0.013277
0.0135941
0.0138683
0.014098
0.014282
0.0144195
0.0145103
0.0145549
0.014554
0.0145093
0.0144227
0.0142968
0.0141349
0.0139404
0.0137177
0.0134712
0.013206
0.0129274
0.0126407
0.0123517
0.012066
0.0117893
0.0115268
0.0112842
0.011067
0.0108694
0.0106837
0.00228989
0.00192689
0.00160737
0.00131058
0.0010147
0.000723757
0.000442204
0.000172841
-8.15411e-05
-0.000318133
-0.000534312
-0.000727692
-0.000896153
-0.00103785
-0.00115118
-0.00123482
-0.00128768
-0.00130888
-0.00129775
-0.00125381
-0.00117674
-0.00106639
-0.000922735
-0.00074592
-0.000536208
-0.000294001
-1.98396e-05
0.000285596
0.000621482
0.000986839
0.00138053
0.00180125
0.00224751
0.00271766
0.00320985
0.00372203
0.00425196
0.0047972
0.00535512
0.0059229
0.00649755
0.0070759
0.00765463
0.00823031
0.0087994
0.00935827
0.00990326
0.0104307
0.010937
0.0114186
0.0118721
0.0122941
0.0126818
0.0130323
0.0133431
0.0136122
0.0138379
0.014019
0.0141546
0.0142446
0.0142891
0.0142889
0.0142455
0.0141606
0.0140368
0.0138769
0.0136844
0.0134631
0.0132172
0.0129514
0.0126704
0.0123792
0.012083
0.0117867
0.0114953
0.0112132
0.0109458
0.0106978
0.0104582
0.0102148
0.00272814
0.00229657
0.0019271
0.0015939
0.00126888
0.000955347
0.000657141
0.000376066
0.000113969
-0.000127171
-0.000345492
-0.00053929
-0.000707034
-0.000847391
-0.000959214
-0.00104154
-0.00109359
-0.00111472
-0.00110448
-0.00106253
-0.000988651
-0.000882771
-0.000744914
-0.000575219
-0.000373934
-0.000141424
0.00012183
0.000415223
0.00073802
0.00108934
0.00146816
0.00187329
0.00230337
0.00275687
0.00323208
0.00372708
0.00423975
0.00476779
0.00530869
0.00585975
0.00641808
0.00698064
0.00754419
0.0081054
0.00866078
0.00920681
0.00973985
0.0102563
0.0107526
0.0112251
0.0116706
0.0120856
0.0124672
0.0128126
0.0131192
0.013385
0.0136082
0.0137875
0.0139219
0.0140112
0.0140555
0.0140555
0.0140123
0.0139278
0.0138041
0.0136439
0.0134505
0.0132274
0.0129785
0.0127082
0.0124207
0.0121207
0.0118128
0.0115016
0.0111912
0.0108856
0.0105899
0.0103084
0.010025
0.00972313
0.00315357
0.00265462
0.00223505
0.00186427
0.00150832
0.00116997
0.000852567
0.000557065
0.000284478
3.60306e-05
-0.0001871
-0.000383838
-0.000553214
-0.000694378
-0.000806608
-0.000889308
-0.000941994
-0.000964288
-0.000955922
-0.000916715
-0.000846576
-0.000745493
-0.000613539
-0.000450869
-0.00025772
-3.44176e-05
0.000218609
0.000500827
0.000811585
0.0011501
0.00151546
0.00190659
0.00232225
0.00276104
0.00322136
0.00370143
0.00419925
0.00471264
0.0052392
0.00577634
0.00632128
0.00687106
0.00742253
0.00797241
0.0085173
0.00905369
0.009578
0.0100866
0.010576
0.0110425
0.0114829
0.0118936
0.0122718
0.0126144
0.012919
0.0131833
0.0134055
0.0135841
0.0137183
0.0138075
0.0138517
0.0138514
0.0138078
0.0137224
0.0135972
0.0134348
0.0132381
0.0130105
0.0127556
0.0124773
0.0121799
0.0118674
0.0115441
0.0112141
0.0108813
0.010549
0.0102223
0.0099051
0.0095767
0.00921664
0.00355714
0.0029924
0.00252311
0.00211419
0.0017262
0.00136148
0.00102301
0.000711001
0.000425738
0.000167763
-6.23728e-05
-0.000264165
-0.000437164
-0.000580983
-0.000695302
-0.000779869
-0.000834498
-0.000859058
-0.000853476
-0.000817726
-0.000751832
-0.000655863
-0.000529936
-0.000374222
-0.000188949
2.55879e-05
0.000269011
0.000540857
0.000840559
0.00116743
0.00152066
0.00189929
0.0023022
0.00272811
0.00317554
0.00364282
0.00412809
0.00462926
0.00514406
0.00566998
0.00620434
0.00674424
0.00728662
0.00782823
0.00836572
0.0088956
0.0094143
0.00991821
0.0104037
0.0108673
0.0113054
0.0117146
0.0120919
0.0124342
0.0127389
0.0130037
0.0132266
0.013406
0.0135409
0.0136306
0.013675
0.0136746
0.0136301
0.0135429
0.013415
0.0132488
0.0130469
0.0128124
0.0125489
0.0122599
0.0119494
0.0116212
0.0112793
0.0109275
0.0105693
0.0102078
0.00984773
0.00949333
0.00911931
0.00870154
0.00393093
0.00330215
0.00278387
0.00233672
0.00191607
0.00152397
0.00116311
0.000833055
0.000533422
0.000264157
2.52427e-05
-0.000183347
-0.000361644
-0.00050969
-0.000627545
-0.00071529
-0.000773019
-0.000800839
-0.000798865
-0.000767224
-0.000706054
-0.0006155
-0.000495724
-0.000346916
-0.000169293
3.68788e-05
0.000271271
0.000533489
0.000823047
0.00113935
0.00148171
0.00184925
0.00224099
0.00265576
0.00309219
0.00354874
0.00402365
0.00451494
0.00502044
0.00553774
0.00606421
0.00659705
0.00713322
0.00766954
0.00820265
0.00872908
0.00924525
0.00974751
0.0102322
0.0106957
0.0111345
0.011545
0.0119241
0.0122686
0.0125757
0.012843
0.0130684
0.0132501
0.013387
0.0134782
0.0135235
0.013523
0.0134774
0.0133881
0.0132567
0.0130853
0.0128766
0.0126334
0.0123591
0.012057
0.0117308
0.0113843
0.0110211
0.0106448
0.0102587
0.00986564
0.00947058
0.0090777
0.00865764
0.00818275
0.00426787
0.0035769
0.00301055
0.0025254
0.00207187
0.0016518
0.00126767
0.000918442
0.000603171
0.00032125
7.21407e-05
-0.000144665
-0.000329642
-0.000483238
-0.000605868
-0.000697923
-0.000759766
-0.000791728
-0.000794106
-0.00076717
-0.000711163
-0.000626306
-0.000512806
-0.000370867
-0.000200697
-2.53113e-06
0.000223352
0.000476627
0.00075689
0.00106365
0.00139629
0.00175409
0.00213615
0.00254141
0.00296865
0.00341641
0.00388305
0.00436671
0.00486528
0.00537644
0.00589765
0.00642614
0.00695893
0.00749284
0.00802454
0.00855053
0.0090672
0.00957087
0.0100578
0.0105243
0.0109667
0.0113813
0.0117649
0.0121141
0.0124261
0.0126981
0.012928
0.0131138
0.0132542
0.013348
0.0133949
0.0133949
0.0133485
0.0132567
0.0131212
0.0129438
0.0127271
0.0124737
0.0121868
0.0118696
0.0115256
0.0111585
0.0107716
0.0103686
0.0099525
0.00952608
0.00909446
0.00866209
0.00819564
0.00766417
0.0045616
0.00381026
0.00319689
0.0026742
0.00218786
0.00173955
0.00133161
0.000962456
0.000630624
0.000335013
7.46075e-05
-0.000151547
-0.000344338
-0.000504584
-0.000633035
-0.000730373
-0.00079721
-0.000834088
-0.000841477
-0.000819781
-0.000769341
-0.000690447
-0.000583345
-0.000448252
-0.000285364
-9.48842e-05
0.000122964
0.000367923
0.000639673
0.000937812
0.00126184
0.00161114
0.00198491
0.00238224
0.00280198
0.00324281
0.00370319
0.00418134
0.00467526
0.0051827
0.00570117
0.00622796
0.0067601
0.00729445
0.00782764
0.00835617
0.00887637
0.00938448
0.0098767
0.0103492
0.0107982
0.0112199
0.0116108
0.0119675
0.0122868
0.012566
0.0128026
0.0129944
0.0131398
0.0132377
0.0132874
0.0132886
0.0132418
0.0131478
0.013008
0.0128241
0.0125985
0.0123337
0.0120328
0.0116989
0.0113353
0.0109455
0.0105331
0.0101014
0.00965345
0.00919202
0.00872254
0.00824973
0.00773653
0.00714881
0.00480627
0.00399635
0.0033371
0.00277747
0.0022586
0.00178205
0.00135001
0.000960467
0.000611441
0.000301384
2.88445e-05
-0.000207547
-0.000409059
-0.000576858
-0.000712003
-0.000815449
-0.00088804
-0.000930512
-0.000943496
-0.000927519
-0.000883015
-0.000810332
-0.00070975
-0.000581494
-0.000425745
-0.000242668
-3.24332e-05
0.000204778
0.000468729
0.000759115
0.00107554
0.00141749
0.0017843
0.00217514
0.002589
0.00302466
0.00348067
0.00395537
0.00444682
0.00495286
0.00547104
0.00599869
0.00653288
0.00707044
0.00760801
0.00814203
0.00866877
0.00918439
0.00968497
0.0101665
0.0106252
0.011057
0.0114581
0.0118252
0.0121546
0.0124435
0.0126892
0.0128891
0.0130417
0.0131453
0.0131991
0.0132027
0.0131562
0.0130604
0.0129164
0.0127258
0.0124908
0.0122139
0.0118979
0.0115458
0.0111612
0.0107472
0.0103075
0.00984542
0.009364
0.00886611
0.00835753
0.00784337
0.00728295
0.00663902
0.00499647
0.0041297
0.00342573
0.00282987
0.00227891
0.00177429
0.00131812
0.000907937
0.000541318
0.000216291
-6.89993e-05
-0.000316307
-0.000527257
-0.000703337
-0.000845899
-0.000956147
-0.00103514
-0.0010838
-0.00110289
-0.00109306
-0.00105483
-0.000988592
-0.000894654
-0.000773244
-0.000624519
-0.000448606
-0.000245612
-1.56435e-05
0.000241154
0.000524571
0.000834321
0.00117
0.00153105
0.00191677
0.00232626
0.0027584
0.00321186
0.00368506
0.00417614
0.004683
0.00520327
0.00573429
0.00627315
0.00681667
0.00736147
0.00790391
0.00844022
0.00896643
0.00947851
0.00997233
0.0104438
0.0108888
0.0113034
0.0116837
0.0120262
0.0123276
0.0125849
0.0127955
0.0129573
0.0130685
0.0131282
0.0131355
0.0130905
0.0129937
0.0128459
0.0126488
0.0124042
0.0121146
0.0117827
0.0114117
0.0110047
0.0105652
0.0100967
0.00960273
0.0090864
0.00855067
0.00800178
0.00744532
0.00683704
0.00613661
0.0051271
0.00420517
0.00345764
0.00282635
0.00224384
0.00171148
0.0012313
0.000800419
0.000415997
7.56671e-05
-0.000222804
-0.000481534
-0.000702476
-0.000887423
-0.00103799
-0.00115562
-0.00124157
-0.00129692
-0.00132258
-0.00131929
-0.00128763
-0.00122806
-0.0011409
-0.00102636
-0.000884585
-0.000715639
-0.000519569
-0.000296402
-4.6189e-05
0.000230963
0.000534875
0.000865256
0.00122167
0.00160354
0.00201006
0.00244025
0.00289286
0.0033664
0.00385912
0.00436897
0.00489362
0.00543045
0.00597655
0.00652874
0.00708359
0.00763741
0.00818632
0.00872626
0.00925302
0.00976233
0.0102499
0.0107114
0.0111426
0.0115394
0.0118981
0.012215
0.0124868
0.0127107
0.0128842
0.0130055
0.0130729
0.0130858
0.0130437
0.0129469
0.0127962
0.0125929
0.0123389
0.0120365
0.0116883
0.0112974
0.0108672
0.010401
0.0099025
0.00937532
0.00882271
0.00824782
0.00765742
0.0070576
0.00640059
0.005643
0.00519335
0.00421787
0.00342796
0.00276207
0.00214864
0.00158899
0.00108505
0.000633554
0.000231272
-0.000124538
-0.00043647
-0.000706977
-0.000938329
-0.0011326
-0.00129165
-0.00141714
-0.00151051
-0.001573
-0.00160563
-0.00160923
-0.00158445
-0.00153177
-0.00145152
-0.00134392
-0.00120904
-0.00104691
-0.000857511
-0.000640772
-0.000396654
-0.000125153
0.000173667
0.000499631
0.000852429
0.00123159
0.00163646
0.00206614
0.0025195
0.00299515
0.00349142
0.00400631
0.00453757
0.00508258
0.00563845
0.00620199
0.0067697
0.00733784
0.00790242
0.00845924
0.00900396
0.0095321
0.0100391
0.0105205
0.0109718
0.0113886
0.0117668
0.0121024
0.0123919
0.0126321
0.0128202
0.012954
0.0130316
0.013052
0.0130146
0.0129193
0.0127667
0.0125581
0.0122952
0.01198
0.0116154
0.0112043
0.0107501
0.0102563
0.0097267
0.00916507
0.0085749
0.00795955
0.00732637
0.006682
0.00597515
0.00515934
0.00519064
0.00416314
0.00333202
0.0026324
0.00198876
0.00140232
0.000874975
0.000403071
-1.70047e-05
-0.000388348
-0.000713895
-0.000996417
-0.00123848
-0.00144242
-0.00161034
-0.00174409
-0.00184529
-0.00191531
-0.00195527
-0.00196609
-0.00194847
-0.00190291
-0.00182973
-0.00172913
-0.00160116
-0.00144576
-0.00126284
-0.00105223
-0.000813799
-0.000547427
-0.000253056
6.92653e-05
0.000419351
0.00079686
0.00120126
0.00163177
0.00208737
0.00256678
0.0030684
0.00359033
0.00413032
0.00468583
0.00525395
0.00583146
0.00641484
0.00700025
0.00758359
0.00816053
0.00872655
0.00927696
0.00980701
0.0103119
0.0107868
0.0112272
0.0116285
0.0119864
0.012297
0.0125568
0.0127626
0.0129118
0.0130024
0.0130328
0.0130021
0.0129102
0.0127573
0.0125445
0.0122734
0.011946
0.011565
0.0111335
0.0106548
0.0101327
0.00957106
0.00897388
0.00834489
0.00768775
0.00701042
0.00632017
0.0055621
0.00468658
0.00511452
0.00403652
0.00316534
0.00243287
0.00175976
0.00114713
0.000596811
0.000104788
-0.000332919
-0.000719749
-0.00105896
-0.00135364
-0.00160662
-0.0018205
-0.00199759
-0.00213994
-0.00224931
-0.0023272
-0.00237483
-0.00239319
-0.002383
-0.00234479
-0.00227888
-0.00218541
-0.00206438
-0.00191568
-0.00173911
-0.00153443
-0.00130137
-0.0010397
-0.000749241
-0.000429904
-8.17397e-05
0.000295042
0.000700034
0.0011326
0.00159182
0.00207653
0.00258521
0.00311603
0.00366683
0.00423506
0.00481784
0.00541194
0.00601376
0.00661939
0.00722463
0.00782497
0.00841572
0.00899197
0.00954872
0.0100809
0.0105833
0.0110511
0.0114793
0.0118634
0.0121989
0.0124819
0.0127089
0.0128769
0.0129834
0.0130266
0.0130053
0.0129189
0.0127675
0.0125521
0.0122739
0.0119351
0.0115382
0.0110863
0.0105829
0.0100319
0.0094374
0.00880362
0.00813459
0.0074343
0.00671136
0.00597371
0.00516276
0.00422564
0.00496074
0.00383369
0.0029236
0.0021592
0.00145737
0.000819192
0.000246387
-0.000265396
-0.000720497
-0.00112269
-0.00147554
-0.00178243
-0.00204647
-0.00227048
-0.00245698
-0.0026082
-0.00272605
-0.00281213
-0.00286775
-0.00289395
-0.00289149
-0.00286088
-0.00280244
-0.00271626
-0.00260228
-0.00246031
-0.00229006
-0.00209117
-0.00186327
-0.00160599
-0.00131902
-0.00100213
-0.00065522
-0.000278368
0.000128162
0.000563862
0.00102796
0.00151937
0.0020367
0.0025782
0.00314175
0.00372487
0.00432467
0.0049379
0.00556092
0.00618974
0.00682002
0.00744712
0.00806612
0.0086719
0.00925917
0.00982252
0.0103565
0.0108558
0.0113152
0.0117295
0.0120939
0.0124042
0.0126563
0.0128468
0.0129727
0.013032
0.0130229
0.0129447
0.0127972
0.0125809
0.0122972
0.0119481
0.011536
0.011064
0.010536
0.00995569
0.00932761
0.00865628
0.007946
0.00720112
0.00643098
0.00564423
0.00477845
0.0037774
0.00472512
0.00355048
0.00260261
0.00180719
0.00107745
0.00041438
-0.000180368
-0.000711496
-0.0011837
-0.00160106
-0.00196746
-0.00228656
-0.00256173
-0.00279601
-0.00299213
-0.00315246
-0.00327905
-0.00337361
-0.00343753
-0.00347187
-0.00347743
-0.00345471
-0.00340398
-0.0033253
-0.00321853
-0.0030834
-0.00291951
-0.00272639
-0.00250354
-0.00225045
-0.00196666
-0.00165181
-0.00130563
-0.000928053
-0.000519187
-7.93992e-05
0.00039067
0.000890071
0.00141751
0.00197134
0.00254951
0.00314957
0.00376868
0.00440355
0.00505051
0.00570547
0.00636398
0.00702122
0.00767209
0.0083112
0.00893298
0.00953169
0.0101015
0.0106367
0.0111316
0.0115806
0.0119785
0.0123205
0.0126019
0.012819
0.0129683
0.0130473
0.0130539
0.0129869
0.0128459
0.0126312
0.0123439
0.0119858
0.0115596
0.0110683
0.0105156
0.00990593
0.00924373
0.00853394
0.0077812
0.00699026
0.00617121
0.00533346
0.0044106
0.00334285
0.00440363
0.00318281
0.0021983
0.00137279
0.000615958
-7.13068e-05
-0.000687426
-0.00123744
-0.0017264
-0.00215869
-0.00253851
-0.00286977
-0.00315609
-0.00340074
-0.00360663
-0.00377628
-0.00391187
-0.00401519
-0.00408771
-0.00413051
-0.0041444
-0.00412987
-0.00408715
-0.00401624
-0.00391691
-0.00378881
-0.00363142
-0.00344414
-0.00322633
-0.00297736
-0.00269659
-0.00238349
-0.00203766
-0.00165885
-0.001247
-0.000802327
-0.000325323
0.0001832
0.000722076
0.00128975
0.00188427
0.00250325
0.00314385
0.00380281
0.00447639
0.00516044
0.00585037
0.00654121
0.00722764
0.00790401
0.00856444
0.00920285
0.00981305
0.0103888
0.010924
0.0114125
0.0118487
0.0122271
0.0125426
0.0127909
0.0129681
0.0130709
0.013097
0.0130448
0.0129135
0.0127031
0.0124145
0.0120494
0.0116103
0.0111005
0.0105238
0.00988469
0.00918795
0.00843886
0.00764246
0.0068039
0.00593411
0.00504326
0.00406076
0.00292316
0.00399232
0.00272675
0.00170674
0.000852075
6.89693e-05
-0.000641775
-0.00127867
-0.00184709
-0.00235242
-0.00279938
-0.00319242
-0.00353576
-0.00383323
-0.00408831
-0.00430409
-0.00448325
-0.00462807
-0.00474044
-0.00482185
-0.00487344
-0.00489601
-0.00489001
-0.00485563
-0.00479281
-0.00470123
-0.00458042
-0.00442976
-0.00424851
-0.00403587
-0.00379106
-0.00351328
-0.00320182
-0.0028561
-0.0024757
-0.00206039
-0.0016102
-0.00112547
-0.000606847
-5.53674e-05
0.00052754
0.00114002
0.00177975
0.00244395
0.00312934
0.00383218
0.00454823
0.00527279
0.00600072
0.00672648
0.00744416
0.00814754
0.00883019
0.00948549
0.0101068
0.0106873
0.0112206
0.0117003
0.0121203
0.0124752
0.0127597
0.0129696
0.013101
0.013151
0.0131177
0.0129996
0.0127967
0.0125096
0.0121398
0.0116897
0.0111627
0.0105626
0.00989422
0.00916266
0.00837353
0.00753227
0.00664449
0.00572198
0.00477574
0.00373077
0.00251969
0.00348735
0.00217846
0.00112408
0.0002412
-0.000567336
-0.00130083
-0.00195788
-0.0025442
-0.0030655
-0.00352681
-0.00393288
-0.00428816
-0.00459675
-0.0048623
-0.00508809
-0.00527693
-0.00543121
-0.00555289
-0.00564351
-0.00570423
-0.00573583
-0.00573875
-0.00571311
-0.00565876
-0.00557531
-0.00546216
-0.00531856
-0.00514362
-0.00493641
-0.00469595
-0.00442127
-0.00411148
-0.00376581
-0.00338363
-0.00296455
-0.00250839
-0.00201531
-0.0014858
-0.000920714
-0.000321359
0.000310527
0.000972718
0.00166249
0.00237659
0.00311125
0.00386218
0.00462456
0.00539309
0.00616201
0.00692514
0.00767593
0.00840755
0.00911295
0.00978494
0.0104163
0.0109999
0.0115287
0.0119962
0.012396
0.0127224
0.0129704
0.0131356
0.0132145
0.0132046
0.0131041
0.0129125
0.0126301
0.0122582
0.0117993
0.0112566
0.0106342
0.00993703
0.00917052
0.00834069
0.0074534
0.00651475
0.00553742
0.00453331
0.00342272
0.00213415
0.00288498
0.0015342
0.000446605
-0.000463552
-0.00129667
-0.00205217
-0.00272874
-0.00333243
-0.00386929
-0.00434463
-0.00476349
-0.00513058
-0.00545022
-0.00572627
-0.00596216
-0.00616083
-0.00632479
-0.00645605
-0.0065562
-0.00662641
-0.00666744
-0.00667969
-0.00666322
-0.0066178
-0.00654293
-0.00643789
-0.00630179
-0.00613359
-0.00593217
-0.00569639
-0.00542508
-0.00511716
-0.00477164
-0.0043877
-0.00396471
-0.00350232
-0.00300046
-0.00245945
-0.00187995
-0.00126311
-0.000610535
7.5667e-05
0.000792846
0.0015378
0.00230675
0.00309536
0.00389872
0.00471137
0.00552734
0.00634016
0.00714295
0.00792847
0.0086892
0.00941742
0.0101053
0.0107452
0.0113293
0.0118503
0.0123012
0.0126757
0.0129679
0.0131727
0.0132861
0.0133048
0.0132267
0.0130506
0.0127767
0.012406
0.0119409
0.0113845
0.0107412
0.0100159
0.0092145
0.00834342
0.00740897
0.00641774
0.00538339
0.00431874
0.00313909
0.00176859
0.00218156
0.00079034
-0.000329312
-0.00126579
-0.00212265
-0.0028994
-0.00359485
-0.00421537
-0.00476734
-0.00525637
-0.00568777
-0.00606651
-0.00639712
-0.00668367
-0.00692974
-0.0071384
-0.00731224
-0.00745336
-0.00756337
-0.00764344
-0.00769432
-0.00771636
-0.00770956
-0.00767358
-0.00760783
-0.00751144
-0.00738338
-0.00722244
-0.00702733
-0.0067967
-0.00652919
-0.00622349
-0.00587841
-0.00549289
-0.00506607
-0.00459738
-0.00408653
-0.00353361
-0.0029391
-0.00230394
-0.00162958
-0.000917995
-0.000171731
0.000606075
0.00141167
0.00224069
0.00308814
0.00394841
0.00481533
0.00568215
0.00654165
0.00738616
0.00820768
0.00899793
0.0097485
0.0104509
0.0110968
0.0116781
0.012187
0.0126162
0.0129592
0.0132101
0.0133641
0.0134173
0.013367
0.0132115
0.0129504
0.0125847
0.0121165
0.0115489
0.0108862
0.0101339
0.00929791
0.00838518
0.00740249
0.00635696
0.00526327
0.00413523
0.00288282
0.00142554
0.00137359
-5.66296e-05
-0.00120718
-0.00216903
-0.00304876
-0.00384602
-0.0045597
-0.00519651
-0.00576314
-0.0062655
-0.00670918
-0.00709938
-0.00744087
-0.00773789
-0.00799419
-0.00821297
-0.0083969
-0.00854814
-0.00866833
-0.00875866
-0.00881983
-0.00885216
-0.00885556
-0.00882961
-0.00877358
-0.00868647
-0.00856709
-0.00841406
-0.0082259
-0.00800104
-0.00773792
-0.00743499
-0.00709081
-0.00670409
-0.00627374
-0.0057989
-0.00527906
-0.00471405
-0.00410413
-0.00345004
-0.00275302
-0.00201488
-0.00123804
-0.000425545
0.000418906
0.00129094
0.0021855
0.00309685
0.00401862
0.0049438
0.00586481
0.00677357
0.00766156
0.00851992
0.00933957
0.0101113
0.010826
0.0114748
0.0120489
0.0125402
0.0129413
0.0132454
0.013447
0.0135412
0.0135248
0.0133954
0.0131523
0.012796
0.0123283
0.0117523
0.0110726
0.0102945
0.00942446
0.00846986
0.00743793
0.00633638
0.00518095
0.0039865
0.00265734
0.00110801
0.000457645
-0.00101011
-0.0021904
-0.00317666
-0.00407842
-0.00489543
-0.00562669
-0.00627923
-0.00686006
-0.00737538
-0.00783104
-0.0082325
-0.00858474
-0.0088922
-0.00915877
-0.00938778
-0.00958198
-0.0097436
-0.0098743
-0.00997528
-0.0100472
-0.0100903
-0.0101045
-0.0100892
-0.0100436
-0.00996647
-0.00985652
-0.00971216
-0.00953171
-0.00931339
-0.0090554
-0.00875596
-0.00841335
-0.00802603
-0.00759262
-0.00711201
-0.0065834
-0.00600637
-0.0053809
-0.00470749
-0.00398716
-0.00322153
-0.00241285
-0.00156402
-0.000678685
0.000238818
0.00118339
0.00214921
0.00312971
0.00411762
0.00510502
0.00608341
0.00704373
0.00797652
0.00887202
0.00972025
0.0105112
0.0112351
0.0118823
0.0124437
0.0129109
0.0132761
0.0135328
0.0136755
0.0136998
0.013603
0.0133836
0.0130416
0.0125787
0.0119979
0.0113036
0.0105015
0.00959832
0.00860182
0.00751978
0.00636049
0.00514086
0.00387684
0.00246667
0.00081964
-0.000569539
-0.00207336
-0.00328225
-0.00429199
-0.00521492
-0.00605092
-0.00679911
-0.00746682
-0.00806138
-0.00858926
-0.00905659
-0.00946909
-0.00983193
-0.0101497
-0.0104266
-0.0106659
-0.0108705
-0.0110428
-0.0111843
-0.0112963
-0.0113795
-0.0114339
-0.0114595
-0.0114555
-0.011421
-0.0113547
-0.011255
-0.0111202
-0.0109483
-0.0107374
-0.0104855
-0.0101904
-0.00985024
-0.00946311
-0.00902737
-0.0085416
-0.00800469
-0.00741594
-0.00677503
-0.00608219
-0.00533817
-0.00454435
-0.00370278
-0.00281622
-0.00188816
-0.000922913
7.44425e-05
0.00109799
0.00214102
0.00319602
0.00425473
0.00530822
0.0063469
0.00736069
0.00833909
0.00927132
0.0101465
0.0109538
0.0116826
0.0123227
0.0128646
0.0132995
0.0136198
0.013819
0.0138918
0.0138347
0.0136454
0.0133237
0.0128706
0.012289
0.0115833
0.0107593
0.00982416
0.00878599
0.00765311
0.00643444
0.0051481
0.00381119
0.00231551
0.000564716
-0.00171111
-0.00324954
-0.00448589
-0.00551817
-0.00646145
-0.0073157
-0.00808016
-0.00876247
-0.00937026
-0.00991029
-0.010389
-0.0108122
-0.0111855
-0.0115135
-0.0118006
-0.0120502
-0.0122654
-0.0124485
-0.0126011
-0.0127245
-0.0128193
-0.0128857
-0.0129233
-0.0129313
-0.0129087
-0.012854
-0.0127655
-0.0126411
-0.0124789
-0.0122765
-0.0120317
-0.011742
-0.0114053
-0.0110194
-0.0105823
-0.0100922
-0.00954769
-0.00894778
-0.00829182
-0.00757969
-0.00681187
-0.00598945
-0.00511424
-0.00418878
-0.00321642
-0.00220136
-0.00114865
-6.42502e-05
0.001045
0.00217138
0.00330632
0.00444044
0.00556364
0.00666519
0.00773383
0.00875794
0.00972566
0.0106251
0.0114446
0.0121727
0.0127988
0.0133128
0.013706
0.0139706
0.0141005
0.0140911
0.0139394
0.0136444
0.0132068
0.0126292
0.0119159
0.0110727
0.0101072
0.00902792
0.00784368
0.00656405
0.00520846
0.00379526
0.0022093
0.000348297
-0.00297005
-0.00454168
-0.00580435
-0.00685828
-0.00782108
-0.00869285
-0.00947293
-0.0101693
-0.0107898
-0.0113415
-0.0118311
-0.0122648
-0.0126482
-0.0129864
-0.0132835
-0.0135435
-0.0137693
-0.0139633
-0.0141273
-0.0142624
-0.0143693
-0.0144481
-0.0144983
-0.014519
-0.0145091
-0.0144669
-0.0143905
-0.0142778
-0.0141263
-0.0139335
-0.013697
-0.013414
-0.013082
-0.0126985
-0.0122611
-0.0117677
-0.0112167
-0.0106065
-0.0099361
-0.00920514
-0.0084137
-0.00756255
-0.00665322
-0.005688
-0.00467003
-0.00360335
-0.00249295
-0.00134478
-0.00016576
0.00103619
0.00225221
0.00347252
0.00468648
0.00588271
0.00704919
0.00817338
0.00924241
0.0102433
0.0111631
0.0119893
0.0127097
0.013313
0.0137892
0.0141292
0.0143257
0.0143729
0.0142671
0.0140064
0.0135908
0.0130227
0.0123062
0.0114472
0.0104534
0.00933383
0.00809794
0.00675592
0.00532856
0.00383555
0.00215434
0.000176286
-0.00434921
-0.00595264
-0.00724058
-0.00831526
-0.0092968
-0.0101854
-0.0109804
-0.0116902
-0.0123229
-0.0128858
-0.013386
-0.0138297
-0.014223
-0.0145709
-0.014878
-0.0151482
-0.0153845
-0.0155896
-0.015765
-0.0159122
-0.0160315
-0.0161231
-0.0161865
-0.0162207
-0.0162243
-0.0161955
-0.0161323
-0.0160321
-0.0158926
-0.0157108
-0.0154839
-0.0152089
-0.014883
-0.0145032
-0.014067
-0.0135718
-0.0130153
-0.0123959
-0.0117121
-0.0109631
-0.0101485
-0.00926884
-0.00832524
-0.00731971
-0.00625511
-0.00513531
-0.00396515
-0.00275052
-0.0014984
-0.000216855
0.001085
0.00239701
0.00370801
0.00500597
0.00627807
0.00751084
0.00869037
0.00980246
0.0108329
0.0117677
0.0125934
0.0132972
0.0138674
0.0142936
0.0145672
0.0146811
0.0146305
0.0144124
0.0140264
0.0134742
0.0127596
0.0118887
0.0108692
0.00971073
0.00842319
0.00701751
0.00551592
0.0039395
0.00215783
5.55261e-05
-0.00585126
-0.00748519
-0.00879736
-0.00989198
-0.0108915
-0.0117961
-0.0126055
-0.0133281
-0.0139724
-0.014546
-0.0150562
-0.0155095
-0.0159122
-0.0162696
-0.0165864
-0.0168665
-0.0171133
-0.0173293
-0.0175163
-0.0176756
-0.0178076
-0.0179125
-0.0179896
-0.0180378
-0.0180557
-0.0180412
-0.0179922
-0.0179058
-0.0177795
-0.0176099
-0.0173941
-0.0171287
-0.0168104
-0.016436
-0.0160025
-0.0155069
-0.0149466
-0.0143194
-0.0136234
-0.0128573
-0.0120205
-0.0111128
-0.0101351
-0.00908907
-0.00797719
-0.00680308
-0.0055714
-0.00428793
-0.00295963
-0.00159466
-0.000202367
0.00120675
0.00262104
0.00402782
0.00541347
0.00676358
0.00806312
0.00929664
0.0104486
0.0115034
0.012446
0.0132622
0.0139384
0.0144628
0.014825
0.0150167
0.0150315
0.0148657
0.0145177
0.0139887
0.0132821
0.0124039
0.0113621
0.0101665
0.00882765
0.00735724
0.00577904
0.00411559
0.00222806
-6.08171e-06
-0.00747869
-0.00914192
-0.0104774
-0.0115912
-0.0126079
-0.013528
-0.014351
-0.0150858
-0.0157411
-0.0163248
-0.0168444
-0.0173068
-0.0177183
-0.0180847
-0.0184106
-0.0187004
-0.0189573
-0.019184
-0.0193825
-0.0195539
-0.0196989
-0.0198173
-0.0199085
-0.0199714
-0.0200042
-0.0200049
-0.019971
-0.0198997
-0.0197877
-0.0196319
-0.0194287
-0.0191744
-0.0188654
-0.0184982
-0.0180692
-0.017575
-0.0170126
-0.0163792
-0.0156725
-0.0148908
-0.0140328
-0.013098
-0.0120868
-0.0110004
-0.00984097
-0.00861174
-0.00731713
-0.00596277
-0.00455552
-0.00310359
-0.00161648
-0.000105001
0.00141874
0.00294143
0.00444866
0.00592504
0.00735439
0.00871998
0.0100047
0.0111916
0.0122637
0.013205
0.0140002
0.0146357
0.0150992
0.0153808
0.0154727
0.0153698
0.0150694
0.014572
0.0138804
0.0130004
0.0119401
0.0107098
0.00932052
0.00778461
0.00612753
0.00437342
0.00237446
5.33248e-07
-0.00923388
-0.0109253
-0.0122833
-0.0134155
-0.0144489
-0.0153837
-0.0162198
-0.016966
-0.0176316
-0.0182247
-0.018753
-0.0192238
-0.0196435
-0.0200181
-0.0203527
-0.0206515
-0.020918
-0.0211551
-0.0213648
-0.0215482
-0.021706
-0.021838
-0.0219436
-0.0220216
-0.02207
-0.0220867
-0.0220689
-0.0220136
-0.0219175
-0.0217767
-0.0215877
-0.0213462
-0.0210484
-0.0206902
-0.0202676
-0.0197768
-0.0192142
-0.0185766
-0.0178611
-0.0170654
-0.0161877
-0.0152271
-0.0141833
-0.0130571
-0.0118502
-0.0105654
-0.00920687
-0.00777994
-0.00629134
-0.00474922
-0.0031632
-0.00154434
9.48428e-05
0.00174045
0.00337729
0.00498899
0.00655821
0.00806684
0.00949628
0.0108277
0.0120426
0.0131227
0.0140509
0.0148114
0.0153901
0.0157751
0.0159568
0.0159286
0.0156867
0.0152303
0.0145618
0.0136865
0.0126126
0.0113506
0.00991212
0.00831029
0.00657226
0.00472386
0.00260774
8.57319e-05
-0.011119
-0.0128378
-0.0142175
-0.0153676
-0.016417
-0.017366
-0.0182144
-0.0189715
-0.0196466
-0.0202483
-0.0207845
-0.0212627
-0.0216897
-0.0220717
-0.022414
-0.022721
-0.0229965
-0.0232433
-0.0234636
-0.0236586
-0.023829
-0.0239746
-0.0240947
-0.024188
-0.0242525
-0.0242858
-0.024285
-0.0242469
-0.0241677
-0.0240435
-0.0238702
-0.0236433
-0.0233586
-0.0230113
-0.0225973
-0.022112
-0.0215514
-0.0209117
-0.0201894
-0.0193817
-0.0184862
-0.0175013
-0.0164263
-0.0152612
-0.0140073
-0.012667
-0.011244
-0.00974325
-0.0081713
-0.00653617
-0.0048475
-0.00311654
-0.00135615
0.000419217
0.00219362
0.00394973
0.00566901
0.00733196
0.00891836
0.0104076
0.0117791
0.0130125
0.0140886
0.0149893
0.0156982
0.0162013
0.016487
0.0165468
0.0163754
0.0159708
0.0153346
0.0144716
0.0133897
0.0120998
0.010614
0.00894623
0.00712541
0.00517919
0.00294004
0.000261304
-0.0131361
-0.0148815
-0.0162825
-0.0174501
-0.0185149
-0.0194775
-0.0203376
-0.0211048
-0.0217886
-0.0223979
-0.0229409
-0.0234255
-0.0238587
-0.024247
-0.0245958
-0.02491
-0.0251933
-0.0254489
-0.025679
-0.025885
-0.0260674
-0.0262263
-0.0263607
-0.0264694
-0.0265503
-0.0266007
-0.0266176
-0.0265975
-0.0265364
-0.0264301
-0.0262741
-0.0260636
-0.0257938
-0.0254597
-0.0250563
-0.0245788
-0.0240226
-0.0233831
-0.0226565
-0.021839
-0.0209278
-0.0199206
-0.0188159
-0.0176134
-0.0163135
-0.0149182
-0.0134305
-0.0118552
-0.0101983
-0.0084678
-0.00667316
-0.00482576
-0.00293873
-0.00102702
0.000892749
0.0028023
0.00468191
0.00651066
0.00826664
0.00992734
0.01147
0.0128722
0.0141121
0.0151692
0.0160245
0.0166617
0.0170668
0.0172293
0.017142
0.0168014
0.016208
0.0153659
0.0142828
0.0129697
0.0114392
0.00970586
0.00780071
0.00575322
0.00338507
0.00054063
-0.0152871
-0.0170588
-0.0184808
-0.0196655
-0.0207454
-0.021721
-0.0225922
-0.0233686
-0.0240601
-0.0246759
-0.0252245
-0.0257141
-0.026152
-0.026545
-0.0268989
-0.0272188
-0.0275086
-0.0277717
-0.0280104
-0.0282263
-0.0284199
-0.0285914
-0.0287397
-0.0288636
-0.0289608
-0.0290286
-0.0290637
-0.0290624
-0.0290205
-0.0289334
-0.0287962
-0.0286037
-0.0283508
-0.0280318
-0.0276414
-0.0271741
-0.0266247
-0.0259881
-0.0252596
-0.0244349
-0.0235104
-0.0224832
-0.021351
-0.0201127
-0.0187682
-0.0173187
-0.0157668
-0.0141166
-0.0123738
-0.010546
-0.00864257
-0.00667483
-0.00465613
-0.00260181
-0.000529136
0.00154273
0.0035929
0.00559901
0.00753745
0.00938372
0.0111128
0.0126999
0.0141204
0.0153512
0.0163705
0.0171592
0.0177007
0.017982
0.0179938
0.0177309
0.0171922
0.016381
0.0153045
0.0139739
0.012402
0.0106042
0.00861353
0.00646148
0.0039583
0.000938842
-0.0175737
-0.0193718
-0.0208148
-0.0220164
-0.0231112
-0.0240994
-0.0249808
-0.0257655
-0.0264637
-0.0270846
-0.0276372
-0.0281301
-0.0285709
-0.0289668
-0.029324
-0.0296476
-0.0299421
-0.0302109
-0.0304567
-0.0306809
-0.0308845
-0.0310675
-0.031229
-0.0313674
-0.0314807
-0.0315658
-0.0316194
-0.0316375
-0.0316155
-0.0315487
-0.0314317
-0.0312589
-0.0310247
-0.030723
-0.0303478
-0.0298932
-0.0293532
-0.0287221
-0.0279944
-0.0271653
-0.0262302
-0.0251855
-0.0240281
-0.0227562
-0.021369
-0.0198667
-0.0182515
-0.0165266
-0.0146974
-0.0127709
-0.0107564
-0.00866494
-0.00651002
-0.00430726
-0.00207449
0.000168298
0.00239912
0.00459417
0.00672809
0.00877434
0.0107056
0.0124943
0.0141133
0.0155361
0.0167382
0.0176972
0.0183936
0.0188115
0.0189391
0.018769
0.0182985
0.0175296
0.016469
0.0151276
0.0135185
0.011658
0.00958108
0.00732142
0.00467709
0.00147301
-0.0199979
-0.0218227
-0.023287
-0.0245057
-0.0256151
-0.0266154
-0.0275065
-0.0282984
-0.0290018
-0.0296262
-0.030181
-0.0306751
-0.0311167
-0.0315131
-0.031871
-0.032196
-0.0324928
-0.0327651
-0.0330157
-0.0332465
-0.0334583
-0.0336512
-0.0338246
-0.0339767
-0.0341053
-0.0342075
-0.0342795
-0.0343172
-0.0343158
-0.0342701
-0.0341745
-0.0340229
-0.0338092
-0.0335267
-0.0331691
-0.0327295
-0.0322015
-0.0315787
-0.0308548
-0.0300241
-0.0290813
-0.0280219
-0.0268422
-0.0255392
-0.0241113
-0.0225582
-0.0208809
-0.0190821
-0.0171666
-0.0151407
-0.0130133
-0.0107954
-0.00850023
-0.00614372
-0.00374412
-0.00132215
0.00109915
0.00349458
0.00583704
0.0080979
0.0102474
0.0122553
0.0140912
0.0157256
0.0171304
0.0182799
0.0191512
0.0197251
0.019987
0.0199267
0.0195396
0.0188261
0.017792
0.0164478
0.0148068
0.012886
0.0107226
0.00835255
0.00556097
0.00216234
-0.0225612
-0.0244139
-0.0259
-0.0271362
-0.0282603
-0.0292724
-0.0301722
-0.0309703
-0.0316772
-0.0323032
-0.0328578
-0.0333506
-0.0337901
-0.0341842
-0.0345399
-0.0348632
-0.0351593
-0.0354322
-0.035685
-0.0359197
-0.0361374
-0.0363383
-0.0365217
-0.0366861
-0.036829
-0.0369474
-0.0370374
-0.0370947
-0.0371141
-0.0370902
-0.0370169
-0.0368878
-0.0366961
-0.0364348
-0.0360968
-0.0356748
-0.0351614
-0.0345496
-0.0338324
-0.0330031
-0.0320558
-0.0309849
-0.0297857
-0.0284544
-0.0269885
-0.0253867
-0.0236492
-0.0217779
-0.0197765
-0.0176511
-0.0154098
-0.0130632
-0.0106244
-0.00810946
-0.00553684
-0.00292792
-0.000306699
0.0023003
0.00486427
0.00735446
0.00973861
0.0119835
0.0140557
0.0159222
0.017551
0.0189127
0.0199805
0.0207316
0.0211479
0.0212163
0.0209296
0.0202863
0.0192909
0.0179532
0.0162868
0.0143092
0.0120597
0.00957674
0.00663183
0.00302842
-0.0252654
-0.0271476
-0.0286569
-0.0299111
-0.0310501
-0.0320736
-0.0329815
-0.0337841
-0.0344928
-0.0351179
-0.0356697
-0.0361579
-0.0365919
-0.0369801
-0.0373299
-0.0376479
-0.0379396
-0.0382095
-0.038461
-0.0386964
-0.038917
-0.0391233
-0.0393144
-0.039489
-0.0396446
-0.0397779
-0.0398851
-0.0399615
-0.0400017
-0.0399998
-0.0399495
-0.0398439
-0.0396757
-0.0394373
-0.039121
-0.0387187
-0.0382225
-0.0376245
-0.0369169
-0.0360922
-0.0351435
-0.0340642
-0.0328487
-0.0314923
-0.0299914
-0.0283435
-0.026548
-0.0246059
-0.02252
-0.0202954
-0.0179397
-0.0154629
-0.0128778
-0.0102004
-0.00744919
-0.00464613
-0.00181603
0.00101335
0.00381156
0.00654574
0.0091811
0.0116814
0.0140099
0.0161297
0.0180049
0.0196018
0.0208894
0.0218407
0.0224337
0.0226516
0.0224843
0.0219278
0.020985
0.019665
0.0179809
0.0159507
0.0136163
0.0110184
0.00791415
0.00409545
-0.0281126
-0.0300268
-0.0315609
-0.0328342
-0.0339884
-0.0350231
-0.0359379
-0.0367436
-0.0374517
-0.038073
-0.0386185
-0.0390984
-0.0395228
-0.0399006
-0.0402399
-0.040548
-0.0408308
-0.0410933
-0.0413393
-0.0415715
-0.0417914
-0.0419995
-0.0421955
-0.0423777
-0.0425437
-0.0426903
-0.0428133
-0.0429078
-0.0429682
-0.0429884
-0.0429614
-0.04288
-0.0427363
-0.0425223
-0.0422294
-0.041849
-0.0413724
-0.0407909
-0.0400958
-0.0392788
-0.0383318
-0.0372475
-0.0360191
-0.0346408
-0.0331079
-0.0314171
-0.0295663
-0.0275555
-0.0253867
-0.023064
-0.020594
-0.0179863
-0.015253
-0.0124096
-0.00947507
-0.00647136
-0.00342405
-0.000361986
0.00268281
0.00567545
0.00857858
0.011353
0.0139582
0.0163534
0.0184985
0.0203551
0.0218874
0.0230638
0.0238575
0.024248
0.0242212
0.0237703
0.0228961
0.0216063
0.0199137
0.0178367
0.0154193
0.0127049
0.00943533
0.00539053
-0.0311049
-0.0330544
-0.0346157
-0.0359094
-0.0370796
-0.0381253
-0.0390459
-0.0398526
-0.0405573
-0.0411714
-0.0417063
-0.0421734
-0.042583
-0.0429452
-0.0432686
-0.0435612
-0.0438297
-0.0440794
-0.0443147
-0.0445388
-0.0447534
-0.0449594
-0.0451564
-0.0453429
-0.0455165
-0.045674
-0.0458108
-0.0459221
-0.0460018
-0.0460434
-0.0460397
-0.0459828
-0.0458644
-0.0456759
-0.045408
-0.0450514
-0.0445966
-0.0440341
-0.0433543
-0.0425479
-0.0416059
-0.0405198
-0.0392819
-0.0378852
-0.0363237
-0.034593
-0.0326899
-0.0306132
-0.0283637
-0.0259444
-0.023361
-0.0206221
-0.0177392
-0.0147275
-0.0116055
-0.00839538
-0.00512322
-0.00181881
0.00148443
0.00474964
0.00793698
0.0110041
0.0139069
0.0166005
0.01904
0.021182
0.0229855
0.0244136
0.0254345
0.0260227
0.0261598
0.0258356
0.025048
0.0238032
0.022113
0.019996
0.0174985
0.0146666
0.011226
0.00694399
-0.0342449
-0.0362341
-0.0378257
-0.0391419
-0.0403287
-0.0413851
-0.0423103
-0.0431156
-0.0438135
-0.0444161
-0.0449356
-0.0453841
-0.045773
-0.046113
-0.046414
-0.0466845
-0.0469319
-0.0471625
-0.0473811
-0.0475912
-0.0477951
-0.0479939
-0.0481873
-0.0483741
-0.0485518
-0.048717
-0.0488653
-0.0489912
-0.0490887
-0.0491508
-0.0491698
-0.0491374
-0.0490447
-0.0488824
-0.0486407
-0.0483095
-0.0478785
-0.0473372
-0.0466752
-0.0458822
-0.0449483
-0.0438637
-0.0426197
-0.0412079
-0.0396214
-0.0378542
-0.0359021
-0.0337624
-0.0314347
-0.0289208
-0.0262254
-0.0233558
-0.0203229
-0.017141
-0.0138282
-0.0104068
-0.00690296
-0.00334726
0.000225619
0.00377703
0.0072647
0.0106432
0.0138648
0.0168801
0.0196393
0.0220937
0.0241966
0.0259052
0.0271817
0.0279951
0.0283221
0.028148
0.0274675
0.0262845
0.0246095
0.0224608
0.0198872
0.0169375
0.0133203
0.00878969
-0.0375356
-0.0395704
-0.0411963
-0.0425372
-0.0437419
-0.0448088
-0.0457369
-0.0465379
-0.0472249
-0.0478108
-0.0483088
-0.0487319
-0.0490927
-0.049403
-0.0496736
-0.0499141
-0.0501327
-0.0503365
-0.050531
-0.0507202
-0.050907
-0.0510926
-0.0512771
-0.0514593
-0.0516368
-0.051806
-0.0519625
-0.0521005
-0.0522137
-0.0522947
-0.0523354
-0.052327
-0.0522599
-0.0521243
-0.0519096
-0.0516049
-0.0511992
-0.0506811
-0.0500393
-0.0492623
-0.0483392
-0.0472593
-0.0460123
-0.0445889
-0.0429807
-0.0411806
-0.0391827
-0.0369832
-0.0345803
-0.0319743
-0.0291687
-0.0261696
-0.0229867
-0.0196336
-0.0161277
-0.0124908
-0.00874936
-0.00493427
-0.00108128
0.00276934
0.00657302
0.0102814
0.0138428
0.0172036
0.0203089
0.0231039
0.0255359
0.0275554
0.0291183
0.030187
0.0307324
0.0307347
0.0301844
0.0290823
0.0274373
0.0252672
0.0226228
0.0195557
0.0157565
0.0109655
-0.0409809
-0.0430686
-0.0447339
-0.0461025
-0.0473264
-0.0484034
-0.0493324
-0.0501256
-0.0507966
-0.0513596
-0.0518286
-0.0522182
-0.0525422
-0.0528136
-0.0530445
-0.0532456
-0.0534262
-0.0535943
-0.0537561
-0.0539164
-0.0540784
-0.0542438
-0.054413
-0.0545849
-0.054757
-0.0549258
-0.0550866
-0.0552336
-0.0553598
-0.0554576
-0.0555185
-0.0555329
-0.055491
-0.0553819
-0.0551946
-0.0549174
-0.0545382
-0.0540449
-0.053425
-0.0526664
-0.0517567
-0.0506841
-0.0494373
-0.0480055
-0.046379
-0.0445492
-0.0425091
-0.0402531
-0.0377779
-0.0350827
-0.032169
-0.029042
-0.02571
-0.0221853
-0.0184846
-0.0146291
-0.0106449
-0.00656322
-0.00242051
0.00174157
0.00587638
0.00993264
0.0138551
0.0175855
0.0210635
0.0242285
0.0270208
0.0293838
0.0312661
0.0326228
0.033418
0.0336257
0.0332315
0.0322324
0.0306346
0.028455
0.0257465
0.0225634
0.0185771
0.0135136
-0.0445858
-0.0467355
-0.0484463
-0.0498462
-0.051091
-0.0521777
-0.0531051
-0.0538859
-0.0545348
-0.0550671
-0.0554985
-0.0558448
-0.0561214
-0.0563431
-0.0565232
-0.0566739
-0.0568058
-0.0569277
-0.0570468
-0.0571688
-0.0572972
-0.0574344
-0.0575809
-0.0577358
-0.0578966
-0.0580598
-0.0582204
-0.0583723
-0.0585083
-0.0586203
-0.0586992
-0.058735
-0.0587171
-0.0586341
-0.0584741
-0.0582246
-0.0578727
-0.0574053
-0.056809
-0.0560705
-0.0551764
-0.0541136
-0.0528696
-0.0514323
-0.0497906
-0.0479345
-0.0458554
-0.0435462
-0.041002
-0.0382203
-0.0352013
-0.0319483
-0.0284684
-0.0247725
-0.0208761
-0.0167995
-0.0125684
-0.00821381
-0.00377266
0.000712316
0.00519264
0.0096144
0.0139188
0.0180429
0.0219211
0.0254862
0.0286715
0.0314126
0.0336497
0.0353299
0.0364093
0.0368548
0.0366458
0.0357744
0.0342438
0.0320691
0.0293048
0.026008
0.0218298
0.0164812
-0.0483564
-0.0505794
-0.0523433
-0.0537788
-0.0550462
-0.0561419
-0.0570644
-0.0578274
-0.0584467
-0.0589391
-0.059322
-0.0596133
-0.0598302
-0.0599892
-0.0601056
-0.0601931
-0.0602636
-0.0603272
-0.0603923
-0.0604651
-0.0605501
-0.0606498
-0.0607652
-0.0608954
-0.0610382
-0.0611897
-0.0613448
-0.0614971
-0.061639
-0.0617619
-0.0618562
-0.0619113
-0.061916
-0.061858
-0.0617247
-0.0615027
-0.0611784
-0.0607376
-0.0601659
-0.0594488
-0.058572
-0.057521
-0.0562822
-0.0548419
-0.0531878
-0.0513084
-0.0491933
-0.046834
-0.0442239
-0.0413588
-0.038237
-0.0348604
-0.0312342
-0.0273679
-0.0232755
-0.0189763
-0.0144948
-0.00986193
-0.00511454
-0.000296123
0.00454335
0.00934757
0.0140544
0.0185965
0.0229026
0.0268991
0.0305114
0.0336669
0.0362968
0.0383389
0.0397402
0.0404593
0.0404681
0.0397528
0.0383122
0.0361591
0.0333493
0.0299424
0.0255677
0.019921
-0.0523007
-0.0546107
-0.0564368
-0.057913
-0.0592051
-0.0603087
-0.0612222
-0.0619603
-0.0625407
-0.0629819
-0.0633035
-0.0635257
-0.0636681
-0.0637494
-0.0637869
-0.0637962
-0.0637908
-0.0637824
-0.0637803
-0.0637917
-0.0638218
-0.0638736
-0.0639484
-0.0640455
-0.0641625
-0.0642956
-0.0644392
-0.0645868
-0.0647301
-0.0648602
-0.0649667
-0.0650386
-0.0650637
-0.0650291
-0.0649215
-0.0647264
-0.0644294
-0.0640153
-0.0634686
-0.0627739
-0.0619155
-0.0608779
-0.059646
-0.0582049
-0.0565407
-0.0546403
-0.052492
-0.0500855
-0.0474123
-0.0444666
-0.0412449
-0.037747
-0.0339764
-0.0299409
-0.0256528
-0.0211298
-0.0163954
-0.0114797
-0.00641912
-0.0012576
0.00395381
0.00915681
0.0142861
0.0192703
0.0240324
0.0284922
0.0325671
0.0361754
0.0392386
0.0416841
0.0434487
0.0444809
0.044744
0.0442168
0.0428926
0.0407807
0.0379378
0.0344256
0.0298505
0.0238919
-0.0564288
-0.0588424
-0.0607417
-0.0622646
-0.0635834
-0.0646931
-0.0655923
-0.066297
-0.0668269
-0.0672031
-0.0674479
-0.0675844
-0.0676348
-0.0676207
-0.0675616
-0.0674754
-0.0673775
-0.0672812
-0.067197
-0.0671332
-0.0670957
-0.0670881
-0.0671117
-0.0671662
-0.0672491
-0.0673561
-0.0674818
-0.0676187
-0.0677586
-0.0678915
-0.0680066
-0.0680921
-0.0681351
-0.068122
-0.0680384
-0.0678691
-0.0675986
-0.0672108
-0.0666892
-0.0660171
-0.0651777
-0.0641544
-0.0629305
-0.06149
-0.0598175
-0.0578982
-0.0557189
-0.0532675
-0.0505339
-0.0475101
-0.0441909
-0.040574
-0.0366611
-0.0324577
-0.0279744
-0.0232271
-0.0182379
-0.0130354
-0.00765563
-0.00214221
0.00345314
0.00907051
0.0146419
0.020092
0.0253385
0.0302943
0.0348687
0.0389703
0.0425099
0.0454037
0.0475766
0.0489658
0.0495241
0.0492215
0.0480439
0.0459962
0.0431351
0.039524
0.0347446
0.0284595
-0.0607538
-0.0632912
-0.0652766
-0.0668529
-0.0682005
-0.0693137
-0.0701915
-0.0708518
-0.0713171
-0.0716115
-0.0717609
-0.0717917
-0.0717296
-0.0715992
-0.0714231
-0.0712215
-0.0710122
-0.0708101
-0.0706272
-0.0704728
-0.0703535
-0.0702736
-0.0702346
-0.0702361
-0.0702756
-0.0703486
-0.070449
-0.0705691
-0.0706999
-0.0708309
-0.0709505
-0.0710462
-0.0711042
-0.07111
-0.0710484
-0.0709033
-0.070658
-0.0702956
-0.0697983
-0.0691485
-0.0683282
-0.0673193
-0.0661041
-0.0646651
-0.0629853
-0.0610485
-0.0588398
-0.0563454
-0.0535532
-0.0504535
-0.0470389
-0.0433052
-0.0392517
-0.0348818
-0.0302041
-0.0252323
-0.0199867
-0.0144943
-0.00878986
-0.00291646
0.00307405
0.00912072
0.0151534
0.021093
0.0268525
0.0323378
0.0374499
0.0420874
0.0461496
0.0495401
0.0521707
0.0539656
0.054865
0.054828
0.0538319
0.0518753
0.0490137
0.0453121
0.0403251
0.0336978
-0.0652923
-0.0679777
-0.0700647
-0.0717019
-0.07308
-0.0741929
-0.07504
-0.0756421
-0.0760252
-0.0762175
-0.076249
-0.0761503
-0.0759514
-0.0756805
-0.0753637
-0.0750242
-0.0746819
-0.0743539
-0.0740536
-0.0737915
-0.0735751
-0.0734089
-0.0732948
-0.0732322
-0.0732184
-0.0732486
-0.0733161
-0.0734127
-0.0735286
-0.0736526
-0.0737724
-0.0738743
-0.073944
-0.0739659
-0.0739238
-0.0738007
-0.0735789
-0.0732404
-0.0727663
-0.0721379
-0.0713359
-0.0703412
-0.0691345
-0.067697
-0.0660104
-0.0640568
-0.0618196
-0.0592833
-0.056434
-0.0532599
-0.0497516
-0.0459026
-0.04171
-0.0371749
-0.0323034
-0.0271071
-0.0216037
-0.0158185
-0.00978458
-0.00354375
0.00285255
0.00934289
0.0158555
0.0223083
0.0286095
0.0346586
0.0403482
0.0455665
0.0502005
0.0541403
0.0572828
0.0595372
0.0608292
0.0611049
0.0603304
0.0584962
0.0556556
0.0518736
0.0466761
0.0396895
-0.0700656
-0.072928
-0.0751345
-0.0768412
-0.078251
-0.0793577
-0.0801621
-0.0806886
-0.0809677
-0.0810328
-0.0809193
-0.080663
-0.0802987
-0.0798593
-0.0793746
-0.0788712
-0.0783717
-0.0778954
-0.0774572
-0.0770689
-0.0767385
-0.0764711
-0.0762684
-0.07613
-0.0760525
-0.0760308
-0.0760574
-0.0761235
-0.0762184
-0.0763301
-0.0764452
-0.0765494
-0.0766271
-0.0766619
-0.0766366
-0.076533
-0.0763325
-0.0760159
-0.0755634
-0.0749548
-0.07417
-0.0731883
-0.0719893
-0.0705528
-0.0688589
-0.0668884
-0.0646229
-0.0620451
-0.0591393
-0.0558917
-0.0522906
-0.0483275
-0.0439968
-0.0392973
-0.0342325
-0.0288113
-0.023049
-0.0169683
-0.0106002
-0.00398492
0.00282734
0.00977531
0.0167863
0.0237758
0.030648
0.0372962
0.0436047
0.0494512
0.0547099
0.0592558
0.0629697
0.0657437
0.0674866
0.0681286
0.0676221
0.0659471
0.0631527
0.0593033
0.0538928
0.0465279
-0.0751006
-0.0781749
-0.0805223
-0.0823075
-0.0837491
-0.0848413
-0.0855869
-0.0860155
-0.0861636
-0.086071
-0.0857799
-0.0853325
-0.0847694
-0.0841289
-0.0834452
-0.0827486
-0.0820648
-0.0814153
-0.0808168
-0.080282
-0.0798197
-0.079435
-0.0791299
-0.0789033
-0.0787514
-0.0786684
-0.0786461
-0.0786745
-0.0787422
-0.0788361
-0.0789419
-0.0790441
-0.0791261
-0.0791704
-0.0791588
-0.0790719
-0.0788902
-0.0785932
-0.07816
-0.0775693
-0.0767997
-0.0758294
-0.0746367
-0.0731998
-0.0714977
-0.0695093
-0.0672148
-0.0645951
-0.0616327
-0.0583115
-0.054618
-0.050541
-0.0460727
-0.0412091
-0.0359509
-0.0303043
-0.0242816
-0.0179027
-0.011196
-0.00419924
0.00303896
0.0104583
0.017986
0.025536
0.033009
0.0402928
0.0472638
0.0537888
0.0597288
0.064943
0.0692942
0.072655
0.0749145
0.0759843
0.0757996
0.0743272
0.0716095
0.0677085
0.062083
0.0543184
-0.0804321
-0.0837601
-0.0862728
-0.088146
-0.0896178
-0.0906835
-0.0913494
-0.0916517
-0.091635
-0.0913475
-0.0908395
-0.0901611
-0.0893602
-0.0884808
-0.0875626
-0.0866399
-0.0857418
-0.0848919
-0.0841087
-0.0834058
-0.0827926
-0.0822741
-0.081852
-0.0815246
-0.0812875
-0.0811338
-0.0810544
-0.0810382
-0.0810726
-0.0811435
-0.0812352
-0.0813312
-0.0814137
-0.0814641
-0.0814629
-0.0813899
-0.0812241
-0.080944
-0.0805276
-0.0799524
-0.0791957
-0.0782345
-0.0770459
-0.0756068
-0.0738945
-0.0718867
-0.0695618
-0.066899
-0.0638789
-0.0604835
-0.0566969
-0.0525056
-0.0478993
-0.0428712
-0.0374191
-0.0315459
-0.025261
-0.0185809
-0.0115307
-0.00414557
0.00352859
0.0114332
0.0194962
0.0276309
0.0357354
0.0436929
0.0513721
0.0586295
0.0653123
0.0712628
0.0763242
0.0803474
0.0831988
0.0847673
0.0849675
0.083749
0.0811446
0.0772117
0.0713695
0.0631808
-0.0861042
-0.0897359
-0.0924425
-0.0944133
-0.0959108
-0.096933
-0.0974913
-0.0976311
-0.0974074
-0.0968792
-0.0961071
-0.0951506
-0.094066
-0.0929046
-0.0917116
-0.0905261
-0.0893804
-0.0883006
-0.0873065
-0.0864128
-0.0856288
-0.0849594
-0.0844056
-0.083965
-0.083632
-0.0833985
-0.0832542
-0.0831867
-0.0831821
-0.0832248
-0.083298
-0.0833839
-0.0834633
-0.0835164
-0.0835226
-0.0834603
-0.0833075
-0.0830414
-0.082639
-0.0820765
-0.08133
-0.0803753
-0.0791881
-0.0777442
-0.0760193
-0.0739898
-0.0716323
-0.0689245
-0.0658449
-0.0623737
-0.0584926
-0.0541859
-0.0494405
-0.0442467
-0.0385993
-0.0324979
-0.0259483
-0.0189635
-0.0115649
-0.00378391
0.00433658
0.0127407
0.0213582
0.0301026
0.0388707
0.0475418
0.0559781
0.0640257
0.0715182
0.0782802
0.0841336
0.0889049
0.0924343
0.094584
0.0952435
0.0943401
0.0918936
0.0879531
0.0818931
0.0732517
-0.0921732
-0.0961689
-0.0991022
-0.101179
-0.102694
-0.103649
-0.104062
-0.103993
-0.10351
-0.102685
-0.101592
-0.100301
-0.0988798
-0.0973867
-0.0958737
-0.0943845
-0.092955
-0.0916134
-0.090381
-0.0892727
-0.0882976
-0.0874602
-0.0867603
-0.0861943
-0.0857552
-0.0854334
-0.085217
-0.0850922
-0.0850433
-0.0850534
-0.0851042
-0.0851763
-0.0852493
-0.0853021
-0.0853126
-0.0852581
-0.0851154
-0.0848605
-0.084469
-0.0839162
-0.0831769
-0.0822257
-0.081037
-0.0795852
-0.0778449
-0.0757908
-0.073398
-0.0706425
-0.0675011
-0.0639518
-0.0599742
-0.0555501
-0.0506637
-0.0453024
-0.0394577
-0.0331257
-0.0263084
-0.0190147
-0.0112619
-0.00307721
0.00550053
0.0144191
0.023611
0.0329914
0.0424569
0.0518843
0.0611299
0.0700307
0.0784065
0.0860636
0.092801
0.0984183
0.102725
0.105553
0.106761
0.106246
0.104012
0.100095
0.0938165
0.0846882
-0.0987116
-0.103144
-0.106341
-0.108532
-0.110048
-0.110901
-0.111121
-0.110784
-0.109975
-0.108784
-0.107301
-0.105611
-0.103791
-0.10191
-0.100026
-0.0981881
-0.0964357
-0.0947987
-0.0932992
-0.0919521
-0.0907659
-0.0897437
-0.0888839
-0.0881811
-0.0876266
-0.087209
-0.0869143
-0.0867269
-0.0866295
-0.0866033
-0.0866284
-0.0866838
-0.0867477
-0.0867974
-0.0868097
-0.0867604
-0.086625
-0.0863785
-0.0859951
-0.085449
-0.0847138
-0.0837629
-0.0825694
-0.0811066
-0.0793476
-0.0772656
-0.0748345
-0.0720283
-0.0688221
-0.0651919
-0.0611152
-0.0565711
-0.0515413
-0.0460101
-0.0399654
-0.0333998
-0.0263111
-0.0187038
-0.0105905
-0.0019936
0.00705306
0.0165018
0.0262892
0.0363335
0.0465324
0.0567617
0.0668735
0.0766964
0.0860371
0.0946831
0.102409
0.108985
0.114187
0.117808
0.119669
0.119634
0.11768
0.113824
0.107329
0.0976724
-0.105812
-0.110768
-0.114273
-0.11658
-0.118074
-0.118778
-0.118739
-0.118055
-0.116838
-0.115197
-0.113242
-0.111075
-0.108785
-0.106451
-0.10414
-0.101905
-0.0997878
-0.0978203
-0.0960246
-0.0944146
-0.0929976
-0.0917748
-0.0907425
-0.089893
-0.0892152
-0.0886955
-0.0883177
-0.0880639
-0.0879148
-0.0878497
-0.0878468
-0.0878834
-0.0879362
-0.087981
-0.0879929
-0.0879466
-0.0878164
-0.0875757
-0.0871978
-0.0866556
-0.0859215
-0.0849678
-0.0837664
-0.0822892
-0.0805082
-0.0783951
-0.0759223
-0.0730622
-0.0697881
-0.066074
-0.0618952
-0.0572284
-0.0520523
-0.0463482
-0.0401006
-0.033298
-0.0259338
-0.0180077
-0.00952713
-0.000508795
0.00901916
0.0190149
0.0294202
0.0401579
0.0511289
0.0622095
0.0732494
0.0840705
0.0944671
0.104208
0.113044
0.12071
0.126944
0.131496
0.13414
0.134696
0.133106
0.129362
0.122652
0.112418
-0.113596
-0.119182
-0.12304
-0.125461
-0.126894
-0.127381
-0.126996
-0.125868
-0.124137
-0.121943
-0.119417
-0.116681
-0.113839
-0.110982
-0.108181
-0.105496
-0.102971
-0.100637
-0.0985159
-0.09662
-0.094954
-0.0935164
-0.0923008
-0.0912965
-0.0904896
-0.0898634
-0.0893994
-0.089077
-0.0888746
-0.0887694
-0.0887375
-0.0887545
-0.0887952
-0.0888339
-0.0888442
-0.0887995
-0.0886726
-0.0884358
-0.0880612
-0.0875205
-0.086785
-0.0858256
-0.0846134
-0.0831189
-0.0813127
-0.0791654
-0.0766478
-0.0737307
-0.0703857
-0.0665848
-0.062301
-0.0575086
-0.0521836
-0.0463038
-0.0398502
-0.0328071
-0.0251632
-0.016913
-0.00805811
0.00139112
0.0114133
0.0219734
0.0330203
0.044483
0.0562674
0.068253
0.080289
0.0921927
0.103748
0.114705
0.124788
0.133699
0.14113
0.146779
0.150366
0.151654
0.150537
0.146971
0.140051
0.129176
-0.122218
-0.128563
-0.132828
-0.135348
-0.136659
-0.136837
-0.135989
-0.134287
-0.131912
-0.129037
-0.125822
-0.122411
-0.118924
-0.115463
-0.112106
-0.108916
-0.105937
-0.103201
-0.100727
-0.098524
-0.0965931
-0.0949293
-0.0935223
-0.0923578
-0.0914182
-0.0906838
-0.0901326
-0.0897415
-0.0894861
-0.0893413
-0.089281
-0.0892788
-0.0893077
-0.0893404
-0.0893489
-0.0893052
-0.0891808
-0.0889468
-0.088574
-0.088033
-0.087294
-0.0863269
-0.0851015
-0.0835871
-0.0817533
-0.0795692
-0.0770041
-0.0740275
-0.0706091
-0.0667189
-0.0623279
-0.0574078
-0.0519315
-0.0458737
-0.0392116
-0.031925
-0.0239977
-0.0154185
-0.00618259
0.0037068
0.014236
0.0253785
0.0370914
0.0493121
0.0619542
0.0749024
0.0880091
0.101089
0.113918
0.126231
0.137724
0.148061
0.156887
0.163839
0.168568
0.170765
0.170263
0.166962
0.159844
0.14825
-0.131886
-0.139148
-0.143874
-0.146459
-0.147558
-0.147294
-0.145826
-0.143384
-0.140199
-0.136488
-0.132444
-0.128234
-0.123997
-0.119844
-0.115859
-0.112107
-0.108631
-0.105459
-0.102607
-0.100078
-0.09787
-0.095972
-0.094369
-0.0930423
-0.0919699
-0.0911282
-0.0904919
-0.0900345
-0.0897287
-0.0895469
-0.0894606
-0.0894414
-0.0894604
-0.0894884
-0.0894961
-0.0894541
-0.0893324
-0.089101
-0.0887295
-0.0881875
-0.0874439
-0.0864678
-0.0852277
-0.0836919
-0.0818287
-0.0796061
-0.076992
-0.0739543
-0.070461
-0.0664803
-0.0619808
-0.0569317
-0.0513031
-0.0450663
-0.0381943
-0.0306625
-0.0224494
-0.0135375
-0.00391502
0.00642271
0.017471
0.029213
0.0416163
0.054629
0.0681748
0.0821476
0.0964057
0.110766
0.125
0.138827
0.151919
0.163901
0.174362
0.18287
0.188993
0.192331
0.192631
0.189717
0.18242
0.170008
-0.14287
-0.151245
-0.156485
-0.159071
-0.159821
-0.158929
-0.15663
-0.153231
-0.149029
-0.144292
-0.139252
-0.134103
-0.128999
-0.12406
-0.119373
-0.115002
-0.110986
-0.107348
-0.104096
-0.101229
-0.0987363
-0.096601
-0.0948022
-0.0933154
-0.0921141
-0.09117
-0.0904537
-0.0899353
-0.0895844
-0.0893705
-0.0892629
-0.0892308
-0.0892434
-0.0892699
-0.0892794
-0.089241
-0.0891236
-0.0888959
-0.0885266
-0.0879839
-0.087236
-0.0862507
-0.0849957
-0.0834383
-0.0815455
-0.0792841
-0.0766207
-0.0735218
-0.0699537
-0.0658827
-0.0612752
-0.0560979
-0.0503177
-0.0439027
-0.0368216
-0.029045
-0.0205457
-0.0112998
-0.00128767
0.00950423
0.0210813
0.0334381
0.0465547
0.0603925
0.0748889
0.0899505
0.105447
0.121201
0.136985
0.152509
0.167422
0.181309
0.193699
0.204081
0.211921
0.216702
0.218059
0.215703
0.208263
0.194906
-0.155537
-0.165268
-0.171066
-0.173538
-0.173729
-0.171947
-0.168532
-0.163895
-0.158416
-0.152425
-0.146195
-0.139946
-0.133848
-0.128024
-0.122562
-0.117518
-0.112925
-0.108796
-0.105131
-0.101919
-0.0991406
-0.0967711
-0.0947822
-0.0931431
-0.0918214
-0.0907838
-0.0899966
-0.0894261
-0.0890384
-0.0888003
-0.0886783
-0.0886397
-0.0886516
-0.0886816
-0.0886972
-0.0886662
-0.0885562
-0.088335
-0.08797
-0.0874286
-0.086678
-0.0856852
-0.0844167
-0.0828389
-0.0809179
-0.0786192
-0.0759083
-0.0727501
-0.0691095
-0.0649507
-0.060238
-0.0549356
-0.0490074
-0.0424178
-0.0351313
-0.0271136
-0.0183315
-0.00875385
0.00164724
0.0128951
0.0250066
0.0379894
0.0518384
0.0665314
0.0820232
0.0982383
0.115063
0.132333
0.149829
0.167257
0.184249
0.200351
0.215032
0.227688
0.237662
0.244291
0.247054
0.245501
0.237984
0.223523
-0.170387
-0.181774
-0.188151
-0.19031
-0.189628
-0.186582
-0.181668
-0.17543
-0.168351
-0.160831
-0.153187
-0.145662
-0.138434
-0.131626
-0.125318
-0.119555
-0.114356
-0.109722
-0.10564
-0.102085
-0.0990286
-0.0964357
-0.0942696
-0.092492
-0.0910641
-0.0899471
-0.0891024
-0.0884924
-0.0880798
-0.0878281
-0.0877017
-0.0876654
-0.0876845
-0.0877251
-0.0877531
-0.0877351
-0.0876377
-0.0874274
-0.0870708
-0.0865346
-0.0857849
-0.0847879
-0.0835094
-0.0819147
-0.079969
-0.0776369
-0.0748825
-0.0716696
-0.0679612
-0.06372
-0.0589081
-0.053487
-0.0474178
-0.0406611
-0.0331773
-0.0249266
-0.0158696
-0.00596772
0.00481598
0.0165156
0.0291607
0.0427739
0.0573675
0.0729391
0.0894655
0.106895
0.125136
0.14405
0.16343
0.182993
0.202361
0.221049
0.238463
0.253898
0.266553
0.275576
0.280237
0.279852
0.272375
0.256605
-0.188117
-0.201533
-0.208452
-0.209961
-0.207927
-0.203091
-0.19616
-0.187853
-0.178777
-0.169404
-0.160093
-0.151103
-0.14261
-0.134725
-0.127511
-0.120995
-0.115175
-0.110035
-0.105542
-0.10166
-0.0983433
-0.0955475
-0.0932255
-0.0913307
-0.0898172
-0.0886402
-0.0877565
-0.0871239
-0.0867018
-0.0864508
-0.0863327
-0.0863103
-0.0863472
-0.0864077
-0.0864568
-0.0864596
-0.0863818
-0.086189
-0.0858472
-0.085322
-0.084579
-0.0835835
-0.0823007
-0.080695
-0.0787308
-0.0763718
-0.0735809
-0.0703207
-0.0665528
-0.0622381
-0.0573366
-0.0518074
-0.0456085
-0.0386971
-0.0310289
-0.022559
-0.0132415
-0.00302979
0.00812251
0.0202612
0.0334298
0.0476677
0.0630074
0.0794698
0.0970586
0.115752
0.135493
0.156174
0.177619
0.199567
0.221646
0.243355
0.264041
0.282895
0.298947
0.31111
0.31837
0.319704
0.312483
0.295151
-0.209726
-0.225627
-0.232929
-0.233219
-0.229109
-0.221733
-0.21209
-0.20112
-0.189563
-0.177966
-0.166715
-0.156067
-0.146181
-0.137141
-0.128981
-0.121697
-0.115261
-0.109631
-0.104753
-0.100572
-0.0970271
-0.09406
-0.091613
-0.0896305
-0.088059
-0.0868479
-0.0859485
-0.0853149
-0.0849028
-0.0846702
-0.0845765
-0.0845826
-0.0846503
-0.0847429
-0.0848238
-0.0848576
-0.0848089
-0.0846428
-0.0843242
-0.0838184
-0.0830903
-0.0821046
-0.0808259
-0.079218
-0.0772444
-0.074868
-0.072051
-0.0687545
-0.064939
-0.0605637
-0.0555866
-0.0499645
-0.0436526
-0.0366042
-0.0287711
-0.0201027
-0.0105467
-4.83409e-05
0.0114488
0.0240028
0.0376723
0.0525153
0.0685868
0.085935
0.104596
0.124586
0.145891
0.168449
0.192133
0.216725
0.241883
0.26711
0.291716
0.314793
0.335184
0.351512
0.362388
0.366295
0.359731
0.340535
-0.236695
-0.255602
-0.262883
-0.260996
-0.253707
-0.242731
-0.229454
-0.215073
-0.200468
-0.186236
-0.172763
-0.160277
-0.148894
-0.13865
-0.129534
-0.121498
-0.114478
-0.108399
-0.103182
-0.0987493
-0.0950224
-0.0919286
-0.0893984
-0.0873667
-0.0857727
-0.0845595
-0.0836737
-0.0830653
-0.082687
-0.0824942
-0.0824442
-0.0824962
-0.0826108
-0.08275
-0.0828766
-0.082954
-0.0829465
-0.0828183
-0.0825342
-0.0820588
-0.0813566
-0.0803918
-0.0791286
-0.0775302
-0.0755597
-0.0731791
-0.0703497
-0.0670319
-0.0631849
-0.0587664
-0.0537327
-0.0480383
-0.0416356
-0.0344747
-0.026503
-0.0176649
-0.00790147
0.0028501
0.0146565
0.0275884
0.0417205
0.0571307
0.0738987
0.0921037
0.11182
0.133108
0.15601
0.180526
0.2066
0.234083
0.262698
0.291996
0.321282
0.349577
0.375536
0.397446
0.413427
0.421254
0.416096
0.39473
-0.271312
-0.293728
-0.300077
-0.2944
-0.282257
-0.266195
-0.24808
-0.229381
-0.211084
-0.19379
-0.177833
-0.163369
-0.150431
-0.138984
-0.128946
-0.120215
-0.112678
-0.106222
-0.100737
-0.0961204
-0.0922753
-0.0891134
-0.0865533
-0.0845207
-0.0829475
-0.0817709
-0.0809334
-0.0803813
-0.0800646
-0.0799366
-0.079953
-0.0800715
-0.0802519
-0.0804553
-0.0806437
-0.0807802
-0.0808285
-0.0807526
-0.0805169
-0.0800857
-0.0794232
-0.0784936
-0.0772604
-0.0756867
-0.073735
-0.071367
-0.0685432
-0.0652232
-0.0613652
-0.0569257
-0.0518594
-0.0461189
-0.039654
-0.0324119
-0.0243359
-0.0153657
-0.00543604
0.00552369
0.0175901
0.0308466
0.0453842
0.0613012
0.078704
0.0977051
0.118421
0.140968
0.165451
0.191955
0.220516
0.251095
0.283528
0.317466
0.352288
0.387001
0.420113
0.449551
0.472831
0.486737
0.484405
0.460707
-0.317289
-0.343397
-0.346883
-0.334708
-0.315186
-0.291988
-0.267507
-0.243432
-0.220766
-0.200015
-0.18138
-0.164874
-0.150406
-0.137828
-0.126968
-0.117651
-0.109708
-0.102982
-0.0973288
-0.0926197
-0.0887387
-0.085582
-0.0830573
-0.0810816
-0.0795801
-0.0784855
-0.0777362
-0.077276
-0.0770529
-0.0770183
-0.0771269
-0.0773357
-0.0776036
-0.0778913
-0.0781605
-0.0783742
-0.0784958
-0.0784892
-0.0783186
-0.0779484
-0.0773427
-0.0764655
-0.0752802
-0.0737498
-0.0718364
-0.0695015
-0.0667052
-0.0634064
-0.0595625
-0.0551291
-0.0500596
-0.0443049
-0.0378129
-0.0305279
-0.0223901
-0.0133345
-0.00329042
0.0078199
0.0200824
0.0335926
0.048457
0.0647947
0.0827386
0.102436
0.124051
0.147757
0.173738
0.202177
0.233235
0.267024
0.303555
0.342668
0.383919
0.426432
0.468689
0.508297
0.542107
0.565573
0.568786
0.543187
-0.381018
-0.409772
-0.406386
-0.383192
-0.352559
-0.319484
-0.28679
-0.256205
-0.228548
-0.204066
-0.182695
-0.164223
-0.148367
-0.134831
-0.12333
-0.113604
-0.105418
-0.0985692
-0.0928791
-0.088193
-0.0843767
-0.0813133
-0.0789004
-0.077048
-0.0756765
-0.0747148
-0.0740987
-0.0737702
-0.0736759
-0.0737667
-0.0739964
-0.0743218
-0.0747017
-0.0750967
-0.0754685
-0.0757802
-0.0759952
-0.0760777
-0.075992
-0.0757026
-0.0751737
-0.0743693
-0.0732531
-0.071788
-0.0699361
-0.0676585
-0.0649154
-0.0616653
-0.0578651
-0.0534696
-0.0484315
-0.0427003
-0.0362224
-0.02894
-0.0207905
-0.0117055
-0.00160952
0.00958124
0.0219608
0.0356353
0.0507254
0.0673692
0.085725
0.105975
0.128328
0.153023
0.180328
0.210539
0.243969
0.280925
0.321671
0.366345
0.414843
0.466609
0.520402
0.573661
0.622694
0.661356
0.675385
0.650152
-0.474154
-0.500744
-0.482231
-0.440596
-0.393519
-0.347113
-0.304185
-0.266067
-0.233034
-0.204809
-0.180895
-0.160739
-0.143808
-0.129622
-0.117763
-0.107879
-0.0996704
-0.0928886
-0.0873237
-0.0827991
-0.0791658
-0.0762964
-0.0740817
-0.0724271
-0.0712498
-0.0704768
-0.070043
-0.0698895
-0.0699627
-0.0702136
-0.0705961
-0.0710673
-0.0715864
-0.0721142
-0.072613
-0.0730461
-0.0733776
-0.0735718
-0.0735936
-0.0734077
-0.0729787
-0.072271
-0.0712483
-0.0698739
-0.06811
-0.0659179
-0.0632576
-0.0600878
-0.056365
-0.0520439
-0.0470765
-0.0414118
-0.0349951
-0.0277672
-0.0196637
-0.0106138
-0.0005385
0.0106505
0.0230533
0.0367845
0.0519763
0.0687826
0.0873838
0.107993
0.130862
0.15629
0.184632
0.216304
0.251791
0.291636
0.336427
0.386736
0.443011
0.505361
0.573163
0.644424
0.715304
0.778201
0.81334
0.7958
-0.618235
-0.627946
-0.577937
-0.506154
-0.435461
-0.371789
-0.316824
-0.270634
-0.232364
-0.200854
-0.174968
-0.153705
-0.136227
-0.121852
-0.11003
-0.100319
-0.092363
-0.0858767
-0.0806265
-0.0764213
-0.0731026
-0.070538
-0.0686151
-0.067238
-0.0663235
-0.0657987
-0.0655989
-0.0656663
-0.0659482
-0.0663962
-0.0669655
-0.0676139
-0.0683016
-0.0689901
-0.0696427
-0.0702234
-0.0706968
-0.0710282
-0.0711827
-0.0711259
-0.0708229
-0.0702383
-0.0693367
-0.0680814
-0.0664353
-0.0643599
-0.0618155
-0.0587609
-0.0551531
-0.0509466
-0.0460935
-0.0405427
-0.0342391
-0.0271231
-0.0191295
-0.0101862
-0.000212648
0.0108822
0.023202
0.0368666
0.0520158
0.0688145
0.0874592
0.108186
0.131283
0.1571
0.186068
0.218721
0.255713
0.297847
0.346092
0.401575
0.465539
0.539175
0.623239
0.717316
0.818814
0.919854
0.995453
1.0051
-0.853061
-0.807015
-0.695535
-0.576788
-0.473655
-0.388873
-0.32092
-0.267111
-0.224599
-0.190918
-0.1641
-0.142626
-0.125346
-0.111385
-0.100082
-0.0909299
-0.0835359
-0.0775932
-0.0728584
-0.0691356
-0.0662656
-0.0641166
-0.0625782
-0.0615569
-0.060972
-0.0607531
-0.0608379
-0.0611709
-0.0617014
-0.062383
-0.0631724
-0.0640292
-0.0649147
-0.0657921
-0.0666255
-0.0673801
-0.0680216
-0.0685159
-0.0688293
-0.0689279
-0.0687776
-0.0683438
-0.0675915
-0.0664848
-0.0649872
-0.0630607
-0.0606661
-0.0577629
-0.0543084
-0.0502578
-0.0455636
-0.0401751
-0.0340378
-0.0270926
-0.0192745
-0.0105116
-0.000723573
0.0101808
0.022306
0.0357732
0.0507249
0.0673307
0.0857948
0.106366
0.129354
0.155142
0.184218
0.217206
0.25491
0.298374
0.348958
0.408428
0.479033
0.563532
0.665065
0.786591
0.929268
1.08799
1.23794
1.32136
-1.2686
-1.05639
-0.827591
-0.641363
-0.497929
-0.390442
-0.310993
-0.252
-0.207631
-0.173796
-0.147649
-0.127203
-0.11106
-0.098228
-0.0879879
-0.0798109
-0.0733003
-0.0681525
-0.0641314
-0.0610498
-0.0587568
-0.0571287
-0.0560623
-0.0554703
-0.0552776
-0.0554188
-0.0558359
-0.0564767
-0.057294
-0.0582439
-0.0592858
-0.0603813
-0.0614936
-0.0625876
-0.0636289
-0.064584
-0.0654198
-0.0661034
-0.0666022
-0.0668831
-0.0669128
-0.0666579
-0.066084
-0.065156
-0.0638381
-0.0620931
-0.059883
-0.0571676
-0.0539052
-0.050052
-0.0455615
-0.0403842
-0.0344667
-0.0277511
-0.0201744
-0.0116662
-0.00214831
0.00846817
0.0202851
0.0334208
0.0480147
0.0642334
0.0822787
0.102399
0.124904
0.150188
0.178758
0.211282
0.248648
0.292065
0.343206
0.404413
0.479
0.571653
0.688996
0.839839
1.03308
1.27365
1.56091
1.84066
-2.10461
-1.38382
-0.918528
-0.649767
-0.473018
-0.35325
-0.272089
-0.215668
-0.175105
-0.145124
-0.122469
-0.105049
-0.0914802
-0.0808244
-0.0724266
-0.0658159
-0.0606449
-0.056651
-0.053631
-0.0514244
-0.0499019
-0.048957
-0.0485008
-0.0484577
-0.048762
-0.0493562
-0.0501888
-0.0512133
-0.052387
-0.0536701
-0.0550253
-0.0564172
-0.0578115
-0.0591754
-0.0604764
-0.0616829
-0.0627633
-0.0636862
-0.0644201
-0.0649334
-0.0651939
-0.0651691
-0.0648259
-0.0641302
-0.0630472
-0.061541
-0.0595743
-0.0571085
-0.0541031
-0.0505159
-0.0463019
-0.0414136
-0.0357998
-0.0294056
-0.0221706
-0.0140287
-0.00490601
0.00528053
0.0166259
0.0292398
0.0432512
0.0588133
0.0761116
0.0953739
0.116885
0.141009
0.168215
0.19913
0.234603
0.275819
0.32448
0.383105
0.455545
0.547896
0.67023
0.838846
1.07629
1.41942
1.97498
2.80761
-3.5594
-1.70835
-0.856552
-0.526606
-0.356083
-0.254256
-0.191712
-0.151029
-0.12272
-0.102055
-0.0864993
-0.0745501
-0.0652634
-0.058015
-0.052372
-0.048022
-0.0447321
-0.0423233
-0.0406547
-0.0396126
-0.0391038
-0.0390496
-0.0393832
-0.0400462
-0.0409869
-0.0421592
-0.0435209
-0.0450331
-0.0466595
-0.0483657
-0.0501191
-0.051888
-0.0536416
-0.05535
-0.0569833
-0.0585121
-0.0599069
-0.0611383
-0.0621763
-0.0629908
-0.0635514
-0.0638268
-0.0637852
-0.0633941
-0.0626199
-0.0614282
-0.0597834
-0.0576484
-0.0549847
-0.051752
-0.0479081
-0.043408
-0.0382041
-0.0322454
-0.0254765
-0.0178372
-0.00926121
0.00032555
0.0110064
0.0228765
0.036046
0.0506443
0.0668256
0.0847768
0.104728
0.12697
0.151874
0.179927
0.211786
0.248362
0.29097
0.341595
0.403409
0.4819
0.587517
0.740746
0.980455
1.40734
2.37715
4.35155
)
;

boundaryField
{
    movingWall
    {
        type            zeroGradient;
    }
    fixedWalls
    {
        type            zeroGradient;
    }
    frontAndBack
    {
        type            empty;
    }
}


// ************************************************************************* //
